dxf,0,243.431490,66.113755
dzb,0,922.350129,264.821913
dyb,0,259.459756,73.293279
cvx,0,280.420572,81.026130
dyf,0,258.968538,73.327687
dzb2,0,923.506363,264.441048
dxb,0,242.753060,66.350926
cvy,0,1564.234970,359.774533
dzf,0,921.213599,265.429402
dxb2,0,243.355469,66.663132
dyb2,0,258.962182,73.249941
cvz,0,325.205691,94.366584
dzb3,0,921.794394,266.028557
dxb3,0,243.399021,66.746095
dyb3,0,258.966451,73.359342
csxxsyyszz,0,532.499690,152.387895
dyf2,0,258.847192,73.406697
dxf2,0,243.348166,66.665725
csxy,0,233.291459,67.519634
dzf2,0,921.248631,265.551782
dyf3,0,259.395351,73.399441
csyz,0,277.782813,80.732993
dxf3,0,242.589529,66.718208
dzf3,0,922.513644,266.423231
csxz,0,278.028997,80.791625
dxf,1,243.207995,66.858373
dzb,1,923.181720,266.453317
dyb,1,259.369440,73.473100
cvx,1,278.750202,80.934124
dyf,1,259.440945,73.660973
dzb2,1,922.801166,266.706258
dxb,1,242.606414,66.649026
cvy,1,278.744228,80.851255
dzf,1,920.924990,266.436977
dxb2,1,243.157657,66.764764
dyb2,1,258.986853,73.405588
cvz,1,324.420979,94.175129
dzb3,1,921.783641,266.200348
dxb3,1,243.164060,66.774710
dyb3,1,259.600612,73.598512
csxxsyyszz,1,541.011487,154.600131
dyf2,1,259.567542,73.663974
dxf2,1,243.259896,66.753617
csxy,1,233.116429,67.591983
dzf2,1,920.966144,266.207155
dyf3,1,259.801453,73.709329
csyz,1,277.879153,80.876402
dxf3,1,243.682043,66.965440
dzf3,1,922.171255,266.690373
csxz,1,277.913071,80.869713
dxf,2,242.562748,66.784656
dzb,2,921.861130,266.295386
dyb,2,259.543847,73.617224
cvx,2,278.989103,81.085690
dyf,2,258.953553,73.600574
dzb2,2,922.784901,265.904856
dxb,2,242.708137,66.588940
cvy,2,278.826712,80.892108
dzf,2,921.101146,266.572079
dxb2,2,243.199156,66.820952
dyb2,2,259.134367,73.465956
cvz,2,324.234440,94.193708
dzb3,2,921.851331,266.030257
dxb3,2,243.030601,66.653497
dyb3,2,259.123244,73.451882
csxxsyyszz,2,540.085095,154.411769
dyf2,2,258.876291,73.536422
dxf2,2,243.311833,66.755579
csxy,2,233.271375,67.664455
dzf2,2,923.449337,266.843532
dyf3,2,259.134412,73.495010
csyz,2,277.799648,80.871558
dxf3,2,243.126035,66.925525
dzf3,2,921.146576,265.943517
csxz,2,277.966308,80.833771
dxf,3,242.712143,66.857620
dzb,3,921.970207,265.205397
dyb,3,259.350751,73.510534
cvx,3,279.132338,81.159712
dyf,3,258.915571,73.747368
dzb2,3,922.805158,267.558310
dxb,3,242.685247,66.938856
cvy,3,278.757585,81.062206
dzf,3,921.250313,266.107962
dxb2,3,242.965699,66.645664
dyb2,3,258.984336,73.521542
cvz,3,324.461025,94.284166
dzb3,3,921.658651,266.686867
dxb3,3,243.110943,66.818793
dyb3,3,258.976855,73.507341
csxxsyyszz,3,533.752415,153.133813
dyf2,3,258.880024,73.525534
dxf2,3,243.076417,66.782888
csxy,3,233.332631,67.695007
dzf2,3,922.610675,265.475099
dyf3,3,259.188936,73.515688
csyz,3,277.798777,80.909514
dxf3,3,242.556746,66.802388
dzf3,3,920.985958,266.570988
csxz,3,277.921871,80.953459
dxf,4,242.686151,66.864882
dzb,4,922.106944,266.578216
dyb,4,259.244500,73.470113
cvx,4,279.019081,81.043374
dyf,4,259.374662,73.702774
dzb2,4,922.342611,266.897022
dxb,4,242.895311,66.816865
cvy,4,278.621828,80.913145
dzf,4,921.039559,266.842017
dxb2,4,243.206574,66.877339
dyb2,4,259.038465,73.510723
cvz,4,324.653248,94.363925
dzb3,4,921.642379,266.525139
dxb3,4,243.142675,66.797122
dyb3,4,259.264583,73.490084
csxxsyyszz,4,540.498778,154.661303
dyf2,4,259.604851,73.765697
dxf2,4,243.180083,66.963232
csxy,4,233.162836,67.788992
dzf2,4,921.445326,266.505716
dyf3,4,259.266623,73.636562
csyz,4,277.762986,81.080781
dxf3,4,242.498258,66.944674
dzf3,4,920.774844,266.797500
csxz,4,277.827850,81.084081
#========================= OptEWE [OpenMP] =========================
#Source type                                  :  Force monopole
#Grid Size                                    :  1024 x 1024 x 1024
#Iterations                                   :  5
#Compute time                                 :  55.055683
#Total effective MLUPS                        :  97.514167
#===================================================================
#Number of threads                            :  19
