dxf,0,51.880259,8.665961
dzb,0,186.423639,32.284012
dyb,0,55.132958,9.167788
cvx,0,81.259250,13.324069
dyf,0,55.678436,9.488167
dzb2,0,184.881083,34.473239
dxb,0,52.915811,9.494591
cvy,0,255.952689,41.460849
dzf,0,185.586448,33.237713
dxb2,0,53.390007,8.898172
dyb2,0,55.131376,9.195333
cvz,0,81.572664,13.628531
dzb3,0,186.547954,32.355898
dxb3,0,53.180103,8.849652
dyb3,0,55.144424,9.189891
csxxsyyszz,0,217.839457,34.589473
dyf2,0,55.268513,9.191420
dxf2,0,51.633523,8.644840
csxy,0,49.170790,8.479189
dzf2,0,186.904195,32.399916
dyf3,0,55.116514,9.184877
csyz,0,55.535661,9.586721
dxf3,0,51.307797,8.590062
dzf3,0,186.876119,32.394800
csxz,0,54.807078,9.484683
dxf,1,51.332287,8.609175
dzb,1,186.383401,32.359578
dyb,1,55.084300,9.174676
cvx,1,81.403120,13.356609
dyf,1,54.963246,9.183892
dzb2,1,186.660522,32.403099
dxb,1,53.326196,9.098418
cvy,1,79.036082,13.085594
dzf,1,185.890537,32.356012
dxb2,1,53.037868,8.866726
dyb2,1,55.231207,9.293619
cvz,1,81.632245,13.709914
dzb3,1,186.458210,32.420668
dxb3,1,53.427422,8.940593
dyb3,1,55.269422,9.237266
csxxsyyszz,1,216.467050,34.375066
dyf2,1,55.009196,9.200288
dxf2,1,51.605083,8.640078
csxy,1,49.208973,8.486497
dzf2,1,186.863056,32.415148
dyf3,1,55.199955,9.196361
csyz,1,55.755268,9.618150
dxf3,1,51.221247,8.580163
dzf3,1,186.536448,32.383669
csxz,1,54.914944,9.512788
dxf,2,51.415343,8.622256
dzb,2,186.889276,32.402673
dyb,2,56.605981,9.399032
cvx,2,81.157833,13.304262
dyf,2,55.031782,9.170515
dzb2,2,186.232787,32.276717
dxb,2,53.450394,8.891716
cvy,2,78.937639,12.980924
dzf,2,186.172777,32.244901
dxb2,2,53.258321,8.861700
dyb2,2,55.668866,9.271430
cvz,2,81.832438,13.663675
dzb3,2,186.719783,32.344732
dxb3,2,53.371516,8.878837
dyb3,2,55.422488,9.231004
csxxsyyszz,2,218.120381,34.597981
dyf2,2,55.422365,9.230984
dxf2,2,51.595334,8.647451
csxy,2,49.245965,8.487928
dzf2,2,187.165044,32.383142
dyf3,2,55.277959,9.234813
csyz,2,55.774243,9.683803
dxf3,2,51.241412,8.594901
dzf3,2,186.607691,32.444178
csxz,2,55.324869,9.609905
dxf,3,51.514299,8.655374
dzb,3,186.407913,32.417748
dyb,3,55.006661,9.236173
cvx,3,81.174468,13.408212
dyf,3,55.211318,9.237846
dzb2,3,186.514972,32.453852
dxb,3,53.500625,8.958679
cvy,3,79.121530,13.036249
dzf,3,185.987427,32.310715
dxb2,3,53.222701,8.893634
dyb2,3,55.299849,9.232043
cvz,3,81.697075,13.662851
dzb3,3,186.243010,32.356007
dxb3,3,53.500991,8.911806
dyb3,3,55.540202,9.251097
csxxsyyszz,3,218.068081,34.634786
dyf2,3,55.064147,9.193901
dxf2,3,51.979858,8.716556
csxy,3,49.136307,8.501424
dzf2,3,188.322492,32.709881
dyf3,3,55.137047,9.221671
csyz,3,55.714546,9.639594
dxf3,3,51.319433,8.623722
dzf3,3,186.528508,32.460796
csxz,3,54.826379,9.523146
dxf,4,51.393700,8.648929
dzb,4,186.381819,32.472570
dyb,4,55.277960,9.244996
cvx,4,81.291032,13.372374
dyf,4,55.068393,9.242312
dzb2,4,186.411404,32.333578
dxb,4,53.427854,8.914923
cvy,4,78.902268,13.062024
dzf,4,186.018960,32.273547
dxb2,4,53.299271,8.900372
dyb2,4,55.283592,9.297100
cvz,4,81.760395,13.666545
dzb3,4,186.611990,32.372092
dxb3,4,53.165590,8.914057
dyb3,4,55.525574,9.269848
csxxsyyszz,4,218.144065,34.748861
dyf2,4,55.214813,9.251750
dxf2,4,51.830273,8.703818
csxy,4,49.123090,8.499619
dzf2,4,186.701159,32.472470
dyf3,4,55.256547,9.264317
csyz,4,55.637328,9.622817
dxf3,4,51.383317,8.629852
dzf3,4,187.057238,32.530762
csxz,4,55.282801,9.595149
#========================= OptEWE [OpenMP] =========================
#Source type                                  :  Force monopole
#Grid Size                                    :  512 x 512 x 512
#Iterations                                   :  5
#Compute time                                 :  12.100904
#Total effective MLUPS                        :  55.457726
#===================================================================
#Number of threads                            :  6
