dxf,0,201.448571,28.615000
dzb,0,867.826026,123.238782
dyb,0,209.270242,30.062141
cvx,0,252.501891,36.387733
dyf,0,209.079008,29.994167
dzb2,0,867.818080,122.063878
dxb,0,201.480381,28.689242
cvy,0,1131.183671,144.559753
dzf,0,866.462563,121.878737
dxb2,0,200.612491,28.584424
dyb2,0,209.686893,30.074044
cvz,0,293.689232,42.326466
dzb3,0,867.335201,122.072062
dxb3,0,202.947998,28.892855
dyb3,0,224.112297,32.033183
csxxsyyszz,0,560.907746,79.768166
dyf2,0,209.162176,30.043023
dxf2,0,214.837537,30.533411
csxy,0,173.042284,25.936566
dzf2,0,1891.002525,246.971866
dyf3,0,209.075276,30.036239
csyz,0,255.525678,36.883565
dxf3,0,200.618154,28.601742
dzf3,0,866.825309,122.167939
csxz,0,253.436277,36.659929
dxf,1,200.657198,28.621712
dzb,1,867.835652,122.931688
dyb,1,208.880451,30.016369
cvx,1,252.582542,36.518686
dyf,1,210.150932,30.198044
dzb2,1,867.558059,122.936168
dxb,1,201.410206,28.723153
cvy,1,238.255983,34.828184
dzf,1,866.251273,122.255446
dxb2,1,200.558362,28.617667
dyb2,1,209.226068,30.031253
cvz,1,293.536237,42.358397
dzb3,1,867.287382,122.495732
dxb3,1,203.195616,28.916966
dyb3,1,224.125489,32.011516
csxxsyyszz,1,560.747156,79.762539
dyf2,1,209.022118,30.058445
dxf2,1,214.793931,30.517394
csxy,1,172.832694,25.892497
dzf2,1,1889.549157,247.024072
dyf3,1,208.998266,30.015012
csyz,1,255.129214,36.864930
dxf3,1,200.547462,28.612016
dzf3,1,866.592514,122.491925
csxz,1,253.445361,36.659255
dxf,2,200.533763,28.614157
dzb,2,868.932053,123.181977
dyb,2,208.885200,30.002504
cvx,2,252.690995,36.540211
dyf,2,209.025030,30.059854
dzb2,2,867.737340,122.376175
dxb,2,201.560619,28.755278
cvy,2,238.113587,34.852635
dzf,2,866.450021,123.813509
dxb2,2,200.544381,28.928899
dyb2,2,209.188311,30.374316
cvz,2,293.921148,42.632763
dzb3,2,867.463234,122.920860
dxb3,2,202.874182,28.904474
dyb3,2,223.910823,32.002080
csxxsyyszz,2,551.199982,78.559825
dyf2,2,209.076591,30.040391
dxf2,2,214.994575,30.552495
csxy,2,172.971915,25.926402
dzf2,2,1888.280872,247.000120
dyf3,2,209.030973,30.019844
csyz,2,255.564028,36.898672
dxf3,2,200.624209,28.622469
dzf3,2,866.526335,122.769333
csxz,2,253.832764,36.715166
dxf,3,201.697357,28.765098
dzb,3,867.694201,122.289587
dyb,3,208.940383,29.994013
cvx,3,252.676353,36.499795
dyf,3,208.728858,30.015458
dzb2,3,867.688365,122.629749
dxb,3,201.676496,28.754299
cvy,3,238.129002,34.826118
dzf,3,866.161558,121.960758
dxb2,3,200.342042,28.586304
dyb2,3,209.142924,30.034311
cvz,3,293.475644,42.356742
dzb3,3,867.285096,122.281207
dxb3,3,203.073031,28.915246
dyb3,3,224.067942,32.020523
csxxsyyszz,3,550.326243,78.494765
dyf2,3,209.037523,30.044685
dxf2,3,214.996843,30.579692
csxy,3,173.072786,25.951522
dzf2,3,1890.335876,247.077733
dyf3,3,208.829249,29.991981
csyz,3,255.607612,36.921002
dxf3,3,200.590909,28.622063
dzf3,3,867.944414,122.434718
csxz,3,253.601481,36.691907
dxf,4,200.484665,28.616828
dzb,4,867.487342,122.703910
dyb,4,209.170367,30.039615
cvx,4,252.635836,36.507991
dyf,4,209.004650,30.060514
dzb2,4,867.475676,123.088456
dxb,4,201.443701,28.730039
cvy,4,237.846206,34.802422
dzf,4,866.161660,122.389987
dxb2,4,200.673012,28.654392
dyb2,4,209.246536,30.052909
cvz,4,293.473899,42.363702
dzb3,4,867.165945,122.659821
dxb3,4,203.064810,28.932525
dyb3,4,224.229861,32.058048
csxxsyyszz,4,560.475131,79.810859
dyf2,4,208.869816,30.024414
dxf2,4,214.849447,30.600628
csxy,4,173.793834,26.117612
dzf2,4,1886.690235,247.371890
dyf3,4,209.020944,30.044779
csyz,4,256.889949,37.096202
dxf3,4,200.644492,28.622259
dzf3,4,866.694656,122.548674
csxz,4,253.644545,36.689255
#========================= OptEWE [OpenMP] =========================
#Source type                                  :  Force monopole
#Grid Size                                    :  768 x 768 x 768
#Iterations                                   :  5
#Compute time                                 :  54.593887
#Total effective MLUPS                        :  41.486772
#===================================================================
#Number of threads                            :  13
