dxf,0,140.902616,28.213515
dzb,0,525.238513,109.241884
dyb,0,143.813706,29.206331
cvx,0,163.181109,34.192870
dyf,0,143.249018,29.188592
dzb2,0,524.848050,109.418967
dxb,0,141.351371,28.423486
cvy,0,644.467478,116.879561
dzf,0,523.584049,109.199060
dxb2,0,141.054437,28.413591
dyb2,0,144.325214,29.373640
cvz,0,189.320029,39.718300
dzb3,0,524.623635,109.507576
dxb3,0,141.388795,28.498493
dyb3,0,150.172556,30.623468
csxxsyyszz,0,314.280506,65.256467
dyf2,0,143.621089,29.303778
dxf2,0,145.777321,29.435242
csxy,0,114.969514,25.113157
dzf2,0,1256.087559,229.112661
dyf3,0,143.681909,29.270605
csyz,0,168.928351,35.224790
dxf3,0,140.446128,28.327464
dzf3,0,524.843539,109.574681
csxz,0,168.142721,35.578504
dxf,1,140.541027,28.777012
dzb,1,525.064530,111.145298
dyb,1,143.959811,29.755375
cvx,1,163.263744,34.390517
dyf,1,143.397702,29.332494
dzb2,1,526.146047,109.933754
dxb,1,141.369256,28.541636
cvy,1,142.098794,30.734537
dzf,1,523.625427,109.497554
dxb2,1,140.943626,28.448031
dyb2,1,144.284686,29.431728
cvz,1,189.400054,39.811320
dzb3,1,524.286199,109.639729
dxb3,1,141.470340,28.555738
dyb3,1,150.467597,30.704051
csxxsyyszz,1,314.194312,65.313762
dyf2,1,143.743988,29.354380
dxf2,1,145.990456,29.508320
csxy,1,115.147128,25.155341
dzf2,1,1254.672772,230.026416
dyf3,1,143.682616,29.268396
csyz,1,168.906508,35.244329
dxf3,1,140.590428,28.362757
dzf3,1,524.675384,109.582092
csxz,1,168.148686,35.151605
dxf,2,140.595291,28.413119
dzb,2,525.183943,109.600131
dyb,2,143.785684,29.296704
cvx,2,163.120463,34.295829
dyf,2,143.391790,29.318181
dzb2,2,524.788293,109.708561
dxb,2,141.535143,28.544569
cvy,2,142.232179,30.765733
dzf,2,523.684095,109.565183
dxb2,2,140.960970,28.461583
dyb2,2,144.064025,29.399298
cvz,2,189.311270,39.796994
dzb3,2,524.393083,109.660834
dxb3,2,141.525129,28.569395
dyb3,2,150.500636,30.720694
csxxsyyszz,2,314.070055,65.320234
dyf2,2,143.429242,29.340058
dxf2,2,145.798753,29.481102
csxy,2,115.175578,25.156880
dzf2,2,1254.750510,229.744338
dyf3,2,143.507269,29.274245
csyz,2,168.895181,35.254136
dxf3,2,140.462545,28.401130
dzf3,2,524.625918,109.310071
csxz,2,167.900674,35.094593
dxf,3,140.612796,28.410468
dzb,3,525.179596,109.556995
dyb,3,143.803138,29.324806
cvx,3,163.164856,34.315670
dyf,3,143.296117,29.333456
dzb2,3,525.045243,109.387993
dxb,3,141.356000,28.507575
cvy,3,142.324962,30.792474
dzf,3,523.518661,109.115122
dxb2,3,140.841866,28.450924
dyb2,3,144.479740,29.465455
cvz,3,189.377749,39.813820
dzb3,3,524.493701,109.280030
dxb3,3,141.483808,28.586902
dyb3,3,150.446961,30.743266
csxxsyyszz,3,314.037097,65.322323
dyf2,3,143.444584,29.348019
dxf2,3,145.978447,29.732557
csxy,3,115.125017,25.129724
dzf2,3,1255.264023,229.345943
dyf3,3,143.438877,29.285024
csyz,3,168.870452,35.222154
dxf3,3,140.581293,28.352622
dzf3,3,524.772619,109.583569
csxz,3,168.087812,35.143329
dxf,4,140.554880,28.368082
dzb,4,525.008708,109.667044
dyb,4,143.718414,29.310131
cvx,4,165.185256,34.650203
dyf,4,143.334861,29.298633
dzb2,4,525.076044,109.667285
dxb,4,141.519372,28.553264
cvy,4,142.145938,30.727089
dzf,4,523.756731,109.484483
dxb2,4,140.802213,28.431139
dyb2,4,144.310762,29.446684
cvz,4,189.085170,39.738203
dzb3,4,524.342911,109.597759
dxb3,4,141.375253,28.531601
dyb3,4,150.210718,30.661762
csxxsyyszz,4,314.183419,65.250600
dyf2,4,143.387741,29.297823
dxf2,4,146.168219,29.631779
csxy,4,115.025731,25.113705
dzf2,4,1256.499137,229.196099
dyf3,4,143.390847,29.271510
csyz,4,168.985900,35.249215
dxf3,4,140.413620,28.326964
dzf3,4,524.917072,109.633568
csxz,4,168.086261,35.168379
#========================= OptEWE [OpenMP] =========================
#Source type                                  :  Force monopole
#Grid Size                                    :  768 x 768 x 768
#Iterations                                   :  5
#Compute time                                 :  34.801044
#Total effective MLUPS                        :  65.082074
#===================================================================
#Number of threads                            :  14
