dxf,0,298.247051,37.298030
dzb,0,1129.320024,142.419009
dyb,0,383.832490,47.234450
cvx,0,481.235981,60.024473
dyf,0,385.283587,47.451978
dzb2,0,1129.518146,142.451984
dxb,0,308.655641,38.457123
cvy,0,1583.235875,184.129828
dzf,0,1130.552938,142.667762
dxb2,0,307.804734,38.370997
dyb2,0,385.251468,48.033615
cvz,0,494.904574,64.478157
dzb3,0,1130.118522,143.747054
dxb3,0,307.912872,38.701857
dyb3,0,388.221195,48.369124
csxxsyyszz,0,1331.941161,162.409137
dyf2,0,384.935505,47.505253
dxf2,0,302.699943,38.443016
csxy,0,256.203914,34.043715
dzf2,0,1710.558904,213.069864
dyf3,0,384.828712,47.397362
csyz,0,361.157501,47.134659
dxf3,0,296.179768,37.087446
dzf3,0,1129.979537,142.520664
csxz,0,356.115213,46.606702
dxf,1,297.752888,37.294046
dzb,1,1129.022069,142.462666
dyb,1,383.581261,47.267173
cvx,1,481.133106,60.059207
dyf,1,385.133099,47.489547
dzb2,1,1130.523266,142.873869
dxb,1,308.724865,38.571685
cvy,1,483.610131,61.040696
dzf,1,1130.695586,142.692006
dxb2,1,307.625749,38.414640
dyb2,1,384.550985,47.431150
cvz,1,495.125520,63.447295
dzb3,1,1130.425549,142.641576
dxb3,1,308.253355,38.461566
dyb3,1,388.025422,48.236409
csxxsyyszz,1,1330.071581,161.681954
dyf2,1,384.967511,47.445375
dxf2,1,302.936145,38.335248
csxy,1,256.242866,34.042187
dzf2,1,1711.225524,213.486867
dyf3,1,384.668623,47.481660
csyz,1,359.909235,47.047538
dxf3,1,296.361091,37.193316
dzf3,1,1129.883869,142.680552
csxz,1,356.054137,46.595476
dxf,2,298.199183,37.321366
dzb,2,1128.327538,144.507800
dyb,2,383.782952,47.340000
cvx,2,481.351066,60.134499
dyf,2,385.116154,47.556495
dzb2,2,1132.682487,142.940231
dxb,2,308.820499,38.489120
cvy,2,483.381766,60.999414
dzf,2,1130.501072,142.588688
dxb2,2,308.123369,38.400495
dyb2,2,384.120734,47.343501
cvz,2,494.912014,63.415839
dzb3,2,1130.844500,142.534479
dxb3,2,308.166562,38.361766
dyb3,2,388.679938,48.232563
csxxsyyszz,2,1327.534625,161.298574
dyf2,2,384.625596,47.398004
dxf2,2,302.582265,38.295069
csxy,2,256.244249,34.038025
dzf2,2,1712.549747,213.441244
dyf3,2,384.302408,47.413308
csyz,2,359.944021,47.111412
dxf3,2,295.336621,37.087989
dzf3,2,1128.951430,142.703578
csxz,2,355.903639,46.658268
dxf,3,297.146239,37.286386
dzb,3,1128.817230,142.717458
dyb,3,382.694385,47.218780
cvx,3,481.331154,60.194670
dyf,3,384.466619,47.495197
dzb2,3,1128.630452,142.664878
dxb,3,307.930715,38.487477
cvy,3,481.995814,60.935421
dzf,3,1129.728615,142.759336
dxb2,3,308.109579,38.393310
dyb2,3,384.024236,47.249157
cvz,3,495.115357,63.412246
dzb3,3,1130.454480,142.450243
dxb3,3,308.294655,38.368761
dyb3,3,387.985887,48.134934
csxxsyyszz,3,1329.119719,161.409902
dyf2,3,385.731757,47.786382
dxf2,3,302.915666,39.424000
csxy,3,256.445676,34.986942
dzf2,3,1711.040827,214.492896
dyf3,3,385.040719,47.446815
csyz,3,360.251321,47.052354
dxf3,3,296.391190,37.108823
dzf3,3,1131.399248,142.815934
csxz,3,355.844258,46.590927
dxf,4,297.943245,37.328103
dzb,4,1129.076836,142.547070
dyb,4,383.568597,47.264492
cvx,4,482.808039,60.253120
dyf,4,385.330409,47.516242
dzb2,4,1128.928420,142.439667
dxb,4,308.914843,38.504366
cvy,4,483.176464,60.998661
dzf,4,1130.254172,142.601105
dxb2,4,307.684857,38.365886
dyb2,4,383.830234,47.324148
cvz,4,495.026743,63.456799
dzb3,4,1130.777723,142.740705
dxb3,4,308.146778,38.438452
dyb3,4,388.005789,48.279733
csxxsyyszz,4,1329.965414,161.708577
dyf2,4,385.025695,47.472448
dxf2,4,302.873527,38.329067
csxy,4,256.442358,34.065335
dzf2,4,1712.432899,213.239977
dyf3,4,385.018441,47.435365
csyz,4,360.046142,47.027296
dxf3,4,296.211342,37.101091
dzf3,4,1129.859905,142.640813
csxz,4,355.781633,46.624855
#========================= OptEWE [OpenMP] =========================
#Source type                                  :  Force monopole
#Grid Size                                    :  768 x 768 x 768
#Iterations                                   :  5
#Compute time                                 :  77.378860
#Total effective MLUPS                        :  29.270580
#===================================================================
#Number of threads                            :  5
