dxf,0,138.271998,25.397232
dzb,0,586.635404,108.997204
dyb,0,137.626239,25.846628
cvx,0,169.504235,32.035928
dyf,0,137.731319,25.919745
dzb2,0,586.496365,108.904667
dxb,0,136.228696,25.191573
cvy,0,1012.492205,163.695846
dzf,0,585.065168,108.978601
dxb2,0,136.257582,25.250109
dyb2,0,137.840574,25.921836
cvz,0,199.378943,37.657077
dzb3,0,586.285467,109.137461
dxb3,0,136.280563,25.213879
dyb3,0,137.708942,25.921231
csxxsyyszz,0,303.798249,57.910917
dyf2,0,137.644037,25.938969
dxf2,0,136.354689,25.290459
csxy,0,138.969805,26.380191
dzf2,0,584.963052,109.064786
dyf3,0,137.886927,25.981145
csyz,0,168.499167,31.832341
dxf3,0,136.097667,25.224543
dzf3,0,585.238605,109.018259
csxz,0,168.407193,31.833169
dxf,1,136.170785,25.240315
dzb,1,586.356484,109.303253
dyb,1,137.353446,25.874572
cvx,1,169.675971,32.145161
dyf,1,137.563289,25.949978
dzb2,1,586.499983,109.378503
dxb,1,136.151170,25.272444
cvy,1,169.559980,32.098026
dzf,1,585.950109,108.899124
dxb2,1,136.311835,25.273745
dyb2,1,137.649549,25.924782
cvz,1,199.430423,37.705000
dzb3,1,586.064900,109.336858
dxb3,1,136.252728,25.281792
dyb3,1,137.654993,25.937691
csxxsyyszz,1,303.976477,57.987000
dyf2,1,137.673940,25.977784
dxf2,1,136.416103,25.329034
csxy,1,138.878196,26.391692
dzf2,1,585.224846,108.020341
dyf3,1,137.690429,25.931986
csyz,1,168.516300,31.848093
dxf3,1,136.142308,25.253041
dzf3,1,585.286533,109.237198
csxz,1,168.311997,31.857376
dxf,2,136.210937,25.270953
dzb,2,586.617889,109.436657
dyb,2,137.363786,25.889614
cvx,2,169.779604,32.171745
dyf,2,137.896272,26.017876
dzb2,2,586.422927,109.426465
dxb,2,136.172160,25.244764
cvy,2,169.535185,32.104362
dzf,2,585.077170,109.172083
dxb2,2,136.276212,25.276027
dyb2,2,137.718105,25.951440
cvz,2,199.289480,37.662984
dzb3,2,586.402379,109.474490
dxb3,2,136.132467,25.254915
dyb3,2,137.863364,25.964927
csxxsyyszz,2,305.760523,58.263563
dyf2,2,137.744961,25.981275
dxf2,2,136.477669,25.318832
csxy,2,138.914269,26.391478
dzf2,2,585.087972,109.161515
dyf3,2,137.583080,25.949133
csyz,2,168.515712,31.855292
dxf3,2,136.075574,25.248181
dzf3,2,586.223122,109.402267
csxz,2,168.430416,31.866786
dxf,3,136.160359,25.277849
dzb,3,586.681954,108.482404
dyb,3,137.433469,25.881119
cvx,3,169.693898,32.146945
dyf,3,137.601537,25.987386
dzb2,3,586.363371,108.987796
dxb,3,136.189355,25.287920
cvy,3,169.581379,32.122778
dzf,3,584.971669,109.190799
dxb2,3,136.286477,25.285215
dyb2,3,137.655741,25.957638
cvz,3,199.329379,37.699779
dzb3,3,586.306797,108.846408
dxb3,3,136.275833,25.259169
dyb3,3,137.802809,25.957984
csxxsyyszz,3,302.608773,57.768411
dyf2,3,137.709832,25.977993
dxf2,3,136.372366,25.301520
csxy,3,138.908272,26.394059
dzf2,3,585.113152,109.208950
dyf3,3,137.657393,25.947180
csyz,3,168.522890,31.869041
dxf3,3,136.086195,25.247440
dzf3,3,585.354822,108.681790
csxz,3,168.396385,31.809705
dxf,4,136.114353,25.254637
dzb,4,586.491500,109.432030
dyb,4,137.372765,25.916879
cvx,4,169.536586,32.134618
dyf,4,137.611387,25.959793
dzb2,4,586.566524,109.489672
dxb,4,136.324234,25.321608
cvy,4,169.458038,32.095574
dzf,4,585.072595,108.408866
dxb2,4,136.312729,25.251562
dyb2,4,137.820176,25.973277
cvz,4,200.683737,37.935683
dzb3,4,586.384649,109.436151
dxb3,4,136.223553,25.293776
dyb3,4,137.706655,25.938757
csxxsyyszz,4,304.916243,58.131508
dyf2,4,137.560159,25.942583
dxf2,4,136.502382,25.336276
csxy,4,138.915567,26.399911
dzf2,4,585.076967,108.803506
dyf3,4,137.664889,25.982390
csyz,4,168.514782,31.852886
dxf3,4,136.099488,25.264700
dzf3,4,585.226504,109.269736
csxz,4,168.349690,31.902517
#========================= OptEWE [OpenMP] =========================
#Source type                                  :  Force monopole
#Grid Size                                    :  768 x 768 x 768
#Iterations                                   :  5
#Compute time                                 :  33.232109
#Total effective MLUPS                        :  68.154692
#===================================================================
#Number of threads                            :  18
