dxf,0,131.719139,27.494636
dzb,0,490.646803,106.383343
dyb,0,135.049091,28.622644
cvx,0,153.223773,33.440840
dyf,0,134.093842,28.582200
dzb2,0,490.468432,106.592644
dxb,0,132.468834,27.782866
cvy,0,638.472363,120.040657
dzf,0,489.609025,106.587558
dxb2,0,131.238684,27.630059
dyb2,0,135.057662,28.748304
cvz,0,177.543560,38.866541
dzb3,0,490.110421,106.760018
dxb3,0,131.246711,27.652966
dyb3,0,139.155231,29.675222
csxxsyyszz,0,298.502842,64.441538
dyf2,0,134.172734,28.664869
dxf2,0,135.358354,28.549126
csxy,0,125.762772,27.572621
dzf2,0,1132.478919,215.008457
dyf3,0,134.108298,28.535484
csyz,0,150.451783,32.839441
dxf3,0,131.317266,27.589461
dzf3,0,490.380084,106.616676
csxz,0,150.563762,32.943994
dxf,1,131.236661,27.619643
dzb,1,490.615574,106.798507
dyb,1,134.879654,28.683620
cvx,1,153.232804,33.531785
dyf,1,133.913645,28.634332
dzb2,1,490.431119,106.875604
dxb,1,132.753587,27.935218
cvy,1,139.544184,31.176743
dzf,1,489.724546,106.266483
dxb2,1,131.144383,27.642376
dyb2,1,135.179714,28.775147
cvz,1,177.388690,38.829541
dzb3,1,490.224905,106.686811
dxb3,1,131.135070,27.584951
dyb3,1,139.251055,29.678621
csxxsyyszz,1,298.397987,64.400252
dyf2,1,133.838675,28.581992
dxf2,1,135.382653,28.540169
csxy,1,125.861021,27.593170
dzf2,1,1134.263845,213.344066
dyf3,1,134.010642,28.541803
csyz,1,150.450752,32.827834
dxf3,1,131.405757,27.619909
dzf3,1,489.991216,106.687227
csxz,1,151.064891,33.056058
dxf,2,131.212549,27.627270
dzb,2,490.595417,106.824656
dyb,2,135.193739,28.751612
cvx,2,153.274053,33.546003
dyf,2,133.973992,28.620193
dzb2,2,490.486493,106.796079
dxb,2,132.732734,27.902228
cvy,2,139.557605,31.161926
dzf,2,489.523815,106.372725
dxb2,2,131.291546,27.621939
dyb2,2,135.022299,28.741146
cvz,2,177.421215,38.866148
dzb3,2,491.125952,106.943420
dxb3,2,131.337806,27.649076
dyb3,2,139.442259,29.713068
csxxsyyszz,2,298.589948,64.473531
dyf2,2,134.205443,28.642870
dxf2,2,135.161565,28.523406
csxy,2,125.872750,27.591405
dzf2,2,1133.253990,213.404576
dyf3,2,133.943915,28.505993
csyz,2,151.646554,33.257550
dxf3,2,131.244371,28.370863
dzf3,2,490.039896,107.980214
csxz,2,150.440005,33.066737
dxf,3,131.094559,27.715656
dzb,3,490.467664,106.917587
dyb,3,134.810386,28.705814
cvx,3,153.176497,33.542440
dyf,3,133.943755,28.636430
dzb2,3,490.445894,106.509369
dxb,3,132.619627,27.841214
cvy,3,139.309584,31.106915
dzf,3,489.729516,106.659046
dxb2,3,131.365769,27.649037
dyb2,3,134.908259,28.732358
cvz,3,177.446389,38.879221
dzb3,3,490.350195,106.870801
dxb3,3,131.322204,27.665539
dyb3,3,139.129150,29.667317
csxxsyyszz,3,298.595533,64.480584
dyf2,3,133.888335,28.590737
dxf2,3,135.210994,28.502748
csxy,3,125.789997,27.577475
dzf2,3,1133.469961,213.732982
dyf3,3,133.916926,28.504713
csyz,3,150.418558,32.810418
dxf3,3,131.242331,27.618862
dzf3,3,489.814513,106.666210
csxz,3,150.404680,32.931450
dxf,4,131.202229,27.635702
dzb,4,491.627336,107.089494
dyb,4,134.738321,28.696661
cvx,4,153.281826,33.582687
dyf,4,134.087438,28.879451
dzb2,4,490.390900,106.586634
dxb,4,132.591489,27.839883
cvy,4,139.626398,31.200681
dzf,4,489.481565,106.701371
dxb2,4,131.269456,27.637278
dyb2,4,135.034694,28.753025
cvz,4,177.433106,38.855867
dzb3,4,490.128359,106.785219
dxb3,4,131.039260,27.597434
dyb3,4,139.034350,29.657086
csxxsyyszz,4,298.512316,64.476047
dyf2,4,134.011311,28.608212
dxf2,4,135.381786,28.541222
csxy,4,125.726732,27.591201
dzf2,4,1133.470729,213.941596
dyf3,4,133.875372,28.476530
csyz,4,150.447560,32.824786
dxf3,4,131.399274,27.624227
dzf3,4,489.908373,106.706606
csxz,4,150.495005,32.972546
#========================= OptEWE [OpenMP] =========================
#Source type                                  :  Force monopole
#Grid Size                                    :  768 x 768 x 768
#Iterations                                   :  5
#Compute time                                 :  32.422588
#Total effective MLUPS                        :  69.856365
#===================================================================
#Number of threads                            :  15
