dxf,0,173.280674,27.965643
dzb,0,667.217576,110.244612
dyb,0,189.831986,31.034423
cvx,0,199.801650,35.306243
dyf,0,191.073945,32.090274
dzb2,0,667.163244,113.567586
dxb,0,174.004844,28.145530
cvy,0,792.186851,116.812388
dzf,0,667.832208,110.614324
dxb2,0,173.685924,28.086502
dyb2,0,190.118606,30.965196
cvz,0,243.490796,41.712954
dzb3,0,666.953246,110.689525
dxb3,0,173.466268,28.127555
dyb3,0,194.739429,32.078476
csxxsyyszz,0,535.211176,87.379825
dyf2,0,190.787122,31.035450
dxf2,0,176.856407,28.927448
csxy,0,150.245414,26.382278
dzf2,0,1096.901857,174.277271
dyf3,0,190.783933,31.054059
csyz,0,232.004066,38.996512
dxf3,0,173.076969,28.074938
dzf3,0,666.678350,110.593128
csxz,0,230.256038,38.907066
dxf,1,172.984395,28.096294
dzb,1,666.856469,110.518479
dyb,1,189.916849,30.909712
cvx,1,199.871031,34.288198
dyf,1,190.965718,31.084518
dzb2,1,666.971246,110.764900
dxb,1,173.835406,28.173379
cvy,1,248.490940,41.415238
dzf,1,667.086919,110.473430
dxb2,1,173.594961,28.093616
dyb2,1,190.160167,31.051570
cvz,1,243.865661,41.898359
dzb3,1,667.517739,110.857083
dxb3,1,173.481963,28.117460
dyb3,1,194.691755,31.946582
csxxsyyszz,1,532.065303,86.979224
dyf2,1,190.755488,31.162069
dxf2,1,176.784251,28.973746
csxy,1,150.145110,26.440232
dzf2,1,1097.301175,174.056898
dyf3,1,190.896554,31.106816
csyz,1,231.945439,39.019842
dxf3,1,173.224854,28.156709
dzf3,1,666.639268,110.703032
csxz,1,230.138458,38.845536
dxf,2,172.892938,28.028155
dzb,2,666.695499,110.460613
dyb,2,189.980675,30.930171
cvx,2,199.758670,34.342092
dyf,2,190.625674,31.162457
dzb2,2,667.040704,110.705074
dxb,2,173.872569,28.118050
cvy,2,248.188729,41.373432
dzf,2,666.671738,110.598269
dxb2,2,173.621867,28.179200
dyb2,2,190.003982,30.980792
cvz,2,243.624316,41.865098
dzb3,2,666.838263,110.521701
dxb3,2,173.466437,28.116926
dyb3,2,194.635084,31.981473
csxxsyyszz,2,533.646866,87.379061
dyf2,2,190.846709,31.151873
dxf2,2,176.655496,29.120492
csxy,2,150.285226,26.415470
dzf2,2,1096.903092,173.858137
dyf3,2,190.676792,31.181489
csyz,2,231.617280,39.073114
dxf3,2,173.066680,28.101207
dzf3,2,667.558352,110.922451
csxz,2,230.292947,38.816769
dxf,3,173.618227,28.848652
dzb,3,666.763476,112.250701
dyb,3,189.819299,30.898059
cvx,3,199.625757,34.283861
dyf,3,190.839788,31.112227
dzb2,3,667.192022,110.625720
dxb,3,174.019438,28.128981
cvy,3,248.452994,41.385560
dzf,3,666.985407,110.357376
dxb2,3,173.701795,28.079143
dyb2,3,190.031772,30.887956
cvz,3,243.425982,41.712407
dzb3,3,666.675281,110.370435
dxb3,3,173.413313,28.041675
dyb3,3,194.624315,31.923600
csxxsyyszz,3,531.157496,86.891086
dyf2,3,190.816068,31.119292
dxf2,3,176.763396,28.942523
csxy,3,150.199051,26.394889
dzf2,3,1096.877928,174.137858
dyf3,3,190.740806,31.149115
csyz,3,231.505504,39.084934
dxf3,3,174.410615,28.386566
dzf3,3,666.922030,110.613958
csxz,3,230.349772,38.845832
dxf,4,172.845349,28.021061
dzb,4,666.725785,110.908784
dyb,4,190.005345,31.036432
cvx,4,201.320682,34.532818
dyf,4,190.655719,31.052180
dzb2,4,667.045587,110.713985
dxb,4,173.816672,28.294498
cvy,4,248.124470,41.498320
dzf,4,666.938574,110.910859
dxb2,4,173.644588,28.094329
dyb2,4,189.996477,31.006852
cvz,4,243.489280,41.771206
dzb3,4,666.628772,110.879173
dxb3,4,173.431933,28.254663
dyb3,4,194.671619,32.095365
csxxsyyszz,4,529.206594,86.747024
dyf2,4,190.982188,31.138426
dxf2,4,176.879925,28.948436
csxy,4,150.126266,26.395185
dzf2,4,1096.595540,174.302384
dyf3,4,190.491830,31.149630
csyz,4,231.981830,39.024968
dxf3,4,173.201253,28.100294
dzf3,4,666.812159,110.697054
csxz,4,230.210801,38.913541
#========================= OptEWE [OpenMP] =========================
#Source type                                  :  Force monopole
#Grid Size                                    :  768 x 768 x 768
#Iterations                                   :  5
#Compute time                                 :  42.842503
#Total effective MLUPS                        :  52.866290
#===================================================================
#Number of threads                            :  8
