dxf,0,128.126301,24.495777
dzb,0,552.606799,106.750364
dyb,0,125.889992,24.640487
cvx,0,155.825692,30.821229
dyf,0,126.312963,24.767085
dzb2,0,552.570848,106.999258
dxb,0,125.069927,24.134187
cvy,0,1266.938396,208.783424
dzf,0,550.987917,106.720343
dxb2,0,124.918274,24.141447
dyb2,0,126.324855,24.758437
cvz,0,184.599443,36.352567
dzb3,0,552.220874,106.937345
dxb3,0,124.994007,24.156703
dyb3,0,126.306007,24.753386
csxxsyyszz,0,275.696677,55.016913
dyf2,0,126.366401,24.800763
dxf2,0,126.671688,24.454686
csxy,0,127.002412,25.170351
dzf2,0,550.996848,106.855829
dyf3,0,126.248148,24.773239
csyz,0,155.038075,30.557683
dxf3,0,125.028265,24.167126
dzf3,0,551.322007,106.942634
csxz,0,154.904562,30.575156
dxf,1,124.867157,24.148416
dzb,1,552.553136,107.171867
dyb,1,125.896162,24.718397
cvx,1,155.860728,30.888468
dyf,1,126.391006,24.842003
dzb2,1,552.958579,107.166664
dxb,1,125.057587,24.144114
cvy,1,155.789751,30.804818
dzf,1,551.046433,106.873360
dxb2,1,124.876575,24.163988
dyb2,1,126.153705,24.784644
cvz,1,184.522815,36.416221
dzb3,1,552.318099,107.114316
dxb3,1,124.895692,24.149350
dyb3,1,126.333640,24.783600
csxxsyyszz,1,272.741510,54.497659
dyf2,1,126.394647,24.813219
dxf2,1,125.203192,24.198843
csxy,1,127.011945,25.205347
dzf2,1,550.974722,106.920160
dyf3,1,126.149169,24.825762
csyz,1,155.690714,30.716314
dxf3,1,124.949512,24.185663
dzf3,1,551.191456,106.963783
csxz,1,154.940419,30.615382
dxf,2,124.936739,24.179472
dzb,2,552.690406,107.269947
dyb,2,126.094806,24.786495
cvx,2,155.859874,30.894131
dyf,2,126.172926,24.821565
dzb2,2,552.498307,107.195265
dxb,2,125.004750,24.210688
cvy,2,155.932617,30.882851
dzf,2,551.943583,107.068569
dxb2,2,124.939377,24.168456
dyb2,2,126.328696,24.814706
cvz,2,184.567187,36.411086
dzb3,2,552.338094,107.111713
dxb3,2,124.899921,24.155000
dyb3,2,126.091978,24.755770
csxxsyyszz,2,275.514497,54.985904
dyf2,2,126.483157,24.837018
dxf2,2,125.175100,24.222244
csxy,2,126.970751,25.218573
dzf2,2,551.070677,106.978336
dyf3,2,125.948487,24.790033
csyz,2,155.035876,30.595144
dxf3,2,124.972445,24.166422
dzf3,2,550.933123,106.857693
csxz,2,154.872862,30.579819
dxf,3,124.868608,24.151793
dzb,3,552.534648,107.220143
dyb,3,126.063220,24.745200
cvx,3,155.979596,30.909666
dyf,3,126.373323,24.855805
dzb2,3,552.491643,107.225262
dxb,3,124.944739,24.186475
cvy,3,155.892737,30.870360
dzf,3,550.982040,106.950028
dxb2,3,124.880125,24.171861
dyb2,3,126.377072,24.837784
cvz,3,184.506356,36.405409
dzb3,3,552.400175,107.190310
dxb3,3,124.930294,24.179960
dyb3,3,126.126939,24.785421
csxxsyyszz,3,275.755312,55.073038
dyf2,3,126.335723,24.841995
dxf2,3,125.164073,24.224052
csxy,3,126.978645,25.227209
dzf2,3,551.044724,106.978031
dyf3,3,126.143992,24.838786
csyz,3,155.068025,30.595192
dxf3,3,124.892806,24.173200
dzf3,3,551.118134,107.011716
csxz,3,154.939546,30.617320
dxf,4,126.428287,24.450415
dzb,4,552.721826,107.271556
dyb,4,125.864074,24.734520
cvx,4,155.869654,30.900413
dyf,4,126.248653,24.844970
dzb2,4,552.488213,107.227712
dxb,4,125.015284,24.231677
cvy,4,155.809596,30.864565
dzf,4,551.104063,107.012721
dxb2,4,124.890874,24.179765
dyb2,4,126.403714,24.836231
cvz,4,184.477903,36.428682
dzb3,4,552.280104,107.167758
dxb3,4,124.947406,24.178562
dyb3,4,126.213143,24.763412
csxxsyyszz,4,273.319412,54.644003
dyf2,4,126.415982,24.849381
dxf2,4,125.157082,24.228981
csxy,4,127.019310,25.239549
dzf2,4,551.132671,107.049421
dyf3,4,126.146716,24.864700
csyz,4,155.166176,30.639018
dxf3,4,125.040642,24.205948
dzf3,4,551.272883,107.015223
csxz,4,154.920813,30.640746
#========================= OptEWE [OpenMP] =========================
#Source type                                  :  Force monopole
#Grid Size                                    :  768 x 768 x 768
#Iterations                                   :  5
#Compute time                                 :  31.248789
#Total effective MLUPS                        :  72.480382
#===================================================================
#Number of threads                            :  22
