dxf,0,222.663377,32.191134
dzb,0,948.425091,137.342058
dyb,0,237.737331,34.645739
cvx,0,241.794062,37.271111
dyf,0,237.941177,34.739909
dzb2,0,948.241683,137.384121
dxb,0,222.422478,32.216505
cvy,0,922.286191,124.092406
dzf,0,948.159150,139.251390
dxb2,0,222.355885,32.330570
dyb2,0,237.959710,34.796131
cvz,0,310.273690,47.424761
dzb3,0,948.035282,137.671684
dxb3,0,222.403626,32.263542
dyb3,0,246.286732,36.256038
csxxsyyszz,0,626.607168,92.713039
dyf2,0,238.030403,34.816781
dxf2,0,228.312402,33.365251
csxy,0,197.028481,30.500676
dzf2,0,1449.361995,205.936255
dyf3,0,237.920124,34.750025
csyz,0,299.031174,44.753342
dxf3,0,222.179493,32.180194
dzf3,0,948.373920,137.751558
csxz,0,296.592089,44.557113
dxf,1,221.830946,32.188863
dzb,1,948.095263,137.571738
dyb,1,237.611770,34.697283
cvx,1,241.904355,37.325567
dyf,1,237.981816,34.800110
dzb2,1,948.050777,137.419458
dxb,1,223.253680,32.355659
cvy,1,315.036879,47.032794
dzf,1,947.360353,137.296869
dxb2,1,222.280903,32.205302
dyb2,1,237.618948,34.716227
cvz,1,310.566193,47.344795
dzb3,1,947.215289,137.314273
dxb3,1,222.469712,32.187220
dyb3,1,246.687683,36.282858
csxxsyyszz,1,623.766576,92.242848
dyf2,1,237.931772,34.737665
dxf2,1,228.405941,33.357446
csxy,1,196.889819,30.492564
dzf2,1,1450.178199,205.703578
dyf3,1,237.774563,34.745802
csyz,1,298.950067,44.755938
dxf3,1,222.473858,32.183102
dzf3,1,947.094099,137.322653
csxz,1,296.370597,44.459318
dxf,2,221.793312,32.150954
dzb,2,947.829502,137.498446
dyb,2,237.517347,34.714054
cvx,2,242.340726,37.367027
dyf,2,238.706140,34.925443
dzb2,2,947.754313,137.473183
dxb,2,222.453273,32.190428
cvy,2,315.162322,47.046550
dzf,2,947.560210,137.381250
dxb2,2,222.295126,32.213441
dyb2,2,237.903490,34.755559
cvz,2,310.528243,47.327190
dzb3,2,947.270411,137.528263
dxb3,2,222.493006,32.251552
dyb3,2,247.809615,36.976627
csxxsyyszz,2,627.727120,94.143971
dyf2,2,237.910389,35.549062
dxf2,2,232.420683,34.487653
csxy,2,204.209916,31.923907
dzf2,2,1450.958485,205.829123
dyf3,2,237.790489,34.733330
csyz,2,298.941500,44.760385
dxf3,2,222.256718,32.181953
dzf3,2,947.381454,137.303796
csxz,2,296.812005,44.487188
dxf,3,221.887491,32.123064
dzb,3,948.314979,137.340711
dyb,3,237.683859,34.628996
cvx,3,242.433329,37.356591
dyf,3,237.788145,34.685728
dzb2,3,947.969279,137.293593
dxb,3,222.361129,32.166919
cvy,3,314.882596,47.009928
dzf,3,947.350608,137.339630
dxb2,3,222.402370,32.212972
dyb2,3,238.102090,34.771709
cvz,3,310.160662,47.271168
dzb3,3,946.851493,137.348396
dxb3,3,222.483728,32.269948
dyb3,3,246.449251,36.264435
csxxsyyszz,3,626.605052,92.394684
dyf2,3,237.952427,34.766566
dxf2,3,228.336455,33.423244
csxy,3,197.023504,30.507208
dzf2,3,1448.184384,205.508720
dyf3,3,237.783433,34.797963
csyz,3,299.098774,44.766565
dxf3,3,222.244839,32.224881
dzf3,3,947.954667,137.550067
csxz,3,296.708719,44.508920
dxf,4,221.853281,32.221577
dzb,4,948.047049,137.393095
dyb,4,237.643638,34.702558
cvx,4,241.980853,37.534167
dyf,4,237.747258,34.875358
dzb2,4,948.032249,137.656275
dxb,4,222.410054,32.291283
cvy,4,315.285998,47.066877
dzf,4,947.735673,137.409310
dxb2,4,222.259305,32.217056
dyb2,4,237.879246,34.683714
cvz,4,310.398305,47.327408
dzb3,4,948.378097,137.599301
dxb3,4,222.476637,32.219880
dyb3,4,246.628151,36.228233
csxxsyyszz,4,622.640954,92.100594
dyf2,4,238.190400,34.818225
dxf2,4,228.425314,33.367227
csxy,4,196.986749,30.511928
dzf2,4,1449.033001,209.449301
dyf3,4,237.895231,34.777868
csyz,4,298.978869,44.757260
dxf3,4,222.396534,32.234093
dzf3,4,948.181476,137.464602
csxz,4,296.622167,44.499106
#========================= OptEWE [OpenMP] =========================
#Source type                                  :  Force monopole
#Grid Size                                    :  768 x 768 x 768
#Iterations                                   :  5
#Compute time                                 :  56.871761
#Total effective MLUPS                        :  39.825110
#===================================================================
#Number of threads                            :  7
