dxf,0,87.818822,18.012602
dzb,0,332.149188,71.003103
dyb,0,92.841029,19.220685
cvx,0,102.582607,21.913962
dyf,0,92.751927,19.272419
dzb2,0,332.046291,71.100280
dxb,0,86.465472,17.834486
cvy,0,1013.952675,168.046294
dzf,0,331.600729,71.037861
dxb2,0,86.577345,17.866415
dyb2,0,93.184865,19.315015
cvz,0,118.661554,25.592948
dzb3,0,331.936471,71.176572
dxb3,0,85.998952,17.803018
dyb3,0,98.139973,20.347973
csxxsyyszz,0,256.600085,51.694597
dyf2,0,92.858123,19.290657
dxf2,0,87.432865,18.035361
csxy,0,83.649444,18.116501
dzf2,0,365.831891,76.665080
dyf3,0,92.702818,19.265913
csyz,0,100.417879,21.695676
dxf3,0,85.770041,17.787178
dzf3,0,331.561056,71.146355
csxz,0,100.490217,21.750343
dxf,1,85.687921,17.768793
dzb,1,332.188772,71.274381
dyb,1,92.813230,19.265533
cvx,1,102.427737,21.946373
dyf,1,92.720082,19.305504
dzb2,1,331.921931,71.238120
dxb,1,86.440399,17.879287
cvy,1,105.675339,22.485761
dzf,1,331.680580,71.210225
dxb2,1,86.595274,17.915750
dyb2,1,94.726296,19.593295
cvz,1,118.608437,25.615715
dzb3,1,331.939809,71.268248
dxb3,1,85.989219,17.824601
dyb3,1,98.560726,20.443588
csxxsyyszz,1,256.507718,51.722966
dyf2,1,94.394791,19.572169
dxf2,1,87.528355,18.058869
csxy,1,83.576951,18.124153
dzf2,1,366.037496,76.741674
dyf3,1,92.781341,19.288771
csyz,1,100.484446,21.717939
dxf3,1,85.673531,17.776519
dzf3,1,331.701986,71.231132
csxz,1,100.413787,21.749675
dxf,2,87.441070,18.074020
dzb,2,346.257065,73.619922
dyb,2,93.074776,19.321833
cvx,2,102.370331,21.946131
dyf,2,92.682821,19.316110
dzb2,2,331.918981,71.276360
dxb,2,86.689260,17.923373
cvy,2,105.744237,22.501533
dzf,2,331.447608,71.210347
dxb2,2,86.441493,17.886021
dyb2,2,93.151321,19.369468
cvz,2,118.552549,25.634642
dzb3,2,331.865445,71.275826
dxb3,2,86.014186,17.814710
dyb3,2,98.168746,20.373818
csxxsyyszz,2,256.557272,51.744642
dyf2,2,92.864272,19.316385
dxf2,2,87.533520,18.088703
csxy,2,83.660413,18.132779
dzf2,2,365.903712,76.730231
dyf3,2,92.599320,19.284916
csyz,2,100.421314,21.711801
dxf3,2,85.613890,17.769310
dzf3,2,331.716962,71.254645
csxz,2,101.247340,21.882941
dxf,3,85.739575,17.774700
dzb,3,332.203342,71.327487
dyb,3,92.778488,19.275100
cvx,3,102.426242,21.961441
dyf,3,92.770796,19.323342
dzb2,3,332.001872,71.279508
dxb,3,86.486947,17.889161
cvy,3,105.745936,22.511283
dzf,3,331.479934,71.225754
dxb2,3,86.345656,17.876984
dyb2,3,93.118823,19.335020
cvz,3,118.509831,25.643922
dzb3,3,331.823860,71.280098
dxb3,3,85.843596,17.803172
dyb3,3,98.151858,20.395587
csxxsyyszz,3,256.542034,51.771772
dyf2,3,92.878476,19.321440
dxf2,3,87.542653,18.076820
csxy,3,83.624220,18.136494
dzf2,3,365.908449,76.779455
dyf3,3,92.614795,19.274222
csyz,3,100.410408,21.722118
dxf3,3,85.650404,17.782057
dzf3,3,332.495234,71.401110
csxz,3,100.512745,21.793158
dxf,4,85.708775,17.789742
dzb,4,332.067972,71.331107
dyb,4,92.835861,19.305908
cvx,4,102.592054,22.002542
dyf,4,92.780739,19.326523
dzb2,4,332.776217,71.443515
dxb,4,86.667105,17.945261
cvy,4,105.651939,22.514724
dzf,4,331.550024,71.247783
dxb2,4,86.407450,17.900579
dyb2,4,93.204397,19.370939
cvz,4,118.530582,25.632978
dzb3,4,331.980298,71.338128
dxb3,4,86.046517,17.834362
dyb3,4,98.263352,20.400454
csxxsyyszz,4,256.452228,51.744206
dyf2,4,92.883374,19.343456
dxf2,4,87.482449,18.097931
csxy,4,83.639717,18.143053
dzf2,4,365.866595,76.771296
dyf3,4,92.672056,19.327915
csyz,4,100.425785,21.723475
dxf3,4,85.561876,17.770562
dzf3,4,331.718070,71.290246
csxz,4,100.509062,21.846888
#========================= OptEWE [OpenMP] =========================
#Source type                                  :  Force monopole
#Grid Size                                    :  768 x 768 x 768
#Iterations                                   :  5
#Compute time                                 :  20.799435
#Total effective MLUPS                        :  108.893544
#===================================================================
#Number of threads                            :  24
