dxf,0,164.343844,28.672060
dzb,0,717.446965,125.698277
dyb,0,164.689256,29.247100
cvx,0,202.886888,36.294748
dyf,0,164.145460,29.275243
dzb2,0,717.247329,125.086210
dxb,0,162.098162,28.477385
cvy,0,1145.976463,179.275499
dzf,0,715.866941,124.409459
dxb2,0,162.114255,28.465261
dyb2,0,164.842834,29.355305
cvz,0,239.946122,42.830257
dzb3,0,721.894141,126.127783
dxb3,0,162.207061,28.524581
dyb3,0,164.960461,29.389792
csxxsyyszz,0,360.543459,65.042985
dyf2,0,164.142365,29.287051
dxf2,0,162.667402,28.631694
csxy,0,165.023416,29.674816
dzf2,0,715.912315,124.864790
dyf3,0,164.316734,29.288962
csyz,0,202.354447,36.143082
dxf3,0,162.132145,28.512148
dzf3,0,716.292993,124.043762
csxz,0,201.426126,35.999338
dxf,1,162.081176,28.532216
dzb,1,717.746267,126.718524
dyb,1,164.379676,29.285080
cvx,1,202.801439,36.322085
dyf,1,164.116492,29.289108
dzb2,1,717.285458,125.538919
dxb,1,162.338513,28.575784
cvy,1,202.494922,36.257757
dzf,1,717.493590,124.011504
dxb2,1,162.082621,28.500968
dyb2,1,164.705398,29.342985
cvz,1,239.936437,42.879552
dzb3,1,717.276420,126.397146
dxb3,1,162.124956,28.578477
dyb3,1,164.760685,29.434347
csxxsyyszz,1,361.756393,65.365168
dyf2,1,164.350402,29.349169
dxf2,1,162.431354,28.599555
csxy,1,164.980025,29.677645
dzf2,1,716.030549,124.354708
dyf3,1,164.177857,29.320582
csyz,1,201.527410,36.113239
dxf3,1,162.126351,28.610110
dzf3,1,716.195115,123.588666
csxz,1,201.413527,35.965088
dxf,2,162.005295,28.523674
dzb,2,717.440595,126.168511
dyb,2,164.490992,29.336125
cvx,2,204.153940,36.649843
dyf,2,164.221210,29.369009
dzb2,2,717.526567,125.044968
dxb,2,162.250256,28.539968
cvy,2,202.535411,36.331030
dzf,2,715.644425,123.497193
dxb2,2,162.164683,28.576333
dyb2,2,164.948273,29.442645
cvz,2,239.950759,42.894433
dzb3,2,717.637430,126.195142
dxb3,2,162.217788,28.974915
dyb3,2,164.858791,29.809647
csxxsyyszz,2,360.732945,65.662487
dyf2,2,164.373352,29.530390
dxf2,2,162.441196,28.706157
csxy,2,165.067384,29.725101
dzf2,2,716.130043,123.802973
dyf3,2,164.033796,29.287937
csyz,2,201.469198,36.055418
dxf3,2,162.345747,28.607374
dzf3,2,716.253654,126.466775
csxz,2,201.385095,36.064424
dxf,3,162.106468,28.572870
dzb,3,717.692843,125.548706
dyb,3,164.272001,29.243137
cvx,3,202.762838,36.380647
dyf,3,164.179681,29.330922
dzb2,3,717.418031,124.475642
dxb,3,162.176325,28.535245
cvy,3,202.468332,36.261060
dzf,3,715.765999,126.281409
dxb2,3,162.896518,28.707779
dyb2,3,164.956587,29.418417
cvz,3,240.002426,42.894234
dzb3,3,717.201533,125.077600
dxb3,3,162.312504,28.547948
dyb3,3,164.962295,29.406516
csxxsyyszz,3,356.787926,64.451420
dyf2,3,164.228101,29.283551
dxf2,3,162.456664,28.583581
csxy,3,165.030772,29.689233
dzf2,3,715.955696,124.204455
dyf3,3,164.261625,29.289900
csyz,3,201.500180,36.025477
dxf3,3,162.192916,28.561282
dzf3,3,716.079291,126.199747
csxz,3,201.384062,36.000004
dxf,4,162.078652,28.540543
dzb,4,717.577164,124.897471
dyb,4,164.327787,29.241436
cvx,4,202.615792,36.325087
dyf,4,164.329982,29.342553
dzb2,4,717.272367,123.866525
dxb,4,162.188759,28.544108
cvy,4,202.425880,36.262140
dzf,4,715.944633,126.080892
dxb2,4,162.128143,28.506872
dyb2,4,164.687470,29.359633
cvz,4,240.784352,43.022417
dzb3,4,717.251848,124.569135
dxb3,4,162.372061,28.539117
dyb3,4,164.926424,29.400246
csxxsyyszz,4,356.667462,64.426546
dyf2,4,164.277175,29.327433
dxf2,4,164.432891,28.915548
csxy,4,165.022845,29.682866
dzf2,4,715.890764,126.253498
dyf3,4,164.052800,29.314431
csyz,4,201.458893,36.027523
dxf3,4,162.207228,28.561576
dzf3,4,716.223978,125.676357
csxz,4,201.393746,36.061118
#========================= OptEWE [OpenMP] =========================
#Source type                                  :  Force monopole
#Grid Size                                    :  768 x 768 x 768
#Iterations                                   :  5
#Compute time                                 :  40.122551
#Total effective MLUPS                        :  56.450154
#===================================================================
#Number of threads                            :  17
