dxf,0,292.814136,42.661475
dzb,0,978.512469,146.279872
dyb,0,389.636488,55.829128
cvx,0,546.571294,78.439212
dyf,0,389.870602,55.883487
dzb2,0,977.855955,146.248392
dxb,0,309.216868,44.816311
cvy,0,1512.135597,205.237320
dzf,0,976.674054,146.073310
dxb2,0,306.662298,44.506481
dyb2,0,388.877822,55.737159
cvz,0,556.602874,81.694063
dzb3,0,979.661245,146.471835
dxb3,0,307.874212,44.668288
dyb3,0,391.835244,56.533948
csxxsyyszz,0,1505.382494,210.678874
dyf2,0,389.497882,55.795695
dxf2,0,292.885428,43.188396
csxy,0,229.838235,36.532214
dzf2,0,1351.734534,200.508408
dyf3,0,390.036577,55.959551
csyz,0,291.470764,45.347950
dxf3,0,297.213791,43.287970
dzf3,0,975.980761,146.089432
csxz,0,287.488508,44.884018
dxf,1,292.811705,42.751379
dzb,1,977.787096,146.338594
dyb,1,389.516308,55.879899
cvx,1,546.594732,78.537332
dyf,1,391.520878,56.140157
dzb2,1,977.320924,146.247113
dxb,1,307.486671,44.663184
cvy,1,541.996767,78.530638
dzf,1,975.887103,146.132098
dxb2,1,306.529848,44.548091
dyb2,1,389.405809,55.850726
cvz,1,556.701902,81.838545
dzb3,1,977.920260,146.368263
dxb3,1,308.048070,44.758141
dyb3,1,393.708182,57.511170
csxxsyyszz,1,1497.001235,209.789888
dyf2,1,388.951050,55.734939
dxf2,1,292.497100,43.150037
csxy,1,228.867741,35.831980
dzf2,1,1352.179585,200.083875
dyf3,1,391.457968,56.102873
csyz,1,289.864344,45.120347
dxf3,1,297.031044,43.270170
dzf3,1,975.668939,146.009427
csxz,1,287.460957,44.881333
dxf,2,292.499442,42.673081
dzb,2,977.334049,146.257937
dyb,2,388.931002,55.772829
cvx,2,546.172924,78.405339
dyf,2,389.339088,55.827589
dzb2,2,976.942557,146.205119
dxb,2,307.119400,44.594307
cvy,2,543.035497,78.381069
dzf,2,975.424740,146.037528
dxb2,2,306.435160,44.498264
dyb2,2,388.160454,55.673529
cvz,2,555.892173,81.728373
dzb3,2,978.311618,147.462628
dxb3,2,307.851199,44.702558
dyb3,2,393.272390,56.736012
csxxsyyszz,2,1504.818795,210.640403
dyf2,2,390.042354,55.861501
dxf2,2,292.797683,43.147572
csxy,2,229.171478,35.847974
dzf2,2,1351.609472,200.189916
dyf3,2,389.971606,55.992466
csyz,2,289.909729,45.149703
dxf3,2,297.096647,43.345307
dzf3,2,977.125918,146.701879
csxz,2,287.604884,45.049348
dxf,3,292.715733,42.766738
dzb,3,977.351110,146.435320
dyb,3,388.212698,55.814533
cvx,3,546.247073,78.713404
dyf,3,389.857052,55.957323
dzb2,3,977.012396,146.772157
dxb,3,309.138941,45.024818
cvy,3,541.815939,78.890469
dzf,3,975.618961,146.485014
dxb2,3,306.570508,44.585105
dyb2,3,388.860063,55.801044
cvz,3,556.318097,81.874219
dzb3,3,977.544561,146.470171
dxb3,3,307.908214,44.741479
dyb3,3,391.585626,56.644653
csxxsyyszz,3,1503.939699,211.239692
dyf2,3,390.096700,56.037340
dxf2,3,292.909141,43.249179
csxy,3,229.068293,35.860715
dzf2,3,1351.032227,200.833107
dyf3,3,389.859994,55.954754
csyz,3,289.967949,45.157276
dxf3,3,297.097353,43.427757
dzf3,3,976.984990,146.769389
csxz,3,287.535855,44.885689
dxf,4,292.578952,42.792532
dzb,4,977.333480,146.753881
dyb,4,389.337564,56.084772
cvx,4,546.631980,78.581213
dyf,4,389.080463,55.936286
dzb2,4,978.145328,148.212469
dxb,4,307.335401,45.554515
cvy,4,541.988514,79.295513
dzf,4,979.721943,146.469550
dxb2,4,306.663530,44.499441
dyb2,4,388.495252,55.676847
cvz,4,556.546198,81.625651
dzb3,4,978.075854,146.303177
dxb3,4,307.962269,44.669851
dyb3,4,391.796049,56.547857
csxxsyyszz,4,1502.798257,210.387254
dyf2,4,389.726937,55.861026
dxf2,4,292.743474,43.170202
csxy,4,229.128023,35.858287
dzf2,4,1352.289975,200.117313
dyf3,4,389.597067,55.857731
csyz,4,289.681266,45.115616
dxf3,4,296.915927,43.284961
dzf3,4,975.495615,146.010198
csxz,4,287.426278,44.893270
#========================= OptEWE [OpenMP] =========================
#Source type                                  :  Force monopole
#Grid Size                                    :  768 x 768 x 768
#Iterations                                   :  5
#Compute time                                 :  72.660637
#Total effective MLUPS                        :  31.171268
#===================================================================
#Number of threads                            :  4
