dxf,0,117.234801,22.511544
dzb,0,432.793670,86.504882
dyb,0,127.544352,24.611857
cvx,0,140.736015,27.701332
dyf,0,127.726803,24.684194
dzb2,0,432.639897,86.636137
dxb,0,117.467485,22.614218
cvy,0,848.299911,138.701273
dzf,0,431.968435,86.511653
dxb2,0,117.547856,22.638334
dyb2,0,127.882227,24.711257
cvz,0,157.546144,31.608314
dzb3,0,432.271875,86.667894
dxb3,0,117.484307,22.673854
dyb3,0,127.942932,24.740964
csxxsyyszz,0,364.164559,68.192797
dyf2,0,127.694644,24.708789
dxf2,0,117.039069,22.610792
csxy,0,111.156995,22.413012
dzf2,0,432.186570,86.698715
dyf3,0,127.722525,24.723838
csyz,0,132.798713,26.782229
dxf3,0,116.823056,22.579025
dzf3,0,432.168749,86.750406
csxz,0,132.982313,26.878429
dxf,1,116.645341,22.558640
dzb,1,432.849870,86.835142
dyb,1,127.517970,24.679545
cvx,1,140.524915,27.762082
dyf,1,127.599485,24.718319
dzb2,1,432.676634,86.821948
dxb,1,117.435795,22.682871
cvy,1,139.221464,27.543139
dzf,1,431.889880,86.721591
dxb2,1,117.455323,22.675046
dyb2,1,127.679335,24.724509
cvz,1,157.423086,31.612832
dzb3,1,433.893353,87.040002
dxb3,1,117.715886,22.733509
dyb3,1,127.888113,24.750191
csxxsyyszz,1,363.952895,68.211377
dyf2,1,127.657716,24.727992
dxf2,1,117.549203,22.701442
csxy,1,111.050229,22.391362
dzf2,1,432.079019,86.739861
dyf3,1,127.774213,24.769749
csyz,1,132.896445,26.818799
dxf3,1,117.027997,22.617872
dzf3,1,432.265182,86.766775
csxz,1,132.924715,26.892207
dxf,2,116.673799,22.562042
dzb,2,432.582518,86.850781
dyb,2,127.555003,24.724287
cvx,2,140.714717,27.801189
dyf,2,127.809859,24.776535
dzb2,2,432.639482,86.874928
dxb,2,117.546302,22.686312
cvy,2,139.266542,27.571318
dzf,2,431.867947,86.759700
dxb2,2,117.568482,22.740609
dyb2,2,127.708863,24.772920
cvz,2,157.589569,31.685909
dzb3,2,432.340067,86.862746
dxb3,2,117.610908,22.734855
dyb3,2,127.838802,24.767405
csxxsyyszz,2,364.152356,68.314383
dyf2,2,127.728147,24.786810
dxf2,2,117.184179,22.721544
csxy,2,111.158230,22.470316
dzf2,2,432.164404,86.810027
dyf3,2,127.704131,24.793905
csyz,2,132.939523,26.868540
dxf3,2,116.858708,22.636794
dzf3,2,432.122760,86.875715
csxz,2,132.886066,26.914510
dxf,3,116.671962,22.611990
dzb,3,433.279930,87.204680
dyb,3,127.512789,25.032539
cvx,3,140.667591,28.081510
dyf,3,127.575984,25.007612
dzb2,3,432.549590,87.525759
dxb,3,117.492595,22.773693
cvy,3,139.266683,27.628756
dzf,3,432.001052,86.894048
dxb2,3,120.424513,23.225890
dyb2,3,127.748618,24.776670
cvz,3,157.610228,31.719801
dzb3,3,432.301207,86.907855
dxb3,3,117.692480,22.771145
dyb3,3,127.996912,24.804610
csxxsyyszz,3,363.278043,68.193881
dyf2,3,127.798094,24.807071
dxf2,3,117.112259,22.715103
csxy,3,111.118750,22.464425
dzf2,3,432.218331,86.832063
dyf3,3,127.810867,24.808683
csyz,3,133.003519,26.882473
dxf3,3,116.777551,22.624289
dzf3,3,432.278161,86.900732
csxz,3,132.926752,26.918535
dxf,4,116.901299,22.646902
dzb,4,432.764737,86.965393
dyb,4,127.553723,24.764209
cvx,4,140.669081,27.842323
dyf,4,127.698630,24.806201
dzb2,4,432.752809,86.977454
dxb,4,117.338504,22.713504
cvy,4,139.343569,27.640921
dzf,4,432.895997,86.985287
dxb2,4,117.672314,22.765760
dyb2,4,128.011166,24.859152
cvz,4,157.579381,31.763518
dzb3,4,432.305602,87.050433
dxb3,4,117.647957,22.789101
dyb3,4,127.831550,24.828677
csxxsyyszz,4,364.138359,68.401300
dyf2,4,127.672393,24.780691
dxf2,4,117.158931,22.713695
csxy,4,111.127348,22.460508
dzf2,4,432.023402,86.817041
dyf3,4,127.776489,24.814763
csyz,4,132.879155,26.854232
dxf3,4,116.819811,22.635075
dzf3,4,432.074249,86.886371
csxz,4,132.781278,26.959413
#========================= OptEWE [OpenMP] =========================
#Source type                                  :  Force monopole
#Grid Size                                    :  768 x 768 x 768
#Iterations                                   :  5
#Compute time                                 :  26.926596
#Total effective MLUPS                        :  84.114761
#===================================================================
#Number of threads                            :  17
