dxf,0,87.564096,18.300527
dzb,0,324.800540,71.371430
dyb,0,90.686552,19.222098
cvx,0,101.389763,22.248039
dyf,0,90.685987,19.262147
dzb2,0,324.962490,71.558657
dxb,0,86.491212,18.152097
cvy,0,866.868094,147.046866
dzf,0,324.184439,71.394163
dxb2,0,86.366947,18.156687
dyb2,0,91.074298,19.343862
cvz,0,117.904399,26.093531
dzb3,0,324.556888,71.559192
dxb3,0,86.493027,18.195356
dyb3,0,91.165919,19.350333
csxxsyyszz,0,242.034533,50.174551
dyf2,0,90.751475,19.294306
dxf2,0,86.465666,18.224358
csxy,0,83.578215,18.521546
dzf2,0,324.147684,71.463252
dyf3,0,90.668241,19.305436
csyz,0,100.005703,22.144890
dxf3,0,86.125927,18.159847
dzf3,0,324.677429,71.628968
csxz,0,99.873633,22.186902
dxf,1,86.066568,18.141952
dzb,1,324.748498,71.632942
dyb,1,90.694460,19.272572
cvx,1,101.404002,22.295958
dyf,1,90.615263,19.300558
dzb2,1,325.053909,71.703213
dxb,1,86.554053,18.249626
cvy,1,101.145815,22.260057
dzf,1,324.172795,71.558781
dxb2,1,86.340185,18.200977
dyb2,1,90.990098,19.335766
cvz,1,117.924384,26.125453
dzb3,1,324.668744,71.649709
dxb3,1,86.435982,18.222399
dyb3,1,90.986235,19.332967
csxxsyyszz,1,241.825064,50.180566
dyf2,1,90.707764,19.311263
dxf2,1,86.495471,18.253370
csxy,1,83.565347,18.537005
dzf2,1,324.239235,71.565863
dyf3,1,90.637362,19.312038
csyz,1,99.980399,22.173994
dxf3,1,86.160442,18.181077
dzf3,1,324.665355,71.658298
csxz,1,99.923982,22.220719
dxf,2,86.193645,18.194327
dzb,2,324.880941,71.720829
dyb,2,90.697179,19.312214
cvx,2,101.299302,22.278716
dyf,2,90.666964,19.334114
dzb2,2,324.982366,71.731133
dxb,2,86.455042,18.229978
cvy,2,101.293471,22.282596
dzf,2,324.143923,71.589073
dxb2,2,86.230369,18.181746
dyb2,2,91.017346,19.361004
cvz,2,117.904713,26.136700
dzb3,2,325.639674,71.836782
dxb3,2,86.494974,18.242330
dyb3,2,91.024717,19.345566
csxxsyyszz,2,241.699967,50.223362
dyf2,2,90.622817,19.299212
dxf2,2,86.479453,18.251832
csxy,2,83.549793,18.537241
dzf2,2,324.219072,71.573099
dyf3,2,93.673039,19.837361
csyz,2,99.987159,22.187496
dxf3,2,86.303537,18.212620
dzf3,2,324.693157,71.714234
csxz,2,100.413345,22.355013
dxf,3,88.090777,18.591313
dzb,3,330.176706,72.871340
dyb,3,90.950218,19.322225
cvx,3,101.507692,22.336866
dyf,3,90.624186,19.324991
dzb2,3,324.947556,71.792725
dxb,3,86.540071,18.249383
cvy,3,101.432823,22.327038
dzf,3,324.168302,71.628887
dxb2,3,86.318530,18.226329
dyb2,3,91.093774,19.396484
cvz,3,117.946014,26.167537
dzb3,3,324.571054,71.726965
dxb3,3,86.531324,18.270400
dyb3,3,91.033687,19.363134
csxxsyyszz,3,241.845940,50.235158
dyf2,3,90.663668,19.311730
dxf2,3,86.432984,18.271981
csxy,3,83.567526,18.564402
dzf2,3,324.358873,71.662539
dyf3,3,90.636728,19.342936
csyz,3,99.959541,22.196708
dxf3,3,86.186261,18.205745
dzf3,3,324.690101,71.761864
csxz,3,99.876397,22.228555
dxf,4,86.235943,18.203011
dzb,4,324.889382,71.801050
dyb,4,90.679575,19.334339
cvx,4,101.300345,22.299475
dyf,4,90.638165,19.355558
dzb2,4,325.000904,71.777864
dxb,4,86.447935,18.249109
cvy,4,101.234276,22.305940
dzf,4,324.249280,71.696512
dxb2,4,86.248804,18.212341
dyb2,4,90.913460,19.356661
cvz,4,117.865104,26.162833
dzb3,4,324.731657,71.719251
dxb3,4,86.447750,18.244159
dyb3,4,91.244755,19.398708
csxxsyyszz,4,241.740826,50.260080
dyf2,4,90.690710,19.319339
dxf2,4,86.389121,18.252524
csxy,4,83.559636,18.561052
dzf2,4,324.344590,71.650927
dyf3,4,90.654951,19.332414
csyz,4,100.032111,22.193276
dxf3,4,86.234670,18.213521
dzf3,4,324.780550,71.751967
csxz,4,99.875009,22.317860
#========================= OptEWE [OpenMP] =========================
#Source type                                  :  Force monopole
#Grid Size                                    :  768 x 768 x 768
#Iterations                                   :  5
#Compute time                                 :  20.061111
#Total effective MLUPS                        :  112.901230
#===================================================================
#Number of threads                            :  23
