dxf,0,88.595411,19.428235
dzb,0,319.811828,74.863987
dyb,0,96.332836,21.383186
cvx,0,108.354201,24.368243
dyf,0,96.524740,21.416795
dzb2,0,319.678930,75.030187
dxb,0,87.043863,19.278015
cvy,0,858.006372,153.922972
dzf,0,319.241192,74.910168
dxb2,0,86.972780,19.325499
dyb2,0,96.864613,21.500855
cvz,0,118.057507,27.323302
dzb3,0,319.450000,75.045496
dxb3,0,87.007748,19.340526
dyb3,0,98.799719,21.832514
csxxsyyszz,0,286.951624,60.711066
dyf2,0,96.580685,21.457665
dxf2,0,86.730221,19.302032
csxy,0,82.688731,19.514540
dzf2,0,319.102141,75.023049
dyf3,0,96.328604,21.458179
csyz,0,98.642477,23.314272
dxf3,0,86.531262,19.302125
dzf3,0,319.345561,75.125420
csxz,0,98.617004,23.391090
dxf,1,86.515230,19.296828
dzb,1,319.998519,75.305070
dyb,1,96.346943,21.459315
cvx,1,108.288724,24.434242
dyf,1,96.487439,21.504514
dzb2,1,319.770515,75.273205
dxb,1,87.673370,19.592781
cvy,1,107.134379,24.227235
dzf,1,319.161555,75.174724
dxb2,1,86.895822,19.376163
dyb2,1,96.704901,21.550637
cvz,1,118.032364,27.381786
dzb3,1,319.538120,75.236045
dxb3,1,87.095903,19.406361
dyb3,1,96.607449,21.508219
csxxsyyszz,1,286.786201,60.864022
dyf2,1,96.522861,21.499605
dxf2,1,86.706667,19.344454
csxy,1,82.832088,19.583502
dzf2,1,319.237202,75.204725
dyf3,1,96.366207,21.513263
csyz,1,98.748347,23.369660
dxf3,1,86.530570,19.332453
dzf3,1,319.284571,75.277677
csxz,1,98.703114,23.452723
dxf,2,86.609677,19.345206
dzb,2,319.732520,75.332989
dyb,2,96.283511,21.475152
cvx,2,108.283019,24.461379
dyf,2,96.538634,21.516171
dzb2,2,319.681975,75.326682
dxb,2,87.066834,19.440605
cvy,2,107.175965,24.257411
dzf,2,319.035619,75.238486
dxb2,2,86.869062,19.391790
dyb2,2,96.959665,21.613348
cvz,2,117.986521,27.438930
dzb3,2,319.452161,75.316070
dxb3,2,87.161113,19.431541
dyb3,2,96.772568,21.547942
csxxsyyszz,2,286.919631,60.917245
dyf2,2,97.719440,21.736652
dxf2,2,86.680623,19.369302
csxy,2,82.754750,19.570636
dzf2,2,319.091638,75.216408
dyf3,2,96.360132,21.498510
csyz,2,98.732163,23.404212
dxf3,2,86.488112,19.335375
dzf3,2,319.435874,75.358876
csxz,2,98.611937,23.432784
dxf,3,86.572097,19.365218
dzb,3,319.821151,75.444537
dyb,3,96.302430,21.474581
cvx,3,111.591785,25.081117
dyf,3,96.568427,21.545228
dzb2,3,319.562223,75.378106
dxb,3,87.100635,19.432616
cvy,3,107.216368,24.294835
dzf,3,319.054929,75.311870
dxb2,3,86.902221,19.418449
dyb2,3,96.760382,21.602125
cvz,3,118.016679,27.438262
dzb3,3,319.507622,75.397327
dxb3,3,87.129022,19.452777
dyb3,3,96.777072,21.581780
csxxsyyszz,3,286.712947,60.967316
dyf2,3,96.694759,21.575017
dxf2,3,86.648247,19.362806
csxy,3,82.771917,19.602163
dzf2,3,319.114988,75.320704
dyf3,3,96.329936,21.547433
csyz,3,98.679262,23.404377
dxf3,3,86.581718,19.382621
dzf3,3,319.394852,75.397829
csxz,3,98.640233,23.479950
dxf,4,86.539171,19.368056
dzb,4,319.782247,75.489404
dyb,4,96.507412,21.562513
cvx,4,108.577751,24.553747
dyf,4,96.494288,21.576073
dzb2,4,319.745470,75.474123
dxb,4,87.198209,19.472266
cvy,4,107.202046,24.290237
dzf,4,318.994250,75.380208
dxb2,4,86.884440,19.438048
dyb2,4,96.827560,21.618728
cvz,4,118.226393,27.499705
dzb3,4,319.513912,75.472967
dxb3,4,87.075564,19.457352
dyb3,4,96.550831,21.549800
csxxsyyszz,4,286.712200,60.990055
dyf2,4,96.568899,21.537204
dxf2,4,86.717530,19.404894
csxy,4,82.691599,19.605661
dzf2,4,318.999827,75.340779
dyf3,4,96.334499,21.524985
csyz,4,98.756068,23.441110
dxf3,4,86.594777,19.376442
dzf3,4,319.391038,75.451032
csxz,4,98.590322,23.560291
#========================= OptEWE [OpenMP] =========================
#Source type                                  :  Force monopole
#Grid Size                                    :  768 x 768 x 768
#Iterations                                   :  5
#Compute time                                 :  20.346983
#Total effective MLUPS                        :  111.314988
#===================================================================
#Number of threads                            :  23
