dxf,0,200.412243,34.146599
dzb,0,672.935359,118.910246
dyb,0,258.312374,43.239131
cvx,0,337.095724,56.933378
dyf,0,258.054251,43.218379
dzb2,0,670.958675,118.723239
dxb,0,207.479235,35.242184
cvy,0,1131.046718,174.740349
dzf,0,670.363000,118.582548
dxb2,0,208.099999,35.264402
dyb2,0,258.033225,43.160646
cvz,0,344.073298,59.533380
dzb3,0,672.333812,118.759560
dxb3,0,209.910277,35.587377
dyb3,0,259.360877,43.867016
csxxsyyszz,0,921.952306,149.983682
dyf2,0,258.440499,43.208517
dxf2,0,201.428699,34.678480
csxy,0,150.522371,28.083562
dzf2,0,1044.545544,179.681177
dyf3,0,257.923077,45.770142
csyz,0,216.476274,40.613133
dxf3,0,199.102135,35.817086
dzf3,0,669.156358,122.019188
csxz,0,217.612716,39.680162
dxf,1,200.148840,34.193001
dzb,1,671.027744,118.821263
dyb,1,258.793112,43.319975
cvx,1,337.128889,56.832321
dyf,1,258.152580,43.233233
dzb2,1,670.749978,118.692050
dxb,1,208.015800,35.296194
cvy,1,336.393277,57.423102
dzf,1,670.055066,118.539170
dxb2,1,208.378225,35.355706
dyb2,1,258.066266,43.223865
cvz,1,344.061038,59.597013
dzb3,1,670.911705,118.666132
dxb3,1,209.561699,35.564656
dyb3,1,259.223927,43.864462
csxxsyyszz,1,921.648448,150.032106
dyf2,1,258.481161,43.255703
dxf2,1,201.547366,34.726461
csxy,1,150.654739,28.123373
dzf2,1,1045.037220,178.589196
dyf3,1,258.696586,43.285037
csyz,1,218.044927,39.681202
dxf3,1,199.716676,34.065355
dzf3,1,670.115706,118.526837
csxz,1,216.789662,39.558643
dxf,2,200.042393,34.135451
dzb,2,672.606792,118.937510
dyb,2,258.788339,43.311213
cvx,2,337.030607,56.896159
dyf,2,258.069978,43.232304
dzb2,2,671.148565,118.721865
dxb,2,207.865482,35.294986
cvy,2,336.264609,57.426880
dzf,2,670.152812,118.572293
dxb2,2,208.050382,35.294260
dyb2,2,257.977295,43.216176
cvz,2,344.074533,59.589282
dzb3,2,670.634663,118.653681
dxb3,2,207.861709,35.285519
dyb3,2,260.861047,44.123600
csxxsyyszz,2,921.670344,150.049651
dyf2,2,258.434831,43.248944
dxf2,2,201.459162,34.716598
csxy,2,150.610482,28.114864
dzf2,2,1045.388902,178.637938
dyf3,2,258.763670,43.305592
csyz,2,217.929650,39.674017
dxf3,2,199.696746,34.073629
dzf3,2,669.602946,118.514230
csxz,2,216.727387,39.541811
dxf,3,199.954456,34.148564
dzb,3,674.106817,119.282376
dyb,3,257.735476,43.214352
cvx,3,336.151097,56.958216
dyf,3,257.681561,43.189394
dzb2,3,670.724823,118.905435
dxb,3,207.906784,35.402098
cvy,3,336.398467,57.568674
dzf,3,679.137138,121.124006
dxb2,3,207.610289,35.304799
dyb2,3,258.723272,44.042287
cvz,3,344.028405,60.207579
dzb3,3,670.926832,118.607905
dxb3,3,208.084222,35.288234
dyb3,3,259.233043,43.864514
csxxsyyszz,3,923.402222,150.282460
dyf2,3,258.598399,43.270598
dxf2,3,201.179537,34.724405
csxy,3,150.625608,28.271162
dzf2,3,1045.395187,178.896492
dyf3,3,259.035397,43.379992
csyz,3,218.094009,39.686045
dxf3,3,199.750513,34.061561
dzf3,3,669.941649,118.442511
csxz,3,216.703837,39.531550
dxf,4,200.183794,34.131460
dzb,4,671.493089,118.702614
dyb,4,259.161995,43.357875
cvx,4,337.014040,56.704351
dyf,4,258.472739,43.228819
dzb2,4,671.043450,118.614156
dxb,4,208.060108,35.325386
cvy,4,336.022159,57.409210
dzf,4,670.178422,118.696250
dxb2,4,207.662247,35.298855
dyb2,4,257.346973,43.143995
cvz,4,343.269038,59.516755
dzb3,4,671.337782,118.691120
dxb3,4,207.988353,35.281267
dyb3,4,259.294190,43.875730
csxxsyyszz,4,923.370202,150.223219
dyf2,4,258.385016,43.212905
dxf2,4,201.269656,34.685181
csxy,4,150.663752,28.121835
dzf2,4,1044.717905,178.503558
dyf3,4,258.697872,43.267467
csyz,4,218.155898,39.693961
dxf3,4,199.485140,34.066553
dzf3,4,669.559442,118.519253
csxz,4,216.768146,39.593457
#========================= OptEWE [OpenMP] =========================
#Source type                                  :  Force monopole
#Grid Size                                    :  768 x 768 x 768
#Iterations                                   :  5
#Compute time                                 :  49.309975
#Total effective MLUPS                        :  45.932373
#===================================================================
#Number of threads                            :  7
