dxf,0,145.236136,23.545173
dzb,0,593.556869,97.628131
dyb,0,148.812892,24.443757
cvx,0,178.830526,29.728711
dyf,0,149.265691,24.752897
dzb2,0,593.576566,97.851967
dxb,0,144.937370,23.612630
cvy,0,875.813002,124.412629
dzf,0,593.381699,97.787681
dxb2,0,144.683041,23.575531
dyb2,0,148.922332,24.535450
cvz,0,208.765415,34.702403
dzb3,0,593.512581,97.829948
dxb3,0,144.543752,23.558898
dyb3,0,161.936326,26.421947
csxxsyyszz,0,377.973630,61.725760
dyf2,0,148.888930,24.548806
dxf2,0,155.724693,25.219713
csxy,0,145.632360,24.315278
dzf2,0,1372.000313,198.086909
dyf3,0,148.691349,24.475339
csyz,0,175.586931,29.151026
dxf3,0,144.745285,23.594224
dzf3,0,592.518379,97.318523
csxz,0,175.484776,29.236060
dxf,1,146.660423,23.914319
dzb,1,593.541265,97.875700
dyb,1,148.570540,24.453224
cvx,1,178.728434,29.762255
dyf,1,148.903618,24.586965
dzb2,1,593.542831,97.431799
dxb,1,144.817124,23.584857
cvy,1,173.857576,29.153928
dzf,1,592.470619,97.733337
dxb2,1,144.679039,23.588628
dyb2,1,148.660090,24.489643
cvz,1,208.788920,34.708796
dzb3,1,593.736055,97.397408
dxb3,1,144.619445,23.550186
dyb3,1,161.749669,26.415804
csxxsyyszz,1,371.909952,60.925554
dyf2,1,148.845869,24.559444
dxf2,1,155.783392,25.238397
csxy,1,145.538011,24.309179
dzf2,1,1372.948722,198.598676
dyf3,1,148.747022,24.509790
csyz,1,175.598083,29.137376
dxf3,1,144.626127,23.556351
dzf3,1,592.677449,97.589228
csxz,1,175.572109,29.186878
dxf,2,144.544325,23.577307
dzb,2,593.385312,97.874666
dyb,2,148.727645,24.508828
cvx,2,178.857828,29.797589
dyf,2,148.762855,24.551325
dzb2,2,593.668205,97.910352
dxb,2,144.844219,23.615063
cvy,2,173.342637,29.063616
dzf,2,593.743612,97.915803
dxb2,2,144.613711,23.569187
dyb2,2,148.752520,24.527306
cvz,2,208.819417,34.729776
dzb3,2,593.451428,97.901405
dxb3,2,144.642122,23.583724
dyb3,2,161.415774,26.367464
csxxsyyszz,2,378.107009,61.760296
dyf2,2,149.111037,24.596408
dxf2,2,156.165282,25.304829
csxy,2,145.533792,24.304761
dzf2,2,1367.971348,199.898305
dyf3,2,148.701426,24.757052
csyz,2,175.540443,29.376246
dxf3,2,144.800749,23.731330
dzf3,2,592.570675,97.835885
csxz,2,175.492481,29.202642
dxf,3,144.608443,23.613394
dzb,3,593.755273,97.173412
dyb,3,148.831650,24.508851
cvx,3,178.717550,29.775584
dyf,3,148.699274,24.553719
dzb2,3,593.544633,97.897703
dxb,3,144.743305,23.625130
cvy,3,173.398618,29.095296
dzf,3,592.726083,97.269192
dxb2,3,144.757505,23.619021
dyb2,3,148.958520,24.540915
cvz,3,208.750176,34.715029
dzb3,3,593.903070,97.983274
dxb3,3,144.571305,23.590125
dyb3,3,161.772937,26.423450
csxxsyyszz,3,377.777394,61.719629
dyf2,3,148.859551,24.577704
dxf2,3,155.771041,25.263929
csxy,3,145.605258,24.317192
dzf2,3,1372.852264,199.215571
dyf3,3,148.679914,24.491546
csyz,3,175.543203,29.159138
dxf3,3,144.866290,23.598073
dzf3,3,592.464806,97.692980
csxz,3,175.550251,29.207048
dxf,4,144.594086,23.577254
dzb,4,593.592138,97.601509
dyb,4,148.576358,24.497888
cvx,4,178.785637,29.774636
dyf,4,148.866947,24.572102
dzb2,4,593.582338,97.899931
dxb,4,144.701415,23.594135
cvy,4,173.328066,29.092867
dzf,4,592.478612,97.653614
dxb2,4,144.590488,23.595731
dyb2,4,148.924040,24.568122
cvz,4,208.754374,34.712994
dzb3,4,593.374759,97.877663
dxb3,4,144.686366,23.617695
dyb3,4,161.965383,26.448673
csxxsyyszz,4,378.103688,61.762738
dyf2,4,148.891539,24.563257
dxf2,4,155.986839,25.273966
csxy,4,145.613176,24.319009
dzf2,4,1372.589342,198.126124
dyf3,4,148.709814,24.508244
csyz,4,175.555955,29.159149
dxf3,4,144.871772,23.626502
dzf3,4,592.625377,97.066721
csxz,4,176.631511,29.412805
#========================= OptEWE [OpenMP] =========================
#Source type                                  :  Force monopole
#Grid Size                                    :  768 x 768 x 768
#Iterations                                   :  5
#Compute time                                 :  38.494835
#Total effective MLUPS                        :  58.837093
#===================================================================
#Number of threads                            :  15
