dxf,0,119.418929,22.212290
dzb,0,438.071960,84.921243
dyb,0,136.613472,25.302324
cvx,0,155.503643,29.049219
dyf,0,136.591141,25.320953
dzb2,0,437.710901,85.007518
dxb,0,120.422429,22.400669
cvy,0,942.856294,147.889228
dzf,0,436.827051,84.887935
dxb2,0,120.016005,22.390608
dyb2,0,137.121759,25.448787
cvz,0,164.621955,31.556466
dzb3,0,437.258372,85.039654
dxb3,0,120.013611,22.395695
dyb3,0,136.947758,25.404801
csxxsyyszz,0,417.669112,74.128665
dyf2,0,136.638980,25.361258
dxf2,0,119.008547,22.238123
csxy,0,112.556618,22.011730
dzf2,0,437.358136,85.084835
dyf3,0,136.851840,25.419113
csyz,0,134.530689,26.337349
dxf3,0,118.774426,22.211931
dzf3,0,437.362109,85.119730
csxz,0,134.345008,26.373604
dxf,1,118.905211,22.260541
dzb,1,439.360046,85.490770
dyb,1,136.589414,25.601235
cvx,1,155.582850,29.261591
dyf,1,136.688507,25.513702
dzb2,1,437.804861,85.560556
dxb,1,120.498078,22.519436
cvy,1,153.744743,28.818707
dzf,1,436.590959,85.071939
dxb2,1,120.124046,22.456919
dyb2,1,137.019539,25.475530
cvz,1,164.732076,31.636497
dzb3,1,439.464261,85.511671
dxb3,1,120.462844,22.489647
dyb3,1,137.028034,25.473535
csxxsyyszz,1,411.627457,73.414328
dyf2,1,136.691668,25.389486
dxf2,1,119.087485,22.298270
csxy,1,112.624792,22.050007
dzf2,1,437.149638,85.148831
dyf3,1,136.742198,25.452999
csyz,1,134.618393,26.386937
dxf3,1,118.852705,22.253435
dzf3,1,437.418126,85.204241
csxz,1,134.449435,26.385207
dxf,2,118.895016,22.288480
dzb,2,437.803244,85.285366
dyb,2,136.840691,25.446418
cvx,2,155.473984,29.103219
dyf,2,136.699951,25.430648
dzb2,2,437.735428,85.291225
dxb,2,120.333761,22.475658
cvy,2,153.854700,28.856565
dzf,2,436.722676,85.131132
dxb2,2,120.060307,22.433932
dyb2,2,137.000466,25.467548
cvz,2,164.887838,31.657098
dzb3,2,437.303597,85.151052
dxb3,2,120.105166,22.459419
dyb3,2,137.076268,25.475846
csxxsyyszz,2,417.487041,74.277444
dyf2,2,136.554425,25.405925
dxf2,2,120.939855,22.619965
csxy,2,112.558584,22.078020
dzf2,2,437.220964,85.236922
dyf3,2,136.848524,25.507126
csyz,2,134.603000,26.395177
dxf3,2,118.839802,22.284690
dzf3,2,437.550354,85.267748
csxz,2,134.399072,26.414852
dxf,3,118.809355,22.295689
dzb,3,437.791232,85.303719
dyb,3,136.626156,25.427315
cvx,3,155.527714,29.150796
dyf,3,136.538651,25.437867
dzb2,3,437.682625,85.236446
dxb,3,120.328910,22.500026
cvy,3,153.972004,28.882664
dzf,3,438.472691,85.353939
dxb2,3,120.351898,22.513820
dyb2,3,137.074987,25.503220
cvz,3,164.623465,31.638075
dzb3,3,437.396163,85.203575
dxb3,3,120.017715,22.454871
dyb3,3,137.237743,25.488454
csxxsyyszz,3,412.975067,73.500208
dyf2,3,136.716675,25.413202
dxf2,3,119.009301,22.319407
csxy,3,112.547711,22.056389
dzf2,3,437.110310,85.130591
dyf3,3,136.867946,25.500332
csyz,3,134.557246,26.388679
dxf3,3,118.849585,22.276002
dzf3,3,437.323355,85.215666
csxz,3,134.420488,26.413872
dxf,4,118.819444,22.288794
dzb,4,437.793249,85.283918
dyb,4,136.556831,25.425916
cvx,4,155.520039,29.157902
dyf,4,136.749112,25.449207
dzb2,4,437.592895,85.240527
dxb,4,120.416225,22.516476
cvy,4,153.890398,28.877781
dzf,4,436.658162,85.107839
dxb2,4,120.211437,22.499491
dyb2,4,137.062018,25.506600
cvz,4,164.698628,31.663682
dzb3,4,437.299659,85.191002
dxb3,4,120.017599,22.457063
dyb3,4,137.095830,25.502166
csxxsyyszz,4,414.011887,73.811426
dyf2,4,136.670441,25.436052
dxf2,4,119.026654,22.338400
csxy,4,112.579443,22.078038
dzf2,4,437.192633,85.179364
dyf3,4,136.821262,25.507994
csyz,4,134.584562,26.402076
dxf3,4,118.838602,22.293626
dzf3,4,437.585101,85.288598
csxz,4,134.455906,26.497290
#========================= OptEWE [OpenMP] =========================
#Source type                                  :  Force monopole
#Grid Size                                    :  768 x 768 x 768
#Iterations                                   :  5
#Compute time                                 :  27.962200
#Total effective MLUPS                        :  80.999498
#===================================================================
#Number of threads                            :  17
