dxf,0,220.855853,34.951930
dzb,0,714.255435,117.722336
dyb,0,289.378776,44.977764
cvx,0,390.883791,61.009654
dyf,0,289.124284,44.905173
dzb2,0,715.774335,118.671538
dxb,0,230.705012,36.371838
cvy,0,1307.910707,188.260452
dzf,0,712.836288,117.554713
dxb2,0,229.786156,36.254361
dyb2,0,288.851986,44.879878
cvz,0,397.122548,63.675464
dzb3,0,713.907710,117.767186
dxb3,0,231.761848,36.479861
dyb3,0,290.246355,45.634901
csxxsyyszz,0,1072.001937,161.909469
dyf2,0,289.918982,45.017019
dxf2,0,222.231819,35.616741
csxy,0,163.189077,28.345818
dzf2,0,1091.404332,174.633800
dyf3,0,289.719394,45.046636
csyz,0,229.687159,39.141773
dxf3,0,220.752342,35.013981
dzf3,0,713.119047,117.664390
csxz,0,228.996917,39.089275
dxf,1,220.821120,35.026506
dzb,1,715.629324,117.990380
dyb,1,289.383351,44.979221
cvx,1,390.741692,61.285640
dyf,1,288.804855,44.919611
dzb2,1,713.808384,117.785868
dxb,1,230.640396,36.348478
cvy,1,390.138500,62.291532
dzf,1,712.840035,118.581661
dxb2,1,229.841795,36.338882
dyb2,1,288.869342,45.049422
cvz,1,397.123718,63.740719
dzb3,1,713.503788,117.911363
dxb3,1,232.729627,36.809198
dyb3,1,290.142299,45.796526
csxxsyyszz,1,1065.289188,161.749483
dyf2,1,289.631453,45.118931
dxf2,1,222.313060,35.772552
csxy,1,163.276279,28.441737
dzf2,1,1090.416228,174.810592
dyf3,1,289.633815,45.034449
csyz,1,231.279649,39.387395
dxf3,1,220.862677,35.171883
dzf3,1,713.298112,118.068916
csxz,1,230.158775,39.260795
dxf,2,220.986238,35.066757
dzb,2,714.118109,118.003776
dyb,2,289.289198,45.148002
cvx,2,390.615084,61.391337
dyf,2,289.043089,44.987048
dzb2,2,714.038065,117.810793
dxb,2,230.508437,36.380714
cvy,2,388.885200,61.719694
dzf,2,712.865572,117.941559
dxb2,2,229.901193,36.297765
dyb2,2,288.053576,44.848078
cvz,2,396.888959,63.735953
dzb3,2,715.472710,118.389650
dxb3,2,231.807808,36.657220
dyb3,2,290.100446,45.670204
csxxsyyszz,2,1070.299618,161.967928
dyf2,2,289.836494,45.192704
dxf2,2,222.259055,35.624702
csxy,2,163.300924,28.357700
dzf2,2,1091.199873,174.872762
dyf3,2,289.654430,45.162201
csyz,2,229.569719,39.244992
dxf3,2,220.790734,35.125493
dzf3,2,714.457280,118.003568
csxz,2,229.089012,39.101700
dxf,3,220.880535,35.097493
dzb,3,714.151082,118.141008
dyb,3,289.148818,45.049211
cvx,3,390.691114,61.377373
dyf,3,288.964832,44.959190
dzb2,3,713.948562,118.076480
dxb,3,230.533125,36.463110
cvy,3,389.005390,61.693293
dzf,3,713.202842,117.737816
dxb2,3,229.830207,36.310933
dyb2,3,290.600572,45.316770
cvz,3,397.166122,63.906914
dzb3,3,713.886057,117.945081
dxb3,3,231.753645,36.606383
dyb3,3,290.200589,45.644477
csxxsyyszz,3,1064.606662,163.507875
dyf2,3,288.817130,47.034989
dxf2,3,221.769077,36.911871
csxy,3,162.955283,28.837247
dzf2,3,1090.320123,174.908885
dyf3,3,289.632442,45.063224
csyz,3,230.963114,39.347851
dxf3,3,220.838913,35.053949
dzf3,3,713.291064,117.849523
csxz,3,228.839426,39.118358
dxf,4,220.930501,35.064257
dzb,4,714.083649,117.965170
dyb,4,289.262675,44.999480
cvx,4,390.618529,61.420776
dyf,4,289.184871,44.985265
dzb2,4,715.611590,118.031870
dxb,4,230.563867,36.375176
cvy,4,388.882884,61.562652
dzf,4,714.633913,117.899746
dxb2,4,229.990004,36.251551
dyb2,4,288.850388,44.910756
cvz,4,396.926473,63.696849
dzb3,4,714.228281,117.843424
dxb3,4,231.742715,36.530185
dyb3,4,290.211305,45.637714
csxxsyyszz,4,1065.282189,161.019096
dyf2,4,289.871216,45.083440
dxf2,4,222.437052,35.701767
csxy,4,163.255669,28.392757
dzf2,4,1090.890609,174.625159
dyf3,4,289.546977,45.047315
csyz,4,229.558152,39.118422
dxf3,4,220.761277,35.025591
dzf3,4,713.115807,117.645903
csxz,4,228.963685,39.148502
#========================= OptEWE [OpenMP] =========================
#Source type                                  :  Force monopole
#Grid Size                                    :  768 x 768 x 768
#Iterations                                   :  5
#Compute time                                 :  54.024548
#Total effective MLUPS                        :  41.923982
#===================================================================
#Number of threads                            :  7
