dxf,0,95.130798,22.196246
dzb,0,353.316267,86.813661
dyb,0,95.923860,22.946816
cvx,0,109.686798,27.179350
dyf,0,95.600706,22.989875
dzb2,0,353.195364,87.112774
dxb,0,94.333713,22.227012
cvy,0,756.207627,150.662893
dzf,0,352.250913,86.908333
dxb2,0,93.916125,22.179528
dyb2,0,96.160458,23.063791
cvz,0,127.560640,31.722056
dzb3,0,352.773766,87.177097
dxb3,0,93.794861,22.192357
dyb3,0,96.051658,23.057665
csxxsyyszz,0,217.325854,52.809189
dyf2,0,95.897236,23.077620
dxf2,0,94.045671,22.264455
csxy,0,91.135695,22.655672
dzf2,0,352.428522,87.170803
dyf3,0,95.397710,22.993429
csyz,0,109.172498,27.211121
dxf3,0,93.866925,22.315379
dzf3,0,352.756446,87.295260
csxz,0,109.011623,27.135177
dxf,1,93.862490,22.243063
dzb,1,353.245662,87.382278
dyb,1,96.101282,23.120938
cvx,1,109.832758,27.332277
dyf,1,95.730348,23.087667
dzb2,1,353.247437,87.420405
dxb,1,94.283977,22.344934
cvy,1,109.927002,27.347188
dzf,1,352.404785,87.286756
dxb2,1,93.861978,22.233679
dyb2,1,96.099906,23.114969
cvz,1,127.628093,31.839375
dzb3,1,352.843198,87.373667
dxb3,1,93.901219,22.254218
dyb3,1,96.116350,23.133390
csxxsyyszz,1,214.180117,52.273086
dyf2,1,95.827688,23.092496
dxf2,1,94.144346,22.320055
csxy,1,91.169499,22.709170
dzf2,1,352.305103,87.250123
dyf3,1,95.573116,23.053442
csyz,1,109.094002,27.110350
dxf3,1,93.856974,22.244967
dzf3,1,352.757846,87.366109
csxz,1,109.217182,27.209837
dxf,2,93.730047,22.233137
dzb,2,353.155502,87.453611
dyb,2,95.839992,23.080270
cvx,2,109.750323,27.345874
dyf,2,95.603396,23.078979
dzb2,2,353.206640,87.489407
dxb,2,94.308410,22.336234
cvy,2,109.795415,27.337821
dzf,2,352.261603,87.296070
dxb2,2,93.828472,22.253397
dyb2,2,96.024826,23.101931
cvz,2,127.569611,31.849013
dzb3,2,352.786667,87.412113
dxb3,2,93.955212,22.271588
dyb3,2,96.179588,23.136833
csxxsyyszz,2,214.296582,52.320732
dyf2,2,95.657550,23.076520
dxf2,2,94.102844,22.321243
csxy,2,91.149853,22.701826
dzf2,2,352.218028,87.267238
dyf3,2,95.550750,23.051125
csyz,2,109.057183,27.114955
dxf3,2,93.798075,22.246805
dzf3,2,352.685012,87.422667
csxz,2,109.087239,27.170707
dxf,3,93.821177,22.263394
dzb,3,354.869639,87.857646
dyb,3,95.848144,23.045673
cvx,3,109.737038,27.342440
dyf,3,95.665420,23.115403
dzb2,3,353.182521,87.519000
dxb,3,94.330003,22.369230
cvy,3,109.875678,27.366343
dzf,3,352.311046,87.345146
dxb2,3,93.890225,22.262236
dyb2,3,96.145492,23.141017
cvz,3,127.642366,31.859014
dzb3,3,352.814928,87.445527
dxb3,3,93.862723,22.267572
dyb3,3,96.052055,23.140459
csxxsyyszz,3,214.138567,52.299750
dyf2,3,95.752526,23.105109
dxf2,3,93.984476,22.296332
csxy,3,91.172050,22.714952
dzf2,3,352.396515,87.338463
dyf3,3,95.470413,23.061517
csyz,3,109.106949,27.140476
dxf3,3,93.766899,22.251378
dzf3,3,352.649762,87.415673
csxz,3,109.091671,27.192941
dxf,4,93.799626,22.266179
dzb,4,353.278742,87.531648
dyb,4,95.819111,23.066598
cvx,4,109.865828,27.391480
dyf,4,95.546155,23.091018
dzb2,4,353.077215,87.504715
dxb,4,94.344131,22.383022
cvy,4,109.827927,27.361871
dzf,4,352.344423,87.387013
dxb2,4,93.883809,22.272945
dyb2,4,96.157901,23.173563
cvz,4,127.553566,31.863795
dzb3,4,352.732791,87.461912
dxb3,4,93.822078,22.248794
dyb3,4,96.165895,23.149117
csxxsyyszz,4,214.093617,52.304630
dyf2,4,95.764970,23.119218
dxf2,4,93.965123,22.281108
csxy,4,91.154858,22.708463
dzf2,4,352.265802,87.313654
dyf3,4,95.492600,23.076106
csyz,4,109.070205,27.134529
dxf3,4,94.241874,22.375695
dzf3,4,352.623868,87.396927
csxz,4,109.189163,27.279092
#========================= OptEWE [OpenMP] =========================
#Source type                                  :  Force monopole
#Grid Size                                    :  768 x 768 x 768
#Iterations                                   :  5
#Compute time                                 :  21.283834
#Total effective MLUPS                        :  106.415231
#===================================================================
#Number of threads                            :  21
