dxf,0,104.752940,21.649146
dzb,0,388.192112,83.862061
dyb,0,107.761877,22.653227
cvx,0,121.022077,26.163644
dyf,0,107.837362,22.698404
dzb2,0,388.367440,84.073956
dxb,0,104.221297,21.661929
cvy,0,776.540335,136.447391
dzf,0,387.735569,83.937896
dxb2,0,103.993402,21.644121
dyb2,0,108.177944,22.760270
cvz,0,140.689207,30.561138
dzb3,0,387.997975,84.091702
dxb3,0,104.048751,21.667293
dyb3,0,108.133527,22.771814
csxxsyyszz,0,276.489016,57.346978
dyf2,0,107.902601,22.751238
dxf2,0,103.898368,21.659593
csxy,0,100.051275,21.788617
dzf2,0,387.714781,84.079412
dyf3,0,107.767638,22.732297
csyz,0,119.627350,26.060842
dxf3,0,103.873167,21.664851
dzf3,0,387.914756,84.184106
csxz,0,119.567999,26.093492
dxf,1,103.800823,21.654705
dzb,1,388.335084,84.255144
dyb,1,107.857961,22.725375
cvx,1,120.943161,26.238345
dyf,1,107.845570,22.769761
dzb2,1,389.644585,84.491835
dxb,1,104.349258,21.727656
cvy,1,121.055039,26.227853
dzf,1,387.820675,84.182133
dxb2,1,104.105774,21.712560
dyb2,1,108.220452,22.813240
cvz,1,140.572452,30.579705
dzb3,1,388.153337,84.242832
dxb3,1,104.077390,21.733641
dyb3,1,108.366957,22.849295
csxxsyyszz,1,275.718206,57.259180
dyf2,1,107.915045,22.796558
dxf2,1,103.963339,21.719921
csxy,1,100.089476,21.851274
dzf2,1,387.652561,84.131441
dyf3,1,107.638890,22.785375
csyz,1,119.597420,26.087310
dxf3,1,103.834114,21.686372
dzf3,1,388.019617,84.294897
csxz,1,119.520081,26.140819
dxf,2,103.969360,21.706821
dzb,2,388.307816,84.283329
dyb,2,107.782939,22.742323
cvx,2,121.022255,26.270069
dyf,2,107.762687,22.782292
dzb2,2,388.442094,84.307993
dxb,2,104.264355,21.745388
cvy,2,121.008629,26.246205
dzf,2,387.623461,84.204095
dxb2,2,104.079958,21.718222
dyb2,2,108.403728,22.852244
cvz,2,140.467671,30.589555
dzb3,2,388.016536,84.232294
dxb3,2,104.199023,21.752037
dyb3,2,107.997456,22.799848
csxxsyyszz,2,276.414690,57.410609
dyf2,2,107.971553,22.805275
dxf2,2,103.926165,21.712155
csxy,2,100.021662,21.837204
dzf2,2,387.572452,84.196128
dyf3,2,109.583872,23.099860
csyz,2,119.608420,26.101324
dxf3,2,103.879143,21.703320
dzf3,2,388.057126,84.337249
csxz,2,119.570449,26.169005
dxf,3,104.565115,22.074336
dzb,3,388.297973,85.096992
dyb,3,107.928802,22.975591
cvx,3,121.226001,26.537899
dyf,3,107.923566,23.016309
dzb2,3,388.529068,84.543674
dxb,3,104.248314,21.782242
cvy,3,121.146756,26.271732
dzf,3,389.045324,84.425943
dxb2,3,104.152577,21.741850
dyb2,3,108.098365,22.824478
cvz,3,140.583625,30.620375
dzb3,3,388.026034,84.290321
dxb3,3,104.133585,21.751025
dyb3,3,108.197333,22.836399
csxxsyyszz,3,276.575821,57.465092
dyf2,3,107.984749,22.813264
dxf2,3,104.073844,21.743333
csxy,3,100.054200,21.837074
dzf2,3,387.768914,84.170898
dyf3,3,107.656599,22.771469
csyz,3,119.629080,26.078150
dxf3,3,103.929765,21.701524
dzf3,3,388.094113,84.283217
csxz,3,119.533737,26.132445
dxf,4,103.800933,21.684509
dzb,4,388.465640,84.318831
dyb,4,107.746989,22.757226
cvx,4,120.944961,26.265998
dyf,4,107.867592,22.804223
dzb2,4,388.376035,84.292784
dxb,4,104.263577,21.780759
cvy,4,121.121568,26.272178
dzf,4,387.652755,84.200119
dxb2,4,104.022782,21.720643
dyb2,4,108.098646,22.825028
cvz,4,140.563232,30.596383
dzb3,4,388.009090,84.245974
dxb3,4,104.154157,21.753848
dyb3,4,108.089004,22.805797
csxxsyyszz,4,276.460897,57.410013
dyf2,4,108.203159,22.825825
dxf2,4,104.047797,21.751756
csxy,4,99.954453,21.822605
dzf2,4,387.643786,84.173508
dyf3,4,107.925474,22.799875
csyz,4,119.601528,26.084747
dxf3,4,103.926626,21.701611
dzf3,4,387.976269,84.266399
csxz,4,119.646264,26.214291
#========================= OptEWE [OpenMP] =========================
#Source type                                  :  Force monopole
#Grid Size                                    :  768 x 768 x 768
#Iterations                                   :  5
#Compute time                                 :  23.653687
#Total effective MLUPS                        :  95.753538
#===================================================================
#Number of threads                            :  19
