dxf,0,191.796229,31.853825
dzb,0,681.595384,116.584991
dyb,0,243.951714,39.864447
cvx,0,307.062132,51.105845
dyf,0,244.754164,39.979622
dzb2,0,682.592110,116.815682
dxb,0,198.499354,32.922234
cvy,0,1003.195900,150.990961
dzf,0,681.105186,116.624676
dxb2,0,198.392306,32.849425
dyb2,0,243.719262,39.891744
cvz,0,317.921893,54.083845
dzb3,0,681.419110,116.667828
dxb3,0,198.126797,32.807073
dyb3,0,246.024782,40.630545
csxxsyyszz,0,844.986908,134.470774
dyf2,0,244.521415,39.951667
dxf2,0,194.727242,32.658539
csxy,0,153.968295,27.883409
dzf2,0,1083.011224,178.463651
dyf3,0,244.143682,39.905333
csyz,0,229.990034,40.275510
dxf3,0,191.928564,31.908247
dzf3,0,681.545137,116.778216
csxz,0,226.423770,39.810363
dxf,1,191.652743,31.880638
dzb,1,681.482570,116.683059
dyb,1,243.890134,39.870810
cvx,1,307.119491,51.117876
dyf,1,244.341310,39.945209
dzb2,1,683.277239,117.125561
dxb,1,198.372235,32.889868
cvy,1,309.412764,51.792188
dzf,1,680.815101,116.597070
dxb2,1,198.392254,32.828709
dyb2,1,243.594758,39.854587
cvz,1,318.025049,54.091836
dzb3,1,681.183761,116.628905
dxb3,1,198.108076,32.827374
dyb3,1,246.259527,40.624629
csxxsyyszz,1,844.927798,134.379471
dyf2,1,244.726641,39.965178
dxf2,1,194.679446,32.684543
csxy,1,153.899435,27.866098
dzf2,1,1081.874677,178.286424
dyf3,1,244.147091,39.953529
csyz,1,230.248441,40.311588
dxf3,1,191.983901,31.924783
dzf3,1,680.331887,116.528904
csxz,1,227.130486,39.919174
dxf,2,191.554625,31.865185
dzb,2,681.496878,116.696359
dyb,2,243.787112,39.865038
cvx,2,307.156984,51.172327
dyf,2,244.462717,39.965678
dzb2,2,681.337785,116.686325
dxb,2,199.924733,33.109798
cvy,2,309.470675,51.812828
dzf,2,680.795358,116.553011
dxb2,2,198.408166,32.851307
dyb2,2,243.533272,39.858941
cvz,2,317.935327,54.108679
dzb3,2,681.065762,116.797540
dxb3,2,197.865185,32.846863
dyb3,2,245.834639,40.643332
csxxsyyszz,2,846.538686,134.748141
dyf2,2,244.589603,40.030170
dxf2,2,194.665692,32.752378
csxy,2,154.130064,27.900999
dzf2,2,1082.162365,178.318191
dyf3,2,244.225361,39.951570
csyz,2,230.230867,40.321412
dxf3,2,192.001555,31.925082
dzf3,2,680.732458,116.659898
csxz,2,226.049575,39.757831
dxf,3,191.672839,31.864243
dzb,3,682.858860,116.948562
dyb,3,243.829105,39.921666
cvx,3,307.219620,51.180401
dyf,3,244.500076,40.007939
dzb2,3,681.385686,116.722088
dxb,3,198.305005,32.880208
cvy,3,309.334071,51.819796
dzf,3,681.816007,116.877286
dxb2,3,198.391107,32.887541
dyb2,3,243.466384,39.818057
cvz,3,317.966316,54.112334
dzb3,3,681.127988,116.706740
dxb3,3,198.119153,32.822399
dyb3,3,246.461912,40.736401
csxxsyyszz,3,842.286214,134.098648
dyf2,3,244.386138,39.946453
dxf2,3,194.736833,32.683372
csxy,3,153.937395,27.887124
dzf2,3,1082.825212,178.671525
dyf3,3,244.158772,40.717817
csyz,3,230.145002,41.027810
dxf3,3,191.888101,32.505147
dzf3,3,680.340890,117.986270
csxz,3,225.948793,39.740485
dxf,4,191.635460,31.841646
dzb,4,682.641766,116.804968
dyb,4,243.617682,39.835840
cvx,4,306.987656,51.127896
dyf,4,244.393438,39.970993
dzb2,4,681.458740,116.722879
dxb,4,198.202089,32.871196
cvy,4,309.287394,51.779656
dzf,4,681.902783,116.799311
dxb2,4,198.279048,32.836745
dyb2,4,243.501696,39.895391
cvz,4,317.867175,54.087739
dzb3,4,681.208132,116.670479
dxb3,4,198.058454,32.848613
dyb3,4,246.072336,40.652538
csxxsyyszz,4,844.961367,134.426259
dyf2,4,244.619000,39.959905
dxf2,4,194.709251,32.694514
csxy,4,153.949746,27.868255
dzf2,4,1082.585558,178.362333
dyf3,4,244.214566,39.963827
csyz,4,230.081661,40.293050
dxf3,4,191.877178,31.912131
dzf3,4,680.330200,116.533602
csxz,4,226.107478,39.839960
#========================= OptEWE [OpenMP] =========================
#Source type                                  :  Force monopole
#Grid Size                                    :  768 x 768 x 768
#Iterations                                   :  5
#Compute time                                 :  48.291309
#Total effective MLUPS                        :  46.901279
#===================================================================
#Number of threads                            :  6
