dxf,0,133.355371,24.804222
dzb,0,506.722292,97.179957
dyb,0,137.181347,25.884096
cvx,0,157.049859,30.337167
dyf,0,136.287270,25.810759
dzb2,0,506.878936,97.441486
dxb,0,133.825446,24.993264
cvy,0,716.094302,118.258408
dzf,0,506.671387,97.411187
dxb2,0,133.050515,24.884018
dyb2,0,137.037214,25.918271
cvz,0,182.844182,35.347556
dzb3,0,506.599311,97.497802
dxb3,0,133.148770,24.906956
dyb3,0,146.157182,27.531371
csxxsyyszz,0,316.748606,60.287941
dyf2,0,136.356503,25.867223
dxf2,0,141.372414,26.382020
csxy,0,128.669721,24.968977
dzf2,0,1224.064025,202.559378
dyf3,0,136.185508,25.804686
csyz,0,154.382218,29.782902
dxf3,0,132.734508,24.839182
dzf3,0,506.659902,97.476675
csxz,0,154.465008,29.872145
dxf,1,132.892206,24.875635
dzb,1,507.155984,97.613700
dyb,1,137.099926,25.948010
cvx,1,157.025423,30.406516
dyf,1,136.185405,25.873006
dzb2,1,506.828526,97.613500
dxb,1,133.901551,25.059675
cvy,1,151.115267,29.557479
dzf,1,505.893428,97.475907
dxb2,1,133.097164,24.938834
dyb2,1,137.127686,25.969295
cvz,1,182.684898,35.377203
dzb3,1,506.641890,97.638018
dxb3,1,133.057477,24.929919
dyb3,1,146.456799,27.582490
csxxsyyszz,1,316.721842,60.340863
dyf2,1,136.501364,25.906079
dxf2,1,141.496863,26.420580
csxy,1,128.733725,24.994395
dzf2,1,1221.988974,203.999089
dyf3,1,136.200384,25.815400
csyz,1,154.386187,29.794307
dxf3,1,132.914905,24.880504
dzf3,1,506.584108,97.557077
csxz,1,154.405791,29.870468
dxf,2,132.783023,24.871052
dzb,2,506.813204,97.626761
dyb,2,137.067949,25.943683
cvx,2,157.009480,30.410588
dyf,2,136.329122,25.885121
dzb2,2,507.280867,97.708496
dxb,2,133.998198,25.063990
cvy,2,151.276077,29.592022
dzf,2,506.014540,97.243068
dxb2,2,133.255980,24.949220
dyb2,2,137.545666,26.062305
cvz,2,182.783152,35.402190
dzb3,2,506.665674,97.670528
dxb3,2,133.306295,25.003446
dyb3,2,146.293730,27.584028
csxxsyyszz,2,316.553021,60.345780
dyf2,2,136.321540,25.913810
dxf2,2,141.455587,26.418067
csxy,2,128.768144,25.010611
dzf2,2,1222.743604,203.849909
dyf3,2,136.214986,25.835318
csyz,2,154.457378,29.819432
dxf3,2,132.719333,24.865313
dzf3,2,506.586676,97.559442
csxz,2,154.367735,29.884009
dxf,3,132.783981,24.878540
dzb,3,506.882877,97.664379
dyb,3,137.156531,25.987215
cvx,3,157.066679,30.434385
dyf,3,136.132470,25.868991
dzb2,3,506.897107,97.699925
dxb,3,133.737523,25.035168
cvy,3,151.242063,29.598466
dzf,3,507.194157,97.737258
dxb2,3,133.095866,24.939330
dyb2,3,137.119091,26.000344
cvz,3,182.806610,35.438029
dzb3,3,506.743865,97.459162
dxb3,3,133.243964,24.948698
dyb3,3,146.341365,27.582998
csxxsyyszz,3,316.691226,60.391546
dyf2,3,136.419430,25.917467
dxf2,3,141.371324,26.413328
csxy,3,128.685184,24.992023
dzf2,3,1222.867301,203.547331
dyf3,3,136.238303,25.846158
csyz,3,154.432651,29.830373
dxf3,3,132.704219,24.862977
dzf3,3,506.528018,97.567713
csxz,3,154.432049,29.892129
dxf,4,132.877982,24.904953
dzb,4,507.088165,97.688814
dyb,4,136.737934,25.872327
cvx,4,157.141453,30.452086
dyf,4,136.059639,25.842950
dzb2,4,506.898003,97.681887
dxb,4,134.034755,25.095543
cvy,4,151.604102,29.638973
dzf,4,505.906663,97.492552
dxb2,4,133.117457,24.940171
dyb2,4,137.128260,25.965457
cvz,4,182.683553,35.356961
dzb3,4,506.697595,97.449515
dxb3,4,133.143503,24.948749
dyb3,4,146.652226,27.608519
csxxsyyszz,4,316.781334,60.360789
dyf2,4,136.312215,25.885862
dxf2,4,141.334890,26.401826
csxy,4,128.690341,24.991169
dzf2,4,1223.467619,203.262910
dyf3,4,136.096879,25.838559
csyz,4,154.472613,29.836360
dxf3,4,132.750761,24.846063
dzf3,4,506.719621,97.623697
csxz,4,154.388415,30.009120
#========================= OptEWE [OpenMP] =========================
#Source type                                  :  Force monopole
#Grid Size                                    :  768 x 768 x 768
#Iterations                                   :  5
#Compute time                                 :  33.758301
#Total effective MLUPS                        :  67.092363
#===================================================================
#Number of threads                            :  15
