dxf,0,196.738941,28.697429
dzb,0,793.117351,116.812091
dyb,0,230.593775,33.470263
cvx,0,258.186374,38.872316
dyf,0,231.034523,33.549211
dzb2,0,794.132374,117.097235
dxb,0,198.353385,28.902567
cvy,0,980.143223,130.098788
dzf,0,792.548733,116.777910
dxb2,0,198.645242,28.958130
dyb2,0,230.715322,33.489770
cvz,0,291.708636,44.385758
dzb3,0,793.123016,116.973545
dxb3,0,198.311245,28.917869
dyb3,0,235.734303,34.535821
csxxsyyszz,0,706.799908,101.411683
dyf2,0,231.719288,33.605636
dxf2,0,202.387260,29.786766
csxy,0,173.199613,27.121574
dzf2,0,1266.947058,180.704939
dyf3,0,230.981341,33.576547
csyz,0,265.787144,40.094288
dxf3,0,196.173454,28.596119
dzf3,0,792.862959,116.909712
csxz,0,263.724781,39.859512
dxf,1,196.158469,28.587372
dzb,1,793.252515,117.040539
dyb,1,231.536463,33.597257
cvx,1,257.993067,38.863318
dyf,1,231.176029,33.541731
dzb2,1,792.766175,116.987798
dxb,1,198.631365,28.922961
cvy,1,299.618814,44.492522
dzf,1,792.584938,116.973031
dxb2,1,198.581156,28.954497
dyb2,1,230.936017,33.460712
cvz,1,291.658550,44.386722
dzb3,1,793.191399,117.085773
dxb3,1,198.462663,28.915637
dyb3,1,235.336464,34.512042
csxxsyyszz,1,706.128966,101.670102
dyf2,1,231.782446,33.581968
dxf2,1,202.459267,29.772925
csxy,1,173.234997,27.122165
dzf2,1,1267.659366,180.714003
dyf3,1,231.282482,33.509903
csyz,1,265.601092,40.054907
dxf3,1,196.089790,28.577363
dzf3,1,793.298925,120.096349
csxz,1,261.255660,39.988257
dxf,2,195.753179,29.536123
dzb,2,794.599726,117.044487
dyb,2,230.528064,33.416259
cvx,2,258.066007,38.853449
dyf,2,230.979528,33.520281
dzb2,2,793.238456,116.899274
dxb,2,198.592723,28.930615
cvy,2,299.722865,44.498638
dzf,2,792.583181,116.816177
dxb2,2,198.661452,28.928335
dyb2,2,232.333239,33.691546
cvz,2,290.026848,44.140074
dzb3,2,793.480528,117.184221
dxb3,2,198.416807,28.975178
dyb3,2,235.518331,34.507285
csxxsyyszz,2,706.178006,101.669557
dyf2,2,231.531326,33.633278
dxf2,2,202.584025,29.783327
csxy,2,173.304848,27.150061
dzf2,2,1267.017839,180.921706
dyf3,2,231.271947,33.628107
csyz,2,265.231896,40.025181
dxf3,2,196.069069,28.600089
dzf3,2,792.993939,117.177960
csxz,2,263.415474,39.835625
dxf,3,196.259374,28.637885
dzb,3,794.226847,117.258711
dyb,3,230.534677,33.517083
cvx,3,258.205947,38.890035
dyf,3,231.303305,33.564789
dzb2,3,793.203872,117.215574
dxb,3,198.502755,28.959566
cvy,3,299.492960,44.493484
dzf,3,792.717118,117.043207
dxb2,3,198.692557,29.045747
dyb2,3,231.879251,33.713924
cvz,3,290.056314,44.159955
dzb3,3,793.236080,117.163710
dxb3,3,198.551336,29.031927
dyb3,3,235.133518,34.403778
csxxsyyszz,3,705.567417,101.891617
dyf2,3,231.743563,33.586653
dxf2,3,202.598976,29.877265
csxy,3,173.230260,27.139860
dzf2,3,1267.691225,180.867017
dyf3,3,230.911007,33.552389
csyz,3,265.457530,40.033878
dxf3,3,196.062724,28.697319
dzf3,3,792.775581,117.099640
csxz,3,263.671264,39.846199
dxf,4,196.284064,28.713979
dzb,4,794.205454,117.262412
dyb,4,230.566775,33.428579
cvx,4,258.258281,38.898663
dyf,4,231.249550,33.604504
dzb2,4,792.914362,117.158961
dxb,4,198.567050,28.937176
cvy,4,299.684713,44.509028
dzf,4,792.495235,117.014938
dxb2,4,198.561483,28.907325
dyb2,4,232.035164,35.172043
cvz,4,289.090340,44.636516
dzb3,4,794.317193,116.909318
dxb3,4,198.514432,28.861640
dyb3,4,235.380219,34.393320
csxxsyyszz,4,702.243607,101.311855
dyf2,4,231.563476,33.597325
dxf2,4,202.725908,29.854122
csxy,4,173.188836,27.116670
dzf2,4,1268.363387,180.893707
dyf3,4,231.172496,33.610297
csyz,4,265.479222,40.158454
dxf3,4,196.065514,28.689682
dzf3,4,792.845136,117.104047
csxz,4,263.206003,39.812795
#========================= OptEWE [OpenMP] =========================
#Source type                                  :  Force monopole
#Grid Size                                    :  768 x 768 x 768
#Iterations                                   :  5
#Compute time                                 :  51.037685
#Total effective MLUPS                        :  44.377486
#===================================================================
#Number of threads                            :  7
