dxf,0,133.527907,21.443098
dzb,0,550.994522,89.200097
dyb,0,150.333256,24.091274
cvx,0,171.578965,27.725127
dyf,0,150.492699,24.142568
dzb2,0,550.888244,89.333961
dxb,0,134.196709,21.555716
cvy,0,1110.462307,150.935741
dzf,0,549.493187,89.101041
dxb2,0,133.781917,21.528607
dyb2,0,150.428720,24.174117
cvz,0,192.844333,31.554526
dzb3,0,550.498525,89.112071
dxb3,0,134.520197,21.608913
dyb3,0,150.420105,24.132035
csxxsyyszz,0,458.185551,70.538162
dyf2,0,150.364989,24.108107
dxf2,0,133.849628,21.552392
csxy,0,133.942515,22.110684
dzf2,0,549.351442,89.158565
dyf3,0,151.039799,24.240283
csyz,0,161.710146,26.600574
dxf3,0,132.681954,21.399420
dzf3,0,550.051025,89.190099
csxz,0,161.680678,26.626848
dxf,1,132.855109,21.411112
dzb,1,550.880658,89.344083
dyb,1,150.388785,24.122187
cvx,1,171.566739,27.727118
dyf,1,150.343713,24.140056
dzb2,1,552.854068,89.597284
dxb,1,134.339062,21.604388
cvy,1,169.669168,27.484916
dzf,1,549.424847,89.201889
dxb2,1,133.942094,21.570505
dyb2,1,150.403262,24.142815
cvz,1,192.855382,31.574849
dzb3,1,551.099853,89.708939
dxb3,1,134.583603,21.760486
dyb3,1,150.679960,24.283388
csxxsyyszz,1,453.132002,70.231599
dyf2,1,150.336600,24.124944
dxf2,1,133.748562,21.562373
csxy,1,133.860528,22.089589
dzf2,1,549.639494,89.225017
dyf3,1,151.274378,24.295480
csyz,1,161.645826,26.602018
dxf3,1,132.564323,21.392691
dzf3,1,550.052821,89.281318
csxz,1,161.763942,26.642049
dxf,2,132.820601,21.430455
dzb,2,552.337631,89.455887
dyb,2,150.589483,24.144719
cvx,2,171.468359,27.758546
dyf,2,150.412467,24.158394
dzb2,2,551.111260,89.435987
dxb,2,134.121896,21.599295
cvy,2,169.823411,27.518095
dzf,2,549.561014,89.233097
dxb2,2,133.947740,21.556408
dyb2,2,150.579600,24.182513
cvz,2,192.830217,31.599802
dzb3,2,550.393308,89.334340
dxb3,2,134.481725,21.625847
dyb3,2,150.670738,24.194052
csxxsyyszz,2,457.921911,70.614126
dyf2,2,150.520271,24.153551
dxf2,2,133.864792,21.566237
csxy,2,133.914881,22.109718
dzf2,2,551.316528,89.488615
dyf3,2,151.150930,24.277136
csyz,2,161.616744,26.606404
dxf3,2,132.539899,21.397898
dzf3,2,550.110094,89.318643
csxz,2,161.707796,26.635158
dxf,3,132.787521,21.422888
dzb,3,551.083982,89.473664
dyb,3,150.374127,24.160521
cvx,3,171.527939,27.766084
dyf,3,150.321039,24.170040
dzb2,3,551.124972,89.494396
dxb,3,134.187410,21.598499
cvy,3,169.627980,27.519659
dzf,3,549.454062,89.255744
dxb2,3,133.876607,21.579917
dyb2,3,150.668641,24.201150
cvz,3,192.928319,31.581942
dzb3,3,550.377443,89.336875
dxb3,3,134.561337,21.632218
dyb3,3,150.519195,24.146323
csxxsyyszz,3,458.206243,70.612195
dyf2,3,150.371197,24.171798
dxf2,3,133.783725,21.553425
csxy,3,133.941831,22.122229
dzf2,3,549.577064,89.251039
dyf3,3,150.832974,24.245780
csyz,3,161.714250,26.640438
dxf3,3,132.590305,21.419023
dzf3,3,550.015770,89.367970
csxz,3,161.744850,26.688024
dxf,4,132.818206,21.455467
dzb,4,551.104645,89.509906
dyb,4,150.486405,24.184006
cvx,4,171.519161,27.796513
dyf,4,150.383677,24.181101
dzb2,4,551.178573,89.475815
dxb,4,134.187819,21.638772
cvy,4,169.740455,27.542746
dzf,4,551.106248,89.458593
dxb2,4,134.142881,21.619812
dyb2,4,150.721958,24.219134
cvz,4,193.081012,31.641521
dzb3,4,550.567025,89.384105
dxb3,4,134.521675,21.657000
dyb3,4,150.791530,24.220021
csxxsyyszz,4,453.159156,70.024915
dyf2,4,150.403646,24.190496
dxf2,4,133.754360,21.583371
csxy,4,133.872869,22.130424
dzf2,4,549.462648,89.294160
dyf3,4,151.102620,24.303942
csyz,4,161.717117,26.658148
dxf3,4,132.669334,21.445032
dzf3,4,550.159627,89.430962
csxz,4,161.785081,26.730181
#========================= OptEWE [OpenMP] =========================
#Source type                                  :  Force monopole
#Grid Size                                    :  768 x 768 x 768
#Iterations                                   :  5
#Compute time                                 :  33.222195
#Total effective MLUPS                        :  68.175031
#===================================================================
#Number of threads                            :  17
