dxf,0,188.810308,29.536391
dzb,0,666.972363,107.764709
dyb,0,237.521512,36.615580
cvx,0,296.915230,46.711465
dyf,0,239.395537,36.900065
dzb2,0,667.038289,107.832121
dxb,0,194.269254,30.300675
cvy,0,1033.321971,145.778888
dzf,0,666.513128,107.824834
dxb2,0,195.806457,30.520709
dyb2,0,237.497120,36.604864
cvz,0,307.267046,49.428477
dzb3,0,667.193610,108.029389
dxb3,0,194.317011,30.389668
dyb3,0,240.413029,37.470903
csxxsyyszz,0,817.019079,122.790283
dyf2,0,238.756524,36.851074
dxf2,0,191.458792,30.322285
csxy,0,150.759337,25.842456
dzf2,0,1074.190244,166.916157
dyf3,0,238.342954,36.785751
csyz,0,228.191206,37.696070
dxf3,0,187.923393,29.519259
dzf3,0,667.206518,107.970767
csxz,0,226.462354,37.514283
dxf,1,188.529692,29.571502
dzb,1,667.036721,108.025797
dyb,1,237.566004,36.632503
cvx,1,298.738377,46.978725
dyf,1,238.360420,36.821097
dzb2,1,666.890370,107.941769
dxb,1,194.423531,30.421950
cvy,1,303.364529,47.944027
dzf,1,666.429661,107.897503
dxb2,1,194.545559,30.405683
dyb2,1,237.958846,36.680260
cvz,1,307.715034,49.498178
dzb3,1,667.299509,108.066734
dxb3,1,194.358336,30.371216
dyb3,1,240.003838,37.421135
csxxsyyszz,1,817.081108,122.780276
dyf2,1,238.873847,36.814565
dxf2,1,191.477029,30.351092
csxy,1,150.726450,25.842272
dzf2,1,1074.599422,166.940789
dyf3,1,238.244878,36.794935
csyz,1,228.001224,37.680051
dxf3,1,187.954221,29.522113
dzf3,1,666.910920,107.954954
csxz,1,226.404349,37.519941
dxf,2,188.495967,29.584565
dzb,2,667.241688,108.164338
dyb,2,237.461482,36.648925
cvx,2,297.759329,47.516761
dyf,2,238.475798,37.383813
dzb2,2,667.915317,108.143249
dxb,2,194.343617,30.397175
cvy,2,303.076327,47.928042
dzf,2,666.524290,107.947248
dxb2,2,194.595976,30.418900
dyb2,2,237.937962,36.697574
cvz,2,307.276784,49.449684
dzb3,2,667.295353,108.033145
dxb3,2,194.198448,30.354282
dyb3,2,239.834288,37.420368
csxxsyyszz,2,817.142944,122.858785
dyf2,2,238.492743,36.837439
dxf2,2,191.400651,30.405059
csxy,2,150.595699,25.839670
dzf2,2,1073.909451,167.001407
dyf3,2,238.153408,36.826454
csyz,2,227.961875,37.720970
dxf3,2,187.906262,29.537198
dzf3,2,668.015188,108.173217
csxz,2,226.208918,37.505537
dxf,3,188.494703,29.590815
dzb,3,666.864881,108.107480
dyb,3,237.990119,36.709602
cvx,3,299.006900,47.029264
dyf,3,238.854423,36.828987
dzb2,3,666.877135,107.993911
dxb,3,194.396569,30.397399
cvy,3,304.926732,48.183903
dzf,3,666.440024,107.936220
dxb2,3,194.423022,30.395212
dyb2,3,237.479423,36.636914
cvz,3,307.245169,49.450935
dzb3,3,667.399459,108.045261
dxb3,3,194.184074,30.337669
dyb3,3,240.298360,37.462216
csxxsyyszz,3,809.921188,121.856684
dyf2,3,239.043740,36.892706
dxf2,3,191.408892,30.376987
csxy,3,150.829816,25.860739
dzf2,3,1074.311580,166.947741
dyf3,3,238.310543,36.781121
csyz,3,228.051520,37.716002
dxf3,3,187.898462,29.531126
dzf3,3,667.094502,108.023936
csxz,3,227.145894,37.633437
dxf,4,188.337835,29.573748
dzb,4,666.896325,108.000637
dyb,4,237.600905,36.675289
cvx,4,297.087592,46.777136
dyf,4,238.466854,36.836794
dzb2,4,666.749516,107.945920
dxb,4,194.407928,30.416905
cvy,4,303.150819,47.923795
dzf,4,667.684205,108.090610
dxb2,4,194.426189,30.386531
dyb2,4,237.896061,36.691236
cvz,4,307.460050,49.477684
dzb3,4,667.348293,108.023636
dxb3,4,194.161393,30.344032
dyb3,4,240.219956,37.439942
csxxsyyszz,4,809.908770,121.770180
dyf2,4,238.686367,36.810658
dxf2,4,191.418784,30.331198
csxy,4,150.727348,25.843294
dzf2,4,1074.481220,168.728373
dyf3,4,237.821881,38.758498
csyz,4,226.277048,38.604178
dxf3,4,187.474925,31.070868
dzf3,4,666.495195,108.673136
csxz,4,226.551095,37.573624
#========================= OptEWE [OpenMP] =========================
#Source type                                  :  Force monopole
#Grid Size                                    :  768 x 768 x 768
#Iterations                                   :  5
#Compute time                                 :  47.330437
#Total effective MLUPS                        :  47.853439
#===================================================================
#Number of threads                            :  7
