dxf,0,216.966178,30.264666
dzb,0,766.913652,109.876605
dyb,0,280.932746,38.468359
cvx,0,365.763426,50.646149
dyf,0,281.162752,38.498060
dzb2,0,765.165382,109.658946
dxb,0,225.516393,31.314490
cvy,0,1282.188886,162.370145
dzf,0,764.911269,109.583522
dxb2,0,225.771212,31.345274
dyb2,0,281.028553,38.485022
cvz,0,376.237735,53.448401
dzb3,0,766.281573,109.838304
dxb3,0,226.721483,31.473764
dyb3,0,284.896647,39.498155
csxxsyyszz,0,1003.464817,134.260344
dyf2,0,281.928532,38.591333
dxf2,0,220.320741,31.108643
csxy,0,172.694867,26.205081
dzf2,0,1229.890412,170.667897
dyf3,0,281.995712,38.621703
csyz,0,262.272851,38.465194
dxf3,0,218.754091,30.506997
dzf3,0,764.446124,109.616432
csxz,0,257.897586,37.983758
dxf,1,216.676001,30.255498
dzb,1,765.447688,109.743066
dyb,1,280.936886,38.488726
cvx,1,366.450954,50.748850
dyf,1,281.262586,38.553596
dzb2,1,765.210855,109.708861
dxb,1,225.470638,31.332099
cvy,1,367.745177,51.555705
dzf,1,764.852186,109.645203
dxb2,1,227.119416,31.519389
dyb2,1,280.410118,38.439801
cvz,1,376.202583,53.482595
dzb3,1,765.117951,109.706888
dxb3,1,226.431551,31.450771
dyb3,1,282.710842,39.250144
csxxsyyszz,1,998.512327,134.454549
dyf2,1,281.889725,39.117552
dxf2,1,220.414045,31.518835
csxy,1,172.716145,26.395170
dzf2,1,1229.534401,170.610129
dyf3,1,281.961251,38.613496
csyz,1,262.249877,38.449904
dxf3,1,216.972435,30.276114
dzf3,1,764.582121,109.648285
csxz,1,258.049609,37.979567
dxf,2,216.663652,30.235884
dzb,2,765.324770,109.736668
dyb,2,280.781668,38.481152
cvx,2,365.573802,50.767317
dyf,2,281.151424,38.538980
dzb2,2,765.116894,109.652371
dxb,2,225.615818,31.343080
cvy,2,369.398265,51.761557
dzf,2,764.984485,109.645318
dxb2,2,226.054303,31.380773
dyb2,2,280.414124,38.432520
cvz,2,376.071508,53.456126
dzb3,2,765.123287,109.717130
dxb3,2,226.398362,31.461800
dyb3,2,282.734717,39.238899
csxxsyyszz,2,1003.445042,134.269929
dyf2,2,282.010781,38.624677
dxf2,2,220.661760,31.129087
csxy,2,172.758205,26.220152
dzf2,2,1230.696405,170.734897
dyf3,2,281.831330,38.603298
csyz,2,262.342969,38.466534
dxf3,2,217.192066,30.306350
dzf3,2,764.687043,109.796977
csxz,2,257.938201,37.997085
dxf,3,216.738176,30.273003
dzb,3,765.540628,109.870049
dyb,3,280.704808,38.555974
cvx,3,366.022736,50.759420
dyf,3,280.960667,38.579162
dzb2,3,766.715286,109.969606
dxb,3,225.470046,31.372120
cvy,3,367.637949,51.576041
dzf,3,764.702952,109.783039
dxb2,3,225.899299,31.389553
dyb2,3,281.024114,38.568697
cvz,3,376.829630,53.591303
dzb3,3,764.962822,110.131800
dxb3,3,226.388660,31.512333
dyb3,3,282.717969,39.263452
csxxsyyszz,3,998.167845,133.777570
dyf2,3,282.040909,38.725134
dxf2,3,220.418975,31.138027
csxy,3,172.829122,26.240104
dzf2,3,1229.503057,170.713149
dyf3,3,281.677519,38.621670
csyz,3,262.351866,38.483117
dxf3,3,217.176608,30.329605
dzf3,3,765.504343,111.802929
csxz,3,257.902123,37.996002
dxf,4,216.569029,30.264900
dzb,4,765.022671,109.824762
dyb,4,280.868295,38.565233
cvx,4,367.971997,51.038911
dyf,4,281.035144,38.561273
dzb2,4,765.354387,109.839952
dxb,4,225.498940,31.387440
cvy,4,367.700279,51.569215
dzf,4,764.623851,109.838688
dxb2,4,225.730848,31.428421
dyb2,4,280.932088,38.496163
cvz,4,376.605048,53.523372
dzb3,4,765.208254,109.686540
dxb3,4,226.416004,31.473313
dyb3,4,282.287954,39.188450
csxxsyyszz,4,1005.048558,134.411643
dyf2,4,282.109716,38.595638
dxf2,4,220.499545,31.118494
csxy,4,172.811778,26.221828
dzf2,4,1230.037577,170.609178
dyf3,4,281.890562,38.660219
csyz,4,262.356746,38.499858
dxf3,4,216.997393,30.300002
dzf3,4,764.877008,109.607571
csxz,4,257.632015,37.987890
#========================= OptEWE [OpenMP] =========================
#Source type                                  :  Force monopole
#Grid Size                                    :  768 x 768 x 768
#Iterations                                   :  5
#Compute time                                 :  55.334526
#Total effective MLUPS                        :  40.931482
#===================================================================
#Number of threads                            :  7
