dxf,0,165.217382,28.699470
dzb,0,609.567286,110.312721
dyb,0,171.273145,30.013019
cvx,0,169.458038,31.967366
dyf,0,171.526051,30.152395
dzb2,0,609.010616,110.401362
dxb,0,164.897585,28.782699
cvy,0,725.279927,119.117498
dzf,0,608.223074,113.151923
dxb2,0,165.811182,29.702913
dyb2,0,171.158160,30.829739
cvz,0,202.976877,38.610131
dzb3,0,608.286578,111.088458
dxb3,0,165.873195,29.085789
dyb3,0,176.906180,31.704469
csxxsyyszz,0,427.335014,76.825545
dyf2,0,171.211927,30.112144
dxf2,0,169.770277,30.203348
csxy,0,133.279269,25.712285
dzf2,0,1445.908310,241.076102
dyf3,0,171.287730,30.158768
csyz,0,193.717746,35.944203
dxf3,0,164.867224,28.863061
dzf3,0,609.157881,110.787222
csxz,0,193.109964,35.902855
dxf,1,164.840007,28.893548
dzb,1,609.770926,110.880503
dyb,1,171.379514,30.418377
cvx,1,169.394710,32.061167
dyf,1,171.191526,30.179927
dzb2,1,609.099313,110.631897
dxb,1,164.947244,28.839683
cvy,1,242.482831,43.683306
dzf,1,608.132541,110.529457
dxb2,1,165.799733,28.962085
dyb2,1,171.277667,30.129152
cvz,1,203.951322,38.578262
dzb3,1,608.428963,110.589567
dxb3,1,165.630190,28.944247
dyb3,1,176.222289,31.526587
csxxsyyszz,1,427.143544,76.709353
dyf2,1,171.574634,30.173332
dxf2,1,169.615348,30.123338
csxy,1,133.362042,25.729118
dzf2,1,1446.331451,240.612164
dyf3,1,171.353800,30.135487
csyz,1,193.463128,35.916305
dxf3,1,164.799711,28.812772
dzf3,1,609.097953,110.650341
csxz,1,192.907931,35.870806
dxf,2,164.618282,28.811917
dzb,2,609.272788,110.685592
dyb,2,171.091673,30.093838
cvx,2,169.377727,32.025885
dyf,2,171.418429,30.173978
dzb2,2,608.567012,110.577621
dxb,2,164.772359,28.824367
cvy,2,244.452697,43.996764
dzf,2,608.376047,110.594036
dxb2,2,166.005528,29.006871
dyb2,2,171.206697,30.109616
cvz,2,204.133893,38.606078
dzb3,2,608.362926,110.582051
dxb3,2,165.610832,28.959334
dyb3,2,176.737424,31.598640
csxxsyyszz,2,427.061354,76.693722
dyf2,2,171.348747,30.162702
dxf2,2,169.396197,30.095809
csxy,2,133.110968,25.698304
dzf2,2,1445.774455,240.580185
dyf3,2,171.452181,30.171990
csyz,2,193.627531,35.950425
dxf3,2,164.865548,28.821179
dzf3,2,608.998077,110.613890
csxz,2,193.004509,35.872238
dxf,3,164.797547,28.832993
dzb,3,609.344222,110.717892
dyb,3,171.292573,30.120140
cvx,3,169.203816,32.006484
dyf,3,170.990121,30.133777
dzb2,3,608.995114,110.682488
dxb,3,164.802760,28.831299
cvy,3,242.294063,43.669159
dzf,3,608.239833,113.138838
dxb2,3,165.718890,29.783008
dyb2,3,170.877478,30.819789
cvz,3,203.674255,38.626822
dzb3,3,609.847757,110.726541
dxb3,3,165.758587,28.969910
dyb3,3,176.800334,31.596851
csxxsyyszz,3,426.930331,76.646212
dyf2,3,171.427916,30.153600
dxf2,3,169.547836,30.137747
csxy,3,133.248488,25.723373
dzf2,3,1446.148307,240.628636
dyf3,3,171.626728,30.185098
csyz,3,193.808401,35.972081
dxf3,3,164.832715,28.811963
dzf3,3,609.223455,110.654071
csxz,3,193.181306,35.907822
dxf,4,164.728509,28.831830
dzb,4,609.303688,110.689710
dyb,4,170.934184,30.072241
cvx,4,169.164612,32.009456
dyf,4,171.281973,30.212580
dzb2,4,608.917511,110.635193
dxb,4,164.774493,28.845213
cvy,4,242.521817,43.709587
dzf,4,608.193717,110.559520
dxb2,4,165.917683,29.028763
dyb2,4,171.465778,30.111942
cvz,4,203.873872,38.575919
dzb3,4,608.404119,110.593778
dxb3,4,165.912127,29.003575
dyb3,4,176.941635,31.668203
csxxsyyszz,4,426.262856,76.586137
dyf2,4,171.481620,30.181755
dxf2,4,169.458153,30.096287
csxy,4,133.151398,25.711164
dzf2,4,1445.957631,240.628029
dyf3,4,171.610008,30.183025
csyz,4,193.845043,35.975527
dxf3,4,164.823874,28.846163
dzf3,4,609.221869,110.629479
csxz,4,192.948523,35.871340
#========================= OptEWE [OpenMP] =========================
#Source type                                  :  Force monopole
#Grid Size                                    :  768 x 768 x 768
#Iterations                                   :  5
#Compute time                                 :  40.894104
#Total effective MLUPS                        :  55.385103
#===================================================================
#Number of threads                            :  12
