dxf,0,168.457800,25.409257
dzb,0,637.793036,99.245060
dyb,0,188.634538,28.461600
cvx,0,201.316782,31.871148
dyf,0,188.289688,28.403623
dzb2,0,637.610696,99.348650
dxb,0,170.024463,25.645521
cvy,0,929.011881,125.936987
dzf,0,637.073718,99.354460
dxb2,0,170.815963,25.808851
dyb2,0,188.097519,28.374262
cvz,0,230.075977,36.967605
dzb3,0,636.667963,99.295626
dxb3,0,170.801531,25.818463
dyb3,0,196.425118,30.150759
csxxsyyszz,0,543.240510,82.314267
dyf2,0,188.050709,28.389965
dxf2,0,182.722021,27.975336
csxy,0,142.471984,23.596180
dzf2,0,1586.918797,226.920138
dyf3,0,188.685373,28.460084
csyz,0,212.846870,33.852473
dxf3,0,167.878211,25.439012
dzf3,0,637.619959,99.423434
csxz,0,212.914119,33.895380
dxf,1,168.001231,25.471951
dzb,1,637.947947,99.498662
dyb,1,188.572336,28.481245
cvx,1,201.322993,31.912545
dyf,1,188.957221,28.947375
dzb2,1,636.637796,102.570030
dxb,1,169.886590,26.615565
cvy,1,274.042941,42.191566
dzf,1,636.508595,99.325393
dxb2,1,170.581372,25.798200
dyb2,1,187.823238,28.367271
cvz,1,230.080562,36.987557
dzb3,1,637.736903,99.495438
dxb3,1,170.679865,25.816693
dyb3,1,196.047814,30.108191
csxxsyyszz,1,542.940357,82.314721
dyf2,1,188.056570,28.430441
dxf2,1,182.786416,27.988797
csxy,1,142.422573,23.597392
dzf2,1,1587.830721,227.101132
dyf3,1,188.727989,28.518412
csyz,1,213.559785,33.952280
dxf3,1,167.662636,25.408825
dzf3,1,638.195600,99.528845
csxz,1,212.977083,33.924561
dxf,2,167.751379,25.432945
dzb,2,637.656940,99.503294
dyb,2,188.018813,28.440319
cvx,2,201.299006,31.922625
dyf,2,187.896440,28.442823
dzb2,2,637.428752,99.486266
dxb,2,169.693528,25.726059
cvy,2,273.809182,42.068415
dzf,2,636.349241,99.352516
dxb2,2,170.712554,25.813574
dyb2,2,188.183779,28.461310
cvz,2,229.818747,36.982536
dzb3,2,636.748776,99.356635
dxb3,2,170.640278,25.813310
dyb3,2,195.678413,30.095488
csxxsyyszz,2,548.333007,83.027709
dyf2,2,187.839037,28.445935
dxf2,2,182.781981,28.003763
csxy,2,142.314880,23.581773
dzf2,2,1586.662224,226.999102
dyf3,2,188.630747,28.517245
csyz,2,212.931423,33.886692
dxf3,2,168.049533,25.459627
dzf3,2,637.453926,99.410139
csxz,2,212.766044,33.896911
dxf,3,167.769487,25.448347
dzb,3,637.488160,99.484938
dyb,3,188.120742,28.441999
cvx,3,201.260719,31.927707
dyf,3,187.870221,28.412264
dzb2,3,637.853538,99.490301
dxb,3,169.955852,25.741105
cvy,3,273.996957,42.112459
dzf,3,636.439831,99.372396
dxb2,3,170.604600,25.790679
dyb2,3,188.172253,28.479746
cvz,3,229.714471,36.970480
dzb3,3,636.723619,99.373792
dxb3,3,170.830463,25.822836
dyb3,3,196.124194,30.151370
csxxsyyszz,3,544.895093,82.613105
dyf2,3,187.851582,28.412427
dxf2,3,182.460776,28.000291
csxy,3,142.323642,23.603115
dzf2,3,1587.481017,227.217581
dyf3,3,188.566114,28.523353
csyz,3,213.289278,33.939036
dxf3,3,168.052683,25.454049
dzf3,3,637.944457,99.499990
csxz,3,212.695796,33.917276
dxf,4,167.617907,25.787494
dzb,4,637.467473,99.422976
dyb,4,187.865333,28.419974
cvx,4,201.412427,31.951278
dyf,4,188.151006,28.460933
dzb2,4,637.580948,99.498421
dxb,4,169.873792,25.762949
cvy,4,274.247144,42.157672
dzf,4,636.247493,99.328902
dxb2,4,170.663823,25.812158
dyb2,4,187.988679,28.439130
cvz,4,229.781325,36.978379
dzb3,4,636.636030,99.418746
dxb3,4,170.818195,25.849162
dyb3,4,195.760320,30.131313
csxxsyyszz,4,544.822977,82.598928
dyf2,4,188.040148,28.438474
dxf2,4,182.854214,28.058804
csxy,4,142.581456,23.639435
dzf2,4,1587.259926,227.196674
dyf3,4,192.101941,29.008011
csyz,4,212.957699,33.906547
dxf3,4,167.953767,25.469343
dzf3,4,637.568601,99.568208
csxz,4,213.224364,33.927219
#========================= OptEWE [OpenMP] =========================
#Source type                                  :  Force monopole
#Grid Size                                    :  768 x 768 x 768
#Iterations                                   :  5
#Compute time                                 :  44.454369
#Total effective MLUPS                        :  50.949417
#===================================================================
#Number of threads                            :  12
