dxf,0,94.576458,22.513260
dzb,0,348.114970,87.588708
dyb,0,95.597285,23.289149
cvx,0,108.231013,27.334725
dyf,0,95.357465,23.330751
dzb2,0,348.028559,87.864779
dxb,0,93.701293,22.544900
cvy,0,726.840246,147.861816
dzf,0,347.202170,87.644669
dxb2,0,93.301224,22.477983
dyb2,0,95.840448,23.404953
cvz,0,125.696685,31.992280
dzb3,0,347.709185,87.960334
dxb3,0,93.398653,22.529229
dyb3,0,95.784410,23.435581
csxxsyyszz,0,221.805674,54.540199
dyf2,0,95.576364,23.407833
dxf2,0,93.471315,22.568033
csxy,0,89.978557,22.885699
dzf2,0,347.501116,87.977149
dyf3,0,95.276813,23.367129
csyz,0,107.496486,27.320133
dxf3,0,93.376805,22.566224
dzf3,0,347.427425,87.951275
csxz,0,107.524630,27.386473
dxf,1,93.305091,22.558469
dzb,1,348.066528,88.142003
dyb,1,95.503316,23.364467
cvx,1,108.217035,27.452939
dyf,1,95.242765,23.373998
dzb2,1,349.147556,88.387547
dxb,1,93.699526,22.597489
cvy,1,108.307538,27.455837
dzf,1,347.002888,87.949819
dxb2,1,93.460649,22.585134
dyb2,1,95.881311,23.492280
cvz,1,125.714651,32.070846
dzb3,1,347.785261,88.152849
dxb3,1,93.439729,22.570489
dyb3,1,95.869905,23.484296
csxxsyyszz,1,221.772205,54.601335
dyf2,1,95.592168,23.450631
dxf2,1,93.509922,22.605285
csxy,1,89.937472,22.899340
dzf2,1,347.587982,88.110314
dyf3,1,95.379173,23.414849
csyz,1,107.529751,27.362621
dxf3,1,93.414134,22.598968
dzf3,1,347.434221,88.079550
csxz,1,107.475689,27.409504
dxf,2,93.230933,22.565811
dzb,2,347.843113,88.220711
dyb,2,95.576386,23.407346
cvx,2,108.184382,27.453384
dyf,2,96.828145,23.762787
dzb2,2,347.970678,88.248079
dxb,2,93.765183,22.656629
cvy,2,108.328122,27.467333
dzf,2,347.120535,88.040308
dxb2,2,93.352310,22.570254
dyb2,2,95.855886,23.488274
cvz,2,125.805396,32.118513
dzb3,2,347.770343,88.202005
dxb3,2,93.370344,22.559994
dyb3,2,95.817718,23.487194
csxxsyyszz,2,221.738475,54.640510
dyf2,2,95.534524,23.446585
dxf2,2,93.501566,22.616306
csxy,2,89.967909,22.928716
dzf2,2,347.604794,88.150557
dyf3,2,95.276424,23.388151
csyz,2,107.545419,27.379435
dxf3,2,93.484973,22.635171
dzf3,2,347.455411,88.138310
csxz,2,107.552829,27.446692
dxf,3,93.326442,22.606488
dzb,3,348.034338,88.262252
dyb,3,95.642605,23.428863
cvx,3,108.196849,27.478310
dyf,3,95.362895,23.445016
dzb2,3,347.886092,88.300266
dxb,3,93.610615,22.637879
cvy,3,108.367120,27.505668
dzf,3,347.179296,88.117137
dxb2,3,93.370565,22.584865
dyb2,3,96.008977,23.536037
cvz,3,125.673010,32.098444
dzb3,3,347.619362,88.235429
dxb3,3,93.316302,22.576160
dyb3,3,95.792853,23.493814
csxxsyyszz,3,221.705361,54.652980
dyf2,3,98.183026,23.986481
dxf2,3,93.473945,22.578262
csxy,3,90.025169,22.939905
dzf2,3,347.590948,88.215767
dyf3,3,95.354104,23.432410
csyz,3,107.504555,27.383333
dxf3,3,93.380284,22.619899
dzf3,3,347.443209,88.174414
csxz,3,107.484498,27.437266
dxf,4,93.357937,22.617311
dzb,4,347.993166,88.305881
dyb,4,95.468630,23.457847
cvx,4,108.112350,27.478719
dyf,4,95.480094,23.465217
dzb2,4,350.442842,89.593896
dxb,4,93.747695,22.676580
cvy,4,108.467984,27.538418
dzf,4,347.157894,88.128864
dxb2,4,93.271732,22.607840
dyb2,4,96.011872,23.572139
cvz,4,125.839735,32.170754
dzb3,4,347.654880,88.813617
dxb3,4,93.483454,22.748952
dyb3,4,95.897876,23.654644
csxxsyyszz,4,221.712118,54.678756
dyf2,4,95.399337,23.474998
dxf2,4,93.544173,22.666491
csxy,4,90.015821,22.935321
dzf2,4,347.514004,88.184664
dyf3,4,95.232526,23.444873
csyz,4,107.542932,27.412964
dxf3,4,93.401107,22.643623
dzf3,4,347.540981,88.227234
csxz,4,107.552110,27.585835
#========================= OptEWE [OpenMP] =========================
#Source type                                  :  Force monopole
#Grid Size                                    :  768 x 768 x 768
#Iterations                                   :  5
#Compute time                                 :  21.073380
#Total effective MLUPS                        :  107.477975
#===================================================================
#Number of threads                            :  21
