dxf,0,199.655731,29.529678
dzb,0,830.228402,123.506700
dyb,0,221.693562,32.928825
cvx,0,229.851256,35.921845
dyf,0,222.166525,33.029169
dzb2,0,829.945572,123.535173
dxb,0,199.896738,29.568556
cvy,0,920.881656,125.751780
dzf,0,829.788340,123.663673
dxb2,0,201.379145,29.832881
dyb2,0,221.875536,32.982718
cvz,0,287.964764,44.773039
dzb3,0,829.931191,123.546390
dxb3,0,199.766364,29.533866
dyb3,0,229.933684,34.369984
csxxsyyszz,0,630.922933,93.826698
dyf2,0,222.685274,33.048507
dxf2,0,206.569790,30.828554
csxy,0,178.610641,28.325042
dzf2,0,1316.948666,190.068137
dyf3,0,222.457997,32.987218
csyz,0,276.438342,42.137207
dxf3,0,198.918201,29.470601
dzf3,0,830.937729,123.852414
csxz,0,274.420451,41.998508
dxf,1,199.010247,29.524927
dzb,1,830.226421,123.742900
dyb,1,221.826716,33.001697
cvx,1,229.837422,36.135342
dyf,1,222.135604,33.161672
dzb2,1,830.390153,124.063854
dxb,1,199.668056,29.738619
cvy,1,291.644028,44.515404
dzf,1,829.493257,124.164831
dxb2,1,199.673776,29.626099
dyb2,1,222.087886,33.025286
cvz,1,288.298558,44.734491
dzb3,1,830.193261,123.502595
dxb3,1,199.748872,29.539851
dyb3,1,229.690208,34.333092
csxxsyyszz,1,627.422763,93.101207
dyf2,1,222.504773,33.036371
dxf2,1,206.604563,30.811271
csxy,1,178.385796,28.298924
dzf2,1,1317.840292,190.200867
dyf3,1,222.485595,33.037993
csyz,1,276.161478,42.084823
dxf3,1,200.184581,29.585199
dzf3,1,830.168072,123.499721
csxz,1,274.173549,41.887086
dxf,2,199.027300,29.427324
dzb,2,830.259004,123.688755
dyb,2,221.849489,32.964172
cvx,2,229.758147,35.938500
dyf,2,222.448213,33.069434
dzb2,2,830.840858,123.821124
dxb,2,199.787853,29.597551
cvy,2,291.712378,44.340405
dzf,2,829.766408,123.674508
dxb2,2,199.860672,29.608712
dyb2,2,221.976781,33.004985
cvz,2,288.347832,44.799682
dzb3,2,830.137728,123.735418
dxb3,2,199.769591,29.599194
dyb3,2,229.636780,34.386740
csxxsyyszz,2,630.972075,93.860588
dyf2,2,222.592741,33.081603
dxf2,2,206.675193,30.891979
csxy,2,179.233981,28.803940
dzf2,2,1304.433406,192.566977
dyf3,2,222.396780,33.363115
csyz,2,276.954429,42.256346
dxf3,2,198.861225,29.551772
dzf3,2,830.961484,124.012634
csxz,2,273.991405,41.997900
dxf,3,198.963520,29.551056
dzb,3,830.222560,123.508325
dyb,3,221.947275,32.947351
cvx,3,229.759463,35.902526
dyf,3,222.608831,33.046603
dzb2,3,830.852856,123.599221
dxb,3,199.835681,29.551198
cvy,3,291.625327,44.272431
dzf,3,829.636408,123.461201
dxb2,3,199.918305,29.551108
dyb2,3,222.162703,32.999839
cvz,3,287.843782,44.680650
dzb3,3,829.848649,123.503146
dxb3,3,199.822026,29.545326
dyb3,3,229.490133,34.333611
csxxsyyszz,3,632.542998,93.446627
dyf2,3,222.584179,33.086293
dxf2,3,206.662847,30.884172
csxy,3,178.529572,28.355702
dzf2,3,1317.267025,190.248457
dyf3,3,222.210356,32.993277
csyz,3,276.840241,42.208426
dxf3,3,198.921127,29.417823
dzf3,3,829.958862,123.492332
csxz,3,274.181553,41.877009
dxf,4,199.195463,29.463089
dzb,4,830.321800,123.502630
dyb,4,221.925401,32.919100
cvx,4,229.763808,35.885053
dyf,4,222.651233,33.092533
dzb2,4,831.075013,123.628017
dxb,4,199.773156,29.560215
cvy,4,291.742380,44.280991
dzf,4,829.529061,123.443105
dxb2,4,199.867398,29.573662
dyb2,4,221.981423,32.969964
cvz,4,288.544799,44.807026
dzb3,4,829.925132,123.667705
dxb3,4,199.627138,29.573494
dyb3,4,229.691749,34.408768
csxxsyyszz,4,628.219504,93.160587
dyf2,4,222.478987,33.113613
dxf2,4,206.687781,30.874732
csxy,4,178.623307,28.371086
dzf2,4,1317.187624,190.337352
dyf3,4,223.182760,33.175621
csyz,4,276.190493,42.147860
dxf3,4,198.885709,29.474116
dzf3,4,830.034704,123.614062
csxz,4,274.342352,41.916847
#========================= OptEWE [OpenMP] =========================
#Source type                                  :  Force monopole
#Grid Size                                    :  768 x 768 x 768
#Iterations                                   :  5
#Compute time                                 :  51.532230
#Total effective MLUPS                        :  43.951604
#===================================================================
#Number of threads                            :  7
