dxf,0,89.031710,20.488544
dzb,0,320.684543,78.162249
dyb,0,88.147591,20.709174
cvx,0,99.768163,24.456782
dyf,0,88.272924,20.815490
dzb2,0,320.560379,78.436867
dxb,0,85.615227,19.926082
cvy,0,791.291962,151.630196
dzf,0,319.678394,78.253858
dxb2,0,85.870518,20.012272
dyb2,0,88.629309,20.894605
cvz,0,116.016802,28.591136
dzb3,0,320.212376,78.430401
dxb3,0,85.618604,19.983824
dyb3,0,88.427847,20.837899
csxxsyyszz,0,219.651506,51.300055
dyf2,0,88.184840,20.815663
dxf2,0,85.811058,20.023813
csxy,0,82.650020,20.357609
dzf2,0,319.568453,78.396312
dyf3,0,88.187002,20.910117
csyz,0,98.748614,24.337583
dxf3,0,85.375137,19.951286
dzf3,0,320.204722,78.600189
csxz,0,98.686623,24.388548
dxf,1,85.356234,19.973113
dzb,1,320.606628,78.679677
dyb,1,88.129748,20.850151
cvx,1,99.905124,24.586922
dyf,1,88.073482,20.862772
dzb2,1,320.485492,78.683167
dxb,1,85.756605,20.037474
cvy,1,99.851411,24.563323
dzf,1,319.565046,78.523899
dxb2,1,85.797556,20.040755
dyb2,1,88.476510,20.894465
cvz,1,116.055280,28.673276
dzb3,1,320.186726,78.624111
dxb3,1,85.643364,20.027257
dyb3,1,88.574408,20.924596
csxxsyyszz,1,218.885729,51.273235
dyf2,1,88.231330,20.873081
dxf2,1,85.820142,20.057005
csxy,1,82.670720,20.394325
dzf2,1,319.709772,78.551120
dyf3,1,88.257544,20.940328
csyz,1,98.812371,24.385163
dxf3,1,85.422187,20.006587
dzf3,1,320.148893,78.673357
csxz,1,98.733007,24.422349
dxf,2,85.270577,19.981003
dzb,2,320.685129,78.779860
dyb,2,88.087733,20.855382
cvx,2,99.819324,24.593603
dyf,2,88.020137,20.870307
dzb2,2,320.590961,78.780871
dxb,2,85.735866,20.042975
cvy,2,99.913873,24.599586
dzf,2,319.773280,78.628985
dxb2,2,85.808787,20.065324
dyb2,2,88.445310,20.915104
cvz,2,116.053931,28.679704
dzb3,2,321.072497,78.819071
dxb3,2,85.648967,20.024014
dyb3,2,88.611538,20.936691
csxxsyyszz,2,219.720901,51.469993
dyf2,2,88.321057,20.895412
dxf2,2,85.836926,20.100640
csxy,2,82.691295,20.415890
dzf2,2,319.657357,78.591394
dyf3,2,88.187439,20.931411
csyz,2,98.797398,24.399622
dxf3,2,85.357972,20.005038
dzf3,2,320.073396,78.719167
csxz,2,98.723799,24.437471
dxf,3,85.255163,19.988783
dzb,3,320.642575,78.809113
dyb,3,88.164760,20.871047
cvx,3,100.275946,24.682137
dyf,3,88.112735,20.892141
dzb2,3,320.504227,78.797629
dxb,3,85.665456,20.070333
cvy,3,99.865358,24.611866
dzf,3,319.691764,78.653758
dxb2,3,85.734888,20.067630
dyb2,3,88.574496,20.959063
cvz,3,116.074655,28.714828
dzb3,3,320.189006,78.750832
dxb3,3,85.645477,20.059991
dyb3,3,88.375582,20.887445
csxxsyyszz,3,219.688965,51.480529
dyf2,3,88.373143,20.915345
dxf2,3,85.780035,20.102107
csxy,3,82.691231,20.436423
dzf2,3,319.673895,78.612763
dyf3,3,88.382757,20.959847
csyz,3,98.847067,24.410900
dxf3,3,85.381074,20.013274
dzf3,3,320.235795,78.799634
csxz,3,98.740363,24.466010
dxf,4,85.283414,20.005944
dzb,4,320.548051,78.840384
dyb,4,88.160587,20.845448
cvx,4,99.760043,24.601591
dyf,4,87.946463,20.883455
dzb2,4,320.629412,78.872220
dxb,4,85.674625,20.086514
cvy,4,99.726574,24.602841
dzf,4,319.730945,78.699753
dxb2,4,85.802357,20.097352
dyb2,4,88.494027,20.956491
cvz,4,116.259327,28.772335
dzb3,4,320.211518,78.808080
dxb3,4,85.598311,20.062841
dyb3,4,88.531349,20.933360
csxxsyyszz,4,218.708419,51.316326
dyf2,4,88.224303,20.917369
dxf2,4,85.939797,20.126581
csxy,4,82.681855,20.440750
dzf2,4,319.595041,78.666675
dyf3,4,88.305329,20.943203
csyz,4,98.785711,24.407602
dxf3,4,85.368999,20.020992
dzf3,4,320.126704,78.801249
csxz,4,98.726332,24.565045
#========================= OptEWE [OpenMP] =========================
#Source type                                  :  Force monopole
#Grid Size                                    :  768 x 768 x 768
#Iterations                                   :  5
#Compute time                                 :  19.594742
#Total effective MLUPS                        :  115.588365
#===================================================================
#Number of threads                            :  23
