dxf,0,122.931169,25.322085
dzb,0,456.710213,97.626044
dyb,0,125.494730,26.203200
cvx,0,141.681663,30.546640
dyf,0,125.769518,26.371490
dzb2,0,457.674038,98.223427
dxb,0,122.521658,25.376680
cvy,0,708.692598,128.241665
dzf,0,456.294692,97.911324
dxb2,0,122.386836,25.371333
dyb2,0,125.653115,26.355864
cvz,0,164.841489,35.661990
dzb3,0,456.906890,98.208168
dxb3,0,122.185204,25.369441
dyb3,0,125.570326,26.356420
csxxsyyszz,0,298.495631,62.574011
dyf2,0,125.587399,26.359138
dxf2,0,122.582006,25.460603
csxy,0,117.403670,25.398285
dzf2,0,456.656334,98.244548
dyf3,0,125.318519,26.362649
csyz,0,140.404786,30.347579
dxf3,0,122.437213,25.440527
dzf3,0,456.520604,98.253598
csxz,0,140.410989,30.386618
dxf,1,122.388701,25.441921
dzb,1,456.651373,98.307416
dyb,1,125.544677,26.356102
cvx,1,141.712955,30.677881
dyf,1,125.565807,26.418625
dzb2,1,456.881250,98.324982
dxb,1,122.355255,25.430158
cvy,1,141.731116,30.653937
dzf,1,456.237881,98.226619
dxb2,1,122.321369,25.398083
dyb2,1,125.765335,26.381630
cvz,1,164.789138,35.672628
dzb3,1,456.803220,98.295348
dxb3,1,122.323776,25.444085
dyb3,1,125.755419,26.406533
csxxsyyszz,1,298.186774,62.538711
dyf2,1,125.618742,26.391928
dxf2,1,122.477238,25.461684
csxy,1,117.484598,25.432947
dzf2,1,457.733924,98.521864
dyf3,1,125.345033,26.370201
csyz,1,140.337613,30.364068
dxf3,1,122.378683,25.444773
dzf3,1,456.547029,98.259659
csxz,1,140.367771,30.375412
dxf,2,122.410912,25.443453
dzb,2,456.619252,98.234327
dyb,2,125.485694,26.326799
cvx,2,141.564680,30.635017
dyf,2,125.413544,26.370542
dzb2,2,456.849322,98.330455
dxb,2,122.477690,25.468939
cvy,2,141.919243,30.708768
dzf,2,456.382834,98.283486
dxb2,2,122.387164,25.436543
dyb2,2,125.629402,26.398248
cvz,2,164.881206,35.733034
dzb3,2,456.669611,98.336145
dxb3,2,122.233725,25.417960
dyb3,2,125.796374,26.419466
csxxsyyszz,2,298.328928,62.577350
dyf2,2,125.732534,26.415588
dxf2,2,122.457692,25.455645
csxy,2,117.418070,25.419655
dzf2,2,456.637424,98.330710
dyf3,2,125.331831,26.398633
csyz,2,140.455904,30.379894
dxf3,2,122.298493,25.437100
dzf3,2,456.394392,98.330817
csxz,2,140.357655,30.401517
dxf,3,122.392927,25.465131
dzb,3,456.700932,98.391128
dyb,3,125.523792,26.361231
cvx,3,141.597940,30.656943
dyf,3,125.516234,26.430432
dzb2,3,456.845137,98.410225
dxb,3,122.396899,25.446586
cvy,3,141.739748,30.687026
dzf,3,456.379926,98.331437
dxb2,3,122.285638,25.458957
dyb2,3,125.823774,26.444417
cvz,3,164.718418,35.706561
dzb3,3,456.895631,98.411625
dxb3,3,122.383511,25.451945
dyb3,3,125.618630,26.404145
csxxsyyszz,3,301.733693,63.201257
dyf2,3,125.609501,26.403339
dxf2,3,122.424668,25.472722
csxy,3,117.512157,25.444591
dzf2,3,456.723685,98.400268
dyf3,3,125.387798,26.385245
csyz,3,140.361598,30.375806
dxf3,3,122.350467,25.454940
dzf3,3,457.010501,99.562448
csxz,3,140.432167,30.446089
dxf,4,122.346765,25.477850
dzb,4,456.684651,98.431369
dyb,4,125.394259,26.379323
cvx,4,142.809867,31.473335
dyf,4,125.560045,27.452418
dzb2,4,456.812373,101.669675
dxb,4,122.381900,26.182570
cvy,4,141.765236,31.561972
dzf,4,456.252066,99.433809
dxb2,4,122.312950,25.619260
dyb2,4,125.778494,26.618121
cvz,4,164.937367,35.992487
dzb3,4,456.824635,98.671750
dxb3,4,122.360301,25.479682
dyb3,4,125.723902,26.443844
csxxsyyszz,4,296.779435,62.393269
dyf2,4,125.685289,26.451804
dxf2,4,122.591941,25.505673
csxy,4,117.477769,25.435664
dzf2,4,457.351610,98.528630
dyf3,4,125.281596,26.407165
csyz,4,140.434445,30.396516
dxf3,4,122.584897,25.518912
dzf3,4,456.444046,98.569363
csxz,4,140.450480,30.537622
#========================= OptEWE [OpenMP] =========================
#Source type                                  :  Force monopole
#Grid Size                                    :  768 x 768 x 768
#Iterations                                   :  5
#Compute time                                 :  27.436382
#Total effective MLUPS                        :  82.551852
#===================================================================
#Number of threads                            :  16
