dxf,0,105.793184,20.595683
dzb,0,396.902324,80.382691
dyb,0,109.070456,21.606758
cvx,0,123.206665,25.031651
dyf,0,108.842161,21.615310
dzb2,0,397.768439,80.687301
dxb,0,105.257679,20.589680
cvy,0,816.051034,134.347012
dzf,0,396.146232,80.435350
dxb2,0,104.559754,20.513933
dyb2,0,109.499682,21.718793
cvz,0,143.451272,29.223868
dzb3,0,396.687459,80.633203
dxb3,0,104.654307,20.542110
dyb3,0,109.498542,21.714251
csxxsyyszz,0,278.173671,54.410893
dyf2,0,108.983333,21.659075
dxf2,0,105.072499,20.648464
csxy,0,101.564633,20.793139
dzf2,0,396.310955,80.568994
dyf3,0,108.743326,21.639056
csyz,0,121.547630,24.844384
dxf3,0,104.482124,20.537883
dzf3,0,396.621924,80.693874
csxz,0,121.516548,24.887675
dxf,1,104.635178,20.560689
dzb,1,396.815316,80.706052
dyb,1,109.339494,21.727161
cvx,1,123.141311,25.140037
dyf,1,108.954851,21.712349
dzb2,1,396.820969,80.902247
dxb,1,105.196705,20.691675
cvy,1,123.176527,25.137249
dzf,1,397.850876,80.978231
dxb2,1,104.952255,20.607523
dyb2,1,109.415483,21.716755
cvz,1,143.297973,29.249833
dzb3,1,396.525389,80.724173
dxb3,1,104.773113,20.651546
dyb3,1,109.470400,21.775363
csxxsyyszz,1,277.359835,54.475111
dyf2,1,108.942918,21.708980
dxf2,1,105.000086,20.678638
csxy,1,101.537428,20.831068
dzf2,1,396.370042,80.740725
dyf3,1,108.759724,21.636634
csyz,1,121.506487,24.862153
dxf3,1,104.528823,20.555938
dzf3,1,396.598396,80.764820
csxz,1,121.626010,24.986234
dxf,2,104.557445,20.557251
dzb,2,396.881133,80.760073
dyb,2,109.055357,21.674874
cvx,2,123.174599,25.110743
dyf,2,108.809848,21.660578
dzb2,2,396.824007,80.800046
dxb,2,105.226301,20.659881
cvy,2,123.274298,25.129095
dzf,2,396.027377,80.668312
dxb2,2,104.684935,20.591822
dyb2,2,109.477681,21.765839
cvz,2,143.343030,29.269781
dzb3,2,396.626031,80.757991
dxb3,2,104.774847,20.597400
dyb3,2,109.507631,21.740100
csxxsyyszz,2,278.255698,54.506687
dyf2,2,108.875991,21.670404
dxf2,2,104.928468,20.630570
csxy,2,101.609823,20.826930
dzf2,2,396.466034,80.722798
dyf3,2,108.692731,21.700256
csyz,2,121.442013,24.914124
dxf3,2,104.523933,20.624248
dzf3,2,396.540900,80.958481
csxz,2,121.513828,24.974796
dxf,3,104.697007,20.640372
dzb,3,396.959039,80.884392
dyb,3,109.010004,21.677032
cvx,3,123.156592,25.144388
dyf,3,109.003425,21.719546
dzb2,3,396.941353,80.870565
dxb,3,105.226362,20.771757
cvy,3,123.249011,25.179772
dzf,3,396.084434,80.915047
dxb2,3,104.601221,20.657754
dyb2,3,109.524923,21.831721
cvz,3,147.146071,29.964346
dzb3,3,396.496250,80.793207
dxb3,3,104.646178,20.604190
dyb3,3,109.454839,21.756491
csxxsyyszz,3,276.860627,54.319705
dyf2,3,109.021804,21.723822
dxf2,3,104.908924,20.696130
csxy,3,101.540666,20.871782
dzf2,3,396.346174,80.935530
dyf3,3,108.826935,21.763902
csyz,3,121.526231,24.968576
dxf3,3,104.613355,20.667799
dzf3,3,396.545218,81.054264
csxz,3,121.460479,25.009132
dxf,4,104.600729,20.660247
dzb,4,396.880369,81.047482
dyb,4,109.285291,21.927453
cvx,4,123.245678,25.160604
dyf,4,108.888366,21.704792
dzb2,4,396.896157,80.864723
dxb,4,105.135236,20.714711
cvy,4,123.145180,25.125803
dzf,4,396.115988,80.724804
dxb2,4,104.711625,20.609050
dyb2,4,109.385130,21.757786
cvz,4,143.346463,29.296433
dzb3,4,396.579951,80.805779
dxb3,4,104.695062,20.617025
dyb3,4,109.440613,21.747624
csxxsyyszz,4,277.406411,54.408320
dyf2,4,108.913691,21.698082
dxf2,4,105.006729,20.697733
csxy,4,101.525299,20.826239
dzf2,4,396.436345,80.775148
dyf3,4,108.640618,21.688000
csyz,4,121.528355,24.901703
dxf3,4,104.541069,20.588673
dzf3,4,396.657159,80.848295
csxz,4,121.509414,24.998536
#========================= OptEWE [OpenMP] =========================
#Source type                                  :  Force monopole
#Grid Size                                    :  768 x 768 x 768
#Iterations                                   :  5
#Compute time                                 :  24.074907
#Total effective MLUPS                        :  94.078209
#===================================================================
#Number of threads                            :  19
