dxf,0,195.698452,29.212091
dzb,0,819.714212,123.232197
dyb,0,204.069324,30.751191
cvx,0,211.160895,33.770252
dyf,0,204.181467,30.780975
dzb2,0,819.985075,123.383780
dxb,0,196.825864,29.404590
cvy,0,920.800037,126.198913
dzf,0,819.511152,123.334928
dxb2,0,195.117481,29.177243
dyb2,0,204.315559,30.798214
cvz,0,266.392707,42.177767
dzb3,0,819.512270,123.284438
dxb3,0,194.979788,29.128214
dyb3,0,208.982581,31.779906
csxxsyyszz,0,528.572021,81.105011
dyf2,0,204.362665,30.812755
dxf2,0,195.543432,29.606714
csxy,0,170.753216,27.503304
dzf2,0,1201.768564,177.140607
dyf3,0,204.089712,30.757483
csyz,0,257.933110,40.028305
dxf3,0,195.092666,29.192968
dzf3,0,819.942767,123.479158
csxz,0,256.279683,39.827774
dxf,1,195.051594,29.192020
dzb,1,819.544453,125.951676
dyb,1,203.836462,31.879152
cvx,1,210.969722,34.160301
dyf,1,203.772200,31.672660
dzb2,1,820.452299,123.473327
dxb,1,195.619468,29.261991
cvy,1,273.674647,42.270541
dzf,1,819.662973,123.451873
dxb2,1,196.937647,29.501731
dyb2,1,204.224036,30.829154
cvz,1,266.472995,42.190728
dzb3,1,819.576086,123.393116
dxb3,1,195.024488,29.187344
dyb3,1,208.073455,31.665807
csxxsyyszz,1,528.881480,81.177318
dyf2,1,204.109558,30.802212
dxf2,1,195.463312,29.610210
csxy,1,170.732196,27.493963
dzf2,1,1201.746435,177.131476
dyf3,1,203.971695,30.813904
csyz,1,257.696258,39.986822
dxf3,1,195.153152,29.207343
dzf3,1,819.868996,123.456814
csxz,1,256.000280,39.783112
dxf,2,195.059980,29.167655
dzb,2,819.829718,123.456392
dyb,2,203.992439,30.739172
cvx,2,211.320390,33.819819
dyf,2,204.003275,30.820834
dzb2,2,819.767537,123.440413
dxb,2,195.418207,29.186874
cvy,2,274.602289,42.372077
dzf,2,819.705106,123.307707
dxb2,2,195.243114,29.189340
dyb2,2,204.263467,30.768919
cvz,2,266.466390,42.189558
dzb3,2,819.500657,123.689696
dxb3,2,195.070799,29.148107
dyb3,2,208.093280,31.659658
csxxsyyszz,2,527.183256,80.900579
dyf2,2,205.741922,30.990994
dxf2,2,195.475860,29.715555
csxy,2,170.692542,27.546749
dzf2,2,1194.399709,176.735325
dyf3,2,204.151236,30.807387
csyz,2,257.419773,39.966034
dxf3,2,195.074281,29.247526
dzf3,2,819.824579,123.585556
csxz,2,256.135471,39.799282
dxf,3,195.029481,29.164332
dzb,3,819.928180,123.504425
dyb,3,204.157426,30.774625
cvx,3,211.189479,33.815351
dyf,3,204.313144,30.855871
dzb2,3,819.701069,123.385226
dxb,3,195.488323,29.251428
cvy,3,273.604215,42.228322
dzf,3,820.176509,123.374824
dxb2,3,195.319297,29.181396
dyb2,3,204.199792,30.751026
cvz,3,266.068636,42.144452
dzb3,3,819.710117,123.327680
dxb3,3,195.131772,29.161922
dyb3,3,208.385503,31.690721
csxxsyyszz,3,524.866840,80.593002
dyf2,3,205.086512,31.394212
dxf2,3,195.070349,30.205826
csxy,3,171.617898,27.699922
dzf2,3,1201.992437,177.345961
dyf3,3,204.036438,30.853453
csyz,3,257.575111,40.001463
dxf3,3,195.312562,29.233556
dzf3,3,820.640296,123.790516
csxz,3,255.901869,39.795727
dxf,4,195.077835,29.196071
dzb,4,819.755317,123.632778
dyb,4,204.161481,30.836188
cvx,4,211.261152,33.815669
dyf,4,204.186702,30.902071
dzb2,4,819.772924,123.621329
dxb,4,195.519272,29.236706
cvy,4,273.668279,42.281997
dzf,4,820.191383,123.767076
dxb2,4,195.274289,29.305144
dyb2,4,204.224855,30.885911
cvz,4,266.464758,42.223602
dzb3,4,819.668994,123.777628
dxb3,4,195.011792,29.261667
dyb3,4,208.421299,31.864762
csxxsyyszz,4,525.305087,80.943581
dyf2,4,204.583356,30.837588
dxf2,4,195.457555,29.662916
csxy,4,170.824335,27.526057
dzf2,4,1202.115257,177.339827
dyf3,4,204.256145,30.859409
csyz,4,257.703355,39.999117
dxf3,4,195.241253,29.200583
dzf3,4,819.744265,123.527395
csxz,4,255.789666,39.785111
#========================= OptEWE [OpenMP] =========================
#Source type                                  :  Force monopole
#Grid Size                                    :  768 x 768 x 768
#Iterations                                   :  5
#Compute time                                 :  48.969257
#Total effective MLUPS                        :  46.251961
#===================================================================
#Number of threads                            :  10
