dxf,0,195.550258,28.689927
dzb,0,791.040974,117.396762
dyb,0,225.041776,32.992288
cvx,0,246.882448,37.710671
dyf,0,227.113173,33.324642
dzb2,0,791.014786,117.474296
dxb,0,196.554710,28.858425
cvy,0,945.360300,126.656565
dzf,0,791.130775,117.545644
dxb2,0,196.587280,28.841115
dyb2,0,224.981148,33.015236
cvz,0,286.505075,44.532885
dzb3,0,791.803243,119.300308
dxb3,0,196.405736,28.906981
dyb3,0,229.861357,34.068363
csxxsyyszz,0,674.541094,98.772995
dyf2,0,225.777531,33.159831
dxf2,0,201.289363,29.836437
csxy,0,173.503651,27.373298
dzf2,0,1255.213188,180.371859
dyf3,0,225.118978,33.094844
csyz,0,267.447086,40.587331
dxf3,0,195.027791,28.653492
dzf3,0,790.805096,117.514683
csxz,0,263.810432,40.146720
dxf,1,194.991559,28.638390
dzb,1,791.117089,117.574163
dyb,1,225.461561,33.002556
cvx,1,246.671289,37.679784
dyf,1,225.297654,33.078434
dzb2,1,791.184813,117.576870
dxb,1,196.586365,28.874366
cvy,1,293.078331,43.985468
dzf,1,791.145208,117.705294
dxb2,1,196.670446,28.859649
dyb2,1,224.638820,32.963758
cvz,1,286.302872,44.027640
dzb3,1,792.175439,117.814144
dxb3,1,196.346530,28.815092
dyb3,1,229.925829,34.038353
csxxsyyszz,1,676.142795,98.658755
dyf2,1,225.980913,33.191817
dxf2,1,201.247337,29.825871
csxy,1,173.588380,27.393362
dzf2,1,1255.405104,180.600931
dyf3,1,225.148565,33.093987
csyz,1,267.856519,40.639758
dxf3,1,195.037682,28.659772
dzf3,1,790.731216,117.508446
csxz,1,264.110180,40.186076
dxf,2,194.960297,28.634917
dzb,2,790.963344,117.586261
dyb,2,226.505907,33.196899
cvx,2,247.220986,37.760274
dyf,2,225.280974,33.073628
dzb2,2,791.164784,117.605071
dxb,2,196.775884,28.869034
cvy,2,292.872298,43.969445
dzf,2,791.284935,117.582519
dxb2,2,198.284550,29.075702
dyb2,2,224.676951,32.980786
cvz,2,286.405112,44.049578
dzb3,2,791.905912,117.665307
dxb3,2,196.302019,28.838055
dyb3,2,230.017664,34.038524
csxxsyyszz,2,676.700996,98.510396
dyf2,2,225.778675,33.145080
dxf2,2,201.204865,29.828868
csxy,2,173.622274,27.406151
dzf2,2,1254.721091,180.837796
dyf3,2,225.124615,33.128152
csyz,2,267.540719,40.606762
dxf3,2,195.023593,28.685668
dzf3,2,790.851292,119.959756
csxz,2,261.948745,41.162057
dxf,3,194.705591,29.876380
dzb,3,790.304628,120.884923
dyb,3,226.260857,33.105783
cvx,3,246.656178,37.686925
dyf,3,225.388525,33.143158
dzb2,3,791.157201,117.630133
dxb,3,196.686738,28.876195
cvy,3,292.655823,43.931097
dzf,3,791.311614,117.595214
dxb2,3,196.560064,28.845189
dyb2,3,224.671571,32.980121
cvz,3,286.196408,44.016733
dzb3,3,791.932264,117.670346
dxb3,3,196.408894,28.825608
dyb3,3,230.281495,34.083646
csxxsyyszz,3,675.976346,98.695165
dyf2,3,225.706569,33.141827
dxf2,3,201.060064,29.795887
csxy,3,173.677042,27.404128
dzf2,3,1255.705256,180.402359
dyf3,3,225.213815,33.075426
csyz,3,267.560439,40.608264
dxf3,3,194.804562,28.620492
dzf3,3,790.854075,117.461798
csxz,3,263.842028,40.153893
dxf,4,195.007910,28.634362
dzb,4,791.033098,117.543725
dyb,4,226.559226,33.189808
cvx,4,247.139732,37.748236
dyf,4,225.370687,33.081338
dzb2,4,791.230857,117.495784
dxb,4,196.563594,28.840619
cvy,4,292.708363,43.937491
dzf,4,791.192206,117.565497
dxb2,4,196.670352,28.872424
dyb2,4,224.417664,32.917900
cvz,4,286.266755,44.014631
dzb3,4,791.970695,117.662324
dxb3,4,196.329806,28.800987
dyb3,4,230.076606,34.082328
csxxsyyszz,4,675.902227,98.707930
dyf2,4,225.659573,33.122376
dxf2,4,201.119906,29.820484
csxy,4,173.553990,27.393389
dzf2,4,1256.623033,180.541414
dyf3,4,226.310121,33.203813
csyz,4,267.723163,40.623630
dxf3,4,194.954082,28.656011
dzf3,4,790.869410,117.453092
csxz,4,264.135537,40.215011
#========================= OptEWE [OpenMP] =========================
#Source type                                  :  Force monopole
#Grid Size                                    :  768 x 768 x 768
#Iterations                                   :  5
#Compute time                                 :  50.437874
#Total effective MLUPS                        :  44.905227
#===================================================================
#Number of threads                            :  7
