dxf,0,182.206837,26.430265
dzb,0,759.894182,110.737349
dyb,0,200.237736,29.091841
cvx,0,229.670605,33.722554
dyf,0,200.641665,29.190009
dzb2,0,761.543686,111.074837
dxb,0,182.800831,26.581376
cvy,0,1128.021256,145.305106
dzf,0,758.400870,110.548400
dxb2,0,182.838391,26.576031
dyb2,0,200.126223,29.132359
cvz,0,262.414003,38.772413
dzb3,0,759.378873,110.759173
dxb3,0,182.208188,26.513024
dyb3,0,209.987089,30.537695
csxxsyyszz,0,598.232508,85.073521
dyf2,0,200.372289,29.184918
dxf2,0,196.132136,28.431111
csxy,0,157.935708,24.265232
dzf2,0,1731.023494,229.849049
dyf3,0,200.180256,29.133659
csyz,0,235.092591,34.628791
dxf3,0,181.615679,26.452869
dzf3,0,758.902496,110.397468
csxz,0,233.534367,34.454641
dxf,1,181.427174,26.452552
dzb,1,760.059636,110.686799
dyb,1,200.356024,29.158124
cvx,1,229.622363,33.741067
dyf,1,204.144057,29.646225
dzb2,1,761.492258,110.849891
dxb,1,182.857469,26.596444
cvy,1,227.915516,33.694671
dzf,1,759.153395,110.776164
dxb2,1,182.889168,26.572230
dyb2,1,200.574828,29.182396
cvz,1,262.277005,38.734662
dzb3,1,759.669984,110.719526
dxb3,1,182.287524,26.525806
dyb3,1,209.978502,30.520151
csxxsyyszz,1,598.027213,85.007448
dyf2,1,200.383823,29.182258
dxf2,1,196.170597,28.445107
csxy,1,157.971644,24.257837
dzf2,1,1731.795574,230.099840
dyf3,1,200.132387,29.138829
csyz,1,234.841012,34.631088
dxf3,1,181.470113,26.446541
dzf3,1,759.055603,110.762019
csxz,1,233.092243,34.516497
dxf,2,181.276225,26.501865
dzb,2,760.053354,110.866421
dyb,2,200.757581,29.229110
cvx,2,229.597740,33.862436
dyf,2,200.419496,29.307754
dzb2,2,761.487278,111.459080
dxb,2,182.807248,26.708858
cvy,2,227.527779,33.800791
dzf,2,758.725032,111.080711
dxb2,2,182.967960,26.620843
dyb2,2,200.145521,29.152012
cvz,2,262.164452,38.755030
dzb3,2,759.623788,110.874251
dxb3,2,182.151993,26.513509
dyb3,2,209.861420,30.544036
csxxsyyszz,2,598.027727,85.140084
dyf2,2,200.190527,29.187555
dxf2,2,195.535303,28.386986
csxy,2,157.888583,24.273755
dzf2,2,1730.207768,230.022101
dyf3,2,200.273403,29.184271
csyz,2,234.372146,34.584663
dxf3,2,181.592407,26.483342
dzf3,2,759.258926,110.804534
csxz,2,233.388068,34.464837
dxf,3,181.381358,26.453677
dzb,3,760.133492,110.901055
dyb,3,200.997339,29.254938
cvx,3,229.605557,33.781586
dyf,3,200.351799,29.208093
dzb2,3,760.558043,110.986076
dxb,3,182.805056,26.617012
cvy,3,227.649619,33.695746
dzf,3,758.714438,110.909697
dxb2,3,182.635562,26.594566
dyb2,3,200.215672,29.176478
cvz,3,262.173265,38.766636
dzb3,3,759.922173,111.046745
dxb3,3,182.324776,26.559839
dyb3,3,209.982299,30.555036
csxxsyyszz,3,598.122117,85.092589
dyf2,3,200.321739,29.180158
dxf2,3,196.240651,28.458486
csxy,3,157.996530,24.285631
dzf2,3,1731.341431,230.065848
dyf3,3,200.093123,29.125683
csyz,3,235.290522,34.690832
dxf3,3,181.637897,26.447296
dzf3,3,759.434961,110.599449
csxz,3,233.459700,34.474919
dxf,4,181.582596,26.479926
dzb,4,759.809379,110.916691
dyb,4,200.592380,29.188921
cvx,4,231.318477,33.994756
dyf,4,200.800435,29.272627
dzb2,4,760.653141,111.078440
dxb,4,182.853540,26.615127
cvy,4,227.647281,33.698383
dzf,4,758.623634,110.862984
dxb2,4,182.969101,26.644999
dyb2,4,200.112400,29.156104
cvz,4,262.265436,38.779644
dzb3,4,759.528822,110.971175
dxb3,4,182.107980,26.535557
dyb3,4,209.762416,30.533603
csxxsyyszz,4,598.180881,85.128988
dyf2,4,200.251897,29.169117
dxf2,4,196.219217,28.458599
csxy,4,158.045721,24.261993
dzf2,4,1731.689764,230.113135
dyf3,4,200.247188,29.151083
csyz,4,234.758188,34.617258
dxf3,4,181.458130,26.454463
dzf3,4,761.571176,111.041167
csxz,4,233.608223,34.490693
#========================= OptEWE [OpenMP] =========================
#Source type                                  :  Force monopole
#Grid Size                                    :  768 x 768 x 768
#Iterations                                   :  5
#Compute time                                 :  49.871967
#Total effective MLUPS                        :  45.414775
#===================================================================
#Number of threads                            :  13
