dxf,0,95.368189,20.910581
dzb,0,356.123951,81.773468
dyb,0,96.280283,21.559169
cvx,0,110.590034,25.523340
dyf,0,96.368858,21.637143
dzb2,0,356.088001,81.916526
dxb,0,94.325250,20.823772
cvy,0,801.590056,148.421557
dzf,0,355.463940,81.813085
dxb2,0,94.111186,20.807885
dyb2,0,96.497069,21.659160
cvz,0,128.629139,29.821057
dzb3,0,355.754553,81.960192
dxb3,0,94.210219,20.844256
dyb3,0,96.731828,21.720120
csxxsyyszz,0,224.589645,50.673534
dyf2,0,96.592156,21.734713
dxf2,0,94.316748,20.878141
csxy,0,91.616872,21.262010
dzf2,0,355.786286,82.022440
dyf3,0,96.326438,21.712765
csyz,0,109.606460,25.392656
dxf3,0,94.209876,20.859759
dzf3,0,355.658350,82.041886
csxz,0,109.567609,25.431776
dxf,1,94.187473,20.869515
dzb,1,356.000369,82.128313
dyb,1,96.333059,21.677395
cvx,1,110.612572,25.617180
dyf,1,96.456742,21.738076
dzb2,1,356.039351,82.132831
dxb,1,94.360465,20.903300
cvy,1,110.737569,25.631544
dzf,1,355.416414,82.016940
dxb2,1,94.399891,20.913140
dyb2,1,96.661698,21.727922
cvz,1,128.621166,29.869791
dzb3,1,355.701932,82.097648
dxb3,1,94.203692,20.880346
dyb3,1,96.694877,21.751660
csxxsyyszz,1,224.300557,50.688575
dyf2,1,96.567601,21.748403
dxf2,1,94.375515,20.933668
csxy,1,91.642728,21.279589
dzf2,1,355.762306,82.111832
dyf3,1,96.364029,21.770035
csyz,1,109.588745,25.409655
dxf3,1,94.296333,20.914263
dzf3,1,355.642725,82.098427
csxz,1,109.601257,25.444153
dxf,2,94.261391,20.904181
dzb,2,356.304566,82.218645
dyb,2,96.425835,21.706513
cvx,2,110.602354,25.622590
dyf,2,96.489973,21.755288
dzb2,2,355.964190,82.188216
dxb,2,94.325196,20.920296
cvy,2,110.806830,25.659943
dzf,2,355.534352,82.099677
dxb2,2,94.124393,20.877844
dyb2,2,96.545197,21.732274
cvz,2,128.676571,29.878451
dzb3,2,357.094595,82.395473
dxb3,2,94.377850,20.915630
dyb3,2,96.729324,21.775201
csxxsyyszz,2,223.547499,50.586438
dyf2,2,96.608782,21.780720
dxf2,2,94.319862,20.934710
csxy,2,91.617316,21.290681
dzf2,2,355.625086,82.125361
dyf3,2,96.295492,21.705052
csyz,2,109.552055,25.394733
dxf3,2,94.256093,20.894047
dzf3,2,355.576039,82.093491
csxz,2,109.619315,25.462048
dxf,3,94.266249,20.905504
dzb,3,356.073922,82.239025
dyb,3,96.371202,21.705892
cvx,3,112.026391,25.909910
dyf,3,96.394810,21.747972
dzb2,3,356.039690,82.253371
dxb,3,94.347157,20.950719
cvy,3,110.825593,25.677028
dzf,3,355.388202,82.128146
dxb2,3,94.115520,20.876611
dyb2,3,96.558503,21.736254
cvz,3,128.657686,29.909818
dzb3,3,355.915772,82.230748
dxb3,3,94.259794,20.894131
dyb3,3,96.597378,21.753384
csxxsyyszz,3,223.762259,50.636155
dyf2,3,96.562615,21.752945
dxf2,3,94.389020,20.957434
csxy,3,91.632068,21.306179
dzf2,3,355.755492,82.187364
dyf3,3,96.372599,21.726981
csyz,3,109.608293,25.438134
dxf3,3,94.281864,20.920875
dzf3,3,355.452824,82.176061
csxz,3,109.591864,25.473690
dxf,4,94.206191,20.915614
dzb,4,355.989007,82.254773
dyb,4,96.411768,21.718226
cvx,4,110.705876,25.668689
dyf,4,96.398178,21.753773
dzb2,4,356.173999,82.285519
dxb,4,94.250690,20.938870
cvy,4,110.690304,25.659766
dzf,4,355.467561,82.171004
dxb2,4,94.265989,20.924226
dyb2,4,96.589921,21.761807
cvz,4,128.663716,29.912581
dzb3,4,355.852088,82.236967
dxb3,4,94.229398,20.885062
dyb3,4,96.556993,21.741334
csxxsyyszz,4,224.375934,50.764433
dyf2,4,96.584842,21.802672
dxf2,4,94.255459,20.921152
csxy,4,91.660873,21.310783
dzf2,4,355.862675,82.222218
dyf3,4,96.278217,21.740947
csyz,4,109.546210,25.423972
dxf3,4,94.228508,20.918605
dzf3,4,356.975933,82.473155
csxz,4,109.616192,25.552117
#========================= OptEWE [OpenMP] =========================
#Source type                                  :  Force monopole
#Grid Size                                    :  768 x 768 x 768
#Iterations                                   :  5
#Compute time                                 :  21.517786
#Total effective MLUPS                        :  105.258234
#===================================================================
#Number of threads                            :  21
