dxf,0,124.455254,22.559983
dzb,0,519.511475,95.517691
dyb,0,124.219872,22.985851
cvx,0,152.119631,28.389449
dyf,0,124.183371,23.067553
dzb2,0,519.414269,95.649736
dxb,0,122.662858,22.411443
cvy,0,1016.216848,158.694910
dzf,0,517.980107,95.437333
dxb2,0,122.513109,22.374820
dyb2,0,124.510957,23.080847
cvz,0,178.614972,33.325832
dzb3,0,519.043259,95.637578
dxb3,0,122.508978,22.389380
dyb3,0,124.262191,23.036829
csxxsyyszz,0,286.558626,53.493057
dyf2,0,124.065680,23.041630
dxf2,0,122.791350,22.442594
csxy,0,124.729556,23.383079
dzf2,0,518.142448,95.516195
dyf3,0,126.116769,23.370767
csyz,0,151.854132,28.330720
dxf3,0,122.405738,22.362121
dzf3,0,518.486800,95.594506
csxz,0,150.959949,28.229013
dxf,1,122.303889,22.370885
dzb,1,519.465533,95.763867
dyb,1,124.023997,23.036103
cvx,1,152.068653,28.444120
dyf,1,123.859950,23.067057
dzb2,1,519.215972,95.771053
dxb,1,122.625818,22.438175
cvy,1,152.861113,28.589246
dzf,1,517.889665,95.570224
dxb2,1,122.488266,22.394361
dyb2,1,124.516044,23.106620
cvz,1,178.741101,33.359047
dzb3,1,519.141062,95.732698
dxb3,1,122.446646,22.392800
dyb3,1,124.629760,23.135264
csxxsyyszz,1,284.740898,53.262227
dyf2,1,124.293448,23.111922
dxf2,1,122.639834,22.434435
csxy,1,124.684570,23.390355
dzf2,1,518.295415,95.615285
dyf3,1,124.032009,23.080904
csyz,1,151.826603,28.345679
dxf3,1,122.267714,22.374252
dzf3,1,518.254476,95.621686
csxz,1,150.971309,28.235855
dxf,2,122.297213,22.384951
dzb,2,519.427386,95.855536
dyb,2,124.287847,23.082891
cvx,2,152.101518,28.447057
dyf,2,123.994483,23.094220
dzb2,2,520.226939,96.087009
dxb,2,122.442131,22.403824
cvy,2,152.060369,28.374069
dzf,2,518.094179,95.663846
dxb2,2,122.643259,22.446188
dyb2,2,124.412241,23.109326
cvz,2,178.787838,33.406010
dzb3,2,520.316613,95.980471
dxb3,2,122.573797,22.413953
dyb3,2,124.468694,23.107217
csxxsyyszz,2,286.365533,53.522637
dyf2,2,124.227310,23.119343
dxf2,2,122.700142,22.479482
csxy,2,124.743038,23.414070
dzf2,2,518.123934,95.571943
dyf3,2,123.949447,23.080006
csyz,2,151.956339,28.385543
dxf3,2,122.393500,22.408497
dzf3,2,518.461357,95.685032
csxz,2,150.995866,28.256467
dxf,3,122.374972,22.407942
dzb,3,519.522501,95.860499
dyb,3,124.101661,23.068504
cvx,3,152.091487,28.435182
dyf,3,123.995159,23.088642
dzb2,3,519.371139,95.796683
dxb,3,122.577177,22.460784
cvy,3,152.173929,28.433056
dzf,3,518.092075,95.644527
dxb2,3,122.541023,22.445512
dyb2,3,124.316585,23.110058
cvz,3,178.810629,33.409399
dzb3,3,519.196917,95.755580
dxb3,3,122.488282,22.447088
dyb3,3,124.270476,23.106788
csxxsyyszz,3,286.456825,53.550889
dyf2,3,124.294194,23.129447
dxf2,3,122.697937,22.470420
csxy,3,124.721350,23.416185
dzf2,3,518.126876,95.625294
dyf3,3,123.925608,23.096882
csyz,3,151.886495,28.376715
dxf3,3,122.394762,22.399598
dzf3,3,518.600609,95.769822
csxz,3,150.925761,28.259855
dxf,4,122.305917,22.411202
dzb,4,519.531869,95.940756
dyb,4,124.191618,23.103336
cvx,4,152.220175,28.511258
dyf,4,124.022772,23.144519
dzb2,4,519.409622,95.924412
dxb,4,124.746295,22.818918
cvy,4,152.074367,28.426920
dzf,4,518.106244,95.694968
dxb2,4,122.542853,22.458942
dyb2,4,124.366460,23.157084
cvz,4,178.855114,33.441807
dzb3,4,519.182067,95.835551
dxb3,4,122.540140,22.445845
dyb3,4,124.476704,23.131673
csxxsyyszz,4,283.448033,53.062589
dyf2,4,124.174954,23.103809
dxf2,4,122.653190,22.469396
csxy,4,124.771973,23.417891
dzf2,4,518.231215,95.648538
dyf3,4,123.933372,23.070197
csyz,4,151.852902,28.355799
dxf3,4,122.240498,22.379745
dzf3,4,518.401725,95.666176
csxz,4,150.959092,28.316100
#========================= OptEWE [OpenMP] =========================
#Source type                                  :  Force monopole
#Grid Size                                    :  768 x 768 x 768
#Iterations                                   :  5
#Compute time                                 :  29.818392
#Total effective MLUPS                        :  75.957288
#===================================================================
#Number of threads                            :  19
