dxf,0,167.655076,29.516221
dzb,0,612.467745,112.231594
dyb,0,192.281408,33.700413
cvx,0,210.224448,38.391371
dyf,0,190.953355,33.517659
dzb2,0,612.375558,112.302718
dxb,0,168.775482,29.704856
cvy,0,858.011392,135.644115
dzf,0,612.831624,112.372756
dxb2,0,168.377255,29.635015
dyb2,0,190.688196,33.487503
cvz,0,228.265702,42.624153
dzb3,0,612.391064,112.373508
dxb3,0,168.945480,29.756391
dyb3,0,191.787235,34.055400
csxxsyyszz,0,570.917985,99.446774
dyf2,0,190.969315,33.525682
dxf2,0,166.182123,29.677851
csxy,0,134.727561,26.288467
dzf2,0,935.974774,164.324377
dyf3,0,190.265501,33.462572
csyz,0,201.570424,37.647372
dxf3,0,167.423876,29.558486
dzf3,0,612.408047,112.354183
csxz,0,200.355132,37.497032
dxf,1,167.408167,29.553360
dzb,1,612.490886,112.401925
dyb,1,190.570115,33.489967
cvx,1,210.160674,38.409341
dyf,1,190.833762,33.566490
dzb2,1,612.542641,112.414915
dxb,1,168.640108,29.692438
cvy,1,235.540390,42.661755
dzf,1,612.759957,112.475006
dxb2,1,168.558255,29.703682
dyb2,1,190.524865,33.466138
cvz,1,227.978080,42.614229
dzb3,1,612.499571,112.446913
dxb3,1,169.054930,29.777023
dyb3,1,191.513577,34.021691
csxxsyyszz,1,570.836528,99.445309
dyf2,1,191.267047,33.579877
dxf2,1,166.214632,29.724345
csxy,1,134.636965,26.285392
dzf2,1,935.093887,164.268148
dyf3,1,190.506110,33.482068
csyz,1,201.609765,37.654968
dxf3,1,167.516694,29.555297
dzf3,1,612.333232,112.371124
csxz,1,201.027279,37.606459
dxf,2,167.401408,29.555634
dzb,2,613.775875,112.680640
dyb,2,190.310777,33.461119
cvx,2,210.141059,38.426448
dyf,2,190.856546,33.559190
dzb2,2,612.416254,112.398702
dxb,2,168.827098,29.784203
cvy,2,234.085142,42.453472
dzf,2,613.176022,112.732284
dxb2,2,168.349698,30.753280
dyb2,2,190.404267,34.555027
cvz,2,227.970529,42.624764
dzb3,2,612.414971,112.448587
dxb3,2,169.043612,29.778366
dyb3,2,192.390773,34.171923
csxxsyyszz,2,570.936500,99.479694
dyf2,2,190.735190,33.488802
dxf2,2,166.203492,29.986003
csxy,2,134.791493,26.321012
dzf2,2,934.975771,164.352079
dyf3,2,190.473633,33.580525
csyz,2,201.733809,37.677763
dxf3,2,167.496221,29.650051
dzf3,2,612.383541,112.395067
csxz,2,200.168322,37.479783
dxf,3,167.284897,29.544219
dzb,3,612.559548,112.431112
dyb,3,190.217406,33.465507
cvx,3,210.091564,38.404514
dyf,3,190.629152,33.521440
dzb2,3,613.429064,112.572085
dxb,3,168.904489,29.752897
cvy,3,233.722762,42.396438
dzf,3,612.544601,112.467775
dxb2,3,168.648650,29.736600
dyb2,3,190.841743,33.517574
cvz,3,228.068922,42.634385
dzb3,3,612.329625,112.474054
dxb3,3,169.059246,29.782727
dyb3,3,191.869671,34.097377
csxxsyyszz,3,569.354791,99.292581
dyf2,3,190.781744,33.547280
dxf2,3,166.245269,29.712383
csxy,3,134.837866,26.329199
dzf2,3,935.002309,164.286113
dyf3,3,190.413104,33.489028
csyz,3,201.587977,37.666911
dxf3,3,167.467978,29.578659
dzf3,3,612.432822,112.415333
csxz,3,200.503557,37.533868
dxf,4,167.376921,29.590308
dzb,4,612.417774,112.403594
dyb,4,190.634438,33.474215
cvx,4,210.227943,38.433411
dyf,4,190.878535,33.595491
dzb2,4,612.568974,112.447433
dxb,4,168.738942,29.758849
cvy,4,233.887150,42.428745
dzf,4,612.757064,112.524624
dxb2,4,168.687904,29.733971
dyb2,4,190.651066,33.514868
cvz,4,228.166350,42.652598
dzb3,4,613.396734,112.673621
dxb3,4,168.967646,29.769365
dyb3,4,191.810955,34.101353
csxxsyyszz,4,568.454609,99.172015
dyf2,4,190.720210,33.501444
dxf2,4,166.397219,29.748578
csxy,4,134.672247,26.309238
dzf2,4,934.933538,164.338663
dyf3,4,190.469421,33.507241
csyz,4,201.809523,37.684945
dxf3,4,167.362197,29.569012
dzf3,4,612.188851,112.382890
csxz,4,200.219385,37.488438
#========================= OptEWE [OpenMP] =========================
#Source type                                  :  Force monopole
#Grid Size                                    :  768 x 768 x 768
#Iterations                                   :  5
#Compute time                                 :  40.278057
#Total effective MLUPS                        :  56.232210
#===================================================================
#Number of threads                            :  10
