dxf,0,182.534529,27.385139
dzb,0,733.394843,111.796686
dyb,0,196.529036,29.611615
cvx,0,208.587527,33.085457
dyf,0,196.632375,29.690371
dzb2,0,733.105333,111.836961
dxb,0,181.124465,27.219641
cvy,0,970.394470,131.677135
dzf,0,733.240485,112.231681
dxb2,0,180.819427,27.320498
dyb2,0,196.833526,29.744602
cvz,0,251.532041,39.978681
dzb3,0,734.030748,112.158474
dxb3,0,180.993010,27.231616
dyb3,0,200.305812,30.621378
csxxsyyszz,0,562.281999,85.325917
dyf2,0,196.878841,29.791347
dxf2,0,181.697028,27.735604
csxy,0,157.755477,25.671851
dzf2,0,1099.964578,163.173272
dyf3,0,196.578090,29.669639
csyz,0,238.407333,37.264431
dxf3,0,179.959211,27.112197
dzf3,0,733.299527,111.988179
csxz,0,236.994057,37.096166
dxf,1,180.346699,27.212656
dzb,1,734.255455,112.092921
dyb,1,197.071509,30.961765
cvx,1,208.648346,33.155339
dyf,1,196.823824,29.793957
dzb2,1,734.203838,112.465361
dxb,1,180.997855,27.317871
cvy,1,259.157585,40.148076
dzf,1,733.110863,112.305225
dxb2,1,181.117410,27.370131
dyb2,1,196.786534,29.769056
cvz,1,251.468273,40.012527
dzb3,1,733.289060,112.525822
dxb3,1,180.880189,27.304087
dyb3,1,200.376729,30.677602
csxxsyyszz,1,559.608930,84.864792
dyf2,1,196.946563,29.710582
dxf2,1,181.719573,27.875831
csxy,1,157.702907,25.737188
dzf2,1,1100.826253,163.692585
dyf3,1,196.555036,29.760963
csyz,1,238.239415,37.262009
dxf3,1,180.047276,27.167971
dzf3,1,733.470490,112.459734
csxz,1,237.125423,37.243945
dxf,2,180.230267,27.248810
dzb,2,733.245218,112.084634
dyb,2,196.367444,29.793180
cvx,2,208.600190,33.229264
dyf,2,196.814415,29.840742
dzb2,2,733.785893,112.455555
dxb,2,181.001053,27.262417
cvy,2,258.984347,40.013579
dzf,2,733.374129,112.301652
dxb2,2,181.018781,27.391949
dyb2,2,196.696720,29.758946
cvz,2,251.284951,40.063064
dzb3,2,733.576861,112.614774
dxb3,2,180.340727,28.229516
dyb3,2,199.925483,30.975767
csxxsyyszz,2,562.367259,85.209232
dyf2,2,196.982029,29.722274
dxf2,2,181.809023,27.759281
csxy,2,157.788708,25.680856
dzf2,2,1100.277637,163.621115
dyf3,2,196.617722,29.802231
csyz,2,238.458752,37.388220
dxf3,2,179.993612,27.292774
dzf3,2,733.266067,112.228115
csxz,2,236.997867,37.128752
dxf,3,180.345243,27.275607
dzb,3,733.284942,112.446001
dyb,3,196.661185,29.794665
cvx,3,208.646177,33.176356
dyf,3,196.816531,29.806894
dzb2,3,733.234244,112.203541
dxb,3,181.087813,27.307522
cvy,3,260.659027,40.236873
dzf,3,733.125796,112.299159
dxb2,3,180.951373,27.334096
dyb2,3,196.807651,29.670865
cvz,3,250.759319,39.896852
dzb3,3,733.441615,112.555095
dxb3,3,180.727224,27.279880
dyb3,3,200.059604,30.596367
csxxsyyszz,3,562.268483,85.212335
dyf2,3,196.982343,30.128722
dxf2,3,181.757087,27.755324
csxy,3,157.788242,25.745409
dzf2,3,1101.344257,163.753437
dyf3,3,196.567526,29.737290
csyz,3,238.940477,37.355854
dxf3,3,180.122756,27.198783
dzf3,3,733.319416,112.321584
csxz,3,236.780429,37.203502
dxf,4,181.906140,27.533432
dzb,4,733.355194,112.234896
dyb,4,196.411919,29.652743
cvx,4,208.672414,33.197793
dyf,4,196.878852,29.864806
dzb2,4,733.204154,112.394458
dxb,4,181.189942,27.325027
cvy,4,259.375766,40.065605
dzf,4,733.331901,112.252658
dxb2,4,180.925541,27.352810
dyb2,4,197.354582,29.820004
cvz,4,251.265337,40.066268
dzb3,4,733.146706,112.125933
dxb3,4,180.894168,27.254017
dyb3,4,200.177216,30.525043
csxxsyyszz,4,559.835074,84.909689
dyf2,4,197.000893,29.717807
dxf2,4,181.852900,27.712940
csxy,4,157.753474,25.671401
dzf2,4,1099.675030,163.213219
dyf3,4,196.361132,29.708422
csyz,4,238.186519,37.299388
dxf3,4,179.994035,27.189043
dzf3,4,733.210620,112.076353
csxz,4,237.924286,37.271569
#========================= OptEWE [OpenMP] =========================
#Source type                                  :  Force monopole
#Grid Size                                    :  768 x 768 x 768
#Iterations                                   :  5
#Compute time                                 :  45.467358
#Total effective MLUPS                        :  49.814291
#===================================================================
#Number of threads                            :  11
