dxf,0,110.241505,23.309434
dzb,0,410.157060,90.202072
dyb,0,112.147670,24.127488
cvx,0,127.486732,28.186920
dyf,0,112.424891,24.244205
dzb2,0,410.723689,91.261406
dxb,0,109.913249,23.570450
cvy,0,723.203247,133.339348
dzf,0,409.443215,90.339260
dxb2,0,109.817519,23.379877
dyb2,0,112.712310,24.299266
cvz,0,147.990980,32.836243
dzb3,0,411.857282,90.873614
dxb3,0,109.953101,23.410104
dyb3,0,114.157299,24.567068
csxxsyyszz,0,267.296100,57.564300
dyf2,0,112.298046,24.278541
dxf2,0,109.729579,23.387722
csxy,0,105.669659,23.486439
dzf2,0,409.451455,90.461124
dyf3,0,112.279312,24.292466
csyz,0,126.260363,28.021169
dxf3,0,109.334261,23.290167
dzf3,0,409.573229,90.537979
csxz,0,126.160961,28.057137
dxf,1,109.428131,23.321500
dzb,1,410.118847,90.615234
dyb,1,112.301077,24.260357
cvx,1,127.405321,28.274474
dyf,1,112.388229,24.321206
dzb2,1,410.142279,90.659982
dxb,1,109.823951,23.404126
cvy,1,127.460486,28.246947
dzf,1,409.276773,90.488628
dxb2,1,109.720907,23.391928
dyb2,1,112.696302,24.308789
cvz,1,148.095180,32.895147
dzb3,1,409.646742,90.552858
dxb3,1,109.828493,23.425254
dyb3,1,112.485907,24.276111
csxxsyyszz,1,267.287814,57.581395
dyf2,1,112.302189,24.252593
dxf2,1,109.756501,23.403719
csxy,1,105.658368,23.486398
dzf2,1,409.478217,90.521085
dyf3,1,112.319434,24.313093
csyz,1,126.207759,28.028968
dxf3,1,109.394251,23.329925
dzf3,1,409.743755,90.621783
csxz,1,126.239448,28.081866
dxf,2,109.368811,23.337062
dzb,2,410.070929,90.634755
dyb,2,112.295487,24.247205
cvx,2,127.374012,28.247408
dyf,2,112.376796,24.314296
dzb2,2,410.184831,90.654579
dxb,2,109.876221,23.407470
cvy,2,127.505941,28.256897
dzf,2,409.437372,90.570707
dxb2,2,109.757574,23.400611
dyb2,2,112.640980,24.316494
cvz,2,148.154692,32.922317
dzb3,2,409.782888,90.587565
dxb3,2,109.896564,23.414403
dyb3,2,112.637607,24.311444
csxxsyyszz,2,271.034023,58.258290
dyf2,2,112.251163,24.257574
dxf2,2,109.812079,23.377235
csxy,2,105.580606,23.452461
dzf2,2,409.393618,90.522305
dyf3,2,112.350306,24.308072
csyz,2,126.285315,28.033736
dxf3,2,109.402284,23.338044
dzf3,2,409.660962,90.580422
csxz,2,126.231517,28.097976
dxf,3,109.516003,23.361440
dzb,3,410.153059,90.688373
dyb,3,112.230290,24.258724
cvx,3,127.447778,28.286614
dyf,3,112.363704,24.277952
dzb2,3,410.225679,90.717623
dxb,3,109.909919,23.435567
cvy,3,127.391137,28.249971
dzf,3,409.330290,90.536314
dxb2,3,109.848849,23.433183
dyb2,3,112.512519,24.298879
cvz,3,147.959810,32.896728
dzb3,3,409.669119,90.604279
dxb3,3,109.806691,23.415658
dyb3,3,112.615253,24.289578
csxxsyyszz,3,267.298051,57.618503
dyf2,3,112.298453,24.262376
dxf2,3,109.741466,23.416208
csxy,3,105.583079,23.470649
dzf2,3,409.439969,90.542267
dyf3,3,112.408161,24.300253
csyz,3,126.181452,28.050111
dxf3,3,109.444001,23.351627
dzf3,3,409.633287,90.593613
csxz,3,126.153066,28.071767
dxf,4,109.388693,23.335392
dzb,4,410.249707,90.683853
dyb,4,112.181542,24.244620
cvx,4,127.372989,28.281123
dyf,4,112.345321,24.291965
dzb2,4,410.256473,90.725180
dxb,4,109.751133,23.413204
cvy,4,127.451756,28.259956
dzf,4,409.361955,90.523771
dxb2,4,109.872219,23.436437
dyb2,4,112.670736,24.349850
cvz,4,148.213621,32.950604
dzb3,4,409.733485,90.582376
dxb3,4,109.823805,23.413371
dyb3,4,112.762123,24.343264
csxxsyyszz,4,267.126671,57.611476
dyf2,4,112.356919,24.307778
dxf2,4,112.124924,23.834537
csxy,4,105.774248,23.496216
dzf2,4,409.342854,90.536852
dyf3,4,112.347963,24.299188
csyz,4,126.183311,28.047197
dxf3,4,109.525774,23.375118
dzf3,4,409.718473,90.667531
csxz,4,126.204911,28.125899
#========================= OptEWE [OpenMP] =========================
#Source type                                  :  Force monopole
#Grid Size                                    :  768 x 768 x 768
#Iterations                                   :  5
#Compute time                                 :  24.704592
#Total effective MLUPS                        :  91.680291
#===================================================================
#Number of threads                            :  18
