dxf,0,198.505883,31.407724
dzb,0,698.270964,113.791730
dyb,0,256.299148,39.788455
cvx,0,325.042887,51.256131
dyf,0,255.203016,39.675131
dzb2,0,698.416664,113.874215
dxb,0,206.127564,32.496059
cvy,0,1076.050914,154.146161
dzf,0,697.702214,113.725708
dxb2,0,206.025281,32.457400
dyb2,0,254.330547,39.540700
cvz,0,333.916751,53.970789
dzb3,0,697.864362,113.741530
dxb3,0,204.950896,32.315333
dyb3,0,256.501754,40.294511
csxxsyyszz,0,891.572163,135.003790
dyf2,0,255.471591,39.682342
dxf2,0,201.313475,32.177925
csxy,0,158.717891,27.347340
dzf2,0,1114.274935,174.934421
dyf3,0,255.345890,39.687035
csyz,0,235.150367,39.233647
dxf3,0,197.503499,31.335939
dzf3,0,697.329047,113.703040
csxz,0,233.339088,39.060838
dxf,1,198.337312,31.559308
dzb,1,699.357452,114.116602
dyb,1,254.102288,39.512657
cvx,1,324.667410,51.277780
dyf,1,255.028657,39.677422
dzb2,1,698.185822,113.962999
dxb,1,205.944103,32.484448
cvy,1,326.433583,51.964891
dzf,1,698.949069,114.041151
dxb2,1,205.893170,32.549894
dyb2,1,254.546288,39.603449
cvz,1,333.989676,53.994913
dzb3,1,698.016063,113.845171
dxb3,1,204.706769,32.314230
dyb3,1,256.149579,40.264752
csxxsyyszz,1,891.450448,135.065970
dyf2,1,255.201286,39.631542
dxf2,1,201.525279,32.200239
csxy,1,158.645966,27.320446
dzf2,1,1114.016021,174.927712
dyf3,1,254.994416,39.644285
csyz,1,234.697249,40.211171
dxf3,1,196.808033,32.928443
dzf3,1,696.604812,118.695269
csxz,1,233.301890,39.246341
dxf,2,198.519560,31.523789
dzb,2,699.288933,114.061529
dyb,2,254.359875,39.559915
cvx,2,324.553577,50.946821
dyf,2,255.033292,39.673802
dzb2,2,698.273406,113.932281
dxb,2,205.773539,32.454314
cvy,2,325.933468,51.923468
dzf,2,698.575695,114.008174
dxb2,2,205.657773,32.447108
dyb2,2,253.459164,39.433648
cvz,2,333.645579,53.957585
dzb3,2,698.057455,113.905024
dxb3,2,204.800518,32.289883
dyb3,2,256.532584,40.312031
csxxsyyszz,2,891.443272,134.961189
dyf2,2,255.514852,39.679865
dxf2,2,201.466217,32.197874
csxy,2,158.746349,27.351127
dzf2,2,1114.239850,174.934654
dyf3,2,255.365124,39.674871
csyz,2,235.265735,39.276968
dxf3,2,197.253112,31.307859
dzf3,2,697.469947,113.787754
csxz,2,233.419754,39.078067
dxf,3,198.388960,31.447749
dzb,3,699.498344,114.078598
dyb,3,254.112654,39.496525
cvx,3,324.661855,51.396410
dyf,3,255.344495,39.679366
dzb2,3,698.474429,113.971691
dxb,3,206.102525,32.469941
cvy,3,326.172930,51.929364
dzf,3,698.730391,114.001354
dxb2,3,205.903282,32.454012
dyb2,3,253.787085,39.461900
cvz,3,333.999529,53.998500
dzb3,3,698.213012,113.867692
dxb3,3,204.985873,32.349208
dyb3,3,256.431404,40.282590
csxxsyyszz,3,890.432653,134.865605
dyf2,3,254.865334,39.631807
dxf2,3,201.442993,32.218474
csxy,3,158.689135,27.348088
dzf2,3,1114.155064,175.012691
dyf3,3,255.283996,39.657052
csyz,3,235.219920,39.267211
dxf3,3,197.402796,31.310042
dzf3,3,697.622875,113.803970
csxz,3,233.447176,39.073468
dxf,4,198.408452,31.444391
dzb,4,698.155485,113.914911
dyb,4,255.721043,39.760517
cvx,4,324.804127,51.327021
dyf,4,254.983114,39.648255
dzb2,4,698.642633,113.929647
dxb,4,206.046022,32.455715
cvy,4,326.201246,51.916966
dzf,4,698.729775,113.902932
dxb2,4,205.769963,32.425667
dyb2,4,253.706641,40.867040
cvz,4,333.702614,55.100028
dzb3,4,697.834197,114.014524
dxb3,4,204.872523,32.394224
dyb3,4,256.489746,40.379736
csxxsyyszz,4,890.992641,135.040944
dyf2,4,256.705930,39.900856
dxf2,4,201.327280,32.171578
csxy,4,158.549647,27.328137
dzf2,4,1115.006869,175.108979
dyf3,4,255.070788,39.639687
csyz,4,235.366211,39.267425
dxf3,4,197.525736,31.301376
dzf3,4,697.450041,113.876801
csxz,4,233.230496,39.076582
#========================= OptEWE [OpenMP] =========================
#Source type                                  :  Force monopole
#Grid Size                                    :  768 x 768 x 768
#Iterations                                   :  5
#Compute time                                 :  50.018536
#Total effective MLUPS                        :  45.281697
#===================================================================
#Number of threads                            :  6
