dxf,0,99.752687,22.547070
dzb,0,373.099464,88.405667
dyb,0,100.773214,23.382472
cvx,0,115.649036,27.622327
dyf,0,100.139293,23.342518
dzb2,0,373.212252,88.739795
dxb,0,99.257092,22.656905
cvy,0,758.607657,147.865605
dzf,0,372.179210,88.539715
dxb2,0,98.666420,22.571916
dyb2,0,101.046318,23.516200
cvz,0,134.515431,32.237463
dzb3,0,372.609720,88.733790
dxb3,0,98.967352,22.862818
dyb3,0,101.214187,23.557356
csxxsyyszz,0,223.163032,52.813018
dyf2,0,100.282114,23.391663
dxf2,0,98.837503,22.630822
csxy,0,95.756858,22.968565
dzf2,0,372.731220,88.862260
dyf3,0,100.213716,23.597628
csyz,0,114.600432,27.604996
dxf3,0,98.439871,22.713400
dzf3,0,372.517560,89.390766
csxz,0,114.552472,27.631339
dxf,1,98.432485,22.708989
dzb,1,373.223802,89.031789
dyb,1,101.106198,23.575290
cvx,1,115.593682,27.728157
dyf,1,100.111871,23.404094
dzb2,1,373.029220,88.943842
dxb,1,99.362145,22.741387
cvy,1,115.771213,27.734131
dzf,1,372.680647,88.927056
dxb2,1,98.605080,22.600284
dyb2,1,101.110235,23.572182
cvz,1,134.540637,32.296677
dzb3,1,372.605774,88.883536
dxb3,1,98.514592,22.584346
dyb3,1,101.070878,23.568771
csxxsyyszz,1,223.512008,52.959679
dyf2,1,100.171930,23.402298
dxf2,1,98.770934,22.646076
csxy,1,95.771729,23.006442
dzf2,1,372.477592,88.861175
dyf3,1,100.192998,23.414956
csyz,1,114.598481,27.458561
dxf3,1,98.292633,22.554964
dzf3,1,372.619506,88.925917
csxz,1,114.532539,27.468432
dxf,2,98.474766,22.585802
dzb,2,373.764337,89.201349
dyb,2,101.160698,23.577317
cvx,2,117.288690,28.346901
dyf,2,101.182648,23.766625
dzb2,2,376.504832,90.047652
dxb,2,99.331814,22.744649
cvy,2,115.731539,27.755044
dzf,2,372.062879,88.833119
dxb2,2,98.692078,22.638235
dyb2,2,101.096351,23.592133
cvz,2,134.620125,32.351022
dzb3,2,372.614361,88.956570
dxb3,2,98.648399,22.636478
dyb3,2,101.076413,23.574723
csxxsyyszz,2,223.822791,53.055326
dyf2,2,100.218546,23.426207
dxf2,2,98.980477,22.706739
csxy,2,95.758455,23.014730
dzf2,2,372.425931,88.891172
dyf3,2,100.165564,23.431253
csyz,2,114.652592,27.483263
dxf3,2,98.551412,22.625802
dzf3,2,372.631813,88.965968
csxz,2,114.549197,27.496127
dxf,3,98.379933,22.578317
dzb,3,373.185876,89.059190
dyb,3,100.666090,23.470496
cvx,3,115.549938,27.749514
dyf,3,100.208767,23.506201
dzb2,3,373.045503,89.058145
dxb,3,99.488404,22.836528
cvy,3,115.677478,27.737011
dzf,3,372.085839,88.904512
dxb2,3,99.564553,22.837742
dyb2,3,101.036975,23.621561
cvz,3,134.527950,32.337279
dzb3,3,372.556096,88.945275
dxb3,3,98.626068,22.659462
dyb3,3,101.069836,23.601155
csxxsyyszz,3,224.523707,53.208268
dyf2,3,100.197886,23.469758
dxf2,3,98.728378,22.673465
csxy,3,95.717940,23.021521
dzf2,3,372.453432,88.957985
dyf3,3,100.251533,23.487238
csyz,3,114.619105,27.480424
dxf3,3,98.370984,22.602086
dzf3,3,372.638045,89.002577
csxz,3,114.567792,27.531701
dxf,4,98.425113,22.614153
dzb,4,373.148203,89.094977
dyb,4,100.744185,23.526236
cvx,4,115.657649,27.779953
dyf,4,100.113003,23.480056
dzb2,4,373.064988,89.092145
dxb,4,99.335539,22.821110
cvy,4,115.663416,27.751434
dzf,4,372.028500,88.906478
dxb2,4,98.532896,22.639041
dyb2,4,101.024398,23.591894
cvz,4,134.478639,32.327032
dzb3,4,372.580205,88.953646
dxb3,4,98.651639,22.650909
dyb3,4,101.226988,23.621759
csxxsyyszz,4,223.419833,52.979544
dyf2,4,100.164470,23.465122
dxf2,4,99.012005,22.768472
csxy,4,95.777291,23.044188
dzf2,4,372.419669,88.937723
dyf3,4,100.265869,23.499812
csyz,4,114.508438,27.460677
dxf3,4,98.373254,22.597197
dzf3,4,372.511321,88.983266
csxz,4,114.562943,27.616062
#========================= OptEWE [OpenMP] =========================
#Source type                                  :  Force monopole
#Grid Size                                    :  768 x 768 x 768
#Iterations                                   :  5
#Compute time                                 :  22.385336
#Total effective MLUPS                        :  101.178922
#===================================================================
#Number of threads                            :  20
