dxf,0,99.940752,19.008904
dzb,0,409.264526,79.166918
dyb,0,101.708948,19.673151
cvx,0,120.854249,23.771882
dyf,0,101.069001,19.616462
dzb2,0,409.264606,79.292028
dxb,0,97.644483,18.725178
cvy,0,1213.753835,189.747431
dzf,0,408.918580,79.222861
dxb2,0,97.159732,18.657490
dyb2,0,101.592523,19.695017
cvz,0,141.565934,27.834287
dzb3,0,409.223395,79.303210
dxb3,0,97.068573,18.630179
dyb3,0,108.647892,20.995217
csxxsyyszz,0,260.891698,49.974077
dyf2,0,101.234055,19.673192
dxf2,0,99.466437,19.034281
csxy,0,98.534461,19.469670
dzf2,0,465.739429,88.023378
dyf3,0,100.941405,19.631000
csyz,0,119.158291,23.445870
dxf3,0,97.111043,18.666655
dzf3,0,408.355853,79.236969
csxz,0,119.140773,23.483532
dxf,1,97.173060,18.687900
dzb,1,409.255179,79.391146
dyb,1,101.533671,19.672148
cvx,1,120.743597,23.799725
dyf,1,101.050846,19.642984
dzb2,1,409.319892,79.418141
dxb,1,97.748412,18.774606
cvy,1,125.079640,24.448883
dzf,1,408.543867,79.298612
dxb2,1,97.061208,18.654747
dyb2,1,101.505466,19.706473
cvz,1,141.539337,27.864195
dzb3,1,409.076373,79.361188
dxb3,1,97.175056,18.672456
dyb3,1,109.072299,21.073308
csxxsyyszz,1,260.778624,49.982402
dyf2,1,101.057424,19.664989
dxf2,1,99.731628,19.108481
csxy,1,99.561076,19.657767
dzf2,1,465.657725,88.050688
dyf3,1,100.910401,19.643891
csyz,1,119.136525,23.466818
dxf3,1,97.429855,18.756231
dzf3,1,408.289816,79.306187
csxz,1,119.200762,23.518137
dxf,2,97.046878,18.680053
dzb,2,409.151452,79.413706
dyb,2,101.484268,19.730315
cvx,2,120.776398,23.829331
dyf,2,101.064227,19.695627
dzb2,2,411.631332,79.833802
dxb,2,97.668356,18.809667
cvy,2,125.097304,24.461940
dzf,2,408.376948,79.298584
dxb2,2,97.127332,18.703511
dyb2,2,101.479273,19.727619
cvz,2,141.693435,27.900601
dzb3,2,409.491824,79.484752
dxb3,2,97.167507,18.717749
dyb3,2,108.581673,21.019684
csxxsyyszz,2,260.764272,50.007022
dyf2,2,101.260463,19.711995
dxf2,2,99.326974,19.052462
csxy,2,98.540152,19.509102
dzf2,2,465.542344,88.069120
dyf3,2,100.788261,19.661615
csyz,2,119.167540,23.492624
dxf3,2,97.215432,18.722562
dzf3,2,408.215945,79.312747
csxz,2,119.156078,23.515599
dxf,3,97.071641,18.693889
dzb,3,409.378885,79.490969
dyb,3,101.507439,19.728291
cvx,3,120.788878,23.828823
dyf,3,100.992884,19.691137
dzb2,3,409.179653,79.471696
dxb,3,97.680511,18.799058
cvy,3,125.088850,24.476292
dzf,3,408.375415,79.341365
dxb2,3,97.017679,18.681048
dyb2,3,101.736482,19.760953
cvz,3,141.547037,27.890828
dzb3,3,409.103676,79.451341
dxb3,3,97.178313,18.723635
dyb3,3,108.988240,21.087242
csxxsyyszz,3,262.233380,50.265866
dyf2,3,101.163530,19.705894
dxf2,3,99.426822,19.067554
csxy,3,98.505578,19.507552
dzf2,3,465.582950,88.060227
dyf3,3,100.782561,19.650129
csyz,3,119.156842,23.491992
dxf3,3,97.134181,18.706179
dzf3,3,408.335217,79.327704
csxz,3,119.162870,23.516447
dxf,4,97.115856,18.711969
dzb,4,409.163673,79.456646
dyb,4,101.535754,19.746855
cvx,4,120.808523,23.837402
dyf,4,101.096364,19.698332
dzb2,4,409.287700,79.482474
dxb,4,97.752658,18.827754
cvy,4,125.115771,24.479590
dzf,4,409.615085,79.527738
dxb2,4,97.124645,18.703974
dyb2,4,101.532072,19.741950
cvz,4,141.532883,27.899298
dzb3,4,409.147066,79.455039
dxb3,4,97.143779,18.707904
dyb3,4,108.945450,21.087753
csxxsyyszz,4,262.412734,50.285212
dyf2,4,101.262187,19.727815
dxf2,4,99.455507,19.089918
csxy,4,98.537951,19.513224
dzf2,4,465.553305,88.088141
dyf3,4,100.932346,19.687744
csyz,4,119.165402,23.501189
dxf3,4,97.130299,18.717082
dzf3,4,408.209977,79.331749
csxz,4,119.158353,23.581235
#========================= OptEWE [OpenMP] =========================
#Source type                                  :  Force monopole
#Grid Size                                    :  768 x 768 x 768
#Iterations                                   :  5
#Compute time                                 :  24.580122
#Total effective MLUPS                        :  92.144545
#===================================================================
#Number of threads                            :  24
