dxf,0,91.719229,18.292438
dzb,0,339.155347,71.116946
dyb,0,102.160141,20.419872
cvx,0,112.541041,22.920858
dyf,0,102.047681,20.431000
dzb2,0,338.952832,71.285019
dxb,0,91.368204,18.292553
cvy,0,925.170323,149.648916
dzf,0,338.125447,71.142711
dxb2,0,91.650454,18.363104
dyb2,0,102.138952,20.470511
cvz,0,122.071520,25.555524
dzb3,0,338.373047,71.269199
dxb3,0,91.119907,18.280074
dyb3,0,101.971879,20.458108
csxxsyyszz,0,297.243473,57.094107
dyf2,0,102.104669,20.483767
dxf2,0,91.197784,18.498685
csxy,0,86.355961,18.362540
dzf2,0,339.222406,71.448717
dyf3,0,102.194768,20.577014
csyz,0,103.205510,21.948863
dxf3,0,90.548818,18.253460
dzf3,0,338.524362,71.362427
csxz,0,103.322577,22.018779
dxf,1,90.454693,18.233011
dzb,1,339.179804,71.495321
dyb,1,101.959559,20.491520
cvx,1,112.565131,23.024876
dyf,1,101.779454,20.466810
dzb2,1,338.715823,71.398180
dxb,1,91.332926,18.377805
cvy,1,110.928298,22.720987
dzf,1,338.572143,71.419302
dxb2,1,91.683297,18.458657
dyb2,1,102.283177,20.564819
cvz,1,122.119906,25.603078
dzb3,1,338.445994,71.355363
dxb3,1,91.087301,18.318096
dyb3,1,102.087298,20.488626
csxxsyyszz,1,296.962303,57.163623
dyf2,1,102.138078,20.536996
dxf2,1,91.021184,18.367805
csxy,1,86.335410,18.374358
dzf2,1,338.206672,71.353275
dyf3,1,102.012757,20.534603
csyz,1,103.304248,21.959162
dxf3,1,90.549476,18.271555
dzf3,1,340.265821,71.688385
csxz,1,103.517425,22.046869
dxf,2,90.483382,18.258095
dzb,2,339.084176,71.484362
dyb,2,101.952253,20.479782
cvx,2,112.506768,23.008990
dyf,2,101.834421,20.511479
dzb2,2,338.899031,71.513674
dxb,2,91.367876,18.415170
cvy,2,110.881175,22.746728
dzf,2,337.932096,71.384914
dxb2,2,91.488701,18.411363
dyb2,2,102.250005,20.539100
cvz,2,122.032792,25.615568
dzb3,2,338.385941,71.420083
dxb3,2,91.188303,18.358877
dyb3,2,102.118489,20.513665
csxxsyyszz,2,297.061476,57.156266
dyf2,2,102.047679,20.496374
dxf2,2,90.949156,18.296350
csxy,2,86.336829,18.348293
dzf2,2,338.077112,71.306676
dyf3,2,102.038324,20.546740
csyz,2,103.154105,21.946281
dxf3,2,90.447337,18.240131
dzf3,2,338.585097,71.401247
csxz,2,103.273674,22.011062
dxf,3,90.358679,18.230722
dzb,3,339.313179,71.549680
dyb,3,102.174909,20.539121
cvx,3,112.465604,23.001805
dyf,3,101.910154,20.507810
dzb2,3,338.757030,71.438750
dxb,3,91.299515,18.370836
cvy,3,110.864449,22.744287
dzf,3,337.872387,71.330690
dxb2,3,91.554841,18.404614
dyb2,3,102.184094,20.555091
cvz,3,122.136483,25.630685
dzb3,3,338.466478,71.411323
dxb3,3,91.217282,18.371087
dyb3,3,102.114758,20.517211
csxxsyyszz,3,297.010850,57.168503
dyf2,3,102.201296,20.547865
dxf2,3,91.033131,18.340484
csxy,3,86.293448,18.350841
dzf2,3,338.072842,71.333865
dyf3,3,102.012398,20.572050
csyz,3,103.225351,21.977537
dxf3,3,90.474501,18.261466
dzf3,3,338.428804,71.429254
csxz,3,103.287438,22.034899
dxf,4,90.359648,18.244791
dzb,4,339.208556,71.569025
dyb,4,101.938348,20.511999
cvx,4,112.362736,23.006886
dyf,4,101.805621,20.484674
dzb2,4,338.959908,71.493372
dxb,4,91.263653,18.392815
cvy,4,110.882984,22.743386
dzf,4,339.776156,71.634975
dxb2,4,91.874080,18.474099
dyb2,4,102.216589,20.578582
cvz,4,122.040895,25.628587
dzb3,4,338.501474,71.435507
dxb3,4,91.123697,18.341583
dyb3,4,102.228577,20.549049
csxxsyyszz,4,296.870935,57.147280
dyf2,4,102.231096,20.561966
dxf2,4,90.861425,18.327465
csxy,4,86.252700,18.366679
dzf2,4,338.103723,71.355049
dyf3,4,102.004549,20.543495
csyz,4,103.237431,21.958232
dxf3,4,90.565960,18.262207
dzf3,4,338.520427,71.461038
csxz,4,103.306925,22.095907
#========================= OptEWE [OpenMP] =========================
#Source type                                  :  Force monopole
#Grid Size                                    :  768 x 768 x 768
#Iterations                                   :  5
#Compute time                                 :  21.446032
#Total effective MLUPS                        :  105.610409
#===================================================================
#Number of threads                            :  22
