dxf,0,166.228918,28.318406
dzb,0,626.961419,110.683147
dyb,0,168.617132,29.144231
cvx,0,174.518568,32.380878
dyf,0,169.211351,29.306341
dzb2,0,627.682394,111.048638
dxb,0,165.716771,28.413851
cvy,0,669.873174,106.139580
dzf,0,626.595199,110.888265
dxb2,0,165.952288,28.431253
dyb2,0,168.732886,29.258282
cvz,0,213.868883,39.482806
dzb3,0,626.884791,111.023989
dxb3,0,165.698303,28.399771
dyb3,0,179.652163,31.500170
csxxsyyszz,0,353.243818,64.809293
dyf2,0,168.876990,30.053274
dxf2,0,174.172194,30.689684
csxy,0,139.118680,26.222514
dzf2,0,1559.988939,253.965518
dyf3,0,168.780580,29.258237
csyz,0,207.688092,37.430685
dxf3,0,165.576836,28.361725
dzf3,0,626.877711,111.022985
csxz,0,207.034807,37.356780
dxf,1,165.890740,28.456345
dzb,1,627.049253,111.064227
dyb,1,168.646923,29.219939
cvx,1,174.426143,32.420220
dyf,1,168.956492,29.322647
dzb2,1,626.732853,111.077542
dxb,1,165.725616,28.454566
cvy,1,261.389967,45.948852
dzf,1,626.520241,111.054825
dxb2,1,167.565617,28.705650
dyb2,1,168.529481,29.225613
cvz,1,213.995742,39.538076
dzb3,1,626.635034,111.026778
dxb3,1,165.540501,28.428111
dyb3,1,180.020871,31.551130
csxxsyyszz,1,351.887342,64.372081
dyf2,1,169.343984,29.366821
dxf2,1,175.343893,30.474545
csxy,1,139.400538,26.168001
dzf2,1,1562.817242,253.793420
dyf3,1,169.264331,29.364886
csyz,1,207.427160,37.399538
dxf3,1,165.475738,28.398906
dzf3,1,628.335401,111.314476
csxz,1,207.000349,37.370619
dxf,2,165.733870,28.442090
dzb,2,627.050173,111.127195
dyb,2,168.465231,29.239617
cvx,2,174.446856,32.442406
dyf,2,169.183038,29.400128
dzb2,2,626.637485,111.070244
dxb,2,165.785339,28.472142
cvy,2,261.443469,45.973541
dzf,2,626.609381,111.082225
dxb2,2,165.822258,28.492011
dyb2,2,168.797151,29.265578
cvz,2,213.933734,39.537316
dzb3,2,627.187791,111.145726
dxb3,2,165.839738,28.464603
dyb3,2,179.463660,31.483354
csxxsyyszz,2,355.325812,64.892619
dyf2,2,168.866001,29.330409
dxf2,2,174.829002,30.396778
csxy,2,139.248456,26.129454
dzf2,2,1562.231425,253.785063
dyf3,2,168.934596,29.302077
csyz,2,207.282545,37.395903
dxf3,2,165.852370,28.483778
dzf3,2,627.166626,111.174505
csxz,2,207.110999,37.385269
dxf,3,165.514448,28.452998
dzb,3,626.888942,111.148754
dyb,3,168.874338,29.292246
cvx,3,174.486626,32.449059
dyf,3,169.011431,29.377225
dzb2,3,626.639104,111.080385
dxb,3,165.561758,28.499795
cvy,3,261.186186,46.046602
dzf,3,626.613319,111.301065
dxb2,3,165.825260,28.496127
dyb2,3,168.923916,29.278861
cvz,3,213.914708,39.541138
dzb3,3,626.632499,111.279651
dxb3,3,165.913208,28.546758
dyb3,3,179.614465,31.636209
csxxsyyszz,3,351.816670,64.772387
dyf2,3,169.081232,30.577499
dxf2,3,174.048681,31.183515
csxy,3,139.181363,26.649035
dzf2,3,1558.874546,255.084081
dyf3,3,168.979138,29.285575
csyz,3,207.866727,37.475560
dxf3,3,165.630793,28.436178
dzf3,3,627.146240,111.138861
csxz,3,207.355937,37.424397
dxf,4,165.608062,28.418144
dzb,4,627.036221,111.134068
dyb,4,168.784008,29.265285
cvx,4,174.396117,32.442384
dyf,4,169.130555,29.375430
dzb2,4,626.848338,111.138935
dxb,4,165.658687,28.492673
cvy,4,261.259186,45.948586
dzf,4,626.683749,111.115741
dxb2,4,165.791236,28.457147
dyb2,4,169.026373,29.339666
cvz,4,213.823042,39.534636
dzb3,4,626.819410,111.157387
dxb3,4,165.772757,28.457821
dyb3,4,179.849791,31.571959
csxxsyyszz,4,351.955446,64.413827
dyf2,4,169.207596,29.369886
dxf2,4,174.817507,30.459467
csxy,4,139.335971,26.144764
dzf2,4,1563.263523,254.062280
dyf3,4,168.931483,29.322281
csyz,4,207.918787,37.498749
dxf3,4,165.819067,28.428040
dzf3,4,626.980539,111.158380
csxz,4,207.808249,37.566006
#========================= OptEWE [OpenMP] =========================
#Source type                                  :  Force monopole
#Grid Size                                    :  768 x 768 x 768
#Iterations                                   :  5
#Compute time                                 :  41.813339
#Total effective MLUPS                        :  54.167503
#===================================================================
#Number of threads                            :  12
