dxf,0,102.338095,21.135522
dzb,0,368.740736,80.033182
dyb,0,120.314615,24.659318
cvx,0,140.982139,28.859266
dyf,0,120.048643,24.620303
dzb2,0,368.899822,80.237205
dxb,0,103.132607,21.313826
cvy,0,959.232795,163.890683
dzf,0,368.153969,80.090650
dxb2,0,103.195885,21.372359
dyb2,0,120.262218,24.709080
cvz,0,146.236699,30.803327
dzb3,0,368.508837,80.223002
dxb3,0,103.203719,21.388356
dyb3,0,120.057759,24.678388
csxxsyyszz,0,380.376235,74.064952
dyf2,0,120.138632,24.697597
dxf2,0,101.837796,21.167183
csxy,0,95.263337,20.850148
dzf2,0,368.285236,80.262042
dyf3,0,119.999768,24.688464
csyz,0,113.676052,24.923597
dxf3,0,101.877847,21.186635
dzf3,0,368.464429,80.364331
csxz,0,113.570429,24.967471
dxf,1,101.450179,21.128600
dzb,1,369.146037,80.465874
dyb,1,119.891723,24.680107
cvx,1,140.953753,28.965747
dyf,1,120.215984,24.729388
dzb2,1,368.921434,80.446806
dxb,1,103.087849,21.379806
cvy,1,139.536007,28.686153
dzf,1,368.134016,80.325970
dxb2,1,103.131434,21.400877
dyb2,1,120.146841,24.743847
cvz,1,146.165439,30.852511
dzb3,1,368.595564,80.427052
dxb3,1,103.145520,21.405765
dyb3,1,120.096460,24.709108
csxxsyyszz,1,380.185039,74.100749
dyf2,1,120.062648,24.715191
dxf2,1,101.739901,21.177086
csxy,1,95.287872,20.860676
dzf2,1,368.303790,80.348456
dyf3,1,123.637551,25.324432
csyz,1,113.674056,24.958250
dxf3,1,101.738191,21.172408
dzf3,1,368.429119,80.432804
csxz,1,113.620381,25.029211
dxf,2,101.507841,21.147138
dzb,2,369.001228,80.538619
dyb,2,120.168942,24.759849
cvx,2,141.150510,29.031229
dyf,2,120.144134,24.757323
dzb2,2,369.045662,80.528049
dxb,2,103.053849,21.391034
cvy,2,139.592678,28.717851
dzf,2,368.381226,80.434794
dxb2,2,103.528527,21.615770
dyb2,2,120.234717,24.908173
cvz,2,146.236282,30.871911
dzb3,2,368.571917,80.391510
dxb3,2,103.175774,21.423958
dyb3,2,120.084911,24.713745
csxxsyyszz,2,380.465960,74.191732
dyf2,2,120.065762,24.744741
dxf2,2,101.840969,21.216415
csxy,2,95.335516,20.878477
dzf2,2,368.480407,80.444748
dyf3,2,120.091820,24.737930
csyz,2,113.573504,24.936790
dxf3,2,101.712895,21.181833
dzf3,2,368.465010,80.469271
csxz,2,113.528092,24.995060
dxf,3,101.402497,21.150665
dzb,3,369.128499,80.584182
dyb,3,120.127961,24.772330
cvx,3,140.923096,29.016015
dyf,3,120.320062,24.800232
dzb2,3,368.872905,80.559473
dxb,3,103.071944,21.443013
cvy,3,139.587828,28.764868
dzf,3,368.289254,80.463237
dxb2,3,103.196712,21.459141
dyb2,3,120.310379,24.832135
cvz,3,146.206917,30.927948
dzb3,3,368.730993,80.552522
dxb3,3,103.194999,21.461365
dyb3,3,120.294913,24.776314
csxxsyyszz,3,379.162325,74.025098
dyf2,3,120.104894,24.759697
dxf2,3,102.931223,21.436540
csxy,3,95.297403,20.918885
dzf2,3,368.321620,80.454381
dyf3,3,120.155224,24.809222
csyz,3,113.633534,24.984802
dxf3,3,101.617124,21.203695
dzf3,3,368.204099,80.512676
csxz,3,115.230059,25.331407
dxf,4,101.606677,21.210763
dzb,4,368.990791,80.626231
dyb,4,119.870485,24.743967
cvx,4,140.937480,29.040068
dyf,4,120.140123,24.793671
dzb2,4,369.102282,80.620741
dxb,4,103.128375,21.464575
cvy,4,139.653349,28.781217
dzf,4,368.325903,80.494638
dxb2,4,103.180833,21.474019
dyb2,4,120.322785,24.835312
cvz,4,146.228101,30.931812
dzb3,4,368.738170,80.552595
dxb3,4,103.246103,21.479859
dyb3,4,120.166668,24.763567
csxxsyyszz,4,380.213166,74.223431
dyf2,4,120.115714,24.769558
dxf2,4,101.775714,21.233081
csxy,4,95.363056,20.930838
dzf2,4,368.286433,80.446073
dyf3,4,120.159170,24.839707
csyz,4,113.570351,24.985970
dxf3,4,101.617115,21.198760
dzf3,4,368.442521,80.577008
csxz,4,113.533079,25.119953
#========================= OptEWE [OpenMP] =========================
#Source type                                  :  Force monopole
#Grid Size                                    :  768 x 768 x 768
#Iterations                                   :  5
#Compute time                                 :  24.209057
#Total effective MLUPS                        :  93.556894
#===================================================================
#Number of threads                            :  20
