dxf,0,91.287230,19.363690
dzb,0,336.143583,75.131694
dyb,0,96.594878,20.715905
cvx,0,105.060227,23.238070
dyf,0,96.317675,20.731519
dzb2,0,335.960654,75.266400
dxb,0,90.698731,19.338546
cvy,0,837.141942,145.868986
dzf,0,335.094865,75.087598
dxb2,0,90.722383,19.353327
dyb2,0,96.725583,20.790448
cvz,0,120.820080,27.120517
dzb3,0,335.446286,75.271606
dxb3,0,90.449121,19.326248
dyb3,0,96.864353,20.818793
csxxsyyszz,0,261.699324,54.726004
dyf2,0,96.512479,20.793515
dxf2,0,90.435386,19.317170
csxy,0,86.160334,19.443596
dzf2,0,335.393800,75.299390
dyf3,0,96.336275,20.752111
csyz,0,102.998726,23.267560
dxf3,0,89.833167,19.259589
dzf3,0,335.771194,75.408529
csxz,0,104.168688,23.498637
dxf,1,89.967888,19.288966
dzb,1,336.074940,75.444845
dyb,1,96.583215,20.818980
cvx,1,105.265225,23.339981
dyf,1,96.376327,20.788521
dzb2,1,335.805661,75.409544
dxb,1,90.706198,19.399171
cvy,1,104.855738,23.254356
dzf,1,335.200065,75.314952
dxb2,1,90.716464,19.387685
dyb2,1,96.775942,20.816332
cvz,1,121.038761,27.184641
dzb3,1,335.450144,75.400506
dxb3,1,90.502358,19.353855
dyb3,1,96.748073,20.832920
csxxsyyszz,1,261.723646,54.797889
dyf2,1,96.501383,20.790632
dxf2,1,90.399625,19.355100
csxy,1,86.261847,19.475204
dzf2,1,335.192510,75.353537
dyf3,1,96.546916,20.834307
csyz,1,102.928858,23.257591
dxf3,1,89.833010,19.279299
dzf3,1,335.586855,75.439077
csxz,1,102.955613,23.356445
dxf,2,90.005566,19.319523
dzb,2,335.992003,75.540123
dyb,2,96.451399,20.808282
cvx,2,105.148464,23.344924
dyf,2,96.292894,20.797177
dzb2,2,335.903320,75.522054
dxb,2,90.671090,19.400902
cvy,2,104.867305,23.295628
dzf,2,335.197371,75.401006
dxb2,2,90.712728,19.404635
dyb2,2,96.876261,20.872880
cvz,2,120.928553,27.207065
dzb3,2,335.456122,75.470160
dxb3,2,90.500475,19.374233
dyb3,2,96.710088,20.845094
csxxsyyszz,2,261.589694,54.792472
dyf2,2,96.460630,20.816056
dxf2,2,90.444346,19.357301
csxy,2,86.141614,19.479873
dzf2,2,335.122918,75.390224
dyf3,2,96.530913,20.827036
csyz,2,102.979830,23.300547
dxf3,2,89.856531,19.298788
dzf3,2,336.001094,75.511149
csxz,2,102.922613,23.328671
dxf,3,89.947417,19.314230
dzb,3,335.961898,75.520145
dyb,3,96.713162,20.827500
cvx,3,105.071829,23.337115
dyf,3,96.402124,20.832695
dzb2,3,335.977941,75.587308
dxb,3,90.605973,19.425625
cvy,3,104.920627,23.318238
dzf,3,335.139009,75.429397
dxb2,3,90.561905,19.393290
dyb2,3,96.872062,20.882478
cvz,3,120.860867,27.209421
dzb3,3,336.903573,75.738887
dxb3,3,90.591546,19.390406
dyb3,3,96.633768,20.828028
csxxsyyszz,3,261.674311,54.838676
dyf2,3,96.622282,20.838492
dxf2,3,90.452604,19.379470
csxy,3,86.130977,19.467558
dzf2,3,335.329027,75.469552
dyf3,3,96.553540,20.845835
csyz,3,102.985369,23.295488
dxf3,3,89.847201,19.304806
dzf3,3,335.549359,75.500222
csxz,3,102.940962,23.370443
dxf,4,89.974798,19.333087
dzb,4,335.943509,75.597132
dyb,4,96.524303,20.829427
cvx,4,105.128028,23.348861
dyf,4,96.374416,20.831379
dzb2,4,336.884481,75.735093
dxb,4,90.686877,19.435084
cvy,4,104.982680,23.345647
dzf,4,335.252768,75.490938
dxb2,4,90.726855,19.429846
dyb2,4,96.727955,20.847958
cvz,4,120.871784,27.211879
dzb3,4,335.449285,75.494129
dxb3,4,90.409048,19.355643
dyb3,4,96.799276,20.862589
csxxsyyszz,4,261.607464,54.834863
dyf2,4,96.643326,20.857207
dxf2,4,90.494777,19.401539
csxy,4,86.224437,19.491131
dzf2,4,335.348671,75.476585
dyf3,4,96.439204,20.833943
csyz,4,102.932568,23.296040
dxf3,4,90.029345,19.329275
dzf3,4,335.529449,75.525362
csxz,4,102.860734,23.447918
#========================= OptEWE [OpenMP] =========================
#Source type                                  :  Force monopole
#Grid Size                                    :  768 x 768 x 768
#Iterations                                   :  5
#Compute time                                 :  20.836895
#Total effective MLUPS                        :  108.697777
#===================================================================
#Number of threads                            :  22
