dxf,0,203.197184,29.893526
dzb,0,706.930838,107.141581
dyb,0,261.870233,37.836265
cvx,0,338.600542,49.470783
dyf,0,262.606031,37.935380
dzb2,0,706.513107,107.107334
dxb,0,212.586982,31.105746
cvy,0,1181.920563,157.050188
dzf,0,706.495237,107.155766
dxb2,0,211.136326,30.920691
dyb2,0,262.121742,37.844198
cvz,0,346.724907,51.989431
dzb3,0,706.898353,107.232758
dxb3,0,211.515381,30.961556
dyb3,0,263.880487,38.571733
csxxsyyszz,0,931.782393,131.160228
dyf2,0,262.682051,37.942879
dxf2,0,206.536666,30.725307
csxy,0,161.682763,25.917101
dzf2,0,1147.998631,167.778147
dyf3,0,262.549813,37.900780
csyz,0,242.235227,37.577235
dxf3,0,202.967119,29.868750
dzf3,0,707.375735,108.266148
csxz,0,238.876354,38.050763
dxf,1,203.112745,29.888411
dzb,1,706.876879,107.238611
dyb,1,261.839449,37.874627
cvx,1,338.690968,49.573897
dyf,1,263.577510,38.100128
dzb2,1,706.579764,107.299573
dxb,1,211.536728,30.986778
cvy,1,340.201952,50.326387
dzf,1,705.978728,107.250473
dxb2,1,211.323925,31.010669
dyb2,1,261.703919,37.833629
cvz,1,346.826446,52.028575
dzb3,1,706.798797,107.311621
dxb3,1,211.515067,31.033753
dyb3,1,263.803189,38.608965
csxxsyyszz,1,926.433282,130.917848
dyf2,1,263.048984,38.146445
dxf2,1,206.528574,30.776356
csxy,1,161.558417,25.912904
dzf2,1,1147.545465,167.942750
dyf3,1,262.770973,38.063967
csyz,1,242.091825,37.681865
dxf3,1,202.867967,29.965040
dzf3,1,706.559146,107.354699
csxz,1,240.351683,37.392687
dxf,2,203.051998,29.906339
dzb,2,706.621251,107.513094
dyb,2,262.267718,37.954683
cvx,2,340.380101,49.708930
dyf,2,262.693938,38.031788
dzb2,2,706.617235,107.404320
dxb,2,213.209358,31.355410
cvy,2,340.117765,50.295410
dzf,2,705.765696,107.176183
dxb2,2,211.100094,30.964691
dyb2,2,262.113287,37.833917
cvz,2,346.731256,52.036838
dzb3,2,706.848028,107.309736
dxb3,2,211.416751,30.949848
dyb3,2,263.927000,38.616378
csxxsyyszz,2,931.936887,131.287854
dyf2,2,263.202881,38.059508
dxf2,2,206.408934,30.742774
csxy,2,161.604400,25.914331
dzf2,2,1147.930723,168.117272
dyf3,2,262.579082,38.068869
csyz,2,242.115079,37.591590
dxf3,2,202.930855,29.930560
dzf3,2,706.482060,107.594196
csxz,2,240.424154,37.401602
dxf,3,203.066295,29.990415
dzb,3,706.666121,107.387297
dyb,3,262.361409,37.975074
cvx,3,340.222074,49.978199
dyf,3,262.536602,38.001675
dzb2,3,706.583021,107.384399
dxb,3,211.473280,30.944969
cvy,3,340.063736,50.230992
dzf,3,705.926735,107.078824
dxb2,3,211.179957,30.947406
dyb2,3,262.001791,37.819188
cvz,3,347.740387,52.932139
dzb3,3,705.247789,112.646748
dxb3,3,210.920314,32.127416
dyb3,3,263.874851,38.592194
csxxsyyszz,3,926.451189,130.698624
dyf2,3,263.058017,38.114872
dxf2,3,206.539450,30.819061
csxy,3,161.687714,25.948273
dzf2,3,1146.894163,167.726648
dyf3,3,262.520633,37.968040
csyz,3,242.220890,37.595982
dxf3,3,202.943263,29.945820
dzf3,3,706.484505,107.294712
csxz,3,240.366340,37.393478
dxf,4,203.093584,29.976612
dzb,4,706.783274,107.361425
dyb,4,262.207675,37.926750
cvx,4,340.667186,49.833781
dyf,4,262.649192,38.035010
dzb2,4,706.441350,107.503184
dxb,4,211.534725,31.105659
cvy,4,339.972550,50.294999
dzf,4,705.807687,107.239713
dxb2,4,211.288905,31.077076
dyb2,4,261.881721,37.952685
cvz,4,346.670526,52.133568
dzb3,4,706.763204,107.368983
dxb3,4,211.390503,31.027510
dyb3,4,263.868270,38.638653
csxxsyyszz,4,926.694584,130.919323
dyf2,4,265.053768,38.270859
dxf2,4,206.460237,30.781434
csxy,4,161.606712,25.932424
dzf2,4,1147.738597,168.015091
dyf3,4,262.484448,38.051793
csyz,4,242.082678,37.567213
dxf3,4,202.893479,29.950284
dzf3,4,706.557862,107.385565
csxz,4,240.445767,37.515072
#========================= OptEWE [OpenMP] =========================
#Source type                                  :  Force monopole
#Grid Size                                    :  768 x 768 x 768
#Iterations                                   :  5
#Compute time                                 :  51.358883
#Total effective MLUPS                        :  44.099950
#===================================================================
#Number of threads                            :  7
