dxf,0,257.380273,38.746910
dzb,0,889.219892,137.198592
dyb,0,338.883804,50.092382
cvx,0,461.654545,68.576637
dyf,0,340.291002,50.322645
dzb2,0,890.897692,137.416970
dxb,0,269.977420,40.478057
cvy,0,1309.891555,182.271005
dzf,0,888.422049,137.078777
dxb2,0,270.771570,40.634151
dyb2,0,338.027387,50.006925
cvz,0,469.325043,71.534576
dzb3,0,889.053987,137.241469
dxb3,0,269.674339,41.965456
dyb3,0,340.574186,52.705970
csxxsyyszz,0,1267.607351,185.155700
dyf2,0,340.178485,50.416042
dxf2,0,259.170374,39.547933
csxy,0,207.757652,33.618095
dzf2,0,1311.376545,198.479032
dyf3,0,340.102262,50.433460
csyz,0,277.658954,44.329147
dxf3,0,259.566350,39.173385
dzf3,0,888.710243,137.448896
csxz,0,273.830651,43.872026
dxf,1,257.328389,38.872358
dzb,1,888.625488,137.410202
dyb,1,338.631411,50.183431
cvx,1,459.966007,68.584198
dyf,1,340.194731,50.534334
dzb2,1,889.302347,137.458093
dxb,1,269.793853,40.528561
cvy,1,455.374347,68.584282
dzf,1,887.894820,137.403842
dxb2,1,270.875360,40.683212
dyb2,1,338.130831,50.111982
cvz,1,470.815961,71.972871
dzb3,1,888.182478,137.575969
dxb3,1,269.812958,40.570634
dyb3,1,341.422518,51.026863
csxxsyyszz,1,1261.096910,182.553259
dyf2,1,340.298218,50.376075
dxf2,1,259.219166,39.488339
csxy,1,209.357395,33.843341
dzf2,1,1311.266993,198.667056
dyf3,1,340.161314,50.421578
csyz,1,277.398090,44.284765
dxf3,1,259.506538,39.188345
dzf3,1,887.489923,137.465597
csxz,1,273.716752,43.847930
dxf,2,259.070135,39.121078
dzb,2,888.840805,137.611528
dyb,2,338.496754,50.609495
cvx,2,459.837303,68.547177
dyf,2,340.180297,50.395173
dzb2,2,890.352941,137.860469
dxb,2,269.678930,40.665542
cvy,2,455.443625,68.546008
dzf,2,887.661165,137.290924
dxb2,2,270.913294,40.820880
dyb2,2,338.174217,50.272207
cvz,2,469.343421,71.677134
dzb3,2,887.984525,141.172056
dxb3,2,269.830484,40.663005
dyb3,2,340.833858,51.404372
csxxsyyszz,2,1265.331310,184.007206
dyf2,2,340.425031,50.349184
dxf2,2,259.195465,39.471943
csxy,2,207.732325,33.609524
dzf2,2,1311.965470,198.414163
dyf3,2,339.616908,50.257201
csyz,2,277.465322,44.290277
dxf3,2,259.477704,39.067052
dzf3,2,887.685515,137.079759
csxz,2,273.928824,43.893731
dxf,3,259.190494,39.051615
dzb,3,889.225818,137.273234
dyb,3,338.683138,50.113523
cvx,3,459.889070,68.402387
dyf,3,339.821235,50.269749
dzb2,3,889.738574,137.349394
dxb,3,269.691703,40.480500
cvy,3,456.936462,68.552066
dzf,3,887.872746,137.102929
dxb2,3,270.841621,40.630723
dyb2,3,338.043209,50.002555
cvz,3,469.472933,71.579420
dzb3,3,888.996349,137.232690
dxb3,3,269.943229,40.504806
dyb3,3,341.140243,50.962671
csxxsyyszz,3,1255.648340,181.281103
dyf2,3,340.257967,50.340021
dxf2,3,259.404245,39.489699
csxy,3,207.752087,33.600296
dzf2,3,1311.345802,198.328064
dyf3,3,340.117803,50.339050
csyz,3,277.493620,44.280994
dxf3,3,259.667984,39.122065
dzf3,3,887.593735,137.049361
csxz,3,273.927197,43.870062
dxf,4,259.421323,39.121555
dzb,4,890.700889,137.542637
dyb,4,338.599409,50.209312
cvx,4,459.806066,68.342540
dyf,4,340.354106,50.337699
dzb2,4,889.287703,137.307739
dxb,4,269.619633,40.459982
cvy,4,455.275100,68.328871
dzf,4,888.217750,137.099026
dxb2,4,270.881527,40.647042
dyb2,4,338.001912,50.084923
cvz,4,470.039252,72.129488
dzb3,4,888.962102,138.405777
dxb3,4,269.336881,40.514453
dyb3,4,341.867006,51.205297
csxxsyyszz,4,1264.057515,182.485319
dyf2,4,340.238231,50.352894
dxf2,4,259.268713,39.480614
csxy,4,207.781324,33.603658
dzf2,4,1311.471997,198.313564
dyf3,4,341.751295,50.546684
csyz,4,277.471710,44.259472
dxf3,4,259.607852,39.097588
dzf3,4,887.600007,137.028864
csxz,4,273.884089,43.909937
#========================= OptEWE [OpenMP] =========================
#Source type                                  :  Force monopole
#Grid Size                                    :  768 x 768 x 768
#Iterations                                   :  5
#Compute time                                 :  64.801979
#Total effective MLUPS                        :  34.951466
#===================================================================
#Number of threads                            :  4
