dxf,0,86.579418,21.271234
dzb,0,321.737536,83.772409
dyb,0,87.091119,21.998702
cvx,0,99.926770,26.299662
dyf,0,86.827659,22.054841
dzb2,0,320.963861,83.934166
dxb,0,85.580633,21.339088
cvy,0,760.025842,158.338838
dzf,0,320.046396,83.664425
dxb2,0,85.353893,21.295673
dyb2,0,87.279903,22.117242
cvz,0,116.226214,30.649492
dzb3,0,320.557393,83.967244
dxb3,0,85.449380,21.345647
dyb3,0,87.303322,22.151623
csxxsyyszz,0,195.912464,50.524282
dyf2,0,86.948589,22.128292
dxf2,0,85.578786,21.404901
csxy,0,82.901243,21.865079
dzf2,0,320.046914,83.950192
dyf3,0,86.958101,22.177650
csyz,0,99.029456,26.064969
dxf3,0,85.238470,21.342316
dzf3,0,320.456226,84.097116
csxz,0,98.950459,26.126507
dxf,1,85.247233,21.354186
dzb,1,320.925554,84.207076
dyb,1,86.951801,22.129233
cvx,1,99.775112,26.390640
dyf,1,86.895138,22.173071
dzb2,1,320.926625,84.259931
dxb,1,85.567342,21.435356
cvy,1,99.941104,26.437142
dzf,1,319.905808,84.086517
dxb2,1,85.361584,21.391661
dyb2,1,87.482487,22.246476
cvz,1,116.364524,30.773485
dzb3,1,320.478283,84.188374
dxb3,1,85.352479,21.385701
dyb3,1,87.181433,22.203102
csxxsyyszz,1,196.283917,50.665289
dyf2,1,86.835829,22.152387
dxf2,1,85.611062,21.458732
csxy,1,82.894641,21.898617
dzf2,1,319.889153,84.088118
dyf3,1,86.981299,22.206795
csyz,1,99.040496,26.106731
dxf3,1,85.212768,21.370529
dzf3,1,320.586970,84.260608
csxz,1,98.888338,26.158684
dxf,2,85.193473,21.381113
dzb,2,321.033806,84.332249
dyb,2,86.995788,22.142281
cvx,2,101.909880,26.873165
dyf,2,86.851748,22.184206
dzb2,2,320.997032,84.329756
dxb,2,85.511842,21.442708
cvy,2,100.029364,26.461321
dzf,2,320.055034,84.173478
dxb2,2,85.394527,21.423842
dyb2,2,87.317620,22.239993
cvz,2,116.166579,30.743780
dzb3,2,320.530919,84.231069
dxb3,2,85.321224,21.407291
dyb3,2,87.257039,22.208509
csxxsyyszz,2,196.345265,50.718683
dyf2,2,87.007643,22.192203
dxf2,2,85.580054,21.467067
csxy,2,82.835100,21.914198
dzf2,2,319.928703,84.160682
dyf3,2,86.953945,22.223155
csyz,2,99.031195,26.130385
dxf3,2,85.193796,21.378991
dzf3,2,320.451099,84.301526
csxz,2,99.008818,26.186851
dxf,3,85.290059,21.413809
dzb,3,320.943633,84.380265
dyb,3,86.946747,22.152277
cvx,3,99.779238,26.454958
dyf,3,86.848974,22.202495
dzb2,3,321.030375,84.410487
dxb,3,85.577808,21.485931
cvy,3,100.024960,26.474375
dzf,3,320.040218,84.236546
dxb2,3,85.430860,21.422647
dyb2,3,87.336607,22.258200
cvz,3,116.243363,30.795501
dzb3,3,320.510446,84.337171
dxb3,3,85.381568,21.425253
dyb3,3,87.131366,22.206872
csxxsyyszz,3,195.927007,50.680447
dyf2,3,86.864888,22.196569
dxf2,3,85.554947,21.468637
csxy,3,82.879163,21.936708
dzf2,3,319.892046,84.200492
dyf3,3,86.853242,22.216170
csyz,3,99.059888,26.152423
dxf3,3,85.166724,21.393734
dzf3,3,320.483528,84.330336
csxz,3,98.921096,26.171925
dxf,4,85.193842,21.386836
dzb,4,321.012135,84.397368
dyb,4,86.935971,22.148543
cvx,4,99.843750,26.477128
dyf,4,86.905228,22.236134
dzb2,4,321.000667,84.433857
dxb,4,85.564565,21.480147
cvy,4,100.043361,26.495919
dzf,4,320.059175,84.276573
dxb2,4,85.447630,21.454966
dyb2,4,87.129995,22.229162
cvz,4,116.299509,30.833660
dzb3,4,320.554002,84.377750
dxb3,4,85.446704,21.445894
dyb3,4,87.318723,22.271425
csxxsyyszz,4,195.372813,50.563747
dyf2,4,86.903398,22.201472
dxf2,4,85.541084,21.473392
csxy,4,82.879501,21.942717
dzf2,4,321.007676,84.453092
dyf3,4,86.793365,22.218238
csyz,4,99.109676,26.167898
dxf3,4,85.285457,21.421476
dzf3,4,320.494893,84.382098
csxz,4,98.945563,26.318244
#========================= OptEWE [OpenMP] =========================
#Source type                                  :  Force monopole
#Grid Size                                    :  768 x 768 x 768
#Iterations                                   :  5
#Compute time                                 :  19.418066
#Total effective MLUPS                        :  116.640049
#===================================================================
#Number of threads                            :  23
