dxf,0,149.111593,23.200307
dzb,0,643.570495,100.037294
dyb,0,154.083347,24.261089
cvx,0,183.839578,29.069632
dyf,0,154.112853,24.320934
dzb2,0,643.651809,100.170306
dxb,0,146.586791,22.927090
cvy,0,1305.981738,173.943623
dzf,0,642.499500,100.019785
dxb2,0,146.329335,22.927977
dyb2,0,154.309364,24.327959
cvz,0,217.076251,34.308455
dzb3,0,643.420358,100.208853
dxb3,0,146.527560,22.951240
dyb3,0,154.543436,24.366843
csxxsyyszz,0,415.159055,64.118427
dyf2,0,154.329125,24.342946
dxf2,0,146.174211,22.940708
csxy,0,148.397946,23.721287
dzf2,0,642.286012,100.077807
dyf3,0,154.158646,24.364971
csyz,0,182.175596,28.956142
dxf3,0,146.345138,22.945038
dzf3,0,642.288952,100.110056
csxz,0,180.933324,28.798098
dxf,1,146.154689,22.890367
dzb,1,643.769895,99.718707
dyb,1,154.326534,24.294928
cvx,1,183.709146,29.102507
dyf,1,153.930251,24.317751
dzb2,1,643.560843,100.248443
dxb,1,146.456416,22.959888
cvy,1,183.918560,29.100141
dzf,1,642.277844,100.096232
dxb2,1,146.340683,22.955464
dyb2,1,154.310710,24.367738
cvz,1,216.805151,34.277465
dzb3,1,643.369732,100.234134
dxb3,1,146.572194,22.961326
dyb3,1,154.344689,24.336867
csxxsyyszz,1,412.809420,63.818066
dyf2,1,154.285573,24.361048
dxf2,1,146.155740,22.915096
csxy,1,148.442054,23.751594
dzf2,1,642.067132,100.116484
dyf3,1,154.205215,24.365906
csyz,1,181.006829,28.800609
dxf3,1,146.123665,22.917719
dzf3,1,642.411682,99.716456
csxz,1,180.976495,28.827591
dxf,2,146.243220,22.944745
dzb,2,643.648848,100.287099
dyb,2,154.094368,24.323326
cvx,2,183.673522,29.115231
dyf,2,154.032049,24.364833
dzb2,2,644.896414,100.490158
dxb,2,146.776814,23.001191
cvy,2,183.694743,29.076643
dzf,2,642.116521,100.155966
dxb2,2,146.339197,22.958197
dyb2,2,154.345470,24.348616
cvz,2,216.948174,34.314881
dzb3,2,644.831709,100.533603
dxb3,2,146.589204,22.986152
dyb3,2,154.229065,24.327286
csxxsyyszz,2,415.036085,64.111006
dyf2,2,154.205123,24.338214
dxf2,2,146.114299,22.949817
csxy,2,148.340243,23.734562
dzf2,2,641.996872,100.097968
dyf3,2,154.106568,24.355876
csyz,2,180.891194,28.793753
dxf3,2,146.050273,22.912993
dzf3,2,642.102688,100.155180
csxz,2,180.962480,28.836172
dxf,3,147.813343,23.154860
dzb,3,643.698964,100.376119
dyb,3,154.154965,24.363154
cvx,3,183.866294,29.147652
dyf,3,153.861922,24.348028
dzb2,3,643.573155,100.403147
dxb,3,146.479749,22.975298
cvy,3,183.807683,29.109423
dzf,3,642.235271,100.223729
dxb2,3,146.280527,22.965301
dyb2,3,154.234803,24.366379
cvz,3,216.841085,34.310376
dzb3,3,643.494376,99.895640
dxb3,3,146.618418,23.004231
dyb3,3,154.118185,24.342646
csxxsyyszz,3,418.711498,64.634224
dyf2,3,154.318302,24.388103
dxf2,3,146.322737,22.949930
csxy,3,148.374225,23.746552
dzf2,3,642.121245,99.735685
dyf3,3,153.965109,24.329094
csyz,3,180.904092,28.800651
dxf3,3,146.250161,22.950281
dzf3,3,642.058857,100.183487
csxz,3,180.922219,28.835969
dxf,4,146.121882,22.929534
dzb,4,643.673495,100.430651
dyb,4,154.017736,24.311600
cvx,4,183.593135,29.103233
dyf,4,153.936323,24.358436
dzb2,4,643.452784,100.393845
dxb,4,146.540827,22.987354
cvy,4,183.800206,29.116808
dzf,4,642.282499,99.828924
dxb2,4,146.371084,22.971235
dyb2,4,154.335596,24.360661
cvz,4,217.315860,34.379195
dzb3,4,643.368594,100.199544
dxb3,4,146.508835,22.953999
dyb3,4,154.323446,24.357383
csxxsyyszz,4,412.965736,63.885249
dyf2,4,154.253368,24.371784
dxf2,4,146.124638,22.933299
csxy,4,148.298631,23.724814
dzf2,4,642.289119,100.048122
dyf3,4,153.969687,24.319263
csyz,4,180.858367,28.802936
dxf3,4,146.226258,22.949000
dzf3,4,642.145010,100.200295
csxz,4,180.955540,28.876482
#========================= OptEWE [OpenMP] =========================
#Source type                                  :  Force monopole
#Grid Size                                    :  768 x 768 x 768
#Iterations                                   :  5
#Compute time                                 :  36.981850
#Total effective MLUPS                        :  61.244210
#===================================================================
#Number of threads                            :  19
