dxf,0,219.159335,30.689496
dzb,0,903.624352,127.013011
dyb,0,261.882656,36.432308
cvx,0,287.768048,41.572027
dyf,0,264.665385,36.775180
dzb2,0,903.989433,127.050467
dxb,0,222.174685,31.040605
cvy,0,1052.320074,135.252829
dzf,0,902.948095,126.949230
dxb2,0,223.034597,31.143187
dyb2,0,261.968215,36.460272
cvz,0,323.382627,47.256897
dzb3,0,904.438696,127.165350
dxb3,0,221.646261,31.019170
dyb3,0,267.532617,37.556879
csxxsyyszz,0,796.994375,109.738158
dyf2,0,262.634524,36.471503
dxf2,0,228.809488,32.236396
csxy,0,195.335180,29.169144
dzf2,0,1417.029445,194.179215
dyf3,0,262.510534,36.494681
csyz,0,297.428937,42.953612
dxf3,0,217.850209,30.538072
dzf3,0,903.294721,127.066615
csxz,0,294.762702,42.663415
dxf,1,218.554842,30.630336
dzb,1,903.558826,127.062582
dyb,1,262.093933,36.435399
cvx,1,287.886828,41.679587
dyf,1,263.617800,37.201569
dzb2,1,903.977542,130.858986
dxb,1,221.902595,31.135521
cvy,1,332.779754,47.470557
dzf,1,904.122916,127.225983
dxb2,1,223.060328,31.229065
dyb2,1,261.542906,36.400084
cvz,1,323.611195,47.203795
dzb3,1,903.210499,127.076225
dxb3,1,221.720109,31.036465
dyb3,1,269.775916,37.809442
csxxsyyszz,1,794.178777,109.337513
dyf2,1,262.644014,36.498439
dxf2,1,227.266084,32.066599
csxy,1,195.423192,29.202126
dzf2,1,1416.989187,194.090415
dyf3,1,262.599544,36.485669
csyz,1,297.034593,42.931804
dxf3,1,217.854124,30.535637
dzf3,1,903.218921,127.034619
csxz,1,294.639793,42.663045
dxf,2,218.649870,30.658314
dzb,2,903.610973,127.116469
dyb,2,261.525147,36.417500
cvx,2,287.828308,41.588202
dyf,2,262.784150,36.618697
dzb2,2,904.573884,127.585475
dxb,2,222.003916,31.116846
cvy,2,334.194918,47.642916
dzf,2,902.923515,127.395113
dxb2,2,222.950971,31.398264
dyb2,2,261.929318,36.588064
cvz,2,324.916539,47.468212
dzb3,2,903.594837,127.124183
dxb3,2,221.681043,31.006765
dyb3,2,268.116602,37.625447
csxxsyyszz,2,796.929099,109.697088
dyf2,2,262.647696,36.518351
dxf2,2,227.321919,32.072616
csxy,2,195.622821,29.243128
dzf2,2,1416.870659,194.103656
dyf3,2,262.419398,36.486981
csyz,2,297.324127,42.966567
dxf3,2,217.844977,30.563699
dzf3,2,903.125482,127.065012
csxz,2,294.426310,42.626662
dxf,3,218.357133,30.653619
dzb,3,904.730340,127.262028
dyb,3,261.585466,36.361001
cvx,3,287.726161,41.571700
dyf,3,262.732454,36.555264
dzb2,3,903.761275,127.194535
dxb,3,221.902937,31.074869
cvy,3,332.356378,47.428946
dzf,3,904.719679,128.068135
dxb2,3,223.184159,31.654085
dyb2,3,261.904358,36.478895
cvz,3,323.213236,47.168993
dzb3,3,903.338078,127.312148
dxb3,3,221.420695,31.090493
dyb3,3,267.958390,37.665585
csxxsyyszz,3,796.633623,110.051488
dyf2,3,262.412897,36.902434
dxf2,3,227.431125,32.200622
csxy,3,195.178110,29.221234
dzf2,3,1414.293494,194.376333
dyf3,3,262.121981,36.749824
csyz,3,297.259230,42.984032
dxf3,3,217.565098,30.814767
dzf3,3,904.438283,127.673290
csxz,3,294.662275,42.817364
dxf,4,218.506861,30.706917
dzb,4,903.566964,127.293487
dyb,4,261.848206,36.561177
cvx,4,288.018630,41.738119
dyf,4,262.465030,36.754548
dzb2,4,904.755704,127.557194
dxb,4,221.864228,31.080889
cvy,4,332.494785,47.605612
dzf,4,902.908456,127.571523
dxb2,4,223.114726,31.265190
dyb2,4,261.934942,36.505314
cvz,4,323.133133,47.183526
dzb3,4,904.757520,127.817468
dxb3,4,221.566562,31.141900
dyb3,4,268.023358,37.694879
csxxsyyszz,4,794.189526,109.519082
dyf2,4,262.142011,36.637448
dxf2,4,226.898874,32.159058
csxy,4,195.338272,29.291196
dzf2,4,1416.566582,194.545385
dyf3,4,262.382217,36.666796
csyz,4,298.461676,43.267366
dxf3,4,217.692946,30.650097
dzf3,4,903.235484,127.220465
csxz,4,294.372467,42.798289
#========================= OptEWE [OpenMP] =========================
#Source type                                  :  Force monopole
#Grid Size                                    :  768 x 768 x 768
#Iterations                                   :  5
#Compute time                                 :  57.587933
#Total effective MLUPS                        :  39.329840
#===================================================================
#Number of threads                            :  6
