dxf,0,91.830906,20.072088
dzb,0,365.408577,82.339021
dyb,0,91.851123,20.537861
cvx,0,110.314400,25.128413
dyf,0,91.234103,20.488187
dzb2,0,365.267240,82.478112
dxb,0,90.294505,19.875219
cvy,0,1059.284056,193.371126
dzf,0,364.472741,82.309843
dxb2,0,89.682879,19.797865
dyb2,0,92.012576,20.613019
cvz,0,128.954614,29.389872
dzb3,0,364.942565,82.507928
dxb3,0,89.809079,19.829548
dyb3,0,96.536884,21.691985
csxxsyyszz,0,212.073349,48.002157
dyf2,0,91.456407,20.570930
dxf2,0,91.777618,20.189595
csxy,0,90.644840,20.703355
dzf2,0,413.794294,91.213845
dyf3,0,91.287603,20.519710
csyz,0,109.674071,24.926643
dxf3,0,89.555402,19.793342
dzf3,0,364.751048,82.522306
csxz,0,109.194381,24.868405
dxf,1,89.538171,19.805277
dzb,1,365.308073,82.640000
dyb,1,91.656343,20.559108
cvx,1,110.326743,25.213108
dyf,1,91.230893,20.527931
dzb2,1,365.120431,82.608620
dxb,1,90.218371,19.911660
cvy,1,114.268642,25.893298
dzf,1,364.371869,82.500982
dxb2,1,89.604703,19.814086
dyb2,1,92.082948,20.664295
cvz,1,128.984634,29.423006
dzb3,1,364.832854,82.583677
dxb3,1,89.837387,19.862453
dyb3,1,96.505428,21.706951
csxxsyyszz,1,209.992699,47.683394
dyf2,1,91.430327,20.566662
dxf2,1,91.754794,20.213309
csxy,1,90.613287,20.720033
dzf2,1,413.756459,91.282399
dyf3,1,91.345844,20.537836
csyz,1,109.222209,24.854202
dxf3,1,89.544153,19.815210
dzf3,1,364.574334,82.548194
csxz,1,109.110648,24.870592
dxf,2,89.470042,19.811715
dzb,2,365.372797,82.697949
dyb,2,91.851606,20.605870
cvx,2,110.346113,25.208790
dyf,2,91.234932,20.547234
dzb2,2,365.196722,82.660460
dxb,2,90.251438,19.932079
cvy,2,114.205789,25.885455
dzf,2,364.415975,82.536856
dxb2,2,89.663060,19.838690
dyb2,2,92.064117,20.663007
cvz,2,128.811613,29.405833
dzb3,2,364.894372,82.640971
dxb3,2,89.709672,19.838653
dyb3,2,96.502729,21.715821
csxxsyyszz,2,209.981897,47.697486
dyf2,2,91.366150,20.561067
dxf2,2,91.786121,20.222184
csxy,2,90.615749,20.721704
dzf2,2,413.815374,91.293403
dyf3,2,91.362682,20.557340
csyz,2,109.172986,24.859106
dxf3,2,89.722014,19.860362
dzf3,2,364.722647,82.583394
csxz,2,110.819356,25.203116
dxf,3,89.413968,19.789841
dzb,3,365.358924,82.715715
dyb,3,91.606636,20.553500
cvx,3,110.376916,25.220632
dyf,3,91.132193,20.523361
dzb2,3,365.836897,82.841371
dxb,3,90.279261,19.930250
cvy,3,114.267267,25.900498
dzf,3,364.335193,82.543570
dxb2,3,89.575693,19.833633
dyb2,3,92.079824,20.671430
cvz,3,128.875215,29.411430
dzb3,3,364.958124,82.658152
dxb3,3,89.746372,19.857370
dyb3,3,96.421923,21.711412
csxxsyyszz,3,210.008155,47.685223
dyf2,3,91.378110,20.552951
dxf2,3,91.742554,20.219861
csxy,3,90.612033,20.723809
dzf2,3,413.798908,91.352962
dyf3,3,91.606655,20.608172
csyz,3,109.614722,24.935497
dxf3,3,89.532452,19.802536
dzf3,3,364.656044,82.609039
csxz,3,109.166477,24.893275
dxf,4,89.486847,19.818386
dzb,4,365.224894,82.706767
dyb,4,91.808445,20.605319
cvx,4,110.329049,25.214989
dyf,4,91.178538,20.534043
dzb2,4,365.216334,82.723985
dxb,4,90.248135,19.939810
cvy,4,114.351341,25.929166
dzf,4,364.345403,82.556709
dxb2,4,89.613847,19.832356
dyb2,4,91.975806,20.656603
cvz,4,128.973831,29.439516
dzb3,4,364.839987,82.656815
dxb3,4,89.700562,19.850192
dyb3,4,97.124904,21.834708
csxxsyyszz,4,211.285567,47.938760
dyf2,4,91.327725,20.565800
dxf2,4,91.727802,20.218829
csxy,4,90.616370,20.728125
dzf2,4,413.679972,91.348136
dyf3,4,91.389917,20.558677
csyz,4,109.165280,24.859318
dxf3,4,89.599851,19.830120
dzf3,4,364.759096,82.629768
csxz,4,109.144810,24.918550
#========================= OptEWE [OpenMP] =========================
#Source type                                  :  Force monopole
#Grid Size                                    :  768 x 768 x 768
#Iterations                                   :  5
#Compute time                                 :  21.982666
#Total effective MLUPS                        :  103.032278
#===================================================================
#Number of threads                            :  24
