dxf,0,166.873757,27.734815
dzb,0,611.615743,105.757514
dyb,0,186.512213,30.958918
cvx,0,200.883400,34.870051
dyf,0,186.083131,30.953765
dzb2,0,611.615065,105.920153
dxb,0,167.899550,27.980360
cvy,0,885.821069,132.697516
dzf,0,612.063208,105.979016
dxb2,0,168.297880,28.000435
dyb2,0,186.611061,31.089476
cvz,0,219.235623,38.928458
dzb3,0,610.870911,105.894270
dxb3,0,168.454062,28.051812
dyb3,0,190.531075,32.291295
csxxsyyszz,0,541.717539,90.094084
dyf2,0,186.025176,31.008194
dxf2,0,173.369613,29.383796
csxy,0,134.988095,24.861134
dzf2,0,1457.631708,231.523286
dyf3,0,186.882513,31.045857
csyz,0,195.895278,34.737850
dxf3,0,166.845929,27.830744
dzf3,0,611.906058,106.033310
csxz,0,196.838508,34.910501
dxf,1,166.387731,27.791950
dzb,1,611.611224,106.040463
dyb,1,186.530109,31.044612
cvx,1,200.617171,34.891124
dyf,1,185.959769,31.021967
dzb2,1,611.541294,106.055150
dxb,1,167.724049,27.980390
cvy,1,251.279221,42.958317
dzf,1,611.330615,106.102634
dxb2,1,168.044570,27.998325
dyb2,1,186.702700,31.108592
cvz,1,218.868296,38.912544
dzb3,1,610.771632,105.960517
dxb3,1,168.154979,28.017710
dyb3,1,190.017787,32.242158
csxxsyyszz,1,541.814871,90.165526
dyf2,1,186.001596,30.994370
dxf2,1,173.606666,29.431413
csxy,1,134.950073,24.863806
dzf2,1,1457.582693,231.649620
dyf3,1,187.008636,31.133845
csyz,1,195.862296,34.745672
dxf3,1,166.760175,27.872027
dzf3,1,611.937019,106.102065
csxz,1,195.754791,34.750573
dxf,2,166.505559,27.842107
dzb,2,611.802480,106.106059
dyb,2,186.121094,30.997576
cvx,2,200.578533,34.897809
dyf,2,185.793651,31.014250
dzb2,2,613.466602,106.373360
dxb,2,168.080791,28.048976
cvy,2,251.393020,43.010562
dzf,2,610.595587,105.991210
dxb2,2,168.103690,28.026098
dyb2,2,186.580087,31.095109
cvz,2,218.951563,38.956085
dzb3,2,610.842954,105.986116
dxb3,2,168.314747,28.059676
dyb3,2,190.420549,32.343351
csxxsyyszz,2,541.765422,90.197455
dyf2,2,186.015699,31.008470
dxf2,2,173.582146,29.425893
csxy,2,134.901184,24.854179
dzf2,2,1457.313897,231.808044
dyf3,2,187.098035,31.147491
csyz,2,196.181900,34.799250
dxf3,2,166.754773,27.870752
dzf3,2,611.884251,106.134839
csxz,2,195.610724,34.755904
dxf,3,166.650367,27.897444
dzb,3,611.754199,106.156192
dyb,3,186.309667,31.048926
cvx,3,200.729753,34.939273
dyf,3,186.046221,31.078377
dzb2,3,611.766142,106.172610
dxb,3,167.766593,28.008086
cvy,3,251.207395,42.985258
dzf,3,610.482541,106.007248
dxb2,3,167.937300,28.033852
dyb2,3,187.415438,31.262431
cvz,3,218.989479,38.972785
dzb3,3,611.851164,106.203835
dxb3,3,168.120844,28.050468
dyb3,3,190.234988,32.324094
csxxsyyszz,3,541.827422,90.244698
dyf2,3,186.128573,31.059957
dxf2,3,173.830022,29.519193
csxy,3,135.006104,24.872903
dzf2,3,1457.234851,231.776368
dyf3,3,186.809113,31.162591
csyz,3,195.868814,34.781876
dxf3,3,166.674615,27.864299
dzf3,3,611.664850,106.141311
csxz,3,195.847902,34.810348
dxf,4,166.521995,27.882893
dzb,4,611.655303,106.186052
dyb,4,186.737913,31.150466
cvx,4,200.687087,34.951096
dyf,4,185.967904,31.102510
dzb2,4,611.580301,106.243867
dxb,4,167.982780,28.039208
cvy,4,251.596267,43.073305
dzf,4,611.029090,107.276097
dxb2,4,167.751869,28.786195
dyb2,4,186.265201,31.634865
cvz,4,219.093093,38.979114
dzb3,4,610.547290,106.111645
dxb3,4,168.173792,28.081684
dyb3,4,190.342225,32.410720
csxxsyyszz,4,545.664923,90.844354
dyf2,4,186.026490,31.035130
dxf2,4,173.674300,29.534803
csxy,4,134.925191,24.882040
dzf2,4,1458.318562,231.998625
dyf3,4,186.923454,31.146865
csyz,4,196.211694,34.809985
dxf3,4,166.684766,27.851362
dzf3,4,611.772067,106.160165
csxz,4,195.879153,34.835440
#========================= OptEWE [OpenMP] =========================
#Source type                                  :  Force monopole
#Grid Size                                    :  768 x 768 x 768
#Iterations                                   :  5
#Compute time                                 :  42.581604
#Total effective MLUPS                        :  53.190203
#===================================================================
#Number of threads                            :  12
