dxf,0,193.929416,27.413911
dzb,0,817.866073,116.552528
dyb,0,198.708756,28.339594
cvx,0,211.330347,32.019027
dyf,0,198.416281,28.385805
dzb2,0,818.049934,116.720883
dxb,0,193.930081,27.479394
cvy,0,954.629600,123.340188
dzf,0,817.110089,116.635104
dxb2,0,194.277106,27.503219
dyb2,0,198.790603,28.370649
cvz,0,259.025308,39.028712
dzb3,0,818.565729,116.816314
dxb3,0,194.169891,27.519495
dyb3,0,214.231866,30.965554
csxxsyyszz,0,489.038620,71.941962
dyf2,0,198.492326,28.396063
dxf2,0,206.862714,29.711900
csxy,0,167.892511,25.761193
dzf2,0,1869.686314,251.905249
dyf3,0,198.366666,28.668942
csyz,0,248.821455,36.845605
dxf3,0,193.458410,27.449019
dzf3,0,817.934176,117.625847
csxz,0,247.730844,36.743383
dxf,1,193.483904,27.476822
dzb,1,817.857944,117.424650
dyb,1,198.658901,28.468441
cvx,1,211.507707,32.204778
dyf,1,198.481817,28.589196
dzb2,1,818.822105,117.506461
dxb,1,193.980305,27.518095
cvy,1,321.213060,46.240881
dzf,1,817.240832,117.018731
dxb2,1,194.413659,27.641456
dyb2,1,198.613171,28.407889
cvz,1,260.955696,39.368826
dzb3,1,817.441777,117.049625
dxb3,1,193.957556,27.514619
dyb3,1,214.301915,31.068940
csxxsyyszz,1,485.792091,71.591488
dyf2,1,198.514378,28.388920
dxf2,1,206.746969,29.760008
csxy,1,167.917418,25.780912
dzf2,1,1870.160760,251.887521
dyf3,1,198.755679,28.409142
csyz,1,249.167700,36.866271
dxf3,1,193.583941,27.527636
dzf3,1,817.972094,116.832804
csxz,1,248.042189,36.741496
dxf,2,193.260278,27.490159
dzb,2,818.153385,116.876825
dyb,2,198.636128,28.411297
cvx,2,211.560324,32.083296
dyf,2,198.281478,28.373831
dzb2,2,817.534241,119.546661
dxb,2,193.462479,28.457214
cvy,2,320.739834,46.445144
dzf,2,817.344746,116.934062
dxb2,2,194.397777,27.627172
dyb2,2,199.637875,28.554671
cvz,2,258.978161,39.078185
dzb3,2,817.359363,117.026222
dxb3,2,194.092947,27.626060
dyb3,2,214.133900,31.048671
csxxsyyszz,2,489.046010,72.110878
dyf2,2,198.328719,28.461658
dxf2,2,207.126806,29.748711
csxy,2,167.844960,25.752903
dzf2,2,1870.455569,252.260578
dyf3,2,198.940148,28.470946
csyz,2,249.293902,36.964648
dxf3,2,193.563107,27.557430
dzf3,2,817.918358,116.996277
csxz,2,248.316952,36.780582
dxf,3,193.278859,27.440765
dzb,3,817.925873,117.121689
dyb,3,198.346774,28.412059
cvx,3,211.384996,32.141187
dyf,3,198.450506,28.484717
dzb2,3,818.013914,116.911518
dxb,3,193.796857,27.574683
cvy,3,321.096443,46.337794
dzf,3,818.581521,117.201280
dxb2,3,194.469374,27.555119
dyb2,3,198.950825,28.493985
cvz,3,258.786365,39.059322
dzb3,3,817.612382,117.406739
dxb3,3,194.229951,27.635651
dyb3,3,213.918860,30.999951
csxxsyyszz,3,489.246491,72.034071
dyf2,3,198.389238,28.428681
dxf2,3,207.272368,29.799741
csxy,3,167.897513,25.839576
dzf2,3,1869.845813,252.263531
dyf3,3,198.570344,28.527856
csyz,3,248.780633,36.928126
dxf3,3,193.396772,27.499285
dzf3,3,818.132122,117.172979
csxz,3,248.057941,36.763178
dxf,4,193.446252,27.439358
dzb,4,817.524569,117.791163
dyb,4,197.899658,29.196166
cvx,4,210.954393,32.239826
dyf,4,198.240882,28.386359
dzb2,4,817.745147,116.848689
dxb,4,193.771425,27.479396
cvy,4,321.302260,46.254966
dzf,4,818.411156,117.123366
dxb2,4,194.454600,27.597671
dyb2,4,198.912229,28.462102
cvz,4,258.933688,39.183388
dzb3,4,818.610733,118.443860
dxb3,4,194.175620,27.874727
dyb3,4,214.296524,31.080684
csxxsyyszz,4,488.881911,72.010059
dyf2,4,199.498841,28.729569
dxf2,4,206.055397,30.158634
csxy,4,167.652388,25.923126
dzf2,4,1862.651851,251.786631
dyf3,4,199.001814,28.481268
csyz,4,248.716532,36.830316
dxf3,4,193.424653,27.445346
dzf3,4,818.098379,116.846394
csxz,4,248.266879,36.812376
#========================= OptEWE [OpenMP] =========================
#Source type                                  :  Force monopole
#Grid Size                                    :  768 x 768 x 768
#Iterations                                   :  5
#Compute time                                 :  52.067253
#Total effective MLUPS                        :  43.499974
#===================================================================
#Number of threads                            :  12
