dxf,0,485.716627,62.513449
dzb,0,1720.707921,224.465443
dyb,0,641.590921,81.686471
cvx,0,868.357008,111.234159
dyf,0,644.621955,81.907150
dzb2,0,1721.165147,224.098593
dxb,0,507.264907,64.969023
cvy,0,2084.717004,262.498694
dzf,0,1720.137003,224.531315
dxb2,0,506.600599,65.051305
dyb2,0,640.069835,81.715580
cvz,0,882.047164,114.165487
dzb3,0,1719.009615,224.767244
dxb3,0,511.220362,65.596397
dyb3,0,646.692866,82.973038
csxxsyyszz,0,2403.533451,303.562894
dyf2,0,643.770023,82.062585
dxf2,0,486.804830,63.094468
csxy,0,398.693293,53.565688
dzf2,0,2108.438616,278.065324
dyf3,0,643.536996,82.124049
csyz,0,479.075736,63.808703
dxf3,0,484.728946,62.431291
dzf3,0,1716.857369,224.367544
csxz,0,467.421643,62.748862
dxf,1,485.345964,62.644883
dzb,1,1718.776244,224.641551
dyb,1,639.855271,81.690849
cvx,1,867.904846,111.266097
dyf,1,644.033113,82.153600
dzb2,1,1719.980804,224.817151
dxb,1,506.951520,65.222854
cvy,1,857.978796,110.685879
dzf,1,1717.533288,225.562872
dxb2,1,506.112316,64.973910
dyb2,1,639.924454,81.492281
cvz,1,878.731972,113.512571
dzb3,1,1721.862091,224.472275
dxb3,1,512.054131,65.541184
dyb3,1,647.331335,82.858409
csxxsyyszz,1,2405.350223,303.465727
dyf2,1,643.757276,81.928591
dxf2,1,488.437615,63.250302
csxy,1,399.387304,53.552259
dzf2,1,2100.439280,275.903484
dyf3,1,643.456342,81.991674
csyz,1,477.686513,63.593636
dxf3,1,484.564018,62.390233
dzf3,1,1717.363541,224.323364
csxz,1,468.545371,62.715419
dxf,2,485.340102,62.611238
dzb,2,1720.145588,224.858334
dyb,2,640.003880,81.809217
cvx,2,869.601222,111.546322
dyf,2,644.055526,82.207056
dzb2,2,1717.613420,224.689983
dxb,2,507.048359,65.315223
cvy,2,856.522234,110.634868
dzf,2,1716.675087,226.650068
dxb2,2,506.266785,65.720503
dyb2,2,639.429030,81.997045
cvz,2,880.239862,114.659223
dzb3,2,1720.591293,226.385270
dxb3,2,511.457038,65.749894
dyb3,2,646.702559,82.958189
csxxsyyszz,2,2403.592912,304.048749
dyf2,2,644.196433,82.337850
dxf2,2,486.856973,63.111826
csxy,2,398.785411,53.536442
dzf2,2,2100.326429,275.298881
dyf3,2,644.253025,81.834593
csyz,2,478.859288,64.342475
dxf3,2,485.072493,62.307411
dzf3,2,1719.778649,224.359659
csxz,2,469.460033,62.692100
dxf,3,485.124217,62.499712
dzb,3,1719.837104,224.421248
dyb,3,640.424462,81.390515
cvx,3,868.255381,111.042001
dyf,3,644.813508,81.940598
dzb2,3,1721.030570,223.995544
dxb,3,507.525956,65.014921
cvy,3,859.210109,110.527872
dzf,3,1717.238660,223.868127
dxb2,3,507.876063,65.182000
dyb2,3,639.569138,84.038859
cvz,3,879.080643,113.536480
dzb3,3,1720.330511,224.151467
dxb3,3,512.080567,65.538590
dyb3,3,647.651441,82.789736
csxxsyyszz,3,2403.683820,302.821427
dyf2,3,646.249766,82.102017
dxf2,3,487.297360,62.983930
csxy,3,399.704156,53.508150
dzf2,3,2099.923419,275.275865
dyf3,3,643.392651,81.894655
csyz,3,477.795426,63.603647
dxf3,3,484.636865,62.376303
dzf3,3,1717.795360,224.183531
csxz,3,469.377955,62.665319
dxf,4,485.192958,62.480796
dzb,4,1719.432374,224.346830
dyb,4,639.612271,81.462129
cvx,4,869.589013,111.336843
dyf,4,644.060570,81.957952
dzb2,4,1720.971756,224.538337
dxb,4,506.772831,65.047109
cvy,4,856.418841,110.318572
dzf,4,1716.785972,224.047434
dxb2,4,506.222233,64.969586
dyb2,4,639.528562,81.464688
cvz,4,879.219114,114.979477
dzb3,4,1715.333750,227.293954
dxb3,4,511.846170,65.580663
dyb3,4,647.499695,82.792661
csxxsyyszz,4,2407.497527,303.420258
dyf2,4,642.710599,81.833699
dxf2,4,486.903370,63.068452
csxy,4,399.334285,53.543158
dzf2,4,2100.050793,275.653639
dyf3,4,643.449630,81.942186
csyz,4,477.001699,63.577404
dxf3,4,484.582338,62.367166
dzf3,4,1720.256527,224.137207
csxz,4,469.515393,62.634029
#========================= OptEWE [OpenMP] =========================
#Source type                                  :  Force monopole
#Grid Size                                    :  768 x 768 x 768
#Iterations                                   :  5
#Compute time                                 :  120.709229
#Total effective MLUPS                        :  18.763471
#===================================================================
#Number of threads                            :  2
