dxf,0,251.555681,34.684606
dzb,0,952.309033,132.689262
dyb,0,322.900040,43.837541
cvx,0,402.715817,55.482326
dyf,0,323.338922,43.990757
dzb2,0,952.124892,132.662357
dxb,0,260.907668,35.819659
cvy,0,1238.760658,157.495427
dzf,0,951.183420,132.700314
dxb2,0,261.576650,35.973253
dyb2,0,323.360364,43.946165
cvz,0,419.743587,59.168141
dzb3,0,952.025219,133.577542
dxb3,0,260.567423,35.848035
dyb3,0,328.477495,44.940822
csxxsyyszz,0,1116.349283,148.653561
dyf2,0,325.793196,44.144603
dxf2,0,257.176062,35.710856
csxy,0,224.423952,32.778806
dzf2,0,1464.934909,199.478713
dyf3,0,328.137997,44.622913
csyz,0,311.357067,44.582128
dxf3,0,250.870256,34.560488
dzf3,0,951.061445,132.485575
csxz,0,306.765561,44.050986
dxf,1,251.462735,34.660485
dzb,1,952.272055,132.753359
dyb,1,322.981745,43.860471
cvx,1,402.344455,55.607438
dyf,1,323.768649,44.025562
dzb2,1,953.475559,132.652284
dxb,1,261.094236,35.762960
cvy,1,405.176814,56.317585
dzf,1,951.380048,132.406917
dxb2,1,261.945465,35.875696
dyb2,1,322.891287,43.899511
cvz,1,419.236710,59.153078
dzb3,1,953.156919,135.059961
dxb3,1,260.715235,35.755800
dyb3,1,326.911506,44.905729
csxxsyyszz,1,1116.424711,148.619792
dyf2,1,324.069736,43.958543
dxf2,1,257.051783,35.705881
csxy,1,223.933806,32.746213
dzf2,1,1465.421355,199.593106
dyf3,1,324.257740,43.940901
csyz,1,312.294667,44.764182
dxf3,1,250.695753,34.645754
dzf3,1,951.125500,132.635096
csxz,1,307.870877,44.269639
dxf,2,251.700347,34.780038
dzb,2,952.628332,132.898888
dyb,2,323.289668,43.879235
cvx,2,403.103492,55.659384
dyf,2,324.100725,44.118210
dzb2,2,953.336668,132.952902
dxb,2,261.053902,35.820590
cvy,2,405.128751,56.458473
dzf,2,951.363722,132.778003
dxb2,2,261.862397,35.935386
dyb2,2,322.700316,43.837442
cvz,2,418.024639,59.015373
dzb3,2,952.259147,132.904655
dxb3,2,260.667586,35.803985
dyb3,2,327.573472,44.883663
csxxsyyszz,2,1116.289705,148.868411
dyf2,2,324.092116,44.036636
dxf2,2,257.274014,35.754134
csxy,2,224.118106,32.923668
dzf2,2,1465.054634,200.088184
dyf3,2,324.482655,44.073403
csyz,2,310.595694,44.502538
dxf3,2,250.845235,34.627716
dzf3,2,950.903709,132.732970
csxz,2,307.988504,44.213667
dxf,3,251.757743,34.694306
dzb,3,952.334481,132.911550
dyb,3,323.075190,43.925675
cvx,3,402.914526,55.469062
dyf,3,323.834020,43.958101
dzb2,3,952.206550,132.826322
dxb,3,260.952625,35.943484
cvy,3,404.984231,56.435324
dzf,3,951.377675,132.657534
dxb2,3,261.819180,35.963551
dyb2,3,323.371464,44.535588
cvz,3,417.392966,60.141319
dzb3,3,951.879349,133.543525
dxb3,3,262.033602,35.982349
dyb3,3,327.969661,44.861065
csxxsyyszz,3,1110.549811,147.862788
dyf2,3,324.181345,44.030115
dxf2,3,256.852563,35.719305
csxy,3,224.013296,32.722048
dzf2,3,1466.321211,199.715716
dyf3,3,324.349180,44.068954
csyz,3,310.921533,44.542000
dxf3,3,250.764064,34.640766
dzf3,3,950.802126,132.605433
csxz,3,306.939374,44.082921
dxf,4,251.629982,34.675829
dzb,4,952.700483,132.648809
dyb,4,323.063890,43.889844
cvx,4,402.940620,55.534367
dyf,4,323.898097,43.995825
dzb2,4,952.324260,132.620383
dxb,4,261.074305,35.838279
cvy,4,405.083350,56.340797
dzf,4,952.638926,132.717627
dxb2,4,261.836807,35.939216
dyb2,4,323.370976,43.886291
cvz,4,418.265865,58.984946
dzb3,4,952.581295,132.711346
dxb3,4,262.200353,35.970486
dyb3,4,327.522534,44.902567
csxxsyyszz,4,1112.504358,148.141960
dyf2,4,324.058060,43.969260
dxf2,4,257.182073,35.716035
csxy,4,224.228540,32.734018
dzf2,4,1464.942574,199.452401
dyf3,4,324.401056,44.025625
csyz,4,310.960880,44.529946
dxf3,4,250.794203,34.585963
dzf3,4,951.039306,132.457917
csxz,4,306.683360,44.060971
#========================= OptEWE [OpenMP] =========================
#Source type                                  :  Force monopole
#Grid Size                                    :  768 x 768 x 768
#Iterations                                   :  5
#Compute time                                 :  65.332848
#Total effective MLUPS                        :  34.667464
#===================================================================
#Number of threads                            :  4
