dxf,0,464.333438,57.765793
dzb,0,1715.469177,215.341581
dyb,0,603.651023,74.235105
cvx,0,766.200883,95.310324
dyf,0,604.696069,74.431623
dzb2,0,1712.967531,215.347821
dxb,0,483.036657,59.844381
cvy,0,1896.440762,226.403972
dzf,0,1714.076337,216.884216
dxb2,0,481.234737,60.109879
dyb2,0,603.614295,74.255531
cvz,0,782.687200,98.054905
dzb3,0,1714.548793,215.257424
dxb3,0,487.446211,60.324208
dyb3,0,612.315061,75.687974
csxxsyyszz,0,2130.622745,260.116601
dyf2,0,604.206971,74.295022
dxf2,0,469.099906,58.627403
csxy,0,405.312164,52.255641
dzf2,0,2187.455878,275.595950
dyf3,0,605.301095,74.412145
csyz,0,488.391710,62.416459
dxf3,0,475.788627,59.024221
dzf3,0,1713.572107,215.073277
csxz,0,478.706815,61.410603
dxf,1,465.054835,57.751942
dzb,1,1715.703346,215.556586
dyb,1,603.915060,74.181231
cvx,1,765.801654,95.272163
dyf,1,605.327647,74.587932
dzb2,1,1716.428159,215.634399
dxb,1,483.486549,59.895508
cvy,1,754.479464,94.444909
dzf,1,1712.015704,214.997553
dxb2,1,481.037820,59.637110
dyb2,1,603.659882,74.278351
cvz,1,782.542736,99.761096
dzb3,1,1708.570363,222.017597
dxb3,1,487.593338,60.252550
dyb3,1,612.172406,75.582727
csxxsyyszz,1,2118.237811,258.452358
dyf2,1,604.511178,74.250256
dxf2,1,469.107464,58.545432
csxy,1,405.281797,52.188245
dzf2,1,2187.313805,275.525091
dyf3,1,603.650641,74.317873
csyz,1,488.855237,62.490413
dxf3,1,475.344334,59.013325
dzf3,1,1713.223600,215.330723
csxz,1,478.913801,61.439401
dxf,2,464.309802,57.742926
dzb,2,1714.301699,215.396234
dyb,2,603.767726,74.252077
cvx,2,764.565323,95.073346
dyf,2,604.791038,74.384056
dzb2,2,1713.400558,215.286277
dxb,2,482.687168,59.821543
cvy,2,754.594025,94.406722
dzf,2,1710.818794,214.979565
dxb2,2,482.264336,59.772627
dyb2,2,603.216379,74.148627
cvz,2,781.727867,97.945732
dzb3,2,1715.072979,215.454414
dxb3,2,490.005368,63.540349
dyb3,2,612.184448,75.584837
csxxsyyszz,2,2127.702325,260.008665
dyf2,2,603.389707,74.298215
dxf2,2,469.093166,58.696277
csxy,2,405.191189,52.300400
dzf2,2,2187.000161,275.937545
dyf3,2,605.279904,74.691488
csyz,2,488.511517,62.448469
dxf3,2,475.698734,59.085122
dzf3,2,1714.285738,215.769977
csxz,2,478.513706,61.574868
dxf,3,465.186290,58.047303
dzb,3,1716.076076,215.927414
dyb,3,603.875274,74.490384
cvx,3,765.967722,95.278967
dyf,3,604.456419,74.587028
dzb2,3,1714.493453,215.713070
dxb,3,484.883118,60.317438
cvy,3,755.867493,94.713090
dzf,3,1713.132642,215.781537
dxb2,3,482.690609,59.829824
dyb2,3,603.751770,74.380345
cvz,3,782.629909,98.460380
dzb3,3,1715.399953,215.859525
dxb3,3,487.640814,60.552597
dyb3,3,612.183815,75.741169
csxxsyyszz,3,2120.243123,260.898557
dyf2,3,606.399385,74.424302
dxf2,3,469.032541,58.532347
csxy,3,405.529580,52.198356
dzf2,3,2187.525061,275.686486
dyf3,3,604.619952,74.363638
csyz,3,488.627137,62.446671
dxf3,3,475.326251,58.933727
dzf3,3,1712.462351,215.163421
csxz,3,478.958969,61.423243
dxf,4,464.344710,57.727587
dzb,4,1714.161956,215.335097
dyb,4,603.319427,74.163911
cvx,4,766.381203,95.268765
dyf,4,604.768066,74.361646
dzb2,4,1714.150677,215.367269
dxb,4,484.224933,60.030689
cvy,4,754.915006,94.396078
dzf,4,1713.401313,214.762860
dxb2,4,480.674941,59.566793
dyb2,4,602.959572,74.156164
cvz,4,781.767894,97.956114
dzb3,4,1713.897627,215.337490
dxb3,4,487.122476,60.319882
dyb3,4,613.284115,75.831582
csxxsyyszz,4,2111.529009,257.561938
dyf2,4,606.001024,74.548714
dxf2,4,470.952237,62.165319
csxy,4,405.510690,52.347742
dzf2,4,2187.490161,275.429387
dyf3,4,605.399138,74.411107
csyz,4,488.919307,62.470914
dxf3,4,475.899953,58.986775
dzf3,4,1713.827799,215.088881
csxz,4,480.857064,61.641934
#========================= OptEWE [OpenMP] =========================
#Source type                                  :  Force monopole
#Grid Size                                    :  768 x 768 x 768
#Iterations                                   :  5
#Compute time                                 :  116.399025
#Total effective MLUPS                        :  19.458274
#===================================================================
#Number of threads                            :  2
