dxf,0,204.352118,31.845202
dzb,0,709.213630,113.970054
dyb,0,264.832696,40.477710
cvx,0,343.861071,53.370725
dyf,0,266.951047,40.822591
dzb2,0,708.983138,113.949190
dxb,0,213.267280,33.038697
cvy,0,1118.497794,157.912411
dzf,0,709.140162,113.955505
dxb2,0,213.222510,33.064612
dyb2,0,264.205185,40.444499
cvz,0,352.250473,55.877347
dzb3,0,709.093845,113.899692
dxb3,0,213.274950,33.038893
dyb3,0,266.829024,41.246365
csxxsyyszz,0,946.902037,141.011614
dyf2,0,265.489950,40.546628
dxf2,0,207.161063,32.612503
csxy,0,161.376445,27.422733
dzf2,0,1121.804083,173.959044
dyf3,0,265.467575,40.615668
csyz,0,237.081277,39.107250
dxf3,0,204.947725,31.980923
dzf3,0,708.714010,113.918537
csxz,0,235.431368,38.933592
dxf,1,204.206403,31.840337
dzb,1,710.490002,114.247937
dyb,1,264.741506,40.473476
cvx,1,343.583155,53.360828
dyf,1,265.174601,40.550236
dzb2,1,709.146590,114.028225
dxb,1,213.316086,33.060148
cvy,1,343.612147,53.709814
dzf,1,708.448755,113.955850
dxb2,1,213.253824,33.061657
dyb2,1,264.453676,40.504410
cvz,1,352.475159,55.956177
dzb3,1,710.696427,114.333160
dxb3,1,213.361856,33.079522
dyb3,1,266.858331,41.292592
csxxsyyszz,1,941.540370,140.308607
dyf2,1,265.882022,40.646589
dxf2,1,207.378104,32.672717
csxy,1,163.048259,27.648537
dzf2,1,1119.951159,173.819088
dyf3,1,265.574546,40.597594
csyz,1,237.531192,39.188919
dxf3,1,204.954820,31.950441
dzf3,1,708.548821,113.946249
csxz,1,236.053371,39.292967
dxf,2,204.171612,32.641936
dzb,2,710.501452,114.697708
dyb,2,264.852974,40.600417
cvx,2,343.955588,53.406830
dyf,2,265.200706,40.622142
dzb2,2,709.190223,114.134862
dxb,2,213.354617,33.233826
cvy,2,343.574489,53.889906
dzf,2,708.739111,114.171255
dxb2,2,213.306653,33.155418
dyb2,2,264.271889,40.515562
cvz,2,352.808972,56.141598
dzb3,2,709.202178,114.454980
dxb3,2,213.238448,33.113575
dyb3,2,266.948341,41.300917
csxxsyyszz,2,947.287702,141.380066
dyf2,2,265.664512,40.758109
dxf2,2,208.888475,32.956011
csxy,2,161.584633,27.505446
dzf2,2,1119.548869,173.769260
dyf3,2,265.280429,40.669873
csyz,2,237.410111,39.285537
dxf3,2,204.961247,32.110636
dzf3,2,708.466836,114.038461
csxz,2,235.340905,38.923349
dxf,3,204.136583,31.904516
dzb,3,710.617917,114.628306
dyb,3,264.854128,40.676391
cvx,3,344.118972,53.161531
dyf,3,265.304552,40.637055
dzb2,3,709.052953,114.195792
dxb,3,213.302799,33.222158
cvy,3,343.671256,53.904835
dzf,3,708.445223,114.053566
dxb2,3,213.332901,33.143374
dyb2,3,264.385045,40.857552
cvz,3,352.420738,55.937209
dzb3,3,708.971852,113.995431
dxb3,3,213.197781,33.067967
dyb3,3,266.964184,41.268503
csxxsyyszz,3,943.003117,140.466298
dyf2,3,265.845442,40.650082
dxf2,3,208.405438,32.817281
csxy,3,161.432369,27.430379
dzf2,3,1120.219747,173.768593
dyf3,3,265.523369,40.572616
csyz,3,237.300772,39.156488
dxf3,3,204.976230,31.961614
dzf3,3,708.255746,113.891636
csxz,3,236.501044,39.093721
dxf,4,204.364847,31.899641
dzb,4,710.328256,114.204095
dyb,4,264.133950,40.419072
cvx,4,343.561946,53.354298
dyf,4,265.263532,40.620713
dzb2,4,709.325830,114.035597
dxb,4,213.385336,33.083659
cvy,4,343.630009,53.696172
dzf,4,708.410381,113.912761
dxb2,4,213.291278,33.050599
dyb2,4,264.574229,40.509074
cvz,4,352.353698,55.916739
dzb3,4,708.235653,118.349292
dxb3,4,212.603272,34.486187
dyb3,4,266.489541,42.030148
csxxsyyszz,4,943.352930,140.698715
dyf2,4,267.421876,40.940151
dxf2,4,207.236428,32.688447
csxy,4,161.451685,27.436509
dzf2,4,1120.236867,173.796708
dyf3,4,265.564835,40.638505
csyz,4,237.170627,39.138859
dxf3,4,204.881729,31.985543
dzf3,4,708.438697,113.990403
csxz,4,235.264993,38.979395
#========================= OptEWE [OpenMP] =========================
#Source type                                  :  Force monopole
#Grid Size                                    :  768 x 768 x 768
#Iterations                                   :  5
#Compute time                                 :  51.450062
#Total effective MLUPS                        :  44.021797
#===================================================================
#Number of threads                            :  6
