dxf,0,150.075945,24.005980
dzb,0,587.616261,96.180134
dyb,0,160.338459,25.807934
cvx,0,179.392929,29.495021
dyf,0,159.918245,25.803826
dzb2,0,588.797354,96.399846
dxb,0,150.620513,24.141520
cvy,0,907.665673,127.307596
dzf,0,588.417556,96.027249
dxb2,0,150.104847,24.051585
dyb2,0,160.311374,25.839323
cvz,0,209.582050,34.512998
dzb3,0,587.730166,96.339723
dxb3,0,150.012109,24.066580
dyb3,0,170.857625,27.435810
csxxsyyszz,0,440.538610,69.741147
dyf2,0,159.707753,25.773458
dxf2,0,162.299269,25.915556
csxy,0,129.128037,22.057606
dzf2,0,1439.747472,207.326253
dyf3,0,159.325893,25.741893
csyz,0,195.153241,31.781868
dxf3,0,149.390998,24.006811
dzf3,0,587.090015,96.276779
csxz,0,194.250064,31.689518
dxf,1,149.502365,24.032504
dzb,1,587.793083,96.199970
dyb,1,160.234949,25.850249
cvx,1,179.593501,29.569920
dyf,1,159.851975,25.850844
dzb2,1,587.644243,96.406453
dxb,1,150.399983,24.143402
cvy,1,175.144901,29.055994
dzf,1,587.440132,96.842470
dxb2,1,150.030076,24.305859
dyb2,1,160.054062,26.091899
cvz,1,209.423830,34.836065
dzb3,1,587.718717,96.472678
dxb3,1,150.011579,24.121392
dyb3,1,171.199132,27.522486
csxxsyyszz,1,438.505428,69.577978
dyf2,1,159.910145,25.803885
dxf2,1,162.820504,25.977936
csxy,1,129.021297,22.027308
dzf2,1,1438.759120,207.331928
dyf3,1,159.540012,25.771533
csyz,1,195.224164,31.786234
dxf3,1,149.369918,24.003918
dzf3,1,587.406977,96.343343
csxz,1,193.945882,31.647740
dxf,2,149.597572,24.045951
dzb,2,587.682649,96.324327
dyb,2,160.225964,25.860791
cvx,2,179.552052,29.568800
dyf,2,159.920791,25.835774
dzb2,2,587.695907,96.393725
dxb,2,150.528880,24.168178
cvy,2,175.027037,29.037182
dzf,2,587.006234,96.290447
dxb2,2,150.107987,24.118995
dyb2,2,160.094241,25.860284
cvz,2,209.297686,34.496672
dzb3,2,587.708920,96.397980
dxb3,2,150.241930,24.136069
dyb3,2,170.911581,27.454162
csxxsyyszz,2,440.951952,69.822670
dyf2,2,159.689398,25.791449
dxf2,2,162.593472,25.969845
csxy,2,129.185068,22.064020
dzf2,2,1438.361301,207.419560
dyf3,2,159.536428,25.777766
csyz,2,196.372086,31.967862
dxf3,2,149.457103,24.015207
dzf3,2,587.314748,96.233364
csxz,2,194.002410,31.682399
dxf,3,149.523757,24.034705
dzb,3,587.620303,96.363866
dyb,3,160.166837,25.859652
cvx,3,179.585945,29.578474
dyf,3,159.973843,25.860119
dzb2,3,587.640826,96.419860
dxb,3,150.573246,24.185703
cvy,3,175.020428,29.032378
dzf,3,586.834528,96.275915
dxb2,3,150.115683,24.121096
dyb2,3,160.038665,25.860321
cvz,3,211.229796,34.785977
dzb3,3,587.726439,96.399482
dxb3,3,150.182374,24.135764
dyb3,3,170.946403,27.479137
csxxsyyszz,3,438.900403,69.594515
dyf2,3,159.835911,25.835340
dxf2,3,162.614689,25.987859
csxy,3,129.129983,22.046726
dzf2,3,1437.924890,207.402674
dyf3,3,159.502983,25.754282
csyz,3,195.389315,31.845730
dxf3,3,149.454639,24.019636
dzf3,3,587.140560,96.090435
csxz,3,194.395096,31.730411
dxf,4,149.466670,24.049904
dzb,4,587.602639,96.453624
dyb,4,160.316555,25.884938
cvx,4,179.625999,29.593010
dyf,4,163.007511,26.291258
dzb2,4,587.618170,96.305777
dxb,4,150.281353,24.165884
cvy,4,175.100836,29.060308
dzf,4,586.859392,96.346865
dxb2,4,149.909233,24.101756
dyb2,4,160.338866,25.908954
cvz,4,209.491196,34.522733
dzb3,4,587.639655,96.398966
dxb3,4,150.339749,24.147951
dyb3,4,171.783862,28.356376
csxxsyyszz,4,438.809834,70.826897
dyf2,4,159.961270,26.293881
dxf2,4,162.639675,26.421385
csxy,4,129.148005,22.358625
dzf2,4,1437.630731,208.055832
dyf3,4,159.424060,25.775082
csyz,4,195.083556,31.803818
dxf3,4,149.556893,24.047832
dzf3,4,587.225465,96.332017
csxz,4,194.212929,31.741928
#========================= OptEWE [OpenMP] =========================
#Source type                                  :  Force monopole
#Grid Size                                    :  768 x 768 x 768
#Iterations                                   :  5
#Compute time                                 :  39.646759
#Total effective MLUPS                        :  57.127599
#===================================================================
#Number of threads                            :  14
