dxf,0,332.281980,47.043641
dzb,0,1163.569672,167.699475
dyb,0,441.985937,61.591687
cvx,0,609.938749,85.310938
dyf,0,443.217440,61.795341
dzb2,0,1161.922394,167.457690
dxb,0,349.030390,49.229318
cvy,0,1579.582372,210.428142
dzf,0,1161.056114,167.336959
dxb2,0,352.878336,49.740642
dyb2,0,442.101971,61.628291
cvz,0,621.426023,88.636121
dzb3,0,1162.289919,167.567828
dxb3,0,347.573978,49.097562
dyb3,0,446.837612,62.628329
csxxsyyszz,0,1687.550500,230.808869
dyf2,0,443.290784,61.779293
dxf2,0,334.518683,47.721677
csxy,0,269.490253,40.553186
dzf2,0,1558.137620,223.368511
dyf3,0,445.079970,62.014599
csyz,0,336.170927,50.241142
dxf3,0,332.921550,47.157115
dzf3,0,1160.579195,167.314416
csxz,0,332.449441,49.835315
dxf,1,332.535643,47.099342
dzb,1,1162.363110,167.597602
dyb,1,441.710852,61.568434
cvx,1,610.390648,88.610742
dyf,1,441.284482,64.775928
dzb2,1,1163.048756,168.334581
dxb,1,348.990551,49.432142
cvy,1,603.080579,85.126691
dzf,1,1160.508586,167.578384
dxb2,1,352.854048,49.815091
dyb2,1,441.899728,61.711096
cvz,1,623.146431,89.001884
dzb3,1,1161.644618,167.769870
dxb3,1,347.622114,49.216915
dyb3,1,446.585616,62.672508
csxxsyyszz,1,1676.918868,229.647687
dyf2,1,443.783103,61.868100
dxf2,1,334.838138,47.731375
csxy,1,269.331814,40.536300
dzf2,1,1558.052755,223.692175
dyf3,1,443.081959,62.486503
csyz,1,336.301317,50.279533
dxf3,1,333.127307,47.201404
dzf3,1,1160.413579,167.605609
csxz,1,332.496017,49.903271
dxf,2,332.364148,47.144584
dzb,2,1163.528851,168.052388
dyb,2,441.910302,61.744868
cvx,2,609.877385,85.398428
dyf,2,443.621739,61.891711
dzb2,2,1161.969989,167.749921
dxb,2,349.075318,49.293959
cvy,2,604.602605,85.550643
dzf,2,1160.790924,167.622401
dxb2,2,352.838464,49.807284
dyb2,2,442.025958,61.707917
cvz,2,623.031069,88.974691
dzb3,2,1161.455272,167.686224
dxb3,2,347.622843,49.213781
dyb3,2,446.676501,62.748824
csxxsyyszz,2,1686.844898,232.705644
dyf2,2,442.821796,61.783114
dxf2,2,333.961789,47.669306
csxy,2,269.005025,40.554492
dzf2,2,1558.051415,224.230060
dyf3,2,442.592457,61.823511
csyz,2,335.748589,50.264776
dxf3,2,332.331903,47.220606
dzf3,2,1159.206870,167.877063
csxz,2,331.886359,49.873524
dxf,3,331.435016,47.043616
dzb,3,1161.844874,168.299544
dyb,3,440.843359,61.533303
cvx,3,608.500000,85.300725
dyf,3,443.141369,62.010662
dzb2,3,1160.806688,167.559120
dxb,3,349.895092,49.470405
cvy,3,602.150569,85.071212
dzf,3,1159.665451,167.389863
dxb2,3,352.127214,49.722798
dyb2,3,441.197757,61.697969
cvz,3,620.086263,88.463852
dzb3,3,1160.612768,167.714159
dxb3,3,347.201093,49.179442
dyb3,3,445.867737,62.547038
csxxsyyszz,3,1675.067231,229.523035
dyf2,3,443.168976,61.829166
dxf2,3,334.076572,47.700864
csxy,3,269.037087,40.558209
dzf2,3,1557.982490,223.899767
dyf3,3,444.596548,62.038163
csyz,3,337.459042,50.583890
dxf3,3,332.681172,47.350789
dzf3,3,1158.938217,167.570473
csxz,3,332.084318,49.924377
dxf,4,331.941226,47.242188
dzb,4,1160.220079,167.880197
dyb,4,441.006586,61.564219
cvx,4,609.429669,85.964367
dyf,4,443.574861,63.839392
dzb2,4,1161.550509,169.668767
dxb,4,350.865065,49.528540
cvy,4,602.714641,85.229237
dzf,4,1160.170534,167.353722
dxb2,4,352.426802,49.715573
dyb2,4,441.821876,61.602983
cvz,4,621.431917,88.539832
dzb3,4,1163.562304,167.596414
dxb3,4,347.687685,49.013626
dyb3,4,446.640659,62.651071
csxxsyyszz,4,1676.404597,229.538047
dyf2,4,443.719796,61.960358
dxf2,4,334.530821,47.806295
csxy,4,269.375966,40.565932
dzf2,4,1557.197736,223.209532
dyf3,4,444.512660,61.910471
csyz,4,336.046823,50.222967
dxf3,4,332.412130,47.130490
dzf3,4,1160.171157,167.195686
csxz,4,332.480479,49.869434
#========================= OptEWE [OpenMP] =========================
#Source type                                  :  Force monopole
#Grid Size                                    :  768 x 768 x 768
#Iterations                                   :  5
#Compute time                                 :  83.608566
#Total effective MLUPS                        :  27.089618
#===================================================================
#Number of threads                            :  3
