dxf,0,87.819520,19.531825
dzb,0,330.564787,77.015495
dyb,0,88.699830,20.169232
cvx,0,102.422753,24.046572
dyf,0,88.418267,20.196082
dzb2,0,330.450614,77.248552
dxb,0,86.439614,19.448667
cvy,0,866.195426,160.716794
dzf,0,329.610101,77.056815
dxb2,0,86.621639,19.467967
dyb2,0,88.955955,20.299131
cvz,0,119.155927,28.038324
dzb3,0,330.020905,77.225263
dxb3,0,86.408315,19.419532
dyb3,0,88.981721,20.312302
csxxsyyszz,0,207.184339,47.576438
dyf2,0,88.637943,20.276544
dxf2,0,86.761654,19.514347
csxy,0,84.548731,19.931380
dzf2,0,329.758013,77.263994
dyf3,0,88.525778,20.285067
csyz,0,101.262557,23.803582
dxf3,0,86.211312,19.413709
dzf3,0,329.877193,77.312598
csxz,0,101.213104,23.850425
dxf,1,86.182872,19.427382
dzb,1,330.557484,77.462212
dyb,1,88.764647,20.273475
cvx,1,102.265387,24.105500
dyf,1,88.426299,20.274553
dzb2,1,330.586197,77.494207
dxb,1,86.457484,19.490881
cvy,1,102.298420,24.114147
dzf,1,329.601733,77.263598
dxb2,1,86.397242,19.462083
dyb2,1,88.957679,20.341038
cvz,1,119.188436,28.102121
dzb3,1,330.133594,77.412970
dxb3,1,87.185540,19.626665
dyb3,1,88.911332,20.349457
csxxsyyszz,1,207.236693,47.659480
dyf2,1,88.691409,20.321542
dxf2,1,86.536813,19.505446
csxy,1,84.602211,19.974237
dzf2,1,329.941295,77.411976
dyf3,1,88.547714,20.312107
csyz,1,101.290351,23.844289
dxf3,1,86.168154,19.441200
dzf3,1,329.910774,77.386750
csxz,1,101.224952,23.863782
dxf,2,86.202971,19.437178
dzb,2,330.518354,77.519245
dyb,2,88.640562,20.283422
cvx,2,102.324147,24.141242
dyf,2,88.477733,20.305025
dzb2,2,330.500410,77.534573
dxb,2,86.417333,19.504784
cvy,2,103.228603,24.320904
dzf,2,329.556398,77.362118
dxb2,2,86.355117,19.480561
dyb2,2,89.058201,20.377446
cvz,2,119.138935,28.120111
dzb3,2,330.015073,77.431400
dxb3,2,86.432030,19.483915
dyb3,2,89.098672,20.384136
csxxsyyszz,2,207.448843,47.723159
dyf2,2,88.565326,20.286994
dxf2,2,86.644815,19.536805
csxy,2,84.623020,19.997354
dzf2,2,329.839850,77.444227
dyf3,2,88.517567,20.311830
csyz,2,101.284923,23.876445
dxf3,2,86.155399,19.454354
dzf3,2,330.130956,77.508929
csxz,2,101.250503,23.891432
dxf,3,86.179534,19.458824
dzb,3,331.442714,77.763501
dyb,3,88.784384,20.319416
cvx,3,102.268392,24.158940
dyf,3,88.392557,20.300455
dzb2,3,330.537873,77.629730
dxb,3,86.515856,19.516207
cvy,3,102.162198,24.136678
dzf,3,329.700741,77.481166
dxb2,3,86.410409,19.492788
dyb2,3,89.029610,20.388269
cvz,3,119.233391,28.168888
dzb3,3,330.240387,77.558122
dxb3,3,86.417302,19.498762
dyb3,3,88.967924,20.384899
csxxsyyszz,3,207.284046,47.738308
dyf2,3,88.598544,20.328074
dxf2,3,86.612180,19.547901
csxy,3,84.578018,19.994095
dzf2,3,329.818790,77.492841
dyf3,3,88.531368,20.333687
csyz,3,101.306234,23.888722
dxf3,3,86.210578,19.471834
dzf3,3,330.031455,77.544343
csxz,3,101.202358,23.912741
dxf,4,86.173806,19.475769
dzb,4,330.391086,77.621503
dyb,4,88.710316,20.313060
cvx,4,102.316719,24.176628
dyf,4,89.340567,20.491878
dzb2,4,330.462088,77.626737
dxb,4,86.387507,19.491181
cvy,4,102.238526,24.155080
dzf,4,329.664446,77.491062
dxb2,4,86.265574,19.490383
dyb2,4,88.895309,20.380854
cvz,4,119.267119,28.186097
dzb3,4,330.059334,77.533620
dxb3,4,86.375898,19.485126
dyb3,4,89.010718,20.390668
csxxsyyszz,4,206.128762,47.535843
dyf2,4,88.529872,20.330024
dxf2,4,86.690212,19.567483
csxy,4,84.548309,20.002188
dzf2,4,329.785625,77.516433
dyf3,4,88.555418,20.337612
csyz,4,101.264826,23.870110
dxf3,4,86.151388,19.457241
dzf3,4,330.018829,77.550074
csxz,4,101.185916,23.986374
#========================= OptEWE [OpenMP] =========================
#Source type                                  :  Force monopole
#Grid Size                                    :  768 x 768 x 768
#Iterations                                   :  5
#Compute time                                 :  20.014572
#Total effective MLUPS                        :  113.163756
#===================================================================
#Number of threads                            :  23
