dxf,0,206.313964,30.666884
dzb,0,851.218207,127.175040
dyb,0,230.877375,34.452103
cvx,0,239.559662,37.545633
dyf,0,231.490436,34.562242
dzb2,0,851.397886,127.418977
dxb,0,205.911752,30.685202
cvy,0,913.365619,125.021907
dzf,0,850.200859,127.173256
dxb2,0,206.012054,30.711271
dyb2,0,231.121106,34.673373
cvz,0,298.010542,46.597176
dzb3,0,850.807682,127.538515
dxb3,0,205.841036,30.643465
dyb3,0,239.050216,35.969369
csxxsyyszz,0,660.733103,98.619903
dyf2,0,231.275550,34.549762
dxf2,0,212.989657,31.965865
csxy,0,185.783098,29.564349
dzf2,0,1348.539901,195.614323
dyf3,0,231.092014,34.515154
csyz,0,286.193329,43.790684
dxf3,0,203.925691,30.406936
dzf3,0,850.714406,127.315973
csxz,0,283.718838,43.507163
dxf,1,204.245373,30.434791
dzb,1,852.394696,127.548411
dyb,1,230.321980,34.460064
cvx,1,239.691966,37.587504
dyf,1,231.410698,34.576656
dzb2,1,850.811272,127.353562
dxb,1,205.815425,30.649595
cvy,1,298.487081,45.565047
dzf,1,850.642368,127.309435
dxb2,1,206.137078,30.686179
dyb2,1,230.910440,34.480925
cvz,1,297.989077,46.430484
dzb3,1,850.999243,127.450368
dxb3,1,205.723499,30.661621
dyb3,1,238.906717,35.954838
csxxsyyszz,1,658.597471,98.219832
dyf2,1,231.211042,34.550669
dxf2,1,212.937752,31.908323
csxy,1,185.890637,29.574628
dzf2,1,1346.535205,200.125668
dyf3,1,230.169723,36.104774
csyz,1,284.423071,44.424819
dxf3,1,203.893821,30.351086
dzf3,1,851.008605,127.374560
csxz,1,284.509598,43.634793
dxf,2,204.342813,30.489113
dzb,2,851.789446,127.628238
dyb,2,230.874673,34.580696
cvx,2,238.278745,37.504453
dyf,2,231.386214,34.768012
dzb2,2,850.355465,127.491062
dxb,2,205.883989,30.650729
cvy,2,298.339781,45.627463
dzf,2,851.118490,127.880425
dxb2,2,205.999091,30.694859
dyb2,2,230.971572,34.537716
cvz,2,297.928536,46.443471
dzb3,2,851.117842,127.773813
dxb3,2,205.668850,30.753081
dyb3,2,239.104468,36.057399
csxxsyyszz,2,654.372459,97.667830
dyf2,2,231.140552,34.548196
dxf2,2,212.883757,31.983421
csxy,2,185.848234,29.667390
dzf2,2,1348.232484,195.985935
dyf3,2,231.133943,34.584283
csyz,2,286.037061,43.867209
dxf3,2,203.929610,30.489839
dzf3,2,851.751678,127.849871
csxz,2,283.588526,43.501235
dxf,3,204.284458,30.504330
dzb,3,851.912791,127.780049
dyb,3,230.901529,34.599648
cvx,3,238.417269,37.503284
dyf,3,231.404111,34.697457
dzb2,3,850.847973,127.492250
dxb,3,205.855303,30.763061
cvy,3,298.360082,45.703169
dzf,3,850.380357,127.603088
dxb2,3,206.105129,30.749671
dyb2,3,231.000606,34.502493
cvz,3,298.131120,46.563980
dzb3,3,850.725635,127.845987
dxb3,3,205.610711,30.658220
dyb3,3,239.007443,35.900330
csxxsyyszz,3,657.046484,98.355195
dyf2,3,231.310256,34.665142
dxf2,3,212.774131,32.032573
csxy,3,185.799071,29.671838
dzf2,3,1348.735671,195.861141
dyf3,3,230.989926,34.672508
csyz,3,285.908028,43.921624
dxf3,3,205.106790,30.632252
dzf3,3,850.801241,127.509589
csxz,3,284.260816,43.596265
dxf,4,204.256091,30.560082
dzb,4,850.834938,127.760053
dyb,4,230.915174,34.524928
cvx,4,238.291336,37.381828
dyf,4,232.192184,35.242977
dzb2,4,850.501480,128.283221
dxb,4,205.802792,30.677043
cvy,4,298.451365,45.575139
dzf,4,850.121465,127.267770
dxb2,4,206.103361,30.654282
dyb2,4,231.115367,34.550011
cvz,4,298.038253,46.441437
dzb3,4,850.789246,127.352762
dxb3,4,205.626157,30.611973
dyb3,4,239.193718,35.963792
csxxsyyszz,4,657.077625,98.235221
dyf2,4,231.251549,34.524714
dxf2,4,212.735394,31.868805
csxy,4,185.804649,29.557221
dzf2,4,1349.136493,195.695688
dyf3,4,232.664451,34.751890
csyz,4,286.117835,43.783603
dxf3,4,203.913950,30.405807
dzf3,4,851.689116,127.535699
csxz,4,283.865388,43.543475
#========================= OptEWE [OpenMP] =========================
#Source type                                  :  Force monopole
#Grid Size                                    :  768 x 768 x 768
#Iterations                                   :  5
#Compute time                                 :  53.044556
#Total effective MLUPS                        :  42.698523
#===================================================================
#Number of threads                            :  6
