dxf,0,181.492708,30.484700
dzb,0,665.957253,114.913941
dyb,0,222.782875,37.047722
cvx,0,266.060021,45.359510
dyf,0,224.057202,37.213942
dzb2,0,665.924154,114.944921
dxb,0,185.462250,31.109556
cvy,0,896.173505,136.197661
dzf,0,666.753054,115.054824
dxb2,0,185.654680,31.127687
dyb2,0,223.370096,37.060325
cvz,0,281.083389,48.907888
dzb3,0,665.492361,114.900695
dxb3,0,185.507573,31.120383
dyb3,0,226.039776,37.927094
csxxsyyszz,0,731.296284,119.066480
dyf2,0,224.230271,37.253353
dxf2,0,185.592597,31.445911
csxy,0,150.630807,27.503624
dzf2,0,1090.214740,179.983392
dyf3,0,223.781324,37.167715
csyz,0,227.744344,40.073431
dxf3,0,181.964011,30.564360
dzf3,0,664.522678,114.828468
csxz,0,226.131317,39.888745
dxf,1,181.149528,30.502412
dzb,1,665.742274,114.972041
dyb,1,222.751156,37.039713
cvx,1,266.016074,45.392217
dyf,1,224.095656,37.204340
dzb2,1,665.886593,114.985858
dxb,1,185.543279,31.125256
cvy,1,278.918872,47.596384
dzf,1,665.301695,114.941588
dxb2,1,185.595891,31.153684
dyb2,1,223.366944,37.065138
cvz,1,281.018886,48.933654
dzb3,1,666.860012,115.146032
dxb3,1,185.347917,31.077245
dyb3,1,225.666065,37.855730
csxxsyyszz,1,731.147878,119.044936
dyf2,1,224.142540,37.283656
dxf2,1,185.535842,31.462339
csxy,1,150.622146,27.496468
dzf2,1,1089.253846,179.854925
dyf3,1,223.563388,39.400314
csyz,1,225.797550,41.071405
dxf3,1,181.955035,31.498852
dzf3,1,664.625299,116.340859
csxz,1,226.077024,39.868881
dxf,2,181.215709,30.495731
dzb,2,665.771982,115.263893
dyb,2,222.380030,37.022055
cvx,2,265.504998,45.380223
dyf,2,224.055027,37.269967
dzb2,2,665.987514,115.075176
dxb,2,185.538175,31.082480
cvy,2,278.901117,47.602194
dzf,2,666.586609,115.133625
dxb2,2,185.610146,31.125431
dyb2,2,222.958766,37.052835
cvz,2,280.973800,48.913975
dzb3,2,665.321661,114.953017
dxb3,2,185.380777,31.064910
dyb3,2,227.219808,38.077177
csxxsyyszz,2,731.395323,118.746593
dyf2,2,224.180403,37.205266
dxf2,2,185.501073,31.453343
csxy,2,150.578964,27.499483
dzf2,2,1088.481980,179.759424
dyf3,2,223.800809,37.150685
csyz,2,227.745674,40.084357
dxf3,2,182.083023,30.609491
dzf3,2,666.047334,114.971682
csxz,2,226.098993,39.905356
dxf,3,181.185070,30.481293
dzb,3,665.975331,114.981587
dyb,3,223.247643,37.080440
cvx,3,266.348379,45.432150
dyf,3,223.970873,37.208778
dzb2,3,666.056550,114.931520
dxb,3,185.506947,31.066337
cvy,3,278.868532,47.585926
dzf,3,665.674090,114.970121
dxb2,3,185.619327,31.135036
dyb2,3,223.299724,37.047160
cvz,3,281.065172,48.915891
dzb3,3,665.623076,114.931123
dxb3,3,185.461478,31.065045
dyb3,3,225.859868,37.873440
csxxsyyszz,3,726.653755,117.993145
dyf2,3,223.954685,37.223134
dxf2,3,186.375992,31.597669
csxy,3,150.572023,27.510474
dzf2,3,1089.442010,180.063615
dyf3,3,223.860689,37.143462
csyz,3,227.715485,40.080037
dxf3,3,182.141589,30.612036
dzf3,3,664.897529,114.784422
csxz,3,226.188819,39.893804
dxf,4,181.195396,30.452955
dzb,4,666.823445,115.071713
dyb,4,223.257121,37.067875
cvx,4,266.218039,45.410787
dyf,4,223.857579,37.202766
dzb2,4,665.702730,114.873016
dxb,4,185.474936,31.061720
cvy,4,279.097673,47.605148
dzf,4,665.435356,114.889856
dxb2,4,185.661235,31.136480
dyb2,4,223.279547,37.083259
cvz,4,281.031911,48.906875
dzb3,4,665.524894,114.867523
dxb3,4,185.584689,31.093622
dyb3,4,226.044214,37.867486
csxxsyyszz,4,727.263270,119.883710
dyf2,4,223.556897,38.148866
dxf2,4,184.853479,32.024374
csxy,4,150.039294,27.574038
dzf2,4,1089.885552,180.144541
dyf3,4,223.832275,37.136758
csyz,4,227.949002,40.112553
dxf3,4,181.950304,30.611522
dzf3,4,664.862867,114.860922
csxz,4,226.085025,39.927851
#========================= OptEWE [OpenMP] =========================
#Source type                                  :  Force monopole
#Grid Size                                    :  768 x 768 x 768
#Iterations                                   :  5
#Compute time                                 :  45.753685
#Total effective MLUPS                        :  49.502552
#===================================================================
#Number of threads                            :  6
