dxf,0,127.036822,21.917421
dzb,0,469.348514,84.008524
dyb,0,150.063204,25.693633
cvx,0,174.351219,29.912625
dyf,0,150.316139,25.767474
dzb2,0,469.453402,84.126969
dxb,0,129.575454,22.328150
cvy,0,1016.362941,148.357661
dzf,0,470.683102,84.331925
dxb2,0,130.171951,22.435061
dyb2,0,150.110167,25.745868
cvz,0,181.158415,31.856409
dzb3,0,468.688718,84.138348
dxb3,0,129.196454,22.307468
dyb3,0,150.170645,25.755994
csxxsyyszz,0,471.994997,77.251010
dyf2,0,150.289262,25.769664
dxf2,0,127.179405,22.034078
csxy,0,119.597932,21.626345
dzf2,0,468.629706,84.119155
dyf3,0,150.704832,25.846622
csyz,0,143.219392,25.881719
dxf3,0,127.071028,22.023797
dzf3,0,469.071241,84.214594
csxz,0,143.429195,25.966000
dxf,1,126.612945,21.968953
dzb,1,469.340482,84.291331
dyb,1,150.122021,25.769506
cvx,1,174.365923,29.972486
dyf,1,150.073017,25.757885
dzb2,1,469.184615,84.232707
dxb,1,129.420637,22.364083
cvy,1,172.512853,29.679398
dzf,1,468.526234,84.176094
dxb2,1,130.026678,22.440929
dyb2,1,150.140217,25.778432
cvz,1,181.157047,31.890321
dzb3,1,468.819315,84.207553
dxb3,1,129.247882,22.330408
dyb3,1,150.095463,25.763342
csxxsyyszz,1,471.854210,77.270489
dyf2,1,150.108978,25.783809
dxf2,1,127.205368,22.065817
csxy,1,119.613243,21.648390
dzf2,1,468.687376,84.182358
dyf3,1,150.631985,25.848869
csyz,1,143.176879,25.899833
dxf3,1,127.262765,22.064675
dzf3,1,468.735042,84.215603
csxz,1,143.365636,25.954741
dxf,2,128.312471,22.224336
dzb,2,469.576265,84.393495
dyb,2,150.093989,25.783085
cvx,2,174.319523,29.996204
dyf,2,150.018921,25.789806
dzb2,2,469.287527,84.336621
dxb,2,129.551364,22.397304
cvy,2,172.305767,29.689199
dzf,2,468.449336,84.209497
dxb2,2,129.988325,22.451761
dyb2,2,150.091961,25.784342
cvz,2,181.246548,31.929847
dzb3,2,468.694758,84.245512
dxb3,2,129.314106,22.351474
dyb3,2,150.129210,25.785308
csxxsyyszz,2,471.887226,77.316051
dyf2,2,150.206040,25.800851
dxf2,2,127.202959,22.073534
csxy,2,119.616112,21.657559
dzf2,2,468.734009,84.217163
dyf3,2,150.577990,25.845671
csyz,2,143.306450,25.916353
dxf3,2,127.143835,22.051570
dzf3,2,468.916214,84.267609
csxz,2,143.394066,25.945054
dxf,3,126.670696,21.991838
dzb,3,469.172377,84.309950
dyb,3,150.030565,25.777496
cvx,3,174.400486,30.018435
dyf,3,150.261133,25.803147
dzb2,3,469.331832,84.334369
dxb,3,129.515042,22.400540
cvy,3,172.260234,29.669968
dzf,3,468.210805,84.196006
dxb2,3,129.962283,22.464377
dyb2,3,150.335650,25.829172
cvz,3,181.446016,31.955815
dzb3,3,468.673633,84.241092
dxb3,3,129.264235,22.357902
dyb3,3,150.088010,25.788353
csxxsyyszz,3,471.922576,77.376219
dyf2,3,150.117388,25.757723
dxf2,3,130.508131,22.558132
csxy,3,119.579570,21.648719
dzf2,3,468.758859,84.238583
dyf3,3,150.674406,25.875602
csyz,3,143.284505,25.916831
dxf3,3,127.151776,22.055781
dzf3,3,468.897061,84.297838
csxz,3,143.405952,25.956971
dxf,4,126.709466,22.005251
dzb,4,469.835754,84.523924
dyb,4,150.068219,25.762615
cvx,4,174.438305,30.015405
dyf,4,150.044621,25.783613
dzb2,4,469.366140,84.359344
dxb,4,129.502738,22.387291
cvy,4,172.293742,29.692449
dzf,4,468.404838,84.222925
dxb2,4,130.050224,22.494008
dyb2,4,150.226193,25.830380
cvz,4,181.198404,31.936465
dzb3,4,468.696469,84.255792
dxb3,4,129.392547,22.392071
dyb3,4,150.107143,25.794974
csxxsyyszz,4,472.030284,77.393048
dyf2,4,150.218133,25.787734
dxf2,4,127.046883,22.049651
csxy,4,119.669359,21.701444
dzf2,4,468.609961,84.248965
dyf3,4,150.614431,25.891437
csyz,4,143.290935,25.926023
dxf3,4,127.138411,22.073667
dzf3,4,469.025587,84.329877
csxz,4,143.386230,26.021949
#========================= OptEWE [OpenMP] =========================
#Source type                                  :  Force monopole
#Grid Size                                    :  768 x 768 x 768
#Iterations                                   :  5
#Compute time                                 :  30.306379
#Total effective MLUPS                        :  74.734238
#===================================================================
#Number of threads                            :  16
