dxf,0,87.461035,19.608837
dzb,0,333.025159,78.018473
dyb,0,87.686781,20.174240
cvx,0,104.789061,24.683260
dyf,0,87.715095,20.231880
dzb2,0,333.019287,78.167080
dxb,0,86.381683,19.510358
cvy,0,884.631524,165.796518
dzf,0,332.147968,78.025683
dxb2,0,86.241013,19.514601
dyb2,0,87.934564,20.251749
cvz,0,119.622347,28.317500
dzb3,0,332.558193,78.234811
dxb3,0,86.272697,19.538927
dyb3,0,87.955021,20.296485
csxxsyyszz,0,202.111381,47.050340
dyf2,0,87.740616,20.283486
dxf2,0,86.407589,19.609122
csxy,0,84.826869,20.117283
dzf2,0,332.329446,78.171048
dyf3,0,87.745513,20.275375
csyz,0,101.680517,24.003018
dxf3,0,86.020916,19.512818
dzf3,0,332.513356,78.291587
csxz,0,101.609511,24.057654
dxf,1,86.053551,19.521565
dzb,1,333.037692,78.361033
dyb,1,87.639701,20.213013
cvx,1,102.704980,24.342437
dyf,1,87.658997,20.266587
dzb2,1,333.105290,78.375198
dxb,1,86.417410,19.610737
cvy,1,102.744974,24.350805
dzf,1,332.024502,78.196863
dxb2,1,86.214805,19.558269
dyb2,1,88.031315,20.298553
cvz,1,119.625466,28.345426
dzb3,1,332.601194,78.323845
dxb3,1,86.422184,19.609856
dyb3,1,87.963453,20.303620
csxxsyyszz,1,201.976515,47.074581
dyf2,1,87.617103,20.255917
dxf2,1,86.337284,19.589856
csxy,1,84.741101,20.094972
dzf2,1,332.319107,78.274580
dyf3,1,87.728580,20.298323
csyz,1,101.672147,24.029175
dxf3,1,86.030760,19.511507
dzf3,1,332.411867,78.295184
csxz,1,101.622738,24.075585
dxf,2,85.998787,19.536551
dzb,2,333.059412,78.417221
dyb,2,89.255172,20.575401
cvx,2,102.721314,24.379767
dyf,2,87.798978,20.336561
dzb2,2,333.011342,78.391241
dxb,2,86.432598,19.609641
cvy,2,102.733832,24.366192
dzf,2,332.074851,78.262285
dxb2,2,86.275462,19.585755
dyb2,2,88.016596,20.345891
cvz,2,119.534327,28.359518
dzb3,2,333.873139,78.628991
dxb3,2,86.235218,19.556775
dyb3,2,87.946135,20.308269
csxxsyyszz,2,201.686757,47.009282
dyf2,2,87.846777,20.322710
dxf2,2,86.400565,19.614769
csxy,2,84.760033,20.119296
dzf2,2,332.406254,78.329691
dyf3,2,87.792284,20.345491
csyz,2,101.660798,24.056226
dxf3,2,85.995669,19.539179
dzf3,2,332.430342,78.358010
csxz,2,101.606782,24.094001
dxf,3,86.029870,19.543444
dzb,3,333.060351,78.450500
dyb,3,87.660765,20.271182
cvx,3,102.652498,24.367259
dyf,3,87.785629,20.336675
dzb2,3,333.075193,78.476491
dxb,3,86.477736,19.658330
cvy,3,102.693902,24.362029
dzf,3,332.093584,78.308088
dxb2,3,86.237212,19.591649
dyb2,3,87.938849,20.352779
cvz,3,119.555745,28.377074
dzb3,3,332.568847,78.420280
dxb3,3,86.350461,19.623387
dyb3,3,87.903612,20.326352
csxxsyyszz,3,201.697021,47.068060
dyf2,3,87.792079,20.336073
dxf2,3,86.357445,19.658585
csxy,3,84.724311,20.129781
dzf2,3,332.533637,78.393061
dyf3,3,88.013387,20.423873
csyz,3,101.637820,24.066084
dxf3,3,86.006389,19.547028
dzf3,3,332.441564,78.436923
csxz,3,101.635553,24.113898
dxf,4,86.082526,19.566655
dzb,4,332.967225,78.518704
dyb,4,87.671709,20.316194
cvx,4,102.584979,24.389208
dyf,4,87.646872,20.333458
dzb2,4,333.065230,78.524849
dxb,4,86.454971,19.675751
cvy,4,102.800865,24.398030
dzf,4,332.204781,78.385407
dxb2,4,86.295784,19.611207
dyb2,4,88.003838,20.387066
cvz,4,119.582128,28.392231
dzb3,4,332.580503,78.460244
dxb3,4,86.340129,19.623369
dyb3,4,88.106193,20.380308
csxxsyyszz,4,203.378762,47.600798
dyf2,4,87.764191,20.342556
dxf2,4,86.450103,19.670713
csxy,4,84.742568,20.124019
dzf2,4,332.387294,78.362915
dyf3,4,87.785297,20.360394
csyz,4,101.678500,24.083737
dxf3,4,85.993169,19.563198
dzf3,4,332.481008,78.465640
csxz,4,101.558963,24.173698
#========================= OptEWE [OpenMP] =========================
#Source type                                  :  Force monopole
#Grid Size                                    :  768 x 768 x 768
#Iterations                                   :  5
#Compute time                                 :  20.064642
#Total effective MLUPS                        :  112.881365
#===================================================================
#Number of threads                            :  23
