dxf,0,152.212509,27.787925
dzb,0,565.321569,106.739589
dyb,0,158.250072,29.162149
cvx,0,177.956166,33.849946
dyf,0,157.497080,29.127796
dzb2,0,565.323605,107.229646
dxb,0,153.624422,28.171993
cvy,0,740.862674,121.592586
dzf,0,564.967237,107.126420
dxb2,0,152.877385,28.045182
dyb2,0,158.493380,29.275336
cvz,0,203.749059,38.914330
dzb3,0,564.297607,106.801669
dxb3,0,153.565764,28.169533
dyb3,0,164.474159,30.454223
csxxsyyszz,0,400.880564,73.894402
dyf2,0,157.769773,29.181950
dxf2,0,157.195848,28.944055
csxy,0,123.944180,24.642581
dzf2,0,1336.364900,225.373615
dyf3,0,158.311322,29.225630
csyz,0,181.312208,34.432971
dxf3,0,152.022782,27.947018
dzf3,0,565.286891,107.285492
csxz,0,180.174249,34.287555
dxf,1,151.782215,27.929539
dzb,1,565.066216,107.251458
dyb,1,158.438930,29.232848
cvx,1,178.184195,33.905977
dyf,1,157.515646,29.151786
dzb2,1,565.160900,107.276532
dxb,1,153.220653,28.117225
cvy,1,158.000481,30.792812
dzf,1,563.659184,106.952956
dxb2,1,152.704725,28.037430
dyb2,1,158.524176,29.297248
cvz,1,203.493926,38.910271
dzb3,1,564.228746,107.170064
dxb3,1,154.000158,28.253229
dyb3,1,164.218036,30.426831
csxxsyyszz,1,400.927898,73.985283
dyf2,1,157.309607,29.110191
dxf2,1,157.621164,29.037857
csxy,1,123.979802,24.668137
dzf2,1,1337.741637,225.560818
dyf3,1,158.374094,29.261964
csyz,1,181.406288,34.467937
dxf3,1,151.882992,27.933068
dzf3,1,565.178248,107.009072
csxz,1,180.231231,34.313005
dxf,2,151.960390,27.971140
dzb,2,565.101385,107.299495
dyb,2,158.322724,29.267192
cvx,2,177.956507,33.921467
dyf,2,157.381363,29.145493
dzb2,2,565.460006,107.316852
dxb,2,153.190906,28.116831
cvy,2,157.973721,30.820523
dzf,2,563.675446,107.097459
dxb2,2,152.932222,28.103281
dyb2,2,158.317019,29.279495
cvz,2,203.483206,38.929066
dzb3,2,564.184837,107.182282
dxb3,2,154.072254,28.285344
dyb3,2,163.917914,30.402923
csxxsyyszz,2,400.859372,73.985476
dyf2,2,157.607207,29.164767
dxf2,2,158.101269,29.127811
csxy,2,124.021737,24.662854
dzf2,2,1333.435509,225.804313
dyf3,2,157.961971,29.389867
csyz,2,181.179141,34.669692
dxf3,2,152.062605,28.164660
dzf3,2,564.829261,107.363212
csxz,2,180.171018,34.310080
dxf,3,152.240213,28.015288
dzb,3,565.090114,107.300220
dyb,3,158.438427,29.261101
cvx,3,177.967553,33.913009
dyf,3,157.500768,29.181969
dzb2,3,565.315151,107.033498
dxb,3,153.135067,28.128565
cvy,3,157.776778,30.780239
dzf,3,563.763265,107.138840
dxb2,3,152.856443,28.082036
dyb2,3,158.660450,29.347348
cvz,3,203.592525,38.950973
dzb3,3,564.237454,107.182060
dxb3,3,153.836177,28.253750
dyb3,3,164.418556,30.500260
csxxsyyszz,3,400.711816,73.978427
dyf2,3,157.359081,29.140377
dxf2,3,157.842517,29.083103
csxy,3,123.929817,24.668229
dzf2,3,1336.051764,225.651823
dyf3,3,158.133662,29.237431
csyz,3,181.605298,34.512200
dxf3,3,152.120601,27.967100
dzf3,3,565.074004,107.336402
csxz,3,180.085739,34.321793
dxf,4,151.854852,27.962631
dzb,4,565.146990,106.959672
dyb,4,158.499768,29.273916
cvx,4,177.957738,33.913127
dyf,4,157.542022,29.182925
dzb2,4,565.332984,107.367399
dxb,4,153.484615,28.195371
cvy,4,157.790725,30.786930
dzf,4,565.057685,107.411533
dxb2,4,153.284132,28.226778
dyb2,4,159.161656,29.483460
cvz,4,205.974198,39.518064
dzb3,4,567.520993,108.038814
dxb3,4,154.069369,28.303085
dyb3,4,164.078387,30.457297
csxxsyyszz,4,400.868230,74.043202
dyf2,4,157.428068,29.171222
dxf2,4,157.428271,29.039451
csxy,4,124.088419,24.684362
dzf2,4,1336.848739,225.602586
dyf3,4,157.994093,29.208536
csyz,4,181.407325,34.478543
dxf3,4,151.946138,27.957095
dzf3,4,565.137803,107.253584
csxz,4,180.290262,34.352974
#========================= OptEWE [OpenMP] =========================
#Source type                                  :  Force monopole
#Grid Size                                    :  768 x 768 x 768
#Iterations                                   :  5
#Compute time                                 :  37.900238
#Total effective MLUPS                        :  59.760157
#===================================================================
#Number of threads                            :  13
