dxf,0,111.722410,22.340774
dzb,0,410.049479,85.690884
dyb,0,123.278387,24.734945
cvx,0,137.253686,27.956181
dyf,0,123.393566,24.821972
dzb2,0,410.152842,85.869403
dxb,0,111.692746,22.441469
cvy,0,877.352538,148.521233
dzf,0,409.239113,85.671742
dxb2,0,111.766426,22.457262
dyb2,0,123.742697,24.880448
cvz,0,149.796074,31.244137
dzb3,0,409.626020,85.836333
dxb3,0,111.745328,22.464519
dyb3,0,123.507350,24.830905
csxxsyyszz,0,362.907956,70.152025
dyf2,0,123.304004,24.768075
dxf2,0,111.117107,22.385180
csxy,0,105.566896,22.220844
dzf2,0,409.436215,85.842136
dyf3,0,123.470025,24.840069
csyz,0,126.169974,26.559025
dxf3,0,111.116742,22.394325
dzf3,0,409.496870,85.831314
csxz,0,126.044721,26.587804
dxf,1,110.945271,22.397571
dzb,1,410.107183,85.979790
dyb,1,123.529891,24.838772
cvx,1,137.343172,28.035545
dyf,1,123.271173,24.824471
dzb2,1,409.981832,85.999547
dxb,1,111.639002,22.457469
cvy,1,135.891836,27.784176
dzf,1,409.065643,85.804876
dxb2,1,114.718668,22.965861
dyb2,1,123.476731,24.839690
cvz,1,149.816352,31.276147
dzb3,1,409.779146,85.935221
dxb3,1,111.768325,22.477426
dyb3,1,123.493030,24.844821
csxxsyyszz,1,362.940468,70.216141
dyf2,1,123.404618,24.804821
dxf2,1,111.032209,22.363041
csxy,1,105.610014,22.240407
dzf2,1,409.486017,85.864159
dyf3,1,123.330585,24.841246
csyz,1,126.092699,26.554580
dxf3,1,111.135022,22.407475
dzf3,1,409.640998,85.883575
csxz,1,126.014790,26.596011
dxf,2,111.218683,22.598799
dzb,2,410.049446,86.039966
dyb,2,123.464389,24.859924
cvx,2,137.577744,28.094191
dyf,2,123.525803,24.883408
dzb2,2,410.067991,86.025071
dxb,2,111.628218,22.464067
cvy,2,135.943095,27.805075
dzf,2,409.044070,85.812915
dxb2,2,111.756916,22.485145
dyb2,2,123.671483,24.897171
cvz,2,149.788558,31.269973
dzb3,2,409.625767,85.913895
dxb3,2,111.711599,22.467130
dyb3,2,123.789210,24.896733
csxxsyyszz,2,362.905433,70.177709
dyf2,2,123.458239,24.823007
dxf2,2,111.138895,22.386987
csxy,2,105.526814,22.217215
dzf2,2,409.416827,85.869698
dyf3,2,123.357615,24.822882
csyz,2,126.147361,26.579150
dxf3,2,111.212305,22.421089
dzf3,2,409.563492,85.893110
csxz,2,126.078656,26.625620
dxf,3,110.770949,22.357187
dzb,3,410.463964,86.474643
dyb,3,123.210839,24.893640
cvx,3,137.138648,28.118355
dyf,3,123.332622,24.940692
dzb2,3,410.226529,86.171341
dxb,3,111.663890,22.469887
cvy,3,135.880684,27.792682
dzf,3,408.969966,85.861247
dxb2,3,114.677378,22.976502
dyb2,3,123.468698,24.846099
cvz,3,149.756234,31.283432
dzb3,3,409.633514,85.931092
dxb3,3,111.677896,22.476041
dyb3,3,123.636111,24.881767
csxxsyyszz,3,361.845357,70.036388
dyf2,3,123.490001,24.831245
dxf2,3,111.052103,22.371961
csxy,3,105.594269,22.240299
dzf2,3,410.619303,86.092763
dyf3,3,123.537049,24.871343
csyz,3,126.117892,26.572325
dxf3,3,111.211437,22.423251
dzf3,3,409.713145,85.921878
csxz,3,125.987557,26.613631
dxf,4,110.869323,22.390901
dzb,4,410.285277,86.059949
dyb,4,123.484845,24.825886
cvx,4,137.475274,28.062263
dyf,4,123.457155,24.851431
dzb2,4,409.872722,85.982644
dxb,4,111.641813,22.470755
cvy,4,135.900650,27.800858
dzf,4,409.023457,85.840935
dxb2,4,111.592412,22.465255
dyb2,4,123.696851,24.915885
cvz,4,149.924158,31.293813
dzb3,4,409.547462,85.917899
dxb3,4,111.664725,22.469437
dyb3,4,123.526266,24.865590
csxxsyyszz,4,362.854032,70.243156
dyf2,4,123.467701,24.823921
dxf2,4,110.923319,22.362190
csxy,4,105.694772,22.268381
dzf2,4,409.420997,85.879040
dyf3,4,123.493651,24.869151
csyz,4,126.099446,26.568192
dxf3,4,111.203624,22.424628
dzf3,4,409.430900,85.897804
csxz,4,125.977988,26.666441
#========================= OptEWE [OpenMP] =========================
#Source type                                  :  Force monopole
#Grid Size                                    :  768 x 768 x 768
#Iterations                                   :  5
#Compute time                                 :  25.802763
#Total effective MLUPS                        :  87.778358
#===================================================================
#Number of threads                            :  18
