dxf,0,111.856367,21.348356
dzb,0,428.534008,84.431412
dyb,0,114.770644,22.258207
cvx,0,131.613671,26.124447
dyf,0,114.570607,22.299168
dzb2,0,428.600064,84.637671
dxb,0,111.432869,21.381797
cvy,0,816.525408,133.465217
dzf,0,427.066338,84.358168
dxb2,0,111.594152,21.424348
dyb2,0,115.121350,22.374129
cvz,0,153.651127,30.519946
dzb3,0,427.725963,84.524481
dxb3,0,111.544759,21.414866
dyb3,0,115.085635,22.379852
csxxsyyszz,0,280.590642,54.292174
dyf2,0,114.633932,22.305440
dxf2,0,111.811635,21.466968
csxy,0,108.712944,21.649812
dzf2,0,427.073428,84.446800
dyf3,0,114.860181,22.362583
csyz,0,130.414877,25.929218
dxf3,0,110.960880,21.355139
dzf3,0,428.035174,84.662493
csxz,0,130.413466,25.963641
dxf,1,110.993109,21.363200
dzb,1,428.760160,84.964557
dyb,1,114.918056,22.348589
cvx,1,131.877987,26.227606
dyf,1,114.378496,22.307627
dzb2,1,428.599622,84.777128
dxb,1,111.295313,21.414129
cvy,1,131.820801,26.228498
dzf,1,427.151016,84.603778
dxb2,1,111.756253,21.495029
dyb2,1,115.103738,22.422232
cvz,1,153.559736,30.569037
dzb3,1,427.669320,84.677651
dxb3,1,111.542611,21.452210
dyb3,1,114.969540,22.380778
csxxsyyszz,1,280.607985,54.365184
dyf2,1,114.616395,22.338340
dxf2,1,111.894587,21.536365
csxy,1,108.668029,21.680012
dzf2,1,427.101258,84.570154
dyf3,1,114.819580,22.386601
csyz,1,131.508645,26.145253
dxf3,1,111.014789,21.368136
dzf3,1,427.981935,84.753515
csxz,1,130.398448,25.980161
dxf,2,110.995619,21.382265
dzb,2,428.537391,84.825611
dyb,2,114.773089,22.345875
cvx,2,131.645368,26.215987
dyf,2,114.357487,22.321028
dzb2,2,428.561665,84.832907
dxb,2,111.407594,21.426243
cvy,2,131.687956,26.220136
dzf,2,426.987194,84.612050
dxb2,2,111.509354,21.457532
dyb2,2,115.102004,22.422140
cvz,2,153.526636,30.559724
dzb3,2,428.016736,84.957338
dxb3,2,111.507764,21.526055
dyb3,2,115.227300,22.512410
csxxsyyszz,2,280.626887,54.567748
dyf2,2,114.627460,22.425108
dxf2,2,111.793854,21.573616
csxy,2,108.692828,21.699040
dzf2,2,427.158464,84.643962
dyf3,2,114.648293,22.346533
csyz,2,130.417832,25.942156
dxf3,2,110.854288,21.346131
dzf3,2,428.028003,84.801304
csxz,2,130.363279,25.992413
dxf,3,111.071384,21.405814
dzb,3,428.593632,84.896672
dyb,3,114.945837,22.364768
cvx,3,131.684811,26.215797
dyf,3,114.346948,22.317000
dzb2,3,428.470059,84.801198
dxb,3,111.400069,21.458684
cvy,3,131.687810,26.218498
dzf,3,427.194822,84.616562
dxb2,3,111.555445,21.464057
dyb2,3,115.215307,22.438550
cvz,3,153.670319,30.580021
dzb3,3,427.702901,84.677196
dxb3,3,111.613273,21.467281
dyb3,3,115.051805,22.413959
csxxsyyszz,3,280.286849,54.338996
dyf2,3,114.715771,22.371800
dxf2,3,111.733217,21.495913
csxy,3,108.743399,21.681580
dzf2,3,427.021948,84.472952
dyf3,3,114.930805,22.377696
csyz,3,131.522999,26.129441
dxf3,3,110.927595,21.349724
dzf3,3,428.112948,84.719194
csxz,3,130.351075,25.963193
dxf,4,111.086463,21.377631
dzb,4,428.621451,84.824432
dyb,4,114.684962,22.356770
cvx,4,131.754867,26.260825
dyf,4,114.616235,22.366839
dzb2,4,428.606568,84.820988
dxb,4,111.445750,21.423472
cvy,4,131.654352,26.203422
dzf,4,427.095582,84.591305
dxb2,4,111.620366,21.486179
dyb2,4,114.946389,22.398691
cvz,4,153.491650,30.560310
dzb3,4,427.900143,84.778960
dxb3,4,111.664233,21.503393
dyb3,4,115.013106,22.405806
csxxsyyszz,4,280.510978,54.394509
dyf2,4,114.685548,22.374433
dxf2,4,111.782860,21.525001
csxy,4,108.654869,21.698006
dzf2,4,427.074150,84.655377
dyf3,4,115.012142,22.429702
csyz,4,130.455602,25.980801
dxf3,4,111.013809,21.369421
dzf3,4,428.051976,84.738237
csxz,4,130.406184,26.060860
#========================= OptEWE [OpenMP] =========================
#Source type                                  :  Force monopole
#Grid Size                                    :  768 x 768 x 768
#Iterations                                   :  5
#Compute time                                 :  25.646116
#Total effective MLUPS                        :  88.314509
#===================================================================
#Number of threads                            :  18
