dxf,0,188.607234,27.645849
dzb,0,774.146553,114.767972
dyb,0,207.395246,30.429174
cvx,0,222.322372,34.192237
dyf,0,207.064718,30.442476
dzb2,0,773.095825,114.745498
dxb,0,189.128256,27.737119
cvy,0,1033.092861,136.939824
dzf,0,773.263429,114.836226
dxb2,0,188.634881,27.710339
dyb2,0,207.052418,30.395468
cvz,0,262.230050,40.646153
dzb3,0,773.843993,114.929185
dxb3,0,188.830012,27.694032
dyb3,0,210.778096,31.301416
csxxsyyszz,0,601.791708,88.403250
dyf2,0,207.181315,30.432605
dxf2,0,189.646999,28.199937
csxy,0,164.001434,25.989904
dzf2,0,1154.928255,167.540397
dyf3,0,206.595485,30.439808
csyz,0,247.018647,37.673815
dxf3,0,188.134117,27.640490
dzf3,0,773.028576,114.891868
csxz,0,245.682819,37.535758
dxf,1,188.114831,27.636419
dzb,1,774.074465,114.898932
dyb,1,207.320665,30.418603
cvx,1,222.228207,34.226863
dyf,1,206.947793,30.443338
dzb2,1,773.062329,114.832421
dxb,1,188.965228,27.768688
cvy,1,272.374285,40.971578
dzf,1,772.963142,114.867163
dxb2,1,188.605115,27.696164
dyb2,1,206.962661,30.445898
cvz,1,262.261989,40.592492
dzb3,1,773.075575,114.842618
dxb3,1,189.569894,27.825088
dyb3,1,210.723152,31.314876
csxxsyyszz,1,598.624961,88.126197
dyf2,1,207.166890,30.462453
dxf2,1,189.842016,28.215890
csxy,1,163.991897,26.004020
dzf2,1,1157.281471,167.346616
dyf3,1,206.621775,30.372904
csyz,1,247.001791,37.678064
dxf3,1,188.011053,27.656796
dzf3,1,773.208122,114.827514
csxz,1,245.426342,37.499182
dxf,2,188.045020,27.649793
dzb,2,773.795327,114.967511
dyb,2,207.380424,30.483929
cvx,2,222.262957,34.234944
dyf,2,207.200870,30.455801
dzb2,2,772.884114,114.805866
dxb,2,189.002564,27.738599
cvy,2,272.464079,40.987819
dzf,2,773.128839,114.911633
dxb2,2,188.520118,27.669171
dyb2,2,206.902423,30.403962
cvz,2,262.242831,40.587416
dzb3,2,772.874216,114.854448
dxb3,2,188.954559,27.724606
dyb3,2,210.555339,31.289441
csxxsyyszz,2,602.923777,88.803109
dyf2,2,206.969192,30.433053
dxf2,2,189.707976,28.217943
csxy,2,164.134197,26.032449
dzf2,2,1156.553159,167.338906
dyf3,2,206.870288,30.430445
csyz,2,247.156530,37.710850
dxf3,2,188.043633,27.651939
dzf3,2,773.112390,114.845593
csxz,2,245.637167,37.538231
dxf,3,188.031925,27.649228
dzb,3,773.321556,114.862071
dyb,3,207.281478,30.470377
cvx,3,222.211368,34.238406
dyf,3,208.831187,30.682149
dzb2,3,772.954497,114.847404
dxb,3,189.026671,27.800280
cvy,3,272.629159,41.016136
dzf,3,773.229915,114.896101
dxb2,3,188.513702,27.686337
dyb2,3,207.058768,30.438134
cvz,3,263.359679,40.768326
dzb3,3,772.699784,114.764883
dxb3,3,189.010402,27.748532
dyb3,3,210.658583,31.332358
csxxsyyszz,3,598.813702,87.982947
dyf2,3,207.208405,30.460254
dxf2,3,190.287791,28.335660
csxy,3,163.958725,26.017640
dzf2,3,1157.012511,167.369867
dyf3,3,206.811353,30.407731
csyz,3,247.019273,37.690527
dxf3,3,188.039426,27.626207
dzf3,3,773.329636,114.863147
csxz,3,246.055099,37.600418
dxf,4,187.945469,27.624876
dzb,4,774.136697,115.017033
dyb,4,207.233193,30.440101
cvx,4,222.101149,34.215474
dyf,4,207.125546,30.462444
dzb2,4,773.872816,114.955434
dxb,4,188.926458,27.760381
cvy,4,272.719762,41.026905
dzf,4,773.120160,114.841760
dxb2,4,188.609404,27.712429
dyb2,4,206.942912,30.393496
cvz,4,262.351902,40.605415
dzb3,4,772.979190,114.881657
dxb3,4,188.849882,27.711732
dyb3,4,210.334188,31.296015
csxxsyyszz,4,601.396943,88.468929
dyf2,4,207.084799,30.449268
dxf2,4,189.782466,28.210393
csxy,4,164.102784,26.027838
dzf2,4,1157.082758,167.363306
dyf3,4,206.815148,30.415622
csyz,4,247.095089,37.709662
dxf3,4,187.984460,27.644283
dzf3,4,773.370006,114.867397
csxz,4,245.490992,37.557469
#========================= OptEWE [OpenMP] =========================
#Source type                                  :  Force monopole
#Grid Size                                    :  768 x 768 x 768
#Iterations                                   :  5
#Compute time                                 :  47.844654
#Total effective MLUPS                        :  47.339127
#===================================================================
#Number of threads                            :  11
