dxf,0,185.667017,31.436304
dzb,0,692.544332,120.148331
dyb,0,228.610213,38.380920
cvx,0,271.291111,46.706664
dyf,0,229.466944,38.866708
dzb2,0,692.701584,120.464321
dxb,0,190.104446,32.323819
cvy,0,879.555669,135.987315
dzf,0,693.199088,120.409801
dxb2,0,189.482988,32.197350
dyb2,0,228.562258,38.518454
cvz,0,290.965930,51.175749
dzb3,0,692.435302,120.626916
dxb3,0,189.859648,32.195871
dyb3,0,232.369440,39.399529
csxxsyyszz,0,745.123614,122.577445
dyf2,0,229.733172,38.811603
dxf2,0,190.188445,32.671427
csxy,0,159.323557,29.258385
dzf2,0,1127.351050,187.509729
dyf3,0,229.343580,38.719599
csyz,0,240.354711,42.510380
dxf3,0,185.676812,31.666087
dzf3,0,691.898684,120.470990
csxz,0,236.132512,41.851758
dxf,1,185.394711,31.475213
dzb,1,692.377755,120.377078
dyb,1,228.485030,38.439004
cvx,1,271.200342,46.734871
dyf,1,229.694001,38.635947
dzb2,1,692.570013,120.262809
dxb,1,190.191678,32.222011
cvy,1,285.643757,49.155482
dzf,1,693.438513,120.402873
dxb2,1,189.494644,32.091686
dyb2,1,228.662562,38.420280
cvz,1,292.268592,51.227650
dzb3,1,692.333559,120.244320
dxb3,1,189.856824,32.136746
dyb3,1,232.903811,39.423572
csxxsyyszz,1,743.590877,122.022012
dyf2,1,229.670073,38.606569
dxf2,1,190.380330,32.578089
csxy,1,159.271040,29.172444
dzf2,1,1127.993895,187.403342
dyf3,1,229.376702,38.566191
csyz,1,240.804332,42.464773
dxf3,1,185.649125,31.548437
dzf3,1,692.974727,120.351184
csxz,1,236.463333,41.873756
dxf,2,185.348289,31.464977
dzb,2,692.405905,120.284197
dyb,2,228.528909,38.453466
cvx,2,271.063897,46.728362
dyf,2,230.159445,38.952377
dzb2,2,691.461335,126.373411
dxb,2,189.741285,33.811822
cvy,2,285.317078,49.660331
dzf,2,692.109390,120.331542
dxb2,2,189.301328,32.115688
dyb2,2,229.626540,38.621493
cvz,2,290.499535,51.003808
dzb3,2,693.537337,120.575829
dxb3,2,189.763233,32.156174
dyb3,2,232.610776,39.449022
csxxsyyszz,2,745.157018,122.301386
dyf2,2,229.629689,38.667750
dxf2,2,190.036582,32.561703
csxy,2,159.233506,29.195240
dzf2,2,1127.601518,187.780355
dyf3,2,229.202964,38.803143
csyz,2,240.384771,42.487511
dxf3,2,185.457740,31.575047
dzf3,2,691.853757,120.417368
csxz,2,236.268180,41.948893
dxf,3,185.320581,31.569905
dzb,3,692.545791,120.510449
dyb,3,228.306234,38.480394
cvx,3,271.080617,46.747007
dyf,3,229.662841,38.671965
dzb2,3,692.569821,120.467228
dxb,3,190.271410,32.218548
cvy,3,285.693798,49.171186
dzf,3,692.036982,120.277071
dxb2,3,189.456272,32.157349
dyb2,3,228.495759,38.532208
cvz,3,290.575592,51.070400
dzb3,3,693.456352,120.652796
dxb3,3,189.844672,32.140031
dyb3,3,232.890285,39.511354
csxxsyyszz,3,743.726077,122.150017
dyf2,3,229.653912,38.627215
dxf2,3,190.192843,32.573743
csxy,3,159.270754,29.189209
dzf2,3,1127.269728,187.420694
dyf3,3,229.416274,38.669925
csyz,3,240.584906,42.551839
dxf3,3,185.510677,31.566947
dzf3,3,691.935381,120.469142
csxz,3,236.350785,41.983917
dxf,4,185.257267,31.545745
dzb,4,692.646991,120.265821
dyb,4,228.430904,38.423443
cvx,4,271.106039,46.709062
dyf,4,229.737626,38.627870
dzb2,4,692.477328,120.153419
dxb,4,190.260651,32.261442
cvy,4,285.326029,49.146165
dzf,4,691.910152,120.302879
dxb2,4,189.263067,32.090246
dyb2,4,228.325232,38.461633
cvz,4,290.712988,51.061694
dzb3,4,692.416176,120.407079
dxb3,4,189.847179,32.188042
dyb3,4,233.905469,39.652824
csxxsyyszz,4,746.147773,122.409629
dyf2,4,231.110941,38.852302
dxf2,4,190.369172,32.608776
csxy,4,159.252214,29.189768
dzf2,4,1128.384688,187.559624
dyf3,4,229.836728,38.955459
csyz,4,240.649973,43.633469
dxf3,4,185.644159,31.937371
dzf3,4,691.932131,120.266138
csxz,4,236.381197,41.961182
#========================= OptEWE [OpenMP] =========================
#Source type                                  :  Force monopole
#Grid Size                                    :  768 x 768 x 768
#Iterations                                   :  5
#Compute time                                 :  47.236835
#Total effective MLUPS                        :  47.948262
#===================================================================
#Number of threads                            :  5
