dxf,0,186.545858,27.257152
dzb,0,818.228587,118.665968
dyb,0,192.593642,28.411160
cvx,0,233.110796,34.581614
dyf,0,192.359821,28.461940
dzb2,0,818.348689,118.522710
dxb,0,185.854460,27.241840
cvy,0,1170.517818,151.935356
dzf,0,816.340019,118.558914
dxb2,0,186.358231,27.291567
dyb2,0,192.903309,28.503452
cvz,0,275.087522,40.723752
dzb3,0,817.999978,118.185388
dxb3,0,185.861729,27.241788
dyb3,0,206.994202,30.391450
csxxsyyszz,0,491.621703,72.115941
dyf2,0,192.111018,28.440723
dxf2,0,199.220241,29.046385
csxy,0,187.513712,27.977864
dzf2,0,1701.319596,225.356283
dyf3,0,192.058559,28.379993
csyz,0,228.921149,33.940421
dxf3,0,185.531675,27.212510
dzf3,0,816.664141,118.176190
csxz,0,228.912532,33.953699
dxf,1,185.391517,27.197530
dzb,1,818.221333,118.084552
dyb,1,192.701259,28.456338
cvx,1,233.191000,34.620676
dyf,1,192.190367,28.458043
dzb2,1,818.390208,117.806269
dxb,1,185.919431,27.267395
cvy,1,223.080311,33.397353
dzf,1,817.273683,118.847457
dxb2,1,186.171517,27.291704
dyb2,1,192.602543,28.484327
cvz,1,275.170798,40.757190
dzb3,1,817.785448,118.630560
dxb3,1,185.951756,27.266046
dyb3,1,206.909330,30.384585
csxxsyyszz,1,491.990451,72.179264
dyf2,1,192.172136,28.476765
dxf2,1,199.451277,29.091605
csxy,1,187.463395,27.971968
dzf2,1,1700.275134,225.767586
dyf3,1,192.219364,28.529836
csyz,1,228.984434,34.070270
dxf3,1,185.376541,27.293597
dzf3,1,816.776843,118.992301
csxz,1,229.738035,34.241285
dxf,2,185.533485,27.304674
dzb,2,818.014888,118.857186
dyb,2,192.869116,28.602042
cvx,2,233.384937,34.794838
dyf,2,192.264314,28.590892
dzb2,2,818.424376,118.383586
dxb,2,185.940512,27.281176
cvy,2,223.129501,33.404345
dzf,2,816.772984,117.894138
dxb2,2,186.464795,27.321803
dyb2,2,192.965523,28.527689
cvz,2,275.286115,40.768556
dzb3,2,817.621428,119.099811
dxb3,2,185.979025,27.283470
dyb3,2,206.830325,30.395232
csxxsyyszz,2,491.989165,72.224107
dyf2,2,192.414554,28.513183
dxf2,2,199.535556,29.111468
csxy,2,187.423619,27.986362
dzf2,2,1701.998126,225.058764
dyf3,2,192.023098,28.417314
csyz,2,228.959524,33.968509
dxf3,2,185.534839,27.236538
dzf3,2,816.879663,119.120999
csxz,2,229.052085,33.977174
dxf,3,185.470735,27.230351
dzb,3,818.187260,119.022296
dyb,3,192.894963,28.492897
cvx,3,233.257386,34.654106
dyf,3,192.315796,28.481572
dzb2,3,818.358130,118.696731
dxb,3,185.942635,27.265454
cvy,3,222.883909,33.384452
dzf,3,816.699459,118.286633
dxb2,3,186.466352,27.338768
dyb2,3,193.030126,28.543834
cvz,3,275.159196,40.764536
dzb3,3,818.099391,117.848087
dxb3,3,186.175660,27.293920
dyb3,3,206.977945,30.402995
csxxsyyszz,3,491.968315,72.215184
dyf2,3,192.207360,28.478145
dxf2,3,199.402955,29.105762
csxy,3,187.568364,28.006114
dzf2,3,1701.336163,225.335126
dyf3,3,192.017050,28.421987
csyz,3,228.899263,33.955214
dxf3,3,185.377385,27.207228
dzf3,3,816.896890,117.752862
csxz,3,229.074500,33.997729
dxf,4,185.564961,27.241953
dzb,4,818.028760,118.723653
dyb,4,192.647781,28.470660
cvx,4,233.082633,34.619093
dyf,4,192.247388,28.478502
dzb2,4,818.301644,119.156442
dxb,4,185.949055,27.282554
cvy,4,222.898052,33.389306
dzf,4,816.590162,118.747979
dxb2,4,186.454566,27.383778
dyb2,4,192.975126,28.578347
cvz,4,275.261131,40.797400
dzb3,4,818.770251,118.310676
dxb3,4,186.158204,27.302872
dyb3,4,206.906387,30.380049
csxxsyyszz,4,491.919326,72.200634
dyf2,4,192.245557,28.519851
dxf2,4,199.043868,29.084789
csxy,4,187.513686,28.013205
dzf2,4,1700.923816,225.729424
dyf3,4,192.173776,28.470817
csyz,4,228.864531,33.947575
dxf3,4,185.466056,27.232020
dzf3,4,816.768783,118.241257
csxz,4,229.073580,34.076082
#========================= OptEWE [OpenMP] =========================
#Source type                                  :  Force monopole
#Grid Size                                    :  768 x 768 x 768
#Iterations                                   :  5
#Compute time                                 :  50.728836
#Total effective MLUPS                        :  44.647667
#===================================================================
#Number of threads                            :  15
