dxf,0,123.771666,22.082597
dzb,0,464.303725,85.734901
dyb,0,131.644686,23.679835
cvx,0,144.180031,26.677008
dyf,0,131.965531,23.764833
dzb2,0,471.976512,87.447741
dxb,0,123.799253,22.191139
cvy,0,844.188432,128.722018
dzf,0,463.544128,85.770241
dxb2,0,123.572681,22.157446
dyb2,0,131.909090,23.754545
cvz,0,167.254396,31.137894
dzb3,0,463.985958,85.929075
dxb3,0,123.651892,22.167445
dyb3,0,131.838504,23.745180
csxxsyyszz,0,360.473098,63.341569
dyf2,0,131.824691,23.757187
dxf2,0,123.360554,22.141985
csxy,0,118.725574,22.160499
dzf2,0,463.700795,85.906803
dyf3,0,131.876689,23.824812
csyz,0,142.039841,26.474524
dxf3,0,123.481983,22.165509
dzf3,0,463.735606,85.958379
csxz,0,142.298378,26.544082
dxf,1,123.269161,22.130389
dzb,1,464.086731,86.030324
dyb,1,131.613332,23.760659
cvx,1,144.155451,26.732813
dyf,1,131.846848,23.817315
dzb2,1,464.246320,86.074603
dxb,1,123.586890,22.203867
cvy,1,144.054715,26.729549
dzf,1,463.553895,85.997594
dxb2,1,123.616917,22.202216
dyb2,1,131.964889,23.821026
cvz,1,167.162575,31.180641
dzb3,1,463.906281,86.063592
dxb3,1,123.595758,22.218809
dyb3,1,131.954652,23.815830
csxxsyyszz,1,359.658890,63.334210
dyf2,1,132.002734,23.846564
dxf2,1,123.396310,22.198008
csxy,1,118.638785,22.169139
dzf2,1,463.680761,86.023124
dyf3,1,131.757636,23.842187
csyz,1,142.124820,26.511830
dxf3,1,123.421495,22.171437
dzf3,1,463.872062,86.094528
csxz,1,142.251645,26.577842
dxf,2,123.234484,22.158053
dzb,2,464.191960,86.104867
dyb,2,131.471779,23.733003
cvx,2,144.281240,26.785416
dyf,2,131.935344,23.830821
dzb2,2,463.943240,86.067330
dxb,2,124.899305,22.505912
cvy,2,144.094315,26.888270
dzf,2,463.437783,85.949393
dxb2,2,123.560561,22.189870
dyb2,2,131.865021,23.779452
cvz,2,167.027152,31.138456
dzb3,2,464.005295,86.022447
dxb3,2,123.652065,22.192083
dyb3,2,131.941190,23.782399
csxxsyyszz,2,360.879005,63.467475
dyf2,2,131.933938,23.792747
dxf2,2,123.272488,22.149847
csxy,2,118.715419,22.181357
dzf2,2,463.796844,86.005013
dyf3,2,131.872530,23.820343
csyz,2,142.116102,26.499841
dxf3,2,123.208025,22.134198
dzf3,2,463.645755,85.992949
csxz,2,142.276705,26.571903
dxf,3,123.307188,22.154972
dzb,3,464.183799,86.095135
dyb,3,131.532241,23.761472
cvx,3,144.138747,26.744154
dyf,3,131.792913,23.828505
dzb2,3,464.259423,86.111652
dxb,3,123.606165,22.215488
cvy,3,144.123313,26.753876
dzf,3,463.481858,86.019490
dxb2,3,123.526249,22.194455
dyb2,3,131.862786,23.786608
cvz,3,169.768649,31.576720
dzb3,3,463.981406,86.079649
dxb3,3,123.671988,22.211612
dyb3,3,131.766565,23.782254
csxxsyyszz,3,360.467606,63.426614
dyf2,3,131.826164,23.807507
dxf2,3,123.363941,22.197613
csxy,3,119.749822,22.347568
dzf2,3,463.749539,86.006962
dyf3,3,131.891820,23.845148
csyz,3,142.036523,26.487591
dxf3,3,123.287327,22.168417
dzf3,3,463.782864,86.071240
csxz,3,142.272436,26.584197
dxf,4,123.330640,22.176822
dzb,4,464.186468,86.133732
dyb,4,131.658327,23.775340
cvx,4,144.238237,26.785460
dyf,4,131.823676,23.826757
dzb2,4,464.209997,86.163500
dxb,4,123.675449,22.220644
cvy,4,143.974797,26.751013
dzf,4,463.346866,86.047247
dxb2,4,123.567499,22.199271
dyb2,4,131.915759,23.831003
cvz,4,167.142500,31.201004
dzb3,4,464.116830,86.133135
dxb3,4,123.931689,22.261105
dyb3,4,131.742018,23.782405
csxxsyyszz,4,360.435939,63.475306
dyf2,4,132.012233,23.847295
dxf2,4,123.508100,22.208361
csxy,4,118.829182,22.216724
dzf2,4,463.643931,86.072502
dyf3,4,132.008230,23.872555
csyz,4,142.101801,26.514320
dxf3,4,123.299791,22.169178
dzf3,4,463.632029,86.101949
csxz,4,142.314839,26.641892
#========================= OptEWE [OpenMP] =========================
#Source type                                  :  Force monopole
#Grid Size                                    :  768 x 768 x 768
#Iterations                                   :  5
#Compute time                                 :  28.384336
#Total effective MLUPS                        :  79.794860
#===================================================================
#Number of threads                            :  16
