dxf,0,94.825050,18.645592
dzb,0,371.519730,75.663153
dyb,0,96.839484,19.458436
cvx,0,112.904511,23.168079
dyf,0,96.777847,19.503698
dzb2,0,371.403662,75.743568
dxb,0,93.690320,18.578050
cvy,0,958.745965,155.788475
dzf,0,370.438881,75.524096
dxb2,0,93.689560,18.593432
dyb2,0,96.996010,19.518962
cvz,0,131.962345,27.145050
dzb3,0,371.131541,75.739563
dxb3,0,93.713139,18.597742
dyb3,0,96.980004,19.510917
csxxsyyszz,0,240.455877,48.040251
dyf2,0,96.750063,19.516857
dxf2,0,93.807577,18.617965
csxy,0,92.900208,19.160914
dzf2,0,370.490133,75.663520
dyf3,0,96.785147,19.524551
csyz,0,111.803256,22.985463
dxf3,0,93.395240,18.562672
dzf3,0,370.769468,75.758691
csxz,0,111.649128,22.997373
dxf,1,93.584478,18.603116
dzb,1,371.417999,75.873576
dyb,1,96.721644,19.479911
cvx,1,112.971034,23.230411
dyf,1,96.606896,19.491427
dzb2,1,371.483020,75.836812
dxb,1,93.787280,18.619243
cvy,1,112.926466,23.202302
dzf,1,370.384717,75.691152
dxb2,1,93.657201,18.595637
dyb2,1,96.985348,19.530795
cvz,1,131.860959,27.138323
dzb3,1,371.050703,75.774048
dxb3,1,93.611247,18.602895
dyb3,1,96.916895,19.523191
csxxsyyszz,1,240.384205,48.045674
dyf2,1,96.703596,19.500329
dxf2,1,93.765669,18.617913
csxy,1,92.906706,19.170779
dzf2,1,370.727399,75.749846
dyf3,1,96.826392,19.537194
csyz,1,111.761995,22.985139
dxf3,1,93.349104,18.559030
dzf3,1,370.867820,75.775920
csxz,1,111.629095,22.996087
dxf,2,93.357775,18.566281
dzb,2,371.551817,75.910375
dyb,2,96.679157,19.475670
cvx,2,112.910663,23.235206
dyf,2,96.598335,19.488344
dzb2,2,371.552877,75.892288
dxb,2,93.728506,18.624594
cvy,2,112.902826,23.217005
dzf,2,370.329410,75.698640
dxb2,2,93.703363,18.614789
dyb2,2,97.108482,19.531556
cvz,2,131.865081,27.154787
dzb3,2,372.402018,76.050290
dxb3,2,93.689734,18.609616
dyb3,2,97.038135,19.520960
csxxsyyszz,2,240.264429,48.042088
dyf2,2,96.787636,19.533695
dxf2,2,93.740337,18.616460
csxy,2,92.945660,19.182154
dzf2,2,370.455964,75.735089
dyf3,2,96.757401,19.523767
csyz,2,111.717089,22.982824
dxf3,2,93.360273,18.577097
dzf3,2,370.847272,75.843000
csxz,2,111.689921,23.030486
dxf,3,93.492721,18.600868
dzb,3,372.163706,76.062572
dyb,3,96.675006,19.493084
cvx,3,112.931803,23.257512
dyf,3,96.611421,19.519573
dzb2,3,371.537506,75.972196
dxb,3,93.733623,18.633997
cvy,3,113.075877,23.238444
dzf,3,370.456652,75.799462
dxb2,3,93.645393,18.626315
dyb2,3,96.917444,19.548643
cvz,3,131.908923,27.191462
dzb3,3,370.941405,75.780111
dxb3,3,93.618734,18.599209
dyb3,3,96.959061,19.534777
csxxsyyszz,3,240.423060,48.094297
dyf2,3,96.785796,19.540113
dxf2,3,93.811779,18.641017
csxy,3,92.859477,19.171530
dzf2,3,370.461473,75.734224
dyf3,3,96.802319,19.534189
csyz,3,111.770797,22.998448
dxf3,3,93.335811,18.571861
dzf3,3,370.860604,75.825041
csxz,3,111.680910,23.023192
dxf,4,93.474153,18.596928
dzb,4,371.410646,75.895473
dyb,4,96.821914,19.505787
cvx,4,112.908024,23.239863
dyf,4,96.653830,19.516676
dzb2,4,371.498911,75.890976
dxb,4,93.791333,18.629056
cvy,4,112.948861,23.219660
dzf,4,370.984193,75.843578
dxb2,4,93.697434,18.609789
dyb2,4,96.922839,19.508441
cvz,4,131.825313,27.135819
dzb3,4,371.007392,75.825877
dxb3,4,93.627007,18.615266
dyb3,4,96.995213,19.549731
csxxsyyszz,4,240.297691,48.059661
dyf2,4,96.745461,19.535425
dxf2,4,93.770748,18.631260
csxy,4,92.910865,19.184858
dzf2,4,370.465423,75.733039
dyf3,4,96.927340,19.561025
csyz,4,111.742535,22.991273
dxf3,4,94.261783,18.727410
dzf3,4,370.658935,75.783434
csxz,4,111.645663,23.086800
#========================= OptEWE [OpenMP] =========================
#Source type                                  :  Force monopole
#Grid Size                                    :  768 x 768 x 768
#Iterations                                   :  5
#Compute time                                 :  22.265205
#Total effective MLUPS                        :  101.724827
#===================================================================
#Number of threads                            :  22
