dxf,0,123.734481,22.395445
dzb,0,532.080325,96.939254
dyb,0,121.434588,22.447997
cvx,0,150.947419,28.141390
dyf,0,121.762156,22.559780
dzb2,0,532.185620,97.135583
dxb,0,120.496409,21.974915
cvy,0,1329.633168,203.489437
dzf,0,530.642301,96.979741
dxb2,0,120.444989,22.003300
dyb2,0,122.035735,22.622620
cvz,0,178.779346,33.244515
dzb3,0,532.431985,97.332353
dxb3,0,120.372943,22.005431
dyb3,0,121.816703,22.575333
csxxsyyszz,0,270.524639,51.021741
dyf2,0,121.756060,22.618662
dxf2,0,120.590317,22.039362
csxy,0,122.988197,23.045285
dzf2,0,531.736339,97.272830
dyf3,0,121.757807,22.620472
csyz,0,149.985964,27.915888
dxf3,0,120.215050,21.958953
dzf3,0,530.756507,97.092148
csxz,0,150.029315,27.949375
dxf,1,120.481767,22.027424
dzb,1,532.204272,97.356877
dyb,1,121.678235,22.556968
cvx,1,151.201271,28.256478
dyf,1,121.830560,22.622473
dzb2,1,532.045133,97.353546
dxb,1,120.450582,22.037273
cvy,1,150.979206,28.199215
dzf,1,530.708713,97.145255
dxb2,1,120.394222,22.019560
dyb2,1,121.929768,22.616113
cvz,1,178.677970,33.260655
dzb3,1,531.973237,97.367568
dxb3,1,120.605686,22.055888
dyb3,1,121.614023,22.565951
csxxsyyszz,1,270.702879,51.089196
dyf2,1,121.834217,22.623029
dxf2,1,120.595905,22.059659
csxy,1,122.928105,23.052737
dzf2,1,530.550358,97.143569
dyf3,1,121.675249,22.611316
csyz,1,150.011607,27.951504
dxf3,1,120.245695,22.006070
dzf3,1,530.735799,97.204334
csxz,1,150.404678,28.177128
dxf,2,120.347131,22.020565
dzb,2,532.233641,97.424045
dyb,2,121.753903,22.595495
cvx,2,151.145353,28.254178
dyf,2,121.570884,22.584138
dzb2,2,532.100024,97.408555
dxb,2,120.339616,22.018820
cvy,2,151.013158,28.219596
dzf,2,530.486352,97.131600
dxb2,2,120.442790,22.032762
dyb2,2,122.022078,22.621195
cvz,2,178.735545,33.293218
dzb3,2,532.949990,97.548683
dxb3,2,120.499212,22.041478
dyb3,2,121.641015,22.578006
csxxsyyszz,2,270.850073,51.139754
dyf2,2,121.855749,22.628637
dxf2,2,120.568262,22.061891
csxy,2,122.979516,23.072791
dzf2,2,530.519767,97.173244
dyf3,2,121.609030,22.598887
csyz,2,150.096431,27.969531
dxf3,2,120.249264,22.007463
dzf3,2,530.746221,97.238666
csxz,2,150.014599,27.986481
dxf,3,120.434863,22.039826
dzb,3,532.347730,97.491160
dyb,3,121.526950,22.565479
cvx,3,151.104600,28.273843
dyf,3,121.701648,22.622777
dzb2,3,532.221835,97.481684
dxb,3,120.295601,22.023215
cvy,3,150.958105,28.225937
dzf,3,530.505169,97.142275
dxb2,3,120.575992,22.063800
dyb2,3,121.876816,22.625117
cvz,3,178.722246,33.290617
dzb3,3,531.893311,97.372648
dxb3,3,120.470310,22.043597
dyb3,3,121.810347,22.620948
csxxsyyszz,3,269.930952,51.015704
dyf2,3,121.800291,22.636286
dxf2,3,120.520588,22.050328
csxy,3,122.983704,23.073081
dzf2,3,530.800202,97.243318
dyf3,3,121.691260,22.617507
csyz,3,150.026244,27.966446
dxf3,3,120.201708,22.003809
dzf3,3,530.893908,97.270714
csxz,3,149.980747,27.991274
dxf,4,120.462435,22.033270
dzb,4,532.120351,97.464965
dyb,4,121.592440,22.568495
cvx,4,151.050334,28.249620
dyf,4,121.651330,22.600443
dzb2,4,533.063074,97.588901
dxb,4,120.538855,22.053176
cvy,4,151.019606,28.226230
dzf,4,530.633763,97.251850
dxb2,4,120.559236,22.063451
dyb2,4,122.093452,22.659535
cvz,4,178.987157,33.334741
dzb3,4,531.797218,97.353186
dxb3,4,120.471052,22.059656
dyb3,4,121.782053,22.602946
csxxsyyszz,4,270.150969,51.041275
dyf2,4,121.839286,22.629418
dxf2,4,120.679705,22.084633
csxy,4,122.984313,23.081254
dzf2,4,531.025955,97.275384
dyf3,4,121.539848,22.603817
csyz,4,150.011571,27.961737
dxf3,4,120.128093,21.985656
dzf3,4,530.960364,97.319693
csxz,4,149.984800,28.038726
#========================= OptEWE [OpenMP] =========================
#Source type                                  :  Force monopole
#Grid Size                                    :  768 x 768 x 768
#Iterations                                   :  5
#Compute time                                 :  30.265385
#Total effective MLUPS                        :  74.835466
#===================================================================
#Number of threads                            :  23
