dxf,0,165.026773,30.327498
dzb,0,610.893177,116.622200
dyb,0,178.084345,32.884510
cvx,0,182.803729,35.692924
dyf,0,177.943234,32.882094
dzb2,0,610.448577,116.730458
dxb,0,165.544026,30.459109
cvy,0,753.561260,125.655963
dzf,0,610.679017,116.740721
dxb2,0,165.463917,30.471988
dyb2,0,178.110883,32.899429
cvz,0,213.983691,42.240255
dzb3,0,610.435174,116.809186
dxb3,0,165.233856,30.428630
dyb3,0,178.773469,33.404939
csxxsyyszz,0,488.178366,90.513248
dyf2,0,178.192232,32.939576
dxf2,0,162.767308,30.426692
csxy,0,133.930918,27.231255
dzf2,0,931.192889,170.510471
dyf3,0,177.812721,32.871636
csyz,0,199.821745,38.885460
dxf3,0,164.690014,30.356412
dzf3,0,610.126863,116.773119
csxz,0,198.797026,38.891283
dxf,1,164.745569,30.444559
dzb,1,610.653782,116.947680
dyb,1,178.111587,32.946314
cvx,1,182.799662,35.749876
dyf,1,177.902662,32.948144
dzb2,1,610.569876,116.936474
dxb,1,165.770894,30.556563
cvy,1,218.052652,41.751754
dzf,1,610.761354,117.066582
dxb2,1,165.379426,30.475738
dyb2,1,178.086886,32.981690
cvz,1,213.822481,42.267234
dzb3,1,610.599555,117.020853
dxb3,1,165.259897,30.470287
dyb3,1,180.174885,33.696415
csxxsyyszz,1,488.223231,90.590316
dyf2,1,178.148420,32.979354
dxf2,1,162.625540,30.389655
csxy,1,133.904654,27.253192
dzf2,1,931.330581,170.660335
dyf3,1,177.733578,32.863831
csyz,1,199.972705,38.930755
dxf3,1,164.485036,30.344516
dzf3,1,611.330748,117.095640
csxz,1,198.981615,38.807881
dxf,2,164.820662,30.397869
dzb,2,610.588064,116.908530
dyb,2,178.016111,32.923584
cvx,2,182.664240,35.725004
dyf,2,177.956340,32.954232
dzb2,2,610.884637,117.769097
dxb,2,165.302862,31.812263
cvy,2,218.018171,42.559128
dzf,2,610.736506,120.859587
dxb2,2,165.279766,31.570043
dyb2,2,178.159127,33.589057
cvz,2,213.810380,42.252535
dzb3,2,610.322969,116.900281
dxb3,2,165.469952,30.511989
dyb3,2,179.595912,33.561365
csxxsyyszz,2,487.968370,90.516509
dyf2,2,177.896084,32.915371
dxf2,2,162.742311,30.416686
csxy,2,133.988912,27.255949
dzf2,2,930.781435,170.522001
dyf3,2,177.806531,32.918544
csyz,2,199.809697,38.912938
dxf3,2,164.887592,30.418035
dzf3,2,610.376760,116.907592
csxz,2,199.060261,38.815883
dxf,3,164.783195,30.389966
dzb,3,610.566320,116.923323
dyb,3,178.000577,32.953839
cvx,3,182.584150,35.721372
dyf,3,177.920239,32.990412
dzb2,3,610.535144,116.984566
dxb,3,165.423821,30.520694
cvy,3,217.847783,41.732895
dzf,3,610.691643,116.975761
dxb2,3,165.449916,30.541360
dyb2,3,178.221203,32.974758
cvz,3,213.835489,42.269183
dzb3,3,610.519829,117.041985
dxb3,3,165.360463,30.481403
dyb3,3,178.567007,33.418194
csxxsyyszz,3,488.127716,90.568733
dyf2,3,178.127995,32.933886
dxf2,3,162.554507,30.407728
csxy,3,133.922559,27.257828
dzf2,3,929.728895,171.084093
dyf3,3,177.722478,33.024360
csyz,3,200.641739,39.049277
dxf3,3,164.303333,30.396858
dzf3,3,610.212670,117.046041
csxz,3,198.816141,38.796732
dxf,4,164.854322,30.425056
dzb,4,610.913347,117.448837
dyb,4,178.016133,33.143142
cvx,4,182.764663,35.861108
dyf,4,177.916037,33.172891
dzb2,4,611.288199,117.435515
dxb,4,165.284664,30.482524
cvy,4,217.873974,41.731197
dzf,4,610.548724,116.969336
dxb2,4,165.434039,30.511063
dyb2,4,178.161623,32.956188
cvz,4,213.936685,42.281226
dzb3,4,610.627825,117.064685
dxb3,4,165.213318,30.456876
dyb3,4,178.782617,33.450351
csxxsyyszz,4,484.734350,90.024193
dyf2,4,178.397896,32.994194
dxf2,4,162.657929,30.426578
csxy,4,133.920988,27.247712
dzf2,4,931.132515,170.643627
dyf3,4,177.644990,32.912083
csyz,4,200.056316,38.926675
dxf3,4,164.422452,30.362561
dzf3,4,610.081989,116.865464
csxz,4,198.857692,38.819014
#========================= OptEWE [OpenMP] =========================
#Source type                                  :  Force monopole
#Grid Size                                    :  768 x 768 x 768
#Iterations                                   :  5
#Compute time                                 :  38.917259
#Total effective MLUPS                        :  58.198450
#===================================================================
#Number of threads                            :  10
