dxf,0,89.735181,17.514630
dzb,0,345.872891,70.206588
dyb,0,94.314477,18.669231
cvx,0,106.349949,21.616242
dyf,0,94.007821,18.670100
dzb2,0,345.756979,70.336633
dxb,0,88.583148,17.413601
cvy,0,969.928226,153.346548
dzf,0,344.993837,70.202006
dxb2,0,88.416765,17.398700
dyb2,0,94.741582,18.769442
cvz,0,124.222381,25.396821
dzb3,0,345.497359,70.328500
dxb3,0,88.456114,17.422783
dyb3,0,94.623929,18.763259
csxxsyyszz,0,256.646649,49.574333
dyf2,0,93.991238,18.669875
dxf2,0,88.605976,17.444178
csxy,0,87.372821,17.942843
dzf2,0,345.072751,70.297135
dyf3,0,94.121918,18.733938
csyz,0,104.918814,21.517141
dxf3,0,88.357720,17.427333
dzf3,0,345.269536,70.363343
csxz,0,104.906558,21.544070
dxf,1,90.628257,17.782224
dzb,1,345.718447,70.463420
dyb,1,94.332830,18.698289
cvx,1,106.250666,21.664190
dyf,1,93.911240,18.696245
dzb2,1,345.808553,70.486270
dxb,1,88.566314,17.462816
cvy,1,106.369814,21.690331
dzf,1,345.089884,70.391622
dxb2,1,88.544608,17.459275
dyb2,1,94.698165,18.796475
cvz,1,124.268604,25.446831
dzb3,1,345.389046,70.417434
dxb3,1,88.512786,17.456319
dyb3,1,94.617556,18.778012
csxxsyyszz,1,255.815098,49.494621
dyf2,1,94.041107,18.701690
dxf2,1,88.570151,17.468494
csxy,1,87.343403,17.957411
dzf2,1,344.954236,70.389231
dyf3,1,94.400428,18.795641
csyz,1,104.967200,21.551201
dxf3,1,88.410391,17.447545
dzf3,1,345.215040,70.418519
csxz,1,104.891992,21.579053
dxf,2,88.269062,17.442089
dzb,2,345.841837,70.546999
dyb,2,94.466480,18.763158
cvx,2,106.631131,21.738310
dyf,2,93.982798,18.729164
dzb2,2,345.807593,70.525314
dxb,2,88.708465,17.497991
cvy,2,106.452550,21.711761
dzf,2,344.886711,70.401742
dxb2,2,88.492697,17.460346
dyb2,2,94.639131,18.801517
cvz,2,124.207820,25.455825
dzb3,2,345.472316,70.464901
dxb3,2,88.423671,17.437884
dyb3,2,94.617969,18.798175
csxxsyyszz,2,256.868995,49.683864
dyf2,2,94.123747,18.713590
dxf2,2,88.636786,17.479297
csxy,2,87.310162,17.958547
dzf2,2,344.987051,70.406770
dyf3,2,94.058727,18.712297
csyz,2,104.945262,21.529743
dxf3,2,88.515194,17.460851
dzf3,2,345.159677,70.424011
csxz,2,104.930076,21.570926
dxf,3,88.261911,17.426578
dzb,3,345.927177,70.580731
dyb,3,94.521417,18.757947
cvx,3,106.622628,21.741513
dyf,3,94.047384,18.702448
dzb2,3,346.145286,70.697686
dxb,3,88.733702,17.505187
cvy,3,106.419895,21.705716
dzf,3,345.117645,70.436570
dxb2,3,88.429952,17.448334
dyb2,3,94.712057,18.821924
cvz,3,124.359185,25.475250
dzb3,3,346.703819,70.684987
dxb3,3,88.567335,17.461050
dyb3,3,94.531772,18.782773
csxxsyyszz,3,256.820665,49.674267
dyf2,3,94.002527,18.685082
dxf2,3,88.657293,17.476322
csxy,3,87.362593,17.962706
dzf2,3,345.027157,70.364409
dyf3,3,94.085468,18.730358
csyz,3,104.963019,21.542669
dxf3,3,88.407843,17.442867
dzf3,3,345.197162,70.464115
csxz,3,104.911202,21.569520
dxf,4,88.242859,17.431028
dzb,4,345.859888,70.561271
dyb,4,94.183336,18.714523
cvx,4,106.310986,21.680673
dyf,4,93.829125,18.694959
dzb2,4,345.801005,70.551500
dxb,4,88.720904,17.500198
cvy,4,106.411563,21.711653
dzf,4,344.839533,70.390617
dxb2,4,88.482531,17.455391
dyb2,4,94.709989,18.806592
cvz,4,124.282925,25.457655
dzb3,4,345.363672,70.443364
dxb3,4,88.459168,17.459382
dyb3,4,94.558900,18.784347
csxxsyyszz,4,256.820757,49.668063
dyf2,4,94.057776,18.726315
dxf2,4,88.571461,17.478470
csxy,4,87.366458,17.973194
dzf2,4,344.961979,70.409879
dyf3,4,94.110562,18.749446
csyz,4,104.846328,21.514144
dxf3,4,88.456354,17.471727
dzf3,4,345.166474,70.426517
csxz,4,104.877372,21.637576
#========================= OptEWE [OpenMP] =========================
#Source type                                  :  Force monopole
#Grid Size                                    :  768 x 768 x 768
#Iterations                                   :  5
#Compute time                                 :  21.168835
#Total effective MLUPS                        :  106.993332
#===================================================================
#Number of threads                            :  23
