dxf,0,134.022891,23.159598
dzb,0,508.142299,90.481833
dyb,0,140.855833,24.550452
cvx,0,157.455931,28.156759
dyf,0,140.362910,24.534719
dzb2,0,508.111054,90.629824
dxb,0,134.269827,23.248548
cvy,0,813.167690,122.179066
dzf,0,507.512706,90.692344
dxb2,0,134.109573,23.252972
dyb2,0,140.965673,24.602852
cvz,0,183.286535,32.855968
dzb3,0,507.976249,90.692845
dxb3,0,133.876767,23.227123
dyb3,0,149.829852,26.039758
csxxsyyszz,0,371.438581,63.819097
dyf2,0,140.299232,24.529517
dxf2,0,145.726118,25.283481
csxy,0,128.985070,23.970014
dzf2,0,1223.995552,191.778366
dyf3,0,140.347972,24.500357
csyz,0,154.586798,27.684166
dxf3,0,133.418993,23.146465
dzf3,0,507.927461,90.632119
csxz,0,154.587448,27.731600
dxf,1,133.635283,23.186711
dzb,1,508.112084,90.667867
dyb,1,140.969148,24.604576
cvx,1,157.725704,28.224468
dyf,1,140.336141,24.567348
dzb2,1,508.166731,90.717723
dxb,1,134.330733,23.293294
cvy,1,154.271095,27.768796
dzf,1,507.117140,90.605591
dxb2,1,134.029302,23.257533
dyb2,1,140.986582,24.642617
cvz,1,183.329710,32.892570
dzb3,1,507.941068,90.735960
dxb3,1,133.904912,23.244156
dyb3,1,149.756307,26.042844
csxxsyyszz,1,371.245376,63.805185
dyf2,1,140.342925,24.527767
dxf2,1,143.364399,24.749762
csxy,1,129.151680,23.217971
dzf2,1,1226.918012,189.779883
dyf3,1,140.285922,24.523362
csyz,1,154.508308,27.675928
dxf3,1,133.518130,23.182826
dzf3,1,507.738270,90.678536
csxz,1,154.658131,27.761877
dxf,2,133.626775,23.207135
dzb,2,508.021887,90.710418
dyb,2,141.113059,24.643101
cvx,2,157.388695,28.216996
dyf,2,140.330536,24.586132
dzb2,2,508.450905,90.793752
dxb,2,134.244503,23.307831
cvy,2,156.094509,28.050454
dzf,2,507.284470,90.615679
dxb2,2,134.113009,23.250856
dyb2,2,140.985867,24.624497
cvz,2,183.373901,32.895047
dzb3,2,507.813382,90.678108
dxb3,2,133.989764,23.261615
dyb3,2,149.918379,26.077855
csxxsyyszz,2,371.375675,63.876614
dyf2,2,140.444472,24.564430
dxf2,2,143.464353,24.758855
csxy,2,128.968598,23.220547
dzf2,2,1228.188820,189.179392
dyf3,2,140.334210,24.527109
csyz,2,154.537436,27.681022
dxf3,2,133.598796,23.194853
dzf3,2,507.738382,90.681674
csxz,2,154.646732,27.772223
dxf,3,133.691102,23.233285
dzb,3,508.162149,90.795620
dyb,3,141.001137,24.636004
cvx,3,157.888928,28.278874
dyf,3,140.301095,24.590483
dzb2,3,509.811011,91.054639
dxb,3,134.368622,23.331851
cvy,3,154.351840,27.794709
dzf,3,507.347879,90.718832
dxb2,3,134.160563,23.298190
dyb2,3,141.003828,24.649539
cvz,3,183.420425,32.920123
dzb3,3,507.883640,90.776590
dxb3,3,133.855002,23.240946
dyb3,3,149.565409,26.026114
csxxsyyszz,3,369.578755,63.613617
dyf2,3,140.343206,24.556354
dxf2,3,143.443308,24.776739
csxy,3,128.931953,23.214693
dzf2,3,1228.037683,189.618498
dyf3,3,140.420651,24.518978
csyz,3,154.541765,27.707431
dxf3,3,133.541527,23.199625
dzf3,3,507.617180,90.698796
csxz,3,154.680706,27.779439
dxf,4,133.800791,23.252471
dzb,4,508.178674,90.821740
dyb,4,141.099684,24.658402
cvx,4,157.945012,28.296618
dyf,4,140.377195,24.605181
dzb2,4,508.358714,90.844821
dxb,4,134.311352,23.328449
cvy,4,154.171274,27.767506
dzf,4,507.667674,91.239673
dxb2,4,134.062310,23.992224
dyb2,4,141.013838,25.298547
cvz,4,183.235111,33.694955
dzb3,4,508.122704,92.206459
dxb3,4,133.964900,23.271315
dyb3,4,149.713258,26.074150
csxxsyyszz,4,369.659582,63.656798
dyf2,4,140.525829,24.608967
dxf2,4,143.330274,24.763022
csxy,4,128.964816,23.246775
dzf2,4,1226.900345,190.007194
dyf3,4,140.320738,24.513884
csyz,4,154.604245,27.718013
dxf3,4,133.549848,23.190559
dzf3,4,507.941250,90.768924
csxz,4,154.667998,27.851232
#========================= OptEWE [OpenMP] =========================
#Source type                                  :  Force monopole
#Grid Size                                    :  768 x 768 x 768
#Iterations                                   :  5
#Compute time                                 :  34.346577
#Total effective MLUPS                        :  65.943229
#===================================================================
#Number of threads                            :  15
