dxf,0,92.317087,21.391415
dzb,0,367.693241,88.204026
dyb,0,91.861478,21.888095
cvx,0,110.997519,26.947620
dyf,0,91.303826,21.852662
dzb2,0,368.024084,88.447997
dxb,0,90.672459,21.233617
cvy,0,1039.676869,204.697739
dzf,0,366.820926,88.204731
dxb2,0,90.054759,21.114292
dyb2,0,92.197111,22.016596
cvz,0,129.666584,31.445630
dzb3,0,367.287497,88.382284
dxb3,0,90.068718,21.133841
dyb3,0,95.795928,23.004972
csxxsyyszz,0,203.561645,49.540821
dyf2,0,91.376515,21.894255
dxf2,0,92.079695,21.558648
csxy,0,91.187936,22.164919
dzf2,0,415.016899,97.588808
dyf3,0,91.414381,21.909348
csyz,0,109.948392,26.600700
dxf3,0,89.978153,21.139551
dzf3,0,367.049034,88.398137
csxz,0,109.892921,26.615372
dxf,1,89.971858,21.148330
dzb,1,367.690537,88.521370
dyb,1,92.067733,21.993903
cvx,1,111.022116,26.978865
dyf,1,91.179146,21.873680
dzb2,1,367.595558,88.530507
dxb,1,90.639703,21.262399
cvy,1,114.764529,27.718972
dzf,1,366.879620,88.378357
dxb2,1,90.034055,21.146626
dyb2,1,92.291195,22.062259
cvz,1,129.544596,31.438791
dzb3,1,367.359699,88.478059
dxb3,1,89.980786,21.153024
dyb3,1,96.101049,23.087663
csxxsyyszz,1,203.379052,49.533091
dyf2,1,91.265049,21.870123
dxf2,1,92.135892,21.574501
csxy,1,91.162544,22.166221
dzf2,1,415.022897,97.649934
dyf3,1,91.436884,21.912775
csyz,1,109.924681,26.617741
dxf3,1,89.891367,21.136324
dzf3,1,367.148449,88.457775
csxz,1,109.855135,26.611045
dxf,2,89.908012,21.144684
dzb,2,367.685103,88.583709
dyb,2,91.923912,21.994278
cvx,2,111.018563,27.006984
dyf,2,91.216557,21.879835
dzb2,2,367.657657,88.583075
dxb,2,90.628860,21.277094
cvy,2,114.808642,27.755236
dzf,2,367.247883,88.465808
dxb2,2,90.066285,21.146364
dyb2,2,92.240069,22.057642
cvz,2,129.654218,31.449683
dzb3,2,367.346785,88.490254
dxb3,2,90.006849,21.143782
dyb3,2,96.460716,23.160660
csxxsyyszz,2,203.749145,49.607449
dyf2,2,91.247070,21.871701
dxf2,2,92.020896,21.565928
csxy,2,91.143366,22.170991
dzf2,2,414.933553,97.690043
dyf3,2,91.434552,21.917501
csyz,2,109.914849,26.601621
dxf3,2,89.888764,21.133984
dzf3,2,367.062485,88.429354
csxz,2,109.841402,26.624912
dxf,3,89.903077,21.150810
dzb,3,375.053615,90.045322
dyb,3,91.905812,21.977841
cvx,3,111.045185,27.026112
dyf,3,91.129186,21.876148
dzb2,3,367.622476,88.587550
dxb,3,90.738197,21.291545
cvy,3,114.723324,27.721506
dzf,3,366.794140,88.431399
dxb2,3,90.041816,21.147715
dyb2,3,92.251311,22.072720
cvz,3,129.772296,31.498385
dzb3,3,367.295393,88.506741
dxb3,3,90.170158,21.187291
dyb3,3,96.555562,23.183187
csxxsyyszz,3,203.635060,49.603513
dyf2,3,91.428028,21.912496
dxf2,3,92.057150,21.574547
csxy,3,91.143275,22.183831
dzf2,3,414.892188,97.683795
dyf3,3,91.379655,21.919940
csyz,3,109.932005,26.620505
dxf3,3,89.902995,21.142022
dzf3,3,367.078720,88.455524
csxz,3,109.899020,26.638754
dxf,4,91.113198,21.382944
dzb,4,367.625686,88.577115
dyb,4,92.012011,22.014607
cvx,4,110.964631,27.022611
dyf,4,91.263574,21.897247
dzb2,4,367.625126,88.591551
dxb,4,90.667497,21.298977
cvy,4,117.240956,28.219971
dzf,4,367.904416,88.654369
dxb2,4,89.985947,21.155226
dyb2,4,92.379922,22.105335
cvz,4,129.607199,31.455221
dzb3,4,367.324202,88.525628
dxb3,4,90.118133,21.176659
dyb3,4,95.725643,23.013752
csxxsyyszz,4,203.736709,49.638460
dyf2,4,91.377566,21.912929
dxf2,4,92.018316,21.573278
csxy,4,91.138956,22.185720
dzf2,4,415.431269,97.754238
dyf3,4,91.375374,21.911912
csyz,4,109.862738,26.596927
dxf3,4,89.852610,21.145231
dzf3,4,367.943574,88.681753
csxz,4,109.883564,26.655666
#========================= OptEWE [OpenMP] =========================
#Source type                                  :  Force monopole
#Grid Size                                    :  768 x 768 x 768
#Iterations                                   :  5
#Compute time                                 :  22.034380
#Total effective MLUPS                        :  102.790465
#===================================================================
#Number of threads                            :  24
