dxf,0,109.758365,22.603177
dzb,0,403.878624,87.057780
dyb,0,119.108069,24.638266
cvx,0,130.401814,27.653210
dyf,0,119.096534,24.711300
dzb2,0,403.809404,87.262711
dxb,0,109.848906,22.721652
cvy,0,830.756277,144.934266
dzf,0,402.608776,87.006096
dxb2,0,109.979810,22.765572
dyb2,0,119.350114,24.760709
cvz,0,145.943620,31.621737
dzb3,0,403.080155,87.197805
dxb3,0,110.361766,22.834662
dyb3,0,119.306621,24.752549
csxxsyyszz,0,342.849821,68.692800
dyf2,0,119.144840,24.736585
dxf2,0,109.636062,22.739975
csxy,0,104.111831,22.622469
dzf2,0,402.889477,87.173089
dyf3,0,119.293322,24.803028
csyz,0,124.366435,27.054757
dxf3,0,108.956919,22.655857
dzf3,0,403.194985,87.350325
csxz,0,124.328065,27.087360
dxf,1,109.150049,22.685878
dzb,1,403.792060,87.464224
dyb,1,119.157318,24.759487
cvx,1,130.402981,27.739899
dyf,1,118.940328,24.776880
dzb2,1,403.502687,87.408020
dxb,1,109.802760,22.772943
cvy,1,129.318295,27.550349
dzf,1,402.589659,87.270524
dxb2,1,110.016662,22.802180
dyb2,1,119.333974,24.805686
cvz,1,145.806298,31.633643
dzb3,1,403.342943,87.403293
dxb3,1,110.448604,22.881104
dyb3,1,119.309584,24.782128
csxxsyyszz,1,339.484420,68.163691
dyf2,1,121.004828,25.076774
dxf2,1,109.495322,22.684767
csxy,1,104.108791,22.638996
dzf2,1,402.950772,87.356159
dyf3,1,119.163160,24.812896
csyz,1,124.298918,27.071884
dxf3,1,108.957304,22.676862
dzf3,1,403.073959,87.401236
csxz,1,124.422877,27.137641
dxf,2,109.029691,22.689594
dzb,2,403.509174,87.509182
dyb,2,119.026684,24.746114
cvx,2,130.422515,27.772955
dyf,2,118.942570,24.797667
dzb2,2,403.554490,87.515024
dxb,2,109.898737,22.803492
cvy,2,129.368374,27.587188
dzf,2,402.681909,87.389198
dxb2,2,110.168563,22.845344
dyb2,2,119.207004,24.808726
cvz,2,146.010750,31.702953
dzb3,2,403.156308,87.433900
dxb3,2,110.602866,22.942070
dyb3,2,119.360579,24.812696
csxxsyyszz,2,342.706807,68.786310
dyf2,2,119.192916,24.777842
dxf2,2,109.449325,22.749929
csxy,2,104.095811,22.655937
dzf2,2,403.061409,87.418170
dyf3,2,119.284164,24.824044
csyz,2,124.428344,27.099332
dxf3,2,108.949042,22.681457
dzf3,2,403.094129,87.462342
csxz,2,124.376311,27.145252
dxf,3,109.097008,22.708148
dzb,3,403.626177,87.583141
dyb,3,119.131496,24.779350
cvx,3,130.418606,27.772246
dyf,3,119.056954,24.833829
dzb2,3,403.479015,87.538630
dxb,3,109.750980,22.782350
cvy,3,129.308406,27.581556
dzf,3,402.633398,87.411434
dxb2,3,109.957722,22.837277
dyb2,3,119.342763,24.842404
cvz,3,145.936548,31.719233
dzb3,3,403.083568,87.460175
dxb3,3,110.324362,22.891812
dyb3,3,119.335513,24.829799
csxxsyyszz,3,339.524854,68.252708
dyf2,3,119.082683,24.774610
dxf2,3,109.605237,22.779374
csxy,3,104.036470,22.638728
dzf2,3,403.243565,87.452450
dyf3,3,119.145950,24.798604
csyz,3,124.329692,27.101652
dxf3,3,108.937454,22.682882
dzf3,3,403.089393,87.455218
csxz,3,124.358006,27.149893
dxf,4,109.126365,22.717700
dzb,4,403.521494,87.556689
dyb,4,119.068844,24.779480
cvx,4,130.299336,27.754622
dyf,4,118.976547,24.821853
dzb2,4,403.726501,87.588462
dxb,4,109.850101,22.807627
cvy,4,129.323903,27.592759
dzf,4,402.604078,87.407311
dxb2,4,109.997984,22.853567
dyb2,4,119.303264,24.834921
cvz,4,145.859895,31.700836
dzb3,4,402.989414,87.453937
dxb3,4,110.405398,22.902219
dyb3,4,119.427906,24.825829
csxxsyyszz,4,339.398080,68.204332
dyf2,4,122.471666,25.360276
dxf2,4,109.483554,22.742125
csxy,4,104.115211,22.665316
dzf2,4,403.142313,87.448658
dyf3,4,119.229369,24.820401
csyz,4,124.365101,27.106039
dxf3,4,109.024737,22.695193
dzf3,4,403.095640,87.455578
csxz,4,124.364972,27.203447
#========================= OptEWE [OpenMP] =========================
#Source type                                  :  Force monopole
#Grid Size                                    :  768 x 768 x 768
#Iterations                                   :  5
#Compute time                                 :  25.164970
#Total effective MLUPS                        :  90.003053
#===================================================================
#Number of threads                            :  18
