dxf,0,132.936683,24.499412
dzb,0,495.283670,94.809574
dyb,0,139.821517,25.980151
cvx,0,154.808936,29.684861
dyf,0,139.196123,25.959829
dzb2,0,495.164753,94.976358
dxb,0,133.421841,24.668339
cvy,0,782.692194,125.720305
dzf,0,494.510903,94.894995
dxb2,0,133.000751,24.636541
dyb2,0,139.951273,26.058480
cvz,0,179.994965,34.700492
dzb3,0,495.709334,95.978351
dxb3,0,132.774575,25.219985
dyb3,0,145.586115,27.648362
csxxsyyszz,0,370.155429,68.880003
dyf2,0,139.612153,26.385335
dxf2,0,138.693653,25.708973
csxy,0,126.753166,24.487869
dzf2,0,1160.467030,192.399212
dyf3,0,139.205655,25.913231
csyz,0,152.736575,29.364226
dxf3,0,132.791682,24.600278
dzf3,0,494.865533,95.037377
csxz,0,151.765855,29.288453
dxf,1,132.540359,24.585123
dzb,1,495.328703,95.156179
dyb,1,139.670760,26.015040
cvx,1,154.901473,29.744061
dyf,1,139.411058,26.008442
dzb2,1,495.090584,95.113548
dxb,1,133.358100,24.701500
cvy,1,146.897542,28.486336
dzf,1,494.436475,95.033479
dxb2,1,132.931154,24.643848
dyb2,1,139.970082,26.091763
cvz,1,180.389309,34.760003
dzb3,1,495.102367,95.148312
dxb3,1,132.894431,24.640263
dyb3,1,145.405092,27.087138
csxxsyyszz,1,370.148910,67.718965
dyf2,1,139.380117,25.985742
dxf2,1,138.361538,25.608867
csxy,1,126.677817,24.479498
dzf2,1,1159.494293,192.576417
dyf3,1,139.312941,25.948517
csyz,1,152.686605,29.370854
dxf3,1,132.515397,24.565783
dzf3,1,494.821357,95.054582
csxz,1,151.809427,29.315466
dxf,2,132.605927,24.607429
dzb,2,495.230887,95.160431
dyb,2,139.568224,25.999778
cvx,2,154.806859,29.742267
dyf,2,139.434594,26.051153
dzb2,2,495.142161,95.071153
dxb,2,133.369078,24.689579
cvy,2,147.034028,28.516089
dzf,2,495.914690,95.324629
dxb2,2,132.923481,24.651601
dyb2,2,139.955903,26.095323
cvz,2,180.101051,34.710147
dzb3,2,501.164839,96.601015
dxb3,2,132.972882,24.734196
dyb3,2,145.609438,27.138206
csxxsyyszz,2,369.999175,67.737398
dyf2,2,139.533582,26.036867
dxf2,2,138.083354,25.583146
csxy,2,126.680553,24.510707
dzf2,2,1159.580225,192.878462
dyf3,2,139.352654,25.951219
csyz,2,152.725015,29.375019
dxf3,2,132.635740,24.582895
dzf3,2,494.871854,95.086357
csxz,2,151.901505,29.342431
dxf,3,132.628127,24.614270
dzb,3,495.266261,95.202604
dyb,3,139.790751,26.046437
cvx,3,154.824633,29.753249
dyf,3,139.292409,26.013598
dzb2,3,495.367832,95.201821
dxb,3,133.385587,24.712273
cvy,3,146.999876,28.518348
dzf,3,494.494304,95.079114
dxb2,3,133.139062,24.691501
dyb2,3,139.824812,26.061336
cvz,3,181.653025,34.983344
dzb3,3,495.231736,95.191484
dxb3,3,132.917524,24.657192
dyb3,3,145.619057,27.140246
csxxsyyszz,3,366.449877,67.158535
dyf2,3,139.422100,26.023357
dxf2,3,138.323322,25.593395
csxy,3,126.741564,24.510506
dzf2,3,1159.655641,193.131228
dyf3,3,142.470906,26.495383
csyz,3,152.741824,29.388171
dxf3,3,132.600942,24.602917
dzf3,3,494.993833,95.130627
csxz,3,151.913815,29.370500
dxf,4,132.702491,24.627824
dzb,4,495.229145,95.096449
dyb,4,139.772731,26.029325
cvx,4,154.837990,29.773310
dyf,4,139.362674,26.049576
dzb2,4,495.025608,95.142151
dxb,4,133.269541,24.705211
cvy,4,146.745709,28.508452
dzf,4,494.915320,96.501500
dxb2,4,132.984175,24.955745
dyb2,4,139.803031,26.373444
cvz,4,179.943990,35.123997
dzb3,4,495.104198,95.415268
dxb3,4,133.239418,24.717268
dyb3,4,145.408521,27.104593
csxxsyyszz,4,364.234318,66.855282
dyf2,4,139.531913,26.027773
dxf2,4,138.566164,25.665546
csxy,4,126.708681,24.479151
dzf2,4,1161.663349,192.277629
dyf3,4,139.459292,26.011754
csyz,4,152.709351,29.373990
dxf3,4,132.692090,24.624161
dzf3,4,494.843044,95.034804
csxz,4,151.821720,29.390154
#========================= OptEWE [OpenMP] =========================
#Source type                                  :  Force monopole
#Grid Size                                    :  768 x 768 x 768
#Iterations                                   :  5
#Compute time                                 :  33.463417
#Total effective MLUPS                        :  67.683589
#===================================================================
#Number of threads                            :  15
