dxf,0,130.632687,25.587306
dzb,0,553.743107,109.949682
dyb,0,128.781537,25.877287
cvx,0,159.538229,32.314666
dyf,0,129.393166,26.029879
dzb2,0,554.759132,110.417020
dxb,0,128.257598,25.317309
cvy,0,1023.407323,175.745741
dzf,0,552.543911,109.994385
dxb2,0,128.421470,25.395221
dyb2,0,129.452592,26.066415
cvz,0,187.654331,37.930623
dzb3,0,553.531882,110.322891
dxb3,0,128.397215,25.401536
dyb3,0,129.087329,26.015161
csxxsyyszz,0,286.785765,58.379573
dyf2,0,129.710965,26.153591
dxf2,0,128.650645,25.453777
csxy,0,130.815968,26.582399
dzf2,0,552.439025,110.232648
dyf3,0,129.249335,26.074079
csyz,0,158.600616,32.017251
dxf3,0,128.190966,25.359007
dzf3,0,552.660050,110.282612
csxz,0,158.543882,32.073550
dxf,1,128.276077,25.380038
dzb,1,553.578208,110.431493
dyb,1,128.879504,25.964634
cvx,1,159.495919,32.389435
dyf,1,129.466033,26.122119
dzb2,1,553.704578,110.432883
dxb,1,128.304071,25.400381
cvy,1,159.418897,32.316734
dzf,1,552.278626,110.225814
dxb2,1,128.468599,25.434682
dyb2,1,129.179003,26.036348
cvz,1,187.724244,38.005840
dzb3,1,553.364747,110.385546
dxb3,1,128.300936,25.372743
dyb3,1,129.304730,26.068104
csxxsyyszz,1,284.948337,58.080017
dyf2,1,129.537861,26.129071
dxf2,1,128.630390,25.457067
csxy,1,131.877162,26.811717
dzf2,1,552.458195,110.294436
dyf3,1,130.632217,26.330308
csyz,1,158.644191,32.052075
dxf3,1,128.258675,25.409893
dzf3,1,552.551261,110.291573
csxz,1,158.519546,32.070361
dxf,2,128.210651,25.392612
dzb,2,553.707738,110.538020
dyb,2,128.822368,25.985824
cvx,2,159.591671,32.438493
dyf,2,129.351891,26.102298
dzb2,2,553.787714,110.568454
dxb,2,128.331396,25.402829
cvy,2,159.503804,32.368621
dzf,2,552.457718,110.321266
dxb2,2,128.294304,25.415594
dyb2,2,129.269791,26.065008
cvz,2,187.655861,38.017810
dzb3,2,553.425691,110.494428
dxb3,2,128.305447,25.407315
dyb3,2,129.184176,26.058592
csxxsyyszz,2,287.208558,58.468928
dyf2,2,129.386244,26.105649
dxf2,2,128.655846,25.496124
csxy,2,130.844635,26.617590
dzf2,2,552.367979,110.317429
dyf3,2,129.523030,26.123114
csyz,2,158.679930,32.092023
dxf3,2,128.235556,25.407902
dzf3,2,552.488648,110.346765
csxz,2,158.466130,32.070325
dxf,3,128.254646,25.391090
dzb,3,554.434545,111.612732
dyb,3,128.969981,26.002828
cvx,3,159.657914,32.435719
dyf,3,129.258745,26.099535
dzb2,3,553.808149,110.707244
dxb,3,128.763720,25.725381
cvy,3,159.498590,32.372764
dzf,3,553.392789,110.493592
dxb2,3,128.475612,25.449659
dyb2,3,129.214981,26.054943
cvz,3,187.655164,38.031570
dzb3,3,553.470289,110.526767
dxb3,3,128.245273,25.413280
dyb3,3,129.370986,26.095041
csxxsyyszz,3,287.139826,58.432208
dyf2,3,129.568435,26.141667
dxf2,3,128.545916,25.484474
csxy,3,130.892183,26.643500
dzf2,3,552.353217,110.381157
dyf3,3,129.247801,26.126184
csyz,3,158.647305,32.109222
dxf3,3,128.259853,25.404453
dzf3,3,552.571702,110.374823
csxz,3,158.477482,32.081661
dxf,4,128.167574,25.394309
dzb,4,553.668688,110.455030
dyb,4,128.806105,25.980438
cvx,4,159.620822,32.441320
dyf,4,129.399294,26.141743
dzb2,4,553.688151,110.549074
dxb,4,128.244470,25.398570
cvy,4,159.444932,32.377224
dzf,4,552.406108,110.358697
dxb2,4,128.346154,25.442897
dyb2,4,129.202001,26.068352
cvz,4,187.717795,38.019060
dzb3,4,553.592185,110.560710
dxb3,4,128.307353,25.415959
dyb3,4,129.102159,26.037860
csxxsyyszz,4,288.216456,58.651426
dyf2,4,129.550483,26.137180
dxf2,4,128.596149,25.480955
csxy,4,130.782822,26.615790
dzf2,4,552.346132,110.310574
dyf3,4,129.435963,26.115310
csyz,4,158.583153,32.070344
dxf3,4,128.270889,25.405036
dzf3,4,552.586435,110.372903
csxz,4,159.344386,32.303418
#========================= OptEWE [OpenMP] =========================
#Source type                                  :  Force monopole
#Grid Size                                    :  768 x 768 x 768
#Iterations                                   :  5
#Compute time                                 :  31.400953
#Total effective MLUPS                        :  72.129153
#===================================================================
#Number of threads                            :  19
