dxf,0,455.169514,56.905401
dzb,0,1687.207421,212.690146
dyb,0,585.329694,72.355773
cvx,0,732.181989,91.650679
dyf,0,586.846084,72.738971
dzb2,0,1685.838139,212.730508
dxb,0,470.414309,58.522354
cvy,0,1864.633968,223.534857
dzf,0,1682.538541,212.309457
dxb2,0,470.293356,58.510670
dyb2,0,587.222251,72.552479
cvz,0,748.419267,94.401488
dzb3,0,1687.826712,213.121719
dxb3,0,472.574683,58.800776
dyb3,0,594.284917,73.855354
csxxsyyszz,0,2043.957700,261.016390
dyf2,0,586.018166,75.187474
dxf2,0,457.922209,57.542813
csxy,0,404.622557,52.388778
dzf2,0,2167.221601,274.218222
dyf3,0,589.732696,72.940752
csyz,0,482.731145,62.023096
dxf3,0,456.192734,57.385284
dzf3,0,1684.775199,213.159406
csxz,0,471.242050,60.996952
dxf,1,454.024117,56.980150
dzb,1,1686.063458,213.256307
dyb,1,585.229115,72.572147
cvx,1,732.717882,91.954220
dyf,1,589.022614,73.222934
dzb2,1,1686.700353,213.008990
dxb,1,470.413655,58.548185
cvy,1,723.592566,90.993135
dzf,1,1683.833676,212.997210
dxb2,1,470.139494,58.715391
dyb2,1,585.452505,72.383546
cvz,1,749.235888,94.390625
dzb3,1,1688.849797,213.442378
dxb3,1,472.461853,59.044149
dyb3,1,595.355520,74.169005
csxxsyyszz,1,2045.171451,253.209604
dyf2,1,587.717531,73.050094
dxf2,1,457.892268,57.901423
csxy,1,402.960445,52.245092
dzf2,1,2164.419154,275.646666
dyf3,1,587.920867,72.654640
csyz,1,482.408377,61.966177
dxf3,1,456.911218,57.113028
dzf3,1,1683.415398,212.749733
csxz,1,471.715070,60.828679
dxf,2,453.409157,56.742535
dzb,2,1687.192783,213.216360
dyb,2,584.738832,72.447992
cvx,2,731.654299,91.647684
dyf,2,586.744907,72.711837
dzb2,2,1686.771192,213.146718
dxb,2,469.732250,58.585882
cvy,2,720.935112,90.813108
dzf,2,1682.427151,212.583881
dxb2,2,469.692825,58.617987
dyb2,2,584.857330,72.435726
cvz,2,748.459238,94.447196
dzb3,2,1689.001586,213.410364
dxb3,2,471.848181,58.840614
dyb3,2,594.530409,73.996714
csxxsyyszz,2,2044.752968,250.897479
dyf2,2,587.275332,72.715203
dxf2,2,457.595028,57.568868
csxy,2,402.891777,52.196049
dzf2,2,2166.656080,274.430646
dyf3,2,588.335947,73.197341
csyz,2,482.704136,63.473099
dxf3,2,455.644752,58.286384
dzf3,2,1686.335864,213.215461
csxz,2,472.811178,60.947878
dxf,3,454.409659,56.853025
dzb,3,1687.412833,213.129027
dyb,3,584.967930,72.554489
cvx,3,732.653719,91.802307
dyf,3,587.391239,72.786648
dzb2,3,1686.492036,213.019400
dxb,3,470.328079,58.723000
cvy,3,721.911053,90.940696
dzf,3,1684.011203,212.504030
dxb2,3,471.930960,58.790573
dyb2,3,585.443799,72.432960
cvz,3,749.276222,94.462553
dzb3,3,1689.348858,213.237704
dxb3,3,472.705769,58.863959
dyb3,3,593.407874,74.281200
csxxsyyszz,3,2043.763995,250.839793
dyf2,3,587.219200,72.668249
dxf2,3,457.404459,57.567190
csxy,3,402.475283,52.174469
dzf2,3,2167.155112,274.942186
dyf3,3,589.250336,73.141693
csyz,3,482.283744,62.002855
dxf3,3,455.146015,56.963838
dzf3,3,1685.536452,213.793733
csxz,3,471.415186,61.040416
dxf,4,454.078486,56.842460
dzb,4,1688.098471,213.213574
dyb,4,585.358730,72.519538
cvx,4,732.722993,91.773927
dyf,4,587.413506,72.950722
dzb2,4,1685.965347,213.425643
dxb,4,470.527220,58.766555
cvy,4,723.702431,91.294810
dzf,4,1681.925576,212.832536
dxb2,4,470.169098,58.779478
dyb2,4,586.801400,72.838843
cvz,4,749.264032,94.678387
dzb3,4,1688.094286,213.515579
dxb3,4,472.742128,58.999139
dyb3,4,593.988944,74.091384
csxxsyyszz,4,2046.479295,251.475751
dyf2,4,587.699498,72.947575
dxf2,4,457.923390,57.670162
csxy,4,404.735303,52.418579
dzf2,4,2165.990076,274.435283
dyf3,4,589.767982,73.118130
csyz,4,481.975991,62.041684
dxf3,4,456.282368,57.065556
dzf3,4,1683.930725,213.077443
csxz,4,471.399456,60.853371
#========================= OptEWE [OpenMP] =========================
#Source type                                  :  Force monopole
#Grid Size                                    :  768 x 768 x 768
#Iterations                                   :  5
#Compute time                                 :  113.706711
#Total effective MLUPS                        :  19.919002
#===================================================================
#Number of threads                            :  2
