dxf,0,135.300230,24.480946
dzb,0,584.747939,106.428488
dyb,0,133.030262,24.574507
cvx,0,165.455478,30.794905
dyf,0,133.223344,24.643357
dzb2,0,584.797136,106.592997
dxb,0,132.134910,24.074561
cvy,0,1247.665333,193.918679
dzf,0,584.824091,106.550505
dxb2,0,132.129387,24.087113
dyb2,0,133.350868,24.654970
cvz,0,195.687484,36.309340
dzb3,0,584.696065,106.570459
dxb3,0,131.910357,24.067069
dyb3,0,133.329926,24.654061
csxxsyyszz,0,293.289364,55.112177
dyf2,0,133.262736,24.689389
dxf2,0,132.185192,24.121207
csxy,0,134.695034,25.151078
dzf2,0,583.301954,106.402500
dyf3,0,133.164892,24.659671
csyz,0,164.291905,30.499653
dxf3,0,131.938915,24.079967
dzf3,0,583.417738,106.440574
csxz,0,164.333398,30.538664
dxf,1,131.991857,24.091118
dzb,1,584.807014,106.696839
dyb,1,133.156148,24.627475
cvx,1,165.227337,30.792884
dyf,1,133.253601,24.674865
dzb2,1,584.611613,106.583623
dxb,1,132.047661,24.093770
cvy,1,165.436029,30.807506
dzf,1,583.199792,106.444427
dxb2,1,132.245609,24.151970
dyb2,1,133.630249,24.734340
cvz,1,195.661999,36.329565
dzb3,1,584.837273,106.728184
dxb3,1,132.152437,24.082809
dyb3,1,133.357696,24.659196
csxxsyyszz,1,294.029890,55.189334
dyf2,1,133.352408,24.671553
dxf2,1,132.315888,24.124568
csxy,1,134.706073,25.171092
dzf2,1,583.092468,106.431566
dyf3,1,133.163455,24.665940
csyz,1,164.328622,30.530351
dxf3,1,132.053836,24.112759
dzf3,1,584.981531,106.740534
csxz,1,164.323990,30.545206
dxf,2,131.985615,24.095313
dzb,2,584.749979,106.724976
dyb,2,133.228400,24.652928
cvx,2,165.335001,30.822230
dyf,2,133.181530,24.699624
dzb2,2,584.873627,106.753033
dxb,2,132.039830,24.117345
cvy,2,165.331295,30.807555
dzf,2,583.333355,106.496226
dxb2,2,132.038419,24.099474
dyb2,2,133.390328,24.688696
cvz,2,195.655836,36.338850
dzb3,2,584.610822,106.694465
dxb3,2,132.072088,24.112642
dyb3,2,133.250741,24.655211
csxxsyyszz,2,294.427310,55.325849
dyf2,2,133.461765,24.730588
dxf2,2,132.294219,24.148754
csxy,2,134.759060,25.182479
dzf2,2,583.224477,106.449306
dyf3,2,133.202990,24.717171
csyz,2,164.389299,30.563782
dxf3,2,132.035061,24.114504
dzf3,2,583.447230,106.575485
csxz,2,164.361967,30.590261
dxf,3,132.020324,24.115383
dzb,3,584.694550,106.779590
dyb,3,133.058122,24.656532
cvx,3,165.398076,30.869396
dyf,3,133.142486,24.695588
dzb2,3,584.750420,106.797651
dxb,3,132.013095,24.126008
cvy,3,165.335128,30.808641
dzf,3,583.387675,106.578817
dxb2,3,132.156786,24.144255
dyb2,3,133.321784,24.694897
cvz,3,195.615716,36.358705
dzb3,3,586.275895,107.016660
dxb3,3,131.929258,24.106475
dyb3,3,133.299002,24.694997
csxxsyyszz,3,294.468947,55.357052
dyf2,3,133.332023,24.716793
dxf2,3,132.402983,24.191457
csxy,3,134.649738,25.181852
dzf2,3,583.344134,106.529979
dyf3,3,133.060919,24.684278
csyz,3,164.291238,30.530086
dxf3,3,131.975278,24.103349
dzf3,3,583.422909,106.528283
csxz,3,164.339771,30.572270
dxf,4,131.986961,24.099652
dzb,4,584.781566,106.735356
dyb,4,133.135213,24.660216
cvx,4,165.289922,30.831890
dyf,4,133.103695,24.683956
dzb2,4,584.824640,106.769166
dxb,4,132.185451,24.140737
cvy,4,165.597493,30.830137
dzf,4,583.071232,106.445755
dxb2,4,132.050363,24.117052
dyb2,4,133.418643,24.700608
cvz,4,196.633211,36.517915
dzb3,4,584.639503,106.724517
dxb3,4,132.089833,24.125246
dyb3,4,133.340372,24.696488
csxxsyyszz,4,294.031249,55.276011
dyf2,4,133.376469,24.722192
dxf2,4,132.426022,24.176890
csxy,4,134.670137,25.170194
dzf2,4,583.120816,106.456926
dyf3,4,133.025302,24.685308
csyz,4,164.433903,30.565265
dxf3,4,132.118154,24.122901
dzf3,4,583.519721,106.557681
csxz,4,164.365411,30.635378
#========================= OptEWE [OpenMP] =========================
#Source type                                  :  Force monopole
#Grid Size                                    :  768 x 768 x 768
#Iterations                                   :  5
#Compute time                                 :  32.992336
#Total effective MLUPS                        :  68.650008
#===================================================================
#Number of threads                            :  21
