dxf,0,185.678236,28.170714
dzb,0,676.600973,105.512451
dyb,0,230.733277,34.564366
cvx,0,281.377135,43.216370
dyf,0,232.057072,34.752901
dzb2,0,675.945667,105.541375
dxb,0,190.343969,28.821372
cvy,0,1007.962517,138.097979
dzf,0,675.981081,105.557888
dxb2,0,190.201580,28.820120
dyb2,0,230.592331,34.524243
cvz,0,294.545538,46.206457
dzb3,0,677.682007,105.738352
dxb3,0,190.722429,28.866633
dyb3,0,233.308493,35.345119
csxxsyyszz,0,774.394483,113.477854
dyf2,0,231.872915,34.745608
dxf2,0,190.288096,29.219009
csxy,0,154.647393,25.544081
dzf2,0,1116.677284,167.046128
dyf3,0,231.901300,34.715275
csyz,0,238.954208,37.933731
dxf3,0,185.273962,28.211675
dzf3,0,677.223682,105.753736
csxz,0,236.608784,37.649253
dxf,1,185.364787,28.195644
dzb,1,676.616036,105.713768
dyb,1,230.639630,34.557669
cvx,1,281.307771,43.207208
dyf,1,231.975209,34.759817
dzb2,1,676.009263,105.614605
dxb,1,190.306229,28.847871
cvy,1,295.861196,45.460516
dzf,1,675.799612,105.603544
dxb2,1,190.358196,28.836539
dyb2,1,232.536856,34.843635
cvz,1,294.760399,46.232072
dzb3,1,677.598527,105.840463
dxb3,1,190.802448,28.939737
dyb3,1,233.386170,35.368680
csxxsyyszz,1,772.685820,113.182372
dyf2,1,232.887972,34.882189
dxf2,1,190.271678,29.201995
csxy,1,154.598053,25.528003
dzf2,1,1116.711047,167.036820
dyf3,1,231.762337,34.694722
csyz,1,238.333290,37.824113
dxf3,1,185.341229,28.223157
dzf3,1,678.332721,105.857809
csxz,1,236.261546,37.611125
dxf,2,185.311043,28.176320
dzb,2,676.766290,105.682094
dyb,2,230.715982,34.551085
cvx,2,281.263318,43.210318
dyf,2,232.032826,34.786455
dzb2,2,675.927531,105.578230
dxb,2,190.425883,28.870844
cvy,2,295.808340,45.452768
dzf,2,675.439988,105.536622
dxb2,2,190.366457,28.842872
dyb2,2,230.633731,34.598165
cvz,2,294.896549,46.244958
dzb3,2,677.823585,107.834342
dxb3,2,190.760259,29.227675
dyb3,2,233.186578,35.734230
csxxsyyszz,2,772.619355,113.395613
dyf2,2,232.171125,34.700901
dxf2,2,190.216198,29.183696
csxy,2,154.701229,25.563386
dzf2,2,1115.516909,166.861527
dyf3,2,231.794420,34.719297
csyz,2,238.214223,37.809931
dxf3,2,185.285396,28.202146
dzf3,2,676.952543,105.668870
csxz,2,236.348193,37.611264
dxf,3,187.037771,28.413783
dzb,3,676.838133,105.674970
dyb,3,230.489156,34.534130
cvx,3,281.164707,43.196287
dyf,3,232.000373,34.751970
dzb2,3,675.888446,105.546917
dxb,3,190.371221,28.900482
cvy,3,295.841644,45.435473
dzf,3,675.404073,105.499710
dxb2,3,190.368013,28.824393
dyb2,3,230.566771,34.553709
cvz,3,294.694686,46.222014
dzb3,3,677.744167,105.786479
dxb3,3,190.738670,28.910071
dyb3,3,233.194058,35.317859
csxxsyyszz,3,769.868893,112.800019
dyf2,3,231.983555,34.754720
dxf2,3,190.297146,29.182116
csxy,3,154.675606,25.548245
dzf2,3,1115.691208,166.870244
dyf3,3,231.903966,34.725005
csyz,3,238.025456,37.781333
dxf3,3,185.354215,28.199239
dzf3,3,677.144008,105.691556
csxz,3,236.565441,37.655775
dxf,4,185.393710,28.200911
dzb,4,677.769951,105.799612
dyb,4,230.497291,34.551618
cvx,4,283.013779,43.448448
dyf,4,232.030111,34.752210
dzb2,4,676.001559,105.584860
dxb,4,190.388380,28.837021
cvy,4,295.753907,45.440670
dzf,4,675.770561,105.615225
dxb2,4,190.263538,28.813529
dyb2,4,230.636379,34.604900
cvz,4,294.805668,46.235686
dzb3,4,677.452232,105.737171
dxb3,4,190.794263,28.886698
dyb3,4,233.252894,35.333346
csxxsyyszz,4,770.604217,112.963513
dyf2,4,231.934631,34.728851
dxf2,4,190.329389,29.198584
csxy,4,154.673179,25.547596
dzf2,4,1116.120888,166.966140
dyf3,4,231.897348,34.761461
csyz,4,239.194445,37.946436
dxf3,4,185.265267,28.184469
dzf3,4,676.974545,105.694146
csxz,4,236.536838,37.668994
#========================= OptEWE [OpenMP] =========================
#Source type                                  :  Force monopole
#Grid Size                                    :  768 x 768 x 768
#Iterations                                   :  5
#Compute time                                 :  47.198994
#Total effective MLUPS                        :  47.986705
#===================================================================
#Number of threads                            :  7
