dxf,0,171.930348,28.356581
dzb,0,625.842403,106.973757
dyb,0,201.908046,33.111303
cvx,0,233.955310,39.578393
dyf,0,202.605183,33.239788
dzb2,0,626.227957,107.069272
dxb,0,174.593533,28.763788
cvy,0,924.362957,136.736462
dzf,0,626.490464,107.692760
dxb2,0,173.835319,29.727577
dyb2,0,201.144404,34.169033
cvz,0,248.812786,43.491479
dzb3,0,625.252324,110.009255
dxb3,0,174.972572,28.826979
dyb3,0,204.426516,33.923017
csxxsyyszz,0,641.207130,103.615529
dyf2,0,202.272359,33.250997
dxf2,0,173.525834,28.979929
csxy,0,140.299963,25.478275
dzf2,0,1000.059657,163.543060
dyf3,0,201.968350,33.199542
csyz,0,212.698448,37.044813
dxf3,0,171.285469,28.357398
dzf3,0,625.666009,107.184343
csxz,0,211.674730,36.885190
dxf,1,171.396621,28.353756
dzb,1,627.023537,107.319711
dyb,1,202.274632,33.252734
cvx,1,234.011930,39.605279
dyf,1,202.316896,33.290550
dzb2,1,626.022738,107.292619
dxb,1,174.617626,28.898720
cvy,1,254.490262,42.898135
dzf,1,625.739018,107.407800
dxb2,1,174.115072,28.703883
dyb2,1,201.967187,33.211911
cvz,1,249.266172,43.157060
dzb3,1,626.077141,107.620340
dxb3,1,174.501148,28.809296
dyb3,1,203.704316,33.814419
csxxsyyszz,1,627.330460,101.484039
dyf2,1,202.127708,33.185480
dxf2,1,173.293028,29.021259
csxy,1,140.272536,25.499472
dzf2,1,1000.024899,163.610981
dyf3,1,201.889967,33.179447
csyz,1,212.861352,37.068709
dxf3,1,171.312160,28.361074
dzf3,1,626.543882,107.321826
csxz,1,211.569178,36.876730
dxf,2,171.315607,28.294802
dzb,2,626.019039,107.040032
dyb,2,202.411286,33.189001
cvx,2,233.736103,39.559213
dyf,2,202.054525,33.172846
dzb2,2,626.059318,107.053275
dxb,2,175.280760,28.868344
cvy,2,254.694058,42.886723
dzf,2,626.038579,107.051722
dxb2,2,174.210917,28.687761
dyb2,2,201.621661,33.072656
cvz,2,249.372973,43.140654
dzb3,2,625.920327,107.059576
dxb3,2,174.722538,28.799188
dyb3,2,204.193967,33.865470
csxxsyyszz,2,638.740892,103.434978
dyf2,2,202.294274,33.225842
dxf2,2,173.599117,29.032220
csxy,2,140.441647,25.511670
dzf2,2,999.780300,163.494663
dyf3,2,201.983865,33.176844
csyz,2,212.741037,37.050864
dxf3,2,171.528684,28.372504
dzf3,2,625.574459,107.096948
csxz,2,211.528870,36.889194
dxf,3,171.411498,28.330332
dzb,3,626.714459,107.239399
dyb,3,202.252049,33.167352
cvx,3,233.981175,39.619359
dyf,3,202.480950,33.229083
dzb2,3,626.297001,107.207982
dxb,3,174.563244,28.795620
cvy,3,254.776780,42.928020
dzf,3,626.255194,107.539881
dxb2,3,173.754622,29.491743
dyb2,3,202.065915,33.654003
cvz,3,249.465100,43.159946
dzb3,3,626.501352,107.276133
dxb3,3,174.830615,28.803219
dyb3,3,204.247479,33.900247
csxxsyyszz,3,635.991053,102.875169
dyf2,3,202.246933,33.212118
dxf2,3,173.636217,29.003077
csxy,3,140.244495,25.471288
dzf2,3,999.889243,163.399604
dyf3,3,201.816810,33.181094
csyz,3,212.878558,37.035521
dxf3,3,171.456260,28.380842
dzf3,3,625.393550,107.078819
csxz,3,211.456043,36.880961
dxf,4,171.404762,28.334792
dzb,4,625.827248,107.110156
dyb,4,202.396838,33.225573
cvx,4,234.275895,39.712990
dyf,4,202.594916,33.324628
dzb2,4,627.169561,107.644205
dxb,4,174.562021,28.888154
cvy,4,254.557269,42.890164
dzf,4,625.880583,107.319302
dxb2,4,174.198920,28.799114
dyb2,4,202.152928,33.321169
cvz,4,249.360482,43.266526
dzb3,4,626.078749,107.426088
dxb3,4,174.657126,28.794856
dyb3,4,204.161031,33.910180
csxxsyyszz,4,636.195358,103.082966
dyf2,4,203.791393,33.559844
dxf2,4,173.675307,29.093094
csxy,4,140.268401,25.547493
dzf2,4,999.684479,163.549775
dyf3,4,202.213209,33.242265
csyz,4,212.660497,37.004168
dxf3,4,171.526201,28.375316
dzf3,4,625.530837,107.107687
csxz,4,211.552745,36.930434
#========================= OptEWE [OpenMP] =========================
#Source type                                  :  Force monopole
#Grid Size                                    :  768 x 768 x 768
#Iterations                                   :  5
#Compute time                                 :  42.289120
#Total effective MLUPS                        :  53.558083
#===================================================================
#Number of threads                            :  9
