dxf,0,111.494164,23.207929
dzb,0,408.784905,88.093519
dyb,0,115.141691,24.057355
cvx,0,127.755744,27.500661
dyf,0,114.830638,24.072980
dzb2,0,408.914718,87.692881
dxb,0,110.218440,22.646444
cvy,0,773.247558,134.957761
dzf,0,407.774645,87.210058
dxb2,0,110.380012,22.690237
dyb2,0,115.302684,23.929002
cvz,0,147.435442,31.695898
dzb3,0,408.067935,87.331388
dxb3,0,110.394448,22.700104
dyb3,0,115.368354,23.942507
csxxsyyszz,0,303.756660,61.791448
dyf2,0,114.999101,23.921052
dxf2,0,110.324656,22.725032
csxy,0,105.316676,22.634595
dzf2,0,408.144092,87.376804
dyf3,0,115.182323,23.936757
csyz,0,125.940789,27.089665
dxf3,0,109.736774,22.634321
dzf3,0,408.897356,87.567610
csxz,0,125.849379,27.106915
dxf,1,109.586292,22.605134
dzb,1,408.891850,87.552594
dyb,1,115.088643,23.903640
cvx,1,127.775563,27.324655
dyf,1,114.831594,23.897469
dzb2,1,408.845181,87.567655
dxb,1,110.228800,22.691262
cvy,1,130.685376,27.810367
dzf,1,407.734308,87.335266
dxb2,1,110.605498,22.756463
dyb2,1,115.341329,23.957601
cvz,1,147.535855,31.734937
dzb3,1,408.013940,87.404794
dxb3,1,110.272788,22.705486
dyb3,1,115.525728,23.976155
csxxsyyszz,1,304.216029,61.884225
dyf2,1,115.063441,23.949299
dxf2,1,110.384950,22.789440
csxy,1,105.405347,22.692441
dzf2,1,408.058315,87.416788
dyf3,1,115.290655,23.987476
csyz,1,125.832726,27.102709
dxf3,1,109.648451,22.649072
dzf3,1,408.340920,87.543934
csxz,1,125.816562,27.164117
dxf,2,109.582860,22.629107
dzb,2,408.982858,87.616096
dyb,2,115.254864,23.980892
cvx,2,127.823895,27.353693
dyf,2,114.809551,23.927398
dzb2,2,408.874923,87.609428
dxb,2,110.159308,22.747896
cvy,2,127.347718,27.266849
dzf,2,407.686465,87.431425
dxb2,2,110.379609,22.764192
dyb2,2,115.336357,23.987251
cvz,2,147.429216,31.757143
dzb3,2,408.053368,87.493233
dxb3,2,110.406065,22.757450
dyb3,2,115.395543,23.986615
csxxsyyszz,2,304.261010,61.954774
dyf2,2,114.890870,23.917233
dxf2,2,110.327518,22.771180
csxy,2,105.431103,22.705745
dzf2,2,407.957515,87.470104
dyf3,2,115.288599,24.027079
csyz,2,125.986077,27.132887
dxf3,2,109.702819,22.659191
dzf3,2,408.278320,87.567109
csxz,2,125.848178,27.173420
dxf,3,109.657891,22.654109
dzb,3,408.979672,87.649952
dyb,3,115.135149,23.972220
cvx,3,127.870516,27.387336
dyf,3,114.748433,23.936794
dzb2,3,408.842752,87.633697
dxb,3,110.265361,22.748383
cvy,3,127.405287,27.278187
dzf,3,409.078856,87.724022
dxb2,3,110.544847,22.806536
dyb2,3,115.262908,24.008426
cvz,3,147.300867,31.748650
dzb3,3,408.091868,87.528860
dxb3,3,110.373010,22.774534
dyb3,3,115.486314,24.026705
csxxsyyszz,3,304.276705,61.995258
dyf2,3,115.056158,23.958600
dxf2,3,110.263353,22.755353
csxy,3,105.430041,22.720296
dzf2,3,408.026842,87.513172
dyf3,3,115.309365,24.023276
csyz,3,125.834291,27.109486
dxf3,3,109.713565,22.670182
dzf3,3,408.545977,87.630619
csxz,3,125.896684,27.208924
dxf,4,109.529832,22.641715
dzb,4,408.953513,87.683496
dyb,4,115.126839,23.978116
cvx,4,127.769016,27.370549
dyf,4,114.830937,23.950664
dzb2,4,408.771449,87.681972
dxb,4,110.254099,22.750859
cvy,4,127.492556,27.328127
dzf,4,407.684276,87.491012
dxb2,4,110.485608,22.813058
dyb2,4,115.311192,24.012446
cvz,4,147.387581,31.796520
dzb3,4,408.269690,87.627369
dxb3,4,110.768981,22.859453
dyb3,4,115.556308,24.039662
csxxsyyszz,4,304.221062,61.985910
dyf2,4,114.914654,23.947569
dxf2,4,110.316664,22.802552
csxy,4,105.457097,22.734628
dzf2,4,408.105509,87.580684
dyf3,4,115.239321,24.040571
csyz,4,125.804715,27.136299
dxf3,4,109.809385,22.705068
dzf3,4,408.301991,87.661066
csxz,4,125.923136,27.267563
#========================= OptEWE [OpenMP] =========================
#Source type                                  :  Force monopole
#Grid Size                                    :  768 x 768 x 768
#Iterations                                   :  5
#Compute time                                 :  24.981899
#Total effective MLUPS                        :  90.662609
#===================================================================
#Number of threads                            :  18
