dxf,0,204.905817,31.201635
dzb,0,872.956971,133.545933
dyb,0,210.379904,32.342684
cvx,0,223.613831,36.479987
dyf,0,210.187312,32.446550
dzb2,0,873.345551,133.743510
dxb,0,204.589186,31.185325
cvy,0,868.018981,122.530978
dzf,0,872.817161,133.710667
dxb2,0,204.339677,31.243139
dyb2,0,210.454890,32.440826
cvz,0,280.811549,45.204808
dzb3,0,873.055440,133.468097
dxb3,0,205.649268,31.467690
dyb3,0,217.065950,33.756108
csxxsyyszz,0,506.515116,82.752528
dyf2,0,209.946135,34.459150
dxf2,0,207.262754,33.689122
csxy,0,179.347404,30.485466
dzf2,0,1305.687349,195.653798
dyf3,0,210.188287,32.398987
csyz,0,272.147058,42.836840
dxf3,0,204.016926,31.049568
dzf3,0,873.064448,133.237364
csxz,0,270.586839,42.680223
dxf,1,204.120853,31.082601
dzb,1,873.900039,133.484732
dyb,1,210.156508,32.329282
cvx,1,223.543653,36.277657
dyf,1,210.309358,32.355028
dzb2,1,873.078936,133.143038
dxb,1,204.394358,31.054299
cvy,1,288.913527,45.373495
dzf,1,872.830167,133.195228
dxb2,1,204.419430,31.054139
dyb2,1,210.219235,32.331990
cvz,1,281.079916,45.163110
dzb3,1,872.970730,133.180596
dxb3,1,204.410056,31.067351
dyb3,1,217.092461,33.608068
csxxsyyszz,1,497.292321,78.778227
dyf2,1,210.505255,32.404652
dxf2,1,207.885751,31.902878
csxy,1,179.744051,29.347808
dzf2,1,1309.731674,195.299495
dyf3,1,210.103305,32.380065
csyz,1,272.356363,42.863821
dxf3,1,204.109241,30.992650
dzf3,1,873.153948,133.244287
csxz,1,270.668229,42.678632
dxf,2,204.264192,31.071211
dzb,2,873.832673,133.402913
dyb,2,210.238953,32.347791
cvx,2,223.468790,36.288351
dyf,2,210.123160,32.446187
dzb2,2,873.099950,133.309138
dxb,2,204.623791,31.130132
cvy,2,289.183181,45.411696
dzf,2,872.923790,133.299404
dxb2,2,204.357355,31.088730
dyb2,2,210.458309,32.385885
cvz,2,281.075399,45.173558
dzb3,2,873.091730,133.354032
dxb3,2,204.377304,31.122893
dyb3,2,217.092353,33.646464
csxxsyyszz,2,505.500288,79.953543
dyf2,2,210.253561,32.395784
dxf2,2,207.882746,31.939716
csxy,2,179.823588,29.376815
dzf2,2,1309.832036,195.295852
dyf3,2,210.106758,32.363749
csyz,2,272.426567,42.883942
dxf3,2,204.236941,31.018361
dzf3,2,873.159310,133.180741
csxz,2,270.705307,42.701522
dxf,3,204.301260,31.062841
dzb,3,874.357634,135.320315
dyb,3,209.971990,32.328471
cvx,3,223.528503,36.313819
dyf,3,210.330094,32.423202
dzb2,3,873.101843,133.269763
dxb,3,204.539916,31.143187
cvy,3,288.810324,45.376084
dzf,3,872.924417,133.377654
dxb2,3,204.400788,31.056640
dyb2,3,210.425279,32.370256
cvz,3,281.224232,45.211763
dzb3,3,873.038425,133.443795
dxb3,3,204.479780,31.067525
dyb3,3,217.131830,33.669313
csxxsyyszz,3,497.150415,78.843795
dyf2,3,210.447503,32.424549
dxf2,3,207.927875,31.994901
csxy,3,179.649724,29.358461
dzf2,3,1309.595373,195.367201
dyf3,3,210.220227,32.358296
csyz,3,272.554784,42.891940
dxf3,3,204.402999,31.086495
dzf3,3,872.980357,133.206411
csxz,3,270.679293,42.699782
dxf,4,204.388056,31.065868
dzb,4,873.865211,133.367058
dyb,4,209.976715,32.287527
cvx,4,223.465803,36.279052
dyf,4,210.253131,32.358278
dzb2,4,872.976496,133.219556
dxb,4,204.807536,31.143297
cvy,4,288.508976,45.309214
dzf,4,872.858207,133.190144
dxb2,4,204.420043,31.067008
dyb2,4,210.414194,32.356268
cvz,4,281.066450,45.169264
dzb3,4,873.094041,133.217309
dxb3,4,204.444814,31.069036
dyb3,4,217.073114,33.622047
csxxsyyszz,4,505.400993,79.924006
dyf2,4,210.522731,32.393316
dxf2,4,207.888444,31.925050
csxy,4,179.737759,29.346657
dzf2,4,1310.281500,195.421690
dyf3,4,210.298601,32.332913
csyz,4,272.401060,42.880052
dxf3,4,204.224572,31.011773
dzf3,4,872.910222,133.199455
csxz,4,270.518866,42.664042
#========================= OptEWE [OpenMP] =========================
#Source type                                  :  Force monopole
#Grid Size                                    :  768 x 768 x 768
#Iterations                                   :  5
#Compute time                                 :  51.538685
#Total effective MLUPS                        :  43.946099
#===================================================================
#Number of threads                            :  9
