dxf,0,142.139594,24.717236
dzb,0,569.403231,101.093876
dyb,0,145.077120,25.637939
cvx,0,173.016847,30.992507
dyf,0,147.308769,26.030769
dzb2,0,569.293573,101.123759
dxb,0,142.210579,24.824880
cvy,0,794.281613,122.729353
dzf,0,568.109206,101.088428
dxb2,0,141.749661,24.813624
dyb2,0,145.078952,25.695752
cvz,0,202.042404,36.182798
dzb3,0,568.894511,101.292289
dxb3,0,141.753457,24.840930
dyb3,0,155.946544,27.460745
csxxsyyszz,0,337.741187,60.182439
dyf2,0,144.794397,25.679930
dxf2,0,150.815405,26.313319
csxy,0,141.600272,25.470596
dzf2,0,1329.780164,206.292258
dyf3,0,144.805830,25.638938
csyz,0,170.646465,30.506775
dxf3,0,141.656786,24.796376
dzf3,0,568.457991,101.225785
csxz,0,170.635890,30.562797
dxf,1,141.555192,24.790100
dzb,1,569.296559,100.916412
dyb,1,144.789514,25.644478
cvx,1,173.018651,31.045230
dyf,1,144.928952,25.731589
dzb2,1,569.721743,103.225395
dxb,1,142.130996,25.835516
cvy,1,166.746470,31.373273
dzf,1,568.069998,103.255564
dxb2,1,141.692034,24.844657
dyb2,1,145.240001,25.753546
cvz,1,201.977512,36.219393
dzb3,1,570.257857,101.031221
dxb3,1,141.841498,24.848175
dyb3,1,155.740627,27.427461
csxxsyyszz,1,338.315627,60.444314
dyf2,1,145.004444,25.740754
dxf2,1,150.720844,26.355076
csxy,1,141.605487,25.498642
dzf2,1,1327.910478,207.334756
dyf3,1,144.748738,25.688687
csyz,1,170.605564,30.547694
dxf3,1,141.697002,24.847510
dzf3,1,568.610115,100.523033
csxz,1,170.616657,30.612050
dxf,2,141.534723,24.826600
dzb,2,569.401478,101.522237
dyb,2,144.796913,25.696617
cvx,2,173.090504,31.109308
dyf,2,144.753891,25.758260
dzb2,2,569.300387,101.644668
dxb,2,142.172914,24.977139
cvy,2,166.728340,30.303743
dzf,2,568.185275,100.670217
dxb2,2,141.800845,24.851217
dyb2,2,145.342444,25.795440
cvz,2,202.172678,36.264847
dzb3,2,569.097938,101.373308
dxb3,2,141.749188,24.847120
dyb3,2,155.679852,27.419485
csxxsyyszz,2,337.723076,60.187929
dyf2,2,145.059237,25.745423
dxf2,2,150.767202,26.333921
csxy,2,141.591567,25.475218
dzf2,2,1329.732406,206.841819
dyf3,2,144.876100,25.664403
csyz,2,170.647464,30.513279
dxf3,2,141.607912,24.794752
dzf3,2,568.641271,101.231736
csxz,2,170.692364,30.602312
dxf,3,141.546023,24.806558
dzb,3,569.277215,101.097300
dyb,3,144.849692,25.664438
cvx,3,173.029195,31.084323
dyf,3,144.790541,25.728336
dzb2,3,569.281961,100.764649
dxb,3,142.166569,24.903337
cvy,3,166.639251,30.267093
dzf,3,568.147648,101.299352
dxb2,3,141.759811,24.859143
dyb2,3,145.252737,25.769515
cvz,3,202.185220,36.265734
dzb3,3,568.999689,101.441786
dxb3,3,141.690518,24.851823
dyb3,3,155.994831,27.483904
csxxsyyszz,3,335.863663,59.961255
dyf2,3,144.958407,25.767970
dxf2,3,151.017236,26.402969
csxy,3,141.543627,25.488616
dzf2,3,1329.631853,206.338929
dyf3,3,144.898938,25.704302
csyz,3,170.607829,30.539172
dxf3,3,141.599191,24.830729
dzf3,3,568.519518,101.165552
csxz,3,170.583605,30.591491
dxf,4,141.482808,24.806610
dzb,4,569.184175,101.457201
dyb,4,145.030351,25.739803
cvx,4,173.114852,31.105028
dyf,4,144.674484,25.727532
dzb2,4,570.232113,101.674277
dxb,4,142.157552,24.939888
cvy,4,166.816072,30.297472
dzf,4,568.274115,101.375738
dxb2,4,141.739910,24.853795
dyb2,4,145.344851,25.774981
cvz,4,202.156580,36.268029
dzb3,4,569.115613,100.719756
dxb3,4,141.677582,24.853641
dyb3,4,155.896587,27.495143
csxxsyyszz,4,335.402798,59.887188
dyf2,4,145.025673,25.784602
dxf2,4,150.931322,26.395852
csxy,4,142.127917,26.020882
dzf2,4,1325.401104,210.055594
dyf3,4,144.880268,25.831729
csyz,4,170.596994,30.655014
dxf3,4,141.527928,24.892832
dzf3,4,568.508808,100.967162
csxz,4,170.594639,30.680032
#========================= OptEWE [OpenMP] =========================
#Source type                                  :  Force monopole
#Grid Size                                    :  768 x 768 x 768
#Iterations                                   :  5
#Compute time                                 :  37.008472
#Total effective MLUPS                        :  61.200153
#===================================================================
#Number of threads                            :  15
