dxf,0,164.744965,28.988538
dzb,0,610.001030,111.367173
dyb,0,180.478449,31.969228
cvx,0,185.356937,34.755044
dyf,0,179.792272,31.943921
dzb2,0,609.672861,111.269535
dxb,0,164.706382,29.031607
cvy,0,745.905809,119.325829
dzf,0,610.137225,111.303932
dxb2,0,165.404052,29.159892
dyb2,0,180.680905,31.961161
cvz,0,223.950733,42.032814
dzb3,0,609.535271,111.320491
dxb3,0,164.771369,29.080285
dyb3,0,182.441340,32.587468
csxxsyyszz,0,494.172116,87.786660
dyf2,0,180.114263,31.869832
dxf2,0,166.495667,29.686028
csxy,0,137.354758,26.545906
dzf2,0,983.426800,170.853804
dyf3,0,179.637198,31.830520
csyz,0,210.664329,38.859742
dxf3,0,164.052583,28.939468
dzf3,0,609.930172,111.402595
csxz,0,209.446226,38.715538
dxf,1,164.379873,29.029881
dzb,1,610.245313,111.348578
dyb,1,181.664487,32.095051
cvx,1,185.156718,34.639653
dyf,1,180.133454,31.897972
dzb2,1,609.581609,111.317231
dxb,1,164.772175,29.068888
cvy,1,225.155051,41.091540
dzf,1,609.804421,111.340828
dxb2,1,165.277043,29.114738
dyb2,1,180.371215,31.929668
cvz,1,223.706373,41.996521
dzb3,1,609.632064,111.410506
dxb3,1,164.908357,29.110050
dyb3,1,182.628792,32.618221
csxxsyyszz,1,491.698436,87.429690
dyf2,1,180.041227,31.883371
dxf2,1,166.430165,29.652802
csxy,1,137.176917,26.504751
dzf2,1,983.472725,170.839567
dyf3,1,179.620065,31.817932
csyz,1,210.465002,38.841712
dxf3,1,164.056896,28.983961
dzf3,1,609.735779,111.377194
csxz,1,209.337791,38.712361
dxf,2,165.537374,29.211894
dzb,2,609.810228,111.422855
dyb,2,180.395088,31.875415
cvx,2,185.260483,34.681232
dyf,2,179.920139,31.891341
dzb2,2,609.723488,111.374075
dxb,2,164.628465,29.076510
cvy,2,225.206672,41.110386
dzf,2,609.919135,111.482060
dxb2,2,165.258182,29.110302
dyb2,2,180.353538,31.936944
cvz,2,225.057325,42.211136
dzb3,2,609.377242,111.335139
dxb3,2,164.714190,29.088302
dyb3,2,182.572638,32.640688
csxxsyyszz,2,494.258467,87.779205
dyf2,2,180.083000,31.896953
dxf2,2,166.616450,29.668761
csxy,2,137.317905,26.536931
dzf2,2,983.199545,170.854124
dyf3,2,179.551609,31.838294
csyz,2,210.785097,38.899544
dxf3,2,164.094552,29.002105
dzf3,2,609.730174,111.410972
csxz,2,209.323405,38.720117
dxf,3,164.379573,29.031808
dzb,3,610.526203,113.493027
dyb,3,179.867387,33.858792
cvx,3,185.191342,35.692412
dyf,3,179.317855,33.341727
dzb2,3,609.286812,113.872686
dxb,3,164.775382,29.055805
cvy,3,226.919622,41.389939
dzf,3,609.755971,111.454482
dxb2,3,165.169860,29.132451
dyb2,3,180.677079,31.976119
cvz,3,223.738788,42.021002
dzb3,3,609.240919,111.353233
dxb3,3,164.750172,29.055454
dyb3,3,182.404872,32.578971
csxxsyyszz,3,493.166672,87.739828
dyf2,3,180.043588,31.939558
dxf2,3,166.359969,29.687208
csxy,3,137.291370,26.559459
dzf2,3,984.046722,171.019282
dyf3,3,179.661802,31.871854
csyz,3,210.800330,38.900366
dxf3,3,164.145342,29.018745
dzf3,3,609.713335,111.376961
csxz,3,209.135564,38.690946
dxf,4,164.333480,29.006343
dzb,4,610.035360,111.485579
dyb,4,180.341191,31.973031
cvx,4,185.219894,34.676605
dyf,4,179.868846,31.918645
dzb2,4,609.490014,111.387664
dxb,4,164.729910,29.066021
cvy,4,225.277740,41.139486
dzf,4,611.052597,111.688674
dxb2,4,165.280422,29.191293
dyb2,4,180.712963,31.983835
cvz,4,223.692087,42.010616
dzb3,4,609.412661,111.391979
dxb3,4,164.748785,29.077663
dyb3,4,182.453808,32.651174
csxxsyyszz,4,491.487074,87.405939
dyf2,4,180.024740,31.909755
dxf2,4,166.429599,29.717341
csxy,4,137.147764,26.504668
dzf2,4,983.384950,170.873988
dyf3,4,179.576105,31.889020
csyz,4,210.889324,38.930715
dxf3,4,164.130556,29.010199
dzf3,4,609.554423,111.406543
csxz,4,209.476141,38.794702
#========================= OptEWE [OpenMP] =========================
#Source type                                  :  Force monopole
#Grid Size                                    :  768 x 768 x 768
#Iterations                                   :  5
#Compute time                                 :  39.474602
#Total effective MLUPS                        :  57.376745
#===================================================================
#Number of threads                            :  9
