dxf,0,207.223254,29.937563
dzb,0,874.234933,126.881824
dyb,0,219.834332,31.972093
cvx,0,225.518867,34.730650
dyf,0,220.032025,32.034853
dzb2,0,874.165010,126.969471
dxb,0,208.213565,30.079795
cvy,0,966.544046,128.482457
dzf,0,873.610000,126.878246
dxb2,0,207.159908,29.983422
dyb2,0,220.029368,32.042519
cvz,0,285.228575,43.530277
dzb3,0,875.242181,127.124433
dxb3,0,206.684699,29.937607
dyb3,0,225.666198,33.118999
csxxsyyszz,0,591.187780,86.888526
dyf2,0,219.940657,32.004350
dxf2,0,210.427366,30.775746
csxy,0,180.969975,28.121441
dzf2,0,1311.672823,186.480186
dyf3,0,219.607067,32.011828
csyz,0,273.468026,41.007027
dxf3,0,206.213653,29.860207
dzf3,0,874.125966,126.998850
csxz,0,271.440380,40.796593
dxf,1,206.593272,29.914804
dzb,1,874.408840,127.004512
dyb,1,219.890803,32.000205
cvx,1,225.320026,34.715165
dyf,1,219.949573,32.038118
dzb2,1,874.681962,127.082125
dxb,1,206.782575,29.929416
cvy,1,290.866253,43.410542
dzf,1,873.941646,126.966863
dxb2,1,207.179051,29.963517
dyb2,1,221.567317,32.239907
cvz,1,284.977321,43.527295
dzb3,1,873.804929,126.977584
dxb3,1,206.648725,29.911160
dyb3,1,225.753045,33.190918
csxxsyyszz,1,588.273463,86.694930
dyf2,1,219.950249,32.075414
dxf2,1,210.351121,30.769060
csxy,1,181.119594,28.145662
dzf2,1,1311.352421,186.487193
dyf3,1,219.543360,32.016822
csyz,1,273.508358,41.038063
dxf3,1,206.169135,29.905055
dzf3,1,873.950905,128.611611
csxz,1,269.597133,40.920317
dxf,2,206.286627,30.858570
dzb,2,873.504331,128.148448
dyb,2,219.721250,31.971057
cvx,2,227.095120,34.960624
dyf,2,219.823073,32.042569
dzb2,2,873.908010,126.981078
dxb,2,207.041219,29.952127
cvy,2,290.860396,43.410415
dzf,2,873.632980,126.943362
dxb2,2,207.869063,30.084073
dyb2,2,220.014828,32.011042
cvz,2,284.744274,43.479753
dzb3,2,873.634417,126.956925
dxb3,2,206.744036,29.919117
dyb3,2,225.865611,33.195901
csxxsyyszz,2,591.246702,86.817048
dyf2,2,219.987084,32.027157
dxf2,2,210.490604,30.827440
csxy,2,180.980732,28.126468
dzf2,2,1311.803296,186.481251
dyf3,2,219.645224,31.975151
csyz,2,273.087939,40.980444
dxf3,2,206.229681,29.869592
dzf3,2,874.633972,127.082391
csxz,2,271.966844,40.874474
dxf,3,206.609257,29.903709
dzb,3,874.912271,127.110967
dyb,3,219.590240,31.978449
cvx,3,225.481679,34.769498
dyf,3,219.871783,32.038850
dzb2,3,873.932304,127.024933
dxb,3,206.979626,29.945125
cvy,3,290.929586,43.416383
dzf,3,874.622533,127.317106
dxb2,3,207.098774,29.983368
dyb2,3,219.963331,32.004291
cvz,3,285.290534,43.553401
dzb3,3,873.666291,126.962181
dxb3,3,206.485978,29.861793
dyb3,3,225.816126,33.157790
csxxsyyszz,3,587.656355,86.608472
dyf2,3,219.990392,32.034358
dxf2,3,210.347407,30.749541
csxy,3,180.951518,28.139452
dzf2,3,1311.879790,186.489253
dyf3,3,219.636438,31.998345
csyz,3,273.901882,41.083912
dxf3,3,206.125436,29.832321
dzf3,3,874.032918,126.984583
csxz,3,271.715457,40.832836
dxf,4,206.647622,29.935093
dzb,4,874.742773,127.092458
dyb,4,219.723302,31.977818
cvx,4,225.941795,34.808473
dyf,4,219.846781,32.032098
dzb2,4,873.992036,127.020381
dxb,4,206.908938,29.978046
cvy,4,291.334992,43.454900
dzf,4,874.408940,128.180262
dxb2,4,207.188202,30.467074
dyb2,4,220.175368,32.125767
cvz,4,285.014732,43.515269
dzb3,4,873.727017,127.086088
dxb3,4,206.590708,29.933925
dyb3,4,225.921772,33.175790
csxxsyyszz,4,588.245849,86.810379
dyf2,4,219.873765,32.075701
dxf2,4,210.344786,30.741468
csxy,4,181.001849,28.113889
dzf2,4,1312.218111,186.536568
dyf3,4,219.484705,31.984681
csyz,4,273.485098,41.032957
dxf3,4,206.107715,29.857749
dzf3,4,874.178166,126.977993
csxz,4,271.821613,40.870911
#========================= OptEWE [OpenMP] =========================
#Source type                                  :  Force monopole
#Grid Size                                    :  768 x 768 x 768
#Iterations                                   :  5
#Compute time                                 :  52.522453
#Total effective MLUPS                        :  43.122970
#===================================================================
#Number of threads                            :  9
