dxf,0,199.862075,28.328957
dzb,0,764.799943,110.343855
dyb,0,248.273031,34.700003
cvx,0,302.608312,43.386715
dyf,0,248.865919,34.793570
dzb2,0,764.999529,110.405733
dxb,0,204.984514,28.970356
cvy,0,1099.388409,140.916427
dzf,0,764.746221,110.281818
dxb2,0,205.601747,29.065953
dyb2,0,248.379881,34.740769
cvz,0,316.476192,46.302058
dzb3,0,764.933847,110.382023
dxb3,0,205.149902,29.014216
dyb3,0,251.192051,35.520466
csxxsyyszz,0,825.760457,113.300672
dyf2,0,249.338957,34.848223
dxf2,0,206.954574,29.597115
csxy,0,169.936343,26.036408
dzf2,0,1227.343681,171.094601
dyf3,0,248.768179,34.826300
csyz,0,259.911726,38.370090
dxf3,0,199.290840,28.286657
dzf3,0,765.000335,110.328729
csxz,0,258.047900,38.166896
dxf,1,199.566668,28.325559
dzb,1,765.788744,110.497971
dyb,1,247.952802,34.710902
cvx,1,301.038836,43.192490
dyf,1,248.860819,34.786511
dzb2,1,764.774989,110.382687
dxb,1,205.068199,28.964520
cvy,1,320.409226,45.920761
dzf,1,764.500693,110.368173
dxb2,1,205.570911,29.095111
dyb2,1,248.115074,34.754842
cvz,1,316.391361,46.311038
dzb3,1,764.650952,113.666085
dxb3,1,204.396471,30.047149
dyb3,1,250.473388,36.473074
csxxsyyszz,1,825.860822,114.505550
dyf2,1,250.863637,35.124144
dxf2,1,205.310884,29.387971
csxy,1,170.115265,26.062622
dzf2,1,1226.644581,171.069092
dyf3,1,249.092949,34.851055
csyz,1,259.924926,38.380006
dxf3,1,199.189420,28.277465
dzf3,1,764.865515,110.401994
csxz,1,258.161236,38.199919
dxf,2,199.526597,28.307463
dzb,2,765.792859,110.558970
dyb,2,247.994991,34.703238
cvx,2,301.006929,43.208525
dyf,2,248.860829,34.810776
dzb2,2,764.826166,110.487923
dxb,2,204.987323,29.012920
cvy,2,320.595177,45.954380
dzf,2,764.351745,110.335943
dxb2,2,205.561979,29.097943
dyb2,2,248.246345,34.737234
cvz,2,316.392721,46.311113
dzb3,2,764.911546,110.411634
dxb3,2,205.145334,29.016667
dyb3,2,250.908221,35.493307
csxxsyyszz,2,828.171692,114.407925
dyf2,2,249.368078,34.866078
dxf2,2,205.488945,29.440386
csxy,2,169.936967,26.043585
dzf2,2,1226.117152,171.026739
dyf3,2,248.959473,34.879968
csyz,2,259.793617,38.367460
dxf3,2,199.274746,28.287471
dzf3,2,764.760321,110.460316
csxz,2,258.041589,38.166707
dxf,3,200.422881,28.417136
dzb,3,764.630841,110.301615
dyb,3,247.997957,34.783829
cvx,3,300.918560,43.216936
dyf,3,248.917849,34.836923
dzb2,3,766.430887,110.591209
dxb,3,204.963609,28.996256
cvy,3,320.267974,45.899522
dzf,3,764.361277,110.383345
dxb2,3,205.480079,29.060665
dyb2,3,248.033775,34.700048
cvz,3,316.260527,46.297233
dzb3,3,764.801784,110.421999
dxb3,3,205.075986,28.996456
dyb3,3,251.405638,35.578865
csxxsyyszz,3,827.491322,113.596264
dyf2,3,249.096292,34.834900
dxf2,3,205.273397,29.415330
csxy,3,170.044118,26.205701
dzf2,3,1225.631389,171.010535
dyf3,3,248.953816,34.875317
csyz,3,259.777265,38.351111
dxf3,3,199.251920,28.281133
dzf3,3,764.595427,111.919400
csxz,3,258.797893,38.265632
dxf,4,199.373305,28.281499
dzb,4,764.614277,110.416388
dyb,4,247.827889,34.708718
cvx,4,300.745625,43.206415
dyf,4,248.802693,34.812845
dzb2,4,764.936209,110.446026
dxb,4,204.847264,28.992102
cvy,4,320.300531,45.912394
dzf,4,764.420766,110.375595
dxb2,4,205.418334,29.074136
dyb2,4,248.032314,34.695627
cvz,4,316.388627,46.303798
dzb3,4,764.941439,110.444534
dxb3,4,205.155746,29.045395
dyb3,4,251.097954,35.527010
csxxsyyszz,4,827.331319,113.586649
dyf2,4,249.195806,34.834048
dxf2,4,205.378573,29.419116
csxy,4,170.168346,26.070754
dzf2,4,1225.790898,171.029045
dyf3,4,248.937242,34.875111
csyz,4,259.920115,38.386142
dxf3,4,199.238707,28.285329
dzf3,4,765.898220,110.643456
csxz,4,257.837218,38.198054
#========================= OptEWE [OpenMP] =========================
#Source type                                  :  Force monopole
#Grid Size                                    :  768 x 768 x 768
#Iterations                                   :  5
#Compute time                                 :  51.873318
#Total effective MLUPS                        :  43.662605
#===================================================================
#Number of threads                            :  7
