dxf,0,164.558515,26.065052
dzb,0,704.441925,110.915052
dyb,0,166.596091,26.751563
cvx,0,204.277001,32.998792
dyf,0,166.496582,26.803719
dzb2,0,704.436546,110.642059
dxb,0,164.156375,26.034236
cvy,0,919.930295,129.735264
dzf,0,702.978459,110.723348
dxb2,0,163.831839,26.053233
dyb2,0,166.700608,26.794393
cvz,0,239.860516,38.680991
dzb3,0,703.845079,112.138242
dxb3,0,164.282548,26.144676
dyb3,0,180.367513,28.764530
csxxsyyszz,0,380.631102,61.737591
dyf2,0,166.617166,26.822636
dxf2,0,174.821290,27.690549
csxy,0,166.242564,26.967536
dzf2,0,1533.727054,217.015253
dyf3,0,166.525852,26.796413
csyz,0,201.989961,32.849860
dxf3,0,163.835899,27.202964
dzf3,0,702.952855,115.319837
csxz,0,201.618184,32.631232
dxf,1,163.664844,26.036844
dzb,1,705.365526,111.703907
dyb,1,166.398458,26.780989
cvx,1,204.162961,33.039587
dyf,1,166.619930,26.839817
dzb2,1,704.421629,111.073868
dxb,1,164.042337,26.072849
cvy,1,195.950557,32.023741
dzf,1,702.858199,110.192613
dxb2,1,163.754704,26.041959
dyb2,1,166.958432,26.852232
cvz,1,240.032981,38.706557
dzb3,1,704.046485,111.761892
dxb3,1,164.095918,26.086802
dyb3,1,180.346868,28.757769
csxxsyyszz,1,378.539244,61.483613
dyf2,1,166.766470,26.859824
dxf2,1,174.887726,27.704426
csxy,1,166.198853,26.939918
dzf2,1,1535.790063,218.033472
dyf3,1,166.339691,26.737124
csyz,1,201.584328,32.495542
dxf3,1,163.885095,26.039230
dzf3,1,702.941002,111.518367
csxz,1,201.582007,32.505594
dxf,2,163.694198,26.035809
dzb,2,704.444251,111.099636
dyb,2,166.605529,26.778367
cvx,2,204.479105,33.086406
dyf,2,166.656701,26.876740
dzb2,2,705.442087,110.712622
dxb,2,164.169035,26.108192
cvy,2,195.695257,32.006232
dzf,2,702.651756,111.862356
dxb2,2,163.972093,26.074916
dyb2,2,166.941157,26.836908
cvz,2,239.923859,38.689961
dzb3,2,704.038734,111.178658
dxb3,2,164.121252,26.102199
dyb3,2,180.095923,28.739152
csxxsyyszz,2,381.064612,61.797261
dyf2,2,166.484924,26.820671
dxf2,2,175.213422,27.742619
csxy,2,166.143461,26.943301
dzf2,2,1535.957855,217.569749
dyf3,2,166.500895,26.785335
csyz,2,201.574409,32.478552
dxf3,2,163.886798,26.039997
dzf3,2,703.297306,111.000513
csxz,2,201.617302,32.519231
dxf,3,163.844497,26.048419
dzb,3,704.516946,110.420305
dyb,3,166.491883,26.742386
cvx,3,204.197161,33.007702
dyf,3,166.638923,26.825146
dzb2,3,704.010699,112.106222
dxb,3,164.070007,26.071316
cvy,3,195.984491,32.016851
dzf,3,702.755261,111.347525
dxb2,3,164.651668,26.151346
dyb2,3,166.645283,26.799264
cvz,3,239.958617,38.691210
dzb3,3,704.050787,110.651277
dxb3,3,164.240704,26.095102
dyb3,3,180.306811,28.769586
csxxsyyszz,3,381.211620,61.854445
dyf2,3,166.670564,26.832100
dxf2,3,174.912386,27.702121
csxy,3,166.223592,26.977569
dzf2,3,1528.648444,219.879837
dyf3,3,166.488917,27.244969
csyz,3,201.592844,33.038385
dxf3,3,163.886911,26.119103
dzf3,3,703.081056,110.569715
csxz,3,201.672239,32.554667
dxf,4,163.879144,26.042630
dzb,4,704.127731,112.094439
dyb,4,166.735790,26.782432
cvx,4,204.598570,33.298292
dyf,4,166.531488,26.857662
dzb2,4,704.191476,111.743514
dxb,4,164.027585,26.101753
cvy,4,195.703078,32.002047
dzf,4,702.914456,110.885252
dxb2,4,163.835250,26.049308
dyb2,4,166.882845,26.835481
cvz,4,239.982209,38.717668
dzb3,4,703.956367,111.273032
dxb3,4,166.088466,26.377418
dyb3,4,180.046221,28.737404
csxxsyyszz,4,377.637850,61.376985
dyf2,4,166.555013,26.855136
dxf2,4,175.124199,27.743580
csxy,4,166.218987,26.963465
dzf2,4,1536.446620,217.114612
dyf3,4,166.521312,26.795434
csyz,4,201.541037,32.491666
dxf3,4,163.898967,26.050623
dzf3,4,702.912499,111.015741
csxz,4,201.532894,32.543909
#========================= OptEWE [OpenMP] =========================
#Source type                                  :  Force monopole
#Grid Size                                    :  768 x 768 x 768
#Iterations                                   :  5
#Compute time                                 :  43.980888
#Total effective MLUPS                        :  51.497918
#===================================================================
#Number of threads                            :  15
