dxf,0,173.850509,30.934710
dzb,0,634.393997,116.487228
dyb,0,205.880928,36.450248
cvx,0,240.660253,43.890413
dyf,0,206.921071,36.621423
dzb2,0,634.141655,116.544465
dxb,0,176.550698,31.419576
cvy,0,846.116913,136.749776
dzf,0,634.005063,116.505655
dxb2,0,176.770806,31.441368
dyb2,0,206.428242,36.527501
cvz,0,254.679612,47.434698
dzb3,0,635.037714,116.724689
dxb3,0,177.147901,31.525769
dyb3,0,208.928478,37.364743
csxxsyyszz,0,660.154295,115.006828
dyf2,0,207.105417,36.677477
dxf2,0,175.301992,31.551510
csxy,0,141.169010,27.454410
dzf2,0,1007.293906,177.553516
dyf3,0,206.616670,36.617216
csyz,0,213.127615,39.957710
dxf3,0,174.264228,31.104555
dzf3,0,634.680569,116.653862
csxz,0,212.210945,39.872849
dxf,1,173.596296,30.973422
dzb,1,634.382737,116.643008
dyb,1,205.905448,36.502832
cvx,1,240.421102,43.874863
dyf,1,206.973799,36.671055
dzb2,1,634.772188,116.746679
dxb,1,176.496738,31.435630
cvy,1,256.289239,46.649980
dzf,1,633.966419,116.592162
dxb2,1,176.885137,31.478473
dyb2,1,206.554258,36.586046
cvz,1,254.935114,47.506062
dzb3,1,635.240257,116.803927
dxb3,1,177.012948,31.502000
dyb3,1,208.424034,37.298597
csxxsyyszz,1,658.612735,114.881018
dyf2,1,207.021170,36.672215
dxf2,1,175.219643,31.609573
csxy,1,141.071368,27.458974
dzf2,1,1006.884366,177.475477
dyf3,1,206.906590,36.626196
csyz,1,213.083774,39.942057
dxf3,1,174.227062,31.048920
dzf3,1,634.716637,116.834888
csxz,1,211.412696,39.760846
dxf,2,173.418264,30.959619
dzb,2,634.401154,116.731181
dyb,2,206.234524,36.581591
cvx,2,241.009935,43.992123
dyf,2,208.457838,36.943071
dzb2,2,634.081049,116.712036
dxb,2,176.599346,31.465935
cvy,2,255.896697,46.585395
dzf,2,633.782707,116.487262
dxb2,2,176.697103,31.456551
dyb2,2,206.209559,36.532922
cvz,2,254.735551,47.477457
dzb3,2,634.981334,116.753071
dxb3,2,177.109822,31.557333
dyb3,2,208.788518,37.312247
csxxsyyszz,2,658.400694,114.827946
dyf2,2,206.887789,36.677076
dxf2,2,175.369074,31.631577
csxy,2,141.081913,27.443391
dzf2,2,1007.059646,177.571609
dyf3,2,206.849648,36.674417
csyz,2,213.151080,39.986274
dxf3,2,174.393224,31.094633
dzf3,2,634.362946,116.684752
csxz,2,211.488972,39.780901
dxf,3,174.338652,31.103971
dzb,3,634.479521,116.700958
dyb,3,206.358488,36.675012
cvx,3,242.786432,44.688125
dyf,3,211.307419,37.624624
dzb2,3,633.910821,116.902886
dxb,3,176.585395,31.465681
cvy,3,256.226174,46.661218
dzf,3,634.979027,116.924246
dxb2,3,176.688079,31.541179
dyb2,3,206.564652,36.606880
cvz,3,254.851072,47.529102
dzb3,3,634.877600,116.846549
dxb3,3,176.836584,31.551918
dyb3,3,208.903104,37.370775
csxxsyyszz,3,655.865841,114.583478
dyf2,3,206.969252,36.670995
dxf2,3,175.213285,31.615232
csxy,3,141.148705,27.466377
dzf2,3,1006.576403,177.577598
dyf3,3,206.633387,36.721136
csyz,3,212.900141,39.971379
dxf3,3,174.227759,31.080103
dzf3,3,634.542747,116.840668
csxz,3,211.545156,39.803263
dxf,4,173.429564,31.019239
dzb,4,634.510478,116.825872
dyb,4,206.157455,36.548965
cvx,4,240.692468,43.951364
dyf,4,206.837860,36.642743
dzb2,4,636.211500,117.030255
dxb,4,176.495790,31.499540
cvy,4,255.971142,46.645137
dzf,4,633.771340,116.676427
dxb2,4,176.646706,31.549299
dyb2,4,206.394273,36.589958
cvz,4,254.592310,47.470028
dzb3,4,635.046659,116.826774
dxb3,4,178.331622,31.779190
dyb3,4,208.884488,37.396166
csxxsyyszz,4,655.963982,114.463590
dyf2,4,207.047765,36.676059
dxf2,4,175.291441,31.664368
csxy,4,141.045297,27.453283
dzf2,4,1005.991801,177.527953
dyf3,4,206.720483,36.650895
csyz,4,212.990706,39.998584
dxf3,4,174.188452,31.098329
dzf3,4,634.425407,116.707463
csxz,4,211.765771,39.877258
#========================= OptEWE [OpenMP] =========================
#Source type                                  :  Force monopole
#Grid Size                                    :  768 x 768 x 768
#Iterations                                   :  5
#Compute time                                 :  42.851089
#Total effective MLUPS                        :  52.855696
#===================================================================
#Number of threads                            :  7
