dxf,0,110.517972,22.134184
dzb,0,408.239777,85.364678
dyb,0,117.421666,23.741501
cvx,0,128.145557,26.677440
dyf,0,116.943009,23.723326
dzb2,0,408.251436,85.570743
dxb,0,110.480638,22.227569
cvy,0,811.735761,137.928305
dzf,0,409.429560,85.713977
dxb2,0,110.735452,22.308249
dyb2,0,117.584829,23.820808
cvz,0,146.939215,30.948203
dzb3,0,408.136530,85.617709
dxb3,0,110.097296,22.213358
dyb3,0,117.636275,23.843340
csxxsyyszz,0,321.367604,63.393241
dyf2,0,117.175639,23.770407
dxf2,0,110.295702,22.253019
csxy,0,105.044990,22.176396
dzf2,0,407.342735,85.528029
dyf3,0,117.157574,23.813876
csyz,0,125.531108,26.487434
dxf3,0,109.708861,22.176262
dzf3,0,408.032368,85.684058
csxz,0,125.376978,26.511924
dxf,1,109.855272,22.202022
dzb,1,408.334905,85.747713
dyb,1,117.293360,23.814248
cvx,1,128.158199,26.746369
dyf,1,117.129552,23.801782
dzb2,1,408.852691,85.871777
dxb,1,110.513401,22.286087
cvy,1,127.937557,26.718122
dzf,1,407.421638,85.621548
dxb2,1,110.479168,22.282513
dyb2,1,117.751000,23.890094
cvz,1,147.096695,31.030244
dzb3,1,407.659028,85.654492
dxb3,1,110.083543,22.229135
dyb3,1,117.660721,23.860654
csxxsyyszz,1,320.218708,63.236605
dyf2,1,117.194594,23.790502
dxf2,1,110.418903,22.281203
csxy,1,105.050663,22.182380
dzf2,1,407.483487,85.616488
dyf3,1,117.231633,23.808734
csyz,1,125.516276,26.521860
dxf3,1,109.563492,22.158105
dzf3,1,407.850867,85.695797
csxz,1,125.427051,26.572387
dxf,2,109.855986,22.210950
dzb,2,408.408829,85.799720
dyb,2,117.564001,23.847338
cvx,2,128.613640,26.842284
dyf,2,117.114673,23.802203
dzb2,2,408.279673,85.801340
dxb,2,110.448765,22.307445
cvy,2,127.737081,26.685662
dzf,2,409.310451,85.965276
dxb2,2,110.715529,22.326848
dyb2,2,117.448462,23.844134
cvz,2,147.064242,31.043015
dzb3,2,408.141538,85.770693
dxb3,2,110.165262,22.266046
dyb3,2,117.759255,23.893995
csxxsyyszz,2,321.342981,63.464864
dyf2,2,117.171499,23.806614
dxf2,2,110.288132,22.278079
csxy,2,104.980182,22.190185
dzf2,2,407.300019,85.613541
dyf3,2,116.992168,23.788448
csyz,2,125.459110,26.513609
dxf3,2,109.745110,22.187915
dzf3,2,408.001315,85.772199
csxz,2,125.352777,26.551346
dxf,3,109.860454,22.215936
dzb,3,408.379219,85.814043
dyb,3,117.493473,23.866725
cvx,3,128.304384,26.783786
dyf,3,117.008271,23.798523
dzb2,3,408.239486,85.788539
dxb,3,110.468335,22.326932
cvy,3,127.763039,26.699256
dzf,3,407.262933,85.656031
dxb2,3,110.483614,22.303632
dyb2,3,117.593473,23.896549
cvz,3,146.950068,31.020985
dzb3,3,407.864226,85.722787
dxb3,3,110.093214,22.246938
dyb3,3,117.752476,23.891136
csxxsyyszz,3,320.868752,63.375937
dyf2,3,117.253672,23.820107
dxf2,3,110.283562,22.285402
csxy,3,104.918809,22.169542
dzf2,3,407.589471,85.677995
dyf3,3,117.192049,23.851413
csyz,3,125.544130,26.529229
dxf3,3,109.620128,22.185607
dzf3,3,407.899400,85.736537
csxz,3,125.979633,26.856848
dxf,4,109.771893,22.274299
dzb,4,408.267571,86.010773
dyb,4,117.312050,23.875220
cvx,4,128.243600,26.838918
dyf,4,117.335076,23.889273
dzb2,4,408.318130,85.823863
dxb,4,110.460166,22.301981
cvy,4,127.821490,26.740701
dzf,4,407.202246,85.687571
dxb2,4,110.437160,22.336901
dyb2,4,121.396612,24.531368
cvz,4,147.056674,31.061527
dzb3,4,407.916368,85.786730
dxb3,4,110.065802,22.283411
dyb3,4,117.690910,23.917463
csxxsyyszz,4,320.923076,63.440237
dyf2,4,117.076798,23.832015
dxf2,4,110.408534,22.337149
csxy,4,104.980183,22.204917
dzf2,4,407.370109,85.673094
dyf3,4,117.229125,23.889005
csyz,4,125.514041,26.546219
dxf3,4,109.663834,22.208284
dzf3,4,407.994532,85.822994
csxz,4,125.453152,26.664149
#========================= OptEWE [OpenMP] =========================
#Source type                                  :  Force monopole
#Grid Size                                    :  768 x 768 x 768
#Iterations                                   :  5
#Compute time                                 :  25.155756
#Total effective MLUPS                        :  90.036021
#===================================================================
#Number of threads                            :  18
