dxf,0,194.128492,29.920053
dzb,0,817.838422,127.102722
dyb,0,197.828222,30.848030
cvx,0,210.030309,34.753452
dyf,0,198.018821,30.958880
dzb2,0,818.625313,127.415907
dxb,0,193.658940,29.946127
cvy,0,884.758444,125.946385
dzf,0,817.846623,127.379608
dxb2,0,193.634908,29.948989
dyb2,0,198.005927,30.902908
cvz,0,261.199848,42.854278
dzb3,0,818.690715,127.575722
dxb3,0,193.711899,30.012181
dyb3,0,200.252498,31.623289
csxxsyyszz,0,463.901545,74.937432
dyf2,0,197.824265,30.909295
dxf2,0,193.124712,30.300771
csxy,0,169.083132,28.146408
dzf2,0,1176.393522,180.276935
dyf3,0,197.980494,31.004839
csyz,0,253.250053,40.693682
dxf3,0,193.490922,29.960952
dzf3,0,818.133287,127.952177
csxz,0,251.648340,40.618826
dxf,1,193.479291,30.081688
dzb,1,818.206840,127.739796
dyb,1,197.979014,31.051242
cvx,1,210.298131,34.830007
dyf,1,199.513666,31.864242
dzb2,1,818.876367,128.116949
dxb,1,193.683289,29.966901
cvy,1,269.498058,43.126898
dzf,1,818.044907,127.528210
dxb2,1,193.776533,30.019586
dyb2,1,198.164756,30.917417
cvz,1,260.958350,42.840371
dzb3,1,818.572755,127.611621
dxb3,1,193.719201,29.967242
dyb3,1,200.019795,31.620084
csxxsyyszz,1,458.352683,74.163206
dyf2,1,198.270099,31.034227
dxf2,1,192.812683,30.218666
csxy,1,169.076947,28.142288
dzf2,1,1177.633880,180.185345
dyf3,1,197.966446,31.001520
csyz,1,253.173031,40.687139
dxf3,1,193.663123,30.002265
dzf3,1,818.186109,127.562570
csxz,1,251.157431,40.408425
dxf,2,193.552507,29.979918
dzb,2,818.071358,127.566627
dyb,2,197.843893,30.896455
cvx,2,210.159901,34.796952
dyf,2,198.148565,31.027216
dzb2,2,818.985926,127.641575
dxb,2,193.702797,29.997112
cvy,2,269.229327,43.084391
dzf,2,818.149308,127.610211
dxb2,2,193.884755,29.998321
dyb2,2,197.918484,30.951367
cvz,2,261.053079,42.866304
dzb3,2,818.008257,127.509528
dxb3,2,194.065463,30.510234
dyb3,2,200.324438,32.469789
csxxsyyszz,2,462.004344,74.803754
dyf2,2,198.232106,31.029766
dxf2,2,192.866079,30.230514
csxy,2,169.118761,28.149866
dzf2,2,1177.063930,179.979460
dyf3,2,197.779608,30.918841
csyz,2,253.357081,40.711129
dxf3,2,193.554469,30.017568
dzf3,2,818.037196,127.494710
csxz,2,251.550601,40.491567
dxf,3,193.550531,30.008148
dzb,3,818.069838,127.444677
dyb,3,197.956705,30.899897
cvx,3,210.153415,34.785841
dyf,3,198.169345,30.988978
dzb2,3,818.186639,127.486446
dxb,3,193.601843,29.962366
cvy,3,271.654003,43.817392
dzf,3,818.031875,127.474552
dxb2,3,193.977879,30.078383
dyb2,3,198.131803,30.964161
cvz,3,261.155797,42.901045
dzb3,3,817.996762,127.618478
dxb3,3,193.761558,30.022856
dyb3,3,200.157488,31.613487
csxxsyyszz,3,460.057187,74.420596
dyf2,3,198.352657,31.012065
dxf2,3,192.973163,30.292683
csxy,3,169.075580,28.155780
dzf2,3,1176.881322,179.983288
dyf3,3,197.916816,30.966397
csyz,3,253.160828,40.683565
dxf3,3,193.557044,29.970819
dzf3,3,818.097122,127.539093
csxz,3,251.277827,40.438348
dxf,4,193.649745,29.993117
dzb,4,818.184403,127.559186
dyb,4,197.724072,30.931645
cvx,4,210.247778,34.817453
dyf,4,198.025068,30.983373
dzb2,4,818.092035,127.529945
dxb,4,193.757376,29.967931
cvy,4,269.471983,43.132918
dzf,4,818.424861,127.671780
dxb2,4,193.741226,30.012751
dyb2,4,198.216335,30.954082
cvz,4,260.912644,42.861125
dzb3,4,817.844977,127.537504
dxb3,4,193.792872,29.985098
dyb3,4,200.034614,31.636043
csxxsyyszz,4,460.134171,74.416990
dyf2,4,198.246948,31.007061
dxf2,4,192.907434,30.267946
csxy,4,169.119219,28.148830
dzf2,4,1177.409785,180.067171
dyf3,4,197.866346,30.977765
csyz,4,253.326218,40.723306
dxf3,4,193.578297,30.001037
dzf3,4,818.100975,127.573865
csxz,4,251.281509,40.465242
#========================= OptEWE [OpenMP] =========================
#Source type                                  :  Force monopole
#Grid Size                                    :  768 x 768 x 768
#Iterations                                   :  5
#Compute time                                 :  48.095390
#Total effective MLUPS                        :  47.092334
#===================================================================
#Number of threads                            :  11
