dxf,0,90.816257,19.485392
dzb,0,354.774623,79.189979
dyb,0,91.028015,20.040233
cvx,0,108.547745,24.459877
dyf,0,90.815917,20.067232
dzb2,0,354.660757,79.327448
dxb,0,89.342979,19.362145
cvy,0,951.654821,170.784464
dzf,0,353.713493,79.093324
dxb2,0,89.389127,19.393265
dyb2,0,91.104852,20.090946
cvz,0,126.496693,28.501903
dzb3,0,354.358444,79.300142
dxb3,0,89.401299,19.406713
dyb3,0,90.977383,20.086223
csxxsyyszz,0,211.718516,47.113333
dyf2,0,90.912039,20.100948
dxf2,0,89.590179,19.453867
csxy,0,89.391769,20.176876
dzf2,0,354.914210,79.491808
dyf3,0,90.848263,20.104992
csyz,0,107.488720,24.175223
dxf3,0,89.184183,19.382001
dzf3,0,354.075077,79.286707
csxz,0,107.408815,24.167352
dxf,1,89.183532,19.376837
dzb,1,354.808337,79.484042
dyb,1,90.786644,20.047319
cvx,1,108.495796,24.511542
dyf,1,90.768819,20.125519
dzb2,1,354.674372,79.468104
dxb,1,89.351184,19.410194
cvy,1,108.483426,24.480640
dzf,1,353.751454,79.315060
dxb2,1,89.309833,19.408572
dyb2,1,91.235814,20.158700
cvz,1,126.505295,28.547945
dzb3,1,354.315876,79.423236
dxb3,1,89.409976,19.432791
dyb3,1,91.051833,20.118661
csxxsyyszz,1,211.703377,47.145620
dyf2,1,90.899661,20.108956
dxf2,1,89.579092,19.467702
csxy,1,89.407463,20.188647
dzf2,1,353.774068,79.258967
dyf3,1,90.691797,20.080100
csyz,1,107.468953,24.182362
dxf3,1,89.121215,19.388760
dzf3,1,354.065726,79.415274
csxz,1,107.406865,24.219139
dxf,2,89.237289,19.417568
dzb,2,354.727209,79.551934
dyb,2,90.771283,20.063536
cvx,2,108.475385,24.531338
dyf,2,90.827030,20.130651
dzb2,2,354.693118,79.551637
dxb,2,89.337161,19.423469
cvy,2,108.394006,24.482880
dzf,2,353.707581,79.362389
dxb2,2,89.383844,19.437425
dyb2,2,91.104894,20.132589
cvz,2,126.495575,28.564775
dzb3,2,354.375421,79.481876
dxb3,2,89.373827,19.434633
dyb3,2,90.876456,20.098143
csxxsyyszz,2,211.943705,47.236081
dyf2,2,90.952424,20.139535
dxf2,2,89.621147,19.492722
csxy,2,89.439409,20.218712
dzf2,2,353.713806,79.315337
dyf3,2,90.790683,20.117907
csyz,2,107.436899,24.193754
dxf3,2,89.213332,19.416031
dzf3,2,354.109253,79.443066
csxz,2,107.424596,24.223999
dxf,3,89.206173,19.422561
dzb,3,354.748790,79.595512
dyb,3,90.803421,20.102594
cvx,3,108.503230,24.562665
dyf,3,90.877825,20.160306
dzb2,3,355.822075,79.769177
dxb,3,89.310557,19.418544
cvy,3,108.470315,24.502704
dzf,3,353.719851,79.412097
dxb2,3,89.269334,19.420249
dyb2,3,91.073284,20.145924
cvz,3,126.537550,28.598968
dzb3,3,354.354723,79.518666
dxb3,3,89.323344,19.446967
dyb3,3,91.137697,20.188102
csxxsyyszz,3,210.603237,47.005375
dyf2,3,91.005792,20.169892
dxf2,3,89.650330,19.512492
csxy,3,89.418961,20.232513
dzf2,3,353.731278,79.410428
dyf3,3,90.775868,20.159272
csyz,3,107.534168,24.226140
dxf3,3,89.112636,19.420923
dzf3,3,353.982903,79.472525
csxz,3,107.411679,24.257424
dxf,4,89.125307,19.420379
dzb,4,354.725471,79.625777
dyb,4,90.738716,20.110954
cvx,4,108.444328,24.554876
dyf,4,90.786080,20.155866
dzb2,4,354.706358,79.645524
dxb,4,89.398904,19.495101
cvy,4,108.411567,24.517029
dzf,4,353.841293,79.478234
dxb2,4,89.273360,19.444179
dyb2,4,91.011636,20.194796
cvz,4,126.533530,28.617336
dzb3,4,354.283791,79.554249
dxb3,4,89.390338,19.467570
dyb3,4,91.029756,20.182177
csxxsyyszz,4,211.867112,47.259171
dyf2,4,91.028066,20.200767
dxf2,4,90.168626,19.642549
csxy,4,89.388670,20.237570
dzf2,4,353.753344,79.454369
dyf3,4,90.875958,20.183229
csyz,4,107.494720,24.248441
dxf3,4,89.193856,19.435561
dzf3,4,354.014490,79.559534
csxz,4,107.401314,24.370508
#========================= OptEWE [OpenMP] =========================
#Source type                                  :  Force monopole
#Grid Size                                    :  768 x 768 x 768
#Iterations                                   :  5
#Compute time                                 :  21.179007
#Total effective MLUPS                        :  106.941945
#===================================================================
#Number of threads                            :  23
