dxf,0,104.539282,22.256265
dzb,0,386.015768,85.950189
dyb,0,108.051276,23.360071
cvx,0,120.732517,26.869912
dyf,0,107.747490,23.327825
dzb2,0,386.103285,86.125037
dxb,0,104.257795,22.299734
cvy,0,758.071863,137.778311
dzf,0,385.081930,86.418428
dxb2,0,104.064680,22.285426
dyb2,0,108.412222,23.448824
cvz,0,139.727576,31.270486
dzb3,0,385.660705,86.146335
dxb3,0,104.025884,22.301039
dyb3,0,110.263820,23.790403
csxxsyyszz,0,279.639433,59.454104
dyf2,0,107.764697,23.333775
dxf2,0,104.077268,22.320032
csxy,0,99.748622,22.376652
dzf2,0,385.172810,86.096322
dyf3,0,107.942643,23.414145
csyz,0,119.218526,26.744483
dxf3,0,103.706824,22.262645
dzf3,0,385.625108,86.233171
csxz,0,119.121327,26.812512
dxf,1,103.630861,22.261512
dzb,1,385.951240,86.313206
dyb,1,107.982269,23.390420
cvx,1,120.789779,26.961986
dyf,1,107.802862,23.403976
dzb2,1,386.068333,86.297091
dxb,1,104.149899,22.346048
cvy,1,120.852561,26.956312
dzf,1,385.002074,86.153041
dxb2,1,104.166974,22.376859
dyb2,1,108.175706,23.451263
cvz,1,139.779635,31.345706
dzb3,1,385.489809,86.237779
dxb3,1,104.018691,22.354941
dyb3,1,108.450569,23.508755
csxxsyyszz,1,275.875655,58.893724
dyf2,1,107.848611,23.420216
dxf2,1,103.982057,22.347476
csxy,1,99.757713,22.413138
dzf2,1,385.138455,86.206324
dyf3,1,107.777251,23.453293
csyz,1,119.234475,26.790557
dxf3,1,103.734388,22.299682
dzf3,1,385.559671,86.317045
csxz,1,119.150600,26.849011
dxf,2,103.609605,22.285069
dzb,2,385.912912,86.367831
dyb,2,108.072224,23.479918
cvx,2,120.774784,26.988956
dyf,2,107.696648,23.435877
dzb2,2,386.061130,86.363017
dxb,2,104.170226,22.390579
cvy,2,120.841624,26.982349
dzf,2,384.989143,86.211260
dxb2,2,104.003618,22.350598
dyb2,2,108.380954,23.504380
cvz,2,139.759643,31.382234
dzb3,2,385.545481,86.313743
dxb3,2,103.946182,22.351770
dyb3,2,108.446700,23.511490
csxxsyyszz,2,276.489928,59.025004
dyf2,2,107.814859,23.427970
dxf2,2,104.005194,22.376570
csxy,2,99.765105,22.428874
dzf2,2,386.469741,86.461023
dyf3,2,107.893745,23.466518
csyz,2,119.277563,26.804551
dxf3,2,103.828116,22.327370
dzf3,2,385.642266,86.345127
csxz,2,119.127602,26.849490
dxf,3,103.541378,22.282843
dzb,3,385.966289,86.385761
dyb,3,107.909316,23.440947
cvx,3,120.689213,26.987146
dyf,3,107.674283,23.437925
dzb2,3,386.171622,86.443844
dxb,3,104.240566,22.433233
cvy,3,120.638589,26.959757
dzf,3,385.057698,86.283393
dxb2,3,104.152093,22.402893
dyb2,3,108.419978,23.538716
cvz,3,139.787481,31.381793
dzb3,3,385.419820,86.321589
dxb3,3,103.917748,22.360130
dyb3,3,108.223394,23.480786
csxxsyyszz,3,276.487254,59.040470
dyf2,3,107.783038,23.424022
dxf2,3,103.948002,22.364288
csxy,3,99.804768,22.451749
dzf2,3,385.067414,86.265173
dyf3,3,107.904246,23.496025
csyz,3,119.265819,26.814109
dxf3,3,103.681828,22.308873
dzf3,3,385.557186,86.388469
csxz,3,119.117048,26.877014
dxf,4,103.541146,22.297215
dzb,4,386.050533,86.478800
dyb,4,107.811439,23.448245
cvx,4,120.968523,27.058030
dyf,4,107.600086,23.441764
dzb2,4,386.045064,86.484788
dxb,4,104.232687,22.437191
cvy,4,120.768846,27.011511
dzf,4,385.147846,86.356589
dxb2,4,104.252069,22.443208
dyb2,4,108.331663,23.547610
cvz,4,139.983495,31.444040
dzb3,4,385.375209,86.375826
dxb3,4,103.975773,22.387716
dyb3,4,108.430249,23.528008
csxxsyyszz,4,275.470471,58.897102
dyf2,4,107.863894,23.448769
dxf2,4,103.969921,22.369747
csxy,4,99.786926,22.458233
dzf2,4,385.010777,86.303720
dyf3,4,107.831750,23.504848
csyz,4,119.248623,26.837592
dxf3,4,103.826505,22.351003
dzf3,4,385.555005,86.386610
csxz,4,120.070997,27.108675
#========================= OptEWE [OpenMP] =========================
#Source type                                  :  Force monopole
#Grid Size                                    :  768 x 768 x 768
#Iterations                                   :  5
#Compute time                                 :  23.549631
#Total effective MLUPS                        :  96.176630
#===================================================================
#Number of threads                            :  19
