dxf,0,238.890107,37.990369
dzb,0,836.012236,136.175466
dyb,0,312.166828,48.764509
cvx,0,414.712048,65.072032
dyf,0,312.930301,48.862969
dzb2,0,836.593656,136.264930
dxb,0,250.253493,39.548244
cvy,0,1182.467770,172.776364
dzf,0,834.986310,136.040715
dxb2,0,249.774973,39.485715
dyb2,0,312.121545,48.771351
cvz,0,426.841357,68.720584
dzb3,0,835.464021,136.143575
dxb3,0,251.110534,39.674967
dyb3,0,315.265745,49.676606
csxxsyyszz,0,1143.400839,173.796549
dyf2,0,314.762743,49.176572
dxf2,0,241.952243,38.780812
csxy,0,193.802530,33.151413
dzf2,0,1257.449879,199.650376
dyf3,0,313.473682,48.984491
csyz,0,264.437295,44.363580
dxf3,0,242.030956,38.438036
dzf3,0,834.558638,136.015210
csxz,0,260.958705,43.962825
dxf,1,239.264692,38.039114
dzb,1,836.212937,136.229611
dyb,1,311.827893,48.741662
cvx,1,414.423495,65.048548
dyf,1,312.712767,48.891495
dzb2,1,837.829247,136.550685
dxb,1,250.161380,39.509614
cvy,1,412.505786,65.539844
dzf,1,834.301156,136.117078
dxb2,1,249.062940,39.479452
dyb2,1,311.271937,48.725742
cvz,1,424.356808,68.674203
dzb3,1,834.367179,136.305378
dxb3,1,250.731670,39.814099
dyb3,1,314.780312,49.876615
csxxsyyszz,1,1141.323001,174.063111
dyf2,1,312.527415,48.891255
dxf2,1,241.478403,38.903114
csxy,1,193.563882,33.251420
dzf2,1,1256.997451,200.277009
dyf3,1,312.934214,48.975449
csyz,1,264.194133,44.524532
dxf3,1,241.766303,38.589955
dzf3,1,835.356957,139.859161
csxz,1,260.908510,45.204763
dxf,2,239.000315,38.773957
dzb,2,836.176282,137.093118
dyb,2,312.191140,49.029170
cvx,2,416.528394,65.690039
dyf,2,312.863282,49.130370
dzb2,2,836.648478,136.484145
dxb,2,250.086523,39.552125
cvy,2,410.941496,65.376850
dzf,2,835.067104,136.068918
dxb2,2,251.303555,39.736380
dyb2,2,312.116424,48.779124
cvz,2,425.268858,68.495673
dzb3,2,835.459366,136.170515
dxb3,2,250.867563,39.699791
dyb3,2,315.382300,49.712880
csxxsyyszz,2,1143.589293,173.826941
dyf2,2,313.271296,48.949509
dxf2,2,242.003181,38.796878
csxy,2,193.906874,33.169634
dzf2,2,1256.669030,199.439264
dyf3,2,313.493559,48.964583
csyz,2,264.409253,44.383478
dxf3,2,242.034108,38.459244
dzf3,2,836.212755,136.238064
csxz,2,260.960767,43.953462
dxf,3,239.166625,38.054907
dzb,3,836.590364,136.308195
dyb,3,312.264029,48.794237
cvx,3,414.871820,65.067682
dyf,3,312.872909,48.871694
dzb2,3,838.111666,136.561313
dxb,3,250.124855,39.531389
cvy,3,411.072386,65.352296
dzf,3,835.122493,136.124713
dxb2,3,251.387840,39.731698
dyb2,3,312.153538,48.795238
cvz,3,425.190519,68.489901
dzb3,3,835.770309,136.186996
dxb3,3,250.931028,39.681206
dyb3,3,315.373151,49.735439
csxxsyyszz,3,1143.289731,173.802501
dyf2,3,313.265141,48.944694
dxf2,3,241.960752,38.837936
csxy,3,193.964858,33.188257
dzf2,3,1256.792204,199.498898
dyf3,3,313.291827,48.930215
csyz,3,264.442651,44.386350
dxf3,3,242.166784,38.456258
dzf3,3,834.547481,136.020130
csxz,3,261.009966,43.945567
dxf,4,239.222030,38.043995
dzb,4,838.023756,137.627565
dyb,4,311.775122,48.775623
cvx,4,414.421853,65.078301
dyf,4,312.593621,48.871000
dzb2,4,836.145185,136.365997
dxb,4,249.889377,39.560051
cvy,4,410.453424,65.356487
dzf,4,834.447489,136.156424
dxb2,4,249.287167,39.476012
dyb2,4,311.784755,48.746997
cvz,4,424.824078,68.486925
dzb3,4,835.428521,136.241595
dxb3,4,250.667532,39.669255
dyb3,4,314.945876,49.705509
csxxsyyszz,4,1143.133318,173.853726
dyf2,4,312.975752,48.926880
dxf2,4,241.575578,38.772382
csxy,4,193.757912,33.172471
dzf2,4,1257.000433,199.801786
dyf3,4,313.118120,48.973288
csyz,4,264.004538,44.349660
dxf3,4,241.740513,38.481259
dzf3,4,834.139741,136.106583
csxz,4,260.731902,43.982778
#========================= OptEWE [OpenMP] =========================
#Source type                                  :  Force monopole
#Grid Size                                    :  768 x 768 x 768
#Iterations                                   :  5
#Compute time                                 :  60.279949
#Total effective MLUPS                        :  37.573425
#===================================================================
#Number of threads                            :  4
