dxf,0,205.271823,29.311477
dzb,0,788.054330,114.173732
dyb,0,257.808493,36.260042
cvx,0,312.160875,44.999629
dyf,0,258.860362,36.386432
dzb2,0,788.264033,114.220204
dxb,0,212.224740,30.180787
cvy,0,1094.115973,141.903768
dzf,0,787.587810,114.155061
dxb2,0,212.162243,30.180450
dyb2,0,257.713358,36.227880
cvz,0,328.626198,48.388713
dzb3,0,788.957380,115.061067
dxb3,0,212.506950,31.109924
dyb3,0,261.568065,37.341327
csxxsyyszz,0,858.224712,118.597296
dyf2,0,257.946588,36.376070
dxf2,0,211.776282,30.582284
csxy,0,178.211931,27.403920
dzf2,0,1278.480537,179.396284
dyf3,0,258.388440,36.336619
csyz,0,270.383189,40.100833
dxf3,0,204.127792,29.178506
dzf3,0,787.819970,114.173858
csxz,0,267.577906,39.797488
dxf,1,204.969736,29.302338
dzb,1,788.118330,114.232636
dyb,1,257.733325,36.258923
cvx,1,313.469520,45.263754
dyf,1,258.639677,36.384260
dzb2,1,788.152768,114.211813
dxb,1,210.712321,30.008739
cvy,1,329.964781,47.672433
dzf,1,787.474505,114.473739
dxb2,1,210.518284,29.984208
dyb2,1,257.844086,36.258826
cvz,1,328.753032,48.432668
dzb3,1,789.319824,114.434158
dxb3,1,211.367116,30.079996
dyb3,1,261.574442,37.208839
csxxsyyszz,1,855.228048,118.219807
dyf2,1,258.676636,36.366452
dxf2,1,212.215136,30.575837
csxy,1,178.475281,27.384180
dzf2,1,1278.819497,179.391521
dyf3,1,258.373443,36.361962
csyz,1,270.440896,40.120328
dxf3,1,204.060846,29.156802
dzf3,1,787.740760,114.176730
csxz,1,267.471484,39.772213
dxf,2,204.842723,29.272248
dzb,2,789.236798,114.386326
dyb,2,257.654882,36.228365
cvx,2,311.752929,45.041574
dyf,2,258.718564,36.417498
dzb2,2,787.701376,114.403888
dxb,2,210.733372,30.039445
cvy,2,330.081239,47.668900
dzf,2,787.273263,114.160607
dxb2,2,210.445513,29.973595
dyb2,2,257.791923,36.251988
cvz,2,330.270449,48.634436
dzb3,2,787.751260,114.430977
dxb3,2,211.042721,30.108761
dyb3,2,261.426865,37.239163
csxxsyyszz,2,855.262763,118.292343
dyf2,2,258.690131,36.376309
dxf2,2,212.036166,30.549556
csxy,2,178.353046,27.375706
dzf2,2,1278.050475,179.336687
dyf3,2,257.869625,36.357376
csyz,2,270.679930,40.477098
dxf3,2,204.126711,30.136063
dzf3,2,787.868501,116.960149
csxz,2,267.454334,40.027921
dxf,3,205.026685,29.432348
dzb,3,789.057476,114.540892
dyb,3,257.760335,36.303527
cvx,3,311.968697,45.099908
dyf,3,258.835306,36.489431
dzb2,3,788.134625,114.444377
dxb,3,210.733640,30.042590
cvy,3,329.987433,47.700629
dzf,3,788.368906,114.465299
dxb2,3,210.411919,30.041263
dyb2,3,257.757150,36.289892
cvz,3,328.586472,48.452937
dzb3,3,788.011681,114.417922
dxb3,3,211.304881,30.151247
dyb3,3,261.720895,37.256416
csxxsyyszz,3,851.728936,117.814428
dyf2,3,258.744057,36.431784
dxf2,3,211.962031,30.557734
csxy,3,178.373066,27.385963
dzf2,3,1277.546744,179.386437
dyf3,3,258.249895,36.405412
csyz,3,270.156471,40.132513
dxf3,3,204.071879,29.261529
dzf3,3,788.929596,114.631343
csxz,3,267.491060,39.806820
dxf,4,205.018301,29.393136
dzb,4,788.199644,114.476143
dyb,4,257.709249,36.310635
cvx,4,312.183665,45.105070
dyf,4,258.741006,36.473773
dzb2,4,788.041416,114.429222
dxb,4,210.799170,30.041367
cvy,4,330.132384,47.724016
dzf,4,788.629562,114.580136
dxb2,4,210.177877,30.034244
dyb2,4,257.698350,36.295792
cvz,4,328.914151,48.483191
dzb3,4,788.111075,114.531366
dxb3,4,211.327761,30.169394
dyb3,4,261.638970,37.268879
csxxsyyszz,4,855.593883,118.335270
dyf2,4,258.757545,36.468143
dxf2,4,211.977270,30.569261
csxy,4,178.441052,27.415360
dzf2,4,1278.123284,179.490068
dyf3,4,258.368377,36.394787
csyz,4,270.097447,40.118903
dxf3,4,204.207075,29.304458
dzf3,4,788.916220,114.637014
csxz,4,267.431221,39.838203
#========================= OptEWE [OpenMP] =========================
#Source type                                  :  Force monopole
#Grid Size                                    :  768 x 768 x 768
#Iterations                                   :  5
#Compute time                                 :  53.610756
#Total effective MLUPS                        :  42.247570
#===================================================================
#Number of threads                            :  6
