dxf,0,114.702178,19.871287
dzb,0,431.472933,77.201766
dyb,0,135.290850,23.235956
cvx,0,156.961106,27.034190
dyf,0,135.305647,23.279484
dzb2,0,431.103769,77.283936
dxb,0,116.133733,20.116970
cvy,0,1029.753246,148.477355
dzf,0,430.720913,77.256574
dxb2,0,116.390412,20.189297
dyb2,0,135.172235,23.267014
cvz,0,163.753719,28.929699
dzb3,0,430.910093,77.342624
dxb3,0,116.574270,20.212916
dyb3,0,135.049391,23.278152
csxxsyyszz,0,424.465575,69.679858
dyf2,0,135.315078,23.291724
dxf2,0,114.381391,19.907045
csxy,0,109.127810,19.776957
dzf2,0,430.782849,77.360795
dyf3,0,135.183253,23.324168
csyz,0,130.898873,23.718107
dxf3,0,113.903054,19.870263
dzf3,0,433.396643,77.759824
csxz,0,131.211013,23.775830
dxf,1,114.131072,19.901113
dzb,1,431.283412,77.505263
dyb,1,134.992936,23.277968
cvx,1,156.994848,27.138993
dyf,1,135.112403,23.314039
dzb2,1,431.075626,77.465060
dxb,1,116.108902,20.175766
cvy,1,155.213788,26.850872
dzf,1,430.456947,77.371396
dxb2,1,116.269907,20.198693
dyb2,1,135.074684,23.304203
cvz,1,163.810462,28.982662
dzb3,1,430.808181,77.397380
dxb3,1,116.529126,20.235455
dyb3,1,134.967078,23.270780
csxxsyyszz,1,424.322486,69.684632
dyf2,1,135.342806,23.297115
dxf2,1,114.408915,19.938588
csxy,1,109.101446,19.778077
dzf2,1,430.528376,77.361313
dyf3,1,135.176227,23.314445
csyz,1,130.959251,23.732643
dxf3,1,114.108769,19.899069
dzf3,1,430.568954,77.377201
csxz,1,131.119394,23.787325
dxf,2,114.113190,19.908939
dzb,2,431.239312,77.497960
dyb,2,134.959465,23.270584
cvx,2,156.883158,27.108019
dyf,2,135.077847,23.299695
dzb2,2,431.125536,77.461831
dxb,2,116.362988,20.545216
cvy,2,155.122278,27.218031
dzf,2,430.299227,77.886026
dxb2,2,116.483855,20.310761
dyb2,2,134.973368,23.393316
cvz,2,163.700613,28.993734
dzb3,2,430.809895,77.438077
dxb3,2,116.505172,20.226729
dyb3,2,135.175426,23.317267
csxxsyyszz,2,424.427547,69.759174
dyf2,2,135.152656,23.293116
dxf2,2,114.339831,19.927042
csxy,2,109.138134,19.804392
dzf2,2,430.772749,77.421303
dyf3,2,138.691737,23.816590
csyz,2,130.951656,23.727299
dxf3,2,113.923414,19.885703
dzf3,2,430.427641,77.405360
csxz,2,131.141800,23.802483
dxf,3,114.102758,19.924087
dzb,3,431.521504,77.573089
dyb,3,135.258996,23.310826
cvx,3,156.873247,27.123806
dyf,3,135.180531,23.347749
dzb2,3,431.187690,77.513454
dxb,3,115.933547,20.155715
cvy,3,155.031427,26.841420
dzf,3,430.374661,77.406666
dxb2,3,116.374876,20.206080
dyb2,3,135.163861,23.334387
cvz,3,163.739028,28.990738
dzb3,3,430.826030,77.455687
dxb3,3,116.635591,20.250854
dyb3,3,134.980433,23.291692
csxxsyyszz,3,424.308146,69.724235
dyf2,3,135.048713,23.265714
dxf2,3,114.314039,19.927104
csxy,3,109.121669,19.807180
dzf2,3,430.582170,77.409104
dyf3,3,135.112993,23.293677
csyz,3,131.003060,23.729775
dxf3,3,113.946428,19.885385
dzf3,3,430.572104,77.433582
csxz,3,131.084279,23.784650
dxf,4,113.945215,19.889880
dzb,4,432.535503,77.723713
dyb,4,135.202679,23.330357
cvx,4,156.861220,27.132399
dyf,4,135.211615,23.346209
dzb2,4,431.166138,77.519039
dxb,4,116.060895,20.175539
cvy,4,155.115536,26.860057
dzf,4,430.311044,77.398960
dxb2,4,116.306647,20.222694
dyb2,4,135.009997,23.301419
cvz,4,163.608353,28.968841
dzb3,4,430.858401,77.473226
dxb3,4,116.425094,20.212703
dyb3,4,134.947226,23.280380
csxxsyyszz,4,424.250964,69.718075
dyf2,4,135.370961,23.331604
dxf2,4,115.492068,20.103640
csxy,4,109.214809,19.814247
dzf2,4,430.575195,77.422177
dyf3,4,135.399162,23.371180
csyz,4,130.902702,23.730701
dxf3,4,113.987273,19.904779
dzf3,4,430.581891,77.444312
csxz,4,131.109188,23.864539
#========================= OptEWE [OpenMP] =========================
#Source type                                  :  Force monopole
#Grid Size                                    :  768 x 768 x 768
#Iterations                                   :  5
#Compute time                                 :  27.677490
#Total effective MLUPS                        :  81.832715
#===================================================================
#Number of threads                            :  18
