dxf,0,201.679682,31.056807
dzb,0,688.937264,109.777782
dyb,0,260.644679,39.352620
cvx,0,337.683993,51.584341
dyf,0,260.226819,39.343662
dzb2,0,688.055954,109.705035
dxb,0,209.602854,32.163731
cvy,0,1163.644846,161.699559
dzf,0,688.634786,109.779111
dxb2,0,209.960333,32.168833
dyb2,0,260.221383,39.301125
cvz,0,344.765457,54.074119
dzb3,0,688.822307,109.829719
dxb3,0,209.669837,32.161340
dyb3,0,261.726580,40.026377
csxxsyyszz,0,927.173665,136.463941
dyf2,0,260.898304,39.403858
dxf2,0,203.880429,31.751641
csxy,0,156.029671,26.296801
dzf2,0,1104.106011,169.503354
dyf3,0,260.260593,39.300094
csyz,0,232.090177,37.907689
dxf3,0,202.833801,31.265239
dzf3,0,688.408050,109.762046
csxz,0,230.491943,37.753362
dxf,1,201.586701,31.060985
dzb,1,688.583787,109.855058
dyb,1,259.796456,39.280278
cvx,1,337.369929,51.823851
dyf,1,260.200853,39.322108
dzb2,1,687.977271,109.751843
dxb,1,209.531111,32.126406
cvy,1,337.888749,52.222624
dzf,1,688.642080,109.865980
dxb2,1,210.126710,32.212449
dyb2,1,260.153194,39.345439
cvz,1,345.045075,54.124843
dzb3,1,688.758688,109.851268
dxb3,1,209.637440,32.152645
dyb3,1,261.775364,40.032221
csxxsyyszz,1,910.909195,134.247736
dyf2,1,260.890483,39.408154
dxf2,1,203.880086,31.760414
csxy,1,156.072794,26.312341
dzf2,1,1103.999576,169.496026
dyf3,1,260.076112,39.322242
csyz,1,232.109586,37.907140
dxf3,1,203.453448,31.345228
dzf3,1,688.365070,109.800710
csxz,1,230.814012,37.794177
dxf,2,201.466011,31.079109
dzb,2,688.877558,110.004383
dyb,2,270.423113,41.339441
cvx,2,337.366083,51.908348
dyf,2,260.936457,39.898752
dzb2,2,688.104114,110.378629
dxb,2,209.575193,32.124971
cvy,2,336.561152,52.125281
dzf,2,688.336205,109.969811
dxb2,2,209.946898,32.254335
dyb2,2,260.170632,39.363840
cvz,2,345.049913,54.137534
dzb3,2,688.843905,109.909660
dxb3,2,209.538732,32.192497
dyb3,2,261.629560,40.069735
csxxsyyszz,2,925.157406,136.273711
dyf2,2,260.620000,39.400745
dxf2,2,203.795514,31.801544
csxy,2,155.974413,26.324780
dzf2,2,1103.384469,169.474233
dyf3,2,260.310910,39.377365
csyz,2,231.796445,38.017849
dxf3,2,201.959243,31.134180
dzf3,2,689.647496,110.108807
csxz,2,230.815429,37.810949
dxf,3,201.466949,31.156044
dzb,3,690.074497,110.138056
dyb,3,260.366862,39.362475
cvx,3,337.467251,51.732907
dyf,3,260.023633,39.351772
dzb2,3,687.768798,109.816535
dxb,3,209.633108,32.206997
cvy,3,337.755612,52.212134
dzf,3,688.740580,109.932102
dxb2,3,210.023613,32.303266
dyb2,3,260.076444,39.369443
cvz,3,344.880527,54.112974
dzb3,3,688.740746,110.170443
dxb3,3,209.447385,32.229956
dyb3,3,261.669477,40.105199
csxxsyyszz,3,922.176461,136.126191
dyf2,3,260.769249,39.525327
dxf2,3,203.664263,31.926359
csxy,3,156.161169,26.396055
dzf2,3,1104.160443,169.728349
dyf3,3,260.326944,39.547090
csyz,3,232.185819,38.061357
dxf3,3,201.789429,31.190880
dzf3,3,689.797639,110.265672
csxz,3,230.676106,37.800182
dxf,4,201.395761,31.177402
dzb,4,688.414707,110.211949
dyb,4,259.680100,39.451475
cvx,4,337.217370,51.745706
dyf,4,260.058333,39.456903
dzb2,4,687.772655,109.965761
dxb,4,209.695075,32.333539
cvy,4,337.685727,52.287371
dzf,4,688.572945,109.967092
dxb2,4,209.880285,32.324299
dyb2,4,259.945866,39.406199
cvz,4,345.056278,54.303852
dzb3,4,688.812069,110.289291
dxb3,4,209.535398,32.286077
dyb3,4,261.660090,40.121296
csxxsyyszz,4,922.917651,136.190405
dyf2,4,261.710331,39.759819
dxf2,4,203.822178,32.491367
csxy,4,156.134100,26.850618
dzf2,4,1103.402493,171.498450
dyf3,4,260.188103,39.378525
csyz,4,232.225703,37.948805
dxf3,4,201.876122,31.148590
dzf3,4,689.864793,110.255317
csxz,4,230.722632,37.834481
#========================= OptEWE [OpenMP] =========================
#Source type                                  :  Force monopole
#Grid Size                                    :  768 x 768 x 768
#Iterations                                   :  5
#Compute time                                 :  50.376999
#Total effective MLUPS                        :  44.959490
#===================================================================
#Number of threads                            :  7
