dxf,0,164.367695,29.477390
dzb,0,607.305850,113.273757
dyb,0,167.417760,30.369358
cvx,0,166.723575,32.728556
dyf,0,167.999389,30.529663
dzb2,0,607.042637,114.326734
dxb,0,164.031486,29.771343
cvy,0,656.674783,110.853911
dzf,0,605.615748,116.294060
dxb2,0,164.190411,30.401436
dyb2,0,167.857702,31.303102
cvz,0,200.473446,39.479498
dzb3,0,606.165417,113.656013
dxb3,0,164.659544,29.689801
dyb3,0,172.646530,31.910213
csxxsyyszz,0,374.012497,70.731879
dyf2,0,167.439332,30.471976
dxf2,0,167.664726,30.790039
csxy,0,133.243699,26.468613
dzf2,0,1455.816099,250.212016
dyf3,0,167.804772,30.522098
csyz,0,192.987731,36.979905
dxf3,0,163.645668,29.575978
dzf3,0,606.814774,113.666235
csxz,0,192.758919,36.973818
dxf,1,163.940277,29.706474
dzb,1,607.273027,113.833650
dyb,1,170.199933,30.891040
cvx,1,166.602829,32.803154
dyf,1,168.250989,30.633927
dzb2,1,606.666001,113.685763
dxb,1,164.233318,29.695065
cvy,1,242.472887,45.141445
dzf,1,606.101619,113.626481
dxb2,1,164.588642,29.728823
dyb2,1,167.891419,30.551767
cvz,1,201.379504,39.408629
dzb3,1,606.380624,113.970756
dxb3,1,164.509348,29.820044
dyb3,1,172.792985,31.975018
csxxsyyszz,1,371.298314,70.359660
dyf2,1,167.921173,30.636422
dxf2,1,167.438053,30.756834
csxy,1,133.134652,26.468278
dzf2,1,1456.367992,250.408760
dyf3,1,167.551098,30.503965
csyz,1,193.595543,37.068333
dxf3,1,163.894166,29.588111
dzf3,1,606.981967,113.753709
csxz,1,192.669803,36.980187
dxf,2,163.914699,29.661854
dzb,2,607.292120,113.804322
dyb,2,167.575982,30.548902
cvx,2,166.736015,32.835705
dyf,2,167.812768,30.598522
dzb2,2,606.620757,113.785165
dxb,2,164.089897,29.691868
cvy,2,243.491994,45.343426
dzf,2,605.995814,113.692849
dxb2,2,165.061926,29.856316
dyb2,2,167.495409,30.492464
cvz,2,201.437557,39.458689
dzb3,2,606.423335,113.835531
dxb3,2,164.601507,29.733873
dyb3,2,172.699611,31.993843
csxxsyyszz,2,374.186811,70.868094
dyf2,2,167.899181,30.652280
dxf2,2,167.842949,30.812960
csxy,2,133.145532,26.471304
dzf2,2,1457.090600,250.590740
dyf3,2,167.910166,30.577782
csyz,2,193.323631,37.035106
dxf3,2,163.750828,29.579105
dzf3,2,607.071020,113.826810
csxz,2,192.769935,36.984873
dxf,3,164.209571,29.659116
dzb,3,607.487332,113.885667
dyb,3,167.685858,30.587909
cvx,3,166.860868,32.858554
dyf,3,168.002341,30.645850
dzb2,3,606.644326,113.775492
dxb,3,164.248020,29.706876
cvy,3,242.534332,45.186680
dzf,3,606.055428,113.696693
dxb2,3,164.170977,30.476709
dyb2,3,167.380991,31.484463
cvz,3,200.644411,39.807428
dzb3,3,605.991335,116.559360
dxb3,3,164.438774,29.735557
dyb3,3,172.570212,32.000616
csxxsyyszz,3,372.549206,70.624843
dyf2,3,167.947956,30.672861
dxf2,3,168.188477,30.887442
csxy,3,133.211599,26.496280
dzf2,3,1456.658045,250.536061
dyf3,3,167.595452,30.593979
csyz,3,193.740300,37.103005
dxf3,3,163.598139,29.541733
dzf3,3,606.989889,113.818089
csxz,3,192.798695,36.984056
dxf,4,164.120512,29.650817
dzb,4,606.911896,113.844765
dyb,4,167.575482,30.593680
cvx,4,166.669635,32.832429
dyf,4,167.892636,30.661392
dzb2,4,606.586013,113.824915
dxb,4,164.035713,29.723690
cvy,4,242.401692,45.173889
dzf,4,606.139760,113.690706
dxb2,4,164.834962,29.802607
dyb2,4,167.955635,30.574136
cvz,4,201.355735,39.426295
dzb3,4,606.390956,113.727349
dxb3,4,164.397230,29.700934
dyb3,4,172.809077,32.014991
csxxsyyszz,4,372.139612,70.526425
dyf2,4,167.900604,30.635650
dxf2,4,167.740932,30.812470
csxy,4,133.172627,26.459797
dzf2,4,1456.926831,250.544943
dyf3,4,168.122286,30.651288
csyz,4,194.183726,37.169712
dxf3,4,163.584571,29.534822
dzf3,4,607.045275,113.756818
csxz,4,192.952831,37.047700
#========================= OptEWE [OpenMP] =========================
#Source type                                  :  Force monopole
#Grid Size                                    :  768 x 768 x 768
#Iterations                                   :  5
#Compute time                                 :  40.382278
#Total effective MLUPS                        :  56.087082
#===================================================================
#Number of threads                            :  12
