dxf,0,141.597371,25.363009
dzb,0,528.682889,98.266560
dyb,0,147.332288,26.624625
cvx,0,164.762746,31.212490
dyf,0,146.779899,27.707556
dzb2,0,528.501325,100.892521
dxb,0,142.371395,26.009968
cvy,0,757.591646,120.066046
dzf,0,529.686403,98.563564
dxb2,0,141.496826,25.445433
dyb2,0,147.752472,26.734644
cvz,0,190.110035,35.584736
dzb3,0,528.386125,98.446184
dxb3,0,141.239857,25.430334
dyb3,0,156.346690,28.255829
csxxsyyszz,0,368.782415,66.489848
dyf2,0,146.822045,26.617075
dxf2,0,149.891990,26.902758
csxy,0,117.338081,22.778008
dzf2,0,1298.558931,209.785811
dyf3,0,146.544787,26.568544
csyz,0,175.448776,32.404124
dxf3,0,141.112446,25.408257
dzf3,0,528.229775,98.470624
csxz,0,174.489061,32.301543
dxf,1,141.088720,25.431981
dzb,1,528.567801,98.533263
dyb,1,147.447226,26.654673
cvx,1,163.903015,30.669606
dyf,1,146.617913,26.627868
dzb2,1,528.442921,98.559961
dxb,1,142.441931,25.623473
cvy,1,151.321849,28.741507
dzf,1,527.889726,98.421245
dxb2,1,141.303972,25.431132
dyb2,1,147.664163,26.748768
cvz,1,190.290463,35.662117
dzb3,1,528.355861,98.403286
dxb3,1,141.192944,25.417198
dyb3,1,156.326527,28.278157
csxxsyyszz,1,370.851054,66.849764
dyf2,1,146.878423,26.654960
dxf2,1,149.722094,26.900275
csxy,1,117.350436,22.794582
dzf2,1,1298.983442,209.756718
dyf3,1,146.447978,26.515247
csyz,1,175.740766,32.445021
dxf3,1,143.058562,25.810600
dzf3,1,533.273061,99.749471
csxz,1,174.593207,32.337191
dxf,2,141.255322,25.472878
dzb,2,528.655230,98.515772
dyb,2,147.437759,26.690563
cvx,2,163.748964,30.671421
dyf,2,146.697949,26.663095
dzb2,2,528.538447,98.504979
dxb,2,142.381529,25.624719
cvy,2,151.279429,28.758169
dzf,2,527.746140,98.443109
dxb2,2,141.217471,25.452473
dyb2,2,147.600093,26.771338
cvz,2,190.128984,35.674435
dzb3,2,528.176798,98.583698
dxb3,2,141.420282,25.473698
dyb3,2,155.915947,28.230965
csxxsyyszz,2,370.865650,66.893270
dyf2,2,146.618112,26.626047
dxf2,2,149.850495,26.919748
csxy,2,117.375095,22.807509
dzf2,2,1296.639788,210.324109
dyf3,2,146.404726,26.538700
csyz,2,175.689007,32.475169
dxf3,2,141.180022,25.433753
dzf3,2,528.183197,98.328649
csxz,2,174.717940,32.346147
dxf,3,141.115341,25.443071
dzb,3,528.805162,98.638872
dyb,3,147.243925,26.661279
cvx,3,163.545628,30.645476
dyf,3,149.643904,27.094217
dzb2,3,528.375555,98.584533
dxb,3,142.261329,25.600987
cvy,3,151.134226,28.726985
dzf,3,527.705964,98.506690
dxb2,3,141.238228,25.454363
dyb2,3,147.872778,26.794869
cvz,3,190.085408,35.643736
dzb3,3,528.314102,98.580294
dxb3,3,141.308149,25.471164
dyb3,3,156.019589,28.234731
csxxsyyszz,3,370.837845,66.850124
dyf2,3,147.971546,27.237812
dxf2,3,149.841953,27.243697
csxy,3,117.249686,22.907164
dzf2,3,1297.136523,210.923979
dyf3,3,146.323743,26.506471
csyz,3,175.424520,32.405219
dxf3,3,141.103354,25.416488
dzf3,3,528.323793,98.363670
csxz,3,174.623541,32.322593
dxf,4,141.149261,25.442524
dzb,4,528.473443,98.549202
dyb,4,147.633167,26.732625
cvx,4,163.776695,30.662967
dyf,4,146.660489,26.640183
dzb2,4,528.411278,98.572878
dxb,4,142.259403,25.596442
cvy,4,151.624229,28.794729
dzf,4,527.753287,98.506171
dxb2,4,141.139395,25.439758
dyb2,4,147.633222,26.756415
cvz,4,190.193227,35.658629
dzb3,4,528.200949,98.569146
dxb3,4,141.237979,25.459009
dyb3,4,156.136540,28.254166
csxxsyyszz,4,368.853757,66.572618
dyf2,4,146.730569,26.635315
dxf2,4,149.795680,26.918209
csxy,4,117.244001,22.781174
dzf2,4,1297.575646,210.192266
dyf3,4,146.566357,26.556115
csyz,4,175.361336,32.401350
dxf3,4,141.106805,25.429690
dzf3,4,528.319634,98.700447
csxz,4,174.725593,32.332819
#========================= OptEWE [OpenMP] =========================
#Source type                                  :  Force monopole
#Grid Size                                    :  768 x 768 x 768
#Iterations                                   :  5
#Compute time                                 :  35.771896
#Total effective MLUPS                        :  63.315742
#===================================================================
#Number of threads                            :  14
