dxf,0,99.475910,20.049197
dzb,0,367.657464,77.933292
dyb,0,105.489983,21.500485
cvx,0,115.828183,24.351885
dyf,0,105.265172,21.545050
dzb2,0,367.365601,78.081366
dxb,0,98.891611,20.087729
cvy,0,840.501632,140.837549
dzf,0,366.618424,77.921232
dxb2,0,98.786343,20.062147
dyb2,0,105.617224,21.613528
cvz,0,133.012959,28.306635
dzb3,0,366.968756,78.092295
dxb3,0,98.868164,20.109166
dyb3,0,105.794463,21.642135
csxxsyyszz,0,292.276662,57.942604
dyf2,0,105.392179,21.571045
dxf2,0,98.915308,20.125061
csxy,0,94.718088,20.262640
dzf2,0,366.878996,78.125784
dyf3,0,105.253213,21.590311
csyz,0,113.118823,24.213821
dxf3,0,98.490933,20.063218
dzf3,0,366.990473,78.207238
csxz,0,113.033021,24.273595
dxf,1,99.648069,20.270735
dzb,1,367.794988,78.315661
dyb,1,105.308611,21.563291
cvx,1,115.857018,24.451524
dyf,1,105.292533,21.601205
dzb2,1,367.514383,78.313553
dxb,1,98.780711,20.112617
cvy,1,115.396579,24.359157
dzf,1,366.490174,78.141205
dxb2,1,98.788965,20.131338
dyb2,1,105.720937,21.680449
cvz,1,133.097046,28.363103
dzb3,1,367.255273,78.254980
dxb3,1,98.934981,20.155281
dyb3,1,105.554298,21.628642
csxxsyyszz,1,292.330942,58.011284
dyf2,1,105.463017,21.576057
dxf2,1,98.859582,20.140044
csxy,1,94.697448,20.286338
dzf2,1,366.932143,78.211883
dyf3,1,105.302339,21.592392
csyz,1,113.031850,24.227516
dxf3,1,98.574235,20.100518
dzf3,1,367.082664,78.253392
csxz,1,113.039544,24.259268
dxf,2,98.390145,20.071589
dzb,2,367.635740,78.383500
dyb,2,105.470119,21.596608
cvx,2,115.816361,24.450615
dyf,2,105.270043,21.629304
dzb2,2,367.526179,78.365245
dxb,2,99.135408,20.208654
cvy,2,115.525103,24.397519
dzf,2,366.588449,78.219190
dxb2,2,98.727939,20.129762
dyb2,2,105.599127,21.682856
cvz,2,133.011168,28.373498
dzb3,2,367.170041,78.310701
dxb3,2,98.880430,20.158258
dyb3,2,105.655112,21.658186
csxxsyyszz,2,292.299985,58.054230
dyf2,2,105.290152,21.622488
dxf2,2,98.879130,20.172084
csxy,2,94.681560,20.315112
dzf2,2,366.736431,78.286143
dyf3,2,105.304637,21.685989
csyz,2,113.126900,24.277278
dxf3,2,98.497290,20.119302
dzf3,2,366.867249,78.365160
csxz,2,113.065055,24.384076
dxf,3,98.400743,20.170307
dzb,3,367.574060,78.661843
dyb,3,105.326738,21.714780
cvx,3,115.767648,24.538535
dyf,3,105.360203,21.744081
dzb2,3,367.658316,78.531167
dxb,3,98.864008,20.193715
cvy,3,118.682130,24.941420
dzf,3,366.636443,78.262308
dxb2,3,98.736324,20.164425
dyb2,3,105.717530,21.743477
cvz,3,133.177857,28.432608
dzb3,3,367.132367,78.368580
dxb3,3,98.843226,20.185887
dyb3,3,105.775864,21.705553
csxxsyyszz,3,291.527599,57.957153
dyf2,3,105.488089,21.663260
dxf2,3,98.767094,20.162067
csxy,3,94.708766,20.327238
dzf2,3,366.748698,78.239056
dyf3,3,105.372919,21.692664
csyz,3,113.067575,24.255083
dxf3,3,98.570680,20.140454
dzf3,3,367.145567,78.442663
csxz,3,113.061193,24.344532
dxf,4,98.402470,20.121336
dzb,4,367.529846,78.451186
dyb,4,105.303914,21.655700
cvx,4,115.804253,24.487031
dyf,4,105.278606,21.680628
dzb2,4,367.532922,78.459437
dxb,4,98.827939,20.201789
cvy,4,115.464016,24.427794
dzf,4,366.656171,78.333025
dxb2,4,98.840292,20.190353
dyb2,4,105.715108,21.710128
cvz,4,133.109314,28.425986
dzb3,4,367.043741,78.339964
dxb3,4,98.878716,20.176449
dyb3,4,105.752981,21.694680
csxxsyyszz,4,292.375989,58.123276
dyf2,4,105.309775,21.628364
dxf2,4,98.728494,20.185163
csxy,4,94.666142,20.319692
dzf2,4,366.820732,78.272864
dyf3,4,105.365841,21.686653
csyz,4,113.068839,24.264326
dxf3,4,98.351025,20.094712
dzf3,4,367.128886,78.411739
csxz,4,113.074239,24.419706
#========================= OptEWE [OpenMP] =========================
#Source type                                  :  Force monopole
#Grid Size                                    :  768 x 768 x 768
#Iterations                                   :  5
#Compute time                                 :  22.756662
#Total effective MLUPS                        :  99.527959
#===================================================================
#Number of threads                            :  20
