dxf,0,94.327742,17.819959
dzb,0,372.479815,72.590612
dyb,0,98.148605,18.819381
cvx,0,118.493009,22.954440
dyf,0,98.154746,18.877366
dzb2,0,372.335338,72.664749
dxb,0,93.177660,17.692353
cvy,0,1046.678410,160.425310
dzf,0,371.437028,72.471171
dxb2,0,93.103499,17.690522
dyb2,0,98.581983,18.933039
cvz,0,133.242306,26.150036
dzb3,0,372.087125,72.631728
dxb3,0,92.963773,17.700327
dyb3,0,98.497040,18.911677
csxxsyyszz,0,273.654909,51.022583
dyf2,0,98.380356,18.908089
dxf2,0,92.991148,17.721120
csxy,0,93.349030,18.413587
dzf2,0,371.371079,72.584003
dyf3,0,98.285548,18.926602
csyz,0,112.342409,22.101644
dxf3,0,92.608234,17.665266
dzf3,0,371.625768,72.667158
csxz,0,112.346351,22.125825
dxf,1,92.643938,17.671831
dzb,1,372.425869,72.814483
dyb,1,98.212097,18.883853
cvx,1,113.859695,22.326772
dyf,1,98.281566,18.919815
dzb2,1,372.338896,72.800092
dxb,1,93.075963,17.745544
cvy,1,114.053520,22.325730
dzf,1,371.417067,72.658586
dxb2,1,93.125954,17.728730
dyb2,1,98.568970,18.947789
cvz,1,133.328848,26.206402
dzb3,1,372.013662,72.727301
dxb3,1,92.877325,17.703999
dyb3,1,98.515265,18.935988
csxxsyyszz,1,272.431967,50.866974
dyf2,1,98.454256,18.927707
dxf2,1,93.078861,17.755772
csxy,1,93.378114,18.437754
dzf2,1,371.781993,72.727234
dyf3,1,98.236511,18.924281
csyz,1,112.380021,22.121735
dxf3,1,92.769460,17.703793
dzf3,1,371.752278,72.731388
csxz,1,112.306349,22.139497
dxf,2,92.640990,17.686298
dzb,2,372.456094,72.841929
dyb,2,98.101623,18.859301
cvx,2,113.738789,22.310357
dyf,2,98.273610,18.927742
dzb2,2,374.749376,73.216408
dxb,2,93.271706,17.756232
cvy,2,113.999123,22.339738
dzf,2,371.290703,72.676545
dxb2,2,93.099220,17.744098
dyb2,2,98.663303,18.976159
cvz,2,133.209610,26.208743
dzb3,2,371.892897,72.765878
dxb3,2,92.845042,17.714142
dyb3,2,98.588831,18.966272
csxxsyyszz,2,273.662969,51.095985
dyf2,2,98.438789,18.943929
dxf2,2,92.983063,17.750986
csxy,2,93.326516,18.428057
dzf2,2,371.300924,72.655899
dyf3,2,98.209061,18.921694
csyz,2,112.366164,22.136010
dxf3,2,92.767710,17.713204
dzf3,2,371.756798,72.759930
csxz,2,112.289670,22.142119
dxf,3,92.739910,17.712829
dzb,3,372.545719,72.881869
dyb,3,98.353797,18.925237
cvx,3,114.076025,22.345747
dyf,3,98.273273,18.936154
dzb2,3,372.460923,72.876858
dxb,3,92.885237,17.723911
cvy,3,113.932109,22.341343
dzf,3,371.309375,72.720516
dxb2,3,93.064430,17.747509
dyb2,3,98.392152,18.946146
cvz,3,133.236980,26.217336
dzb3,3,371.873706,72.788793
dxb3,3,92.813142,17.706945
dyb3,3,98.502109,18.957962
csxxsyyszz,3,272.219183,50.891450
dyf2,3,98.448488,18.967208
dxf2,3,92.880849,17.734931
csxy,3,93.403126,18.456088
dzf2,3,371.466601,72.721432
dyf3,3,98.234639,18.915939
csyz,3,112.346042,22.135126
dxf3,3,92.729539,17.712205
dzf3,3,371.719746,72.774104
csxz,3,112.231129,22.138082
dxf,4,92.577227,17.696407
dzb,4,372.386945,72.868979
dyb,4,98.136551,18.871536
cvx,4,113.738411,22.324624
dyf,4,98.192649,18.920250
dzb2,4,372.313769,72.875192
dxb,4,93.135759,17.765033
cvy,4,114.006346,22.364777
dzf,4,371.550262,72.829453
dxb2,4,93.016191,17.747978
dyb2,4,98.590535,18.982621
cvz,4,133.091399,26.188813
dzb3,4,374.383499,73.170938
dxb3,4,93.210590,17.773297
dyb3,4,98.336501,18.944403
csxxsyyszz,4,273.463228,51.105553
dyf2,4,98.394454,18.953846
dxf2,4,92.917577,17.746021
csxy,4,93.407506,18.463960
dzf2,4,371.405099,72.739637
dyf3,4,98.290683,18.944177
csyz,4,112.365122,22.146401
dxf3,4,92.633028,17.703748
dzf3,4,371.588363,72.774658
csxz,4,112.293517,22.259382
#========================= OptEWE [OpenMP] =========================
#Source type                                  :  Force monopole
#Grid Size                                    :  768 x 768 x 768
#Iterations                                   :  5
#Compute time                                 :  22.600004
#Total effective MLUPS                        :  100.217865
#===================================================================
#Number of threads                            :  23
