dxf,0,109.698800,24.302484
dzb,0,408.228468,94.351304
dyb,0,111.448658,25.202930
cvx,0,126.766443,29.518382
dyf,0,111.006599,25.186095
dzb2,0,408.177716,94.695859
dxb,0,109.168609,24.355664
cvy,0,685.905441,132.572564
dzf,0,407.217464,94.460884
dxb2,0,109.262396,24.401934
dyb2,0,111.666799,25.300064
cvz,0,147.162779,34.345964
dzb3,0,408.755827,94.897025
dxb3,0,109.360155,24.428817
dyb3,0,111.540571,25.295032
csxxsyyszz,0,252.557623,57.779142
dyf2,0,111.196580,25.255030
dxf2,0,109.435788,24.467278
csxy,0,104.968165,24.548067
dzf2,0,407.280872,94.697904
dyf3,0,111.254717,25.323370
csyz,0,125.611432,29.339788
dxf3,0,109.025274,24.401034
dzf3,0,407.652464,94.784553
csxz,0,125.502701,29.366272
dxf,1,109.071965,24.430891
dzb,1,408.789698,95.026154
dyb,1,111.248478,25.206517
cvx,1,126.795995,29.617761
dyf,1,111.217577,25.276408
dzb2,1,408.314381,94.924626
dxb,1,109.288495,24.443454
cvy,1,126.551377,29.539612
dzf,1,407.036328,94.648633
dxb2,1,109.217582,24.436080
dyb2,1,111.532562,25.325910
cvz,1,147.287956,34.449935
dzb3,1,407.594960,94.792110
dxb3,1,109.358124,24.482796
dyb3,1,111.605491,25.313458
csxxsyyszz,1,252.538530,57.843626
dyf2,1,111.158968,25.268253
dxf2,1,109.549131,24.519143
csxy,1,105.047392,24.582562
dzf2,1,407.285961,94.784976
dyf3,1,111.355836,25.308077
csyz,1,125.537492,29.334874
dxf3,1,109.085534,24.439950
dzf3,1,407.674197,94.873832
csxz,1,125.508508,29.411362
dxf,2,108.954631,24.425523
dzb,2,408.072857,94.955068
dyb,2,111.379953,25.280661
cvx,2,126.612519,29.614346
dyf,2,111.164171,25.309646
dzb2,2,408.230768,94.960324
dxb,2,109.295427,24.476759
cvy,2,126.660052,29.569184
dzf,2,407.114292,94.743158
dxb2,2,109.345624,24.479258
dyb2,2,111.559258,25.330615
cvz,2,147.266840,34.450185
dzb3,2,407.571881,94.839309
dxb3,2,109.254360,24.469531
dyb3,2,111.598178,25.343032
csxxsyyszz,2,255.638883,58.434621
dyf2,2,111.450210,25.315594
dxf2,2,109.378380,24.499032
csxy,2,104.992589,24.587580
dzf2,2,407.129701,94.717628
dyf3,2,111.367364,25.329669
csyz,2,125.569845,29.356400
dxf3,2,108.951825,24.412018
dzf3,2,407.757936,94.902666
csxz,2,125.465064,29.397106
dxf,3,108.950910,24.420727
dzb,3,408.084145,94.909421
dyb,3,111.421393,25.290683
cvx,3,126.714149,29.622525
dyf,3,111.052433,25.258654
dzb2,3,408.224558,94.936228
dxb,3,109.269294,24.476321
cvy,3,126.641596,29.590229
dzf,3,407.344924,94.992411
dxb2,3,109.410405,24.533558
dyb2,3,111.489211,25.355778
cvz,3,147.255766,34.494168
dzb3,3,407.642858,94.969820
dxb3,3,109.334346,24.497418
dyb3,3,111.494763,25.329661
csxxsyyszz,3,252.669468,57.925593
dyf2,3,111.409440,25.323833
dxf2,3,109.473430,24.516500
csxy,3,104.952761,24.591124
dzf2,3,407.250696,94.838254
dyf3,3,111.321011,25.321712
csyz,3,125.590395,29.387781
dxf3,3,108.859334,24.412076
dzf3,3,407.793694,94.962088
csxz,3,125.546116,29.426724
dxf,4,109.043155,24.447892
dzb,4,408.039575,94.994099
dyb,4,111.293634,25.268209
cvx,4,126.748269,29.644736
dyf,4,111.160255,25.333717
dzb2,4,408.036361,95.024575
dxb,4,109.313754,24.507207
cvy,4,126.729810,29.626310
dzf,4,407.128619,94.829361
dxb2,4,109.407641,24.508173
dyb2,4,111.536066,25.338180
cvz,4,147.201222,34.459904
dzb3,4,407.620295,94.916850
dxb3,4,109.354320,24.512484
dyb3,4,111.496525,25.343628
csxxsyyszz,4,252.465091,57.898991
dyf2,4,111.369371,25.330248
dxf2,4,111.158828,24.842399
csxy,4,104.966408,24.588876
dzf2,4,407.207437,94.843862
dyf3,4,111.323094,25.373168
csyz,4,125.574749,29.382884
dxf3,4,108.949992,24.435873
dzf3,4,407.709718,94.959479
csxz,4,125.520268,29.470437
#========================= OptEWE [OpenMP] =========================
#Source type                                  :  Force monopole
#Grid Size                                    :  768 x 768 x 768
#Iterations                                   :  5
#Compute time                                 :  24.461197
#Total effective MLUPS                        :  92.592532
#===================================================================
#Number of threads                            :  18
