dxf,0,224.523003,33.802633
dzb,0,856.921201,129.663260
dyb,0,284.772226,41.300933
cvx,0,340.477616,50.402508
dyf,0,285.628691,41.416657
dzb2,0,859.308473,127.793938
dxb,0,232.044948,33.956778
cvy,0,1077.201230,144.947705
dzf,0,859.386976,127.790516
dxb2,0,232.875800,34.070525
dyb2,0,285.267961,41.369817
cvz,0,360.948404,54.469057
dzb3,0,858.667029,127.747185
dxb3,0,232.933230,34.102818
dyb3,0,290.300784,42.436729
csxxsyyszz,0,948.949884,134.992238
dyf2,0,285.650059,41.474248
dxf2,0,231.782937,34.527077
csxy,0,203.628694,32.090143
dzf2,0,1365.447381,197.313384
dyf3,0,285.573197,41.479630
csyz,0,289.063349,43.979100
dxf3,0,226.156458,33.232724
dzf3,0,857.602840,127.682234
csxz,0,285.505936,43.545623
dxf,1,223.780531,32.924083
dzb,1,858.694537,127.797458
dyb,1,285.099170,41.343600
cvx,1,341.042498,50.217885
dyf,1,285.922124,41.474398
dzb2,1,858.960154,127.823630
dxb,1,231.984234,33.986685
cvy,1,352.527090,52.368819
dzf,1,857.981497,127.683924
dxb2,1,233.015525,34.092649
dyb2,1,286.597984,41.546880
cvz,1,361.107770,54.495066
dzb3,1,859.752071,127.928059
dxb3,1,232.418637,34.031699
dyb3,1,290.312628,42.434235
csxxsyyszz,1,944.506081,134.050719
dyf2,1,285.667145,41.430071
dxf2,1,231.709806,34.297898
csxy,1,203.515400,31.744431
dzf2,1,1365.253896,196.844489
dyf3,1,285.317608,41.431695
csyz,1,289.075166,43.981395
dxf3,1,226.187333,33.287607
dzf3,1,857.574540,128.031558
csxz,1,285.384196,43.566208
dxf,2,223.548681,32.926857
dzb,2,858.361671,128.063566
dyb,2,285.425294,42.078599
cvx,2,340.651778,54.889010
dyf,2,285.904781,44.096204
dzb2,2,859.191388,131.157658
dxb,2,232.136230,34.067851
cvy,2,354.371889,52.635796
dzf,2,858.789767,128.013097
dxb2,2,233.129214,34.151693
dyb2,2,285.490082,41.498395
cvz,2,361.004677,54.621473
dzb3,2,858.707706,128.084863
dxb3,2,232.438734,33.989446
dyb3,2,292.184318,42.761646
csxxsyyszz,2,948.838095,134.498046
dyf2,2,285.846669,41.343437
dxf2,2,231.892311,34.237456
csxy,2,203.656000,31.714081
dzf2,2,1363.493075,196.600213
dyf3,2,285.477108,41.474501
csyz,2,289.159807,44.033398
dxf3,2,225.812976,33.243375
dzf3,2,857.534854,127.861413
csxz,2,285.270617,43.579559
dxf,3,223.384668,32.935835
dzb,3,858.685851,127.858445
dyb,3,284.876221,41.236081
cvx,3,342.592683,50.351289
dyf,3,285.959656,41.444471
dzb2,3,860.420736,127.961878
dxb,3,232.050211,33.987918
cvy,3,352.648358,52.389947
dzf,3,857.510819,127.599653
dxb2,3,232.954103,34.091065
dyb2,3,285.339851,41.362347
cvz,3,361.106328,54.494848
dzb3,3,858.887264,127.736881
dxb3,3,232.651057,33.997129
dyb3,3,290.554284,42.433984
csxxsyyszz,3,945.961455,134.171943
dyf2,3,285.934789,41.370753
dxf2,3,231.851791,34.266674
csxy,3,203.740111,31.722831
dzf2,3,1365.148186,196.434907
dyf3,3,286.113128,41.410776
csyz,3,289.302600,43.930126
dxf3,3,226.332015,33.241397
dzf3,3,857.732983,127.687755
csxz,3,285.556288,43.573326
dxf,4,225.453098,33.098401
dzb,4,860.208443,127.866813
dyb,4,285.448590,41.364185
cvx,4,340.847860,50.388923
dyf,4,285.365694,41.445389
dzb2,4,859.017947,127.805480
dxb,4,232.132534,34.029116
cvy,4,353.409744,53.232964
dzf,4,857.141787,128.642610
dxb2,4,233.371283,34.061903
dyb2,4,285.808462,41.346749
cvz,4,361.349212,54.434943
dzb3,4,858.975605,127.648141
dxb3,4,232.498168,34.048809
dyb3,4,290.454656,42.470164
csxxsyyszz,4,945.472251,134.147234
dyf2,4,286.031113,41.469917
dxf2,4,231.812031,34.311911
csxy,4,203.557828,31.740871
dzf2,4,1365.406995,196.785158
dyf3,4,286.026447,41.437460
csyz,4,290.407545,44.048583
dxf3,4,226.457102,33.191360
dzf3,4,859.321239,127.589489
csxz,4,285.399710,43.494587
#========================= OptEWE [OpenMP] =========================
#Source type                                  :  Force monopole
#Grid Size                                    :  768 x 768 x 768
#Iterations                                   :  5
#Compute time                                 :  58.411442
#Total effective MLUPS                        :  38.775351
#===================================================================
#Number of threads                            :  4
