dxf,0,264.420345,35.407971
dzb,0,1060.333319,142.430118
dyb,0,332.082802,43.896449
cvx,0,391.088136,53.082750
dyf,0,332.404971,44.019150
dzb2,0,1059.556867,142.493293
dxb,0,271.435202,36.231627
cvy,0,1255.023107,155.812188
dzf,0,1058.703420,142.296603
dxb2,0,270.040183,35.983350
dyb2,0,333.507542,44.100771
cvz,0,415.758501,57.388256
dzb3,0,1060.071212,142.633227
dxb3,0,272.894002,36.532688
dyb3,0,338.403337,45.213671
csxxsyyszz,0,1101.502650,145.994286
dyf2,0,332.601341,44.050507
dxf2,0,271.861941,36.707959
csxy,0,249.514788,35.122064
dzf2,0,1632.927699,215.299988
dyf3,0,332.526747,43.975666
csyz,0,343.499933,47.528815
dxf3,0,261.943758,35.078676
dzf3,0,1059.543467,142.130487
csxz,0,339.662163,47.126754
dxf,1,263.386001,35.345282
dzb,1,1059.756684,142.803708
dyb,1,331.635037,44.082686
cvx,1,392.365371,53.450444
dyf,1,332.737932,44.147299
dzb2,1,1060.077929,142.758530
dxb,1,270.904854,36.227423
cvy,1,408.861018,55.660318
dzf,1,1059.135632,142.541459
dxb2,1,269.766454,36.114361
dyb2,1,331.558741,43.953935
cvz,1,415.100750,57.353832
dzb3,1,1059.488982,142.506257
dxb3,1,273.155447,36.358976
dyb3,1,338.684431,45.017759
csxxsyyszz,1,1093.116949,142.208771
dyf2,1,332.452124,43.985829
dxf2,1,271.408086,36.690918
csxy,1,249.497352,35.153157
dzf2,1,1633.710017,215.589764
dyf3,1,333.945143,44.220566
csyz,1,343.567261,47.559666
dxf3,1,261.705172,35.119241
dzf3,1,1058.778874,142.289764
csxz,1,339.485777,47.023134
dxf,2,264.028353,35.283269
dzb,2,1061.761439,142.371543
dyb,2,331.960763,43.915268
cvx,2,390.357546,52.767103
dyf,2,332.379559,44.023124
dzb2,2,1059.736010,142.455709
dxb,2,271.419883,36.233435
cvy,2,409.220180,55.617601
dzf,2,1058.456096,142.271973
dxb2,2,270.080464,36.066167
dyb2,2,331.995643,43.891343
cvz,2,415.854091,58.673196
dzb3,2,1058.471170,145.823373
dxb3,2,272.626070,36.425056
dyb3,2,338.282561,45.037098
csxxsyyszz,2,1099.691769,143.255325
dyf2,2,332.198738,44.000791
dxf2,2,271.950257,36.698092
csxy,2,249.563007,35.094051
dzf2,2,1636.583857,215.663880
dyf3,2,332.433934,43.874933
csyz,2,343.338227,47.482307
dxf3,2,262.126964,35.051041
dzf3,2,1059.048380,142.031884
csxz,2,339.573433,47.015733
dxf,3,263.927486,35.288349
dzb,3,1060.307050,142.166505
dyb,3,331.937498,43.831075
cvx,3,391.020176,52.625792
dyf,3,332.807585,43.958251
dzb2,3,1060.098604,142.142050
dxb,3,271.259808,36.181387
cvy,3,410.539732,55.773988
dzf,3,1057.992102,142.327658
dxb2,3,269.780675,36.057157
dyb2,3,331.786011,43.850054
cvz,3,415.410856,57.285106
dzb3,3,1060.167016,142.151972
dxb3,3,273.302090,36.400359
dyb3,3,337.576305,45.025981
csxxsyyszz,3,1094.426198,142.314845
dyf2,3,332.786104,43.949809
dxf2,3,271.943062,36.670724
csxy,3,249.474772,35.122767
dzf2,3,1633.916517,215.521828
dyf3,3,332.506356,43.962640
csyz,3,343.739636,47.520011
dxf3,3,262.009519,35.062133
dzf3,3,1059.069640,142.036732
csxz,3,339.777931,47.052143
dxf,4,263.957246,35.281122
dzb,4,1061.940542,142.367087
dyb,4,331.959543,43.828503
cvx,4,390.908784,52.677450
dyf,4,332.325433,44.025781
dzb2,4,1060.123049,142.861934
dxb,4,272.164445,37.171429
cvy,4,408.949580,55.789574
dzf,4,1057.844870,142.430967
dxb2,4,269.832756,36.182232
dyb2,4,332.048827,44.046176
cvz,4,415.438832,57.383483
dzb3,4,1059.895219,142.682771
dxb3,4,272.960791,36.523946
dyb3,4,337.800507,45.138592
csxxsyyszz,4,1098.455052,143.576934
dyf2,4,332.805635,44.092760
dxf2,4,271.661676,36.763387
csxy,4,249.624673,35.162021
dzf2,4,1633.264389,215.782440
dyf3,4,332.324598,44.122184
csyz,4,343.514876,47.674138
dxf3,4,261.753453,35.262693
dzf3,4,1058.717055,142.681097
csxz,4,340.702929,47.281575
#========================= OptEWE [OpenMP] =========================
#Source type                                  :  Force monopole
#Grid Size                                    :  768 x 768 x 768
#Iterations                                   :  5
#Compute time                                 :  69.797829
#Total effective MLUPS                        :  32.449780
#===================================================================
#Number of threads                            :  4
