dxf,0,269.032024,35.693773
dzb,0,1068.369226,142.244497
dyb,0,340.995082,44.595949
cvx,0,408.838012,54.451488
dyf,0,341.765398,44.722442
dzb2,0,1067.780824,142.348215
dxb,0,279.072407,36.803169
cvy,0,1289.684212,158.544492
dzf,0,1067.535966,142.114598
dxb2,0,278.672025,36.816555
dyb2,0,340.601145,44.608790
cvz,0,429.110395,58.576056
dzb3,0,1068.485775,142.272248
dxb3,0,282.308931,37.262790
dyb3,0,346.247155,45.683232
csxxsyyszz,0,1141.148604,146.918261
dyf2,0,342.255019,44.802449
dxf2,0,278.526883,37.190052
csxy,0,251.984404,35.111486
dzf2,0,1622.078833,212.213652
dyf3,0,342.110110,44.764833
csyz,0,345.916900,47.469617
dxf3,0,269.248605,35.695931
dzf3,0,1066.897577,142.018749
csxz,0,341.342048,46.978069
dxf,1,268.880192,35.663720
dzb,1,1069.477974,142.392975
dyb,1,340.963801,44.651551
cvx,1,407.831353,54.411706
dyf,1,341.895963,44.722209
dzb2,1,1067.894014,142.170505
dxb,1,281.275437,37.775017
cvy,1,420.420616,57.178074
dzf,1,1066.397816,142.030606
dxb2,1,278.381615,36.790988
dyb2,1,341.162562,44.680732
cvz,1,429.234841,58.604248
dzb3,1,1068.301727,142.260845
dxb3,1,282.289334,37.247530
dyb3,1,345.830913,45.708231
csxxsyyszz,1,1137.876199,146.559999
dyf2,1,342.301639,44.778078
dxf2,1,276.333989,36.980793
csxy,1,252.000947,35.159216
dzf2,1,1623.739132,212.823233
dyf3,1,341.804274,44.784705
csyz,1,346.058850,47.507017
dxf3,1,268.880742,35.684457
dzf3,1,1067.510983,142.293518
csxz,1,341.782313,47.060708
dxf,2,268.610231,35.662733
dzb,2,1068.188805,142.300465
dyb,2,340.987601,44.629244
cvx,2,408.356154,54.492513
dyf,2,341.979035,44.760119
dzb2,2,1067.651225,142.179380
dxb,2,278.781280,36.845177
cvy,2,420.405354,56.463700
dzf,2,1066.079202,141.988046
dxb2,2,278.644733,36.822403
dyb2,2,340.961441,44.663954
cvz,2,430.685264,58.829911
dzb3,2,1069.366920,142.410515
dxb3,2,282.427145,37.275286
dyb3,2,346.848813,45.709166
csxxsyyszz,2,1137.817790,146.625150
dyf2,2,341.719635,44.816952
dxf2,2,277.537432,37.193994
csxy,2,251.733628,35.179152
dzf2,2,1622.731518,212.762554
dyf3,2,341.963696,44.770075
csyz,2,346.041731,47.482542
dxf3,2,269.464915,35.750834
dzf3,2,1066.566126,142.183847
csxz,2,341.266731,46.956883
dxf,3,268.683389,35.663987
dzb,3,1066.228748,145.237224
dyb,3,341.090969,44.997903
cvx,3,407.976947,54.601703
dyf,3,341.820542,44.755320
dzb2,3,1068.679607,142.427647
dxb,3,278.721951,36.874167
cvy,3,420.013453,56.513456
dzf,3,1065.660489,142.578778
dxb2,3,279.824518,37.308400
dyb2,3,341.165310,44.848939
cvz,3,429.279712,58.653452
dzb3,3,1067.880017,142.572842
dxb3,3,282.181928,37.311480
dyb3,3,346.191498,45.721401
csxxsyyszz,3,1132.961967,146.220278
dyf2,3,342.209823,44.833962
dxf2,3,276.516148,37.012755
csxy,3,251.884962,35.173668
dzf2,3,1622.799658,212.342555
dyf3,3,342.075449,44.771982
csyz,3,346.031530,47.484374
dxf3,3,270.561988,36.907837
dzf3,3,1066.534351,142.089859
csxz,3,341.506106,46.973268
dxf,4,268.873269,35.602803
dzb,4,1068.078501,142.258819
dyb,4,342.349732,44.856397
cvx,4,408.629985,54.567301
dyf,4,341.782404,44.766892
dzb2,4,1067.762131,142.102006
dxb,4,280.575497,37.083100
cvy,4,420.540870,56.609832
dzf,4,1066.507984,142.072865
dxb2,4,278.575372,36.802169
dyb2,4,340.717411,44.609945
cvz,4,429.216115,58.592231
dzb3,4,1067.911433,142.393474
dxb3,4,282.133123,37.306020
dyb3,4,346.450871,45.716954
csxxsyyszz,4,1139.461380,146.963925
dyf2,4,341.764207,44.820681
dxf2,4,276.415764,37.002301
csxy,4,251.978181,35.147594
dzf2,4,1625.085107,213.182544
dyf3,4,341.543997,46.156608
csyz,4,346.002994,47.458833
dxf3,4,268.934535,35.628845
dzf3,4,1066.666406,142.197215
csxz,4,341.542727,47.092086
#========================= OptEWE [OpenMP] =========================
#Source type                                  :  Force monopole
#Grid Size                                    :  768 x 768 x 768
#Iterations                                   :  5
#Compute time                                 :  70.903915
#Total effective MLUPS                        :  31.943570
#===================================================================
#Number of threads                            :  4
