dxf,0,168.129714,28.781457
dzb,0,641.606132,113.049526
dyb,0,178.356869,30.907263
cvx,0,178.379429,33.042559
dyf,0,177.622980,30.863977
dzb2,0,641.728543,113.129853
dxb,0,168.092279,28.846983
cvy,0,713.217727,112.422438
dzf,0,641.851461,113.176353
dxb2,0,167.989377,28.840619
dyb2,0,178.312537,30.949731
cvz,0,228.302892,41.818265
dzb3,0,642.398780,113.334254
dxb3,0,167.813950,28.816708
dyb3,0,180.353364,31.636159
csxxsyyszz,0,444.860660,78.837960
dyf2,0,177.586028,30.882730
dxf2,0,169.941051,29.491231
csxy,0,144.032653,26.930406
dzf2,0,1043.868046,175.957940
dyf3,0,177.394621,30.876450
csyz,0,220.434621,39.459782
dxf3,0,167.307732,28.783488
dzf3,0,641.474846,113.288146
csxz,0,218.930404,39.298753
dxf,1,167.620687,28.830013
dzb,1,641.619416,113.299084
dyb,1,178.305966,30.967907
cvx,1,179.045557,33.164355
dyf,1,177.607765,30.876960
dzb2,1,641.800069,113.300916
dxb,1,167.887527,28.883732
cvy,1,231.830784,41.375700
dzf,1,641.936077,113.394686
dxb2,1,167.964745,28.869437
dyb2,1,178.586420,31.033234
cvz,1,227.818895,41.787605
dzb3,1,641.723443,113.458548
dxb3,1,167.773066,28.883646
dyb3,1,181.003922,31.945831
csxxsyyszz,1,444.560469,80.658817
dyf2,1,177.215195,31.999717
dxf2,1,169.345183,30.241484
csxy,1,143.785251,27.589166
dzf2,1,1043.924354,176.528103
dyf3,1,177.206722,30.866019
csyz,1,221.327612,39.621736
dxf3,1,167.384179,28.822267
dzf3,1,641.682741,113.295921
csxz,1,219.193907,39.348777
dxf,2,168.689854,29.036112
dzb,2,641.567187,113.506877
dyb,2,178.290784,31.046987
cvx,2,178.592917,33.112614
dyf,2,177.319428,30.895433
dzb2,2,641.775552,113.350235
dxb,2,167.963263,28.973414
cvy,2,232.075524,41.481515
dzf,2,641.769540,113.542802
dxb2,2,168.007427,28.897524
dyb2,2,178.602099,30.981510
cvz,2,228.168456,41.818689
dzb3,2,641.812563,113.425770
dxb3,2,167.777922,28.941070
dyb3,2,180.349079,31.700190
csxxsyyszz,2,444.805090,79.008377
dyf2,2,177.674966,30.901919
dxf2,2,169.907216,29.536158
csxy,2,144.120106,26.955765
dzf2,2,1043.830487,176.280989
dyf3,2,177.260474,30.913260
csyz,2,220.553281,39.564103
dxf3,2,167.431878,28.854506
dzf3,2,641.731692,113.328891
csxz,2,219.259794,39.356016
dxf,3,168.597011,29.054347
dzb,3,641.711895,113.519380
dyb,3,178.341975,31.012059
cvx,3,179.358662,33.220369
dyf,3,177.561339,30.931755
dzb2,3,641.748613,113.377041
dxb,3,169.105734,29.080870
cvy,3,231.843167,41.434129
dzf,3,641.726235,113.576808
dxb2,3,167.945986,28.912671
dyb2,3,178.540114,30.972865
cvz,3,228.042937,41.792709
dzb3,3,641.545499,113.412121
dxb3,3,167.716370,28.918048
dyb3,3,180.454373,31.717582
csxxsyyszz,3,442.301077,78.594359
dyf2,3,177.676545,30.879984
dxf2,3,169.787468,29.486175
csxy,3,144.185494,26.978982
dzf2,3,1043.744090,176.196608
dyf3,3,177.139824,30.868964
csyz,3,220.714970,39.594599
dxf3,3,167.389513,28.766729
dzf3,3,641.597259,113.312883
csxz,3,219.189791,39.342831
dxf,4,167.605803,28.947703
dzb,4,641.453487,113.505341
dyb,4,178.151339,30.980270
cvx,4,178.023526,33.020767
dyf,4,177.561699,30.959468
dzb2,4,641.812949,113.401882
dxb,4,169.026018,29.098668
cvy,4,231.863481,41.449826
dzf,4,641.708943,113.551293
dxb2,4,167.900659,28.875808
dyb2,4,178.559503,31.003137
cvz,4,228.015169,41.824177
dzb3,4,642.247147,113.524286
dxb3,4,167.743039,28.926616
dyb3,4,180.497286,31.744339
csxxsyyszz,4,442.224149,78.571725
dyf2,4,177.699082,30.938377
dxf2,4,169.726183,29.548732
csxy,4,144.150538,26.976143
dzf2,4,1044.772245,178.572897
dyf3,4,177.447879,30.897120
csyz,4,220.196087,39.455270
dxf3,4,167.455867,28.795101
dzf3,4,641.595504,113.369199
csxz,4,219.752542,39.519380
#========================= OptEWE [OpenMP] =========================
#Source type                                  :  Force monopole
#Grid Size                                    :  768 x 768 x 768
#Iterations                                   :  5
#Compute time                                 :  40.473110
#Total effective MLUPS                        :  55.961209
#===================================================================
#Number of threads                            :  9
