dxf,0,606.449730,71.540245
dzb,0,2145.837358,251.013616
dyb,0,783.932897,90.161269
cvx,0,1043.374349,120.901499
dyf,0,787.525080,90.590335
dzb2,0,2148.632206,251.204829
dxb,0,622.213712,71.731941
cvy,0,2538.166714,284.404196
dzf,0,2141.130625,250.277107
dxb2,0,621.277616,71.635651
dyb2,0,783.330005,89.737934
cvz,0,1052.517918,122.574022
dzb3,0,2146.739252,250.425173
dxb3,0,619.274875,71.421289
dyb3,0,790.479872,91.135740
csxxsyyszz,0,2876.639904,328.250043
dyf2,0,784.968105,90.029647
dxf2,0,598.598782,69.665797
csxy,0,505.682001,60.532602
dzf2,0,2576.934725,303.762670
dyf3,0,786.529813,90.089227
csyz,0,595.645864,70.982253
dxf3,0,592.421845,68.501766
dzf3,0,2141.225070,250.182859
csxz,0,585.008796,69.959252
dxf,1,596.982337,70.154782
dzb,1,2144.334272,252.593528
dyb,1,782.575124,89.895196
cvx,1,1039.253120,120.832140
dyf,1,786.561781,90.352913
dzb2,1,2145.674691,252.003340
dxb,1,622.024122,71.985708
cvy,1,1021.957309,119.033299
dzf,1,2142.108854,250.454756
dxb2,1,621.300357,71.792476
dyb2,1,781.489143,90.440773
cvz,1,1051.968639,122.595053
dzb3,1,2143.419677,250.426731
dxb3,1,620.226864,71.611397
dyb3,1,789.708223,91.106843
csxxsyyszz,1,2868.949981,327.281458
dyf2,1,785.235169,90.022046
dxf2,1,597.765596,69.609378
csxy,1,503.429656,60.308753
dzf2,1,2578.425642,304.249471
dyf3,1,786.073504,90.678015
csyz,1,591.951338,71.515805
dxf3,1,592.254608,68.627002
dzf3,1,2139.624673,250.087615
csxz,1,586.995937,70.204038
dxf,2,596.514844,69.100208
dzb,2,2145.600811,250.638297
dyb,2,785.187868,90.063890
cvx,2,1039.484896,120.357569
dyf,2,787.587423,90.273463
dzb2,2,2147.276792,250.896647
dxb,2,622.041883,71.904401
cvy,2,1022.124479,119.016985
dzf,2,2142.507504,249.990847
dxb2,2,620.590324,71.650494
dyb2,2,782.272178,89.700624
cvz,2,1052.667511,122.656236
dzb3,2,2144.036889,250.429696
dxb3,2,619.223753,71.518098
dyb3,2,791.918617,91.365361
csxxsyyszz,2,2876.713932,328.181274
dyf2,2,786.456883,90.165208
dxf2,2,597.485416,72.677890
csxy,2,500.534000,62.427531
dzf2,2,2574.792174,305.120111
dyf3,2,788.048726,90.657148
csyz,2,593.621950,70.900408
dxf3,2,592.413989,68.741962
dzf3,2,2143.660819,250.907747
csxz,2,585.049248,70.007195
dxf,3,596.416736,69.248420
dzb,3,2144.953972,251.162259
dyb,3,783.307725,90.085874
cvx,3,1040.971269,120.699592
dyf,3,787.240741,90.524825
dzb2,3,2145.081364,251.144986
dxb,3,623.846648,72.205257
cvy,3,1021.853997,119.082572
dzf,3,2142.253176,250.815100
dxb2,3,621.582662,71.886956
dyb2,3,782.862566,89.976394
cvz,3,1052.690106,122.802939
dzb3,3,2146.132122,251.129923
dxb3,3,619.424085,71.629386
dyb3,3,789.990156,91.540981
csxxsyyszz,3,2880.396314,328.736340
dyf2,3,787.148749,90.254234
dxf2,3,598.041666,69.775264
csxy,3,503.095801,60.307860
dzf2,3,2577.587912,304.200216
dyf3,3,785.209422,90.069355
csyz,3,592.970034,70.755723
dxf3,3,590.923515,68.806653
dzf3,3,2141.841232,250.731594
csxz,3,584.675945,69.927391
dxf,4,595.339048,68.967833
dzb,4,2143.453140,250.525447
dyb,4,780.715303,89.587578
cvx,4,1036.588541,120.040420
dyf,4,788.209590,90.376209
dzb2,4,2143.529885,250.516180
dxb,4,620.920644,71.752270
cvy,4,1021.369847,118.898729
dzf,4,2140.649320,250.184011
dxb2,4,620.386081,71.662944
dyb2,4,780.601346,91.479837
cvz,4,1048.602863,126.642636
dzb3,4,2144.173123,250.895101
dxb3,4,620.443091,71.834615
dyb3,4,789.780766,91.180986
csxxsyyszz,4,2871.363606,327.450877
dyf2,4,784.780044,90.025302
dxf2,4,597.744667,69.647231
csxy,4,503.074837,60.325022
dzf2,4,2576.183463,304.295800
dyf3,4,786.888005,90.227118
csyz,4,593.144211,70.799486
dxf3,4,591.422251,68.609343
dzf3,4,2141.727107,250.456515
csxz,4,584.887635,69.951882
#========================= OptEWE [OpenMP] =========================
#Source type                                  :  Force monopole
#Grid Size                                    :  768 x 768 x 768
#Iterations                                   :  5
#Compute time                                 :  148.179733
#Total effective MLUPS                        :  15.284979
#===================================================================
#Number of threads                            :  2
