dxf,0,228.160233,31.627720
dzb,0,876.512890,122.878893
dyb,0,291.092698,39.736760
cvx,0,358.750553,49.995002
dyf,0,291.467546,39.823245
dzb2,0,876.471311,123.204236
dxb,0,236.380670,32.747040
cvy,0,1168.312866,148.729469
dzf,0,876.177675,123.342587
dxb2,0,235.289408,32.535337
dyb2,0,289.962406,39.651486
cvz,0,373.950558,53.253300
dzb3,0,876.182432,123.472114
dxb3,0,236.252758,32.723860
dyb3,0,294.612396,40.657505
csxxsyyszz,0,986.317515,132.304433
dyf2,0,290.837834,39.905664
dxf2,0,234.867857,32.985249
csxy,0,201.030696,29.737564
dzf2,0,1392.545459,190.128777
dyf3,0,291.049573,39.781285
csyz,0,298.958825,42.923386
dxf3,0,229.031760,31.758450
dzf3,0,876.774529,123.120161
csxz,0,291.668698,42.051806
dxf,1,227.578792,31.657924
dzb,1,876.046596,123.100882
dyb,1,290.960205,39.769376
cvx,1,357.589163,49.955404
dyf,1,291.287139,39.802448
dzb2,1,875.871392,123.086518
dxb,1,235.925238,32.671041
cvy,1,368.291522,51.653507
dzf,1,876.211534,122.815065
dxb2,1,235.246088,32.538652
dyb2,1,290.418738,39.680697
cvz,1,373.928102,53.260697
dzb3,1,877.612417,123.165262
dxb3,1,236.445979,32.666179
dyb3,1,294.760338,40.660619
csxxsyyszz,1,981.613128,131.430929
dyf2,1,291.345795,39.737378
dxf2,1,235.055866,32.875339
csxy,1,200.985978,29.725776
dzf2,1,1393.085752,191.190404
dyf3,1,291.706925,39.839897
csyz,1,299.021980,43.133299
dxf3,1,231.142708,32.016736
dzf3,1,875.477135,122.869145
csxz,1,291.609970,42.031645
dxf,2,227.833007,31.643417
dzb,2,876.428171,122.929030
dyb,2,290.910127,39.749580
cvx,2,356.831990,49.910004
dyf,2,290.895827,39.758336
dzb2,2,876.369757,122.939801
dxb,2,236.310891,32.647143
cvy,2,368.632745,51.635359
dzf,2,877.483165,123.117174
dxb2,2,235.336375,32.528550
dyb2,2,290.079909,39.619500
cvz,2,373.883517,53.234282
dzb3,2,876.417625,122.973218
dxb3,2,236.411003,32.673142
dyb3,2,294.678028,40.652127
csxxsyyszz,2,982.252809,131.554118
dyf2,2,291.247521,39.717140
dxf2,2,235.028496,32.830356
csxy,2,200.976947,29.726057
dzf2,2,1392.579005,189.995623
dyf3,2,291.501106,39.795621
csyz,2,299.021132,42.924309
dxf3,2,229.253276,31.761750
dzf3,2,875.725543,122.847465
csxz,2,291.616287,42.044001
dxf,3,228.072357,31.634255
dzb,3,876.646582,122.937823
dyb,3,291.117964,39.702081
cvx,3,356.763787,49.882029
dyf,3,291.437662,39.754633
dzb2,3,877.715295,122.979243
dxb,3,236.432225,32.619326
cvy,3,368.451594,51.585338
dzf,3,876.007171,123.084617
dxb2,3,235.438850,32.685890
dyb2,3,290.430901,39.772745
cvz,3,374.246867,53.266600
dzb3,3,877.510126,123.351940
dxb3,3,236.401971,32.791833
dyb3,3,294.560264,40.792739
csxxsyyszz,3,981.526981,131.588017
dyf2,3,291.390336,39.862172
dxf2,3,234.802180,32.936850
csxy,3,201.016592,29.809745
dzf2,3,1385.789950,189.715339
dyf3,3,291.679613,39.837660
csyz,3,298.939668,42.913660
dxf3,3,229.131924,32.737843
dzf3,3,872.757382,128.105602
csxz,3,290.417530,42.493579
dxf,4,227.757175,31.868101
dzb,4,877.921410,123.103630
dyb,4,291.043672,39.713305
cvx,4,357.284824,49.608225
dyf,4,291.312636,39.763677
dzb2,4,876.533021,122.963329
dxb,4,236.316841,32.635181
cvy,4,368.811479,51.635350
dzf,4,877.639484,123.073084
dxb2,4,235.224432,32.507991
dyb2,4,290.721644,39.691593
cvz,4,374.332834,53.261289
dzb3,4,876.346001,122.977641
dxb3,4,236.511218,32.684632
dyb3,4,294.764687,40.684123
csxxsyyszz,4,980.568223,131.272070
dyf2,4,291.388831,39.790486
dxf2,4,235.154744,32.906780
csxy,4,200.994107,29.729341
dzf2,4,1392.402343,189.981009
dyf3,4,291.777027,39.920797
csyz,4,299.074123,42.921483
dxf3,4,230.629144,31.943627
dzf3,4,875.919757,122.911040
csxz,4,291.855790,42.131521
#========================= OptEWE [OpenMP] =========================
#Source type                                  :  Force monopole
#Grid Size                                    :  768 x 768 x 768
#Iterations                                   :  5
#Compute time                                 :  59.791058
#Total effective MLUPS                        :  37.880651
#===================================================================
#Number of threads                            :  5
