dxf,0,196.563645,33.277207
dzb,0,711.014217,123.546196
dyb,0,252.838997,42.090600
cvx,0,318.558443,53.726124
dyf,0,253.261188,42.180898
dzb2,0,711.229973,123.656754
dxb,0,204.282707,34.457335
cvy,0,981.928664,151.285685
dzf,0,711.192230,124.631198
dxb2,0,203.726284,34.656697
dyb2,0,252.598682,42.385983
cvz,0,329.131337,57.237280
dzb3,0,711.223484,124.046400
dxb3,0,205.568292,34.691510
dyb3,0,255.347824,42.916939
csxxsyyszz,0,877.741594,142.260040
dyf2,0,253.580090,42.311204
dxf2,0,199.918857,34.286953
csxy,0,161.769351,29.753774
dzf2,0,1125.371511,188.573117
dyf3,0,253.124123,42.287113
csyz,0,232.856209,41.639714
dxf3,0,196.713530,33.479922
dzf3,0,710.713580,123.791929
csxz,0,229.728354,41.158917
dxf,1,196.581753,33.388988
dzb,1,711.395197,124.072981
dyb,1,252.733456,42.232978
cvx,1,318.728561,53.954394
dyf,1,253.405637,42.197876
dzb2,1,711.298170,123.878609
dxb,1,204.244508,34.509141
cvy,1,319.951917,54.554541
dzf,1,710.858644,123.922152
dxb2,1,203.770734,34.382956
dyb2,1,252.670672,42.080111
cvz,1,329.027368,57.005481
dzb3,1,711.506043,123.834480
dxb3,1,204.006507,34.413718
dyb3,1,256.877319,43.153646
csxxsyyszz,1,871.761849,141.243016
dyf2,1,253.688815,42.252244
dxf2,1,199.984722,34.200247
csxy,1,161.676966,29.673302
dzf2,1,1126.311180,188.614307
dyf3,1,253.188546,42.180714
csyz,1,232.735573,41.539072
dxf3,1,196.903408,33.413662
dzf3,1,710.769582,123.957538
csxz,1,229.605052,41.136950
dxf,2,196.699675,33.353012
dzb,2,711.465376,123.905858
dyb,2,252.193577,42.020016
cvx,2,317.887463,53.894380
dyf,2,252.903772,42.182531
dzb2,2,710.841429,123.835912
dxb,2,204.086154,34.496875
cvy,2,319.608250,54.511127
dzf,2,710.640675,123.659459
dxb2,2,203.643267,34.375604
dyb2,2,252.489075,42.079938
cvz,2,328.655375,56.946887
dzb3,2,711.355756,123.807825
dxb3,2,203.724907,34.404912
dyb3,2,257.204435,43.212827
csxxsyyszz,2,876.705400,141.978217
dyf2,2,253.461776,42.206976
dxf2,2,199.690058,34.145509
csxy,2,161.680024,29.677087
dzf2,2,1126.146157,189.904877
dyf3,2,252.752561,44.016634
csyz,2,232.533777,41.486410
dxf3,2,196.943757,33.356353
dzf3,2,710.557661,123.484090
csxz,2,229.623678,41.092697
dxf,3,196.724850,33.311453
dzb,3,711.322641,123.592555
dyb,3,252.842511,42.033573
cvx,3,318.505076,54.037868
dyf,3,253.153648,42.253080
dzb2,3,711.307464,123.861148
dxb,3,204.218446,34.565086
cvy,3,319.847834,54.678285
dzf,3,710.964474,124.100244
dxb2,3,203.707412,34.470026
dyb2,3,252.585056,42.130117
cvz,3,328.549379,56.928521
dzb3,3,711.618623,124.153867
dxb3,3,203.903182,34.587201
dyb3,3,255.693904,43.149091
csxxsyyszz,3,870.853970,141.177209
dyf2,3,253.495436,42.368530
dxf2,3,199.869779,34.221981
csxy,3,161.770393,29.684866
dzf2,3,1125.482241,188.846703
dyf3,3,252.954414,42.220979
csyz,3,232.621125,41.598795
dxf3,3,196.900052,33.458464
dzf3,3,710.558763,123.959817
csxz,3,229.789326,41.176679
dxf,4,196.579186,33.419081
dzb,4,711.348048,124.031461
dyb,4,252.700415,42.241012
cvx,4,318.555187,54.044379
dyf,4,253.280879,42.341609
dzb2,4,711.091533,123.888997
dxb,4,204.180922,34.542009
cvy,4,321.574386,54.912683
dzf,4,710.862505,124.082944
dxb2,4,203.754203,34.519813
dyb2,4,252.737465,42.141608
cvz,4,329.038818,57.006347
dzb3,4,711.329957,124.090909
dxb3,4,203.964025,34.578493
dyb3,4,255.790810,43.090922
csxxsyyszz,4,871.732354,141.448806
dyf2,4,253.382937,42.299299
dxf2,4,199.952313,34.316442
csxy,4,161.788299,29.755274
dzf2,4,1125.088905,188.809530
dyf3,4,252.990807,42.233901
csyz,4,232.411593,41.505829
dxf3,4,196.861962,33.486418
dzf3,4,710.562064,123.860845
csxz,4,229.634909,41.269446
#========================= OptEWE [OpenMP] =========================
#Source type                                  :  Force monopole
#Grid Size                                    :  768 x 768 x 768
#Iterations                                   :  5
#Compute time                                 :  50.028034
#Total effective MLUPS                        :  45.273099
#===================================================================
#Number of threads                            :  5
