dxf,0,200.802046,28.719538
dzb,0,867.668980,123.041749
dyb,0,205.482215,29.675800
cvx,0,251.775640,36.607854
dyf,0,205.847335,29.984473
dzb2,0,867.637238,123.639177
dxb,0,200.266680,28.727858
cvy,0,1079.068831,139.204742
dzf,0,866.743639,122.647467
dxb2,0,199.993226,28.691689
dyb2,0,205.807545,29.766531
cvz,0,293.619093,42.607862
dzb3,0,867.722733,122.994702
dxb3,0,201.119556,28.833039
dyb3,0,222.484939,32.003440
csxxsyyszz,0,523.483192,75.625745
dyf2,0,205.574652,29.761151
dxf2,0,214.766500,30.708874
csxy,0,172.644743,26.043806
dzf2,0,1894.720572,249.158997
dyf3,0,205.535321,29.752602
csyz,0,256.346995,37.230177
dxf3,0,199.634369,28.655104
dzf3,0,866.843078,123.153881
csxz,0,254.003131,36.954478
dxf,1,199.999533,28.734385
dzb,1,867.696527,123.683946
dyb,1,205.300421,29.713144
cvx,1,251.473821,36.615656
dyf,1,205.355603,29.774454
dzb2,1,867.924066,123.043464
dxb,1,200.432638,28.771137
cvy,1,236.553514,34.880585
dzf,1,866.720262,123.484418
dxb2,1,200.225309,28.756988
dyb2,1,205.849844,29.805963
cvz,1,293.563611,42.647328
dzb3,1,867.500764,123.706080
dxb3,1,200.987971,28.832072
dyb3,1,222.360781,32.022185
csxxsyyszz,1,514.155130,74.528827
dyf2,1,205.597500,29.789786
dxf2,1,215.061891,30.764380
csxy,1,172.614608,26.057365
dzf2,1,1892.830448,249.337432
dyf3,1,205.399607,29.774880
csyz,1,256.265581,37.224313
dxf3,1,199.718404,28.680581
dzf3,1,866.885210,122.839029
csxz,1,254.164042,36.987817
dxf,2,200.041417,28.733671
dzb,2,868.630077,123.421473
dyb,2,205.291136,29.712668
cvx,2,251.749520,36.653933
dyf,2,205.340022,29.770087
dzb2,2,867.723406,123.720604
dxb,2,200.618714,28.789281
cvy,2,236.746272,34.898812
dzf,2,866.490062,123.006397
dxb2,2,200.127633,28.726860
dyb2,2,205.695627,29.790837
cvz,2,294.643065,43.294612
dzb3,2,867.532692,124.490688
dxb3,2,201.115549,28.848440
dyb3,2,222.279389,32.007239
csxxsyyszz,2,527.405551,76.182060
dyf2,2,205.603267,29.790249
dxf2,2,215.013536,30.748173
csxy,2,172.620852,26.052975
dzf2,2,1892.176602,249.178248
dyf3,2,205.370536,29.743382
csyz,2,256.741086,37.315400
dxf3,2,199.838783,28.716385
dzf3,2,866.763674,123.544402
csxz,2,253.848274,36.968396
dxf,3,200.151206,28.752661
dzb,3,867.895416,122.960503
dyb,3,205.321956,29.719856
cvx,3,251.662686,36.632711
dyf,3,205.586346,29.787301
dzb2,3,867.869111,123.218310
dxb,3,200.545163,28.781209
cvy,3,236.525593,34.871872
dzf,3,866.460079,123.625782
dxb2,3,199.939254,28.712047
dyb2,3,205.581103,29.766430
cvz,3,293.790168,42.684598
dzb3,3,867.862359,122.933474
dxb3,3,203.777287,29.190723
dyb3,3,222.737862,32.057596
csxxsyyszz,3,513.930262,74.468368
dyf2,3,205.691808,29.817238
dxf2,3,215.048767,30.765104
csxy,3,172.714694,26.043936
dzf2,3,1894.602557,249.200685
dyf3,3,205.484231,29.746323
csyz,3,256.376491,37.235579
dxf3,3,199.705993,28.672340
dzf3,3,866.930340,123.032444
csxz,3,254.003281,36.969879
dxf,4,200.006757,28.735252
dzb,4,867.727967,123.525042
dyb,4,205.554825,29.759894
cvx,4,251.523297,36.616398
dyf,4,205.424107,29.803738
dzb2,4,867.914621,122.935509
dxb,4,200.429405,28.760503
cvy,4,236.638518,34.892373
dzf,4,866.506957,123.240396
dxb2,4,200.594142,28.812071
dyb2,4,205.567877,29.771218
cvz,4,293.826868,42.665901
dzb3,4,868.653557,123.697262
dxb3,4,201.254221,28.866100
dyb3,4,222.230989,32.004610
csxxsyyszz,4,523.695362,75.693803
dyf2,4,205.692448,29.786651
dxf2,4,214.759082,30.691160
csxy,4,172.688924,26.048734
dzf2,4,1892.321484,249.621326
dyf3,4,205.537610,29.750824
csyz,4,256.182488,37.207154
dxf3,4,199.680473,28.664454
dzf3,4,866.919551,123.670865
csxz,4,254.045739,36.965286
#========================= OptEWE [OpenMP] =========================
#Source type                                  :  Force monopole
#Grid Size                                    :  768 x 768 x 768
#Iterations                                   :  5
#Compute time                                 :  54.259892
#Total effective MLUPS                        :  41.742143
#===================================================================
#Number of threads                            :  13
