dxf,0,174.866411,27.584679
dzb,0,681.371489,109.761412
dyb,0,194.065444,30.682266
cvx,0,206.692730,34.394589
dyf,0,195.128295,30.889823
dzb2,0,681.339302,109.812465
dxb,0,175.816143,27.723076
cvy,0,823.763264,118.235113
dzf,0,682.446590,110.017322
dxb2,0,175.472929,27.716295
dyb2,0,194.137122,30.770609
cvz,0,250.529622,41.702121
dzb3,0,681.531685,109.912074
dxb3,0,175.299266,27.660020
dyb3,0,199.462277,31.861865
csxxsyyszz,0,558.211776,88.561542
dyf2,0,195.395670,30.916777
dxf2,0,179.465153,29.195063
csxy,0,152.820633,26.523558
dzf2,0,1110.800015,172.127798
dyf3,0,194.796983,30.860661
csyz,0,238.844325,39.076299
dxf3,0,173.936094,27.529113
dzf3,0,681.434315,109.920316
csxz,0,236.251460,38.737918
dxf,1,174.627298,27.574989
dzb,1,681.321403,109.826538
dyb,1,194.133113,30.745831
cvx,1,206.571225,34.399198
dyf,1,195.030178,30.896566
dzb2,1,681.265369,109.876855
dxb,1,175.866554,27.751518
cvy,1,254.316717,41.248978
dzf,1,681.363797,109.943982
dxb2,1,175.461220,27.715313
dyb2,1,194.165548,30.787745
cvz,1,250.856965,41.776892
dzb3,1,682.386923,110.074171
dxb3,1,175.283304,27.672479
dyb3,1,199.352105,31.867078
csxxsyyszz,1,557.906998,88.578837
dyf2,1,195.336953,30.937233
dxf2,1,179.712889,28.641741
csxy,1,153.164540,26.187554
dzf2,1,1110.345654,171.642259
dyf3,1,194.915390,30.883895
csyz,1,238.335204,39.000079
dxf3,1,174.150210,27.511156
dzf3,1,681.255496,109.879751
csxz,1,236.490910,38.791091
dxf,2,174.456571,27.598087
dzb,2,681.252703,109.917453
dyb,2,194.085800,30.756533
cvx,2,206.595361,34.397630
dyf,2,194.743903,30.902801
dzb2,2,681.356322,109.932176
dxb,2,175.674001,27.754010
cvy,2,254.238444,41.266449
dzf,2,681.313717,109.962585
dxb2,2,175.549404,27.697257
dyb2,2,194.316407,30.842276
cvz,2,250.537964,41.719665
dzb3,2,681.574404,109.962622
dxb3,2,175.286389,27.680641
dyb3,2,199.335405,31.868375
csxxsyyszz,2,557.769929,88.579650
dyf2,2,195.264127,30.962125
dxf2,2,180.851971,28.810116
csxy,2,153.209941,26.190374
dzf2,2,1110.260293,171.652028
dyf3,2,194.869008,30.899786
csyz,2,237.846271,38.941852
dxf3,2,174.045160,27.492089
dzf3,2,680.996813,109.900975
csxz,2,236.168940,38.760730
dxf,3,174.433818,27.607372
dzb,3,681.926467,110.016802
dyb,3,194.142384,30.792739
cvx,3,206.579348,34.409117
dyf,3,195.033655,30.945752
dzb2,3,681.280593,109.965343
dxb,3,175.896920,27.806743
cvy,3,254.379788,41.280821
dzf,3,681.173073,109.982147
dxb2,3,175.534381,27.715713
dyb2,3,194.226564,30.801012
cvz,3,250.811828,41.775968
dzb3,3,681.556254,110.006844
dxb3,3,175.471194,27.690122
dyb3,3,199.776128,32.681038
csxxsyyszz,3,558.028970,91.062727
dyf2,3,195.262567,31.566498
dxf2,3,179.472423,29.055196
csxy,3,153.102970,26.194065
dzf2,3,1110.346996,171.789248
dyf3,3,194.902268,30.903320
csyz,3,237.850638,38.945802
dxf3,3,174.115404,27.508873
dzf3,3,681.151987,109.945208
csxz,3,236.222039,38.755922
dxf,4,174.532650,27.623262
dzb,4,681.251348,109.926585
dyb,4,194.053829,30.747135
cvx,4,206.445129,34.397058
dyf,4,194.768663,30.927847
dzb2,4,682.188196,110.032640
dxb,4,175.743937,27.739244
cvy,4,254.241708,41.246619
dzf,4,681.333831,109.961217
dxb2,4,175.347575,27.711727
dyb2,4,194.436162,30.822719
cvz,4,250.431584,41.721951
dzb3,4,681.679896,110.041771
dxb3,4,175.339871,27.681286
dyb3,4,199.210545,31.857209
csxxsyyszz,4,555.725570,88.310602
dyf2,4,195.390291,30.974443
dxf2,4,179.616767,28.645896
csxy,4,153.182065,26.196356
dzf2,4,1110.392920,172.074950
dyf3,4,194.751975,30.926811
csyz,4,237.909732,38.961202
dxf3,4,174.045715,27.622216
dzf3,4,681.201220,110.314077
csxz,4,236.986587,38.975632
#========================= OptEWE [OpenMP] =========================
#Source type                                  :  Force monopole
#Grid Size                                    :  768 x 768 x 768
#Iterations                                   :  5
#Compute time                                 :  43.782452
#Total effective MLUPS                        :  51.731323
#===================================================================
#Number of threads                            :  8
