dxf,0,232.680602,36.460378
dzb,0,780.938013,126.465518
dyb,0,303.855548,46.793878
cvx,0,412.388831,64.103551
dyf,0,306.501928,47.182886
dzb2,0,781.274922,126.534230
dxb,0,243.181775,37.928415
cvy,0,1240.095229,178.209767
dzf,0,780.154978,126.361285
dxb2,0,243.230231,37.998021
dyb2,0,304.330270,46.865369
cvz,0,420.727378,66.834461
dzb3,0,780.638690,126.465960
dxb3,0,242.457971,37.872878
dyb3,0,305.933558,47.638064
csxxsyyszz,0,1135.819094,170.228510
dyf2,0,305.132166,46.963144
dxf2,0,233.692882,37.079974
csxy,0,180.215936,30.719018
dzf2,0,1179.489461,185.976071
dyf3,0,304.529064,46.957311
csyz,0,249.810126,41.758971
dxf3,0,232.467665,36.484011
dzf3,0,780.800718,129.698035
csxz,0,247.355923,41.462663
dxf,1,232.084185,36.452713
dzb,1,779.964179,126.553679
dyb,1,303.297555,46.796450
cvx,1,412.200127,63.911429
dyf,1,305.364465,46.968311
dzb2,1,781.394743,126.605779
dxb,1,243.085269,37.968678
cvy,1,409.178058,64.169522
dzf,1,780.001527,126.422709
dxb2,1,243.014186,38.096192
dyb2,1,303.893046,46.954837
cvz,1,420.476356,66.892107
dzb3,1,780.891009,126.438309
dxb3,1,243.147338,37.976016
dyb3,1,306.713683,47.705304
csxxsyyszz,1,1130.661829,169.420856
dyf2,1,304.806435,46.969948
dxf2,1,233.230494,37.072730
csxy,1,179.834979,30.753768
dzf2,1,1179.538999,186.294497
dyf3,1,306.238385,47.172517
csyz,1,249.923596,41.783665
dxf3,1,234.304428,36.789641
dzf3,1,780.271358,126.366664
csxz,1,247.577907,41.509070
dxf,2,232.266023,36.473705
dzb,2,780.142352,126.521852
dyb,2,303.467487,46.816202
cvx,2,411.763906,63.720338
dyf,2,304.614583,46.994638
dzb2,2,781.557387,126.592206
dxb,2,243.084615,37.963739
cvy,2,409.235063,64.154315
dzf,2,780.098206,126.363935
dxb2,2,242.962716,37.982963
dyb2,2,303.522949,46.831724
cvz,2,421.594606,67.049114
dzb3,2,780.368239,126.552623
dxb3,2,242.061732,37.851782
dyb3,2,305.984459,47.588805
csxxsyyszz,2,1134.147562,169.831604
dyf2,2,305.385484,47.007230
dxf2,2,233.561288,37.054870
csxy,2,181.687123,30.966733
dzf2,2,1179.385700,186.103264
dyf3,2,304.402994,46.947073
csyz,2,249.678056,41.770342
dxf3,2,232.573260,36.523940
dzf3,2,780.095827,126.301327
csxz,2,247.341275,41.614548
dxf,3,232.333100,36.463761
dzb,3,780.784957,126.439234
dyb,3,303.567262,46.823134
cvx,3,412.407514,65.783853
dyf,3,303.957737,49.135265
dzb2,3,777.147192,130.349603
dxb,3,243.178093,37.986650
cvy,3,411.038851,64.356192
dzf,3,779.837042,126.356563
dxb2,3,243.135531,37.951595
dyb2,3,304.409179,46.877271
cvz,3,420.599043,66.815321
dzb3,3,780.608435,126.492503
dxb3,3,242.287548,37.866365
dyb3,3,305.926595,47.643083
csxxsyyszz,3,1135.777522,170.227149
dyf2,3,304.781285,46.932831
dxf2,3,233.428222,37.067904
csxy,3,180.157529,30.729602
dzf2,3,1179.273135,186.055920
dyf3,3,304.555065,46.944027
csyz,3,249.909048,41.783846
dxf3,3,232.435714,36.528538
dzf3,3,780.129036,126.528048
csxz,3,247.320234,41.506592
dxf,4,232.290755,36.497319
dzb,4,782.290807,126.822159
dyb,4,304.513774,46.927089
cvx,4,412.084181,64.195423
dyf,4,306.431164,47.214400
dzb2,4,780.894725,126.566106
dxb,4,243.105724,37.982912
cvy,4,409.115189,64.194626
dzf,4,779.789370,126.394269
dxb2,4,243.121704,38.006248
dyb2,4,303.863358,46.828829
cvz,4,420.251379,66.810631
dzb3,4,782.095094,126.765990
dxb3,4,242.537463,37.925677
dyb3,4,305.955057,47.668195
csxxsyyszz,4,1134.098311,170.021648
dyf2,4,304.716919,46.913708
dxf2,4,233.674552,37.097699
csxy,4,180.082490,30.714948
dzf2,4,1179.010481,185.993765
dyf3,4,304.589558,46.929809
csyz,4,249.768676,41.784259
dxf3,4,232.324776,36.513213
dzf3,4,780.087945,126.396315
csxz,4,247.452031,41.555091
#========================= OptEWE [OpenMP] =========================
#Source type                                  :  Force monopole
#Grid Size                                    :  768 x 768 x 768
#Iterations                                   :  5
#Compute time                                 :  57.793415
#Total effective MLUPS                        :  39.190004
#===================================================================
#Number of threads                            :  5
