dxf,0,144.942467,23.052553
dzb,0,573.983214,93.019343
dyb,0,160.305206,25.560887
cvx,0,181.502852,29.256176
dyf,0,160.425922,25.623832
dzb2,0,572.723281,93.029241
dxb,0,145.542365,23.217596
cvy,0,1017.773735,140.190463
dzf,0,572.167452,92.965870
dxb2,0,145.147640,23.185854
dyb2,0,160.383474,25.618289
cvz,0,204.070533,33.347824
dzb3,0,572.673326,93.094956
dxb3,0,145.604148,23.242061
dyb3,0,167.584512,26.690684
csxxsyyszz,0,477.938294,73.746176
dyf2,0,160.737412,25.671724
dxf2,0,155.595350,24.697292
csxy,0,144.254436,23.641918
dzf2,0,1335.366683,190.336440
dyf3,0,160.252516,25.584759
csyz,0,171.572165,28.042875
dxf3,0,144.285608,23.058520
dzf3,0,572.187023,93.054404
csxz,0,171.848123,28.130693
dxf,1,144.334553,23.068072
dzb,1,572.808491,93.169818
dyb,1,160.282753,25.577713
cvx,1,181.424056,29.298373
dyf,1,160.378858,25.654058
dzb2,1,572.682700,93.131898
dxb,1,145.487520,23.223568
cvy,1,181.689387,29.438644
dzf,1,572.019521,92.893252
dxb2,1,145.145769,23.162104
dyb2,1,160.337367,25.618100
cvz,1,204.224163,33.366981
dzb3,1,572.931042,93.132858
dxb3,1,145.621746,23.237441
dyb3,1,167.786237,26.699853
csxxsyyszz,1,475.359143,73.366624
dyf2,1,160.562186,25.641012
dxf2,1,155.501484,24.666422
csxy,1,142.553247,23.391849
dzf2,1,1334.706566,190.285718
dyf3,1,160.639812,25.618331
csyz,1,171.533625,28.036451
dxf3,1,144.172127,23.022609
dzf3,1,573.933570,93.227646
csxz,1,171.963316,28.132154
dxf,2,144.334972,23.052445
dzb,2,572.849583,93.017322
dyb,2,160.251119,25.597024
cvx,2,181.383590,29.270157
dyf,2,160.439188,25.627188
dzb2,2,572.726801,93.062615
dxb,2,145.690430,23.326573
cvy,2,182.367541,29.898612
dzf,2,572.255001,92.940341
dxb2,2,145.297688,23.202780
dyb2,2,161.228301,26.020566
cvz,2,204.076337,33.681387
dzb3,2,572.697614,93.709141
dxb3,2,145.661060,23.315306
dyb3,2,168.024116,26.831350
csxxsyyszz,2,477.656352,73.981638
dyf2,2,160.651231,25.739773
dxf2,2,155.389526,24.688005
csxy,2,142.794696,23.431964
dzf2,2,1335.368775,190.529753
dyf3,2,160.444768,25.605424
csyz,2,171.506380,28.035716
dxf3,2,144.140415,23.043955
dzf3,2,571.953734,92.949467
csxz,2,171.902608,28.132780
dxf,3,144.390584,23.078016
dzb,3,572.978487,93.018413
dyb,3,160.426549,25.587291
cvx,3,182.096801,29.362861
dyf,3,162.434390,25.948026
dzb2,3,572.707256,93.123045
dxb,3,145.424506,23.232553
cvy,3,181.741433,29.435656
dzf,3,573.869264,93.300785
dxb2,3,145.212376,23.196565
dyb2,3,160.421905,25.631979
cvz,3,204.356658,33.376724
dzb3,3,572.914914,93.151820
dxb3,3,145.604040,23.254178
dyb3,3,167.941257,26.718310
csxxsyyszz,3,476.566772,73.550552
dyf2,3,160.610353,25.666798
dxf2,3,155.460858,24.670499
csxy,3,142.755089,23.446531
dzf2,3,1334.875090,190.644962
dyf3,3,160.398114,25.587954
csyz,3,171.649432,28.061333
dxf3,3,144.147239,23.047884
dzf3,3,572.295178,93.056913
csxz,3,172.028725,28.154379
dxf,4,144.196028,23.052722
dzb,4,573.010506,93.146841
dyb,4,160.124478,25.562587
cvx,4,181.369461,29.277540
dyf,4,160.357246,25.644662
dzb2,4,572.683490,93.117186
dxb,4,145.566453,23.291251
cvy,4,181.630847,29.532009
dzf,4,572.011369,92.996689
dxb2,4,144.969411,23.170530
dyb2,4,160.506483,25.646607
cvz,4,204.128989,33.333470
dzb3,4,572.788987,93.149308
dxb3,4,145.580811,23.236108
dyb3,4,167.720882,26.692678
csxxsyyszz,4,488.437581,75.647516
dyf2,4,161.698651,25.820323
dxf2,4,155.531078,24.698978
csxy,4,142.692990,23.437447
dzf2,4,1334.385987,190.773369
dyf3,4,160.647673,25.644252
csyz,4,171.676924,28.076991
dxf3,4,144.236636,23.068229
dzf3,4,572.094194,93.038062
csxz,4,171.979972,28.231523
#========================= OptEWE [OpenMP] =========================
#Source type                                  :  Force monopole
#Grid Size                                    :  768 x 768 x 768
#Iterations                                   :  5
#Compute time                                 :  38.751915
#Total effective MLUPS                        :  58.446767
#===================================================================
#Number of threads                            :  15
