dxf,0,103.057027,20.575826
dzb,0,424.191237,86.448504
dyb,0,102.650664,20.960846
cvx,0,124.979406,25.901733
dyf,0,102.661353,21.034595
dzb2,0,423.950676,86.599530
dxb,0,101.084951,20.329606
cvy,0,1037.601438,173.688385
dzf,0,422.973187,86.416712
dxb2,0,101.353160,20.408270
dyb2,0,103.005810,21.060150
cvz,0,146.711393,30.366531
dzb3,0,423.647370,86.586418
dxb3,0,103.898113,20.849630
dyb3,0,102.985270,21.038207
csxxsyyszz,0,234.902579,48.580415
dyf2,0,102.873001,21.088223
dxf2,0,101.314759,20.403366
csxy,0,102.743086,21.357842
dzf2,0,422.799497,86.521577
dyf3,0,102.923509,21.106617
csyz,0,124.156778,25.672616
dxf3,0,100.963398,20.379387
dzf3,0,423.101924,86.569762
csxz,0,124.037662,25.660906
dxf,1,100.925446,20.352556
dzb,1,424.050209,86.699104
dyb,1,102.757094,21.020371
cvx,1,125.015737,25.926983
dyf,1,102.888691,21.096262
dzb2,1,423.893213,86.702742
dxb,1,101.034226,20.386965
cvy,1,125.164763,25.972180
dzf,1,422.767707,86.571283
dxb2,1,101.260600,20.415316
dyb2,1,103.250974,21.133876
cvz,1,146.712225,30.402638
dzb3,1,423.658224,86.703398
dxb3,1,101.143143,20.400596
dyb3,1,102.986762,21.095575
csxxsyyszz,1,234.804602,48.609029
dyf2,1,103.142063,21.134422
dxf2,1,101.356574,20.424579
csxy,1,102.694978,21.336733
dzf2,1,422.783797,86.511135
dyf3,1,102.751752,21.077570
csyz,1,124.083457,25.655608
dxf3,1,100.970120,20.378888
dzf3,1,423.078503,86.526893
csxz,1,124.015810,25.692064
dxf,2,100.944906,20.372933
dzb,2,424.057391,86.766271
dyb,2,102.650266,21.040713
cvx,2,125.208555,26.007024
dyf,2,102.723717,21.096142
dzb2,2,423.927696,86.805428
dxb,2,101.034963,20.386133
cvy,2,125.790436,26.117981
dzf,2,422.693127,86.537194
dxb2,2,101.226087,20.407744
dyb2,2,103.088078,21.113788
cvz,2,146.707710,30.390427
dzb3,2,423.626190,86.704193
dxb3,2,101.170924,20.404726
dyb3,2,103.048268,21.096924
csxxsyyszz,2,234.695339,48.624323
dyf2,2,102.961936,21.120067
dxf2,2,103.018194,20.726156
csxy,2,102.703101,21.358541
dzf2,2,422.846199,86.593464
dyf3,2,102.706181,21.094763
csyz,2,124.180064,25.714266
dxf3,2,100.877575,20.368492
dzf3,2,423.215072,86.685647
csxz,2,123.992680,25.725133
dxf,3,100.971105,20.395296
dzb,3,424.078003,86.785421
dyb,3,102.787260,21.041985
cvx,3,125.147208,25.987753
dyf,3,102.704436,21.075024
dzb2,3,423.977179,86.747100
dxb,3,101.057121,20.370736
cvy,3,125.146142,25.968070
dzf,3,422.883718,86.633936
dxb2,3,101.225794,20.435939
dyb2,3,103.080343,21.134415
cvz,3,146.715174,30.424563
dzb3,3,423.770019,86.780744
dxb3,3,101.160627,20.397493
dyb3,3,103.094390,21.129563
csxxsyyszz,3,233.109329,48.350470
dyf2,3,103.010806,21.136590
dxf2,3,101.293057,20.442512
csxy,3,102.636945,21.362054
dzf2,3,422.972315,86.638120
dyf3,3,102.836193,21.121095
csyz,3,124.165883,25.717365
dxf3,3,100.979054,20.401728
dzf3,3,423.212072,86.711297
csxz,3,124.029941,25.720831
dxf,4,100.950436,20.393596
dzb,4,424.192620,86.869369
dyb,4,102.916778,21.090022
cvx,4,125.002355,25.970469
dyf,4,102.745661,21.097685
dzb2,4,433.982856,89.092064
dxb,4,101.082910,20.410528
cvy,4,125.189410,25.996393
dzf,4,422.805000,86.637753
dxb2,4,101.164986,20.418752
dyb2,4,103.057864,21.114593
cvz,4,146.670785,30.416473
dzb3,4,423.655164,86.772425
dxb3,4,101.189674,20.414648
dyb3,4,102.888382,21.101269
csxxsyyszz,4,235.181628,48.701078
dyf2,4,102.770185,21.101485
dxf2,4,101.423906,20.455749
csxy,4,102.750047,21.383741
dzf2,4,423.941140,86.845213
dyf3,4,102.988752,21.161217
csyz,4,124.144849,25.718797
dxf3,4,100.911310,20.392246
dzf3,4,423.132196,86.718452
csxz,4,124.047476,25.812423
#========================= OptEWE [OpenMP] =========================
#Source type                                  :  Force monopole
#Grid Size                                    :  768 x 768 x 768
#Iterations                                   :  5
#Compute time                                 :  24.666199
#Total effective MLUPS                        :  91.822992
#===================================================================
#Number of threads                            :  22
