dxf,0,325.602821,46.647208
dzb,0,1067.172468,156.767407
dyb,0,436.804024,61.540749
cvx,0,625.736023,88.213683
dyf,0,437.561713,61.549183
dzb2,0,1064.412027,156.475678
dxb,0,342.100740,48.807904
cvy,0,1703.805299,228.556481
dzf,0,1064.203916,156.429611
dxb2,0,342.673949,48.824811
dyb2,0,437.107003,61.560645
cvz,0,636.582359,91.665612
dzb3,0,1064.988407,156.556913
dxb3,0,341.447029,48.740691
dyb3,0,440.098099,62.418007
csxxsyyszz,0,1728.538721,238.668977
dyf2,0,437.995302,61.706827
dxf2,0,325.987778,47.182991
csxy,0,253.937365,38.914655
dzf2,0,1422.782214,207.941139
dyf3,0,440.496153,62.039073
csyz,0,311.291328,47.649701
dxf3,0,325.721972,46.674862
dzf3,0,1064.358909,156.385746
csxz,0,309.978488,47.578457
dxf,1,325.800678,46.646162
dzb,1,1065.094989,156.643202
dyb,1,436.349209,61.452761
cvx,1,626.543870,88.377478
dyf,1,437.395207,61.601733
dzb2,1,1066.128261,156.606426
dxb,1,342.060155,48.804724
cvy,1,622.651187,88.620649
dzf,1,1063.859301,156.344484
dxb2,1,342.468787,49.173638
dyb2,1,434.256475,63.057574
cvz,1,635.026535,91.666003
dzb3,1,1065.174609,156.625337
dxb3,1,340.577855,48.643379
dyb3,1,438.021789,62.241526
csxxsyyszz,1,1723.375489,237.944449
dyf2,1,437.369670,61.637490
dxf2,1,325.320589,47.001114
csxy,1,253.514119,38.872661
dzf2,1,1422.921973,208.107704
dyf3,1,439.013375,61.853349
csyz,1,310.944383,47.642508
dxf3,1,325.108490,46.628709
dzf3,1,1063.303611,156.358792
csxz,1,309.886543,47.597102
dxf,2,325.138861,46.626602
dzb,2,1064.055806,156.481580
dyb,2,437.148529,61.939041
cvx,2,626.398000,88.393932
dyf,2,436.668854,61.536659
dzb2,2,1064.579690,156.242670
dxb,2,342.071232,48.727499
cvy,2,624.387817,88.698476
dzf,2,1062.159676,156.422974
dxb2,2,341.998496,48.826142
dyb2,2,436.134381,61.482748
cvz,2,635.242988,91.357687
dzb3,2,1064.610587,156.827572
dxb3,2,340.569370,48.650134
dyb3,2,439.334119,62.533507
csxxsyyszz,2,1723.737577,238.222151
dyf2,2,438.141596,61.626356
dxf2,2,326.305395,47.078008
csxy,2,254.001417,38.895082
dzf2,2,1424.647865,208.288808
dyf3,2,437.052609,61.627901
csyz,2,310.937228,47.661842
dxf3,2,325.001015,46.643732
dzf3,2,1063.233975,157.427510
csxz,2,308.830191,48.622199
dxf,3,323.750328,48.877706
dzb,3,1060.329846,159.586752
dyb,3,436.241866,61.450467
cvx,3,628.091464,88.602892
dyf,3,437.897205,61.683281
dzb2,3,1064.064915,156.594592
dxb,3,342.125449,48.802851
cvy,3,622.560952,88.561289
dzf,3,1063.488735,156.527439
dxb2,3,342.543160,48.914092
dyb2,3,435.987844,61.498104
cvz,3,636.154617,91.576349
dzb3,3,1064.596205,156.513365
dxb3,3,341.430396,48.720772
dyb3,3,439.037794,62.384805
csxxsyyszz,3,1726.433885,238.231135
dyf2,3,438.697196,61.787881
dxf2,3,325.979184,47.069225
csxy,3,253.920777,38.914727
dzf2,3,1425.248938,208.277480
dyf3,3,437.918005,61.745564
csyz,3,313.214514,47.917469
dxf3,3,325.873111,46.698513
dzf3,3,1064.099845,156.418805
csxz,3,309.802053,47.577401
dxf,4,327.511012,46.942580
dzb,4,1065.031189,156.581291
dyb,4,436.154235,61.454927
cvx,4,626.387828,88.346989
dyf,4,438.027165,61.715288
dzb2,4,1064.266061,156.441741
dxb,4,342.080954,48.791159
cvy,4,622.575337,88.520558
dzf,4,1063.611286,156.337248
dxb2,4,342.747235,48.897899
dyb2,4,435.949787,61.487499
cvz,4,636.187777,91.586856
dzb3,4,1064.867719,156.492971
dxb3,4,341.678252,49.489055
dyb3,4,437.798333,63.549069
csxxsyyszz,4,1717.588459,236.979740
dyf2,4,437.803299,61.671050
dxf2,4,325.492414,47.035768
csxy,4,253.536624,38.877852
dzf2,4,1423.423461,208.167685
dyf3,4,438.022523,61.704430
csyz,4,311.047558,47.635988
dxf3,4,325.148692,46.637955
dzf3,4,1062.887179,156.373027
csxz,4,309.729143,47.634682
#========================= OptEWE [OpenMP] =========================
#Source type                                  :  Force monopole
#Grid Size                                    :  768 x 768 x 768
#Iterations                                   :  5
#Compute time                                 :  80.365486
#Total effective MLUPS                        :  28.182797
#===================================================================
#Number of threads                            :  4
