dxf,0,206.038471,31.614151
dzb,0,872.787972,134.743755
dyb,0,211.696410,32.938296
cvx,0,224.247356,36.835356
dyf,0,211.255252,32.955199
dzb2,0,872.501309,134.839633
dxb,0,205.539641,31.601967
cvy,0,849.325625,121.484750
dzf,0,873.042581,134.892808
dxb2,0,205.415194,31.628729
dyb2,0,212.570925,33.076755
cvz,0,281.029131,45.760950
dzb3,0,873.320647,135.017614
dxb3,0,205.316828,31.605029
dyb3,0,216.737614,34.055270
csxxsyyszz,0,489.711422,78.813366
dyf2,0,211.428886,32.972731
dxf2,0,208.265856,32.405671
csxy,0,180.099348,29.788877
dzf2,0,1310.272210,198.039975
dyf3,0,211.267650,32.960232
csyz,0,272.550412,43.493549
dxf3,0,205.458300,31.604473
dzf3,0,872.701612,134.959332
csxz,0,270.818809,43.300392
dxf,1,205.332965,31.625368
dzb,1,873.452865,135.044918
dyb,1,212.081777,33.170605
cvx,1,224.522191,36.996239
dyf,1,211.366017,33.040328
dzb2,1,872.662245,135.328668
dxb,1,205.535687,31.834325
cvy,1,289.150185,47.976573
dzf,1,872.883056,139.437696
dxb2,1,205.325728,31.680296
dyb2,1,212.496022,33.078754
cvz,1,280.998895,45.803691
dzb3,1,873.360477,135.129573
dxb3,1,205.233245,31.608398
dyb3,1,216.802388,34.084840
csxxsyyszz,1,482.169746,77.737915
dyf2,1,211.465400,32.973337
dxf2,1,208.306223,32.404884
csxy,1,180.087580,29.773448
dzf2,1,1311.704676,198.202767
dyf3,1,211.388705,32.975893
csyz,1,272.306881,43.468724
dxf3,1,205.544686,31.611059
dzf3,1,872.836871,135.290460
csxz,1,270.442564,43.271928
dxf,2,205.347591,31.700658
dzb,2,872.917449,135.081600
dyb,2,211.985804,33.089192
cvx,2,224.553002,36.947041
dyf,2,211.364914,33.068189
dzb2,2,872.944783,135.075093
dxb,2,205.648557,31.745257
cvy,2,289.093756,46.006389
dzf,2,872.688836,135.112373
dxb2,2,205.471396,31.648798
dyb2,2,212.269597,33.146170
cvz,2,280.853325,45.799383
dzb3,2,873.218738,135.065604
dxb3,2,205.392552,31.634049
dyb3,2,216.614244,34.045573
csxxsyyszz,2,489.681272,78.817240
dyf2,2,211.495567,32.963520
dxf2,2,208.179341,32.385022
csxy,2,180.088356,29.777164
dzf2,2,1311.185433,198.319288
dyf3,2,211.203153,33.005202
csyz,2,272.480231,43.571104
dxf3,2,205.496327,31.694457
dzf3,2,872.993577,135.224354
csxz,2,271.032959,43.426205
dxf,3,205.413610,31.696212
dzb,3,872.861371,135.186274
dyb,3,211.550969,33.029139
cvx,3,224.317184,36.952285
dyf,3,211.295676,32.963365
dzb2,3,873.056072,135.130867
dxb,3,205.373441,31.691502
cvy,3,289.743711,46.192589
dzf,3,873.044867,135.152954
dxb2,3,205.481269,31.620167
dyb2,3,212.330030,33.105624
cvz,3,281.028179,45.803123
dzb3,3,873.975885,135.218549
dxb3,3,205.401156,31.598660
dyb3,3,216.916639,34.152803
csxxsyyszz,3,486.906408,78.498939
dyf2,3,211.323207,32.959599
dxf2,3,208.404594,32.478863
csxy,3,180.154263,29.789051
dzf2,3,1306.403146,198.479637
dyf3,3,211.155322,32.891034
csyz,3,272.710177,43.516805
dxf3,3,205.530835,31.633503
dzf3,3,872.782581,134.908442
csxz,3,270.817066,43.294762
dxf,4,205.414570,31.597126
dzb,4,873.032350,134.955707
dyb,4,211.914106,33.031489
cvx,4,224.378719,36.923329
dyf,4,211.452355,33.025159
dzb2,4,872.899036,135.025942
dxb,4,205.679111,31.696069
cvy,4,289.360135,46.048408
dzf,4,872.913750,135.010989
dxb2,4,205.459850,31.654216
dyb2,4,212.177270,33.105478
cvz,4,281.755038,45.906158
dzb3,4,872.556991,134.964421
dxb3,4,205.421916,31.624927
dyb3,4,216.861971,34.071701
csxxsyyszz,4,486.670946,78.392914
dyf2,4,211.450947,32.999873
dxf2,4,208.066704,32.376541
csxy,4,180.081810,29.765816
dzf2,4,1310.650642,198.133010
dyf3,4,211.270015,32.947831
csyz,4,272.436708,43.535932
dxf3,4,205.447201,31.708591
dzf3,4,872.837313,135.265812
csxz,4,271.103578,43.377324
#========================= OptEWE [OpenMP] =========================
#Source type                                  :  Force monopole
#Grid Size                                    :  768 x 768 x 768
#Iterations                                   :  5
#Compute time                                 :  51.514874
#Total effective MLUPS                        :  43.966412
#===================================================================
#Number of threads                            :  9
