dxf,0,89.375528,17.491331
dzb,0,338.349912,69.135707
dyb,0,95.272565,18.857460
cvx,0,106.383094,21.556366
dyf,0,95.267785,18.915565
dzb2,0,339.838090,69.492652
dxb,0,88.510722,17.423827
cvy,0,964.430163,152.763712
dzf,0,337.388929,69.092822
dxb2,0,88.494823,17.440240
dyb2,0,95.460917,18.943456
cvz,0,122.059943,25.072859
dzb3,0,337.930860,69.259750
dxb3,0,88.247785,17.408468
dyb3,0,95.521007,18.949964
csxxsyyszz,0,271.239875,51.902072
dyf2,0,95.254119,18.911747
dxf2,0,88.315790,17.444208
csxy,0,86.098638,17.783404
dzf2,0,337.520275,69.240316
dyf3,0,95.524007,18.968901
csyz,0,103.284446,21.294301
dxf3,0,87.808505,17.378314
dzf3,0,337.604218,69.281064
csxz,0,103.264318,21.342644
dxf,1,87.898503,17.403903
dzb,1,338.319392,69.413560
dyb,1,95.214089,18.909812
cvx,1,106.286459,21.596940
dyf,1,95.230167,18.961479
dzb2,1,338.308157,69.425310
dxb,1,88.401638,17.460305
cvy,1,105.709492,21.519908
dzf,1,337.351090,69.266810
dxb2,1,88.596246,17.510309
dyb2,1,95.586328,18.978197
cvz,1,122.166658,25.134188
dzb3,1,337.931884,69.383694
dxb3,1,88.328736,17.452776
dyb3,1,95.565624,18.976795
csxxsyyszz,1,271.294275,51.990118
dyf2,1,95.414079,18.958752
dxf2,1,88.249348,17.449470
csxy,1,86.128377,17.803249
dzf2,1,337.507279,69.316800
dyf3,1,95.458371,18.979362
csyz,1,103.216419,21.301779
dxf3,1,87.715568,17.374581
dzf3,1,337.737554,69.356622
csxz,1,103.219578,21.355516
dxf,2,87.779986,17.393259
dzb,2,338.260203,69.458373
dyb,2,95.157769,18.924746
cvx,2,106.344418,21.626934
dyf,2,95.178302,18.945633
dzb2,2,338.301870,69.468670
dxb,2,88.305560,17.463528
cvy,2,105.891605,21.555003
dzf,2,337.458761,69.321021
dxb2,2,88.583900,17.495689
dyb2,2,95.406525,18.955776
cvz,2,122.124191,25.127913
dzb3,2,339.479042,69.657663
dxb3,2,88.594338,17.496274
dyb3,2,95.386960,18.959141
csxxsyyszz,2,271.389580,52.016832
dyf2,2,95.386089,18.956633
dxf2,2,88.232079,17.464069
csxy,2,86.054468,17.793350
dzf2,2,337.497913,69.315623
dyf3,2,95.380554,18.989579
csyz,2,103.383070,21.335188
dxf3,2,87.785516,17.392628
dzf3,2,337.782285,69.387978
csxz,2,103.264474,21.355707
dxf,3,87.894555,17.419663
dzb,3,338.234776,69.465711
dyb,3,95.337616,18.939873
cvx,3,106.269058,21.614068
dyf,3,95.291645,18.968931
dzb2,3,338.352525,69.477704
dxb,3,88.367407,17.483982
cvy,3,105.730556,21.527284
dzf,3,337.488712,69.353431
dxb2,3,88.664083,17.519530
dyb2,3,95.402503,18.973910
cvz,3,122.109484,25.132150
dzb3,3,337.982223,69.445126
dxb3,3,88.293517,17.451213
dyb3,3,95.541420,18.993043
csxxsyyszz,3,270.793234,51.931073
dyf2,3,95.348754,18.957568
dxf2,3,88.154605,17.444816
csxy,3,86.150641,17.830490
dzf2,3,337.440695,69.340950
dyf3,3,95.495969,19.001851
csyz,3,103.251547,21.330909
dxf3,3,87.764372,17.398670
dzf3,3,337.704493,69.391049
csxz,3,103.190820,21.336176
dxf,4,87.792576,17.412646
dzb,4,338.280892,69.502170
dyb,4,95.336457,18.966057
cvx,4,106.260542,21.608523
dyf,4,95.289058,18.975784
dzb2,4,338.256136,69.494721
dxb,4,88.357806,17.482205
cvy,4,105.728670,21.535793
dzf,4,337.323579,69.318004
dxb2,4,88.556363,17.502673
dyb2,4,95.415638,18.978367
cvz,4,122.142993,25.144218
dzb3,4,337.917052,69.431237
dxb3,4,88.307669,17.462841
dyb3,4,95.391724,18.978404
csxxsyyszz,4,271.178150,52.014054
dyf2,4,95.272545,18.938610
dxf2,4,88.269286,17.459542
csxy,4,86.055836,17.801578
dzf2,4,337.581165,69.381143
dyf3,4,95.553700,19.001764
csyz,4,103.241602,21.323938
dxf3,4,87.724662,17.395110
dzf3,4,339.781266,69.741971
csxz,4,103.362747,21.491264
#========================= OptEWE [OpenMP] =========================
#Source type                                  :  Force monopole
#Grid Size                                    :  768 x 768 x 768
#Iterations                                   :  5
#Compute time                                 :  20.998827
#Total effective MLUPS                        :  107.859556
#===================================================================
#Number of threads                            :  23
