dxf,0,134.806253,25.707106
dzb,0,584.652383,112.399542
dyb,0,132.508247,25.833298
cvx,0,164.477477,32.366764
dyf,0,132.708001,25.982790
dzb2,0,584.752831,112.720086
dxb,0,131.758304,25.337468
cvy,0,1231.215636,202.956606
dzf,0,583.080234,112.431446
dxb2,0,131.634023,25.326930
dyb2,0,132.804728,25.965801
cvz,0,194.988325,38.243079
dzb3,0,584.422607,112.747559
dxb3,0,131.577335,25.426701
dyb3,0,132.998463,26.077375
csxxsyyszz,0,291.515283,57.755096
dyf2,0,132.888254,25.999239
dxf2,0,131.879083,25.400233
csxy,0,134.193545,26.484847
dzf2,0,583.004705,112.543200
dyf3,0,132.524448,25.976645
csyz,0,163.869207,32.165042
dxf3,0,131.596490,25.350134
dzf3,0,583.366400,112.675597
csxz,0,163.864930,32.185182
dxf,1,131.584466,25.320734
dzb,1,584.442944,112.721064
dyb,1,132.652139,25.909610
cvx,1,164.600460,32.458392
dyf,1,132.587363,26.014456
dzb2,1,584.621990,112.903248
dxb,1,131.694320,25.361181
cvy,1,164.686725,32.406949
dzf,1,582.905595,112.506766
dxb2,1,131.613710,25.337370
dyb2,1,132.841881,25.981120
cvz,1,195.103581,38.320397
dzb3,1,584.257425,112.709959
dxb3,1,131.594016,25.334074
dyb3,1,132.800972,25.944750
csxxsyyszz,1,288.566568,57.308946
dyf2,1,132.880508,26.030572
dxf2,1,131.804973,25.394259
csxy,1,134.195146,26.499100
dzf2,1,583.214453,112.602757
dyf3,1,132.492171,25.954128
csyz,1,163.861896,32.128351
dxf3,1,132.900771,25.550420
dzf3,1,583.045228,112.601230
csxz,1,163.856026,32.198329
dxf,2,131.571133,25.359964
dzb,2,584.689173,112.948775
dyb,2,132.413117,25.913814
cvx,2,164.552208,32.461515
dyf,2,132.640954,26.025837
dzb2,2,584.560561,112.917446
dxb,2,131.612578,25.356449
cvy,2,164.572410,32.425225
dzf,2,582.964223,112.672682
dxb2,2,131.678687,25.391586
dyb2,2,132.713115,25.982306
cvz,2,194.945735,38.266181
dzb3,2,584.294184,112.771018
dxb3,2,131.478543,25.334827
dyb3,2,132.883858,25.994412
csxxsyyszz,2,291.130565,57.786559
dyf2,2,132.716635,26.005032
dxf2,2,132.004542,25.434516
csxy,2,134.289982,26.527331
dzf2,2,583.263059,112.647660
dyf3,2,132.501019,26.004313
csyz,2,163.813277,32.144508
dxf3,2,132.887752,25.595643
dzf3,2,583.139940,112.667991
csxz,2,163.822213,32.189575
dxf,3,131.654858,25.377711
dzb,3,584.667069,112.983042
dyb,3,132.511166,25.997157
cvx,3,164.618007,32.500403
dyf,3,132.527915,26.033699
dzb2,3,584.916910,113.051659
dxb,3,131.635242,25.391621
cvy,3,164.599038,32.419317
dzf,3,583.005582,112.645769
dxb2,3,131.665638,25.391421
dyb2,3,134.891980,26.386631
cvz,3,194.974358,38.304378
dzb3,3,584.356842,112.916362
dxb3,3,131.642751,25.390471
dyb3,3,132.580047,25.994964
csxxsyyszz,3,290.427753,57.718039
dyf2,3,132.906667,26.087768
dxf2,3,131.824710,25.443903
csxy,3,134.203333,26.522550
dzf2,3,583.093201,112.685250
dyf3,3,132.583434,26.039534
csyz,3,163.805635,32.179492
dxf3,3,131.702264,25.393285
dzf3,3,583.094611,112.694991
csxz,3,163.921141,32.200320
dxf,4,131.718880,25.371111
dzb,4,584.394178,112.752795
dyb,4,132.623377,25.951870
cvx,4,164.527689,32.477616
dyf,4,132.654451,26.040612
dzb2,4,584.589235,112.983464
dxb,4,131.741777,25.439287
cvy,4,164.571667,32.429416
dzf,4,582.934963,112.658916
dxb2,4,131.723880,25.379378
dyb2,4,132.983185,26.053415
cvz,4,195.013838,38.287922
dzb3,4,584.280339,112.839636
dxb3,4,131.577476,25.363784
dyb3,4,133.054391,26.074471
csxxsyyszz,4,289.786965,57.541756
dyf2,4,132.819447,26.027407
dxf2,4,131.997734,25.432514
csxy,4,134.240909,26.515293
dzf2,4,583.185070,112.667988
dyf3,4,132.757002,26.064335
csyz,4,163.753509,32.148783
dxf3,4,131.548375,25.357309
dzf3,4,583.132063,112.689271
csxz,4,163.784365,32.236452
#========================= OptEWE [OpenMP] =========================
#Source type                                  :  Force monopole
#Grid Size                                    :  768 x 768 x 768
#Iterations                                   :  5
#Compute time                                 :  32.902802
#Total effective MLUPS                        :  68.836818
#===================================================================
#Number of threads                            :  21
