dxf,0,163.616593,29.496848
dzb,0,612.961886,114.418218
dyb,0,170.353239,31.057648
cvx,0,169.354248,33.215344
dyf,0,169.733146,31.050867
dzb2,0,613.008802,114.519760
dxb,0,163.506680,29.549372
cvy,0,679.577029,112.699889
dzf,0,613.098468,114.568910
dxb2,0,163.552601,29.545777
dyb2,0,170.434270,31.160487
cvz,0,214.922846,41.701872
dzb3,0,613.103910,114.642453
dxb3,0,163.456537,29.591576
dyb3,0,171.822131,31.712852
csxxsyyszz,0,411.924599,77.244588
dyf2,0,169.834863,31.068606
dxf2,0,162.486660,29.778157
csxy,0,137.203570,27.301536
dzf2,0,963.313314,172.402258
dyf3,0,169.355979,31.085363
csyz,0,208.365986,39.464765
dxf3,0,163.163486,29.623072
dzf3,0,612.622303,114.722378
csxz,0,207.497432,39.369162
dxf,1,163.061452,29.512145
dzb,1,613.030233,114.661944
dyb,1,170.335893,31.138539
cvx,1,168.984859,33.230126
dyf,1,169.758630,31.091019
dzb2,1,613.642709,114.791844
dxb,1,163.572949,29.587743
cvy,1,217.644315,41.103966
dzf,1,613.014456,114.688398
dxb2,1,163.521481,29.602962
dyb2,1,170.471967,31.162919
cvz,1,214.851852,41.723284
dzb3,1,612.984000,114.747183
dxb3,1,163.494488,29.579620
dyb3,1,171.500075,31.677203
csxxsyyszz,1,409.257299,76.802333
dyf2,1,170.065727,31.146004
dxf2,1,162.406592,29.768682
csxy,1,136.949508,27.175173
dzf2,1,962.752731,172.131620
dyf3,1,169.459044,31.034664
csyz,1,207.993672,39.424379
dxf3,1,163.142108,29.544046
dzf3,1,612.721276,114.627898
csxz,1,206.886455,39.270505
dxf,2,163.191070,29.555880
dzb,2,613.017545,114.676018
dyb,2,170.139568,31.054551
cvx,2,168.881611,33.215162
dyf,2,169.749088,31.072272
dzb2,2,612.973570,114.714032
dxb,2,163.636096,29.650116
cvy,2,217.689174,41.118900
dzf,2,613.642474,114.863267
dxb2,2,163.391775,29.579109
dyb2,2,170.280264,31.154605
cvz,2,214.562092,41.682783
dzb3,2,613.128697,114.738434
dxb3,2,164.516242,29.785863
dyb3,2,171.655681,31.726409
csxxsyyszz,2,409.683370,76.899859
dyf2,2,169.989513,31.136163
dxf2,2,162.463047,29.825218
csxy,2,136.986232,27.161366
dzf2,2,963.377717,172.273395
dyf3,2,169.248490,31.056355
csyz,2,208.174759,39.445275
dxf3,2,163.069500,29.540533
dzf3,2,612.729496,114.670476
csxz,2,206.947006,39.308862
dxf,3,163.000456,29.522592
dzb,3,613.052310,114.721896
dyb,3,170.411162,31.186480
cvx,3,169.086379,33.248957
dyf,3,169.626228,31.122196
dzb2,3,612.953300,114.721345
dxb,3,163.666504,29.648186
cvy,3,217.531623,41.107764
dzf,3,613.092518,114.762069
dxb2,3,163.520095,29.599862
dyb2,3,170.480663,31.187553
cvz,3,214.548544,41.688097
dzb3,3,613.067492,114.756761
dxb3,3,163.502831,29.589429
dyb3,3,171.657231,31.744556
csxxsyyszz,3,409.567755,76.883888
dyf2,3,169.908542,31.117979
dxf2,3,162.383720,29.809541
csxy,3,136.842175,27.130076
dzf2,3,963.186954,172.267105
dyf3,3,169.574715,31.091300
csyz,3,208.495641,39.514391
dxf3,3,163.183582,29.535857
dzf3,3,612.702355,114.677122
csxz,3,205.788944,39.484759
dxf,4,163.101515,29.608979
dzb,4,612.983027,114.755611
dyb,4,170.008636,31.168043
cvx,4,168.474067,33.159536
dyf,4,169.929377,31.160674
dzb2,4,612.997303,114.755913
dxb,4,163.507046,29.669220
cvy,4,218.557860,41.272788
dzf,4,613.145432,114.811729
dxb2,4,163.452723,29.629520
dyb2,4,170.431998,31.179146
cvz,4,214.878828,41.748667
dzb3,4,613.074427,114.834071
dxb3,4,163.420305,29.603587
dyb3,4,171.464824,31.799910
csxxsyyszz,4,411.946911,77.431305
dyf2,4,169.967744,31.148452
dxf2,4,162.517694,29.833144
csxy,4,136.948493,27.166288
dzf2,4,963.161589,172.253835
dyf3,4,169.513569,31.129778
csyz,4,208.156242,39.444864
dxf3,4,163.142088,29.562581
dzf3,4,613.562836,114.710059
csxz,4,206.806257,39.292810
#========================= OptEWE [OpenMP] =========================
#Source type                                  :  Force monopole
#Grid Size                                    :  768 x 768 x 768
#Iterations                                   :  5
#Compute time                                 :  38.429314
#Total effective MLUPS                        :  58.937409
#===================================================================
#Number of threads                            :  10
