dxf,0,99.117608,18.616813
dzb,0,406.266141,77.866430
dyb,0,99.719858,19.100672
cvx,0,121.261401,23.558477
dyf,0,99.553881,19.133442
dzb2,0,406.278895,78.012516
dxb,0,97.286626,18.380047
cvy,0,1094.948012,168.054035
dzf,0,405.023751,77.790432
dxb2,0,97.457451,18.432501
dyb2,0,99.832558,19.169210
cvz,0,141.994288,27.600387
dzb3,0,405.969086,78.028354
dxb3,0,97.346943,18.416148
dyb3,0,99.957422,19.190835
csxxsyyszz,0,250.017598,47.685523
dyf2,0,99.634819,19.180195
dxf2,0,97.637587,18.490611
csxy,0,99.384086,19.387768
dzf2,0,405.068786,77.920254
dyf3,0,99.727444,19.212343
csyz,0,120.016325,23.317597
dxf3,0,97.317474,18.436131
dzf3,0,405.484167,78.003769
csxz,0,119.971453,23.344982
dxf,1,97.227001,18.425375
dzb,1,406.440801,78.196518
dyb,1,99.538746,19.131149
cvx,1,121.080125,23.594012
dyf,1,99.600783,19.181779
dzb2,1,408.190059,78.479390
dxb,1,97.514142,18.472034
cvy,1,121.184125,23.599869
dzf,1,405.103689,77.987932
dxb2,1,97.464158,18.457274
dyb2,1,103.037880,19.695936
cvz,1,146.598274,28.457522
dzb3,1,413.225973,79.484014
dxb3,1,97.589439,18.489132
dyb3,1,99.950304,19.221259
csxxsyyszz,1,249.205212,47.613335
dyf2,1,99.771602,19.201588
dxf2,1,97.482403,18.490885
csxy,1,99.401155,19.427266
dzf2,1,405.014052,77.979881
dyf3,1,99.673036,19.213951
csyz,1,119.999341,23.372598
dxf3,1,97.299273,18.460448
dzf3,1,405.441368,78.107730
csxz,1,119.962188,23.377135
dxf,2,97.317685,18.458903
dzb,2,406.284081,78.250760
dyb,2,99.640486,19.177093
cvx,2,121.388148,23.672662
dyf,2,99.621144,19.213934
dzb2,2,406.360279,78.268299
dxb,2,97.382928,18.473861
cvy,2,121.160786,23.608252
dzf,2,405.167750,78.061737
dxb2,2,97.346252,18.479317
dyb2,2,99.965329,19.239614
cvz,2,142.063152,27.669634
dzb3,2,406.084106,78.198932
dxb3,2,97.394975,18.472949
dyb3,2,100.021389,19.223841
csxxsyyszz,2,249.903411,47.732297
dyf2,2,99.916865,19.243394
dxf2,2,97.606182,18.516582
csxy,2,99.395713,19.429401
dzf2,2,405.348417,78.112978
dyf3,2,99.665008,19.233372
csyz,2,120.056055,23.355576
dxf3,2,97.217467,18.449469
dzf3,2,405.439257,78.147792
csxz,2,119.925597,23.384500
dxf,3,97.296409,18.471330
dzb,3,406.361187,78.275695
dyb,3,99.692679,19.186275
cvx,3,121.448676,23.679529
dyf,3,99.762942,19.246345
dzb2,3,406.485715,78.307155
dxb,3,97.360054,18.471734
cvy,3,121.214197,23.629869
dzf,3,407.269263,78.434930
dxb2,3,97.589791,18.513596
dyb2,3,100.001662,19.223726
cvz,3,142.021129,27.656025
dzb3,3,405.990941,78.225699
dxb3,3,97.351172,18.482955
dyb3,3,100.100844,19.244509
csxxsyyszz,3,249.177236,47.613823
dyf2,3,99.895203,19.249484
dxf2,3,97.659582,18.530782
csxy,3,99.432364,19.446902
dzf2,3,405.247120,78.090595
dyf3,3,99.615220,19.193929
csyz,3,120.018503,23.354665
dxf3,3,97.343856,18.474561
dzf3,3,405.367158,78.143482
csxz,3,119.965336,23.403650
dxf,4,97.265218,18.471057
dzb,4,406.509019,78.326838
dyb,4,100.131897,19.303245
cvx,4,121.201602,23.647614
dyf,4,99.747536,19.239670
dzb2,4,406.293465,78.272235
dxb,4,97.390744,18.481246
cvy,4,121.228470,23.625013
dzf,4,405.187663,78.129164
dxb2,4,97.417564,18.492731
dyb2,4,99.971992,19.235205
cvz,4,142.080991,27.673972
dzb3,4,406.161100,78.250592
dxb3,4,97.340078,18.465732
dyb3,4,100.010480,19.261699
csxxsyyszz,4,249.106972,47.661805
dyf2,4,99.689953,19.243985
dxf2,4,97.573949,18.535231
csxy,4,99.441882,19.447164
dzf2,4,405.309647,78.119574
dyf3,4,99.484704,19.203379
csyz,4,120.079676,23.381333
dxf3,4,97.333877,18.479057
dzf3,4,405.396321,78.143625
csxz,4,119.976804,23.471605
#========================= OptEWE [OpenMP] =========================
#Source type                                  :  Force monopole
#Grid Size                                    :  768 x 768 x 768
#Iterations                                   :  5
#Compute time                                 :  23.950516
#Total effective MLUPS                        :  94.566822
#===================================================================
#Number of threads                            :  23
