dxf,0,148.048048,28.700224
dzb,0,642.421973,126.033412
dyb,0,146.334580,29.060267
cvx,0,181.182738,36.237908
dyf,0,146.106040,29.069301
dzb2,0,642.257036,126.326919
dxb,0,145.089642,28.366998
cvy,0,1123.253556,192.732832
dzf,0,640.887985,126.022708
dxb2,0,145.388750,28.463680
dyb2,0,146.657329,29.173164
cvz,0,214.690109,42.855524
dzb3,0,641.990228,125.146157
dxb3,0,144.984693,28.382987
dyb3,0,146.512300,29.156689
csxxsyyszz,0,320.863734,64.417628
dyf2,0,146.324402,29.135733
dxf2,0,145.408998,28.486562
csxy,0,147.830640,29.698952
dzf2,0,640.950163,126.216886
dyf3,0,146.291221,29.162610
csyz,0,180.477790,36.016598
dxf3,0,145.039850,28.412763
dzf3,0,641.460202,125.691654
csxz,0,180.541619,36.057359
dxf,1,145.014822,28.415382
dzb,1,642.367162,125.746985
dyb,1,146.484986,29.137397
cvx,1,181.144389,36.351867
dyf,1,146.253768,29.158850
dzb2,1,642.457709,126.491091
dxb,1,144.983513,28.416395
cvy,1,181.112557,36.320118
dzf,1,640.893594,126.275626
dxb2,1,145.061908,28.425102
dyb2,1,146.323826,29.148224
cvz,1,214.577974,42.874988
dzb3,1,642.073448,125.229992
dxb3,1,144.964561,28.360553
dyb3,1,146.467924,29.173218
csxxsyyszz,1,320.659855,64.449019
dyf2,1,146.299724,29.168383
dxf2,1,145.415394,28.501045
csxy,1,147.885695,29.727753
dzf2,1,640.821400,126.259904
dyf3,1,146.177687,29.192696
csyz,1,180.518351,36.020477
dxf3,1,145.037981,28.388717
dzf3,1,640.912177,125.630638
csxz,1,180.547821,36.047810
dxf,2,145.068185,28.413133
dzb,2,642.215198,125.771960
dyb,2,146.347471,29.097436
cvx,2,181.217666,36.374742
dyf,2,146.142585,29.159148
dzb2,2,642.408331,126.593092
dxb,2,145.173505,28.438822
cvy,2,181.037947,36.285741
dzf,2,641.252332,126.347026
dxb2,2,145.244439,28.473714
dyb2,2,146.511103,29.197039
cvz,2,214.669969,42.912004
dzb3,2,642.462610,125.330211
dxb3,2,145.042875,28.416932
dyb3,2,146.308242,29.157477
csxxsyyszz,2,321.028226,64.501949
dyf2,2,146.289269,29.181002
dxf2,2,145.364446,28.499836
csxy,2,147.851490,29.724723
dzf2,2,640.693146,126.267942
dyf3,2,146.009662,29.133983
csyz,2,180.464338,36.034240
dxf3,2,145.056613,28.444047
dzf3,2,640.977155,126.129350
csxz,2,180.568256,36.098892
dxf,3,145.019747,28.426829
dzb,3,642.361455,125.819554
dyb,3,146.339096,29.118884
cvx,3,181.246853,36.357078
dyf,3,146.203139,29.173823
dzb2,3,642.325342,126.567138
dxb,3,145.126030,28.468889
cvy,3,181.120701,36.325587
dzf,3,640.842510,126.314473
dxb2,3,145.135200,28.474513
dyb2,3,146.563479,29.222083
cvz,3,214.615902,42.878344
dzb3,3,642.184712,125.324612
dxb3,3,145.128476,28.446168
dyb3,3,146.606116,29.235537
csxxsyyszz,3,318.389869,64.063398
dyf2,3,146.487521,29.221661
dxf2,3,145.287959,28.515479
csxy,3,147.806654,29.718809
dzf2,3,640.718647,126.225438
dyf3,3,147.107797,29.360099
csyz,3,180.509711,36.053962
dxf3,3,144.994790,28.436606
dzf3,3,641.383504,125.834852
csxz,3,180.503660,36.090441
dxf,4,145.006954,28.436529
dzb,4,642.747329,125.861202
dyb,4,146.240668,29.139934
cvx,4,181.206545,36.385506
dyf,4,146.156413,29.187213
dzb2,4,642.308849,126.586579
dxb,4,145.011313,28.473266
cvy,4,181.010270,36.322108
dzf,4,640.775409,126.304116
dxb2,4,145.130839,28.463785
dyb2,4,146.524415,29.227412
cvz,4,214.611681,42.905569
dzb3,4,641.987572,125.295279
dxb3,4,145.026346,28.424300
dyb3,4,146.412067,29.168894
csxxsyyszz,4,319.449312,64.235309
dyf2,4,146.358777,29.209206
dxf2,4,145.325715,28.522272
csxy,4,147.821745,29.701753
dzf2,4,641.311586,126.631233
dyf3,4,146.213973,29.215379
csyz,4,180.556358,36.067000
dxf3,4,144.905686,28.430793
dzf3,4,640.935980,125.800530
csxz,4,180.530951,36.201145
#========================= OptEWE [OpenMP] =========================
#Source type                                  :  Force monopole
#Grid Size                                    :  768 x 768 x 768
#Iterations                                   :  5
#Compute time                                 :  35.968967
#Total effective MLUPS                        :  62.968840
#===================================================================
#Number of threads                            :  19
