dxf,0,146.624906,23.856515
dzb,0,630.951353,102.303094
dyb,0,146.231440,24.237737
cvx,0,180.330277,30.031802
dyf,0,146.227497,24.326129
dzb2,0,629.906892,103.196291
dxb,0,144.569782,23.699542
cvy,0,1107.814161,156.363994
dzf,0,628.620357,102.003628
dxb2,0,144.656267,23.686348
dyb2,0,146.628296,24.359616
cvz,0,212.967610,35.613483
dzb3,0,629.784062,103.267866
dxb3,0,144.264389,23.669117
dyb3,0,146.437767,24.356657
csxxsyyszz,0,333.075457,55.979046
dyf2,0,146.307252,24.367695
dxf2,0,144.594367,23.737863
csxy,0,147.157854,24.667952
dzf2,0,628.652715,102.648758
dyf3,0,146.400807,24.346429
csyz,0,178.779941,29.828936
dxf3,0,144.174286,23.663345
dzf3,0,628.684587,103.175496
csxz,0,178.788110,29.854261
dxf,1,144.421264,23.706478
dzb,1,629.801437,103.320246
dyb,1,146.267598,24.317605
cvx,1,180.461580,30.106221
dyf,1,146.452514,24.383353
dzb2,1,630.258013,102.757483
dxb,1,144.427116,23.679493
cvy,1,180.508172,30.091183
dzf,1,629.474685,103.332856
dxb2,1,144.698183,23.766056
dyb2,1,146.382289,24.386868
cvz,1,212.533436,35.391037
dzb3,1,629.900579,103.344496
dxb3,1,144.506513,23.747690
dyb3,1,146.700806,24.404744
csxxsyyszz,1,330.681966,55.654421
dyf2,1,146.384186,24.411540
dxf2,1,144.659633,23.763317
csxy,1,147.154631,24.684571
dzf2,1,628.734221,102.984667
dyf3,1,146.447403,24.411693
csyz,1,178.832876,29.842114
dxf3,1,144.302020,23.713961
dzf3,1,628.586532,103.202058
csxz,1,178.784871,29.883642
dxf,2,144.434535,23.745630
dzb,2,630.079019,102.390206
dyb,2,146.294068,24.323118
cvx,2,180.550986,30.128205
dyf,2,146.239447,24.394073
dzb2,2,630.676270,103.498639
dxb,2,144.502971,23.752799
cvy,2,180.452785,30.094963
dzf,2,628.573533,103.220377
dxb2,2,144.582431,23.736028
dyb2,2,146.580448,24.396359
cvz,2,212.556325,35.398325
dzb3,2,630.770437,102.759812
dxb3,2,144.287974,23.679163
dyb3,2,146.628529,24.376373
csxxsyyszz,2,333.373233,56.010931
dyf2,2,146.558892,24.410596
dxf2,2,144.735381,23.778362
csxy,2,147.063212,24.673308
dzf2,2,629.592051,103.299116
dyf3,2,146.245003,24.363379
csyz,2,178.783583,29.840593
dxf3,2,144.093483,23.674633
dzf3,2,628.757034,102.542660
csxz,2,178.756508,29.843771
dxf,3,144.389053,23.723689
dzb,3,630.004061,103.374742
dyb,3,146.113664,24.318669
cvx,3,180.363179,30.103307
dyf,3,146.350938,24.399321
dzb2,3,630.047857,103.396010
dxb,3,144.474819,23.737286
cvy,3,180.493633,30.110949
dzf,3,628.660759,102.436027
dxb2,3,144.636561,23.751973
dyb2,3,146.599015,24.388429
cvz,3,212.418349,35.371749
dzb3,3,629.860497,103.374354
dxb3,3,144.366113,23.722145
dyb3,3,146.476319,24.380760
csxxsyyszz,3,330.902369,55.698492
dyf2,3,146.526920,24.431507
dxf2,3,144.642338,23.786110
csxy,3,147.082971,24.675512
dzf2,3,628.604280,102.067622
dyf3,3,146.427778,24.389747
csyz,3,178.859010,29.847966
dxf3,3,144.082518,23.683687
dzf3,3,628.573755,103.190232
csxz,3,178.761035,29.878541
dxf,4,144.402125,23.734986
dzb,4,630.143647,103.408614
dyb,4,146.496307,24.381489
cvx,4,180.390357,30.122711
dyf,4,146.406897,24.420027
dzb2,4,630.818774,103.131256
dxb,4,144.505537,23.715362
cvy,4,180.398016,30.085953
dzf,4,633.299684,104.141268
dxb2,4,146.253505,24.201866
dyb2,4,148.780037,24.843414
cvz,4,212.510761,35.416928
dzb3,4,629.680302,103.372347
dxb3,4,144.210787,23.715266
dyb3,4,146.612567,24.420031
csxxsyyszz,4,330.916738,55.716111
dyf2,4,146.493176,24.446296
dxf2,4,144.581405,23.763216
csxy,4,147.083904,24.684183
dzf2,4,628.452929,103.121641
dyf3,4,146.154813,24.351687
csyz,4,178.896446,29.860673
dxf3,4,143.998337,23.671960
dzf3,4,628.681182,103.244416
csxz,4,178.712341,29.916521
#========================= OptEWE [OpenMP] =========================
#Source type                                  :  Force monopole
#Grid Size                                    :  768 x 768 x 768
#Iterations                                   :  5
#Compute time                                 :  35.598404
#Total effective MLUPS                        :  63.624318
#===================================================================
#Number of threads                            :  18
