dxf,0,291.327207,43.213369
dzb,0,971.087416,147.625119
dyb,0,387.404418,56.414647
cvx,0,546.079366,79.619590
dyf,0,387.577875,56.528580
dzb2,0,973.510260,148.137180
dxb,0,306.551375,45.245812
cvy,0,1507.221922,208.235089
dzf,0,970.372572,148.160888
dxb2,0,307.120439,45.427361
dyb2,0,387.097121,56.663330
cvz,0,555.332465,83.068936
dzb3,0,970.525473,148.027222
dxb3,0,309.118323,45.788647
dyb3,0,391.159339,57.648599
csxxsyyszz,0,1505.170118,214.740927
dyf2,0,389.056529,56.853123
dxf2,0,293.176296,44.054582
csxy,0,228.172001,36.362060
dzf2,0,1334.999579,203.027975
dyf3,0,389.954341,56.873742
csyz,0,287.794590,45.604238
dxf3,0,292.125510,43.377656
dzf3,0,969.560776,147.721342
csxz,0,285.437890,45.365602
dxf,1,291.597934,43.331527
dzb,1,970.714164,147.850399
dyb,1,387.396756,56.621420
cvx,1,545.969351,79.690064
dyf,1,388.152911,56.646562
dzb2,1,971.364143,147.983654
dxb,1,306.274795,45.248992
cvy,1,543.439477,80.099113
dzf,1,970.335065,147.873644
dxb2,1,307.351413,45.508772
dyb2,1,386.892415,56.639727
cvz,1,555.094096,82.892513
dzb3,1,970.489913,147.955152
dxb3,1,309.246145,45.745931
dyb3,1,391.811938,57.678230
csxxsyyszz,1,1500.217699,213.942700
dyf2,1,390.739648,57.107670
dxf2,1,293.231231,43.971637
csxy,1,227.828771,36.271036
dzf2,1,1339.278309,201.992201
dyf3,1,387.968596,56.672960
csyz,1,287.656037,45.591490
dxf3,1,292.211843,43.376437
dzf3,1,971.186018,148.164005
csxz,1,285.431549,45.474118
dxf,2,291.672225,43.299263
dzb,2,970.631696,147.958918
dyb,2,387.073996,56.679970
cvx,2,545.965267,79.833569
dyf,2,388.163893,56.634977
dzb2,2,971.337532,148.171148
dxb,2,306.893734,45.457637
cvy,2,541.637906,79.659049
dzf,2,969.577730,147.926254
dxb2,2,307.261815,45.500228
dyb2,2,386.798468,56.602172
cvz,2,555.215952,82.913576
dzb3,2,970.253084,148.298988
dxb3,2,309.290987,47.368386
dyb3,2,388.767965,59.486855
csxxsyyszz,2,1506.154432,216.711072
dyf2,2,388.969710,56.717143
dxf2,2,293.140159,43.908420
csxy,2,227.801671,36.290845
dzf2,2,1338.498939,201.511884
dyf3,2,388.092506,56.646702
csyz,2,287.586097,45.577544
dxf3,2,292.199991,43.270445
dzf3,2,971.262934,147.938164
csxz,2,285.488422,45.361448
dxf,3,291.631724,43.284293
dzb,3,970.441044,147.965548
dyb,3,386.963707,56.611517
cvx,3,546.061814,79.715432
dyf,3,388.250982,56.729813
dzb2,3,971.842924,147.995668
dxb,3,306.297796,45.126590
cvy,3,541.498697,79.558921
dzf,3,971.783185,147.810041
dxb2,3,307.208140,45.292446
dyb2,3,387.343256,56.435737
cvz,3,556.969419,83.082767
dzb3,3,971.178601,147.744284
dxb3,3,309.066041,45.544880
dyb3,3,390.536174,57.293374
csxxsyyszz,3,1499.946088,213.475999
dyf2,3,388.935072,56.615607
dxf2,3,293.202100,43.884029
csxy,3,227.925245,36.261388
dzf2,3,1339.220518,201.498879
dyf3,3,388.004092,56.598852
csyz,3,287.717300,45.582906
dxf3,3,292.203559,43.355702
dzf3,3,969.439212,147.617833
csxz,3,285.502213,45.356054
dxf,4,291.044689,43.242113
dzb,4,971.228233,147.909547
dyb,4,387.279368,56.410499
cvx,4,545.958599,79.588061
dyf,4,388.570265,56.530870
dzb2,4,971.207125,147.752741
dxb,4,306.249268,45.225459
cvy,4,542.425281,81.311068
dzf,4,971.449422,148.712379
dxb2,4,307.218000,45.384996
dyb2,4,387.172303,56.530016
cvz,4,555.331956,82.860984
dzb3,4,970.406126,147.923285
dxb3,4,309.067965,45.634107
dyb3,4,390.395324,57.340183
csxxsyyszz,4,1499.937535,213.811169
dyf2,4,388.748718,56.714200
dxf2,4,293.369967,43.940480
csxy,4,228.063118,36.309507
dzf2,4,1338.621278,201.648555
dyf3,4,387.963978,56.642116
csyz,4,287.675562,45.604166
dxf3,4,292.189863,43.379882
dzf3,4,970.675271,147.617785
csxz,4,285.473242,45.395019
#========================= OptEWE [OpenMP] =========================
#Source type                                  :  Force monopole
#Grid Size                                    :  768 x 768 x 768
#Iterations                                   :  5
#Compute time                                 :  72.315918
#Total effective MLUPS                        :  31.319856
#===================================================================
#Number of threads                            :  4
