dxf,0,123.345340,21.452221
dzb,0,532.492913,93.120942
dyb,0,121.493660,21.600807
cvx,0,151.112820,27.055120
dyf,0,121.395268,21.644874
dzb2,0,532.426495,93.248915
dxb,0,120.196131,21.067204
cvy,0,1346.403181,196.023638
dzf,0,530.829517,92.984466
dxb2,0,120.023272,21.068388
dyb2,0,121.746602,21.673122
cvz,0,178.852619,31.917864
dzb3,0,532.252022,93.282771
dxb3,0,120.171920,21.097805
dyb3,0,125.685736,22.253797
csxxsyyszz,0,278.949154,50.285690
dyf2,0,121.578282,21.684301
dxf2,0,120.331705,21.127337
csxy,0,122.816240,22.100856
dzf2,0,531.047048,93.120791
dyf3,0,121.343985,21.642020
csyz,0,149.883435,26.781117
dxf3,0,120.115850,21.089192
dzf3,0,531.192768,93.158303
csxz,0,149.878806,26.823343
dxf,1,120.162110,21.104824
dzb,1,533.112863,93.452689
dyb,1,121.423926,21.628143
cvx,1,151.087316,27.086351
dyf,1,121.379492,21.684495
dzb2,1,532.370592,93.389040
dxb,1,120.350827,21.138956
cvy,1,150.957378,27.065441
dzf,1,530.861542,93.165949
dxb2,1,120.199914,21.126120
dyb2,1,121.499783,21.654249
cvz,1,178.828434,31.947450
dzb3,1,532.260825,93.359070
dxb3,1,120.283026,21.124952
dyb3,1,121.682813,21.692063
csxxsyyszz,1,278.943066,50.321826
dyf2,1,121.531571,21.680787
dxf2,1,120.430733,21.162122
csxy,1,122.814062,22.103807
dzf2,1,531.102142,93.191858
dyf3,1,121.375113,21.663977
csyz,1,149.811598,26.790356
dxf3,1,120.187085,21.104778
dzf3,1,531.121725,93.244744
csxz,1,149.897543,26.846674
dxf,2,120.159652,21.126676
dzb,2,532.261600,93.368799
dyb,2,121.255521,21.601104
cvx,2,151.231699,27.120390
dyf,2,121.247094,21.685116
dzb2,2,532.347532,93.409668
dxb,2,120.208753,21.122254
cvy,2,150.987481,27.072328
dzf,2,532.370689,93.407127
dxb2,2,120.299282,21.150610
dyb2,2,121.618251,21.692666
cvz,2,178.847930,31.946711
dzb3,2,532.036814,93.317536
dxb3,2,120.231995,21.129048
dyb3,2,121.673775,21.685011
csxxsyyszz,2,278.864494,50.309145
dyf2,2,121.684101,21.718880
dxf2,2,120.448567,21.163405
csxy,2,122.822272,22.118532
dzf2,2,530.919348,93.144658
dyf3,2,121.340453,21.662353
csyz,2,149.847341,26.807292
dxf3,2,120.153284,21.108075
dzf3,2,530.983093,93.187905
csxz,2,149.844455,26.830716
dxf,3,120.168322,21.119213
dzb,3,532.261026,93.387761
dyb,3,121.317088,21.636606
cvx,3,151.105153,27.110782
dyf,3,121.600279,21.711952
dzb2,3,532.159751,93.361521
dxb,3,120.173654,21.115348
cvy,3,151.014697,27.067039
dzf,3,530.859395,93.191641
dxb2,3,120.142991,21.117592
dyb2,3,121.540357,21.673091
cvz,3,178.944114,31.976442
dzb3,3,532.168487,93.400425
dxb3,3,120.323697,21.147382
dyb3,3,121.757083,21.699487
csxxsyyszz,3,279.329877,50.466632
dyf2,3,121.603881,21.697641
dxf2,3,120.373636,21.144566
csxy,3,122.801421,22.095218
dzf2,3,530.962249,93.181128
dyf3,3,121.524185,21.698735
csyz,3,149.829797,26.805517
dxf3,3,120.184623,21.110502
dzf3,3,530.887750,93.156577
csxz,3,149.807019,26.831205
dxf,4,120.079062,21.097989
dzb,4,534.147373,93.673726
dyb,4,121.197385,21.617598
cvx,4,151.115163,27.114183
dyf,4,121.348794,21.682710
dzb2,4,532.470685,93.428535
dxb,4,120.233062,21.131822
cvy,4,151.018360,27.059923
dzf,4,531.061713,93.225116
dxb2,4,120.185507,21.120755
dyb2,4,121.616692,21.672860
cvz,4,178.955282,31.977941
dzb3,4,532.067876,93.391984
dxb3,4,120.308070,21.145252
dyb3,4,121.665717,21.681226
csxxsyyszz,4,276.551844,49.964859
dyf2,4,121.570888,21.703121
dxf2,4,120.383113,21.161155
csxy,4,122.797196,22.118102
dzf2,4,530.667840,93.138188
dyf3,4,121.493037,21.695026
csyz,4,149.882511,26.807256
dxf3,4,120.141274,21.113351
dzf3,4,530.930252,93.180876
csxz,4,149.858238,26.882086
#========================= OptEWE [OpenMP] =========================
#Source type                                  :  Force monopole
#Grid Size                                    :  768 x 768 x 768
#Iterations                                   :  5
#Compute time                                 :  30.318117
#Total effective MLUPS                        :  74.705304
#===================================================================
#Number of threads                            :  23
