dxf,0,147.450360,25.282664
dzb,0,583.773099,102.013473
dyb,0,151.122979,26.277495
cvx,0,177.468218,31.431950
dyf,0,150.037609,26.194394
dzb2,0,583.661471,102.681889
dxb,0,148.055052,25.479780
cvy,0,763.764394,117.152969
dzf,0,582.538898,102.380959
dxb2,0,147.369734,25.373062
dyb2,0,151.205591,26.369933
cvz,0,206.678249,36.590495
dzb3,0,584.391322,102.524524
dxb3,0,147.147352,25.368598
dyb3,0,165.650801,28.657960
csxxsyyszz,0,345.051569,60.900979
dyf2,0,150.393502,26.443901
dxf2,0,160.416995,27.517827
csxy,0,127.877325,23.452849
dzf2,0,1441.052936,222.517217
dyf3,0,150.163977,26.195957
csyz,0,193.923274,33.930854
dxf3,0,146.882835,25.357013
dzf3,0,583.015921,102.678070
csxz,0,192.644606,33.783930
dxf,1,146.965864,25.402999
dzb,1,583.660184,102.532255
dyb,1,150.737756,26.263946
cvx,1,177.267278,31.468036
dyf,1,149.958938,26.237227
dzb2,1,583.499163,102.487261
dxb,1,148.233885,25.533409
cvy,1,167.975232,30.243865
dzf,1,582.489201,102.646763
dxb2,1,147.214339,25.410281
dyb2,1,151.300437,26.408477
cvz,1,206.585146,36.603808
dzb3,1,583.361447,102.029291
dxb3,1,147.375805,25.413176
dyb3,1,165.757644,28.672598
csxxsyyszz,1,343.634761,60.761347
dyf2,1,150.321845,26.256751
dxf2,1,161.500892,27.700870
csxy,1,127.980212,23.453365
dzf2,1,1441.508335,222.699171
dyf3,1,150.058556,26.192128
csyz,1,193.900615,33.927138
dxf3,1,147.005467,25.368185
dzf3,1,582.949113,102.409633
csxz,1,192.867853,33.823950
dxf,2,146.959604,25.387643
dzb,2,583.665895,102.746770
dyb,2,150.819505,26.267151
cvx,2,177.284616,31.462819
dyf,2,149.889240,26.230864
dzb2,2,583.861548,102.194606
dxb,2,148.111062,25.506452
cvy,2,168.066806,30.241891
dzf,2,582.357059,102.568133
dxb2,2,147.372880,25.430228
dyb2,2,151.173395,26.373211
cvz,2,206.647627,36.605192
dzb3,2,583.261652,102.161142
dxb3,2,147.199759,25.373434
dyb3,2,165.813006,28.671997
csxxsyyszz,2,345.017503,60.929642
dyf2,2,150.024465,26.192223
dxf2,2,160.313690,27.494168
csxy,2,127.963294,23.469608
dzf2,2,1440.704803,222.607869
dyf3,2,150.198582,26.183342
csyz,2,193.922155,33.911017
dxf3,2,146.972646,25.368297
dzf3,2,582.973914,104.643690
csxz,2,192.645479,34.523136
dxf,3,146.916497,25.977293
dzb,3,583.715977,102.931949
dyb,3,152.429450,26.579513
cvx,3,178.457951,31.665504
dyf,3,150.097422,26.276059
dzb2,3,583.542089,102.421609
dxb,3,148.057623,25.538089
cvy,3,168.077414,30.288291
dzf,3,582.445680,102.773236
dxb2,3,147.163738,25.442289
dyb2,3,151.259987,26.418841
cvz,3,206.555777,36.626162
dzb3,3,583.170262,102.410677
dxb3,3,147.156492,25.397827
dyb3,3,165.863237,28.702409
csxxsyyszz,3,343.709497,60.815783
dyf2,3,150.202510,26.278768
dxf2,3,160.151436,27.530723
csxy,3,128.004258,23.478811
dzf2,3,1440.100807,222.810903
dyf3,3,150.093028,26.229867
csyz,3,193.981197,33.952677
dxf3,3,146.921528,25.369153
dzf3,3,582.824756,102.263537
csxz,3,192.577885,33.789849
dxf,4,147.003501,25.389428
dzb,4,583.678623,102.803637
dyb,4,150.828610,26.324553
cvx,4,177.587072,31.533486
dyf,4,149.960596,26.273890
dzb2,4,583.744877,102.613366
dxb,4,148.035436,25.553753
cvy,4,168.074134,30.252478
dzf,4,582.525129,102.630277
dxb2,4,147.246486,25.429171
dyb2,4,151.287453,26.405345
cvz,4,206.617213,36.605268
dzb3,4,584.403850,102.781526
dxb3,4,147.149300,25.398314
dyb3,4,165.443605,28.665333
csxxsyyszz,4,344.942531,60.994262
dyf2,4,150.019713,26.250118
dxf2,4,160.407294,27.553665
csxy,4,127.848107,23.442535
dzf2,4,1439.882979,222.113185
dyf3,4,150.111968,26.214042
csyz,4,194.132855,33.981049
dxf3,4,146.794381,25.344471
dzf3,4,582.932316,102.523343
csxz,4,192.939258,33.846318
#========================= OptEWE [OpenMP] =========================
#Source type                                  :  Force monopole
#Grid Size                                    :  768 x 768 x 768
#Iterations                                   :  5
#Compute time                                 :  38.516628
#Total effective MLUPS                        :  58.803802
#===================================================================
#Number of threads                            :  14
