dxf,0,100.467727,20.482857
dzb,0,370.016386,79.161995
dyb,0,105.520856,21.821737
cvx,0,116.927245,24.808270
dyf,0,105.699603,21.888584
dzb2,0,369.976678,79.316615
dxb,0,99.450323,20.410824
cvy,0,832.649880,141.905151
dzf,0,369.398842,79.178051
dxb2,0,99.590295,20.449659
dyb2,0,105.931852,21.919478
cvz,0,134.060456,28.749190
dzb3,0,369.922231,79.364021
dxb3,0,99.274889,20.425439
dyb3,0,105.965421,21.958114
csxxsyyszz,0,291.695769,58.614919
dyf2,0,105.840407,21.932085
dxf2,0,99.435128,20.458285
csxy,0,95.298860,20.550904
dzf2,0,370.143503,79.485206
dyf3,0,105.552195,21.915274
csyz,0,113.768760,24.550308
dxf3,0,99.214641,20.421270
dzf3,0,369.357421,79.324482
csxz,0,113.740058,24.626576
dxf,1,99.277841,20.436613
dzb,1,369.989490,79.451875
dyb,1,105.519367,21.899089
cvx,1,116.913451,24.863428
dyf,1,105.801098,21.971896
dzb2,1,369.960538,79.441295
dxb,1,102.026228,20.895510
cvy,1,116.740657,24.802813
dzf,1,369.300314,79.334366
dxb2,1,99.569733,20.485979
dyb2,1,106.016434,21.980495
cvz,1,134.101612,28.794499
dzb3,1,369.771493,79.447297
dxb3,1,99.451955,20.461870
dyb3,1,105.942217,21.971252
csxxsyyszz,1,291.631209,58.676720
dyf2,1,105.777875,21.931238
dxf2,1,99.620295,20.504273
csxy,1,95.239235,20.569097
dzf2,1,369.404032,79.362496
dyf3,1,105.536158,21.908122
csyz,1,113.801572,24.593756
dxf3,1,99.276262,20.460124
dzf3,1,369.326787,79.397418
csxz,1,113.831911,24.635452
dxf,2,99.262769,20.448990
dzb,2,369.971779,79.513390
dyb,2,105.542916,21.889428
cvx,2,116.882491,24.885817
dyf,2,105.704008,21.957908
dzb2,2,369.934383,79.504855
dxb,2,99.425263,20.456009
cvy,2,116.759525,24.845536
dzf,2,369.364488,79.410252
dxb2,2,99.578802,20.500169
dyb2,2,105.935950,21.992723
cvz,2,133.979080,28.805998
dzb3,2,369.655690,79.455172
dxb3,2,99.308069,20.453406
dyb3,2,105.845751,21.975976
csxxsyyszz,2,291.659432,58.714252
dyf2,2,105.787667,21.949334
dxf2,2,99.457806,20.499016
csxy,2,95.282208,20.579606
dzf2,2,369.609630,79.458223
dyf3,2,105.694320,21.949351
csyz,2,113.777020,24.595376
dxf3,2,99.118028,20.445178
dzf3,2,370.091773,79.575823
csxz,2,113.774834,24.648822
dxf,3,99.319119,20.479528
dzb,3,369.952351,79.525045
dyb,3,105.766575,21.948541
cvx,3,117.199155,24.941752
dyf,3,105.707224,21.965615
dzb2,3,370.111894,79.529781
dxb,3,99.723971,20.537337
cvy,3,116.740037,24.840647
dzf,3,369.215682,79.378384
dxb2,3,99.623336,20.506008
dyb2,3,105.859913,21.970878
cvz,3,134.180350,28.850378
dzb3,3,371.303339,79.751700
dxb3,3,99.388479,20.470090
dyb3,3,106.042764,22.013201
csxxsyyszz,3,291.632387,58.743769
dyf2,3,105.857938,21.976033
dxf2,3,99.315767,20.477485
csxy,3,95.280047,20.604064
dzf2,3,369.561302,79.450448
dyf3,3,105.466049,21.909709
csyz,3,113.771242,24.599815
dxf3,3,99.286999,20.473151
dzf3,3,369.532937,79.477967
csxz,3,113.844758,24.671891
dxf,4,99.274952,20.458749
dzb,4,369.906822,79.529965
dyb,4,105.649882,21.942961
cvx,4,116.950816,24.909160
dyf,4,105.749821,21.967054
dzb2,4,369.926243,79.508589
dxb,4,99.486783,20.495015
cvy,4,116.753521,24.851184
dzf,4,369.452107,79.440914
dxb2,4,99.535253,20.519290
dyb2,4,105.909327,21.986949
cvz,4,134.088191,28.821689
dzb3,4,369.819476,79.502837
dxb3,4,99.408912,20.489308
dyb3,4,105.970791,22.005527
csxxsyyszz,4,291.529661,58.713127
dyf2,4,105.748224,21.962645
dxf2,4,99.314549,20.489648
csxy,4,95.227642,20.583037
dzf2,4,369.778790,79.482628
dyf3,4,105.542143,21.944258
csyz,4,113.791677,24.597555
dxf3,4,99.204112,20.452867
dzf3,4,369.521698,79.464967
csxz,4,113.783898,24.725393
#========================= OptEWE [OpenMP] =========================
#Source type                                  :  Force monopole
#Grid Size                                    :  768 x 768 x 768
#Iterations                                   :  5
#Compute time                                 :  22.879599
#Total effective MLUPS                        :  98.993177
#===================================================================
#Number of threads                            :  20
