dxf,0,120.617320,21.827285
dzb,0,511.995750,93.588804
dyb,0,120.169191,22.191284
cvx,0,146.806710,27.418136
dyf,0,119.771064,22.193776
dzb2,0,511.997054,93.770062
dxb,0,117.774946,21.491824
cvy,0,1219.274772,185.997940
dzf,0,510.421650,93.611901
dxb2,0,117.804019,21.525714
dyb2,0,120.579925,22.292213
cvz,0,172.938080,32.252578
dzb3,0,511.540956,93.814290
dxb3,0,117.741975,21.518335
dyb3,0,120.551039,22.317381
csxxsyyszz,0,266.424968,50.125421
dyf2,0,119.921474,22.244937
dxf2,0,117.887193,21.547970
csxy,0,119.758721,22.475915
dzf2,0,510.373109,93.658821
dyf3,0,119.807096,22.236097
csyz,0,145.606313,27.178606
dxf3,0,117.625911,21.511085
dzf3,0,511.789356,93.953873
csxz,0,145.544117,27.223185
dxf,1,117.690864,21.542125
dzb,1,511.915645,93.952110
dyb,1,120.147986,22.277603
cvx,1,146.982966,27.545029
dyf,1,119.923838,22.267428
dzb2,1,511.995201,93.978688
dxb,1,117.842852,21.556329
cvy,1,147.954701,27.680189
dzf,1,510.430278,93.781592
dxb2,1,117.923215,21.583788
dyb2,1,120.726891,22.364656
cvz,1,173.002014,32.307260
dzb3,1,511.708374,93.964692
dxb3,1,117.821721,21.562241
dyb3,1,120.472088,22.319429
csxxsyyszz,1,266.104598,50.163943
dyf2,1,120.055118,22.297531
dxf2,1,118.090161,21.614066
csxy,1,119.796665,22.494422
dzf2,1,510.233588,93.686782
dyf3,1,119.895264,22.266457
csyz,1,145.714411,27.206961
dxf3,1,117.578328,21.526961
dzf3,1,510.669280,93.819395
csxz,1,145.588793,27.216314
dxf,2,117.667926,21.542253
dzb,2,512.306000,94.209607
dyb,2,120.177729,22.300602
cvx,2,146.767708,27.527870
dyf,2,119.779665,22.264292
dzb2,2,512.031939,94.004305
dxb,2,118.018850,21.593023
cvy,2,146.716357,27.486144
dzf,2,510.766236,93.862521
dxb2,2,117.901298,21.595257
dyb2,2,120.634933,22.367644
cvz,2,172.983726,32.326706
dzb3,2,511.780654,93.987567
dxb3,2,117.866741,21.564661
dyb3,2,120.497480,22.317960
csxxsyyszz,2,266.523752,50.205789
dyf2,2,122.588800,22.675591
dxf2,2,117.959078,21.586015
csxy,2,119.761334,22.499789
dzf2,2,510.422860,93.776241
dyf3,2,119.901629,22.295633
csyz,2,145.651972,27.222799
dxf3,2,117.691482,21.550645
dzf3,2,510.702753,93.844745
csxz,2,145.544398,27.246381
dxf,3,117.930359,21.598226
dzb,3,511.896516,94.040028
dyb,3,120.162367,22.276576
cvx,3,146.763702,27.514227
dyf,3,119.792908,22.264650
dzb2,3,512.700623,94.161482
dxb,3,117.889217,21.593911
cvy,3,146.683599,27.462910
dzf,3,510.256261,93.720718
dxb2,3,118.034986,21.578762
dyb2,3,120.594302,22.327985
cvz,3,173.036877,32.316613
dzb3,3,511.646351,93.981603
dxb3,3,117.923455,21.594484
dyb3,3,120.630500,22.358788
csxxsyyszz,3,266.073904,50.144009
dyf2,3,119.988808,22.280855
dxf2,3,118.043501,21.604296
csxy,3,119.780618,22.513682
dzf2,3,510.512481,93.814767
dyf3,3,119.773733,22.263066
csyz,3,145.569128,27.202735
dxf3,3,117.755607,21.573272
dzf3,3,510.798193,93.876250
csxz,3,145.606301,27.266017
dxf,4,117.624716,21.547809
dzb,4,511.994033,94.069669
dyb,4,120.112296,22.286491
cvx,4,146.801622,27.539686
dyf,4,119.860167,22.293371
dzb2,4,511.865234,94.056606
dxb,4,117.859031,21.600762
cvy,4,146.728148,27.500622
dzf,4,510.392735,93.830020
dxb2,4,117.895045,21.606619
dyb2,4,123.103135,22.739980
cvz,4,172.924702,32.339279
dzb3,4,511.543868,93.935855
dxb3,4,117.827649,21.566667
dyb3,4,120.391830,22.320102
csxxsyyszz,4,266.177483,50.160053
dyf2,4,120.022298,22.299060
dxf2,4,117.913997,21.592257
csxy,4,119.762424,22.514593
dzf2,4,510.574980,93.923232
dyf3,4,119.805661,22.349077
csyz,4,145.593488,27.284788
dxf3,4,117.771594,21.585850
dzf3,4,510.771220,93.879773
csxz,4,145.571872,27.329718
#========================= OptEWE [OpenMP] =========================
#Source type                                  :  Force monopole
#Grid Size                                    :  768 x 768 x 768
#Iterations                                   :  5
#Compute time                                 :  29.278969
#Total effective MLUPS                        :  77.356692
#===================================================================
#Number of threads                            :  22
