dxf,0,90.872325,19.752877
dzb,0,336.640993,76.962429
dyb,0,93.470770,20.612764
cvx,0,104.142715,23.831488
dyf,0,93.444010,20.683585
dzb2,0,336.526215,77.168795
dxb,0,89.959182,19.670909
cvy,0,811.516305,145.554504
dzf,0,335.624015,76.995956
dxb2,0,89.970303,19.691137
dyb2,0,93.705215,20.718222
cvz,0,121.338808,27.964895
dzb3,0,337.833172,77.509167
dxb3,0,90.168567,19.744955
dyb3,0,93.674562,20.713294
csxxsyyszz,0,236.753440,51.640972
dyf2,0,93.687121,20.727905
dxf2,0,90.077603,19.740335
csxy,0,86.278300,19.931022
dzf2,0,335.893831,77.194406
dyf3,0,93.616907,20.754252
csyz,0,103.289100,23.868758
dxf3,0,89.656261,19.670805
dzf3,0,336.116574,77.301341
csxz,0,103.252922,23.931077
dxf,1,89.674902,19.679206
dzb,1,336.573974,77.397075
dyb,1,93.596445,20.716464
cvx,1,104.148810,23.912959
dyf,1,93.455391,20.740210
dzb2,1,336.441845,77.378387
dxb,1,89.938307,19.721691
cvy,1,104.033542,23.875697
dzf,1,337.092992,77.555251
dxb2,1,90.069756,19.734454
dyb2,1,93.835425,20.765038
cvz,1,121.307138,28.032304
dzb3,1,336.033421,77.287436
dxb3,1,90.009264,19.717532
dyb3,1,93.758269,20.737601
csxxsyyszz,1,236.970449,51.727262
dyf2,1,93.525520,20.740268
dxf2,1,89.999734,19.748883
csxy,1,86.287974,19.969414
dzf2,1,336.937750,77.491319
dyf3,1,93.731295,20.815993
csyz,1,103.336133,23.908905
dxf3,1,89.693659,19.702049
dzf3,1,336.095196,77.384425
csxz,1,103.159072,23.938430
dxf,2,89.529633,19.679916
dzb,2,336.549573,77.448220
dyb,2,93.377613,20.706485
cvx,2,104.254854,23.933742
dyf,2,93.402578,20.765605
dzb2,2,336.395641,77.417026
dxb,2,89.926220,19.725711
cvy,2,104.169948,23.908722
dzf,2,335.651183,77.333483
dxb2,2,89.927810,19.727789
dyb2,2,93.590560,20.742007
cvz,2,121.281417,28.050764
dzb3,2,336.022601,77.348573
dxb3,2,89.946091,19.732912
dyb3,2,93.684410,20.750603
csxxsyyszz,2,236.941069,51.755320
dyf2,2,93.754642,20.804154
dxf2,2,90.024707,19.734492
csxy,2,86.308281,19.962590
dzf2,2,335.799573,77.303277
dyf3,2,93.548144,20.796121
csyz,2,103.346814,23.907685
dxf3,2,89.641759,19.694097
dzf3,2,335.988474,77.359226
csxz,2,103.161978,23.930262
dxf,3,89.563117,19.684939
dzb,3,338.397706,77.791410
dyb,3,93.752337,20.769473
cvx,3,104.145066,23.938136
dyf,3,93.359548,20.754564
dzb2,3,336.455946,77.448200
dxb,3,89.921615,19.749775
cvy,3,104.234130,23.941030
dzf,3,335.600947,77.325021
dxb2,3,89.872714,19.738047
dyb2,3,93.806783,20.799926
cvz,3,121.215165,28.032608
dzb3,3,335.976122,77.389032
dxb3,3,89.916084,19.739791
dyb3,3,93.789259,20.773333
csxxsyyszz,3,235.745558,51.518983
dyf2,3,93.694600,20.773448
dxf2,3,89.998496,19.756895
csxy,3,86.243949,19.975274
dzf2,3,335.806758,77.319130
dyf3,3,93.603479,20.806329
csyz,3,103.311759,23.895148
dxf3,3,89.715456,19.720886
dzf3,3,335.878213,77.348664
csxz,3,103.202894,23.939139
dxf,4,89.607720,19.707420
dzb,4,336.489999,77.468483
dyb,4,93.403021,20.744442
cvx,4,104.244232,23.957610
dyf,4,93.378434,20.751022
dzb2,4,336.473664,77.474304
dxb,4,89.857351,19.729983
cvy,4,104.266371,23.948313
dzf,4,335.743247,77.363661
dxb2,4,89.874776,19.732574
dyb2,4,93.836517,20.798370
cvz,4,121.195925,28.053161
dzb3,4,335.925799,77.402610
dxb3,4,89.973704,19.758620
dyb3,4,93.853643,20.791916
csxxsyyszz,4,236.018380,51.626664
dyf2,4,93.699337,20.802485
dxf2,4,90.013003,19.746969
csxy,4,86.284893,19.970295
dzf2,4,335.917053,77.376797
dyf3,4,93.618566,20.812885
csyz,4,103.240882,23.891046
dxf3,4,89.757083,19.742366
dzf3,4,336.109717,77.423816
csxz,4,103.188986,24.026594
#========================= OptEWE [OpenMP] =========================
#Source type                                  :  Force monopole
#Grid Size                                    :  768 x 768 x 768
#Iterations                                   :  5
#Compute time                                 :  20.597042
#Total effective MLUPS                        :  109.963564
#===================================================================
#Number of threads                            :  22
