dxf,0,122.323614,20.834843
dzb,0,494.773640,85.643594
dyb,0,127.722477,22.005023
cvx,0,149.518743,26.094733
dyf,0,127.402757,22.008085
dzb2,0,494.723918,85.774378
dxb,0,121.677004,20.805407
cvy,0,982.632668,141.500474
dzf,0,493.543731,85.601294
dxb2,0,121.525484,20.794072
dyb2,0,127.867912,22.085836
cvz,0,174.871499,30.557303
dzb3,0,495.101246,86.487063
dxb3,0,121.328276,21.137999
dyb3,0,127.791625,22.417895
csxxsyyszz,0,346.969767,59.113477
dyf2,0,127.573029,22.258526
dxf2,0,121.534012,20.916200
csxy,0,122.639100,21.574467
dzf2,0,493.559955,85.738092
dyf3,0,127.546016,22.079302
csyz,0,147.906549,25.945811
dxf3,0,120.990764,20.768386
dzf3,0,495.448175,85.992779
csxz,0,147.835214,25.915686
dxf,1,121.040533,20.744920
dzb,1,494.713218,85.902809
dyb,1,127.797877,22.095534
cvx,1,149.319137,26.121083
dyf,1,127.428356,22.071282
dzb2,1,494.876215,85.978130
dxb,1,121.701544,20.853510
cvy,1,149.848993,26.189708
dzf,1,493.583259,85.819419
dxb2,1,121.444720,20.826905
dyb2,1,128.023257,22.135590
cvz,1,174.993949,30.609275
dzb3,1,494.321178,85.869118
dxb3,1,121.369370,20.801525
dyb3,1,128.002605,22.121803
csxxsyyszz,1,346.300127,58.530069
dyf2,1,127.609969,22.080852
dxf2,1,121.402543,20.802893
csxy,1,122.694769,21.577334
dzf2,1,493.564409,85.791712
dyf3,1,127.497306,22.083719
csyz,1,147.788201,25.944516
dxf3,1,120.958126,20.766502
dzf3,1,494.132519,85.879433
csxz,1,147.768803,25.945325
dxf,2,121.184641,20.789323
dzb,2,494.859270,86.007736
dyb,2,127.697726,22.074630
cvx,2,149.319466,26.154021
dyf,2,127.491408,22.082450
dzb2,2,494.808098,85.994852
dxb,2,121.762859,20.894951
cvy,2,149.695517,26.179366
dzf,2,493.601474,85.794042
dxb2,2,121.467445,20.838579
dyb2,2,128.060763,22.139119
cvz,2,174.818201,30.589459
dzb3,2,494.231641,85.886446
dxb3,2,121.418308,20.812751
dyb3,2,127.806200,22.109729
csxxsyyszz,2,346.864573,58.633816
dyf2,2,127.698576,22.093957
dxf2,2,122.525282,20.989247
csxy,2,122.551106,21.567759
dzf2,2,493.604154,85.793136
dyf3,2,127.410790,22.074906
csyz,2,147.812934,25.945385
dxf3,2,121.003410,20.775572
dzf3,2,494.239453,85.926541
csxz,2,147.763136,25.960073
dxf,3,121.097189,20.785766
dzb,3,494.722703,85.956197
dyb,3,127.872095,22.099445
cvx,3,149.274596,26.143690
dyf,3,127.511301,22.078853
dzb2,3,494.723391,85.942602
dxb,3,121.655710,20.851219
cvy,3,149.546668,26.146773
dzf,3,493.557420,85.783518
dxb2,3,121.465788,20.826321
dyb2,3,128.182187,22.152716
cvz,3,174.975783,30.597771
dzb3,3,494.298717,85.894864
dxb3,3,121.395895,20.842095
dyb3,3,128.041721,22.131272
csxxsyyszz,3,346.293727,58.546899
dyf2,3,127.459821,22.089824
dxf2,3,121.445565,20.848278
csxy,3,122.675854,21.605913
dzf2,3,493.643420,85.824020
dyf3,3,127.580570,22.095421
csyz,3,147.820919,25.946787
dxf3,3,120.851367,20.745944
dzf3,3,494.871025,85.915370
csxz,3,147.780684,25.934517
dxf,4,121.225805,20.791950
dzb,4,494.891740,85.988934
dyb,4,127.796743,22.087165
cvx,4,149.364675,26.145123
dyf,4,127.454363,22.080974
dzb2,4,494.863074,85.996924
dxb,4,121.737401,20.861386
cvy,4,149.698579,26.180521
dzf,4,493.882499,86.083717
dxb2,4,121.430635,20.871383
dyb2,4,127.969146,22.160362
cvz,4,177.149552,30.974574
dzb3,4,494.279722,85.970414
dxb3,4,121.536310,20.889053
dyb3,4,128.065808,22.162649
csxxsyyszz,4,346.570982,58.640705
dyf2,4,127.616191,22.129290
dxf2,4,124.793336,21.841433
csxy,4,122.721143,21.675745
dzf2,4,493.638534,85.879515
dyf3,4,127.484012,22.131940
csyz,4,147.864250,25.966549
dxf3,4,120.927572,20.790621
dzf3,4,494.673196,86.893932
csxz,4,147.693229,26.241903
#========================= OptEWE [OpenMP] =========================
#Source type                                  :  Force monopole
#Grid Size                                    :  768 x 768 x 768
#Iterations                                   :  5
#Compute time                                 :  29.337236
#Total effective MLUPS                        :  77.203051
#===================================================================
#Number of threads                            :  18
