dxf,0,286.253780,37.001903
dzb,0,1012.502325,132.641421
dyb,0,376.847936,47.556115
cvx,0,511.426300,64.930203
dyf,0,378.408263,47.824828
dzb2,0,1012.827781,132.616135
dxb,0,299.688425,38.256571
cvy,0,1617.116558,192.079781
dzf,0,1011.920052,131.997126
dxb2,0,298.965971,38.198507
dyb2,0,377.056162,47.782540
cvz,0,521.125244,68.241249
dzb3,0,1012.229997,132.291045
dxb3,0,298.518835,38.552463
dyb3,0,378.959397,48.381770
csxxsyyszz,0,1406.323910,173.939316
dyf2,0,378.514611,47.624608
dxf2,0,288.519022,37.422782
csxy,0,237.046905,32.487079
dzf2,0,1522.936889,195.801812
dyf3,0,377.979622,47.651361
csyz,0,323.652149,43.755155
dxf3,0,288.013742,36.933292
dzf3,0,1013.092003,132.207131
csxz,0,319.916344,43.360872
dxf,1,286.184118,36.714291
dzb,1,1012.468632,132.121162
dyb,1,376.446634,47.466508
cvx,1,511.563192,64.911060
dyf,1,378.195764,47.672570
dzb2,1,1012.739547,133.007206
dxb,1,299.360114,38.273214
cvy,1,508.385719,65.205576
dzf,1,1011.705031,132.057090
dxb2,1,298.997708,38.218260
dyb2,1,376.196285,47.438923
cvz,1,521.409755,67.915862
dzb3,1,1012.899014,132.214784
dxb3,1,299.189922,38.216293
dyb3,1,379.528837,48.313721
csxxsyyszz,1,1401.501635,173.292351
dyf2,1,378.653653,47.716711
dxf2,1,288.559854,37.476337
csxy,1,235.196670,32.291534
dzf2,1,1522.288168,195.721404
dyf3,1,378.066518,47.636007
csyz,1,323.438416,43.740815
dxf3,1,288.051123,36.938582
dzf3,1,1013.152786,132.213815
csxz,1,320.210595,43.394501
dxf,2,286.384259,36.753640
dzb,2,1012.572697,132.205018
dyb,2,376.396668,47.438550
cvx,2,512.482369,65.320064
dyf,2,378.331545,48.007658
dzb2,2,1012.768752,132.077427
dxb,2,299.573325,38.201445
cvy,2,506.586761,65.002285
dzf,2,1012.799623,132.214545
dxb2,2,298.548121,38.173108
dyb2,2,375.436772,47.373248
cvz,2,521.368916,67.922131
dzb3,2,1014.547559,132.325557
dxb3,2,299.455597,38.193272
dyb3,2,379.474060,48.282844
csxxsyyszz,2,1409.163055,174.197417
dyf2,2,378.326972,47.683882
dxf2,2,288.046027,37.431084
csxy,2,235.075766,32.276547
dzf2,2,1523.319560,195.855563
dyf3,2,377.845435,47.801185
csyz,2,323.575762,43.777684
dxf3,2,287.852422,36.909851
dzf3,2,1011.400527,132.003491
csxz,2,320.104980,43.386899
dxf,3,287.945795,36.936769
dzb,3,1012.281391,132.115322
dyb,3,376.532848,47.461566
cvx,3,511.385297,64.892475
dyf,3,378.366072,47.676489
dzb2,3,1012.940080,132.193048
dxb,3,299.827776,38.301628
cvy,3,506.479949,65.004157
dzf,3,1013.038694,132.236104
dxb2,3,298.998045,38.204973
dyb2,3,376.035292,47.408922
cvz,3,521.170432,67.884814
dzb3,3,1012.677040,132.208779
dxb3,3,299.407712,38.269353
dyb3,3,379.476765,48.355523
csxxsyyszz,3,1402.427082,173.487917
dyf2,3,378.520043,47.673104
dxf2,3,290.230715,37.659422
csxy,3,235.112950,32.269128
dzf2,3,1521.683176,195.670667
dyf3,3,377.961346,47.625497
csyz,3,323.767597,43.955809
dxf3,3,288.000747,36.977185
dzf3,3,1011.421190,132.085189
csxz,3,319.868674,43.360888
dxf,4,286.197122,36.741797
dzb,4,1014.150604,132.307347
dyb,4,376.305641,47.465903
cvx,4,511.279011,64.828159
dyf,4,378.293022,47.654716
dzb2,4,1012.912037,132.192260
dxb,4,301.606042,38.544231
cvy,4,506.333209,64.963396
dzf,4,1011.941577,132.038268
dxb2,4,298.990060,38.189252
dyb2,4,377.794189,47.614278
cvz,4,521.495287,67.909304
dzb3,4,1012.800066,132.172028
dxb3,4,299.357276,38.248610
dyb3,4,379.506552,48.247508
csxxsyyszz,4,1400.111590,173.183913
dyf2,4,378.680385,47.987025
dxf2,4,288.415345,37.574800
csxy,4,235.245952,32.271873
dzf2,4,1523.991595,195.889253
dyf3,4,378.037574,47.626142
csyz,4,323.513546,43.736044
dxf3,4,287.934757,36.905090
dzf3,4,1012.037454,132.120289
csxz,4,320.015300,43.433019
#========================= OptEWE [OpenMP] =========================
#Source type                                  :  Force monopole
#Grid Size                                    :  768 x 768 x 768
#Iterations                                   :  5
#Compute time                                 :  73.298737
#Total effective MLUPS                        :  30.899907
#===================================================================
#Number of threads                            :  5
