dxf,0,123.191286,26.155480
dzb,0,532.262351,114.898145
dyb,0,121.031963,26.389149
cvx,0,150.282293,33.155165
dyf,0,121.004011,26.458436
dzb2,0,532.381844,115.231380
dxb,0,120.061370,25.725608
cvy,0,1289.764488,239.601471
dzf,0,530.098794,114.840744
dxb2,0,120.173713,25.798808
dyb2,0,121.679854,26.583090
cvz,0,178.078146,39.147388
dzb3,0,531.453422,115.205239
dxb3,0,120.084267,25.782559
dyb3,0,121.370930,26.575422
csxxsyyszz,0,265.842922,58.786382
dyf2,0,121.189308,26.527895
dxf2,0,120.360717,25.842654
csxy,0,122.812600,27.165478
dzf2,0,530.195631,115.022177
dyf3,0,120.886269,26.491309
csyz,0,149.847359,32.912582
dxf3,0,120.083006,25.784503
dzf3,0,530.300056,115.081713
csxz,0,149.810246,32.956641
dxf,1,119.978514,25.781374
dzb,1,531.627099,115.326297
dyb,1,120.783927,26.431631
cvx,1,150.354648,33.248036
dyf,1,120.912074,26.519015
dzb2,1,531.648124,115.378861
dxb,1,120.231151,25.876552
cvy,1,150.384402,33.230005
dzf,1,530.107378,115.113138
dxb2,1,120.098252,25.801804
dyb2,1,121.150234,26.504691
cvz,1,178.107464,39.216665
dzb3,1,531.542547,115.389856
dxb3,1,120.073253,25.811074
dyb3,1,121.271983,26.543158
csxxsyyszz,1,265.661211,58.808635
dyf2,1,121.153851,26.550915
dxf2,1,120.347803,25.878353
csxy,1,122.776700,27.191820
dzf2,1,530.908481,115.276619
dyf3,1,121.049592,26.561896
csyz,1,149.841791,32.965441
dxf3,1,119.942998,25.796170
dzf3,1,530.316390,115.208367
csxz,1,149.814492,32.995773
dxf,2,120.084794,25.817861
dzb,2,531.679044,115.467618
dyb,2,120.900458,26.454778
cvx,2,150.369172,33.284636
dyf,2,120.938936,26.542378
dzb2,2,531.673890,115.503656
dxb,2,120.090509,25.822166
cvy,2,150.294366,33.246942
dzf,2,530.169732,115.208770
dxb2,2,120.135363,25.839319
dyb2,2,121.272403,26.553233
cvz,2,178.145374,39.247652
dzb3,2,531.453702,115.433012
dxb3,2,120.221910,25.840196
dyb3,2,121.399777,26.560148
csxxsyyszz,2,266.767628,59.045230
dyf2,2,121.092565,26.543022
dxf2,2,120.292523,25.870903
csxy,2,122.901184,27.320982
dzf2,2,530.109004,115.283136
dyf3,2,120.995030,26.533738
csyz,2,149.854715,32.973247
dxf3,2,119.958633,25.803250
dzf3,2,530.347439,115.237667
csxz,2,149.826048,33.010101
dxf,3,120.129697,25.838962
dzb,3,531.554386,115.501380
dyb,3,120.889546,26.467130
cvx,3,150.313803,33.286101
dyf,3,120.903217,26.524753
dzb2,3,531.813641,115.571308
dxb,3,120.096840,25.830541
cvy,3,150.311492,33.252585
dzf,3,530.526260,115.308558
dxb2,3,120.123910,25.838455
dyb2,3,121.210008,26.547824
cvz,3,178.036097,39.246696
dzb3,3,532.069240,115.598889
dxb3,3,120.095948,25.832810
dyb3,3,121.189360,26.530739
csxxsyyszz,3,264.620497,58.633086
dyf2,3,121.267844,26.585632
dxf2,3,120.382462,25.893576
csxy,3,122.840591,27.233709
dzf2,3,530.113576,115.245393
dyf3,3,121.022706,26.552553
csyz,3,149.828022,32.993295
dxf3,3,120.066887,25.839845
dzf3,3,530.163100,115.279578
csxz,3,149.836640,33.023101
dxf,4,120.002192,25.819774
dzb,4,531.619121,115.522677
dyb,4,120.739115,26.451638
cvx,4,150.343632,33.314961
dyf,4,120.981054,26.551250
dzb2,4,531.849461,115.600546
dxb,4,120.042146,25.845959
cvy,4,150.414864,33.283864
dzf,4,530.138396,115.254152
dxb2,4,120.111244,25.839792
dyb2,4,121.145084,26.522401
cvz,4,178.154562,39.275533
dzb3,4,531.432311,115.531936
dxb3,4,120.117411,25.842473
dyb3,4,121.210555,26.551393
csxxsyyszz,4,266.356514,59.009023
dyf2,4,121.179937,26.567592
dxf2,4,120.355158,25.891896
csxy,4,122.740939,27.216318
dzf2,4,530.136551,115.266830
dyf3,4,121.001487,26.541134
csyz,4,150.468791,33.111919
dxf3,4,120.016020,25.815863
dzf3,4,530.860102,115.471923
csxz,4,149.797247,33.078495
#========================= OptEWE [OpenMP] =========================
#Source type                                  :  Force monopole
#Grid Size                                    :  768 x 768 x 768
#Iterations                                   :  5
#Compute time                                 :  30.146507
#Total effective MLUPS                        :  75.130566
#===================================================================
#Number of threads                            :  23
