dxf,0,152.421315,28.272916
dzb,0,570.700832,109.635418
dyb,0,155.169756,29.212435
cvx,0,178.157946,34.541979
dyf,0,155.056526,29.282720
dzb2,0,569.501640,109.674319
dxb,0,152.616986,28.484498
cvy,0,657.048566,111.116980
dzf,0,568.442191,109.528835
dxb2,0,152.598431,28.476823
dyb2,0,155.682653,29.369482
cvz,0,204.698041,39.769798
dzb3,0,568.899250,109.435004
dxb3,0,152.575198,28.491064
dyb3,0,163.462981,30.869612
csxxsyyszz,0,338.302454,65.379062
dyf2,0,155.230065,29.304865
dxf2,0,159.341228,29.784561
csxy,0,125.607478,25.319796
dzf2,0,1386.444994,236.256888
dyf3,0,155.173584,29.287036
csyz,0,186.944090,35.982634
dxf3,0,151.792551,28.371441
dzf3,0,569.241033,109.849061
csxz,0,185.554073,35.804741
dxf,1,151.959238,28.433634
dzb,1,569.273683,109.209570
dyb,1,155.139916,29.275618
cvx,1,178.035026,34.603455
dyf,1,154.876453,29.332334
dzb2,1,569.371330,109.844415
dxb,1,152.472676,28.510781
cvy,1,158.236632,31.529266
dzf,1,568.344970,109.528797
dxb2,1,153.334978,28.628258
dyb2,1,155.515539,29.366063
cvz,1,204.991155,39.874262
dzb3,1,568.726013,109.742915
dxb3,1,152.836554,28.588002
dyb3,1,163.368794,30.864201
csxxsyyszz,1,333.162776,64.579251
dyf2,1,155.417843,29.380653
dxf2,1,158.889170,29.732383
csxy,1,125.708635,25.368645
dzf2,1,1384.267916,236.609433
dyf3,1,156.400189,29.520040
csyz,1,186.834679,35.957973
dxf3,1,152.037942,28.439116
dzf3,1,569.411558,109.751083
csxz,1,185.689046,35.850025
dxf,2,151.893499,28.448262
dzb,2,569.224536,109.899585
dyb,2,155.000780,29.297615
cvx,2,178.249638,34.651605
dyf,2,154.984529,29.368201
dzb2,2,569.399163,109.880199
dxb,2,152.401325,28.555208
cvy,2,158.154505,31.547251
dzf,2,568.332782,109.267209
dxb2,2,152.395275,28.531932
dyb2,2,155.530878,29.422206
cvz,2,204.837807,39.877122
dzb3,2,568.897502,109.908998
dxb3,2,152.586207,28.570033
dyb3,2,163.403394,30.904285
csxxsyyszz,2,338.318783,65.482594
dyf2,2,155.189550,29.347381
dxf2,2,159.094416,29.787464
csxy,2,125.656799,25.346930
dzf2,2,1385.996627,236.667662
dyf3,2,155.248384,29.364193
csyz,2,186.644959,35.963529
dxf3,2,151.920935,28.402760
dzf3,2,569.404469,109.947787
csxz,2,185.537247,35.847631
dxf,3,151.919231,28.440297
dzb,3,570.843127,110.674204
dyb,3,155.195196,29.363894
cvx,3,178.741128,35.209767
dyf,3,155.067709,29.781642
dzb2,3,569.444032,110.496199
dxb,3,152.728019,28.820099
cvy,3,158.124323,31.576932
dzf,3,568.209102,109.836810
dxb2,3,152.211848,28.516123
dyb2,3,155.454017,29.428459
cvz,3,204.894118,39.917178
dzb3,3,568.813771,109.770327
dxb3,3,152.538006,28.582799
dyb3,3,163.522855,30.954876
csxxsyyszz,3,333.013470,64.649345
dyf2,3,155.084045,29.384475
dxf2,3,159.306745,29.871745
csxy,3,125.464976,25.356520
dzf2,3,1385.434433,236.965219
dyf3,3,155.637724,29.365219
csyz,3,186.829482,35.959333
dxf3,3,151.828704,28.377826
dzf3,3,569.354747,109.998761
csxz,3,185.403227,35.843425
dxf,4,151.688067,28.416602
dzb,4,570.796578,109.769069
dyb,4,155.346331,29.387171
cvx,4,178.209302,34.685469
dyf,4,155.128290,29.453007
dzb2,4,569.458084,110.081555
dxb,4,152.379878,28.568134
cvy,4,158.407392,31.623436
dzf,4,568.439276,109.822964
dxb2,4,152.370933,28.523294
dyb2,4,155.565207,29.422755
cvz,4,204.902407,39.895418
dzb3,4,568.819308,109.365488
dxb3,4,152.632745,28.580605
dyb3,4,163.610856,30.960255
csxxsyyszz,4,333.042070,64.654027
dyf2,4,155.270184,29.406515
dxf2,4,159.205401,29.867204
csxy,4,125.596001,25.376696
dzf2,4,1384.990334,237.028074
dyf3,4,155.590115,29.384481
csyz,4,186.687459,35.978049
dxf3,4,151.854687,28.415559
dzf3,4,569.237600,109.808771
csxz,4,185.763214,35.911234
#========================= OptEWE [OpenMP] =========================
#Source type                                  :  Force monopole
#Grid Size                                    :  768 x 768 x 768
#Iterations                                   :  5
#Compute time                                 :  37.833790
#Total effective MLUPS                        :  59.865115
#===================================================================
#Number of threads                            :  13
