dxf,0,111.159093,22.585338
dzb,0,422.072467,88.796977
dyb,0,112.514369,23.348211
cvx,0,130.353374,27.674539
dyf,0,112.447501,23.422740
dzb2,0,422.238349,89.114820
dxb,0,110.564744,22.614808
cvy,0,757.374277,133.446425
dzf,0,421.223768,88.904975
dxb2,0,110.536227,22.635376
dyb2,0,112.810112,23.486768
cvz,0,151.874435,32.274309
dzb3,0,421.659735,89.127327
dxb3,0,110.396782,22.602878
dyb3,0,112.864004,23.490810
csxxsyyszz,0,260.650616,54.535668
dyf2,0,112.379396,23.396478
dxf2,0,110.513535,22.644667
csxy,0,107.684922,22.929972
dzf2,0,421.415136,89.084468
dyf3,0,112.760180,23.487252
csyz,0,129.015519,27.390806
dxf3,0,110.364186,22.626998
dzf3,0,421.814622,89.225133
csxz,0,129.063295,27.439742
dxf,1,110.113896,22.593994
dzb,1,422.068095,89.222729
dyb,1,112.679451,23.439178
cvx,1,130.379054,27.730241
dyf,1,112.373301,23.451026
dzb2,1,422.118851,89.262828
dxb,1,110.501206,22.622285
cvy,1,131.833863,27.967364
dzf,1,421.117069,89.095751
dxb2,1,110.442637,22.641973
dyb2,1,112.957334,23.520763
cvz,1,151.760550,32.269078
dzb3,1,421.468021,89.154309
dxb3,1,110.342765,22.606350
dyb3,1,112.869844,23.499699
csxxsyyszz,1,256.413372,53.854136
dyf2,1,112.687599,23.482761
dxf2,1,110.644802,22.681443
csxy,1,107.619135,22.923986
dzf2,1,421.394554,89.130051
dyf3,1,112.821208,23.501572
csyz,1,129.154916,27.434081
dxf3,1,110.269626,22.604288
dzf3,1,421.837433,89.209640
csxz,1,129.037862,27.425101
dxf,2,110.260855,22.606182
dzb,2,422.154082,89.262811
dyb,2,112.586451,23.446498
cvx,2,130.423222,27.752603
dyf,2,112.597254,23.500355
dzb2,2,422.096940,89.268274
dxb,2,110.486369,22.663392
cvy,2,130.355958,27.704344
dzf,2,421.185083,89.102175
dxb2,2,110.451955,22.651279
dyb2,2,112.792448,23.511041
cvz,2,151.811850,32.309133
dzb3,2,421.545977,89.188862
dxb3,2,110.585141,22.663165
dyb3,2,112.890578,23.519984
csxxsyyszz,2,260.496795,54.564383
dyf2,2,112.497542,23.458451
dxf2,2,110.519005,22.676871
csxy,2,107.720778,22.965526
dzf2,2,421.388489,89.188789
dyf3,2,112.544621,23.475549
csyz,2,129.143354,27.465882
dxf3,2,110.250755,22.614570
dzf3,2,421.752933,89.242868
csxz,2,129.070693,27.456218
dxf,3,110.138634,22.592801
dzb,3,422.046367,89.267657
dyb,3,112.580037,23.433682
cvx,3,130.370958,27.754816
dyf,3,112.551822,23.513334
dzb2,3,422.191285,89.345482
dxb,3,110.696244,22.710890
cvy,3,130.451946,27.726473
dzf,3,421.148284,89.089661
dxb2,3,110.466116,22.624348
dyb2,3,112.836782,23.506301
cvz,3,151.774279,32.288613
dzb3,3,421.510677,89.186251
dxb3,3,110.492401,22.666356
dyb3,3,112.970483,23.530190
csxxsyyszz,3,256.483392,53.894938
dyf2,3,112.681415,23.508036
dxf2,3,110.598049,22.690621
csxy,3,107.669243,22.954786
dzf2,3,421.366516,89.193353
dyf3,3,112.598922,23.494159
csyz,3,129.025380,27.438576
dxf3,3,110.407175,22.665138
dzf3,3,421.617814,89.234959
csxz,3,129.072917,27.456444
dxf,4,110.231317,22.623870
dzb,4,422.113521,89.333754
dyb,4,112.496763,23.418816
cvx,4,130.507706,27.783187
dyf,4,112.533839,23.490204
dzb2,4,422.119224,89.336579
dxb,4,110.420803,22.664732
cvy,4,130.444536,27.764798
dzf,4,421.138312,89.226811
dxb2,4,110.490877,22.670730
dyb2,4,112.935238,23.561361
cvz,4,151.748057,32.317128
dzb3,4,421.557833,89.259637
dxb3,4,110.550678,22.681642
dyb3,4,112.756509,23.503179
csxxsyyszz,4,256.263394,53.870562
dyf2,4,112.683310,23.492740
dxf2,4,111.809646,22.904156
csxy,4,107.666865,22.961563
dzf2,4,421.412334,89.207659
dyf3,4,112.846789,23.545383
csyz,4,129.057692,27.429069
dxf3,4,110.336257,22.629892
dzf3,4,421.884453,89.295383
csxz,4,129.019276,27.520979
#========================= OptEWE [OpenMP] =========================
#Source type                                  :  Force monopole
#Grid Size                                    :  768 x 768 x 768
#Iterations                                   :  5
#Compute time                                 :  25.157499
#Total effective MLUPS                        :  90.029781
#===================================================================
#Number of threads                            :  18
