dxf,0,103.996178,24.527003
dzb,0,387.766999,95.859688
dyb,0,105.473274,25.419182
cvx,0,120.330276,29.845360
dyf,0,104.767448,25.402152
dzb2,0,387.679488,95.806288
dxb,0,103.421985,24.576264
cvy,0,685.241976,141.133785
dzf,0,386.677786,95.606454
dxb2,0,103.369146,24.579459
dyb2,0,105.713392,25.584740
cvz,0,139.809163,34.810250
dzb3,0,387.145319,95.837125
dxb3,0,104.201511,24.775260
dyb3,0,105.870585,25.633667
csxxsyyszz,0,230.298948,56.768813
dyf2,0,105.020328,25.501045
dxf2,0,103.541458,24.635964
csxy,0,99.791054,24.874155
dzf2,0,386.794776,95.823668
dyf3,0,106.685988,25.860732
csyz,0,119.398947,29.680629
dxf3,0,103.107172,24.577435
dzf3,0,387.281371,95.927677
csxz,0,119.433189,30.009439
dxf,1,102.979230,24.572428
dzb,1,387.707631,96.101781
dyb,1,105.440919,25.550206
cvx,1,120.211420,29.958631
dyf,1,104.828972,25.525112
dzb2,1,387.700400,96.117679
dxb,1,103.401935,24.633787
cvy,1,120.325784,29.972955
dzf,1,386.560452,95.874462
dxb2,1,103.320695,24.621813
dyb2,1,106.025296,25.683400
cvz,1,139.899700,34.902866
dzb3,1,387.077773,95.994415
dxb3,1,103.309355,24.634607
dyb3,1,105.694905,25.663611
csxxsyyszz,1,230.332965,56.880079
dyf2,1,105.060442,25.552761
dxf2,1,103.646229,24.714072
csxy,1,99.800333,24.929950
dzf2,1,386.863174,95.997028
dyf3,1,105.125151,25.654220
csyz,1,119.263641,29.735086
dxf3,1,103.125099,24.623327
dzf3,1,387.322275,96.106453
csxz,1,119.193998,29.774241
dxf,2,102.948732,24.594476
dzb,2,387.697235,96.196377
dyb,2,105.450891,25.612616
cvx,2,120.227674,30.007028
dyf,2,104.867226,25.568805
dzb2,2,387.675031,96.201208
dxb,2,103.423394,24.727425
cvy,2,120.350354,30.006943
dzf,2,386.698688,96.007540
dxb2,2,103.384668,24.672627
dyb2,2,105.759242,25.675403
cvz,2,139.799823,34.933595
dzb3,2,387.122642,96.071970
dxb3,2,103.311309,24.671478
dyb3,2,105.817548,25.704021
csxxsyyszz,2,230.302304,56.916309
dyf2,2,105.045232,25.611401
dxf2,2,103.649981,24.765188
csxy,2,99.865920,24.963637
dzf2,2,387.382450,96.184869
dyf3,2,105.164115,25.644195
csyz,2,119.340437,29.772109
dxf3,2,103.137183,24.643770
dzf3,2,387.218704,96.207048
csxz,2,119.229455,29.812906
dxf,3,103.061616,24.633934
dzb,3,388.481949,96.311894
dyb,3,105.321300,25.605625
cvx,3,120.337586,30.027679
dyf,3,104.744790,25.546488
dzb2,3,387.747533,96.247981
dxb,3,103.498373,24.718491
cvy,3,120.423802,30.032536
dzf,3,386.531100,95.940279
dxb2,3,103.358036,24.655074
dyb2,3,105.795995,25.695202
cvz,3,139.734210,34.956964
dzb3,3,387.170227,96.169996
dxb3,3,103.267158,24.685768
dyb3,3,105.777102,25.735840
csxxsyyszz,3,230.312982,56.971563
dyf2,3,105.073960,25.615582
dxf2,3,103.609604,24.736422
csxy,3,99.800612,24.940271
dzf2,3,386.716546,95.990171
dyf3,3,105.171056,25.634830
csyz,3,119.395323,29.761874
dxf3,3,102.988294,24.592787
dzf3,3,387.185252,96.176590
csxz,3,119.225639,29.810473
dxf,4,102.971247,24.620028
dzb,4,387.710751,96.258535
dyb,4,105.394607,25.650658
cvx,4,120.231747,30.035639
dyf,4,104.962340,25.624054
dzb2,4,387.816896,96.349940
dxb,4,103.339861,24.701056
cvy,4,120.271438,30.020292
dzf,4,386.644402,96.081131
dxb2,4,103.420666,24.721232
dyb2,4,105.696440,25.706337
cvz,4,139.721802,34.957948
dzb3,4,387.214238,96.226842
dxb3,4,103.340017,24.706629
dyb3,4,105.863177,25.750475
csxxsyyszz,4,230.211078,56.960992
dyf2,4,105.053227,25.625746
dxf2,4,103.626443,24.760304
csxy,4,99.817750,24.984086
dzf2,4,387.138997,96.876182
dyf3,4,105.171991,26.026381
csyz,4,119.291793,30.179714
dxf3,4,103.005818,24.984796
dzf3,4,387.269790,97.660802
csxz,4,119.267990,30.105737
#========================= OptEWE [OpenMP] =========================
#Source type                                  :  Force monopole
#Grid Size                                    :  768 x 768 x 768
#Iterations                                   :  5
#Compute time                                 :  23.191460
#Total effective MLUPS                        :  97.661993
#===================================================================
#Number of threads                            :  19
