dxf,0,152.991181,27.865132
dzb,0,655.394448,118.536861
dyb,0,154.028570,28.626604
cvx,0,188.228045,35.222172
dyf,0,153.179084,28.538992
dzb2,0,655.258939,119.687730
dxb,0,151.883979,27.798862
cvy,0,842.113734,138.014979
dzf,0,654.170146,118.677406
dxb2,0,151.740905,27.822140
dyb2,0,154.174541,28.685729
cvz,0,221.346209,41.347694
dzb3,0,655.062315,119.165254
dxb3,0,151.599370,27.808327
dyb3,0,154.006880,28.672181
csxxsyyszz,0,338.877134,63.788635
dyf2,0,153.334896,28.573833
dxf2,0,151.886846,27.875827
csxy,0,154.293540,28.997294
dzf2,0,653.839224,119.824021
dyf3,0,153.244103,28.552712
csyz,0,187.066738,34.941146
dxf3,0,151.591449,27.840190
dzf3,0,654.066490,120.804383
csxz,0,186.981290,34.958911
dxf,1,151.637289,27.845635
dzb,1,655.180063,120.947782
dyb,1,153.875360,28.668220
cvx,1,188.385886,35.316775
dyf,1,153.348454,28.627435
dzb2,1,655.537710,118.495298
dxb,1,153.347709,28.137325
cvy,1,188.272321,35.264643
dzf,1,654.139136,118.360042
dxb2,1,151.747684,27.848551
dyb2,1,154.106398,28.704539
cvz,1,221.360698,41.364298
dzb3,1,654.997799,118.816947
dxb3,1,151.549424,27.813157
dyb3,1,153.928709,28.672573
csxxsyyszz,1,338.284060,63.700752
dyf2,1,153.434273,28.630216
dxf2,1,151.779599,27.866312
csxy,1,154.322475,28.986409
dzf2,1,654.082239,119.502866
dyf3,1,153.212742,28.541309
csyz,1,187.068018,34.941137
dxf3,1,151.616247,27.835454
dzf3,1,654.181015,120.550799
csxz,1,186.977389,34.928718
dxf,2,151.689322,27.830652
dzb,2,655.273827,120.843163
dyb,2,154.041280,28.642914
cvx,2,188.213341,35.277618
dyf,2,153.187539,28.586894
dzb2,2,655.300073,119.795483
dxb,2,151.757539,27.863378
cvy,2,188.150139,35.243119
dzf,2,653.906615,119.094237
dxb2,2,151.553974,27.828602
dyb2,2,153.885100,28.680211
cvz,2,221.341749,41.385323
dzb3,2,655.231633,118.556407
dxb3,2,151.502662,27.810887
dyb3,2,154.319817,28.920621
csxxsyyszz,2,338.524282,63.813195
dyf2,2,155.309088,28.945112
dxf2,2,151.894254,27.896173
csxy,2,154.197625,28.986805
dzf2,2,654.143296,119.201907
dyf3,2,153.022088,28.534546
csyz,2,187.087956,34.944985
dxf3,2,151.600862,27.834363
dzf3,2,654.668231,121.019062
csxz,2,186.964296,34.927018
dxf,3,151.617916,27.838114
dzb,3,655.646837,121.816585
dyb,3,153.882621,29.234098
cvx,3,188.231487,35.878654
dyf,3,153.134466,29.076159
dzb2,3,655.196731,121.833305
dxb,3,151.795786,27.890491
cvy,3,188.246121,35.282771
dzf,3,653.795467,120.809920
dxb2,3,151.654876,27.861751
dyb2,3,154.301970,28.748385
cvz,3,221.380782,41.400439
dzb3,3,655.032194,119.850948
dxb3,3,151.620186,27.872472
dyb3,3,154.143821,28.759926
csxxsyyszz,3,337.481980,63.730708
dyf2,3,153.253961,28.614862
dxf2,3,151.761765,27.909161
csxy,3,154.328811,29.040774
dzf2,3,654.151027,118.889703
dyf3,3,152.986549,28.546147
csyz,3,187.054654,34.982065
dxf3,3,151.689918,27.877855
dzf3,3,654.293347,119.863720
csxz,3,186.923359,34.958147
dxf,4,151.569674,27.841144
dzb,4,656.214615,120.272767
dyb,4,153.728944,28.665488
cvx,4,188.123035,35.262424
dyf,4,153.273605,28.634352
dzb2,4,655.201104,121.037930
dxb,4,151.687826,27.888748
cvy,4,188.223815,35.274009
dzf,4,654.018407,120.863421
dxb2,4,151.635451,27.869827
dyb2,4,154.255528,28.780274
cvz,4,221.418165,41.431260
dzb3,4,654.813872,120.964757
dxb3,4,151.589629,27.857814
dyb3,4,153.995312,28.716275
csxxsyyszz,4,338.646175,63.797203
dyf2,4,153.354674,28.623773
dxf2,4,151.843079,27.924363
csxy,4,154.305045,29.017879
dzf2,4,654.192364,118.428012
dyf3,4,153.048003,28.585417
csyz,4,187.036541,34.942804
dxf3,4,151.784211,27.880923
dzf3,4,654.254304,119.440678
csxz,4,186.958809,34.992119
#========================= OptEWE [OpenMP] =========================
#Source type                                  :  Force monopole
#Grid Size                                    :  768 x 768 x 768
#Iterations                                   :  5
#Compute time                                 :  36.782803
#Total effective MLUPS                        :  61.575628
#===================================================================
#Number of threads                            :  16
