dxf,0,180.216573,29.288410
dzb,0,734.193249,121.268821
dyb,0,185.199289,30.517277
cvx,0,195.021747,34.099725
dyf,0,184.078261,30.344212
dzb2,0,734.183696,121.435576
dxb,0,179.842812,29.267678
cvy,0,791.988152,118.640671
dzf,0,734.047147,121.333328
dxb2,0,179.920448,29.317216
dyb2,0,184.132861,30.343436
cvz,0,243.168015,42.155283
dzb3,0,734.068741,121.425788
dxb3,0,179.812772,29.309729
dyb3,0,185.445333,30.891522
csxxsyyszz,0,419.631585,71.854182
dyf2,0,183.985936,30.353825
dxf2,0,178.859825,29.545779
csxy,0,157.263413,27.676505
dzf2,0,1083.436278,174.407399
dyf3,0,183.766677,30.371540
csyz,0,236.828228,40.117258
dxf3,0,179.578227,29.305975
dzf3,0,734.303786,121.457061
csxz,0,235.346351,39.932168
dxf,1,179.571794,29.464407
dzb,1,734.206856,121.735434
dyb,1,183.969774,30.322071
cvx,1,195.322779,34.182477
dyf,1,183.900476,30.427948
dzb2,1,734.722936,121.573558
dxb,1,179.739971,29.320703
cvy,1,249.519962,42.164772
dzf,1,734.119753,121.524994
dxb2,1,179.660143,29.321949
dyb2,1,184.148543,30.328076
cvz,1,243.869650,42.307651
dzb3,1,733.939550,124.204911
dxb3,1,179.645030,30.018708
dyb3,1,185.555614,30.936312
csxxsyyszz,1,419.616379,71.900293
dyf2,1,183.779929,30.325798
dxf2,1,178.713827,29.571801
csxy,1,157.244641,27.710782
dzf2,1,1083.287717,174.513029
dyf3,1,183.637831,30.352727
csyz,1,236.893128,40.148781
dxf3,1,179.560989,29.320151
dzf3,1,734.427061,121.547301
csxz,1,235.160261,39.902454
dxf,2,179.520345,29.317978
dzb,2,734.319169,121.574218
dyb,2,183.992161,30.372629
cvx,2,195.200675,34.187490
dyf,2,183.800889,30.383776
dzb2,2,734.316098,121.588800
dxb,2,179.692597,29.306646
cvy,2,249.889633,42.247027
dzf,2,734.632498,121.661152
dxb2,2,179.819701,29.303408
dyb2,2,184.098132,30.396110
cvz,2,242.451608,42.096405
dzb3,2,734.384390,121.590753
dxb3,2,179.705612,29.309637
dyb3,2,185.677773,30.953328
csxxsyyszz,2,422.790286,72.354224
dyf2,2,183.727598,30.326474
dxf2,2,178.862410,29.578252
csxy,2,157.234016,27.700875
dzf2,2,1083.621630,174.613387
dyf3,2,183.594235,30.314757
csyz,2,236.732434,40.120925
dxf3,2,179.700168,29.340767
dzf3,2,734.421088,121.545315
csxz,2,235.319350,39.948934
dxf,3,179.604479,29.335811
dzb,3,734.279262,121.575093
dyb,3,183.636119,30.289040
cvx,3,194.952269,34.172844
dyf,3,183.731602,30.397275
dzb2,3,734.237066,121.557383
dxb,3,179.855365,29.354680
cvy,3,249.497837,42.184889
dzf,3,734.028145,121.592731
dxb2,3,179.900983,29.320132
dyb2,3,184.212495,30.410783
cvz,3,243.068528,42.181938
dzb3,3,734.845335,121.693779
dxb3,3,179.850505,29.353266
dyb3,3,185.659885,30.965611
csxxsyyszz,3,418.405133,71.725347
dyf2,3,183.915259,30.364657
dxf2,3,178.810811,29.537186
csxy,3,157.299381,27.714988
dzf2,3,1083.826280,174.687944
dyf3,3,183.657098,30.363605
csyz,3,236.684889,40.143198
dxf3,3,179.563414,29.350433
dzf3,3,734.285537,121.632251
csxz,3,235.540274,40.000725
dxf,4,179.573579,29.303853
dzb,4,734.350665,121.805300
dyb,4,183.909837,30.413094
cvx,4,195.012870,34.276852
dyf,4,184.173782,30.543760
dzb2,4,734.316143,121.811671
dxb,4,179.845949,29.395248
cvy,4,249.469922,42.204396
dzf,4,734.352636,122.350405
dxb2,4,179.647496,30.516253
dyb2,4,183.918289,31.628228
cvz,4,240.948483,42.672150
dzb3,4,733.717636,123.971324
dxb3,4,180.886038,29.549026
dyb3,4,185.758367,30.981788
csxxsyyszz,4,419.660162,71.934584
dyf2,4,183.850296,30.374925
dxf2,4,178.591542,29.530111
csxy,4,157.350438,27.733014
dzf2,4,1083.557974,174.633838
dyf3,4,183.616878,30.333880
csyz,4,236.511880,40.108513
dxf3,4,179.834330,29.353731
dzf3,4,734.925198,121.666065
csxz,4,235.024234,39.908545
#========================= OptEWE [OpenMP] =========================
#Source type                                  :  Force monopole
#Grid Size                                    :  768 x 768 x 768
#Iterations                                   :  5
#Compute time                                 :  43.916710
#Total effective MLUPS                        :  51.573175
#===================================================================
#Number of threads                            :  11
