dxf,0,525.847538,78.040961
dzb,0,1745.537259,263.592481
dyb,0,704.618520,103.448925
cvx,0,1015.064733,149.435216
dyf,0,707.006525,103.737748
dzb2,0,1745.296991,263.501876
dxb,0,550.881335,81.481784
cvy,0,2307.144526,330.248771
dzf,0,1743.241867,263.178691
dxb2,0,556.133981,82.960512
dyb2,0,703.551749,103.702402
cvz,0,1030.809325,152.791134
dzb3,0,1747.455372,263.636207
dxb3,0,551.948743,81.619293
dyb3,0,709.273719,104.695307
csxxsyyszz,0,2818.759943,408.804019
dyf2,0,707.329006,103.753016
dxf2,0,526.538924,78.536445
csxy,0,412.753951,63.758894
dzf2,0,2049.880586,311.484269
dyf3,0,708.907019,104.784442
csyz,0,478.353926,73.812625
dxf3,0,524.125458,77.771597
dzf3,0,1743.347526,263.228236
csxz,0,477.589733,73.821761
dxf,1,524.953380,77.935240
dzb,1,1746.866014,264.112918
dyb,1,702.934122,103.188655
cvx,1,1015.132639,149.443841
dyf,1,706.058040,103.612394
dzb2,1,1747.497119,263.829345
dxb,1,551.082996,81.493140
cvy,1,1008.361199,149.132998
dzf,1,1743.265574,264.753582
dxb2,1,555.761053,82.268972
dyb2,1,705.389919,103.701295
cvz,1,1029.498531,152.830975
dzb3,1,1746.669659,264.048882
dxb3,1,552.122993,81.936072
dyb3,1,709.209505,104.899664
csxxsyyszz,1,2820.241787,409.679709
dyf2,1,706.801237,104.083468
dxf2,1,526.670102,78.667354
csxy,1,412.265685,63.746829
dzf2,1,2049.841610,312.039030
dyf3,1,706.763176,103.970925
csyz,1,477.991869,74.041961
dxf3,1,525.034229,77.993359
dzf3,1,1744.526152,263.805869
csxz,1,477.545260,73.867103
dxf,2,525.983954,78.172866
dzb,2,1748.462253,264.277190
dyb,2,703.873887,103.663149
cvx,2,1016.904802,149.826884
dyf,2,708.082048,104.086064
dzb2,2,1748.670685,264.254111
dxb,2,552.093374,81.895675
cvy,2,1010.074903,149.575671
dzf,2,1740.298591,269.117265
dxb2,2,554.046662,84.672976
dyb2,2,705.091990,103.501293
cvz,2,1027.353067,152.345024
dzb3,2,1747.016027,263.815270
dxb3,2,551.865809,81.661044
dyb3,2,710.547476,104.874984
csxxsyyszz,2,2820.555483,409.228532
dyf2,2,707.318772,103.770595
dxf2,2,526.569356,78.627748
csxy,2,412.513054,63.714707
dzf2,2,2049.856775,311.577347
dyf3,2,706.795385,103.758783
csyz,2,477.882774,73.821164
dxf3,2,524.934626,77.936074
dzf3,2,1743.566618,263.292041
csxz,2,480.055781,74.072256
dxf,3,526.036747,78.118946
dzb,3,1745.403544,263.611877
dyb,3,704.280422,103.437568
cvx,3,1016.870165,149.674944
dyf,3,706.738730,103.742854
dzb2,3,1748.530757,263.981302
dxb,3,551.873468,81.669662
cvy,3,1009.967993,149.356880
dzf,3,1744.918983,266.232556
dxb2,3,555.855067,82.480732
dyb2,3,703.112884,103.333656
cvz,3,1029.625172,152.541812
dzb3,3,1746.714636,263.574160
dxb3,3,552.126551,81.602110
dyb3,3,710.579127,104.780977
csxxsyyszz,3,2813.371984,407.905322
dyf2,3,707.329643,103.699362
dxf2,3,526.390293,78.550540
csxy,3,412.474529,63.660311
dzf2,3,2050.059557,311.476295
dyf3,3,706.854454,103.680470
csyz,3,478.020518,73.831387
dxf3,3,525.139448,77.889289
dzf3,3,1744.825651,263.283666
csxz,3,479.202728,74.067953
dxf,4,526.131399,78.053659
dzb,4,1747.080334,263.566265
dyb,4,704.371145,103.287770
cvx,4,1016.712937,149.632451
dyf,4,709.654590,104.080924
dzb2,4,1746.929407,263.502133
dxb,4,551.971066,81.570816
cvy,4,1010.411600,149.859537
dzf,4,1743.206620,268.360034
dxb2,4,554.958243,82.026894
dyb2,4,702.698820,103.087112
cvz,4,1027.681554,152.729055
dzb3,4,1744.148088,263.735587
dxb3,4,551.329866,81.824005
dyb3,4,709.762635,104.714319
csxxsyyszz,4,2809.066761,407.970468
dyf2,4,706.780304,103.896577
dxf2,4,525.541733,78.434235
csxy,4,411.677787,63.665893
dzf2,4,2050.081155,312.224380
dyf3,4,706.281164,104.005261
csyz,4,478.815698,73.802954
dxf3,4,523.882307,77.741139
dzf3,4,1743.972734,263.823341
csxz,4,477.993943,73.872782
#========================= OptEWE [OpenMP] =========================
#Source type                                  :  Force monopole
#Grid Size                                    :  768 x 768 x 768
#Iterations                                   :  5
#Compute time                                 :  128.762192
#Total effective MLUPS                        :  17.589978
#===================================================================
#Number of threads                            :  2
