dxf,0,467.978157,59.209712
dzb,0,1543.329174,198.918144
dyb,0,627.461735,78.435333
cvx,0,904.345699,113.472923
dyf,0,629.324889,78.635190
dzb2,0,1540.220285,198.490141
dxb,0,490.857224,61.970723
cvy,0,2270.017712,274.978618
dzf,0,1538.894643,198.305431
dxb2,0,491.662844,62.087018
dyb2,0,626.834832,78.372069
cvz,0,919.703678,116.635599
dzb3,0,1539.649180,198.465245
dxb3,0,489.201422,61.767282
dyb3,0,629.988423,81.636039
csxxsyyszz,0,2485.611109,307.559636
dyf2,0,630.708709,79.096059
dxf2,0,467.933110,59.840063
csxy,0,365.444468,48.720493
dzf2,0,1866.308471,243.022231
dyf3,0,629.580416,79.090414
csyz,0,432.092558,58.145693
dxf3,0,466.509230,59.212904
dzf3,0,1538.336362,199.477395
csxz,0,430.315163,57.837419
dxf,1,468.020901,59.427326
dzb,1,1539.802019,199.246604
dyb,1,629.312504,78.927854
cvx,1,906.503036,114.275786
dyf,1,629.519967,78.820936
dzb2,1,1540.382872,199.191879
dxb,1,490.850873,62.020677
cvy,1,898.759047,113.826332
dzf,1,1539.812960,198.922646
dxb2,1,491.773012,62.378487
dyb2,1,626.723324,78.625583
cvz,1,917.845126,116.672320
dzb3,1,1539.735593,199.062028
dxb3,1,488.967271,62.015019
dyb3,1,630.549243,79.772085
csxxsyyszz,1,2487.566576,312.598986
dyf2,1,627.964111,80.616763
dxf2,1,468.155850,59.735066
csxy,1,365.225314,48.535408
dzf2,1,1866.763198,242.884199
dyf3,1,629.768828,78.860579
csyz,1,430.167941,57.721043
dxf3,1,466.334157,59.171874
dzf3,1,1538.049699,198.324388
csxz,1,430.211383,57.805794
dxf,2,468.176587,59.283855
dzb,2,1541.408913,198.558662
dyb,2,627.513710,78.369502
cvx,2,904.641020,113.522335
dyf,2,630.671804,78.791189
dzb2,2,1541.592300,198.529583
dxb,2,490.781741,61.891491
cvy,2,898.555901,113.368424
dzf,2,1537.902854,198.130273
dxb2,2,491.824141,62.005879
dyb2,2,626.784122,78.322188
cvz,2,917.904835,116.467163
dzb3,2,1541.395174,198.541908
dxb3,2,489.004974,61.677743
dyb3,2,630.502853,79.358559
csxxsyyszz,2,2487.506254,306.951293
dyf2,2,628.920003,78.552481
dxf2,2,467.998851,59.712885
csxy,2,365.507827,48.506099
dzf2,2,1862.180056,243.398241
dyf3,2,629.819642,78.792207
csyz,2,430.421401,57.923560
dxf3,2,466.752747,59.394909
dzf3,2,1539.956654,199.005665
csxz,2,430.383462,58.040870
dxf,3,468.114464,59.471327
dzb,3,1539.907844,199.039329
dyb,3,629.294263,78.895398
cvx,3,904.566811,113.897039
dyf,3,629.603524,79.065629
dzb2,3,1540.403350,198.868740
dxb,3,491.057820,61.965046
cvy,3,900.635870,113.618782
dzf,3,1540.220474,198.570323
dxb2,3,491.730227,62.106000
dyb2,3,626.762790,78.536470
cvz,3,918.795871,116.544385
dzb3,3,1539.883996,198.684127
dxb3,3,490.870301,61.926854
dyb3,3,630.496911,79.454705
csxxsyyszz,3,2486.899248,308.190206
dyf2,3,629.100619,78.932186
dxf2,3,468.108093,59.799811
csxy,3,365.525344,48.622837
dzf2,3,1866.986211,242.971808
dyf3,3,629.832875,79.036288
csyz,3,430.000816,58.988994
dxf3,3,465.262209,61.610752
dzf3,3,1537.663144,199.200558
csxz,3,432.044784,58.092476
dxf,4,468.263360,59.363090
dzb,4,1539.959167,199.163134
dyb,4,627.290340,78.597533
cvx,4,904.878165,114.050726
dyf,4,628.526368,78.739013
dzb2,4,1542.307228,199.394023
dxb,4,490.845994,62.071315
cvy,4,898.622939,113.738578
dzf,4,1538.469191,198.734875
dxb2,4,491.895903,62.103103
dyb2,4,628.919699,78.857419
cvz,4,917.856506,116.555414
dzb3,4,1539.735467,199.010304
dxb3,4,488.974672,61.897955
dyb3,4,630.613134,79.754973
csxxsyyszz,4,2487.339260,307.786990
dyf2,4,629.195933,78.703834
dxf2,4,468.329648,59.937724
csxy,4,365.460001,48.737252
dzf2,4,1866.542575,242.876227
dyf3,4,630.747206,79.144800
csyz,4,430.491936,57.714194
dxf3,4,466.643005,59.233373
dzf3,4,1539.143481,199.666282
csxz,4,429.907662,59.695013
#========================= OptEWE [OpenMP] =========================
#Source type                                  :  Force monopole
#Grid Size                                    :  768 x 768 x 768
#Iterations                                   :  5
#Compute time                                 :  114.624458
#Total effective MLUPS                        :  19.759519
#===================================================================
#Number of threads                            :  3
