dxf,0,164.382903,30.664590
dzb,0,607.830091,118.224946
dyb,0,166.428218,31.525516
cvx,0,166.810132,34.175101
dyf,0,167.273697,31.761587
dzb2,0,607.569129,118.399782
dxb,0,163.702262,30.761266
cvy,0,615.365050,107.832998
dzf,0,607.369665,118.510260
dxb2,0,163.916999,30.841231
dyb2,0,166.821096,31.617934
cvz,0,200.167658,40.851790
dzb3,0,607.300822,118.647780
dxb3,0,163.973776,30.862597
dyb3,0,171.709475,33.179133
csxxsyyszz,0,347.358539,69.389470
dyf2,0,167.305107,31.774729
dxf2,0,167.602531,32.018529
csxy,0,133.552254,27.669429
dzf2,0,1448.419220,259.841532
dyf3,0,166.772783,31.683105
csyz,0,192.752376,38.436214
dxf3,0,164.238795,30.899154
dzf3,0,607.489726,118.582191
csxz,0,192.184338,38.456679
dxf,1,164.207465,30.981051
dzb,1,607.449841,120.722299
dyb,1,166.386731,31.690605
cvx,1,166.807062,34.255889
dyf,1,167.117870,31.781195
dzb2,1,607.425456,118.641335
dxb,1,163.640661,30.811304
cvy,1,238.973471,46.530499
dzf,1,607.291744,118.633417
dxb2,1,164.043559,30.859211
dyb2,1,166.948751,31.730696
cvz,1,199.974804,40.880047
dzb3,1,607.384262,118.637278
dxb3,1,164.215095,30.889131
dyb3,1,171.798160,33.146989
csxxsyyszz,1,347.435341,69.369347
dyf2,1,167.092592,31.765018
dxf2,1,167.753781,32.118644
csxy,1,132.550193,27.499466
dzf2,1,1448.469789,259.724986
dyf3,1,167.063051,31.763603
csyz,1,192.824688,38.474488
dxf3,1,166.026664,31.208812
dzf3,1,607.734750,118.617421
csxz,1,191.954327,38.366746
dxf,2,163.893712,30.875091
dzb,2,607.976401,118.718121
dyb,2,166.343568,31.590920
cvx,2,166.788756,34.272979
dyf,2,167.164306,31.789284
dzb2,2,607.365286,118.703882
dxb,2,163.520384,30.847872
cvy,2,239.190282,46.568411
dzf,2,607.242544,118.695349
dxb2,2,164.338571,30.924360
dyb2,2,166.803625,31.705719
cvz,2,200.068288,40.898488
dzb3,2,608.074208,118.775830
dxb3,2,164.215974,30.955576
dyb3,2,171.360063,33.061472
csxxsyyszz,2,347.338162,69.366738
dyf2,2,167.390561,31.856206
dxf2,2,167.229598,31.980804
csxy,2,132.534739,27.502318
dzf2,2,1448.501555,259.730557
dyf3,2,167.752886,32.157309
csyz,2,191.792314,38.546279
dxf3,2,164.059007,31.615949
dzf3,2,607.959844,118.590850
csxz,2,192.000865,38.361945
dxf,3,163.711806,30.815274
dzb,3,607.630803,118.592269
dyb,3,166.425729,31.622250
cvx,3,166.858840,34.280676
dyf,3,169.354543,32.194075
dzb2,3,607.608828,118.645099
dxb,3,163.737520,31.127494
cvy,3,238.970601,46.540395
dzf,3,607.127186,118.616474
dxb2,3,164.249940,30.915350
dyb2,3,166.583381,31.620847
cvz,3,199.952233,40.879164
dzb3,3,607.216399,118.669549
dxb3,3,164.234820,30.964941
dyb3,3,171.721712,33.155442
csxxsyyszz,3,357.984437,71.855527
dyf2,3,167.001846,31.812492
dxf2,3,167.319607,31.997523
csxy,3,132.606657,27.495223
dzf2,3,1447.892804,259.614842
dyf3,3,166.928051,31.729494
csyz,3,192.275222,38.389258
dxf3,3,164.440220,30.896187
dzf3,3,607.799332,118.694773
csxz,3,192.239962,38.423466
dxf,4,164.106574,30.870571
dzb,4,607.818108,118.722269
dyb,4,166.422033,31.679622
cvx,4,166.718264,34.238398
dyf,4,166.738267,31.765252
dzb2,4,607.689468,118.790940
dxb,4,163.789829,30.862966
cvy,4,238.842193,46.549472
dzf,4,607.281791,118.727950
dxb2,4,164.132650,30.943453
dyb2,4,166.827637,31.673666
cvz,4,201.720823,41.184584
dzb3,4,607.419442,118.698508
dxb3,4,163.903933,30.865966
dyb3,4,171.713046,33.201287
csxxsyyszz,4,346.448056,69.237095
dyf2,4,167.481013,31.888904
dxf2,4,167.213850,31.995355
csxy,4,132.539567,27.520629
dzf2,4,1447.718427,259.712836
dyf3,4,166.906633,31.783170
csyz,4,192.355718,38.406693
dxf3,4,164.383096,30.945365
dzf3,4,607.801354,118.696540
csxz,4,192.325867,38.463410
#========================= OptEWE [OpenMP] =========================
#Source type                                  :  Force monopole
#Grid Size                                    :  768 x 768 x 768
#Iterations                                   :  5
#Compute time                                 :  40.144478
#Total effective MLUPS                        :  56.419321
#===================================================================
#Number of threads                            :  12
