dxf,0,147.595241,23.928878
dzb,0,547.342130,91.788351
dyb,0,173.261603,27.939299
cvx,0,200.114375,32.353144
dyf,0,173.797008,28.008753
dzb2,0,547.126796,91.875816
dxb,0,149.946829,24.316708
cvy,0,1031.750151,144.834296
dzf,0,546.393306,91.783479
dxb2,0,150.006887,24.319496
dyb2,0,173.099398,27.926372
cvz,0,222.280425,36.671184
dzb3,0,553.917884,93.308588
dxb3,0,150.355562,24.412995
dyb3,0,178.077176,28.758103
csxxsyyszz,0,540.972312,84.111086
dyf2,0,173.730743,28.027608
dxf2,0,159.746207,25.864002
csxy,0,122.342847,21.395445
dzf2,0,1354.832260,198.998477
dyf3,0,173.657100,28.002703
csyz,0,186.115152,30.900683
dxf3,0,147.319240,23.971015
dzf3,0,546.811818,91.947328
csxz,0,185.600889,30.899694
dxf,1,147.198209,23.971944
dzb,1,549.264266,92.301315
dyb,1,173.325231,27.996852
cvx,1,200.089628,32.414024
dyf,1,173.795136,28.058976
dzb2,1,547.264262,92.045560
dxb,1,150.084246,24.357339
cvy,1,197.994365,32.328051
dzf,1,547.275920,92.161661
dxb2,1,149.986114,24.336985
dyb2,1,173.093486,27.935557
cvz,1,208.617999,34.493123
dzb3,1,547.088370,92.023824
dxb3,1,150.144836,24.376186
dyb3,1,178.065352,28.741355
csxxsyyszz,1,540.913522,84.122405
dyf2,1,173.580920,28.011372
dxf2,1,159.896873,26.034388
csxy,1,122.348624,21.417422
dzf2,1,1353.275125,199.345161
dyf3,1,173.353859,27.996895
csyz,1,186.316358,30.967165
dxf3,1,147.175034,23.970763
dzf3,1,546.902526,92.033688
csxz,1,185.229651,30.859309
dxf,2,147.232201,24.006012
dzb,2,547.271516,92.104971
dyb,2,173.169665,27.982485
cvx,2,200.067337,32.421431
dyf,2,173.810176,28.079778
dzb2,2,547.121991,92.074699
dxb,2,150.042239,24.373102
cvy,2,197.928634,32.337336
dzf,2,546.185864,91.980986
dxb2,2,151.147082,24.544606
dyb2,2,173.218125,28.023846
cvz,2,208.627344,34.540119
dzb3,2,546.854899,92.080059
dxb3,2,150.089424,24.377928
dyb3,2,178.217896,28.773897
csxxsyyszz,2,540.773132,84.125141
dyf2,2,173.900484,28.078592
dxf2,2,159.622464,25.869001
csxy,2,122.324087,21.413620
dzf2,2,1353.977291,199.193162
dyf3,2,173.719324,28.031722
csyz,2,186.341862,30.984166
dxf3,2,147.234218,23.993124
dzf3,2,548.244545,92.283510
csxz,2,185.590045,30.927662
dxf,3,147.217571,24.025240
dzb,3,547.094917,92.121589
dyb,3,173.202365,27.998780
cvx,3,200.053241,32.448363
dyf,3,173.521541,28.074297
dzb2,3,547.029545,92.101115
dxb,3,150.103124,24.394226
cvy,3,197.897835,32.352442
dzf,3,546.206609,91.970650
dxb2,3,150.066766,24.388564
dyb2,3,173.087634,27.987281
cvz,3,208.631738,34.538611
dzb3,3,546.955256,92.089222
dxb3,3,150.071269,24.386581
dyb3,3,177.947230,28.779608
csxxsyyszz,3,540.669714,84.149702
dyf2,3,173.560434,28.006207
dxf2,3,159.780578,25.873536
csxy,3,124.446203,21.706232
dzf2,3,1354.944354,199.105995
dyf3,3,173.430705,27.975735
csyz,3,186.196555,30.938711
dxf3,3,147.144866,23.977453
dzf3,3,547.139603,92.085760
csxz,3,185.441716,30.880879
dxf,4,147.014380,23.989367
dzb,4,547.261753,92.111054
dyb,4,173.244854,27.973227
cvx,4,200.006402,32.407472
dyf,4,173.727070,28.070075
dzb2,4,547.070527,92.093815
dxb,4,149.942660,24.368040
cvy,4,197.787312,32.323192
dzf,4,546.504322,92.037608
dxb2,4,150.046736,24.357175
dyb2,4,173.002991,27.953081
cvz,4,208.678764,34.534099
dzb3,4,547.082430,92.102296
dxb3,4,150.122712,24.392347
dyb3,4,177.961909,28.764087
csxxsyyszz,4,542.636739,84.689982
dyf2,4,173.755234,28.173914
dxf2,4,159.794123,25.986146
csxy,4,122.312033,21.484749
dzf2,4,1353.743667,199.451895
dyf3,4,173.566633,27.991090
csyz,4,185.884247,30.888966
dxf3,4,147.223684,23.991284
dzf3,4,548.774902,92.292462
csxz,4,185.341457,30.869802
#========================= OptEWE [OpenMP] =========================
#Source type                                  :  Force monopole
#Grid Size                                    :  768 x 768 x 768
#Iterations                                   :  5
#Compute time                                 :  39.266087
#Total effective MLUPS                        :  57.681434
#===================================================================
#Number of threads                            :  14
