dxf,0,153.831956,24.155214
dzb,0,656.146222,103.328568
dyb,0,157.761319,25.110219
cvx,0,190.650145,30.543865
dyf,0,157.193511,25.077802
dzb2,0,656.187061,103.479849
dxb,0,153.029755,24.118723
cvy,0,1023.134610,140.626230
dzf,0,655.080350,103.747351
dxb2,0,152.888083,24.123058
dyb2,0,157.936407,25.177943
cvz,0,223.532028,35.781392
dzb3,0,656.301787,103.580603
dxb3,0,153.043444,24.153834
dyb3,0,161.104775,25.617635
csxxsyyszz,0,395.287611,62.567829
dyf2,0,157.422167,25.158586
dxf2,0,153.248058,24.197991
csxy,0,155.292924,25.003520
dzf2,0,655.182093,103.500319
dyf3,0,157.296639,25.146439
csyz,0,188.291459,30.178165
dxf3,0,152.686768,24.110256
dzf3,0,655.166744,103.494280
csxz,0,188.244209,30.192017
dxf,1,152.913510,24.138241
dzb,1,656.372147,103.637718
dyb,1,157.786749,25.176661
cvx,1,190.735327,30.618731
dyf,1,157.203457,25.115723
dzb2,1,656.583764,102.546682
dxb,1,153.048383,24.149923
cvy,1,190.721984,30.552394
dzf,1,655.150090,102.354360
dxb2,1,152.754082,24.114934
dyb2,1,157.876620,25.194725
cvz,1,223.659357,35.830352
dzb3,1,656.067962,102.597112
dxb3,1,152.993386,24.138804
dyb3,1,157.854533,25.174571
csxxsyyszz,1,395.050231,62.534858
dyf2,1,157.348727,25.113821
dxf2,1,153.088411,24.196487
csxy,1,155.253729,25.006727
dzf2,1,655.184015,102.813278
dyf3,1,159.046863,25.347352
csyz,1,188.275992,30.173333
dxf3,1,152.640113,24.108960
dzf3,1,655.873453,102.790691
csxz,1,188.369920,30.199043
dxf,2,152.969122,24.151738
dzb,2,656.407889,102.887944
dyb,2,157.758331,25.156376
cvx,2,190.584579,30.586218
dyf,2,157.106601,25.111612
dzb2,2,656.157301,103.283818
dxb,2,153.055172,24.144700
cvy,2,190.978307,30.623793
dzf,2,655.111928,103.177758
dxb2,2,152.980987,24.160068
dyb2,2,157.949956,25.223813
cvz,2,223.724056,35.843700
dzb3,2,656.111067,103.407289
dxb3,2,152.964811,24.137151
dyb3,2,158.019973,25.212703
csxxsyyszz,2,395.187148,62.575071
dyf2,2,157.231429,25.146645
dxf2,2,153.305264,24.228907
csxy,2,155.290480,25.010298
dzf2,2,655.239315,103.019176
dyf3,2,157.462281,25.119442
csyz,2,188.289031,30.175174
dxf3,2,152.701427,24.111208
dzf3,2,655.085814,103.478629
csxz,2,188.256397,30.176633
dxf,3,152.884433,24.139359
dzb,3,656.283085,103.631510
dyb,3,157.783925,25.191096
cvx,3,192.314416,30.888891
dyf,3,157.384636,25.214206
dzb2,3,657.592079,104.176827
dxb,3,153.166195,24.260166
cvy,3,190.925286,30.704290
dzf,3,655.116272,103.761017
dxb2,3,152.901150,24.154906
dyb2,3,157.920560,25.213283
cvz,3,223.604213,35.819282
dzb3,3,656.293683,103.689786
dxb3,3,153.074864,24.180520
dyb3,3,158.041526,25.229353
csxxsyyszz,3,395.186476,62.619635
dyf2,3,158.159497,25.796307
dxf2,3,153.140814,24.533528
csxy,3,155.312408,25.391352
dzf2,3,655.006678,104.275789
dyf3,3,157.386786,25.161346
csyz,3,188.267035,30.194935
dxf3,3,152.677964,24.118532
dzf3,3,655.349898,103.548772
csxz,3,188.183900,30.179744
dxf,4,152.895338,24.149520
dzb,4,656.199385,103.208792
dyb,4,157.629736,25.149378
cvx,4,190.573452,30.594110
dyf,4,157.295801,25.139009
dzb2,4,656.483660,102.815016
dxb,4,153.085350,24.162793
cvy,4,190.793620,30.588589
dzf,4,655.200187,102.617860
dxb2,4,153.056248,24.145486
dyb2,4,157.879181,25.199478
cvz,4,223.470536,35.801717
dzb3,4,657.361812,103.022509
dxb3,4,152.983675,24.155029
dyb3,4,157.916685,25.226941
csxxsyyszz,4,395.092818,62.616612
dyf2,4,157.430886,25.172480
dxf2,4,153.193538,24.196177
csxy,4,155.280092,25.022595
dzf2,4,655.224287,102.475655
dyf3,4,157.229560,25.088744
csyz,4,188.292730,30.184191
dxf3,4,152.545994,24.095828
dzf3,4,655.439270,103.030911
csxz,4,188.187753,30.203001
#========================= OptEWE [OpenMP] =========================
#Source type                                  :  Force monopole
#Grid Size                                    :  768 x 768 x 768
#Iterations                                   :  5
#Compute time                                 :  37.493008
#Total effective MLUPS                        :  60.409242
#===================================================================
#Number of threads                            :  16
