dxf,0,106.017641,20.344834
dzb,0,400.417141,79.707413
dyb,0,109.409512,21.314894
cvx,0,124.023953,24.781166
dyf,0,108.962667,21.312849
dzb2,0,400.292605,79.823397
dxb,0,105.475495,20.323870
cvy,0,830.754376,134.523294
dzf,0,399.407518,79.644696
dxb2,0,105.109079,20.291209
dyb2,0,109.503260,21.373235
cvz,0,144.409892,28.905716
dzb3,0,400.132275,79.837585
dxb3,0,105.185899,20.312674
dyb3,0,109.653302,21.404497
csxxsyyszz,0,278.967739,53.717479
dyf2,0,109.021281,21.313783
dxf2,0,105.461937,20.362038
csxy,0,102.274091,20.526852
dzf2,0,399.702835,79.794913
dyf3,0,109.101439,21.342723
csyz,0,122.564240,24.586485
dxf3,0,105.000667,20.292728
dzf3,0,399.834160,79.856277
csxz,0,122.415401,24.619193
dxf,1,104.955568,20.301228
dzb,1,400.378420,79.948323
dyb,1,109.222391,21.323334
cvx,1,124.056684,24.842104
dyf,1,108.927828,21.350101
dzb2,1,400.401849,79.983753
dxb,1,105.464917,20.370745
cvy,1,124.245512,24.843555
dzf,1,399.428507,79.805141
dxb2,1,105.339497,20.341598
dyb2,1,109.804029,21.453333
cvz,1,146.693720,29.296123
dzb3,1,399.822218,79.852770
dxb3,1,105.111910,20.314841
dyb3,1,109.650161,21.409564
csxxsyyszz,1,277.347347,53.513001
dyf2,1,109.122329,21.337101
dxf2,1,105.509797,20.370909
csxy,1,102.287501,20.559664
dzf2,1,399.616062,79.830282
dyf3,1,109.116325,21.389011
csyz,1,122.493875,24.595214
dxf3,1,104.822567,20.277604
dzf3,1,399.796034,79.882436
csxz,1,122.465076,24.627825
dxf,2,104.870793,20.284707
dzb,2,400.398489,79.983331
dyb,2,109.303666,21.381052
cvx,2,124.322439,25.038761
dyf,2,109.050219,21.357387
dzb2,2,400.135410,79.928912
dxb,2,105.294637,20.341300
cvy,2,124.244400,24.862931
dzf,2,399.335271,79.813152
dxb2,2,105.179289,20.318893
dyb2,2,109.557265,21.406971
cvz,2,144.349446,28.930570
dzb3,2,399.853579,79.895180
dxb3,2,105.106630,20.309891
dyb3,2,109.335181,21.368255
csxxsyyszz,2,279.073957,53.802056
dyf2,2,109.099396,21.348712
dxf2,2,105.414199,20.375604
csxy,2,102.191810,20.553573
dzf2,2,399.702894,79.858219
dyf3,2,108.988512,21.346390
csyz,2,122.517268,24.601763
dxf3,2,105.022470,20.314486
dzf3,2,399.904295,79.940094
csxz,2,122.392689,24.637203
dxf,3,104.887793,20.297766
dzb,3,400.344103,79.966118
dyb,3,109.423830,21.380529
cvx,3,123.940412,24.839765
dyf,3,109.053641,21.372671
dzb2,3,400.374743,80.001744
dxb,3,105.492447,20.386908
cvy,3,124.140363,24.845067
dzf,3,399.297474,79.860488
dxb2,3,105.233926,20.344569
dyb2,3,109.701902,21.430414
cvz,3,144.302383,28.933121
dzb3,3,400.790314,80.024090
dxb3,3,107.406484,20.692992
dyb3,3,109.423639,21.370017
csxxsyyszz,3,278.949117,53.774913
dyf2,3,109.147784,21.364080
dxf2,3,105.500109,20.386910
csxy,3,102.205675,20.559678
dzf2,3,399.746446,79.907294
dyf3,3,109.020902,21.339368
csyz,3,122.518617,24.607962
dxf3,3,104.870495,20.293430
dzf3,3,399.824033,79.948851
csxz,3,122.408596,24.640405
dxf,4,104.919755,20.299745
dzb,4,400.340103,80.017229
dyb,4,109.324552,21.369379
cvx,4,123.983937,24.851340
dyf,4,109.002324,21.378939
dzb2,4,400.822633,80.131123
dxb,4,105.503639,20.417912
cvy,4,124.262825,24.861563
dzf,4,399.354657,79.859726
dxb2,4,105.353346,20.386856
dyb2,4,109.744634,21.466692
cvz,4,144.379861,28.956073
dzb3,4,399.963473,79.943695
dxb3,4,105.032255,20.320060
dyb3,4,109.579281,21.433608
csxxsyyszz,4,279.122381,53.861927
dyf2,4,109.130986,21.377875
dxf2,4,105.511202,20.396079
csxy,4,102.296339,20.586646
dzf2,4,399.557758,79.884771
dyf3,4,109.136003,21.370009
csyz,4,122.467900,24.618516
dxf3,4,104.952044,20.325423
dzf3,4,399.886232,79.951940
csxz,4,122.443851,24.725622
#========================= OptEWE [OpenMP] =========================
#Source type                                  :  Force monopole
#Grid Size                                    :  768 x 768 x 768
#Iterations                                   :  5
#Compute time                                 :  24.238365
#Total effective MLUPS                        :  93.443768
#===================================================================
#Number of threads                            :  19
