dxf,0,175.607792,28.690542
dzb,0,628.836688,106.775843
dyb,0,214.532944,34.645704
cvx,0,254.997524,42.262103
dyf,0,214.626983,34.651824
dzb2,0,627.671717,106.716289
dxb,0,180.161863,29.357103
cvy,0,1034.922419,151.055589
dzf,0,629.450894,106.969615
dxb2,0,179.666323,29.304594
dyb2,0,214.296971,34.579569
cvz,0,264.497130,44.913178
dzb3,0,628.253764,106.812112
dxb3,0,180.186444,29.382517
dyb3,0,215.346820,35.226943
csxxsyyszz,0,697.026334,110.643081
dyf2,0,214.510061,34.642505
dxf2,0,176.897346,29.296262
csxy,0,139.917490,25.268751
dzf2,0,983.427784,160.315822
dyf3,0,214.630419,34.650888
csyz,0,210.385672,36.438649
dxf3,0,175.064157,28.693212
dzf3,0,627.627265,106.721827
csxz,0,209.654381,36.370066
dxf,1,175.267008,28.716805
dzb,1,627.727093,106.780967
dyb,1,214.376488,34.661501
cvx,1,256.627060,42.507213
dyf,1,214.605236,34.686812
dzb2,1,627.647590,106.743369
dxb,1,180.232832,29.390329
cvy,1,267.321253,44.381041
dzf,1,628.007163,106.831243
dxb2,1,179.953813,29.342537
dyb2,1,214.283084,34.649623
cvz,1,264.554047,44.954793
dzb3,1,627.619048,106.788405
dxb3,1,180.096432,29.345822
dyb3,1,215.535877,35.239246
csxxsyyszz,1,695.448451,110.622199
dyf2,1,214.696320,34.671467
dxf2,1,176.718447,29.357848
csxy,1,139.896096,25.279770
dzf2,1,983.051791,160.368802
dyf3,1,214.363968,34.746811
csyz,1,210.725677,36.513938
dxf3,1,174.835886,28.641048
dzf3,1,627.602169,106.857124
csxz,1,209.699412,36.408438
dxf,2,175.178650,28.706534
dzb,2,628.544023,110.396272
dyb,2,213.896762,35.969849
cvx,2,255.037905,43.088132
dyf,2,214.029567,35.683236
dzb2,2,627.781922,107.573648
dxb,2,180.011005,29.389639
cvy,2,267.177826,44.384667
dzf,2,629.054639,107.002341
dxb2,2,179.691683,29.393240
dyb2,2,214.203645,34.641985
cvz,2,264.671291,44.998720
dzb3,2,627.901821,106.904151
dxb3,2,180.174958,29.444498
dyb3,2,215.590423,35.277100
csxxsyyszz,2,696.619707,110.638651
dyf2,2,214.415473,34.658374
dxf2,2,176.802594,29.322411
csxy,2,139.847871,25.268328
dzf2,2,983.649127,160.373875
dyf3,2,214.467907,34.650963
csyz,2,210.652096,36.486532
dxf3,2,174.913598,28.665828
dzf3,2,627.462548,107.154191
csxz,2,209.817451,36.548757
dxf,3,175.387038,28.883123
dzb,3,627.972288,106.959577
dyb,3,213.962935,34.661248
cvx,3,255.061524,42.376809
dyf,3,214.611023,34.793066
dzb2,3,628.964438,107.383695
dxb,3,180.244978,29.549777
cvy,3,267.135916,44.403152
dzf,3,628.127064,106.974274
dxb2,3,179.743765,29.340686
dyb2,3,213.956333,34.645252
cvz,3,264.482939,44.991306
dzb3,3,628.967916,107.103375
dxb3,3,180.248758,29.420781
dyb3,3,215.481640,35.317142
csxxsyyszz,3,694.406115,110.677956
dyf2,3,214.595386,34.700992
dxf2,3,176.843850,29.412211
csxy,3,139.881088,25.355059
dzf2,3,983.452001,160.487506
dyf3,3,214.296654,34.803363
csyz,3,210.580892,36.603825
dxf3,3,174.883007,28.729005
dzf3,3,629.164890,107.314364
csxz,3,209.784736,36.430088
dxf,4,175.281940,28.717395
dzb,4,628.236622,107.093774
dyb,4,214.489723,34.819327
cvx,4,255.004077,42.430395
dyf,4,214.627571,34.849406
dzb2,4,627.787990,106.971727
dxb,4,180.039612,29.395546
cvy,4,266.944357,44.366923
dzf,4,628.085398,107.129807
dxb2,4,179.644508,29.454255
dyb2,4,214.297204,34.744670
cvz,4,264.700942,45.031127
dzb3,4,630.242121,107.367776
dxb3,4,180.271280,29.469401
dyb3,4,215.226659,35.346267
csxxsyyszz,4,696.900267,110.848824
dyf2,4,216.378714,34.965633
dxf2,4,176.956200,29.361308
csxy,4,139.855309,25.287649
dzf2,4,983.107669,160.490701
dyf3,4,214.351766,34.680081
csyz,4,210.659697,36.513933
dxf3,4,175.032482,28.700011
dzf3,4,628.520212,107.034495
csxz,4,209.931974,36.489683
#========================= OptEWE [OpenMP] =========================
#Source type                                  :  Force monopole
#Grid Size                                    :  768 x 768 x 768
#Iterations                                   :  5
#Compute time                                 :  43.383984
#Total effective MLUPS                        :  52.206459
#===================================================================
#Number of threads                            :  10
