dxf,0,105.169527,22.371376
dzb,0,424.114979,92.962193
dyb,0,105.017845,22.987620
cvx,0,127.825130,28.383619
dyf,0,104.682943,22.998644
dzb2,0,424.141916,93.189627
dxb,0,103.695632,22.299128
cvy,0,960.332080,174.879262
dzf,0,423.235708,92.955754
dxb2,0,103.291388,22.227814
dyb2,0,105.196071,23.072595
cvz,0,149.338426,33.122718
dzb3,0,424.086672,93.304416
dxb3,0,103.329262,22.254539
dyb3,0,105.059063,23.054818
csxxsyyszz,0,234.176098,52.086196
dyf2,0,104.777903,23.026673
dxf2,0,103.529772,22.318923
csxy,0,105.369659,23.447087
dzf2,0,423.217470,93.192982
dyf3,0,104.448466,22.998492
csyz,0,127.005983,28.116564
dxf3,0,103.245940,22.261791
dzf3,0,423.708183,93.334935
csxz,0,127.057335,28.140860
dxf,1,103.290824,22.271591
dzb,1,424.221753,93.404839
dyb,1,105.000761,23.043373
cvx,1,127.874647,28.482838
dyf,1,104.601973,23.024028
dzb2,1,424.154403,93.449253
dxb,1,103.685627,22.355978
cvy,1,129.407536,28.747859
dzf,1,423.169791,93.265375
dxb2,1,103.326405,22.281601
dyb2,1,105.054305,23.087401
cvz,1,149.407552,33.203478
dzb3,1,424.054612,93.407109
dxb3,1,103.254980,22.277138
dyb3,1,105.251061,23.109001
csxxsyyszz,1,233.479612,51.995660
dyf2,1,104.664578,23.044597
dxf2,1,103.578461,22.352971
csxy,1,105.307834,23.449077
dzf2,1,423.120792,93.252958
dyf3,1,104.566599,23.018585
csyz,1,127.044132,28.144460
dxf3,1,103.329023,22.296803
dzf3,1,423.297890,93.327596
csxz,1,126.906614,28.158891
dxf,2,103.387627,22.304649
dzb,2,424.129733,93.477544
dyb,2,104.824415,23.032445
cvx,2,127.658201,28.460109
dyf,2,104.786656,23.096684
dzb2,2,424.028360,93.488422
dxb,2,103.592030,22.339127
cvy,2,127.723885,28.450742
dzf,2,423.173777,93.333463
dxb2,2,103.334589,22.302802
dyb2,2,105.229153,23.113779
cvz,2,149.312917,33.188132
dzb3,2,423.916436,93.462475
dxb3,2,103.329991,22.308083
dyb3,2,105.082340,23.100437
csxxsyyszz,2,234.099333,52.133722
dyf2,2,104.691634,23.054011
dxf2,2,103.566164,22.360427
csxy,2,105.304849,23.467111
dzf2,2,423.203854,93.330513
dyf3,2,104.457147,23.035141
csyz,2,126.956485,28.171321
dxf3,2,103.301779,22.302607
dzf3,2,423.300991,93.384927
csxz,2,126.968189,28.196857
dxf,3,103.401806,22.327650
dzb,3,424.112171,93.518847
dyb,3,104.970593,23.085979
cvx,3,127.756732,28.505101
dyf,3,104.647228,23.078045
dzb2,3,424.159417,93.548556
dxb,3,103.633164,22.359595
cvy,3,127.638705,28.444013
dzf,3,424.219025,93.532326
dxb2,3,103.315650,22.313597
dyb2,3,105.248336,23.143813
cvz,3,149.406161,33.222586
dzb3,3,423.858213,93.491276
dxb3,3,103.329176,22.298067
dyb3,3,105.174194,23.138691
csxxsyyszz,3,232.695672,51.931781
dyf2,3,104.759314,23.103011
dxf2,3,103.582380,22.371327
csxy,3,105.334402,23.478373
dzf2,3,423.835930,93.489478
dyf3,3,104.542147,23.054995
csyz,3,127.010420,28.166283
dxf3,3,103.254729,22.302283
dzf3,3,423.275760,93.412103
csxz,3,126.923657,28.204692
dxf,4,103.310571,22.317297
dzb,4,424.137561,93.567880
dyb,4,104.760481,23.086590
cvx,4,127.658201,28.486457
dyf,4,104.655164,23.090779
dzb2,4,424.134311,93.577243
dxb,4,103.699434,22.405373
cvy,4,127.649773,28.442397
dzf,4,423.155481,93.389914
dxb2,4,103.232045,22.302914
dyb2,4,105.285154,23.193851
cvz,4,149.463471,33.246960
dzb3,4,424.164787,93.600770
dxb3,4,103.417053,22.342269
dyb3,4,104.995400,23.123379
csxxsyyszz,4,234.195277,52.211653
dyf2,4,104.793864,23.112113
dxf2,4,103.544789,22.390081
csxy,4,105.281846,23.479204
dzf2,4,423.084936,93.388531
dyf3,4,104.646314,23.095243
csyz,4,127.003565,28.176208
dxf3,4,103.343263,22.324605
dzf3,4,423.314099,93.474225
csxz,4,126.942247,28.275623
#========================= OptEWE [OpenMP] =========================
#Source type                                  :  Force monopole
#Grid Size                                    :  768 x 768 x 768
#Iterations                                   :  5
#Compute time                                 :  24.785910
#Total effective MLUPS                        :  91.379505
#===================================================================
#Number of threads                            :  21
