dxf,0,337.807232,43.199341
dzb,0,1284.995268,165.651848
dyb,0,434.276122,54.908163
cvx,0,537.556051,68.741848
dyf,0,436.194619,55.167788
dzb2,0,1286.699141,165.903516
dxb,0,350.611741,44.725532
cvy,0,1522.698207,183.473889
dzf,0,1286.161336,165.563810
dxb2,0,352.194503,44.845104
dyb2,0,435.143548,54.948696
cvz,0,554.842777,72.531221
dzb3,0,1287.534583,165.808529
dxb3,0,355.839387,45.295263
dyb3,0,440.736678,56.027652
csxxsyyszz,0,1503.904202,187.443917
dyf2,0,435.804994,55.060020
dxf2,0,343.472260,44.227404
csxy,0,307.393126,41.055509
dzf2,0,1808.462031,231.280307
dyf3,0,436.195472,55.098931
csyz,0,386.459215,51.430947
dxf3,0,338.337416,43.221484
dzf3,0,1285.043697,165.426781
csxz,0,380.310886,50.777475
dxf,1,338.392343,43.209591
dzb,1,1287.050458,165.691766
dyb,1,435.095236,54.904761
cvx,1,538.501632,68.749205
dyf,1,436.655001,55.072986
dzb2,1,1284.792906,165.626386
dxb,1,350.450169,44.705170
cvy,1,533.914190,68.739080
dzf,1,1285.517024,165.720570
dxb2,1,352.452514,46.280175
dyb2,1,435.078971,56.075281
cvz,1,554.562809,73.039586
dzb3,1,1286.678471,165.759996
dxb3,1,355.632422,45.279627
dyb3,1,440.016442,55.973176
csxxsyyszz,1,1504.728224,187.535867
dyf2,1,435.207399,55.054232
dxf2,1,343.917606,44.225685
csxy,1,306.795801,41.057719
dzf2,1,1808.787025,231.212942
dyf3,1,436.072858,55.043619
csyz,1,385.779252,51.373060
dxf3,1,335.957490,43.014022
dzf3,1,1284.411713,165.393098
csxz,1,380.272678,50.810576
dxf,2,338.093609,43.252488
dzb,2,1286.810212,166.043971
dyb,2,435.195666,54.951543
cvx,2,538.539131,68.803608
dyf,2,436.578336,55.151529
dzb2,2,1286.722591,165.682263
dxb,2,350.412867,44.675897
cvy,2,533.199956,68.716890
dzf,2,1284.762661,165.129586
dxb2,2,352.564563,44.821387
dyb2,2,435.308140,54.833011
cvz,2,554.940082,72.492540
dzb3,2,1286.167599,165.273905
dxb3,2,356.135951,45.260725
dyb3,2,440.221650,56.227110
csxxsyyszz,2,1505.315658,187.629801
dyf2,2,435.033595,55.036850
dxf2,2,343.501211,44.195039
csxy,2,307.258921,41.059958
dzf2,2,1809.912910,231.507818
dyf3,2,437.033685,58.032522
csyz,2,386.314563,51.351086
dxf3,2,336.412495,42.909015
dzf3,2,1285.185912,165.276327
csxz,2,380.255877,50.776352
dxf,3,337.781902,43.203201
dzb,3,1286.658006,165.751241
dyb,3,434.577413,54.850820
cvx,3,538.578642,68.823990
dyf,3,436.051979,55.089143
dzb2,3,1286.585105,165.702518
dxb,3,350.462110,44.670104
cvy,3,534.099186,68.624768
dzf,3,1283.823702,165.346747
dxb2,3,352.122650,44.839809
dyb2,3,436.208849,55.073482
cvz,3,555.944683,72.007061
dzb3,3,1285.070262,165.485243
dxb3,3,355.500729,45.249043
dyb3,3,440.144126,55.958922
csxxsyyszz,3,1501.709444,187.088338
dyf2,3,435.267883,55.023661
dxf2,3,343.736175,44.184046
csxy,3,308.633866,40.980478
dzf2,3,1810.380744,231.282379
dyf3,3,435.860837,54.947887
csyz,3,386.360228,51.390390
dxf3,3,336.058881,42.972161
dzf3,3,1284.218746,165.349775
csxz,3,381.358683,50.904288
dxf,4,337.974714,43.189479
dzb,4,1284.916620,165.424767
dyb,4,434.576795,54.853981
cvx,4,537.814783,68.713694
dyf,4,436.216827,55.085694
dzb2,4,1285.257542,165.463922
dxb,4,350.344043,44.661897
cvy,4,535.051376,69.286038
dzf,4,1284.190591,168.651867
dxb2,4,354.003494,45.080753
dyb2,4,433.814479,54.940483
cvz,4,554.836765,71.953146
dzb3,4,1285.221002,165.406915
dxb3,4,356.937888,45.465710
dyb3,4,441.661637,56.169289
csxxsyyszz,4,1503.075471,187.515901
dyf2,4,435.132104,55.060390
dxf2,4,343.326640,44.197582
csxy,4,307.324497,41.053678
dzf2,4,1807.626480,231.291623
dyf3,4,436.095449,55.110067
csyz,4,385.760038,51.358540
dxf3,4,336.277821,43.031994
dzf3,4,1284.395683,165.614504
csxz,4,381.569772,50.973453
#========================= OptEWE [OpenMP] =========================
#Source type                                  :  Force monopole
#Grid Size                                    :  768 x 768 x 768
#Iterations                                   :  5
#Compute time                                 :  86.678413
#Total effective MLUPS                        :  26.130199
#===================================================================
#Number of threads                            :  3
