dxf,0,189.649477,32.190888
dzb,0,636.878779,112.727416
dyb,0,242.946751,40.562399
cvx,0,306.992982,52.052877
dyf,0,241.398059,40.349734
dzb2,0,634.913197,112.471601
dxb,0,195.947580,33.177804
cvy,0,1157.804640,176.830929
dzf,0,635.608390,112.576022
dxb2,0,197.025246,33.362116
dyb2,0,240.892348,40.269833
cvz,0,312.508869,54.211206
dzb3,0,635.061519,112.538731
dxb3,0,195.547878,33.117695
dyb3,0,241.834415,40.873872
csxxsyyszz,0,836.548990,136.035041
dyf2,0,241.220966,40.306732
dxf2,0,189.815205,32.648090
csxy,0,140.973206,26.482114
dzf2,0,987.059499,168.563235
dyf3,0,241.012628,40.304526
csyz,0,206.260492,37.563828
dxf3,0,189.170979,32.195340
dzf3,0,635.165470,112.608753
csxz,0,204.665223,37.385058
dxf,1,189.168126,32.188045
dzb,1,636.636692,112.844599
dyb,1,241.513694,40.381859
cvx,1,306.995957,52.099854
dyf,1,241.244089,40.371279
dzb2,1,635.897372,113.239393
dxb,1,195.701890,33.455833
cvy,1,306.367005,52.394973
dzf,1,635.279652,112.772233
dxb2,1,196.389833,33.268486
dyb2,1,241.355172,40.469948
cvz,1,312.701633,54.305766
dzb3,1,636.408567,113.173241
dxb3,1,195.579332,33.247369
dyb3,1,241.475094,40.919718
csxxsyyszz,1,836.586891,136.263704
dyf2,1,241.074622,40.397980
dxf2,1,189.738547,32.840290
csxy,1,141.053930,26.547730
dzf2,1,986.797700,168.718806
dyf3,1,241.020841,40.522620
csyz,1,206.103195,37.662014
dxf3,1,188.897033,32.273927
dzf3,1,634.387622,112.997549
csxz,1,205.011762,37.539435
dxf,2,189.013004,32.340025
dzb,2,635.022067,112.912179
dyb,2,241.193984,40.329395
cvx,2,306.903059,52.179746
dyf,2,242.380213,40.628361
dzb2,2,634.901544,112.743063
dxb,2,195.820841,33.279353
cvy,2,307.209979,52.541356
dzf,2,634.599849,112.709445
dxb2,2,196.043138,33.280921
dyb2,2,241.031122,40.355726
cvz,2,312.490840,54.284459
dzb3,2,635.022927,112.821490
dxb3,2,195.512743,33.205035
dyb3,2,241.768546,40.937980
csxxsyyszz,2,838.301671,136.580546
dyf2,2,240.762805,40.315581
dxf2,2,189.830826,32.737741
csxy,2,140.960664,26.514253
dzf2,2,988.067445,168.933829
dyf3,2,241.050303,40.385845
csyz,2,206.099756,37.570474
dxf3,2,188.977958,32.240260
dzf3,2,634.638370,112.766928
csxz,2,205.204895,37.481491
dxf,3,189.061364,32.275546
dzb,3,635.015580,112.979811
dyb,3,240.805333,40.730181
cvx,3,307.023671,52.180485
dyf,3,241.246479,40.419953
dzb2,3,634.688810,112.699798
dxb,3,197.704677,33.574525
cvy,3,307.111546,52.494704
dzf,3,634.696903,112.763857
dxb2,3,196.161100,33.325838
dyb2,3,241.189568,40.420840
cvz,3,312.646663,54.317253
dzb3,3,635.406003,112.878951
dxb3,3,195.516532,33.153450
dyb3,3,241.591988,40.933685
csxxsyyszz,3,825.355552,134.676166
dyf2,3,242.707498,40.608868
dxf2,3,189.972134,32.799160
csxy,3,140.900496,26.490161
dzf2,3,986.988362,168.795484
dyf3,3,240.906620,40.403996
csyz,3,206.382144,37.620959
dxf3,3,189.012607,32.239390
dzf3,3,634.313584,112.653117
csxz,3,205.319321,37.678078
dxf,4,188.392402,33.154335
dzb,4,634.911892,113.100167
dyb,4,240.252788,40.287140
cvx,4,306.862130,52.126709
dyf,4,241.064983,40.387684
dzb2,4,634.936128,112.637891
dxb,4,196.102141,33.346153
cvy,4,307.244855,52.674594
dzf,4,636.348307,113.266630
dxb2,4,196.148845,33.268280
dyb2,4,241.159885,40.378401
cvz,4,312.505335,54.285111
dzb3,4,635.003494,112.909998
dxb3,4,195.450603,33.301384
dyb3,4,241.225745,40.931193
csxxsyyszz,4,836.470995,136.255058
dyf2,4,241.146871,40.344094
dxf2,4,189.735361,32.763248
csxy,4,140.906547,26.552697
dzf2,4,987.615210,169.154315
dyf3,4,240.850904,40.317893
csyz,4,206.247334,37.598615
dxf3,4,189.099655,32.201641
dzf3,4,634.528658,112.915669
csxz,4,204.693547,37.555845
#========================= OptEWE [OpenMP] =========================
#Source type                                  :  Force monopole
#Grid Size                                    :  768 x 768 x 768
#Iterations                                   :  5
#Compute time                                 :  46.254242
#Total effective MLUPS                        :  48.966842
#===================================================================
#Number of threads                            :  9
