dxf,0,116.123056,26.042317
dzb,0,432.706083,101.053069
dyb,0,117.747416,26.982586
cvx,0,134.817991,31.746042
dyf,0,117.595614,27.058108
dzb2,0,432.395159,101.321068
dxb,0,115.870024,26.208288
cvy,0,655.327525,130.567523
dzf,0,431.794207,101.223205
dxb2,0,115.638672,26.176962
dyb2,0,118.053112,27.164881
cvz,0,156.531895,36.955768
dzb3,0,432.324357,101.444435
dxb3,0,115.672404,26.216977
dyb3,0,118.247013,27.194472
csxxsyyszz,0,259.656277,60.682591
dyf2,0,117.607254,27.089570
dxf2,0,115.617915,26.189804
csxy,0,111.287796,26.308607
dzf2,0,432.018096,101.490032
dyf3,0,117.585550,27.190670
csyz,0,133.057151,31.405552
dxf3,0,115.628398,26.205891
dzf3,0,432.076196,101.769373
csxz,0,133.045317,31.484434
dxf,1,115.456772,26.193638
dzb,1,432.625761,101.675275
dyb,1,117.515519,27.119174
cvx,1,134.787609,31.880366
dyf,1,117.520133,27.183937
dzb2,1,432.519995,101.699002
dxb,1,115.955636,26.333945
cvy,1,134.789009,31.860751
dzf,1,431.812974,101.534885
dxb2,1,115.612760,26.233473
dyb2,1,118.130070,27.256298
cvz,1,156.768243,37.075564
dzb3,1,432.259488,101.635009
dxb3,1,115.544419,26.239322
dyb3,1,118.061021,27.208883
csxxsyyszz,1,259.321421,60.690650
dyf2,1,117.753326,27.179001
dxf2,1,115.688846,26.270637
csxy,1,111.286919,26.341268
dzf2,1,431.968190,101.586096
dyf3,1,117.340854,27.157012
csyz,1,132.976900,31.432414
dxf3,1,115.486122,26.209056
dzf3,1,432.154650,101.651807
csxz,1,133.082794,31.494042
dxf,2,115.503598,26.222031
dzb,2,432.471501,101.690091
dyb,2,117.647663,27.166599
cvx,2,134.863144,31.901082
dyf,2,117.483686,27.172421
dzb2,2,432.547775,101.696688
dxb,2,115.841923,26.296487
cvy,2,134.824242,31.873416
dzf,2,432.031478,102.529329
dxb2,2,115.689269,26.525843
dyb2,2,117.971905,27.489931
cvz,2,156.639009,37.410822
dzb3,2,432.337589,101.911505
dxb3,2,115.933142,26.303074
dyb3,2,117.978772,27.188406
csxxsyyszz,2,258.804228,60.577483
dyf2,2,117.581764,27.142860
dxf2,2,115.697431,26.266530
csxy,2,111.295441,26.360521
dzf2,2,432.754393,101.797865
dyf3,2,117.535030,27.217013
csyz,2,133.096103,31.451717
dxf3,2,115.593514,26.235775
dzf3,2,432.199189,101.734981
csxz,2,133.002503,31.484647
dxf,3,115.533365,26.233849
dzb,3,432.542267,101.762418
dyb,3,117.712623,27.150193
cvx,3,134.917360,31.930524
dyf,3,117.431858,27.187078
dzb2,3,432.535243,101.769486
dxb,3,115.829458,26.329421
cvy,3,134.751842,31.867200
dzf,3,431.853049,101.660374
dxb2,3,115.655470,26.266394
dyb2,3,117.875607,27.217749
cvz,3,156.670623,37.081977
dzb3,3,435.879534,103.341973
dxb3,3,115.484317,26.233816
dyb3,3,117.883546,27.209552
csxxsyyszz,3,257.835849,60.482664
dyf2,3,117.509156,27.153255
dxf2,3,115.663183,26.292490
csxy,3,111.228319,26.363572
dzf2,3,432.142954,101.739169
dyf3,3,117.195993,27.144906
csyz,3,133.064433,31.475405
dxf3,3,115.591732,26.258835
dzf3,3,432.166840,101.836031
csxz,3,133.108210,31.538634
dxf,4,115.531665,26.256051
dzb,4,432.566561,101.877645
dyb,4,117.642220,27.175228
cvx,4,134.835127,31.978603
dyf,4,117.639890,27.238329
dzb2,4,432.578342,101.896367
dxb,4,115.854644,26.355569
cvy,4,134.680183,31.893826
dzf,4,431.893209,101.750122
dxb2,4,115.446092,26.239564
dyb2,4,118.020115,27.256253
cvz,4,156.645225,37.104345
dzb3,4,433.124824,102.002014
dxb3,4,115.506158,26.274318
dyb3,4,117.838860,27.206912
csxxsyyszz,4,259.639453,60.867544
dyf2,4,117.644450,27.218130
dxf2,4,115.741189,26.314426
csxy,4,111.303261,26.407560
dzf2,4,432.741481,101.900396
dyf3,4,118.448266,27.412753
csyz,4,133.050274,31.464787
dxf3,4,115.547686,26.247101
dzf3,4,432.319309,101.854402
csxz,4,133.107086,31.590117
#========================= OptEWE [OpenMP] =========================
#Source type                                  :  Force monopole
#Grid Size                                    :  768 x 768 x 768
#Iterations                                   :  5
#Compute time                                 :  25.809999
#Total effective MLUPS                        :  87.753747
#===================================================================
#Number of threads                            :  17
