dxf,0,104.390636,22.516124
dzb,0,386.648095,87.317071
dyb,0,107.440463,23.531555
cvx,0,120.330140,27.206816
dyf,0,107.620809,23.652017
dzb2,0,385.293186,87.253722
dxb,0,103.980395,22.569934
cvy,0,757.223158,139.183524
dzf,0,384.629817,87.118278
dxb2,0,103.498368,22.515946
dyb2,0,107.568120,23.632173
cvz,0,139.826129,31.806105
dzb3,0,385.102643,87.343168
dxb3,0,103.699060,22.566643
dyb3,0,107.758235,23.688769
csxxsyyszz,0,276.727899,59.783179
dyf2,0,107.553316,23.654205
dxf2,0,103.617775,22.560179
csxy,0,99.406749,22.643208
dzf2,0,384.679075,87.250768
dyf3,0,107.481613,23.640777
csyz,0,118.656819,27.048068
dxf3,0,103.522550,22.537721
dzf3,0,384.788789,87.379451
csxz,0,118.622232,27.130757
dxf,1,103.438604,22.535208
dzb,1,385.323322,87.484696
dyb,1,107.225474,23.595383
cvx,1,120.258131,27.273829
dyf,1,107.688738,23.719555
dzb2,1,385.394437,87.496236
dxb,1,103.944275,22.631762
cvy,1,120.285610,27.260465
dzf,1,384.739474,87.415597
dxb2,1,103.529595,22.568958
dyb2,1,107.591759,23.678700
cvz,1,139.547497,31.805076
dzb3,1,384.960413,87.455449
dxb3,1,103.627957,22.575103
dyb3,1,107.617535,23.674253
csxxsyyszz,1,276.615505,59.832281
dyf2,1,107.575852,23.665330
dxf2,1,103.622101,22.586533
csxy,1,99.353868,22.665100
dzf2,1,384.826733,87.449256
dyf3,1,107.415167,23.711897
csyz,1,118.770333,27.108833
dxf3,1,103.521041,22.575597
dzf3,1,384.926483,87.481397
csxz,1,118.590336,27.134456
dxf,2,103.474256,22.576357
dzb,2,385.344691,87.557755
dyb,2,109.909737,24.107611
cvx,2,120.280374,27.307095
dyf,2,107.609483,23.733197
dzb2,2,385.383076,87.576559
dxb,2,103.833214,22.631314
cvy,2,120.395452,27.309166
dzf,2,384.745361,87.481350
dxb2,2,103.552661,22.583232
dyb2,2,107.643640,23.701475
cvz,2,139.492527,31.806645
dzb3,2,385.004780,87.534117
dxb3,2,103.735687,22.630804
dyb3,2,107.694320,23.700283
csxxsyyszz,2,276.810794,59.921943
dyf2,2,107.685618,23.724302
dxf2,2,103.688766,22.620938
csxy,2,99.364140,22.679495
dzf2,2,384.895532,87.511880
dyf3,2,107.526929,23.685518
csyz,2,118.668246,27.111614
dxf3,2,103.455488,22.584456
dzf3,2,384.921629,87.533520
csxz,2,118.634952,27.162337
dxf,3,103.388262,22.573842
dzb,3,385.186944,87.570309
dyb,3,107.374429,23.641460
cvx,3,120.307803,27.323923
dyf,3,107.598800,23.737751
dzb2,3,385.526207,87.658023
dxb,3,103.835669,22.634568
cvy,3,120.456196,27.321958
dzf,3,384.400205,87.435609
dxb2,3,103.515837,22.594303
dyb2,3,107.583630,23.697515
cvz,3,139.433742,31.804366
dzb3,3,385.023981,87.532265
dxb3,3,103.663352,22.596882
dyb3,3,107.673451,23.709150
csxxsyyszz,3,276.686510,59.920170
dyf2,3,107.581720,23.688211
dxf2,3,103.564407,22.581848
csxy,3,99.365063,22.704670
dzf2,3,385.177946,88.304903
dyf3,3,107.578440,23.996160
csyz,3,118.714756,27.427560
dxf3,3,103.470244,22.822209
dzf3,3,384.994886,88.345228
csxz,3,118.598933,27.163355
dxf,4,103.439363,22.568375
dzb,4,385.402332,87.839239
dyb,4,107.397265,23.655725
cvx,4,122.144317,27.674429
dyf,4,107.575601,23.737691
dzb2,4,385.340070,87.625284
dxb,4,103.963188,22.664841
cvy,4,123.240250,27.823581
dzf,4,384.546122,87.496195
dxb2,4,103.596561,22.623638
dyb2,4,107.572591,23.708283
cvz,4,139.549016,31.842165
dzb3,4,385.034916,87.554525
dxb3,4,103.777825,22.622947
dyb3,4,107.729962,23.721099
csxxsyyszz,4,276.634226,59.913325
dyf2,4,107.751052,23.719688
dxf2,4,103.646391,22.601946
csxy,4,99.384475,22.709106
dzf2,4,384.657329,87.496212
dyf3,4,107.433431,23.726894
csyz,4,118.681836,27.121148
dxf3,4,103.355094,22.561063
dzf3,4,384.848706,87.553702
csxz,4,118.600408,27.225635
#========================= OptEWE [OpenMP] =========================
#Source type                                  :  Force monopole
#Grid Size                                    :  768 x 768 x 768
#Iterations                                   :  5
#Compute time                                 :  23.500662
#Total effective MLUPS                        :  96.377037
#===================================================================
#Number of threads                            :  19
