dxf,0,117.809522,21.610993
dzb,0,441.134966,84.888605
dyb,0,128.269037,23.955599
cvx,0,141.150010,26.966684
dyf,0,128.183079,24.009060
dzb2,0,439.569251,84.548552
dxb,0,117.902757,21.736834
cvy,0,870.834275,135.496117
dzf,0,438.342734,83.751105
dxb2,0,118.071820,21.768384
dyb2,0,128.248677,23.716509
cvz,0,159.754997,30.592089
dzb3,0,438.775613,83.915086
dxb3,0,117.737554,21.727896
dyb3,0,128.375417,23.729578
csxxsyyszz,0,365.540774,65.389715
dyf2,0,128.141311,23.680267
dxf2,0,117.515188,21.695500
csxy,0,112.425333,21.640397
dzf2,0,438.825794,83.957595
dyf3,0,128.414680,23.748936
csyz,0,135.983097,26.103667
dxf3,0,117.260531,21.669548
dzf3,0,439.042695,83.962433
csxz,0,134.771063,25.954577
dxf,1,117.346897,21.683783
dzb,1,439.624095,84.105146
dyb,1,128.073670,23.699293
cvx,1,141.122147,26.680473
dyf,1,128.143891,23.728551
dzb2,1,440.094459,84.213865
dxb,1,117.921511,21.773240
cvy,1,139.930817,26.512299
dzf,1,438.525153,83.972083
dxb2,1,118.077369,21.808520
dyb2,1,128.646370,23.814545
cvz,1,159.884117,30.642386
dzb3,1,438.838100,84.017796
dxb3,1,117.735211,21.741686
dyb3,1,128.329900,23.759293
csxxsyyszz,1,365.972698,65.531050
dyf2,1,128.228873,23.717902
dxf2,1,117.546059,21.715646
csxy,1,112.491516,21.665347
dzf2,1,438.779620,84.016323
dyf3,1,128.325017,23.759006
csyz,1,135.767420,26.067963
dxf3,1,117.324137,21.672553
dzf3,1,439.205005,84.095183
csxz,1,134.930604,26.009113
dxf,2,117.323394,21.698912
dzb,2,439.357512,84.058380
dyb,2,128.157345,23.679903
cvx,2,144.939973,27.255539
dyf,2,128.322982,23.753570
dzb2,2,439.344341,84.103555
dxb,2,117.839867,21.755937
cvy,2,140.114734,26.522263
dzf,2,438.451989,83.964924
dxb2,2,118.061777,21.844380
dyb2,2,128.351544,23.798720
cvz,2,159.868034,30.661521
dzb3,2,438.959720,84.059787
dxb3,2,117.878044,21.797160
dyb3,2,128.389775,23.778033
csxxsyyszz,2,365.375575,65.453498
dyf2,2,128.188918,23.745394
dxf2,2,117.685543,21.773556
csxy,2,112.475878,21.669735
dzf2,2,438.828280,84.002327
dyf3,2,128.441720,23.839400
csyz,2,135.816874,26.112900
dxf3,2,117.310222,21.725557
dzf3,2,439.032404,84.076196
csxz,2,134.890378,25.999252
dxf,3,117.206878,21.698538
dzb,3,439.326521,84.110106
dyb,3,128.214992,23.758730
cvx,3,140.941508,26.682857
dyf,3,128.177224,23.788090
dzb2,3,439.264783,84.098162
dxb,3,118.008385,21.810162
cvy,3,140.108490,26.559932
dzf,3,438.394659,83.929659
dxb2,3,118.011718,21.814343
dyb2,3,128.356700,23.786224
cvz,3,159.823143,30.638890
dzb3,3,438.882132,84.009893
dxb3,3,117.755608,21.768583
dyb3,3,128.282814,23.753783
csxxsyyszz,3,365.340140,65.441302
dyf2,3,128.277497,23.759212
dxf2,3,117.600319,21.793488
csxy,3,112.422812,21.679235
dzf2,3,438.707505,84.028438
dyf3,3,128.322478,23.789013
csyz,3,135.752879,26.119423
dxf3,3,117.389796,21.722661
dzf3,3,439.107052,84.076427
csxz,3,134.879079,26.016785
dxf,4,117.351762,21.738674
dzb,4,441.627308,84.468074
dyb,4,128.270378,23.783547
cvx,4,141.036474,26.709398
dyf,4,128.165149,23.796817
dzb2,4,439.440264,84.135495
dxb,4,117.946845,21.811617
cvy,4,139.916792,26.539039
dzf,4,438.293878,83.976109
dxb2,4,117.929139,21.816023
dyb2,4,128.414322,23.823079
cvz,4,159.965941,30.677939
dzb3,4,438.736320,84.013641
dxb3,4,117.769873,21.782601
dyb3,4,128.272375,23.764060
csxxsyyszz,4,368.509174,66.445315
dyf2,4,128.196610,24.003459
dxf2,4,117.659027,21.987530
csxy,4,112.448420,21.866778
dzf2,4,438.699745,84.665185
dyf3,4,128.350619,23.836067
csyz,4,135.757949,26.106401
dxf3,4,117.341469,21.729371
dzf3,4,439.125042,84.066056
csxz,4,134.838733,26.085084
#========================= OptEWE [OpenMP] =========================
#Source type                                  :  Force monopole
#Grid Size                                    :  768 x 768 x 768
#Iterations                                   :  5
#Compute time                                 :  27.239462
#Total effective MLUPS                        :  83.148638
#===================================================================
#Number of threads                            :  17
