dxf,0,92.246501,18.039588
dzb,0,350.008043,71.566824
dyb,0,96.146773,19.150499
cvx,0,107.151371,21.961115
dyf,0,95.996105,19.204169
dzb2,0,353.152857,72.189540
dxb,0,91.322759,18.018815
cvy,0,914.283378,146.899184
dzf,0,349.325062,71.628555
dxb2,0,91.210170,18.039385
dyb2,0,96.337695,19.238662
cvz,0,125.104880,25.824060
dzb3,0,349.567086,71.746651
dxb3,0,91.167631,18.033423
dyb3,0,96.447122,19.274908
csxxsyyszz,0,250.394964,49.141749
dyf2,0,96.037243,19.208673
dxf2,0,91.070213,18.026883
csxy,0,88.384375,18.299616
dzf2,0,349.333414,71.725687
dyf3,0,96.046484,19.229510
csyz,0,106.150790,21.922226
dxf3,0,90.741441,17.985915
dzf3,0,349.545616,71.780585
csxz,0,106.090242,21.979343
dxf,1,90.737101,17.998246
dzb,1,349.990765,71.870128
dyb,1,95.982853,19.221679
cvx,1,107.202382,22.062422
dyf,1,95.926374,19.234103
dzb2,1,349.980000,71.874399
dxb,1,91.169457,18.086108
cvy,1,107.280172,22.056409
dzf,1,349.044824,71.737659
dxb2,1,91.165064,18.059382
dyb2,1,96.339932,19.258401
cvz,1,125.194808,25.869362
dzb3,1,349.552960,71.809355
dxb3,1,91.073981,18.034606
dyb3,1,96.281345,19.251602
csxxsyyszz,1,250.152698,49.182799
dyf2,1,96.358854,19.296597
dxf2,1,91.193029,18.058058
csxy,1,88.434271,18.312280
dzf2,1,349.324724,71.769683
dyf3,1,96.003631,19.259381
csyz,1,106.046440,21.919946
dxf3,1,90.787577,18.013069
dzf3,1,350.491596,71.986939
csxz,1,106.125592,21.996371
dxf,2,90.767686,18.016522
dzb,2,349.974240,71.891911
dyb,2,96.174795,19.227598
cvx,2,107.222650,22.073356
dyf,2,95.972829,19.257517
dzb2,2,349.945750,71.867240
dxb,2,91.141318,18.086039
cvy,2,107.364216,22.074304
dzf,2,349.173313,71.762575
dxb2,2,91.153194,18.052007
dyb2,2,96.197743,19.273904
cvz,2,125.036331,25.839815
dzb3,2,351.223834,72.095033
dxb3,2,91.243505,18.077496
dyb3,2,96.337990,19.250640
csxxsyyszz,2,250.156842,49.177657
dyf2,2,96.200774,19.275248
dxf2,2,91.198589,18.080365
csxy,2,88.385694,18.322722
dzf2,2,349.171988,71.758945
dyf3,2,95.984050,19.254573
csyz,2,106.155489,21.953790
dxf3,2,90.709340,18.001983
dzf3,2,349.529537,71.860806
csxz,2,106.044523,21.974904
dxf,3,90.830624,18.026176
dzb,3,350.002093,71.910265
dyb,3,96.102552,19.238774
cvx,3,107.182807,22.068841
dyf,3,95.893065,19.233850
dzb2,3,350.053288,71.932841
dxb,3,91.290310,18.095972
cvy,3,107.337531,22.093805
dzf,3,349.378768,71.854943
dxb2,3,91.137282,18.066251
dyb2,3,96.341619,19.309367
cvz,3,125.078129,25.858548
dzb3,3,349.653549,71.900996
dxb3,3,91.198922,18.103108
dyb3,3,96.221783,19.272339
csxxsyyszz,3,250.302987,49.239165
dyf2,3,96.160729,19.263299
dxf2,3,91.163501,18.073409
csxy,3,88.374390,18.349346
dzf2,3,349.308423,71.843585
dyf3,3,96.252869,19.300787
csyz,3,106.073103,21.961920
dxf3,3,90.738813,18.033106
dzf3,3,349.602593,71.885413
csxz,3,106.087267,22.005495
dxf,4,90.774781,18.026317
dzb,4,349.994001,71.975616
dyb,4,96.204410,19.280026
cvx,4,107.155195,22.077902
dyf,4,95.907403,19.257984
dzb2,4,349.908231,71.956358
dxb,4,91.266710,18.108468
cvy,4,107.289050,22.069185
dzf,4,349.914995,72.041240
dxb2,4,91.139725,18.082905
dyb2,4,96.306120,19.299918
cvz,4,125.243343,25.890732
dzb3,4,349.627992,71.903958
dxb3,4,91.049818,18.067514
dyb3,4,96.334042,19.295438
csxxsyyszz,4,250.222613,49.232167
dyf2,4,96.075580,19.258497
dxf2,4,91.154212,18.119717
csxy,4,88.389921,18.349870
dzf2,4,349.194499,71.832963
dyf3,4,96.015092,19.276621
csyz,4,106.105909,21.985045
dxf3,4,90.622473,18.019096
dzf3,4,351.020569,72.197620
csxz,4,106.113446,22.113684
#========================= OptEWE [OpenMP] =========================
#Source type                                  :  Force monopole
#Grid Size                                    :  768 x 768 x 768
#Iterations                                   :  5
#Compute time                                 :  21.372807
#Total effective MLUPS                        :  105.972239
#===================================================================
#Number of threads                            :  22
