dxf,0,166.213317,31.072243
dzb,0,616.968076,119.143471
dyb,0,181.777337,34.200089
cvx,0,188.818945,37.398075
dyf,0,181.829361,34.294085
dzb2,0,616.614367,119.501957
dxb,0,166.898346,31.316785
cvy,0,717.272784,123.071013
dzf,0,616.001973,119.144796
dxb2,0,166.212028,31.185778
dyb2,0,183.082321,34.449041
cvz,0,219.047364,43.795719
dzb3,0,616.105397,119.250910
dxb3,0,166.745795,31.283073
dyb3,0,183.336756,34.852192
csxxsyyszz,0,500.663012,97.067784
dyf2,0,181.824512,34.277645
dxf2,0,165.939674,31.475998
csxy,0,135.780823,27.896021
dzf2,0,976.157483,180.644525
dyf3,0,181.427763,34.214499
csyz,0,204.321729,40.291798
dxf3,0,165.729106,31.108444
dzf3,0,615.780888,119.156343
csxz,0,202.507288,40.044078
dxf,1,165.930985,31.170060
dzb,1,615.796644,119.180850
dyb,1,181.623496,34.227344
cvx,1,188.980258,37.472422
dyf,1,181.441615,34.231488
dzb2,1,615.617555,119.171258
dxb,1,166.947287,31.313919
cvy,1,222.395508,43.280126
dzf,1,615.912429,119.307575
dxb2,1,166.248364,31.224138
dyb2,1,181.757495,34.309706
cvz,1,220.525057,44.117551
dzb3,1,615.952418,119.321935
dxb3,1,166.512045,31.280724
dyb3,1,183.076814,34.873287
csxxsyyszz,1,504.040454,95.199767
dyf2,1,181.954344,34.369360
dxf2,1,165.921023,31.504750
csxy,1,136.737133,28.087714
dzf2,1,976.328716,180.846422
dyf3,1,181.391784,34.225308
csyz,1,203.956599,40.268494
dxf3,1,165.824146,31.148501
dzf3,1,615.816262,119.377277
csxz,1,202.543010,40.098054
dxf,2,165.747194,31.191735
dzb,2,616.056365,119.272198
dyb,2,181.932708,34.274183
cvx,2,189.236452,37.488136
dyf,2,181.624681,34.306842
dzb2,2,615.987782,119.372963
dxb,2,166.878783,31.299456
cvy,2,222.317767,43.285343
dzf,2,616.018382,119.274563
dxb2,2,166.335740,31.198099
dyb2,2,181.592436,34.338087
cvz,2,219.272516,43.892577
dzb3,2,616.163547,119.377821
dxb3,2,166.686633,31.271478
dyb3,2,183.326481,34.926047
csxxsyyszz,2,504.075814,95.152277
dyf2,2,181.572315,34.336887
dxf2,2,165.944693,31.538434
csxy,2,135.747957,27.909705
dzf2,2,976.641553,180.902247
dyf3,2,181.364904,34.281187
csyz,2,204.075733,40.267559
dxf3,2,165.883632,31.178424
dzf3,2,615.852295,119.331236
csxz,2,203.598587,40.284835
dxf,3,165.861074,31.203110
dzb,3,615.801512,119.250658
dyb,3,181.856932,34.295807
cvx,3,189.129192,37.484340
dyf,3,181.728514,34.319876
dzb2,3,616.723492,119.483438
dxb,3,166.889629,31.327318
cvy,3,222.389777,43.313138
dzf,3,616.125295,119.319689
dxb2,3,166.341365,31.222669
dyb2,3,181.917892,34.323705
cvz,3,219.415363,43.921544
dzb3,3,615.996355,119.361146
dxb3,3,166.522549,31.255687
dyb3,3,183.161964,34.925025
csxxsyyszz,3,503.944634,95.123788
dyf2,3,181.720462,34.283972
dxf2,3,165.798972,31.493861
csxy,3,135.902003,27.942865
dzf2,3,974.642915,184.032749
dyf3,3,181.143717,36.092637
csyz,3,202.559063,41.143940
dxf3,3,165.626102,32.559289
dzf3,3,615.911431,121.135650
csxz,3,202.666765,40.089149
dxf,4,166.504688,31.237840
dzb,4,616.015065,119.228567
dyb,4,181.491960,34.244457
cvx,4,188.920196,37.456411
dyf,4,181.653115,34.305512
dzb2,4,615.691264,119.167316
dxb,4,167.391746,31.391275
cvy,4,222.276915,43.253821
dzf,4,615.930958,119.226312
dxb2,4,166.400452,31.218036
dyb2,4,181.681814,34.260176
cvz,4,219.177245,43.845985
dzb3,4,615.981618,119.251842
dxb3,4,166.637812,31.268394
dyb3,4,183.296132,34.885588
csxxsyyszz,4,502.330056,94.831116
dyf2,4,181.753951,34.287435
dxf2,4,165.992679,31.552027
csxy,4,135.831479,27.905560
dzf2,4,976.269467,180.727139
dyf3,4,181.454392,34.278518
csyz,4,204.293452,40.322171
dxf3,4,165.751177,31.124125
dzf3,4,615.870821,119.241871
csxz,4,202.630543,40.107615
#========================= OptEWE [OpenMP] =========================
#Source type                                  :  Force monopole
#Grid Size                                    :  768 x 768 x 768
#Iterations                                   :  5
#Compute time                                 :  39.605637
#Total effective MLUPS                        :  57.186915
#===================================================================
#Number of threads                            :  8
