dxf,0,179.081786,30.373532
dzb,0,645.659257,113.070950
dyb,0,220.154603,36.841434
cvx,0,264.870919,45.496185
dyf,0,220.552941,36.938643
dzb2,0,646.366331,114.088393
dxb,0,183.700638,31.071969
cvy,0,936.538673,143.107449
dzf,0,644.684436,112.981194
dxb2,0,184.125328,31.091194
dyb2,0,220.051551,36.796063
cvz,0,276.004021,48.490083
dzb3,0,647.576410,113.483148
dxb3,0,183.848017,31.110065
dyb3,0,222.121421,37.556120
csxxsyyszz,0,726.639030,119.428936
dyf2,0,220.610783,36.880135
dxf2,0,180.646475,30.957420
csxy,0,144.544326,26.800101
dzf2,0,1028.742802,172.671104
dyf3,0,220.619709,36.928707
csyz,0,215.318985,38.547927
dxf3,0,179.031413,30.387738
dzf3,0,646.549411,113.256896
csxz,0,213.772104,38.385888
dxf,1,178.833966,30.357810
dzb,1,645.580673,113.112566
dyb,1,219.905668,36.804223
cvx,1,264.851046,45.484308
dyf,1,220.587298,36.923406
dzb2,1,645.388517,113.034758
dxb,1,183.877109,31.078212
cvy,1,274.956016,47.295920
dzf,1,645.408748,113.044162
dxb2,1,184.158002,31.104385
dyb2,1,219.541449,36.755186
cvz,1,275.978212,48.500430
dzb3,1,645.339557,113.004115
dxb3,1,183.786513,31.064018
dyb3,1,222.090439,37.525228
csxxsyyszz,1,725.771602,120.268562
dyf2,1,220.578807,36.900623
dxf2,1,180.718140,31.005324
csxy,1,144.602175,26.847473
dzf2,1,1028.483433,172.901291
dyf3,1,220.496909,36.940805
csyz,1,215.257919,38.579525
dxf3,1,179.024217,30.424102
dzf3,1,646.519650,113.313167
csxz,1,213.348633,38.353013
dxf,2,178.834004,30.353718
dzb,2,645.735523,113.209685
dyb,2,219.848197,36.782045
cvx,2,264.753484,45.465438
dyf,2,220.487742,36.932937
dzb2,2,645.322933,113.105059
dxb,2,183.996451,31.114421
cvy,2,274.921506,47.322482
dzf,2,644.786361,113.056573
dxb2,2,184.026008,31.142443
dyb2,2,220.045542,36.850813
cvz,2,277.618498,48.755131
dzb3,2,646.545552,113.296379
dxb3,2,183.983708,31.140236
dyb3,2,222.177798,37.551642
csxxsyyszz,2,726.847783,118.853338
dyf2,2,220.787063,36.933473
dxf2,2,180.796109,30.993245
csxy,2,144.623170,26.828340
dzf2,2,1029.627124,173.122659
dyf3,2,220.716260,37.104316
csyz,2,215.350834,38.677431
dxf3,2,179.102767,30.443388
dzf3,2,645.861148,113.367595
csxz,2,213.532304,38.394349
dxf,3,178.905308,30.445334
dzb,3,646.935198,113.774733
dyb,3,219.541381,36.862090
cvx,3,264.850925,45.518140
dyf,3,220.477349,37.016234
dzb2,3,645.249809,113.156693
dxb,3,183.881464,31.071866
cvy,3,274.664278,47.255689
dzf,3,644.752491,112.961058
dxb2,3,183.956700,31.095642
dyb2,3,219.492905,36.786290
cvz,3,276.076819,48.507093
dzb3,3,645.940700,113.502236
dxb3,3,183.819858,31.107784
dyb3,3,222.161650,37.644497
csxxsyyszz,3,724.229550,119.008694
dyf2,3,220.590816,36.954674
dxf2,3,180.778173,31.101915
csxy,3,144.609942,26.892496
dzf2,3,1028.576335,173.038865
dyf3,3,220.607383,37.036327
csyz,3,216.114815,38.706856
dxf3,3,178.987538,30.369958
dzf3,3,646.808719,113.662780
csxz,3,213.373749,38.452926
dxf,4,178.905839,30.514875
dzb,4,645.556078,113.276381
dyb,4,220.005688,36.918465
cvx,4,264.870381,45.531939
dyf,4,220.494662,37.082707
dzb2,4,645.055139,113.483840
dxb,4,183.958916,31.183397
cvy,4,274.915934,47.326129
dzf,4,644.860066,113.089461
dxb2,4,184.044177,31.084046
dyb2,4,219.881423,36.780888
cvz,4,276.692859,49.571316
dzb3,4,645.080305,118.339705
dxb3,4,183.333546,32.332356
dyb3,4,221.820685,37.847159
csxxsyyszz,4,722.258440,118.126412
dyf2,4,220.673250,36.941770
dxf2,4,180.770121,30.999219
csxy,4,144.605467,26.828647
dzf2,4,1030.110543,173.011029
dyf3,4,220.607379,36.938692
csyz,4,215.364716,38.585392
dxf3,4,179.134527,30.433322
dzf3,4,646.154982,113.199769
csxz,4,213.545736,38.394288
#========================= OptEWE [OpenMP] =========================
#Source type                                  :  Force monopole
#Grid Size                                    :  768 x 768 x 768
#Iterations                                   :  5
#Compute time                                 :  44.595806
#Total effective MLUPS                        :  50.787829
#===================================================================
#Number of threads                            :  7
