dxf,0,181.119759,29.560501
dzb,0,735.153867,122.135413
dyb,0,185.850814,30.830115
cvx,0,196.688802,34.631508
dyf,0,185.912533,30.894536
dzb2,0,735.122513,122.422458
dxb,0,180.846369,29.633962
cvy,0,759.791541,115.074220
dzf,0,735.116364,122.261219
dxb2,0,180.781610,29.641603
dyb2,0,186.147073,30.854990
cvz,0,245.677014,42.863054
dzb3,0,735.060197,122.392507
dxb3,0,181.323794,29.767817
dyb3,0,187.802686,31.561781
csxxsyyszz,0,426.999592,73.512018
dyf2,0,186.052028,31.006609
dxf2,0,180.490574,29.963542
csxy,0,158.889152,28.159874
dzf2,0,1114.861479,180.047502
dyf3,0,185.628797,30.885231
csyz,0,240.248226,40.912063
dxf3,0,180.522959,29.590390
dzf3,0,735.280533,122.343395
csxz,0,238.340372,40.665087
dxf,1,180.519153,29.603528
dzb,1,735.123012,122.286264
dyb,1,185.561008,30.800770
cvx,1,196.398077,34.601521
dyf,1,185.933087,30.918211
dzb2,1,735.170760,122.408048
dxb,1,180.858797,29.650780
cvy,1,253.290722,43.057311
dzf,1,735.307384,122.446635
dxb2,1,180.653815,29.672885
dyb2,1,185.971919,30.938715
cvz,1,246.416354,43.152048
dzb3,1,734.222008,126.235430
dxb3,1,180.554550,30.510990
dyb3,1,187.121128,32.162186
csxxsyyszz,1,427.115564,73.909409
dyf2,1,186.017177,31.004387
dxf2,1,180.297524,30.007897
csxy,1,159.807866,28.332768
dzf2,1,1114.220124,180.088319
dyf3,1,185.662666,30.891487
csyz,1,239.784756,40.846486
dxf3,1,180.408444,29.609659
dzf3,1,735.163901,122.333090
csxz,1,238.240719,40.651435
dxf,2,181.267227,29.735872
dzb,2,735.123127,122.398247
dyb,2,185.506718,30.773530
cvx,2,196.532115,34.646601
dyf,2,185.954092,30.953276
dzb2,2,735.255772,122.331668
dxb,2,180.755166,29.633418
cvy,2,253.193633,43.034973
dzf,2,735.199959,122.416277
dxb2,2,181.915286,29.808384
dyb2,2,186.192648,30.888419
cvz,2,245.916905,42.928802
dzb3,2,735.074427,122.373058
dxb3,2,180.708307,29.635044
dyb3,2,187.759333,31.548038
csxxsyyszz,2,427.168853,73.558549
dyf2,2,186.248869,30.965236
dxf2,2,180.366986,29.947856
csxy,2,158.972364,28.175615
dzf2,2,1114.575868,180.939802
dyf3,2,187.075746,31.217027
csyz,2,239.829498,40.869284
dxf3,2,180.624537,29.688669
dzf3,2,735.196148,122.429608
csxz,2,238.357258,40.710053
dxf,3,180.768985,29.700741
dzb,3,735.200622,122.456788
dyb,3,185.408175,30.824604
cvx,3,197.771553,34.819967
dyf,3,185.825806,30.939126
dzb2,3,735.245503,122.513396
dxb,3,180.745098,29.703768
cvy,3,253.348384,43.080526
dzf,3,735.249493,122.441235
dxb2,3,180.790575,29.656979
dyb2,3,186.160875,30.875597
cvz,3,245.860822,42.930708
dzb3,3,735.157132,122.480342
dxb3,3,180.743345,29.686969
dyb3,3,187.696781,31.547582
csxxsyyszz,3,427.116226,73.579853
dyf2,3,186.078451,30.952120
dxf2,3,180.269642,30.175973
csxy,3,158.847501,28.635240
dzf2,3,1114.200791,180.924090
dyf3,3,185.620984,30.894478
csyz,3,239.650408,40.853308
dxf3,3,180.564304,29.639332
dzf3,3,735.258997,122.402662
csxz,3,238.775569,40.771052
dxf,4,180.657494,29.674606
dzb,4,735.351984,122.439969
dyb,4,185.664912,30.882428
cvx,4,196.524707,34.638471
dyf,4,185.694962,30.921934
dzb2,4,735.187956,122.432358
dxb,4,180.773627,29.654944
cvy,4,254.533455,43.250677
dzf,4,735.328856,125.028601
dxb2,4,180.622150,29.704652
dyb2,4,186.217834,30.905597
cvz,4,245.742672,42.936069
dzb3,4,735.115900,123.074557
dxb3,4,180.586101,29.875340
dyb3,4,187.620871,31.741430
csxxsyyszz,4,427.259021,73.660474
dyf2,4,186.033235,31.317408
dxf2,4,180.522555,29.991292
csxy,4,158.995115,28.193435
dzf2,4,1114.198238,180.065812
dyf3,4,185.730958,30.973988
csyz,4,239.453346,40.834122
dxf3,4,180.489391,29.626043
dzf3,4,735.143857,122.464041
csxz,4,238.331645,40.706566
#========================= OptEWE [OpenMP] =========================
#Source type                                  :  Force monopole
#Grid Size                                    :  768 x 768 x 768
#Iterations                                   :  5
#Compute time                                 :  44.268955
#Total effective MLUPS                        :  51.162810
#===================================================================
#Number of threads                            :  10
