dxf,0,99.766370,20.728191
dzb,0,366.393641,80.017059
dyb,0,105.995824,22.255531
cvx,0,115.778198,25.026273
dyf,0,105.516928,22.242499
dzb2,0,366.348808,80.187953
dxb,0,99.274272,20.725838
cvy,0,824.235160,142.982968
dzf,0,367.584689,80.369302
dxb2,0,99.252637,20.748837
dyb2,0,106.112354,22.343773
cvz,0,133.023242,29.099819
dzb3,0,365.872552,80.150262
dxb3,0,99.100230,20.744572
dyb3,0,106.051378,22.326269
csxxsyyszz,0,291.353459,59.560029
dyf2,0,105.520302,22.279945
dxf2,0,99.004827,20.738325
csxy,0,94.696437,20.853067
dzf2,0,365.871485,80.224424
dyf3,0,105.493935,22.269942
csyz,0,113.000034,24.891450
dxf3,0,98.714476,20.699068
dzf3,0,366.051441,80.297186
csxz,0,113.063224,24.966448
dxf,1,98.662455,20.697039
dzb,1,367.861595,80.624867
dyb,1,106.162390,22.385887
cvx,1,116.221569,25.181298
dyf,1,105.542357,22.295206
dzb2,1,366.487359,80.390693
dxb,1,99.253697,20.795614
cvy,1,115.667485,25.097125
dzf,1,365.499596,80.225665
dxb2,1,98.994548,20.767942
dyb2,1,106.076218,22.403321
cvz,1,132.981414,29.170688
dzb3,1,367.819224,81.063891
dxb3,1,99.143701,20.813060
dyb3,1,106.019593,22.375901
csxxsyyszz,1,291.467620,59.674636
dyf2,1,105.550581,22.296820
dxf2,1,99.133558,20.816084
csxy,1,95.345556,21.199519
dzf2,1,365.828113,80.699985
dyf3,1,105.648119,22.425911
csyz,1,112.918628,25.039334
dxf3,1,98.684130,20.826545
dzf3,1,365.911684,80.603263
csxz,1,113.057058,24.997406
dxf,2,98.646654,20.714070
dzb,2,366.317712,80.444935
dyb,2,105.855930,22.352048
cvx,2,116.031212,25.181845
dyf,2,105.432716,22.321928
dzb2,2,366.317531,80.463187
dxb,2,99.228868,20.829711
cvy,2,115.715226,25.133693
dzf,2,365.323274,80.282898
dxb2,2,99.131949,20.808875
dyb2,2,106.191666,22.417748
cvz,2,132.955462,29.189676
dzb3,2,366.001948,80.365522
dxb3,2,99.233132,20.816851
dyb3,2,106.255791,22.424645
csxxsyyszz,2,291.534060,59.720452
dyf2,2,105.542339,22.298284
dxf2,2,99.026334,20.794672
csxy,2,94.735981,20.900632
dzf2,2,365.893496,80.362473
dyf3,2,105.779583,22.382638
csyz,2,113.232400,24.975744
dxf3,2,98.683140,20.739248
dzf3,2,365.943396,80.408830
csxz,2,113.068620,25.006722
dxf,3,98.593345,20.715817
dzb,3,366.433496,80.507951
dyb,3,105.983013,22.377396
cvx,3,115.950581,25.181220
dyf,3,105.711031,22.364304
dzb2,3,366.347203,80.471571
dxb,3,99.233689,20.815371
cvy,3,115.778731,25.167772
dzf,3,367.162536,80.615184
dxb2,3,99.231166,20.841246
dyb2,3,106.063551,22.420901
cvz,3,133.012164,29.194445
dzb3,3,365.861760,80.387278
dxb3,3,99.224483,20.832106
dyb3,3,106.064362,22.388296
csxxsyyszz,3,291.487738,59.743669
dyf2,3,105.485320,22.323700
dxf2,3,98.855602,20.758440
csxy,3,94.721088,20.909433
dzf2,3,365.934172,80.405682
dyf3,3,105.567261,22.351647
csyz,3,113.090231,24.955940
dxf3,3,98.649136,20.724703
dzf3,3,365.908583,80.411649
csxz,3,113.064502,25.031251
dxf,4,98.721107,20.750065
dzb,4,367.241584,80.662397
dyb,4,105.820848,22.362194
cvx,4,115.926369,25.185498
dyf,4,105.471702,22.344475
dzb2,4,366.397842,80.506465
dxb,4,99.310721,20.832513
cvy,4,115.787613,25.165497
dzf,4,365.594581,80.368172
dxb2,4,99.058420,20.798957
dyb2,4,106.354202,22.467940
cvz,4,133.073198,29.229897
dzb3,4,365.718235,80.383770
dxb3,4,99.208612,20.821039
dyb3,4,106.071683,22.413290
csxxsyyszz,4,291.591751,59.768719
dyf2,4,105.631747,22.342471
dxf2,4,98.998794,20.792469
csxy,4,94.579396,20.884559
dzf2,4,365.945357,80.416739
dyf3,4,105.516154,22.313954
csyz,4,113.042212,24.958245
dxf3,4,98.786247,20.762769
dzf3,4,365.948011,80.441129
csxz,4,113.053923,25.122924
#========================= OptEWE [OpenMP] =========================
#Source type                                  :  Force monopole
#Grid Size                                    :  768 x 768 x 768
#Iterations                                   :  5
#Compute time                                 :  22.727772
#Total effective MLUPS                        :  99.654475
#===================================================================
#Number of threads                            :  20
