dxf,0,201.077968,30.115263
dzb,0,770.631822,117.242595
dyb,0,250.693685,37.111991
cvx,0,297.572482,45.815960
dyf,0,251.647997,37.707661
dzb2,0,770.652030,117.485999
dxb,0,206.310676,30.810961
cvy,0,994.101734,135.638366
dzf,0,769.878854,117.259986
dxb2,0,206.358605,30.923903
dyb2,0,251.228175,37.161164
cvz,0,318.687160,49.240526
dzb3,0,772.051993,117.500899
dxb3,0,207.156249,30.925999
dyb3,0,256.285960,38.266448
csxxsyyszz,0,818.457651,118.716406
dyf2,0,251.789686,37.285026
dxf2,0,208.364624,31.431803
csxy,0,179.284091,28.734608
dzf2,0,1271.242239,186.084444
dyf3,0,251.456130,37.278495
csyz,0,268.672054,41.605857
dxf3,0,200.307217,30.024762
dzf3,0,770.325251,117.283887
csxz,0,265.565523,41.212013
dxf,1,200.735140,30.070024
dzb,1,770.870589,117.374281
dyb,1,250.742658,37.151952
cvx,1,296.899205,45.170647
dyf,1,251.926256,37.356406
dzb2,1,771.852256,117.496155
dxb,1,207.843930,31.091189
cvy,1,317.419686,48.157988
dzf,1,770.006766,117.261829
dxb2,1,206.553900,30.852250
dyb2,1,251.795733,37.283184
cvz,1,318.785529,49.267680
dzb3,1,772.265236,117.520257
dxb3,1,207.018985,30.918012
dyb3,1,256.238371,38.248914
csxxsyyszz,1,818.300571,118.619900
dyf2,1,252.008091,37.294716
dxf2,1,208.409580,31.438708
csxy,1,179.402828,28.751656
dzf2,1,1271.371383,186.149914
dyf3,1,252.001495,37.295228
csyz,1,268.398205,41.554875
dxf3,1,200.233762,30.068890
dzf3,1,770.433196,117.226847
csxz,1,267.572801,41.583200
dxf,2,200.461446,30.163369
dzb,2,770.707401,117.488949
dyb,2,250.782379,37.170899
cvx,2,297.509927,45.223871
dyf,2,251.640642,37.209494
dzb2,2,771.884202,117.267231
dxb,2,206.277641,30.808383
cvy,2,317.313878,48.105628
dzf,2,770.194695,117.088047
dxb2,2,206.538361,30.816044
dyb2,2,251.487242,37.147175
cvz,2,320.153301,49.424783
dzb3,2,771.234314,121.199395
dxb3,2,207.137296,30.907808
dyb3,2,256.189515,38.211087
csxxsyyszz,2,821.018887,118.931890
dyf2,2,252.092937,37.250080
dxf2,2,208.335464,31.423808
csxy,2,179.345073,28.735588
dzf2,2,1272.239392,186.180347
dyf3,2,251.886349,37.265738
csyz,2,268.710782,41.593194
dxf3,2,200.214992,29.976991
dzf3,2,770.526162,117.180857
csxz,2,265.797787,41.231134
dxf,3,200.736227,30.066336
dzb,3,770.795836,117.235223
dyb,3,251.289113,37.138395
cvx,3,298.915974,45.368220
dyf,3,251.741901,37.273348
dzb2,3,771.037438,117.240454
dxb,3,206.495449,30.803561
cvy,3,317.596440,48.101921
dzf,3,769.936850,117.129636
dxb2,3,206.547265,30.815883
dyb2,3,253.197722,37.422002
cvz,3,318.909700,49.435238
dzb3,3,770.826138,117.418060
dxb3,3,206.969271,30.918024
dyb3,3,255.908910,38.226517
csxxsyyszz,3,818.518051,118.648431
dyf2,3,253.456957,37.486656
dxf2,3,208.536778,31.426988
csxy,3,179.348188,28.721967
dzf2,3,1271.321724,185.968498
dyf3,3,251.595423,37.317418
csyz,3,268.489730,41.555746
dxf3,3,200.367682,29.997496
dzf3,3,770.148018,117.208520
csxz,3,265.567961,41.200953
dxf,4,200.855725,30.066461
dzb,4,770.885641,117.297312
dyb,4,252.349396,37.330820
cvx,4,296.790772,45.110204
dyf,4,251.889113,37.243373
dzb2,4,770.943463,117.250686
dxb,4,206.459837,30.840310
cvy,4,317.575454,48.088663
dzf,4,770.021646,117.139789
dxb2,4,207.594056,31.008492
dyb2,4,251.279978,37.198995
cvz,4,318.843685,49.280902
dzb3,4,771.224951,117.256994
dxb3,4,207.145639,30.921937
dyb3,4,256.012963,38.219857
csxxsyyszz,4,818.277419,118.521618
dyf2,4,251.930531,37.261944
dxf2,4,208.171116,31.369652
csxy,4,179.444186,28.738952
dzf2,4,1271.845913,186.047673
dyf3,4,251.770360,37.330553
csyz,4,268.513579,41.531218
dxf3,4,201.152705,30.539166
dzf3,4,770.355316,121.921324
csxz,4,265.632855,42.383909
#========================= OptEWE [OpenMP] =========================
#Source type                                  :  Force monopole
#Grid Size                                    :  768 x 768 x 768
#Iterations                                   :  5
#Compute time                                 :  52.364296
#Total effective MLUPS                        :  43.253215
#===================================================================
#Number of threads                            :  5
