dxf,0,87.513963,21.025475
dzb,0,330.382660,83.701251
dyb,0,87.640879,21.750447
cvx,0,102.192702,26.151873
dyf,0,87.492953,21.816220
dzb2,0,330.371157,83.980321
dxb,0,86.320208,21.048030
cvy,0,839.451587,171.476448
dzf,0,329.543804,83.812147
dxb2,0,86.217944,21.037913
dyb2,0,88.146491,21.933785
cvz,0,119.083730,30.495522
dzb3,0,329.812720,84.064627
dxb3,0,86.158587,21.071771
dyb3,0,87.745358,21.894068
csxxsyyszz,0,194.769187,49.484166
dyf2,0,87.565626,21.873450
dxf2,0,86.287750,21.113656
csxy,0,84.482720,21.687254
dzf2,0,329.605651,84.076076
dyf3,0,87.582211,21.897028
csyz,0,101.296941,25.893415
dxf3,0,86.018674,21.055025
dzf3,0,329.763789,84.148295
csxz,0,101.271705,25.932684
dxf,1,86.007857,21.065938
dzb,1,330.503170,84.346249
dyb,1,87.769111,21.898269
cvx,1,102.086676,26.280324
dyf,1,87.464736,21.915444
dzb2,1,330.330778,84.335709
dxb,1,86.349795,21.145519
cvy,1,102.141144,26.267952
dzf,1,329.462607,84.161146
dxb2,1,86.216081,21.119265
dyb2,1,87.930573,21.962883
cvz,1,118.924132,30.601284
dzb3,1,329.914688,84.268532
dxb3,1,86.142818,21.103399
dyb3,1,87.911294,21.983009
csxxsyyszz,1,196.924267,50.032065
dyf2,1,87.582445,21.905451
dxf2,1,86.238029,21.142771
csxy,1,84.540807,21.741855
dzf2,1,329.731580,84.255507
dyf3,1,87.522724,21.931448
csyz,1,101.300265,25.949341
dxf3,1,86.044139,21.104647
dzf3,1,330.485007,84.416893
csxz,1,101.266702,25.971467
dxf,2,86.031701,21.109417
dzb,2,330.466285,84.446327
dyb,2,87.647937,21.904844
cvx,2,102.053313,26.291607
dyf,2,87.554363,21.949091
dzb2,2,330.372872,84.418352
dxb,2,86.329927,21.148624
cvy,2,102.065106,26.264590
dzf,2,329.470925,84.246510
dxb2,2,86.210797,21.136095
dyb2,2,87.913043,21.987644
cvz,2,118.983455,30.633405
dzb3,2,329.776251,84.322839
dxb3,2,86.239771,21.147241
dyb3,2,87.903153,21.993689
csxxsyyszz,2,194.770464,49.623985
dyf2,2,87.549862,21.931978
dxf2,2,86.309440,21.174623
csxy,2,84.510593,21.748088
dzf2,2,329.699288,84.319968
dyf3,2,87.582390,21.961038
csyz,2,101.257537,25.963833
dxf3,2,85.994835,21.126682
dzf3,2,329.794819,84.352745
csxz,2,101.278103,26.005733
dxf,3,85.967707,21.130516
dzb,3,330.388062,84.485674
dyb,3,87.501922,21.896495
cvx,3,102.198122,26.374730
dyf,3,87.576013,21.994986
dzb2,3,330.273600,84.486621
dxb,3,86.307530,21.184943
cvy,3,102.188073,26.319938
dzf,3,329.467505,84.313445
dxb2,3,86.230321,21.164154
dyb2,3,87.962370,22.011347
cvz,3,119.140406,30.662284
dzb3,3,330.493211,84.534462
dxb3,3,86.154259,21.149401
dyb3,3,87.833661,21.974698
csxxsyyszz,3,195.030589,49.663622
dyf2,3,87.505781,21.935929
dxf2,3,86.414002,21.215373
csxy,3,84.535095,21.773684
dzf2,3,329.707294,84.360614
dyf3,3,87.517695,21.960672
csyz,3,101.343181,25.993910
dxf3,3,86.057906,21.130027
dzf3,3,330.182257,84.480908
csxz,3,101.305077,26.023233
dxf,4,86.006323,21.130800
dzb,4,330.310663,84.503688
dyb,4,87.756175,21.966405
cvx,4,102.072761,26.337103
dyf,4,87.527050,21.989573
dzb2,4,331.261947,84.735163
dxb,4,86.292748,21.169057
cvy,4,102.097123,26.319828
dzf,4,329.475206,84.352370
dxb2,4,86.190839,21.160218
dyb2,4,87.928459,22.026819
cvz,4,119.004586,30.636427
dzb3,4,330.391954,84.532695
dxb3,4,86.161642,21.155130
dyb3,4,88.107493,22.057466
csxxsyyszz,4,194.397222,49.564595
dyf2,4,87.598732,21.958615
dxf2,4,86.409607,21.214785
csxy,4,84.544773,21.791660
dzf2,4,329.712620,84.398584
dyf3,4,87.733369,22.020089
csyz,4,101.276074,25.988988
dxf3,4,86.096736,21.153992
dzf3,4,329.913579,84.426727
csxz,4,101.288890,26.135474
#========================= OptEWE [OpenMP] =========================
#Source type                                  :  Force monopole
#Grid Size                                    :  768 x 768 x 768
#Iterations                                   :  5
#Compute time                                 :  19.884546
#Total effective MLUPS                        :  113.903739
#===================================================================
#Number of threads                            :  23
