dxf,0,106.374401,20.746086
dzb,0,391.224833,79.790328
dyb,0,117.548805,23.004992
cvx,0,130.884371,26.015251
dyf,0,117.445865,23.015935
dzb2,0,391.092162,79.964040
dxb,0,106.148973,20.770552
cvy,0,892.929045,144.914689
dzf,0,390.323753,79.864768
dxb2,0,105.824229,20.764666
dyb2,0,117.647282,23.068629
cvz,0,143.029488,29.117350
dzb3,0,390.690793,79.981106
dxb3,0,105.834162,20.777496
dyb3,0,117.647892,23.070973
csxxsyyszz,0,346.170249,65.133348
dyf2,0,117.611851,23.067859
dxf2,0,105.417612,20.722934
csxy,0,102.224902,20.990384
dzf2,0,390.764376,80.108938
dyf3,0,117.411133,23.077454
csyz,0,120.376375,24.807646
dxf3,0,105.295306,20.744405
dzf3,0,390.763013,80.150651
csxz,0,120.307966,24.862701
dxf,1,105.298248,20.742647
dzb,1,391.186739,80.230731
dyb,1,117.420600,23.083385
cvx,1,130.943385,26.131141
dyf,1,117.492428,23.104540
dzb2,1,392.283279,80.327467
dxb,1,106.312941,20.882617
cvy,1,129.664219,25.875434
dzf,1,390.445447,80.113278
dxb2,1,105.694157,20.777051
dyb2,1,117.541963,23.101316
cvz,1,143.106529,29.188796
dzb3,1,390.703378,80.111508
dxb3,1,105.826217,20.811665
dyb3,1,117.650707,23.092905
csxxsyyszz,1,346.221914,65.189580
dyf2,1,117.718473,23.103239
dxf2,1,105.530343,20.778012
csxy,1,100.653958,20.739895
dzf2,1,390.672738,80.128272
dyf3,1,117.259305,23.029012
csyz,1,120.349422,24.825027
dxf3,1,105.323673,20.734121
dzf3,1,390.790246,80.162343
csxz,1,120.268292,24.845136
dxf,2,105.355552,20.748766
dzb,2,391.245903,80.249336
dyb,2,117.282940,23.049670
cvx,2,130.897470,26.120986
dyf,2,117.502515,23.104178
dzb2,2,391.257978,80.268364
dxb,2,106.156628,20.872309
cvy,2,129.715467,25.906084
dzf,2,390.833646,80.246271
dxb2,2,105.793533,21.054396
dyb2,2,117.603470,23.270045
cvz,2,143.037576,29.318263
dzb3,2,390.760342,80.506098
dxb3,2,105.998631,20.943645
dyb3,2,117.652052,23.134076
csxxsyyszz,2,346.453059,65.276782
dyf2,2,117.656720,23.096804
dxf2,2,105.585737,20.790398
csxy,2,100.718135,20.759414
dzf2,2,392.667869,80.487069
dyf3,2,117.738651,23.175220
csyz,2,120.395287,24.841642
dxf3,2,105.289358,20.763774
dzf3,2,390.862337,80.267866
csxz,2,120.348245,24.894700
dxf,3,105.462412,20.780530
dzb,3,391.185002,80.305153
dyb,3,117.555632,23.108078
cvx,3,130.919450,26.143225
dyf,3,117.507679,23.101984
dzb2,3,391.215084,80.275367
dxb,3,106.068048,20.851946
cvy,3,129.715302,25.917686
dzf,3,390.067777,80.110416
dxb2,3,105.755206,20.809313
dyb2,3,117.734457,23.150403
cvz,3,143.003853,29.216673
dzb3,3,390.590701,80.188169
dxb3,3,105.853472,20.824568
dyb3,3,117.599733,23.119588
csxxsyyszz,3,346.477045,65.331083
dyf2,3,117.735913,23.120389
dxf2,3,105.541785,20.786553
csxy,3,100.661791,20.746814
dzf2,3,390.588875,80.166372
dyf3,3,117.265040,23.101459
csyz,3,120.328656,24.837880
dxf3,3,105.320257,20.750182
dzf3,3,390.744583,80.223250
csxz,3,120.330397,24.860679
dxf,4,105.421131,20.784835
dzb,4,391.208576,80.289959
dyb,4,117.315676,23.051051
cvx,4,130.858811,26.134090
dyf,4,117.455599,23.100012
dzb2,4,391.032466,80.244611
dxb,4,106.156457,20.888494
cvy,4,129.650448,25.914749
dzf,4,390.300133,80.181161
dxb2,4,105.718229,20.809694
dyb2,4,117.613237,23.135091
cvz,4,143.029241,29.204967
dzb3,4,390.681152,80.194779
dxb3,4,105.917981,20.839362
dyb3,4,117.560088,23.108460
csxxsyyszz,4,346.459583,65.314225
dyf2,4,117.806773,23.146184
dxf2,4,105.706629,20.815438
csxy,4,100.699140,20.780797
dzf2,4,390.613970,80.174636
dyf3,4,117.344916,23.087735
csyz,4,120.439811,24.847991
dxf3,4,105.245838,20.752487
dzf3,4,392.430159,80.497234
csxz,4,120.533423,24.976246
#========================= OptEWE [OpenMP] =========================
#Source type                                  :  Force monopole
#Grid Size                                    :  768 x 768 x 768
#Iterations                                   :  5
#Compute time                                 :  24.649050
#Total effective MLUPS                        :  91.886875
#===================================================================
#Number of threads                            :  19
