dxf,0,203.908372,29.750852
dzb,0,868.221668,127.885181
dyb,0,205.778249,30.382487
cvx,0,223.276370,34.855549
dyf,0,206.017815,30.452379
dzb2,0,868.426350,128.085023
dxb,0,203.356337,29.762811
cvy,0,914.878106,124.055495
dzf,0,867.677195,129.875122
dxb2,0,203.292082,30.790940
dyb2,0,206.138789,31.496371
cvz,0,267.705928,42.112306
dzb3,0,867.759360,128.192095
dxb3,0,203.720159,29.962887
dyb3,0,220.794586,33.076545
csxxsyyszz,0,432.681013,67.437920
dyf2,0,205.909904,30.539944
dxf2,0,215.647476,32.069363
csxy,0,175.359332,27.714823
dzf2,0,1951.593801,273.205638
dyf3,0,206.110347,30.477080
csyz,0,258.899973,39.607961
dxf3,0,203.345057,29.784719
dzf3,0,868.445946,128.155167
csxz,0,258.286254,39.566845
dxf,1,204.653158,30.045269
dzb,1,868.476674,128.169684
dyb,1,205.852246,30.443508
cvx,1,221.265869,34.648944
dyf,1,205.859938,30.537506
dzb2,1,868.460107,128.235618
dxb,1,203.296003,29.792161
cvy,1,332.970465,49.814723
dzf,1,867.769625,128.204346
dxb2,1,203.430033,29.853729
dyb2,1,206.484127,30.523664
cvz,1,269.410045,42.032812
dzb3,1,867.871660,128.043150
dxb3,1,203.626149,29.868975
dyb3,1,221.200284,33.132181
csxxsyyszz,1,431.260051,67.262996
dyf2,1,206.076674,30.510245
dxf2,1,215.811917,32.054533
csxy,1,175.485610,27.796870
dzf2,1,1952.288566,273.473883
dyf3,1,206.136403,30.556500
csyz,1,258.701054,39.628274
dxf3,1,203.059894,29.765361
dzf3,1,869.256694,128.332125
csxz,1,258.489081,39.582631
dxf,2,203.057213,29.796417
dzb,2,868.455949,128.248106
dyb,2,205.610668,30.430502
cvx,2,221.104537,34.599017
dyf,2,205.844453,30.457396
dzb2,2,868.425830,128.299931
dxb,2,203.321588,29.841162
cvy,2,333.136816,49.806315
dzf,2,867.911601,128.175634
dxb2,2,203.742394,29.838197
dyb2,2,206.211385,30.520524
cvz,2,269.179426,42.008627
dzb3,2,867.859672,128.164220
dxb3,2,203.671670,29.839141
dyb3,2,221.003543,33.079671
csxxsyyszz,2,432.689167,67.475705
dyf2,2,205.989924,30.451554
dxf2,2,215.926778,32.056419
csxy,2,175.403153,27.743303
dzf2,2,1939.723757,273.550385
dyf3,2,206.177235,30.542356
csyz,2,259.242066,39.654723
dxf3,2,203.938713,29.907985
dzf3,2,868.231818,128.088765
csxz,2,258.279863,39.552456
dxf,3,203.081490,29.748837
dzb,3,868.338150,128.127408
dyb,3,205.886121,30.437825
cvx,3,221.140886,34.617473
dyf,3,205.971938,30.500886
dzb2,3,868.262780,128.139365
dxb,3,203.296588,29.795717
cvy,3,334.005825,49.886900
dzf,3,867.832544,128.049737
dxb2,3,203.543552,29.810318
dyb2,3,206.177721,30.467342
cvz,3,269.247266,41.994003
dzb3,3,867.755229,128.035458
dxb3,3,203.615196,29.840675
dyb3,3,221.021312,33.070809
csxxsyyszz,3,430.644561,67.173198
dyf2,3,205.920036,30.498920
dxf2,3,215.973768,32.084047
csxy,3,175.361461,27.728783
dzf2,3,1952.751960,274.130541
dyf3,3,206.042356,30.645704
csyz,3,260.201557,39.798920
dxf3,3,203.078683,29.794119
dzf3,3,868.202956,128.088374
csxz,3,258.363485,39.564392
dxf,4,202.926688,29.754001
dzb,4,868.039410,128.093928
dyb,4,205.895479,30.416705
cvx,4,221.032890,34.585328
dyf,4,205.777068,30.491414
dzb2,4,868.280330,128.096421
dxb,4,203.201286,29.775926
cvy,4,333.068711,49.752635
dzf,4,867.755157,128.083753
dxb2,4,203.410296,29.789933
dyb2,4,205.961957,30.434734
cvz,4,269.062891,41.969839
dzb3,4,867.575769,128.110438
dxb3,4,203.396556,29.835918
dyb3,4,221.011898,33.074851
csxxsyyszz,4,432.676515,67.451176
dyf2,4,205.576160,30.433961
dxf2,4,216.133355,32.123934
csxy,4,175.335667,27.722847
dzf2,4,1952.834049,273.430490
dyf3,4,205.975457,30.478148
csyz,4,259.028935,39.629193
dxf3,4,202.873660,29.694264
dzf3,4,868.260445,128.074775
csxz,4,258.527999,39.611493
#========================= OptEWE [OpenMP] =========================
#Source type                                  :  Force monopole
#Grid Size                                    :  768 x 768 x 768
#Iterations                                   :  5
#Compute time                                 :  54.198486
#Total effective MLUPS                        :  41.789436
#===================================================================
#Number of threads                            :  12
