dxf,0,164.020214,30.164527
dzb,0,603.175837,115.363856
dyb,0,180.028856,33.186637
cvx,0,189.943495,36.992489
dyf,0,180.014188,34.122826
dzb2,0,602.087259,115.554523
dxb,0,164.386056,30.322913
cvy,0,776.281871,129.582070
dzf,0,602.256697,115.410553
dxb2,0,164.353602,30.281532
dyb2,0,182.321591,33.571572
cvz,0,214.504638,42.213593
dzb3,0,602.132274,115.443907
dxb3,0,163.895687,30.220998
dyb3,0,181.057380,33.782041
csxxsyyszz,0,511.104536,94.270888
dyf2,0,180.494065,33.316650
dxf2,0,161.728700,30.233840
csxy,0,132.525943,26.922298
dzf2,0,920.285097,168.946922
dyf3,0,180.378013,33.340199
csyz,0,197.268311,38.408833
dxf3,0,163.505931,30.234847
dzf3,0,602.350253,115.460892
csxz,0,195.937608,38.259055
dxf,1,164.774239,30.418589
dzb,1,602.241551,115.452644
dyb,1,180.359238,33.268970
cvx,1,189.365718,36.703735
dyf,1,180.276632,33.312669
dzb2,1,602.098835,115.419179
dxb,1,164.351851,30.309673
cvy,1,220.023088,41.997525
dzf,1,603.308641,115.682185
dxb2,1,164.306141,30.277117
dyb2,1,180.531855,33.325981
cvz,1,214.638304,42.254555
dzb3,1,602.161608,115.489659
dxb3,1,164.145845,30.292571
dyb3,1,181.181765,33.809581
csxxsyyszz,1,508.688214,93.895738
dyf2,1,180.506703,33.339190
dxf2,1,161.944010,30.282411
csxy,1,132.631542,26.944988
dzf2,1,920.335800,168.969456
dyf3,1,180.222682,33.279801
csyz,1,197.114576,38.383977
dxf3,1,163.647243,30.204197
dzf3,1,602.160109,115.418214
csxz,1,195.954937,38.249880
dxf,2,163.383631,30.175099
dzb,2,602.387443,115.510033
dyb,2,180.252085,33.265175
cvx,2,189.273389,36.675434
dyf,2,180.432880,33.366450
dzb2,2,602.016853,115.461397
dxb,2,164.462364,30.341943
cvy,2,219.905038,41.997135
dzf,2,603.207122,115.680666
dxb2,2,164.420537,30.346360
dyb2,2,180.451344,33.286084
cvz,2,214.481400,42.223666
dzb3,2,602.120205,115.499662
dxb3,2,163.930270,30.235447
dyb3,2,181.097137,33.826322
csxxsyyszz,2,512.611761,94.565772
dyf2,2,180.640482,33.330773
dxf2,2,161.830715,30.263212
csxy,2,132.716943,26.964442
dzf2,2,919.721778,168.943200
dyf3,2,180.192078,33.316846
csyz,2,197.131776,38.404166
dxf3,2,163.690094,30.232567
dzf3,2,602.093703,115.470405
csxz,2,195.923630,38.273108
dxf,3,163.359356,30.179526
dzb,3,602.288580,115.504538
dyb,3,180.387441,33.539798
cvx,3,189.063968,36.659601
dyf,3,180.403584,33.337739
dzb2,3,602.060665,115.460206
dxb,3,164.426769,30.322747
cvy,3,220.032965,42.016756
dzf,3,602.582712,117.616984
dxb2,3,164.150011,31.046971
dyb2,3,180.019460,34.055081
cvz,3,213.584623,42.290499
dzb3,3,602.206477,115.731694
dxb3,3,164.084816,30.304537
dyb3,3,180.914714,33.830057
csxxsyyszz,3,512.687325,94.698533
dyf2,3,180.502995,33.373590
dxf2,3,162.053611,30.290561
csxy,3,132.664759,26.965473
dzf2,3,920.527944,169.115306
dyf3,3,180.094817,33.292926
csyz,3,197.157246,38.425228
dxf3,3,163.531008,30.231679
dzf3,3,603.010823,115.616359
csxz,3,195.845571,38.264446
dxf,4,163.430648,30.225507
dzb,4,602.269790,115.549420
dyb,4,180.421746,33.305779
cvx,4,189.173564,36.667481
dyf,4,180.360881,33.315602
dzb2,4,602.185288,115.508034
dxb,4,164.538344,30.372687
cvy,4,220.053642,42.029997
dzf,4,602.450754,115.592243
dxb2,4,164.325776,30.319961
dyb2,4,180.531376,33.344739
cvz,4,214.899364,42.322364
dzb3,4,602.190384,115.558861
dxb3,4,164.033140,30.305986
dyb3,4,181.432034,33.855043
csxxsyyszz,4,508.682846,93.921303
dyf2,4,180.632615,33.339743
dxf2,4,161.869370,30.307556
csxy,4,132.575225,26.949005
dzf2,4,920.171063,169.108375
dyf3,4,180.747323,34.791872
csyz,4,196.693114,38.395016
dxf3,4,163.671803,30.253492
dzf3,4,603.052835,115.817540
csxz,4,195.796497,38.284774
#========================= OptEWE [OpenMP] =========================
#Source type                                  :  Force monopole
#Grid Size                                    :  768 x 768 x 768
#Iterations                                   :  5
#Compute time                                 :  38.845585
#Total effective MLUPS                        :  58.305832
#===================================================================
#Number of threads                            :  10
