dxf,0,98.785618,23.321925
dzb,0,407.430354,98.959252
dyb,0,97.421228,23.724159
cvx,0,119.448050,29.536985
dyf,0,96.852452,23.694507
dzb2,0,407.330237,99.185657
dxb,0,96.500019,23.059688
cvy,0,1128.107294,230.400435
dzf,0,406.564219,99.009844
dxb2,0,96.124757,23.015013
dyb2,0,97.537489,23.851856
cvz,0,139.746942,34.492716
dzb3,0,407.491754,99.333834
dxb3,0,96.109190,23.003317
dyb3,0,102.368129,25.150446
csxxsyyszz,0,213.869066,53.060665
dyf2,0,96.949817,23.724757
dxf2,0,98.769730,23.616336
csxy,0,97.822773,24.238679
dzf2,0,468.256567,111.646684
dyf3,0,97.071878,23.779913
csyz,0,118.289498,29.121395
dxf3,0,96.121514,23.025270
dzf3,0,406.607560,99.224077
csxz,0,118.230021,29.140374
dxf,1,96.033855,23.020441
dzb,1,407.534200,99.453413
dyb,1,97.140885,23.751559
cvx,1,119.145105,29.559801
dyf,1,96.831830,23.775425
dzb2,1,407.449484,99.481304
dxb,1,96.484549,23.117894
cvy,1,123.792197,30.483951
dzf,1,406.573137,99.260270
dxb2,1,96.245541,23.073026
dyb2,1,97.556570,23.877093
cvz,1,139.746348,34.557239
dzb3,1,407.096472,99.384912
dxb3,1,96.173826,23.052154
dyb3,1,102.369073,25.180207
csxxsyyszz,1,214.064210,53.130414
dyf2,1,97.100417,23.784452
dxf2,1,98.781232,23.615011
csxy,1,97.798601,24.250595
dzf2,1,468.220526,111.739082
dyf3,1,97.088010,23.800537
csyz,1,118.294820,29.121966
dxf3,1,96.015457,23.033789
dzf3,1,406.533661,99.298211
csxz,1,118.241394,29.149459
dxf,2,96.016339,23.039267
dzb,2,407.506711,99.522427
dyb,2,97.490298,23.849425
cvx,2,119.129199,29.548102
dyf,2,97.120562,23.840154
dzb2,2,407.389780,99.503457
dxb,2,96.478180,23.127074
cvy,2,123.843514,30.493864
dzf,2,406.485061,99.282230
dxb2,2,96.174376,23.078905
dyb2,2,98.092438,23.997211
cvz,2,140.505010,34.696573
dzb3,2,407.144507,99.406842
dxb3,2,96.148208,23.054476
dyb3,2,102.789579,25.264739
csxxsyyszz,2,230.938263,56.699199
dyf2,2,96.939338,23.767077
dxf2,2,98.785293,23.643024
csxy,2,97.808998,24.263423
dzf2,2,468.168715,111.773286
dyf3,2,97.072984,23.808742
csyz,2,118.276259,29.134275
dxf3,2,96.907231,23.261690
dzf3,2,406.695177,99.370432
csxz,2,118.203834,29.145986
dxf,3,96.063079,23.055751
dzb,3,407.376803,99.516473
dyb,3,97.328657,23.824015
cvx,3,119.109014,29.556876
dyf,3,96.982275,23.831043
dzb2,3,407.417368,99.516670
dxb,3,96.487617,23.126014
cvy,3,123.815192,30.487509
dzf,3,406.543612,99.320570
dxb2,3,96.211323,23.082740
dyb2,3,97.673219,23.914276
cvz,3,139.821350,34.580124
dzb3,3,407.210627,99.485461
dxb3,3,96.190561,23.069661
dyb3,3,102.542916,25.242811
csxxsyyszz,3,213.907146,53.162640
dyf2,3,96.956261,23.781119
dxf2,3,98.787763,23.639170
csxy,3,97.764469,24.258796
dzf2,3,468.226429,111.827910
dyf3,3,96.954710,23.803617
csyz,3,118.292373,29.137629
dxf3,3,96.072535,23.056182
dzf3,3,406.599569,99.374477
csxz,3,118.191361,29.152760
dxf,4,96.014276,23.047957
dzb,4,407.435401,99.537138
dyb,4,97.280074,23.821580
cvx,4,119.203333,29.582006
dyf,4,96.928731,23.827777
dzb2,4,407.569889,99.574976
dxb,4,96.492435,23.137261
cvy,4,123.768147,30.482980
dzf,4,406.480729,99.349915
dxb2,4,96.265649,23.108175
dyb2,4,97.583044,23.900576
cvz,4,139.743472,34.549590
dzb3,4,407.069163,99.450403
dxb3,4,96.115662,23.063835
dyb3,4,102.893675,25.313327
csxxsyyszz,4,214.004311,53.160503
dyf2,4,96.994624,23.790529
dxf2,4,98.772626,23.630609
csxy,4,97.825632,24.274096
dzf2,4,468.920664,111.994090
dyf3,4,97.020079,23.790009
csyz,4,118.261957,29.139869
dxf3,4,96.028165,23.042227
dzf3,4,406.721033,99.371391
csxz,4,118.221907,29.175044
#========================= OptEWE [OpenMP] =========================
#Source type                                  :  Force monopole
#Grid Size                                    :  768 x 768 x 768
#Iterations                                   :  5
#Compute time                                 :  24.040878
#Total effective MLUPS                        :  94.211373
#===================================================================
#Number of threads                            :  24
