dxf,0,87.256743,19.057142
dzb,0,322.204060,74.206875
dyb,0,90.639540,20.030353
cvx,0,100.911946,23.146924
dyf,0,90.475646,20.076988
dzb2,0,322.156598,74.349813
dxb,0,86.118460,18.900310
cvy,0,820.219837,146.383917
dzf,0,321.255435,74.197322
dxb2,0,86.366172,18.983382
dyb2,0,91.060988,20.165113
cvz,0,116.934141,27.133055
dzb3,0,321.876978,74.420970
dxb3,0,86.304813,18.978599
dyb3,0,90.844817,20.157057
csxxsyyszz,0,241.078682,52.234209
dyf2,0,90.542171,20.126811
dxf2,0,86.380791,19.024019
csxy,0,82.997745,19.303521
dzf2,0,321.291629,74.362349
dyf3,0,90.598620,20.159546
csyz,0,99.140380,23.032101
dxf3,0,85.902809,18.958972
dzf3,0,321.706990,74.476536
csxz,0,99.178828,23.113085
dxf,1,86.042200,18.982327
dzb,1,322.259248,74.604257
dyb,1,90.554648,20.136228
cvx,1,100.754342,23.202267
dyf,1,90.504392,20.170059
dzb2,1,322.294661,74.628371
dxb,1,86.139823,19.015732
cvy,1,100.729586,23.205948
dzf,1,321.275773,74.461502
dxb2,1,86.436240,19.049368
dyb2,1,90.933044,20.201961
cvz,1,116.806288,27.166618
dzb3,1,321.798565,74.590888
dxb3,1,86.306521,19.030220
dyb3,1,90.926812,20.215896
csxxsyyszz,1,240.075028,52.174403
dyf2,1,90.633152,20.159719
dxf2,1,86.245336,19.035105
csxy,1,83.042591,19.324865
dzf2,1,321.356634,74.504370
dyf3,1,90.480767,20.147706
csyz,1,99.256413,23.106352
dxf3,1,85.830364,18.972579
dzf3,1,321.843478,74.619110
csxz,1,99.161413,23.148544
dxf,2,86.010392,19.004631
dzb,2,323.124015,74.853168
dyb,2,90.657743,20.148560
cvx,2,100.918300,23.271809
dyf,2,90.343831,20.156494
dzb2,2,322.143650,74.688730
dxb,2,86.147905,19.016171
cvy,2,100.732704,23.239750
dzf,2,321.190682,74.535627
dxb2,2,86.342339,19.038240
dyb2,2,90.885342,20.217172
cvz,2,116.861663,27.222206
dzb3,2,321.774295,74.642420
dxb3,2,86.215202,19.017065
dyb3,2,90.982770,20.230809
csxxsyyszz,2,241.113256,52.371063
dyf2,2,90.448733,20.164168
dxf2,2,86.382749,19.066660
csxy,2,82.957898,19.333757
dzf2,2,321.218052,74.541481
dyf3,2,90.598159,20.215083
csyz,2,99.252011,23.115522
dxf3,2,85.984650,19.012985
dzf3,2,321.823193,74.663477
csxz,2,99.172340,23.148149
dxf,3,85.937199,19.008913
dzb,3,322.243386,74.761085
dyb,3,90.777116,20.222945
cvx,3,100.805859,23.257492
dyf,3,90.515944,20.178414
dzb2,3,322.356175,74.781780
dxb,3,86.096164,19.021015
cvy,3,100.785052,23.266031
dzf,3,321.115551,74.578215
dxb2,3,86.438171,19.075087
dyb2,3,90.964168,20.260043
cvz,3,116.849291,27.222790
dzb3,3,321.827786,74.694434
dxb3,3,86.200458,19.029240
dyb3,3,90.938349,20.249474
csxxsyyszz,3,240.339540,52.264538
dyf2,3,90.494896,20.170894
dxf2,3,86.290833,19.059732
csxy,3,82.996229,19.356029
dzf2,3,321.374277,74.565173
dyf3,3,90.680144,20.228694
csyz,3,99.969852,23.280355
dxf3,3,85.930302,18.991584
dzf3,3,321.700976,74.671849
csxz,3,99.124755,23.159615
dxf,4,85.926088,19.015714
dzb,4,322.203903,74.770074
dyb,4,90.722736,20.164976
cvx,4,100.883253,23.272010
dyf,4,90.400795,20.181363
dzb2,4,322.264417,74.789712
dxb,4,86.151090,19.059460
cvy,4,100.699640,23.258161
dzf,4,321.421620,74.675420
dxb2,4,86.395984,19.077804
dyb2,4,90.864425,20.228445
cvz,4,116.804496,27.218416
dzb3,4,321.783150,74.713712
dxb3,4,86.166296,19.042751
dyb3,4,90.748965,20.210756
csxxsyyszz,4,244.296452,52.991226
dyf2,4,90.580220,20.192497
dxf2,4,86.242070,19.083998
csxy,4,83.035277,19.364070
dzf2,4,321.295383,74.620353
dyf3,4,90.463330,20.177132
csyz,4,99.233204,23.144302
dxf3,4,85.976200,19.019640
dzf3,4,321.736161,74.691222
csxz,4,99.205774,23.307348
#========================= OptEWE [OpenMP] =========================
#Source type                                  :  Force monopole
#Grid Size                                    :  768 x 768 x 768
#Iterations                                   :  5
#Compute time                                 :  19.887115
#Total effective MLUPS                        :  113.889024
#===================================================================
#Number of threads                            :  23
