dxf,0,226.221136,31.568018
dzb,0,761.004138,109.722232
dyb,0,294.107613,40.303920
cvx,0,393.681021,54.688397
dyf,0,294.367691,40.388290
dzb2,0,760.957435,109.697579
dxb,0,234.947230,32.689770
cvy,0,1361.535211,173.111381
dzf,0,760.819993,109.670402
dxb2,0,235.787824,32.808333
dyb2,0,294.614992,40.389375
cvz,0,402.845902,57.108765
dzb3,0,761.140080,109.689710
dxb3,0,235.331963,32.741303
dyb3,0,295.631823,41.052011
csxxsyyszz,0,1080.729760,144.597418
dyf2,0,295.367502,40.507240
dxf2,0,228.087871,32.224973
csxy,0,174.504518,26.571039
dzf2,0,1210.535290,169.235851
dyf3,0,294.658211,40.420809
csyz,0,259.280564,38.318761
dxf3,0,225.038752,31.427355
dzf3,0,761.094054,109.737939
csxz,0,255.504654,37.911123
dxf,1,225.954499,31.550638
dzb,1,761.346801,109.770640
dyb,1,294.994238,40.462794
cvx,1,395.597956,54.688800
dyf,1,294.496768,40.422416
dzb2,1,761.543091,109.769747
dxb,1,235.236419,32.725901
cvy,1,392.564960,54.939913
dzf,1,760.574482,109.667950
dxb2,1,235.790331,32.782939
dyb2,1,294.699589,40.413667
cvz,1,403.666353,57.518093
dzb3,1,761.439653,109.977880
dxb3,1,235.476260,32.767837
dyb3,1,296.147078,41.108418
csxxsyyszz,1,1076.213073,144.030600
dyf2,1,295.610560,40.529003
dxf2,1,227.918018,32.249652
csxy,1,174.590382,26.581137
dzf2,1,1210.518895,169.226192
dyf3,1,295.160669,40.508689
csyz,1,259.486472,38.348943
dxf3,1,225.049732,31.485275
dzf3,1,761.622104,109.816571
csxz,1,255.551573,37.900062
dxf,2,226.037326,31.584006
dzb,2,762.790409,109.925558
dyb,2,294.938634,40.420293
cvx,2,394.750129,54.869020
dyf,2,294.801276,40.460603
dzb2,2,761.150768,109.944385
dxb,2,235.193006,32.663296
cvy,2,392.353881,54.888215
dzf,2,760.403709,109.548650
dxb2,2,235.651624,32.735440
dyb2,2,294.613567,40.367532
cvz,2,403.259864,57.157106
dzb3,2,761.181294,109.687169
dxb3,2,235.531312,32.730528
dyb3,2,299.407247,41.506945
csxxsyyszz,2,1080.846679,144.582219
dyf2,2,295.247844,40.533576
dxf2,2,227.804833,32.233761
csxy,2,174.565564,26.589509
dzf2,2,1211.056100,169.310356
dyf3,2,294.668895,40.441314
csyz,2,259.101711,38.301759
dxf3,2,225.054531,31.510856
dzf3,2,762.647113,109.948331
csxz,2,255.484122,37.912675
dxf,3,225.874917,31.607811
dzb,3,761.493883,109.833763
dyb,3,294.189970,40.355458
cvx,3,394.202188,54.760506
dyf,3,294.671454,40.436190
dzb2,3,761.341703,109.752692
dxb,3,235.037205,32.726823
cvy,3,392.590141,54.952903
dzf,3,760.206123,109.578173
dxb2,3,235.684618,32.766998
dyb2,3,294.552141,40.347796
cvz,3,403.156393,57.143062
dzb3,3,762.762779,109.927692
dxb3,3,235.301486,32.724777
dyb3,3,295.241094,41.018008
csxxsyyszz,3,1080.848152,144.518859
dyf2,3,295.952138,41.511272
dxf2,3,227.371183,33.329983
csxy,3,174.502139,26.856969
dzf2,3,1210.675909,169.961737
dyf3,3,294.669264,40.368693
csyz,3,259.386483,38.335284
dxf3,3,225.128067,31.515573
dzf3,3,760.523570,109.771519
csxz,3,255.260978,37.886886
dxf,4,225.866057,31.517269
dzb,4,761.469098,109.660779
dyb,4,294.890601,40.389924
cvx,4,394.700429,54.691923
dyf,4,294.694590,40.362455
dzb2,4,761.064130,109.544481
dxb,4,235.123395,32.637879
cvy,4,392.394229,54.879419
dzf,4,762.181630,109.702899
dxb2,4,235.588734,32.708438
dyb2,4,294.308828,40.288118
cvz,4,402.806546,57.070657
dzb3,4,761.423582,109.788571
dxb3,4,235.414057,32.719822
dyb3,4,295.358369,41.033307
csxxsyyszz,4,1080.908234,144.435485
dyf2,4,295.055294,40.445424
dxf2,4,227.791465,32.221798
csxy,4,177.953497,27.024698
dzf2,4,1211.429879,169.357493
dyf3,4,294.812513,40.417325
csyz,4,259.524508,38.359287
dxf3,4,224.846019,31.446357
dzf3,4,760.906347,109.702946
csxz,4,255.530692,37.935744
#========================= OptEWE [OpenMP] =========================
#Source type                                  :  Force monopole
#Grid Size                                    :  768 x 768 x 768
#Iterations                                   :  5
#Compute time                                 :  56.634781
#Total effective MLUPS                        :  39.991753
#===================================================================
#Number of threads                            :  7
