dxf,0,143.916956,24.297400
dzb,0,539.053494,94.157124
dyb,0,156.268297,26.507504
cvx,0,170.846742,29.667983
dyf,0,155.577822,26.457767
dzb2,0,539.051866,94.351760
dxb,0,144.429951,24.449344
cvy,0,874.086341,129.132658
dzf,0,540.152382,94.377799
dxb2,0,144.129334,24.384758
dyb2,0,156.060848,26.503675
cvz,0,193.643574,34.023672
dzb3,0,538.598889,94.327364
dxb3,0,144.869017,24.540786
dyb3,0,164.212895,27.849789
csxxsyyszz,0,439.090875,72.913477
dyf2,0,155.684256,26.472149
dxf2,0,154.585961,26.098519
csxy,0,120.143294,21.912487
dzf2,0,1335.109307,203.531891
dyf3,0,155.432789,26.412188
csyz,0,181.971636,31.520246
dxf3,0,143.156942,24.296447
dzf3,0,538.833577,94.338905
csxz,0,180.636336,31.363603
dxf,1,143.460812,24.361995
dzb,1,538.874717,94.398998
dyb,1,156.247420,26.537091
cvx,1,170.802162,29.696736
dyf,1,155.443593,26.469593
dzb2,1,539.020250,94.433655
dxb,1,144.561664,24.498746
cvy,1,166.576578,29.219068
dzf,1,537.916847,94.337664
dxb2,1,143.782045,24.391136
dyb2,1,156.339111,26.570474
cvz,1,193.628490,34.046218
dzb3,1,538.696331,94.414011
dxb3,1,145.041371,24.573042
dyb3,1,164.138587,27.852760
csxxsyyszz,1,437.226741,72.673133
dyf2,1,155.609111,26.455283
dxf2,1,154.520637,26.094548
csxy,1,120.110760,21.912583
dzf2,1,1334.347889,203.941611
dyf3,1,155.302314,26.398796
csyz,1,181.710878,31.494938
dxf3,1,143.088152,24.293530
dzf3,1,538.964245,94.602944
csxz,1,180.831532,31.469778
dxf,2,143.259682,24.388602
dzb,2,538.867813,94.634416
dyb,2,157.133247,26.918209
cvx,2,170.707415,30.029121
dyf,2,155.530616,26.681425
dzb2,2,538.885087,95.172842
dxb,2,144.355237,24.619983
cvy,2,166.674382,29.322289
dzf,2,538.073350,94.579342
dxb2,2,143.878005,24.479850
dyb2,2,156.235289,26.590405
cvz,2,195.455812,34.331019
dzb3,2,538.722111,94.433868
dxb3,2,144.989280,24.595916
dyb3,2,163.705612,27.845456
csxxsyyszz,2,439.204413,73.199115
dyf2,2,155.492086,26.480945
dxf2,2,154.578499,26.126986
csxy,2,120.162922,21.945492
dzf2,2,1334.876106,203.652780
dyf3,2,155.294386,26.461742
csyz,2,181.668316,31.511014
dxf3,2,143.020541,24.305477
dzf3,2,538.884824,94.475114
csxz,2,180.836293,31.440550
dxf,3,143.407001,24.369176
dzb,3,541.166259,94.783449
dyb,3,156.035508,26.561835
cvx,3,170.586432,29.682410
dyf,3,155.453243,26.504530
dzb2,3,539.201562,94.562098
dxb,3,144.402509,24.515540
cvy,3,166.517187,29.229093
dzf,3,537.892600,94.380439
dxb2,3,143.936655,24.445655
dyb2,3,156.282528,26.591768
cvz,3,193.595947,34.061096
dzb3,3,538.796559,94.503043
dxb3,3,145.030949,24.620113
dyb3,3,163.924977,27.841911
csxxsyyszz,3,436.990280,72.653124
dyf2,3,155.495259,26.487181
dxf2,3,154.761819,26.163427
csxy,3,120.161558,21.933916
dzf2,3,1333.053273,203.920948
dyf3,3,155.271967,26.434804
csyz,3,181.695907,31.505374
dxf3,3,143.014286,24.304414
dzf3,3,538.658318,94.404107
csxz,3,180.587910,31.404559
dxf,4,143.429914,24.381601
dzb,4,539.102403,94.517055
dyb,4,156.143672,26.574936
cvx,4,170.992931,29.742828
dyf,4,155.414843,26.487094
dzb2,4,539.047582,94.519027
dxb,4,144.479044,24.552407
cvy,4,166.644306,29.251159
dzf,4,537.872870,94.375481
dxb2,4,143.949714,24.452340
dyb2,4,156.379159,26.617613
cvz,4,193.457140,34.051432
dzb3,4,540.784111,94.758569
dxb3,4,145.133945,24.624022
dyb3,4,163.784622,27.831349
csxxsyyszz,4,437.248727,72.730572
dyf2,4,155.422503,26.472560
dxf2,4,154.680372,26.166142
csxy,4,120.097472,21.924187
dzf2,4,1334.492178,203.735797
dyf3,4,155.403424,26.459164
csyz,4,181.721507,31.503855
dxf3,4,143.038144,24.306496
dzf3,4,538.739748,94.414637
csxz,4,180.748913,31.434785
#========================= OptEWE [OpenMP] =========================
#Source type                                  :  Force monopole
#Grid Size                                    :  768 x 768 x 768
#Iterations                                   :  5
#Compute time                                 :  37.200878
#Total effective MLUPS                        :  60.883621
#===================================================================
#Number of threads                            :  14
