dxf,0,464.942827,67.486923
dzb,0,1607.812085,237.223474
dyb,0,619.263438,88.780536
cvx,0,863.767518,124.381895
dyf,0,621.068179,89.053125
dzb2,0,1603.237804,236.597313
dxb,0,487.005926,70.472196
cvy,0,2003.328593,278.868828
dzf,0,1600.217486,236.257697
dxb2,0,487.096926,70.476399
dyb2,0,618.490953,88.675764
cvz,0,879.089276,127.566103
dzb3,0,1603.973694,236.727898
dxb3,0,491.932004,71.114357
dyb3,0,624.726360,90.050785
csxxsyyszz,0,2389.537445,338.179628
dyf2,0,620.637779,89.240501
dxf2,0,468.161743,68.329823
csxy,0,376.885649,57.056174
dzf2,0,1943.723330,288.292137
dyf3,0,620.190666,88.966573
csyz,0,453.342549,69.775395
dxf3,0,467.792621,70.957606
dzf3,0,1604.603894,236.794218
csxz,0,440.467121,66.792428
dxf,1,465.314792,67.561439
dzb,1,1604.816995,236.915100
dyb,1,618.693286,88.719492
cvx,1,862.337857,124.269719
dyf,1,622.733519,89.388579
dzb2,1,1602.339470,236.608293
dxb,1,487.056008,70.530987
cvy,1,854.149007,123.647420
dzf,1,1606.474953,237.257637
dxb2,1,487.335800,70.526034
dyb2,1,618.297370,88.663591
cvz,1,877.693223,127.373978
dzb3,1,1603.867486,236.836011
dxb3,1,492.079337,71.175190
dyb3,1,623.405711,89.952455
csxxsyyszz,1,2394.887807,339.110257
dyf2,1,620.549825,88.982802
dxf2,1,466.716779,68.156355
csxy,1,376.938995,57.092046
dzf2,1,1944.835741,288.455936
dyf3,1,620.590050,88.969114
csyz,1,453.469374,68.666224
dxf3,1,469.397831,68.074394
dzf3,1,1603.999400,236.783285
csxz,1,438.992680,69.549160
dxf,2,465.208938,70.119288
dzb,2,1606.033671,237.871758
dyb,2,619.062806,88.767473
cvx,2,863.814802,124.411298
dyf,2,621.068799,89.121377
dzb2,2,1604.671639,236.930860
dxb,2,487.194004,70.509997
cvy,2,854.113873,123.673266
dzf,2,1600.969304,236.380438
dxb2,2,487.155923,70.531384
dyb2,2,618.318054,88.698720
cvz,2,877.527837,127.338495
dzb3,2,1605.980291,237.186519
dxb3,2,492.223054,71.172562
dyb3,2,624.935831,90.144870
csxxsyyszz,2,2394.859950,339.141546
dyf2,2,620.754309,88.997528
dxf2,2,466.206935,68.102820
csxy,2,376.916206,57.089966
dzf2,2,1941.935722,288.150697
dyf3,2,620.764198,89.059450
csyz,2,452.611303,68.448485
dxf3,2,469.416548,68.118469
dzf3,2,1605.586195,237.075736
csxz,2,438.273333,66.761104
dxf,3,466.455939,67.827476
dzb,3,1606.259267,240.567536
dyb,3,618.936235,89.317238
cvx,3,862.216426,124.254091
dyf,3,620.561977,89.119108
dzb2,3,1604.093329,236.621364
dxb,3,487.015934,70.470905
cvy,3,852.911026,123.549502
dzf,3,1604.015991,237.267517
dxb2,3,487.166838,70.469329
dyb2,3,618.370175,88.639872
cvz,3,877.536804,127.305853
dzb3,3,1606.294809,236.997905
dxb3,3,491.157267,71.099122
dyb3,3,624.130938,90.050701
csxxsyyszz,3,2386.022925,337.862536
dyf2,3,619.632345,88.840284
dxf2,3,466.044099,68.097456
csxy,3,376.908125,57.103449
dzf2,3,1943.562311,288.597637
dyf3,3,620.177238,89.032822
csyz,3,452.616710,68.462637
dxf3,3,468.797515,68.080245
dzf3,3,1604.412940,237.207727
csxz,3,438.085974,66.787698
dxf,4,464.306255,67.522433
dzb,4,1604.945212,237.446441
dyb,4,618.726197,88.842344
cvx,4,863.045212,124.412703
dyf,4,620.973970,92.083848
dzb2,4,1603.619632,243.437447
dxb,4,486.258091,70.557243
cvy,4,854.032608,123.693550
dzf,4,1601.613987,236.385679
dxb2,4,487.502554,70.525243
dyb2,4,617.886413,88.665076
cvz,4,876.306117,127.326252
dzb3,4,1604.603479,237.367158
dxb3,4,491.151410,71.614207
dyb3,4,630.893446,91.151498
csxxsyyszz,4,2392.118933,339.041133
dyf2,4,620.106276,89.014409
dxf2,4,466.080033,68.115529
csxy,4,376.729055,57.112073
dzf2,4,1943.859453,288.331941
dyf3,4,620.747766,89.020417
csyz,4,451.671428,68.460250
dxf3,4,469.886869,68.130601
dzf3,4,1602.971442,236.992926
csxz,4,438.042510,66.829110
#========================= OptEWE [OpenMP] =========================
#Source type                                  :  Force monopole
#Grid Size                                    :  768 x 768 x 768
#Iterations                                   :  5
#Compute time                                 :  115.205780
#Total effective MLUPS                        :  19.659814
#===================================================================
#Number of threads                            :  2
