dxf,0,212.645731,31.912509
dzb,0,759.299904,116.747471
dyb,0,273.406655,40.400182
cvx,0,351.757985,52.805673
dyf,0,274.634961,40.629430
dzb2,0,760.233319,117.378974
dxb,0,220.073513,34.499744
cvy,0,1101.612640,156.338230
dzf,0,758.831025,116.760878
dxb2,0,222.282943,33.252510
dyb2,0,273.561544,40.445576
cvz,0,362.572276,55.545772
dzb3,0,759.135216,116.819659
dxb3,0,220.470734,32.968071
dyb3,0,276.664799,41.279780
csxxsyyszz,0,967.127497,139.153699
dyf2,0,276.089988,40.806447
dxf2,0,216.373000,32.810533
csxy,0,176.018181,28.509877
dzf2,0,1213.395360,180.361853
dyf3,0,274.715515,40.608874
csyz,0,256.844613,40.430004
dxf3,0,212.970264,31.999901
dzf3,0,758.181082,116.678953
csxz,0,253.559623,40.025131
dxf,1,212.234863,31.933412
dzb,1,759.034037,116.782396
dyb,1,275.037964,40.681788
cvx,1,351.879880,52.664480
dyf,1,274.626804,40.551731
dzb2,1,759.619203,116.867561
dxb,1,221.126274,33.054907
cvy,1,353.162096,53.263931
dzf,1,759.930498,116.974246
dxb2,1,221.125693,33.050605
dyb2,1,273.233291,40.395181
cvz,1,361.868157,55.518848
dzb3,1,759.166988,116.851982
dxb3,1,220.407096,32.990945
dyb3,1,276.625455,41.269059
csxxsyyszz,1,967.116047,139.173635
dyf2,1,274.870223,40.555681
dxf2,1,216.439213,32.790788
csxy,1,175.954611,28.503776
dzf2,1,1213.404277,180.326602
dyf3,1,274.662681,40.561258
csyz,1,256.903148,40.488259
dxf3,1,212.637163,31.988602
dzf3,1,758.093758,116.777732
csxz,1,253.554703,40.067981
dxf,2,212.253872,31.919287
dzb,2,758.953458,116.981064
dyb,2,273.368588,40.497816
cvx,2,351.505182,52.821369
dyf,2,274.657637,40.615743
dzb2,2,761.004670,117.168161
dxb,2,220.712500,33.073693
cvy,2,352.126282,53.217570
dzf,2,758.142345,116.839209
dxb2,2,221.026844,33.057141
dyb2,2,273.634109,40.419115
cvz,2,362.252539,55.504377
dzb3,2,759.983931,117.247242
dxb3,2,220.528969,33.485634
dyb3,2,278.481107,41.687253
csxxsyyszz,2,967.464984,139.302224
dyf2,2,274.790433,40.592321
dxf2,2,216.540604,32.826636
csxy,2,176.053922,28.499841
dzf2,2,1212.874739,180.367782
dyf3,2,274.124668,40.564366
csyz,2,256.999825,40.512336
dxf3,2,213.000083,31.960290
dzf3,2,758.394957,116.551581
csxz,2,253.845910,40.119101
dxf,3,212.183965,31.898239
dzb,3,758.675155,116.836096
dyb,3,272.930765,40.345068
cvx,3,351.617159,52.754650
dyf,3,274.632606,40.617888
dzb2,3,760.857764,117.055393
dxb,3,221.109128,33.359343
cvy,3,353.038875,53.277046
dzf,3,758.524312,116.613005
dxb2,3,221.173531,33.094700
dyb2,3,273.588073,40.479095
cvz,3,362.449663,55.586235
dzb3,3,761.612751,117.338519
dxb3,3,220.139539,32.992669
dyb3,3,276.605626,41.288115
csxxsyyszz,3,967.406137,139.313469
dyf2,3,274.920386,40.673773
dxf2,3,216.447791,32.847565
csxy,3,176.131891,28.517657
dzf2,3,1213.583789,180.339795
dyf3,3,274.721497,40.596072
csyz,3,256.765101,40.429928
dxf3,3,213.071080,31.997329
dzf3,3,758.363983,116.677414
csxz,3,253.754348,40.063581
dxf,4,212.383779,31.929643
dzb,4,759.107461,116.819254
dyb,4,273.260446,40.366405
cvx,4,353.197913,52.848231
dyf,4,274.559814,40.546440
dzb2,4,759.774644,116.862772
dxb,4,221.311750,33.103225
cvy,4,352.942359,53.243198
dzf,4,758.417259,116.671765
dxb2,4,221.370924,33.086887
dyb2,4,273.547867,40.412842
cvz,4,364.018315,55.754849
dzb3,4,759.449601,116.867290
dxb3,4,220.433754,32.968747
dyb3,4,276.536277,41.255009
csxxsyyszz,4,967.087210,139.130686
dyf2,4,274.910703,40.617059
dxf2,4,216.923379,32.915012
csxy,4,175.996793,28.525027
dzf2,4,1212.988581,180.302904
dyf3,4,275.485189,41.048908
csyz,4,257.090328,41.082090
dxf3,4,212.888268,32.508983
dzf3,4,757.852047,117.948835
csxz,4,253.910176,40.222091
#========================= OptEWE [OpenMP] =========================
#Source type                                  :  Force monopole
#Grid Size                                    :  768 x 768 x 768
#Iterations                                   :  5
#Compute time                                 :  54.168156
#Total effective MLUPS                        :  41.812835
#===================================================================
#Number of threads                            :  5
