dxf,0,213.701280,30.305698
dzb,0,937.336119,131.710196
dyb,0,215.937360,30.960765
cvx,0,269.700896,38.812297
dyf,0,216.609472,31.122955
dzb2,0,937.357319,131.651533
dxb,0,213.270445,30.322841
cvy,0,1087.695887,140.232737
dzf,0,936.040358,131.402649
dxb2,0,212.817067,30.270741
dyb2,0,216.168551,31.044852
cvz,0,313.691591,45.080095
dzb3,0,937.041747,131.064220
dxb3,0,213.063072,30.315158
dyb3,0,233.411652,33.337143
csxxsyyszz,0,498.073288,72.467171
dyf2,0,216.294046,31.102190
dxf2,0,227.041253,32.240477
csxy,0,182.294945,27.250617
dzf2,0,1990.916675,260.700387
dyf3,0,215.845944,31.010447
csyz,0,268.685650,38.755416
dxf3,0,213.008579,30.315578
dzf3,0,938.049133,131.452614
csxz,0,266.796846,38.649579
dxf,1,212.901152,30.382312
dzb,1,937.297137,131.278118
dyb,1,215.836616,30.992571
cvx,1,268.119078,38.653957
dyf,1,216.349270,31.114225
dzb2,1,937.210797,131.970181
dxb,1,213.248852,30.306257
cvy,1,248.996840,36.448530
dzf,1,935.847007,131.729202
dxb2,1,212.803190,30.244280
dyb2,1,216.590701,31.065489
cvz,1,313.692694,45.087597
dzb3,1,936.973878,131.491494
dxb3,1,213.171153,30.323844
dyb3,1,233.646512,33.377025
csxxsyyszz,1,490.154598,71.477266
dyf2,1,216.244518,31.093828
dxf2,1,227.045809,32.230837
csxy,1,182.349697,27.251864
dzf2,1,1993.496824,260.812205
dyf3,1,217.126535,31.177982
csyz,1,269.078193,38.828305
dxf3,1,212.746731,30.276891
dzf3,1,936.146554,131.683032
csxz,1,266.691186,38.658902
dxf,2,212.782536,30.395587
dzb,2,938.696508,132.825802
dyb,2,216.380804,31.026823
cvx,2,269.276332,39.151387
dyf,2,216.206558,31.273584
dzb2,2,937.050730,131.486102
dxb,2,213.524024,30.364233
cvy,2,248.847961,36.431465
dzf,2,936.083717,131.218501
dxb2,2,212.765290,30.265365
dyb2,2,216.593664,31.134717
cvz,2,313.642087,45.110443
dzb3,2,936.788035,132.010209
dxb3,2,213.170563,30.331320
dyb3,2,233.810726,33.421501
csxxsyyszz,2,498.244492,72.520979
dyf2,2,216.333313,31.100890
dxf2,2,227.437185,32.293597
csxy,2,182.399166,27.277348
dzf2,2,1992.418038,260.919575
dyf3,2,216.290861,31.056713
csyz,2,268.839932,38.761863
dxf3,2,213.050163,30.299696
dzf3,2,936.423737,131.918441
csxz,2,266.916020,38.570609
dxf,3,212.921422,30.300011
dzb,3,937.181993,131.896385
dyb,3,216.336160,31.063962
cvx,3,268.300759,38.678162
dyf,3,216.357459,31.122722
dzb2,3,937.878782,131.878588
dxb,3,213.392683,30.388234
cvy,3,248.802124,36.477874
dzf,3,935.919213,131.787935
dxb2,3,212.646333,30.363834
dyb2,3,216.526388,31.196312
cvz,3,313.849310,45.259062
dzb3,3,937.212899,131.436495
dxb3,3,213.206845,30.361894
dyb3,3,233.755764,33.404941
csxxsyyszz,3,490.432044,71.527693
dyf2,3,217.311513,31.250685
dxf2,3,227.395381,32.323657
csxy,3,182.395441,27.276544
dzf2,3,1990.734307,260.904737
dyf3,3,215.943029,31.054871
csyz,3,268.451605,38.743531
dxf3,3,212.939762,30.315183
dzf3,3,936.289806,131.356441
csxz,3,266.916184,38.583207
dxf,4,212.908918,30.313031
dzb,4,937.410631,131.407197
dyb,4,215.848239,31.024205
cvx,4,268.193421,38.696336
dyf,4,215.931883,31.087225
dzb2,4,937.445257,131.191167
dxb,4,213.369270,30.405244
cvy,4,249.243730,36.520412
dzf,4,936.219119,132.490971
dxb2,4,212.779863,30.463563
dyb2,4,216.169277,31.241914
cvz,4,313.613227,45.148605
dzb3,4,938.089504,131.950020
dxb3,4,213.098199,30.337130
dyb3,4,233.770556,33.407428
csxxsyyszz,4,492.399228,71.791357
dyf2,4,216.161276,31.108259
dxf2,4,226.997834,32.253479
csxy,4,182.311275,27.249714
dzf2,4,1992.026325,260.682088
dyf3,4,216.087014,31.057675
csyz,4,268.842942,38.782211
dxf3,4,212.851330,30.276485
dzf3,4,936.321187,131.715332
csxz,4,266.747381,38.554558
#========================= OptEWE [OpenMP] =========================
#Source type                                  :  Force monopole
#Grid Size                                    :  768 x 768 x 768
#Iterations                                   :  5
#Compute time                                 :  57.477177
#Total effective MLUPS                        :  39.405627
#===================================================================
#Number of threads                            :  13
