dxf,0,323.528008,48.857954
dzb,0,1047.781356,162.668426
dyb,0,434.729346,64.596068
cvx,0,627.182352,93.213479
dyf,0,434.977760,64.603923
dzb2,0,1046.641711,162.564526
dxb,0,339.362001,51.063157
cvy,0,1706.452487,241.398080
dzf,0,1044.848649,162.286168
dxb2,0,338.845838,50.986705
dyb2,0,434.144094,64.527278
cvz,0,635.941355,96.447817
dzb3,0,1046.005388,162.519839
dxb3,0,338.690394,50.977635
dyb3,0,436.230575,65.317684
csxxsyyszz,0,1719.758287,249.947899
dyf2,0,435.223788,64.687375
dxf2,0,324.311639,49.414622
csxy,0,250.309841,40.473834
dzf2,0,1384.550210,214.023261
dyf3,0,435.476257,64.724276
csyz,0,303.890634,49.176353
dxf3,0,325.039909,49.172474
dzf3,0,1046.609963,162.713266
csxz,0,303.346682,49.203452
dxf,1,323.448939,48.941058
dzb,1,1045.944591,162.599675
dyb,1,436.304246,64.864643
cvx,1,627.195595,93.299830
dyf,1,435.017728,64.653513
dzb2,1,1046.182197,162.573889
dxb,1,340.797687,51.337010
cvy,1,622.610420,93.458162
dzf,1,1044.462374,162.339505
dxb2,1,338.453898,50.975884
dyb2,1,434.180278,64.532158
cvz,1,636.917752,98.275758
dzb3,1,1046.178041,164.156736
dxb3,1,338.908040,51.032447
dyb3,1,437.878565,65.529548
csxxsyyszz,1,1711.390291,249.189734
dyf2,1,435.222863,64.678896
dxf2,1,324.088576,49.560946
csxy,1,250.382020,40.489603
dzf2,1,1384.349804,214.477330
dyf3,1,435.214897,64.714686
csyz,1,303.788001,49.175183
dxf3,1,324.912222,49.196668
dzf3,1,1045.115429,162.881285
csxz,1,303.232547,49.196248
dxf,2,323.529957,48.977830
dzb,2,1045.863041,163.007041
dyb,2,434.499047,64.661130
cvx,2,627.390715,93.340326
dyf,2,434.935389,64.841283
dzb2,2,1047.847611,163.140829
dxb,2,339.431706,51.103756
cvy,2,623.111427,93.769668
dzf,2,1044.453933,162.688174
dxb2,2,338.518243,51.041705
dyb2,2,433.592835,64.584523
cvz,2,636.042124,96.801148
dzb3,2,1045.595088,162.612377
dxb3,2,339.481673,51.229127
dyb3,2,436.264980,65.542462
csxxsyyszz,2,1717.848726,250.031551
dyf2,2,436.327330,65.127082
dxf2,2,324.556042,49.557889
csxy,2,250.407772,40.491159
dzf2,2,1385.071701,214.456303
dyf3,2,436.945903,65.078502
csyz,2,303.839356,49.194206
dxf3,2,325.058003,49.196335
dzf3,2,1045.054756,162.901275
csxz,2,303.354132,49.271423
dxf,3,323.774458,48.981221
dzb,3,1046.617372,163.125874
dyb,3,434.468974,64.667367
cvx,3,627.009774,93.294616
dyf,3,436.641217,64.928323
dzb2,3,1046.229491,162.699039
dxb,3,339.253220,51.129986
cvy,3,622.577190,93.520769
dzf,3,1044.802482,162.515726
dxb2,3,338.622664,50.923121
dyb2,3,433.937462,64.488716
cvz,3,635.872315,96.632375
dzb3,3,1047.622267,162.760823
dxb3,3,338.748770,50.993769
dyb3,3,435.256228,65.166795
csxxsyyszz,3,1719.958090,249.996926
dyf2,3,435.076291,64.618784
dxf2,3,324.091198,49.514374
csxy,3,250.583851,40.510185
dzf2,3,1385.028337,214.078742
dyf3,3,435.298405,64.722247
csyz,3,303.840761,49.180486
dxf3,3,325.035416,49.151169
dzf3,3,1044.953718,162.442347
csxz,3,303.277328,49.201152
dxf,4,323.824677,48.975866
dzb,4,1045.942843,162.588289
dyb,4,434.642133,64.599682
cvx,4,629.129144,93.546068
dyf,4,435.068262,64.649947
dzb2,4,1046.068562,162.701712
dxb,4,339.585137,51.138309
cvy,4,622.831492,93.389163
dzf,4,1046.647849,162.614791
dxb2,4,338.739746,50.928772
dyb2,4,434.010355,64.451531
cvz,4,638.067572,96.190304
dzb3,4,1046.283774,162.418455
dxb3,4,338.601221,50.922012
dyb3,4,436.294633,65.299260
csxxsyyszz,4,1718.924863,250.605497
dyf2,4,434.877558,64.632803
dxf2,4,324.394357,49.439788
csxy,4,250.414188,40.492569
dzf2,4,1385.078434,214.085237
dyf3,4,435.623179,64.731036
csyz,4,303.774532,49.165658
dxf3,4,324.947314,49.076014
dzf3,4,1045.230955,162.484991
csxz,4,303.271468,49.239435
#========================= OptEWE [OpenMP] =========================
#Source type                                  :  Force monopole
#Grid Size                                    :  768 x 768 x 768
#Iterations                                   :  5
#Compute time                                 :  79.476440
#Total effective MLUPS                        :  28.498057
#===================================================================
#Number of threads                            :  4
