dxf,0,141.886459,22.736560
dzb,0,611.178108,98.000613
dyb,0,143.293126,23.307985
cvx,0,174.569034,28.491823
dyf,0,143.152123,23.352923
dzb2,0,611.153170,98.139432
dxb,0,139.136091,22.416575
cvy,0,1318.952085,179.914177
dzf,0,609.798630,97.937051
dxb2,0,139.006331,22.420932
dyb2,0,143.446312,23.383108
cvz,0,206.138020,33.670489
dzb3,0,610.990638,98.197649
dxb3,0,138.794941,22.420463
dyb3,0,143.293985,23.377919
csxxsyyszz,0,365.561458,58.912917
dyf2,0,143.352302,23.416598
dxf2,0,139.206942,22.475503
csxy,0,141.232769,23.282295
dzf2,0,609.675052,98.030832
dyf3,0,143.122639,23.383648
csyz,0,172.194718,28.246984
dxf3,0,138.885120,22.435278
dzf3,0,609.985231,98.156954
csxz,0,172.233445,28.282290
dxf,1,139.003484,22.438957
dzb,1,612.025208,98.398126
dyb,1,143.020204,23.333746
cvx,1,174.548400,28.562093
dyf,1,143.251563,23.413603
dzb2,1,611.364769,98.302939
dxb,1,139.262496,22.494843
cvy,1,174.412191,28.501280
dzf,1,609.859644,98.091704
dxb2,1,139.009327,22.422401
dyb2,1,143.067022,23.325104
cvz,1,206.044628,33.680619
dzb3,1,611.048573,98.290600
dxb3,1,139.164615,22.465091
dyb3,1,143.269725,23.382360
csxxsyyszz,1,365.661393,58.942473
dyf2,1,144.614925,23.590680
dxf2,1,139.153704,22.464564
csxy,1,141.103349,23.264907
dzf2,1,609.755181,98.104716
dyf3,1,143.082912,23.387765
csyz,1,172.142806,28.256771
dxf3,1,138.856772,22.431939
dzf3,1,609.975327,98.129030
csxz,1,172.181326,28.252827
dxf,2,138.880069,22.418467
dzb,2,611.902553,98.908106
dyb,2,142.972927,23.443960
cvx,2,174.602525,28.696321
dyf,2,143.265563,23.524205
dzb2,2,611.107847,98.485685
dxb,2,138.994749,22.453856
cvy,2,174.587135,28.531604
dzf,2,609.757492,98.128415
dxb2,2,139.165183,22.487020
dyb2,2,143.457803,23.414663
cvz,2,206.022509,33.661403
dzb3,2,610.969324,98.270844
dxb3,2,138.803636,22.425214
dyb3,2,143.235550,23.372213
csxxsyyszz,2,366.086082,59.028022
dyf2,2,143.405871,23.423865
dxf2,2,139.144715,22.495185
csxy,2,141.249838,23.312643
dzf2,2,609.831278,98.157632
dyf3,2,143.132633,23.409835
csyz,2,172.257597,28.277346
dxf3,2,138.797538,22.423981
dzf3,2,610.247045,98.196550
csxz,2,172.146542,28.266412
dxf,3,138.891050,22.445537
dzb,3,611.270595,98.345633
dyb,3,142.913550,23.348128
cvx,3,177.498174,28.986616
dyf,3,143.352975,23.434627
dzb2,3,611.167004,98.368847
dxb,3,139.114233,22.479404
cvy,3,174.476990,28.508647
dzf,3,609.680551,98.082730
dxb2,3,138.963967,22.470969
dyb2,3,143.338560,23.422138
cvz,3,206.036150,33.699044
dzb3,3,610.969035,98.407317
dxb3,3,138.719659,22.442611
dyb3,3,143.392547,23.414148
csxxsyyszz,3,365.602676,58.992032
dyf2,3,143.663001,23.477382
dxf2,3,139.243350,22.529894
csxy,3,141.133532,23.314667
dzf2,3,609.701510,98.218321
dyf3,3,143.165990,23.448367
csyz,3,172.123934,28.287059
dxf3,3,138.734656,22.435623
dzf3,3,610.026837,98.219053
csxz,3,172.175667,28.292716
dxf,4,138.954255,22.449300
dzb,4,611.145027,98.344124
dyb,4,143.030431,23.353909
cvx,4,174.692533,28.585554
dyf,4,143.049245,23.402116
dzb2,4,610.969049,98.318594
dxb,4,139.058434,22.478524
cvy,4,174.445346,28.540398
dzf,4,609.866168,98.255825
dxb2,4,139.193063,22.505222
dyb2,4,143.403351,23.449909
cvz,4,206.184076,33.731541
dzb3,4,610.878013,98.376312
dxb3,4,138.714280,22.441121
dyb3,4,143.400019,23.434529
csxxsyyszz,4,370.729933,59.698356
dyf2,4,143.472600,23.455172
dxf2,4,140.843061,22.724333
csxy,4,141.241773,23.300694
dzf2,4,609.424065,98.116150
dyf3,4,143.095832,23.414548
csyz,4,172.269235,28.294355
dxf3,4,138.854602,22.442498
dzf3,4,609.870920,98.175242
csxz,4,172.167384,28.346579
#========================= OptEWE [OpenMP] =========================
#Source type                                  :  Force monopole
#Grid Size                                    :  768 x 768 x 768
#Iterations                                   :  5
#Compute time                                 :  34.974113
#Total effective MLUPS                        :  64.760016
#===================================================================
#Number of threads                            :  20
