dxf,0,340.182677,43.595727
dzb,0,1263.603486,163.587701
dyb,0,441.530302,55.881115
cvx,0,561.264496,71.692316
dyf,0,444.575027,56.234254
dzb2,0,1263.246910,163.625297
dxb,0,353.078268,45.140309
cvy,0,1540.398901,186.172362
dzf,0,1264.037162,163.519328
dxb2,0,352.714512,45.116694
dyb2,0,441.796362,55.932739
cvz,0,576.404555,75.267413
dzb3,0,1262.342383,163.661962
dxb3,0,353.308873,45.075493
dyb3,0,447.181551,56.916425
csxxsyyszz,0,1555.676447,200.503908
dyf2,0,443.648960,56.159352
dxf2,0,343.706062,44.374195
csxy,0,302.189409,40.403667
dzf2,0,1757.860898,226.062505
dyf3,0,443.276913,56.027461
csyz,0,378.386761,50.681794
dxf3,0,343.065576,43.967706
dzf3,0,1262.874995,163.358097
csxz,0,372.110574,49.996885
dxf,1,339.762369,43.594076
dzb,1,1265.375153,163.833245
dyb,1,441.953690,55.917865
cvx,1,561.371005,71.714396
dyf,1,442.768704,56.042649
dzb2,1,1262.715679,163.645550
dxb,1,354.496986,45.326198
cvy,1,554.144039,72.216752
dzf,1,1261.162568,163.696625
dxb2,1,352.784917,45.193964
dyb2,1,441.523985,56.056228
cvz,1,576.360243,75.468289
dzb3,1,1263.829968,164.084339
dxb3,1,353.299254,45.240217
dyb3,1,447.438403,57.000313
csxxsyyszz,1,1544.321760,192.833814
dyf2,1,442.549265,55.984349
dxf2,1,344.014161,44.393982
csxy,1,302.158049,40.410035
dzf2,1,1757.623299,226.105766
dyf3,1,444.510543,56.269950
csyz,1,378.285231,50.674541
dxf3,1,343.084613,43.959082
dzf3,1,1262.793440,163.503898
csxz,1,371.861011,50.006831
dxf,2,340.309390,43.621046
dzb,2,1262.522053,166.601342
dyb,2,441.395747,55.891860
cvx,2,560.397808,71.648902
dyf,2,442.443454,56.064385
dzb2,2,1262.667367,163.713711
dxb,2,352.640372,45.104720
cvy,2,553.484417,71.373185
dzf,2,1261.325826,163.470519
dxb2,2,352.274922,45.062828
dyb2,2,441.032874,55.842053
cvz,2,578.235390,75.031274
dzb3,2,1263.752545,163.750857
dxb3,2,352.886488,45.169220
dyb3,2,447.136104,56.938773
csxxsyyszz,2,1553.997647,193.979125
dyf2,2,442.037957,55.983011
dxf2,2,343.621739,44.374389
csxy,2,302.202870,40.398757
dzf2,2,1757.192658,226.272514
dyf3,2,442.536259,56.031169
csyz,2,378.150764,50.708026
dxf3,2,342.828438,43.955413
dzf3,2,1261.570704,163.508998
csxz,2,371.689312,50.028334
dxf,3,339.811228,43.608193
dzb,3,1265.305707,163.800036
dyb,3,441.904060,55.932409
cvx,3,561.046744,71.715823
dyf,3,442.721796,56.034344
dzb2,3,1264.978451,163.809210
dxb,3,353.177589,45.106373
cvy,3,554.257516,71.448751
dzf,3,1262.101194,163.429245
dxb2,3,352.661396,45.366052
dyb2,3,441.606877,55.874483
cvz,3,575.858539,75.351013
dzb3,3,1260.385727,167.767123
dxb3,3,351.046616,48.222914
dyb3,3,445.569822,59.262405
csxxsyyszz,3,1543.695464,192.742613
dyf2,3,442.696792,55.927235
dxf2,3,343.541358,44.328783
csxy,3,302.536056,40.375003
dzf2,3,1758.046931,226.005043
dyf3,3,443.050993,55.988950
csyz,3,378.387858,50.664515
dxf3,3,342.893867,43.828115
dzf3,3,1262.849271,163.301068
csxz,3,371.846178,49.956735
dxf,4,342.428132,43.796457
dzb,4,1266.347033,164.046740
dyb,4,441.347439,56.063079
cvx,4,560.207828,71.657133
dyf,4,441.997422,56.036641
dzb2,4,1263.894491,164.079978
dxb,4,352.312402,45.109049
cvy,4,553.701912,71.336633
dzf,4,1261.328769,163.931790
dxb2,4,352.173788,45.075384
dyb2,4,442.583568,56.175466
cvz,4,576.679307,75.041016
dzb3,4,1262.114092,163.805355
dxb3,4,352.792126,45.310367
dyb3,4,447.358519,57.209955
csxxsyyszz,4,1548.380375,193.645439
dyf2,4,442.048733,56.199053
dxf2,4,343.306292,44.394851
csxy,4,302.109232,40.409593
dzf2,4,1757.601756,227.092708
dyf3,4,442.580656,56.314400
csyz,4,378.430979,50.831620
dxf3,4,343.059217,44.008903
dzf3,4,1261.357230,164.791499
csxz,4,372.026945,51.311815
#========================= OptEWE [OpenMP] =========================
#Source type                                  :  Force monopole
#Grid Size                                    :  768 x 768 x 768
#Iterations                                   :  5
#Compute time                                 :  86.537682
#Total effective MLUPS                        :  26.172693
#===================================================================
#Number of threads                            :  3
