dxf,0,166.849252,25.520859
dzb,0,678.591484,104.827163
dyb,0,173.251472,26.762649
cvx,0,207.014891,32.365267
dyf,0,172.492189,26.719808
dzb2,0,678.644603,104.764510
dxb,0,167.609425,25.666680
cvy,0,899.700556,122.527529
dzf,0,676.715144,104.866890
dxb2,0,167.131967,25.630280
dyb2,0,173.691250,26.852915
cvz,0,238.754973,37.363909
dzb3,0,678.382067,104.859908
dxb3,0,167.821724,25.710114
dyb3,0,186.754433,28.732119
csxxsyyszz,0,452.972187,69.744620
dyf2,0,172.444390,26.744861
dxf2,0,179.724213,27.488123
csxy,0,146.773796,23.844047
dzf2,0,1614.623692,225.007447
dyf3,0,172.996951,26.787931
csyz,0,218.156016,33.937762
dxf3,0,166.565997,25.586718
dzf3,0,677.846107,105.052792
csxz,0,216.366808,33.726424
dxf,1,166.362325,25.578578
dzb,1,678.800254,104.851677
dyb,1,173.204286,26.810291
cvx,1,207.080801,32.438365
dyf,1,172.174737,26.704400
dzb2,1,678.767001,104.677223
dxb,1,167.474250,25.723400
cvy,1,196.755114,31.212639
dzf,1,676.927436,105.119939
dxb2,1,167.004574,25.641007
dyb2,1,173.536957,26.852612
cvz,1,238.862581,37.408119
dzb3,1,677.568705,105.097490
dxb3,1,167.884691,25.765705
dyb3,1,186.724744,28.765169
csxxsyyszz,1,454.519675,69.914544
dyf2,1,172.392969,26.722767
dxf2,1,179.957123,27.526479
csxy,1,145.629929,23.677494
dzf2,1,1613.624619,225.006833
dyf3,1,173.067949,26.784737
csyz,1,218.081602,33.937709
dxf3,1,166.489596,25.593191
dzf3,1,678.045488,105.256214
csxz,1,216.463980,33.737474
dxf,2,166.277539,25.557129
dzb,2,678.519603,105.231777
dyb,2,172.978610,26.781487
cvx,2,206.958780,32.446509
dyf,2,172.415669,26.748209
dzb2,2,678.577055,105.142893
dxb,2,167.513741,25.722527
cvy,2,196.830094,31.265540
dzf,2,676.950875,104.620858
dxb2,2,167.054140,25.651706
dyb2,2,173.512125,26.894503
cvz,2,238.941010,37.557295
dzb3,2,677.569384,105.409561
dxb3,2,167.802344,25.763989
dyb3,2,186.746162,28.780141
csxxsyyszz,2,454.565411,69.952980
dyf2,2,172.525300,26.744767
dxf2,2,179.867517,27.503084
csxy,2,145.769905,23.698021
dzf2,2,1615.188960,224.893206
dyf3,2,172.824991,26.767884
csyz,2,218.105665,33.940587
dxf3,2,166.705379,25.604035
dzf3,2,679.510285,104.851378
csxz,2,216.943713,33.822569
dxf,3,166.314397,25.574798
dzb,3,678.413053,105.406804
dyb,3,173.308696,26.820263
cvx,3,207.133134,32.455854
dyf,3,172.269885,26.743166
dzb2,3,678.731234,105.403465
dxb,3,167.848838,25.760451
cvy,3,197.002040,31.258605
dzf,3,677.654835,105.300722
dxb2,3,167.208937,25.730140
dyb2,3,173.378314,26.928624
cvz,3,238.935777,37.530712
dzb3,3,678.618616,104.845451
dxb3,3,167.939179,25.762143
dyb3,3,186.622821,28.762001
csxxsyyszz,3,454.549852,69.967033
dyf2,3,172.490507,26.742224
dxf2,3,179.474878,27.466597
csxy,3,145.710002,23.712320
dzf2,3,1614.884355,225.012419
dyf3,3,173.208612,26.795495
csyz,3,218.048740,33.934825
dxf3,3,166.774256,25.620446
dzf3,3,678.056591,104.930501
csxz,3,216.656270,33.758997
dxf,4,166.452978,25.589048
dzb,4,678.700556,104.697418
dyb,4,174.009108,26.883171
cvx,4,207.332614,32.608137
dyf,4,172.399106,26.769914
dzb2,4,678.423485,105.384481
dxb,4,167.586729,25.716505
cvy,4,196.682561,31.212677
dzf,4,676.813864,105.109041
dxb2,4,167.123700,25.646565
dyb2,4,173.067590,26.789131
cvz,4,238.718644,37.375879
dzb3,4,677.712041,104.908125
dxb3,4,168.044834,25.754600
dyb3,4,186.337171,28.692702
csxxsyyszz,4,454.752592,69.949124
dyf2,4,172.480764,26.722746
dxf2,4,179.796887,27.497996
csxy,4,145.712078,23.690479
dzf2,4,1613.884990,224.995548
dyf3,4,173.059608,26.771084
csyz,4,218.141320,33.934360
dxf3,4,166.765250,25.641894
dzf3,4,677.884636,105.230356
csxz,4,216.533487,33.748757
#========================= OptEWE [OpenMP] =========================
#Source type                                  :  Force monopole
#Grid Size                                    :  768 x 768 x 768
#Iterations                                   :  5
#Compute time                                 :  44.450161
#Total effective MLUPS                        :  50.954240
#===================================================================
#Number of threads                            :  13
