dxf,0,166.712732,28.275049
dzb,0,611.294297,107.800575
dyb,0,186.347563,31.586902
cvx,0,199.933422,35.380879
dyf,0,185.490415,31.474722
dzb2,0,611.111134,107.952704
dxb,0,167.439474,28.429166
cvy,0,881.403118,134.681737
dzf,0,610.703536,107.953073
dxb2,0,168.016367,28.570812
dyb2,0,185.899981,31.522969
cvz,0,219.190853,39.710612
dzb3,0,610.593647,108.193425
dxb3,0,167.538516,28.540285
dyb3,0,190.775883,33.021615
csxxsyyszz,0,541.875120,91.880138
dyf2,0,185.442747,31.489690
dxf2,0,172.982177,29.954001
csxy,0,133.883387,25.222514
dzf2,0,1446.859207,234.568671
dyf3,0,186.352662,31.655171
csyz,0,196.137262,35.438808
dxf3,0,166.926961,29.092239
dzf3,0,611.563429,110.822923
csxz,0,194.223933,35.393966
dxf,1,166.363461,28.673682
dzb,1,611.464498,108.361382
dyb,1,185.981602,31.671821
cvx,1,200.114233,35.525105
dyf,1,185.634118,31.636346
dzb2,1,611.452713,108.372260
dxb,1,167.573326,28.547950
cvy,1,249.361414,43.562618
dzf,1,610.680674,108.318110
dxb2,1,168.028119,28.673256
dyb2,1,186.057013,31.620537
cvz,1,219.231163,39.717543
dzb3,1,610.834267,108.302435
dxb3,1,167.982038,28.638079
dyb3,1,189.503696,32.809687
csxxsyyszz,1,541.832993,91.946712
dyf2,1,185.542010,31.700769
dxf2,1,173.110293,29.973675
csxy,1,133.791814,25.197581
dzf2,1,1446.425020,234.612655
dyf3,1,186.287606,31.677067
csyz,1,195.922693,35.431798
dxf3,1,167.188294,28.452306
dzf3,1,611.512804,108.219683
csxz,1,195.524751,35.391468
dxf,2,166.237323,28.324662
dzb,2,611.621953,108.301109
dyb,2,185.480382,31.569479
cvx,2,199.890373,35.459408
dyf,2,185.613042,31.573944
dzb2,2,611.439260,108.255044
dxb,2,167.650930,28.580267
cvy,2,248.677000,43.453196
dzf,2,610.756061,108.164696
dxb2,2,167.815076,28.589383
dyb2,2,186.058178,31.601313
cvz,2,219.269976,39.733505
dzb3,2,610.756798,108.213727
dxb3,2,167.832215,28.580634
dyb3,2,189.415769,32.797191
csxxsyyszz,2,541.687577,91.915551
dyf2,2,185.557263,31.563339
dxf2,2,173.127497,29.974305
csxy,2,133.870749,25.208977
dzf2,2,1446.520846,234.578124
dyf3,2,185.847057,31.591514
csyz,2,195.668487,35.388309
dxf3,2,167.192122,28.477814
dzf3,2,613.598357,108.551782
csxz,2,196.266617,35.531071
dxf,3,166.385230,28.351968
dzb,3,611.444559,108.328922
dyb,3,186.035473,31.685403
cvx,3,200.271838,35.543541
dyf,3,185.442215,31.605129
dzb2,3,611.005169,108.279981
dxb,3,167.571492,28.563874
cvy,3,248.520465,43.450199
dzf,3,610.667712,108.274900
dxb2,3,167.993150,28.636494
dyb2,3,185.994415,31.601519
cvz,3,219.356099,39.760525
dzb3,3,610.645414,108.216068
dxb3,3,167.773764,28.655808
dyb3,3,189.446104,32.811866
csxxsyyszz,3,541.844110,91.989261
dyf2,3,185.576879,31.610217
dxf2,3,172.920906,29.937676
csxy,3,133.836414,25.201272
dzf2,3,1446.223569,234.532787
dyf3,3,186.400272,31.679122
csyz,3,196.667222,35.598132
dxf3,3,167.071228,28.453267
dzf3,3,611.970111,108.276403
csxz,3,195.283720,35.373365
dxf,4,166.390294,28.355802
dzb,4,611.326383,108.231195
dyb,4,189.314343,32.102781
cvx,4,199.978264,35.476118
dyf,4,185.604821,31.575771
dzb2,4,611.139464,108.240224
dxb,4,167.825816,28.619638
cvy,4,248.720849,43.468444
dzf,4,610.564765,108.185938
dxb2,4,167.763382,28.581445
dyb2,4,185.813559,31.585447
cvz,4,219.414566,39.762932
dzb3,4,610.618998,108.197543
dxb3,4,167.687552,28.576339
dyb3,4,189.493709,32.793324
csxxsyyszz,4,541.666376,91.915445
dyf2,4,185.647483,31.575087
dxf2,4,172.928893,29.928624
csxy,4,133.831288,25.205388
dzf2,4,1446.774009,234.634790
dyf3,4,186.418138,31.692570
csyz,4,196.015196,35.436304
dxf3,4,167.117122,28.448970
dzf3,4,611.676268,108.271062
csxz,4,195.271586,35.404424
#========================= OptEWE [OpenMP] =========================
#Source type                                  :  Force monopole
#Grid Size                                    :  768 x 768 x 768
#Iterations                                   :  5
#Compute time                                 :  42.469780
#Total effective MLUPS                        :  53.330254
#===================================================================
#Number of threads                            :  12
