dxf,0,94.861066,17.527064
dzb,0,372.782584,71.033022
dyb,0,104.193748,19.341210
cvx,0,118.522621,22.264968
dyf,0,104.131151,19.372200
dzb2,0,372.768824,71.134680
dxb,0,93.776607,17.413452
cvy,0,1090.762561,162.480916
dzf,0,372.112588,71.029600
dxb2,0,93.524056,17.414425
dyb2,0,104.629554,19.444810
cvz,0,133.585222,25.545823
dzb3,0,372.377590,71.147889
dxb3,0,93.696842,17.445982
dyb3,0,104.459486,19.409262
csxxsyyszz,0,311.992600,55.423166
dyf2,0,104.430528,19.436885
dxf2,0,93.632751,17.425054
csxy,0,93.505051,18.059516
dzf2,0,372.084240,71.127781
dyf3,0,104.156053,19.388870
csyz,0,112.488071,21.678005
dxf3,0,93.164617,17.364291
dzf3,0,372.327354,71.201631
csxz,0,112.439188,21.718763
dxf,1,93.336998,17.398384
dzb,1,372.720074,71.270629
dyb,1,104.380782,19.419625
cvx,1,118.402000,22.325313
dyf,1,104.225979,19.425854
dzb2,1,372.714644,71.278684
dxb,1,93.686952,17.457207
cvy,1,117.281888,22.157899
dzf,1,371.883261,71.165418
dxb2,1,93.440311,17.421331
dyb2,1,104.515915,19.454380
cvz,1,133.490242,25.567954
dzb3,1,372.570669,71.246418
dxb3,1,93.686033,17.460487
dyb3,1,104.518481,19.452885
csxxsyyszz,1,315.479683,56.016924
dyf2,1,104.219880,19.402595
dxf2,1,93.529903,17.451080
csxy,1,93.536328,18.068634
dzf2,1,372.240231,71.191316
dyf3,1,104.170940,19.421615
csyz,1,112.502790,21.678744
dxf3,1,93.219520,17.400649
dzf3,1,372.303660,71.252224
csxz,1,112.520142,21.715770
dxf,2,93.287232,17.408502
dzb,2,372.823133,71.341798
dyb,2,106.430610,19.778970
cvx,2,125.298238,23.578143
dyf,2,104.227071,19.479523
dzb2,2,372.767466,71.325539
dxb,2,93.762166,17.488617
cvy,2,117.347612,22.150347
dzf,2,373.114987,71.387591
dxb2,2,93.516824,17.432889
dyb2,2,104.649356,19.475146
cvz,2,133.565572,25.559256
dzb3,2,372.410698,71.278435
dxb3,2,93.885993,17.492937
dyb3,2,104.567796,19.462064
csxxsyyszz,2,312.209558,55.538872
dyf2,2,104.163017,19.426279
dxf2,2,93.712591,17.473945
csxy,2,93.471325,18.076001
dzf2,2,372.184996,71.228021
dyf3,2,104.143912,19.422962
csyz,2,112.423008,21.672246
dxf3,2,93.427137,17.428586
dzf3,2,372.464115,71.279696
csxz,2,112.487320,21.736694
dxf,3,93.333446,17.411108
dzb,3,372.799243,71.368252
dyb,3,104.202027,19.410330
cvx,3,118.599501,22.381208
dyf,3,104.165232,19.423990
dzb2,3,372.634405,71.305808
dxb,3,93.759827,17.484850
cvy,3,117.335817,22.169320
dzf,3,371.996224,71.224809
dxb2,3,93.543285,17.438068
dyb2,3,104.551116,19.491262
cvz,3,133.618796,25.589607
dzb3,3,372.713700,71.335806
dxb3,3,93.705974,17.478630
dyb3,3,104.539601,19.456077
csxxsyyszz,3,311.950595,55.509639
dyf2,3,104.242526,19.435576
dxf2,3,93.595296,17.455276
csxy,3,93.566741,18.100362
dzf2,3,372.074038,71.214496
dyf3,3,104.148768,19.424973
csyz,3,112.520847,21.699250
dxf3,3,93.092050,17.388492
dzf3,3,374.037923,71.571558
csxz,3,112.652815,21.758668
dxf,4,93.234559,17.416583
dzb,4,372.859096,71.372108
dyb,4,104.467911,19.463184
cvx,4,118.472617,22.333198
dyf,4,104.287338,19.468035
dzb2,4,372.711635,71.368048
dxb,4,93.755073,17.493339
cvy,4,117.210791,22.168845
dzf,4,372.036899,71.261726
dxb2,4,93.494152,17.450068
dyb2,4,104.509749,19.480838
cvz,4,133.446997,25.587472
dzb3,4,372.554598,71.310584
dxb3,4,93.675870,17.476219
dyb3,4,104.504834,19.466613
csxxsyyszz,4,311.997735,55.573848
dyf2,4,104.218152,19.436193
dxf2,4,93.641842,17.458412
csxy,4,93.536018,18.085804
dzf2,4,372.189838,71.243627
dyf3,4,104.115598,19.458935
csyz,4,112.469726,21.708506
dxf3,4,93.204611,17.398480
dzf3,4,372.444028,71.314191
csxz,4,112.510396,21.819921
#========================= OptEWE [OpenMP] =========================
#Source type                                  :  Force monopole
#Grid Size                                    :  768 x 768 x 768
#Iterations                                   :  5
#Compute time                                 :  23.098839
#Total effective MLUPS                        :  98.053594
#===================================================================
#Number of threads                            :  23
