dxf,0,182.291597,26.192280
dzb,0,735.450854,107.354118
dyb,0,196.253623,28.288274
cvx,0,206.364538,31.407343
dyf,0,195.541016,28.237561
dzb2,0,735.164801,107.510493
dxb,0,183.099575,26.319079
cvy,0,985.254487,128.057500
dzf,0,733.979074,107.411094
dxb2,0,184.923466,26.608970
dyb2,0,196.718611,28.409569
cvz,0,246.925489,37.747613
dzb3,0,734.169579,107.486763
dxb3,0,184.553186,26.536589
dyb3,0,206.211968,30.270280
csxxsyyszz,0,548.785786,79.986275
dyf2,0,195.577229,28.274932
dxf2,0,195.344817,28.536456
csxy,0,157.849384,24.676127
dzf2,0,1745.327066,237.960903
dyf3,0,195.908620,28.351184
csyz,0,233.713217,35.209517
dxf3,0,182.021999,26.214629
dzf3,0,735.157303,107.635705
csxz,0,232.732954,35.107243
dxf,1,181.762980,26.241533
dzb,1,735.302313,107.651324
dyb,1,196.018109,28.337733
cvx,1,206.285176,31.446464
dyf,1,195.466771,28.267893
dzb2,1,734.704761,107.635992
dxb,1,183.136378,26.368173
cvy,1,301.504293,44.021740
dzf,1,734.013053,107.526427
dxb2,1,183.851432,26.472991
dyb2,1,196.195909,28.349565
cvz,1,249.636569,38.100034
dzb3,1,734.353560,107.527044
dxb3,1,184.822421,26.588592
dyb3,1,206.601189,30.305563
csxxsyyszz,1,548.330980,79.998746
dyf2,1,195.477386,28.268063
dxf2,1,195.240662,28.490765
csxy,1,157.849652,24.701608
dzf2,1,1745.100931,238.053937
dyf3,1,196.233763,28.336576
csyz,1,233.439763,35.175646
dxf3,1,182.153851,26.236341
dzf3,1,735.414097,107.649853
csxz,1,232.905953,35.126621
dxf,2,182.019977,26.261451
dzb,2,735.233361,107.699464
dyb,2,196.264886,28.331653
cvx,2,206.699091,31.497264
dyf,2,195.481307,28.253126
dzb2,2,736.342925,107.917139
dxb,2,183.088751,26.341893
cvy,2,302.854953,44.526651
dzf,2,733.421488,113.083612
dxb2,2,183.705221,27.520779
dyb2,2,196.055486,28.344251
cvz,2,246.534527,37.717545
dzb3,2,735.915878,107.807180
dxb3,2,184.774267,26.616186
dyb3,2,206.221794,30.270731
csxxsyyszz,2,549.160456,80.121113
dyf2,2,195.368335,28.275847
dxf2,2,194.821060,28.457665
csxy,2,157.897237,24.722834
dzf2,2,1744.367340,238.014596
dyf3,2,196.271260,28.335919
csyz,2,233.007248,35.121256
dxf3,2,182.245442,26.289276
dzf3,2,735.202564,107.611407
csxz,2,232.667355,35.100828
dxf,3,181.824049,26.224641
dzb,3,735.275273,107.685650
dyb,3,196.057970,28.289654
cvx,3,206.799038,31.519329
dyf,3,195.405154,28.247823
dzb2,3,735.252870,107.655059
dxb,3,183.200400,26.378257
cvy,3,301.613026,44.034256
dzf,3,734.216123,107.580117
dxb2,3,183.849542,26.497687
dyb2,3,196.084927,28.316940
cvz,3,246.607756,37.731856
dzb3,3,735.780084,107.773185
dxb3,3,184.572135,26.551346
dyb3,3,206.527910,30.288360
csxxsyyszz,3,546.793309,79.752870
dyf2,3,195.568081,28.273237
dxf2,3,194.710840,28.435233
csxy,3,157.911393,24.719464
dzf2,3,1745.021064,238.093984
dyf3,3,196.334566,28.339357
csyz,3,232.976641,35.121228
dxf3,3,182.128757,26.257596
dzf3,3,735.084530,107.593881
csxz,3,232.769933,35.114065
dxf,4,181.559059,26.200807
dzb,4,735.174029,107.586033
dyb,4,196.319382,28.307172
cvx,4,206.692492,31.487563
dyf,4,195.527722,28.318393
dzb2,4,735.195691,107.699308
dxb,4,183.228473,26.439249
cvy,4,301.685499,44.221567
dzf,4,733.906092,107.978677
dxb2,4,183.485558,26.490851
dyb2,4,195.886846,28.296078
cvz,4,246.499606,37.918571
dzb3,4,734.271897,107.671718
dxb3,4,184.939113,26.624644
dyb3,4,207.568532,30.449260
csxxsyyszz,4,548.057136,79.998279
dyf2,4,195.526676,28.263901
dxf2,4,194.881369,28.458396
csxy,4,157.831515,24.705098
dzf2,4,1744.688166,238.546006
dyf3,4,196.277008,28.378879
csyz,4,233.827916,35.568210
dxf3,4,181.984755,27.356137
dzf3,4,734.430374,111.366360
csxz,4,231.319901,35.311233
#========================= OptEWE [OpenMP] =========================
#Source type                                  :  Force monopole
#Grid Size                                    :  768 x 768 x 768
#Iterations                                   :  5
#Compute time                                 :  48.904411
#Total effective MLUPS                        :  46.313290
#===================================================================
#Number of threads                            :  12
