dxf,0,197.149928,33.602297
dzb,0,680.898673,122.405261
dyb,0,252.106532,43.059720
cvx,0,323.811147,53.899360
dyf,0,254.531253,41.705840
dzb2,0,683.103490,117.886956
dxb,0,204.034474,33.911816
cvy,0,1048.724493,158.359142
dzf,0,682.695754,117.864824
dxb2,0,203.952459,33.922889
dyb2,0,252.646258,41.396810
cvz,0,331.809869,56.528368
dzb3,0,684.138395,118.063984
dxb3,0,203.938503,33.908879
dyb3,0,254.763512,42.161743
csxxsyyszz,0,889.052462,141.719798
dyf2,0,253.096292,41.473921
dxf2,0,199.255168,33.622822
csxy,0,154.154165,28.102378
dzf2,0,1081.377181,179.525582
dyf3,0,254.620610,41.721973
csyz,0,227.455308,40.229543
dxf3,0,196.982024,32.948725
dzf3,0,682.103520,117.755721
csxz,0,225.960410,40.068528
dxf,1,196.230638,32.817467
dzb,1,682.729239,117.843655
dyb,1,252.212033,41.390327
cvx,1,325.369573,53.789087
dyf,1,253.066206,41.489955
dzb2,1,682.959636,117.847228
dxb,1,203.990853,33.915469
cvy,1,323.640150,54.254411
dzf,1,683.052510,117.900594
dxb2,1,204.072046,33.945428
dyb2,1,252.847470,41.453794
cvz,1,331.986031,56.545793
dzb3,1,684.416256,118.084623
dxb3,1,204.174007,33.934884
dyb3,1,254.785313,42.166222
csxxsyyszz,1,888.740094,141.884107
dyf2,1,253.260106,41.507965
dxf2,1,199.407530,33.626582
csxy,1,154.154455,28.108730
dzf2,1,1080.486594,179.814634
dyf3,1,252.855414,41.422743
csyz,1,227.399705,40.210275
dxf3,1,197.055793,32.944584
dzf3,1,682.394758,117.982085
csxz,1,225.974905,40.161314
dxf,2,196.341332,32.897584
dzb,2,683.290211,118.030152
dyb,2,253.034667,41.453403
cvx,2,323.666599,53.935303
dyf,2,254.798658,41.854909
dzb2,2,683.276791,118.230572
dxb,2,204.005514,33.934608
cvy,2,323.953217,54.303030
dzf,2,682.977532,118.059129
dxb2,2,204.243222,34.078006
dyb2,2,252.963224,41.617553
cvz,2,332.211474,56.711183
dzb3,2,683.231311,118.717422
dxb3,2,205.032552,35.644463
dyb3,2,254.253059,42.636300
csxxsyyszz,2,890.072057,141.905995
dyf2,2,253.502553,41.516137
dxf2,2,199.103215,33.583437
csxy,2,154.193869,28.112210
dzf2,2,1081.086738,179.526776
dyf3,2,252.751475,41.431712
csyz,2,227.331542,40.225645
dxf3,2,196.924641,32.930299
dzf3,2,682.309972,117.792609
csxz,2,225.942380,40.063589
dxf,3,196.091383,32.801235
dzb,3,682.733485,117.870340
dyb,3,252.165132,41.376674
cvx,3,323.457531,53.543790
dyf,3,253.165475,41.518392
dzb2,3,684.225643,118.039892
dxb,3,203.922931,33.924693
cvy,3,323.505987,54.242745
dzf,3,682.986686,117.904817
dxb2,3,204.105275,33.984890
dyb2,3,252.710768,41.453768
cvz,3,331.828124,56.543436
dzb3,3,682.769740,117.869861
dxb3,3,203.931784,33.912736
dyb3,3,256.697550,42.418399
csxxsyyszz,3,889.399419,141.739170
dyf2,3,253.665896,41.562659
dxf2,3,199.359830,33.647178
csxy,3,154.267792,28.131250
dzf2,3,1081.345324,179.475487
dyf3,3,252.991676,41.453158
csyz,3,227.701047,40.260825
dxf3,3,197.123970,32.909920
dzf3,3,682.540732,117.725550
csxz,3,226.002070,40.063079
dxf,4,196.221936,32.763860
dzb,4,682.983469,117.783816
dyb,4,252.762866,41.434077
cvx,4,323.903766,53.623887
dyf,4,253.108817,41.521012
dzb2,4,684.513065,118.086483
dxb,4,203.954101,33.943185
cvy,4,323.756649,54.297973
dzf,4,682.948100,117.893913
dxb2,4,204.244258,33.977048
dyb2,4,252.806182,41.485344
cvz,4,332.220853,56.582482
dzb3,4,682.937178,117.751371
dxb3,4,204.183703,33.913079
dyb3,4,254.909948,42.145650
csxxsyyszz,4,888.820580,141.714823
dyf2,4,253.394324,41.541514
dxf2,4,199.251741,33.646902
csxy,4,154.198368,28.121432
dzf2,4,1081.201693,179.558844
dyf3,4,252.399362,41.421318
csyz,4,227.579598,40.254383
dxf3,4,196.854907,32.906459
dzf3,4,682.473508,117.781430
csxz,4,225.835004,40.095542
#========================= OptEWE [OpenMP] =========================
#Source type                                  :  Force monopole
#Grid Size                                    :  768 x 768 x 768
#Iterations                                   :  5
#Compute time                                 :  49.216698
#Total effective MLUPS                        :  46.019426
#===================================================================
#Number of threads                            :  6
