dxf,0,168.135235,28.483344
dzb,0,651.225331,113.397475
dyb,0,172.943832,29.670800
cvx,0,178.317993,32.719865
dyf,0,172.769414,29.742279
dzb2,0,650.977895,113.455360
dxb,0,167.912586,28.512848
cvy,0,740.282746,115.016814
dzf,0,651.084531,113.519402
dxb2,0,168.118909,28.549928
dyb2,0,172.834841,29.682148
cvz,0,226.050978,40.964551
dzb3,0,651.127969,113.590543
dxb3,0,167.640412,28.489198
dyb3,0,175.371965,30.408829
csxxsyyszz,0,413.437617,73.768228
dyf2,0,174.318523,30.761771
dxf2,0,167.637170,28.837684
csxy,0,144.452425,26.663592
dzf2,0,1000.231967,167.753845
dyf3,0,172.889250,29.762163
csyz,0,220.094789,38.920590
dxf3,0,167.575048,28.496434
dzf3,0,651.256787,113.542703
csxz,0,218.617667,38.736938
dxf,1,167.632741,28.503021
dzb,1,651.157302,113.539818
dyb,1,172.727675,29.683970
cvx,1,178.251877,32.735832
dyf,1,173.062286,29.769556
dzb2,1,651.028783,113.572741
dxb,1,167.839671,28.539943
cvy,1,230.195454,40.626272
dzf,1,651.027368,113.577105
dxb2,1,167.881835,28.566360
dyb2,1,173.212353,29.732271
cvz,1,225.995242,40.995113
dzb3,1,651.805003,113.674465
dxb3,1,167.617924,28.546001
dyb3,1,175.175788,30.424669
csxxsyyszz,1,412.406270,73.030151
dyf2,1,173.107417,29.745047
dxf2,1,167.680173,28.870011
csxy,1,144.421369,26.666267
dzf2,1,1000.019418,167.796418
dyf3,1,172.955087,29.757593
csyz,1,219.738889,38.888562
dxf3,1,167.413769,28.459349
dzf3,1,651.725200,113.640212
csxz,1,218.942813,38.806244
dxf,2,167.620498,28.537141
dzb,2,651.204985,113.585280
dyb,2,172.856796,29.664808
cvx,2,178.325983,32.759473
dyf,2,172.983376,29.738849
dzb2,2,652.009477,113.688542
dxb,2,167.975243,28.586975
cvy,2,230.172742,40.619535
dzf,2,651.117375,113.605521
dxb2,2,167.963364,28.549671
dyb2,2,172.998398,29.750380
cvz,2,226.319995,41.035264
dzb3,2,651.182447,113.600420
dxb3,2,167.615889,28.504618
dyb3,2,175.436950,30.444876
csxxsyyszz,2,412.268299,72.959662
dyf2,2,173.176429,29.801807
dxf2,2,167.560564,28.841113
csxy,2,144.311674,26.661705
dzf2,2,1000.477676,167.937837
dyf3,2,172.886224,29.745620
csyz,2,219.936428,38.941684
dxf3,2,167.553720,28.527755
dzf3,2,651.158016,113.607003
csxz,2,218.735958,38.777535
dxf,3,167.571732,28.519419
dzb,3,651.100897,113.591429
dyb,3,172.573316,29.686701
cvx,3,178.344816,32.781882
dyf,3,172.848209,29.774717
dzb2,3,651.356956,113.678494
dxb,3,167.782574,28.553193
cvy,3,230.273506,40.657665
dzf,3,651.038044,113.635423
dxb2,3,168.021275,28.589931
dyb2,3,173.194445,29.757650
cvz,3,226.055258,41.015272
dzb3,3,651.212272,113.655362
dxb3,3,167.602248,28.544819
dyb3,3,175.462910,30.475527
csxxsyyszz,3,410.443441,72.751223
dyf2,3,172.926175,29.748395
dxf2,3,167.523231,28.863434
csxy,3,144.387608,26.684140
dzf2,3,996.966686,168.279581
dyf3,3,172.470260,30.526492
csyz,3,218.690268,38.978557
dxf3,3,167.126715,29.259536
dzf3,3,650.714017,114.874600
csxz,3,218.499022,38.762967
dxf,4,167.524409,28.566628
dzb,4,651.670528,113.734093
dyb,4,172.960112,29.709377
cvx,4,178.639041,32.835840
dyf,4,172.936386,29.753009
dzb2,4,650.954537,113.685788
dxb,4,167.749442,28.605994
cvy,4,230.195950,40.652281
dzf,4,651.104068,113.655422
dxb2,4,167.989222,28.591964
dyb2,4,173.097494,29.780434
cvz,4,227.037110,41.187654
dzb3,4,651.273293,113.683964
dxb3,4,167.611514,28.514908
dyb3,4,175.530152,30.539518
csxxsyyszz,4,409.656536,72.580222
dyf2,4,172.724401,29.757113
dxf2,4,167.841186,28.925416
csxy,4,144.473630,26.698182
dzf2,4,1000.582869,167.975841
dyf3,4,172.637801,29.778532
csyz,4,220.253643,38.986630
dxf3,4,167.533798,28.522257
dzf3,4,651.169186,113.666166
csxz,4,218.665847,38.815706
#========================= OptEWE [OpenMP] =========================
#Source type                                  :  Force monopole
#Grid Size                                    :  768 x 768 x 768
#Iterations                                   :  5
#Compute time                                 :  40.168713
#Total effective MLUPS                        :  56.385281
#===================================================================
#Number of threads                            :  11
