dxf,0,236.755256,35.997119
dzb,0,848.153904,131.145170
dyb,0,307.272790,45.295141
cvx,0,398.246975,59.386587
dyf,0,307.488375,45.277538
dzb2,0,847.729010,129.597942
dxb,0,245.926579,36.697820
cvy,0,1174.996872,162.011932
dzf,0,846.501579,129.393827
dxb2,0,246.414280,36.757582
dyb2,0,306.556742,45.160759
cvz,0,409.862363,62.495034
dzb3,0,847.068404,129.621417
dxb3,0,248.130188,37.024745
dyb3,0,310.217981,46.202219
csxxsyyszz,0,1093.642977,157.409303
dyf2,0,307.077426,45.292553
dxf2,0,239.132182,36.225672
csxy,0,197.279998,31.719450
dzf2,0,1304.467714,194.188517
dyf3,0,307.638127,45.264867
csyz,0,275.439281,43.326250
dxf3,0,236.420991,35.447875
dzf3,0,845.838391,129.682026
csxz,0,271.721776,42.964387
dxf,1,235.436583,35.384031
dzb,1,846.608000,129.674410
dyb,1,306.331689,45.232658
cvx,1,398.063329,59.379478
dyf,1,306.897779,45.295072
dzb2,1,847.179518,129.733466
dxb,1,246.005797,36.700493
cvy,1,395.886198,59.604555
dzf,1,845.951020,129.535747
dxb2,1,248.048445,36.992580
dyb2,1,306.378039,45.108694
cvz,1,409.657872,62.460738
dzb3,1,847.286397,129.602506
dxb3,1,246.458275,36.770108
dyb3,1,310.103034,46.126831
csxxsyyszz,1,1096.276835,157.609260
dyf2,1,309.100586,45.536677
dxf2,1,239.015316,36.221233
csxy,1,197.026882,31.715882
dzf2,1,1304.131391,194.097884
dyf3,1,307.863999,45.287515
csyz,1,275.459127,43.274180
dxf3,1,236.342857,35.483081
dzf3,1,846.101179,129.512220
csxz,1,271.627555,42.862305
dxf,2,235.922060,35.430117
dzb,2,843.853332,134.589735
dyb,2,305.136189,47.719025
cvx,2,397.708505,60.889644
dyf,2,306.991478,45.258816
dzb2,2,848.832999,129.786188
dxb,2,246.000085,36.712536
cvy,2,395.858819,59.555562
dzf,2,845.712511,129.516449
dxb2,2,246.391129,36.770895
dyb2,2,306.373462,45.201151
cvz,2,409.715577,62.495331
dzb3,2,848.206281,130.001954
dxb3,2,246.563170,36.926189
dyb3,2,310.142575,46.315866
csxxsyyszz,2,1094.723141,157.686574
dyf2,2,307.180610,45.408799
dxf2,2,239.289849,36.363989
csxy,2,197.326046,31.820064
dzf2,2,1304.352876,194.419609
dyf3,2,307.352767,45.405900
csyz,2,275.157729,43.276747
dxf3,2,236.466715,35.486648
dzf3,2,846.066207,129.938630
csxz,2,271.318830,42.952105
dxf,3,235.889891,35.402518
dzb,3,846.414654,131.936503
dyb,3,306.372615,45.196798
cvx,3,397.856632,59.480437
dyf,3,307.029676,45.300042
dzb2,3,847.179573,129.544006
dxb,3,246.057086,36.740142
cvy,3,395.795076,59.554072
dzf,3,847.167715,129.598072
dxb2,3,246.435345,36.743584
dyb2,3,306.493703,45.199113
cvz,3,409.762991,62.488481
dzb3,3,847.038036,129.614276
dxb3,3,246.647555,36.816871
dyb3,3,310.219477,46.185663
csxxsyyszz,3,1094.527162,157.336778
dyf2,3,307.508044,45.321609
dxf2,3,239.394664,36.204965
csxy,3,197.090450,31.679937
dzf2,3,1304.752798,194.216220
dyf3,3,307.774493,45.376567
csyz,3,275.721653,43.325501
dxf3,3,236.700330,35.468499
dzf3,3,845.904007,129.483607
csxz,3,271.330737,42.828264
dxf,4,235.767278,35.435970
dzb,4,846.926943,129.494926
dyb,4,306.539500,45.168918
cvx,4,397.747924,59.581940
dyf,4,309.174868,47.068020
dzb2,4,846.932335,130.483506
dxb,4,245.847361,36.736015
cvy,4,395.591953,59.572335
dzf,4,845.404131,129.561923
dxb2,4,246.014957,36.775887
dyb2,4,306.137631,45.205494
cvz,4,409.036224,62.468463
dzb3,4,846.789132,129.749336
dxb3,4,246.116569,36.786115
dyb3,4,309.725349,46.124303
csxxsyyszz,4,1092.161417,157.187756
dyf2,4,306.727245,45.270027
dxf2,4,239.069685,36.259480
csxy,4,196.990499,31.716216
dzf2,4,1305.205518,194.501457
dyf3,4,307.161758,45.360410
csyz,4,275.465885,43.364744
dxf3,4,236.029459,35.444087
dzf3,4,845.633322,129.617389
csxz,4,271.580950,42.954801
#========================= OptEWE [OpenMP] =========================
#Source type                                  :  Force monopole
#Grid Size                                    :  768 x 768 x 768
#Iterations                                   :  5
#Compute time                                 :  60.159145
#Total effective MLUPS                        :  37.648875
#===================================================================
#Number of threads                            :  4
