dxf,0,212.838664,34.243652
dzb,0,936.377499,149.628853
dyb,0,213.851070,34.910067
cvx,0,264.944384,43.644108
dyf,0,213.880443,35.039336
dzb2,0,936.547238,149.694417
dxb,0,212.076838,34.261310
cvy,0,918.351945,137.858848
dzf,0,935.192438,149.240790
dxb2,0,212.097804,34.307067
dyb2,0,214.185784,35.053337
cvz,0,311.627113,51.225572
dzb3,0,935.793090,156.746837
dxb3,0,212.477112,35.163596
dyb3,0,229.601490,37.438709
csxxsyyszz,0,402.346215,68.610983
dyf2,0,213.594876,35.001618
dxf2,0,224.748603,36.453775
csxy,0,182.398527,31.132528
dzf2,0,1992.558671,298.443986
dyf3,0,213.856949,35.029519
csyz,0,267.389943,44.163946
dxf3,0,211.954089,34.314296
dzf3,0,935.506152,149.704069
csxz,0,265.418213,43.890057
dxf,1,211.905134,34.300526
dzb,1,936.638615,149.693420
dyb,1,213.921088,35.030572
cvx,1,264.943898,43.723088
dyf,1,213.737922,35.064824
dzb2,1,936.655949,149.545906
dxb,1,212.055171,34.349840
cvy,1,245.486302,41.279713
dzf,1,935.336778,149.392346
dxb2,1,212.104505,34.336770
dyb2,1,213.860608,35.036957
cvz,1,311.668042,51.254082
dzb3,1,935.810315,150.370457
dxb3,1,212.263379,34.368193
dyb3,1,229.686938,37.495025
csxxsyyszz,1,401.001917,68.461871
dyf2,1,213.902128,35.110417
dxf2,1,224.946637,36.502319
csxy,1,181.158776,30.929890
dzf2,1,1992.817390,298.468995
dyf3,1,213.751284,35.015069
csyz,1,267.433699,44.144579
dxf3,1,211.924445,34.298677
dzf3,1,935.594781,149.731731
csxz,1,265.518884,43.897256
dxf,2,212.085207,34.317541
dzb,2,936.395120,149.680834
dyb,2,213.646696,34.989242
cvx,2,265.009317,43.739315
dyf,2,213.632690,35.049671
dzb2,2,936.326641,149.490459
dxb,2,212.086617,34.357783
cvy,2,245.121483,41.227671
dzf,2,935.207344,149.453141
dxb2,2,212.121240,34.333036
dyb2,2,214.150251,35.066607
cvz,2,312.714244,51.439625
dzb3,2,935.750955,150.505975
dxb3,2,212.190377,34.358852
dyb3,2,228.920542,37.390686
csxxsyyszz,2,402.625350,68.762354
dyf2,2,213.880085,35.112394
dxf2,2,224.829302,36.508522
csxy,2,181.044747,30.935649
dzf2,2,1985.308723,300.313406
dyf3,2,214.464518,35.161507
csyz,2,267.248243,44.151098
dxf3,2,211.995261,34.312627
dzf3,2,935.527857,149.945168
csxz,2,265.847490,43.967764
dxf,3,212.004824,34.322986
dzb,3,936.360629,149.817697
dyb,3,213.843491,34.986659
cvx,3,265.098425,43.795971
dyf,3,213.425977,35.064150
dzb2,3,936.526416,149.819262
dxb,3,212.061120,34.362200
cvy,3,245.345327,41.271528
dzf,3,935.633518,149.750163
dxb2,3,212.005228,34.325652
dyb2,3,213.780487,35.062236
cvz,3,311.776581,51.304055
dzb3,3,935.649012,150.660332
dxb3,3,212.285223,34.367886
dyb3,3,229.108534,37.391181
csxxsyyszz,3,400.683416,68.481354
dyf2,3,213.780199,35.087544
dxf2,3,224.712873,36.463640
csxy,3,181.120228,30.938897
dzf2,3,1991.816529,298.699765
dyf3,3,213.608538,35.072907
csyz,3,267.381142,44.199518
dxf3,3,211.954544,34.340118
dzf3,3,935.586558,150.160890
csxz,3,265.650800,43.967196
dxf,4,211.996248,34.345755
dzb,4,936.342878,149.982934
dyb,4,213.658238,35.056596
cvx,4,265.042069,43.821777
dyf,4,213.529795,35.069289
dzb2,4,937.381919,150.048736
dxb,4,212.202684,34.632047
cvy,4,245.395485,41.341935
dzf,4,934.887293,149.686214
dxb2,4,212.151803,34.376894
dyb2,4,214.101742,35.093232
cvz,4,311.777121,51.297545
dzb3,4,935.689085,150.764148
dxb3,4,212.339788,34.376967
dyb3,4,229.099399,37.406799
csxxsyyszz,4,398.487993,68.118034
dyf2,4,213.765709,35.066027
dxf2,4,224.642058,36.452770
csxy,4,181.145409,30.948024
dzf2,4,1996.403849,298.630483
dyf3,4,213.862245,35.039214
csyz,4,267.310202,44.112890
dxf3,4,211.953847,34.308162
dzf3,4,935.455150,154.982426
csxz,4,265.594616,44.948367
#========================= OptEWE [OpenMP] =========================
#Source type                                  :  Force monopole
#Grid Size                                    :  768 x 768 x 768
#Iterations                                   :  5
#Compute time                                 :  56.637917
#Total effective MLUPS                        :  39.989539
#===================================================================
#Number of threads                            :  13
