dxf,0,146.538166,24.516800
dzb,0,537.958598,93.652077
dyb,0,173.284563,28.824772
cvx,0,199.567945,33.323750
dyf,0,172.584992,28.747551
dzb2,0,537.720272,93.764596
dxb,0,149.491120,25.035183
cvy,0,1020.125060,148.067106
dzf,0,537.097964,93.613856
dxb2,0,148.658246,24.921687
dyb2,0,173.094773,28.844883
cvz,0,207.507345,35.418971
dzb3,0,537.240811,93.742539
dxb3,0,149.571883,25.062081
dyb3,0,177.109854,29.524781
csxxsyyszz,0,539.564423,86.542865
dyf2,0,172.637662,28.754712
dxf2,0,157.272067,26.334045
csxy,0,119.975656,21.795907
dzf2,0,1316.079717,200.281391
dyf3,0,172.532241,28.727113
csyz,0,181.191115,31.242966
dxf3,0,146.360092,24.644616
dzf3,0,537.497483,93.746938
csxz,0,180.551841,31.220463
dxf,1,146.061145,24.603900
dzb,1,538.047030,93.904648
dyb,1,173.681262,28.957256
cvx,1,199.493311,33.369722
dyf,1,172.496115,28.953695
dzb2,1,537.793378,93.885975
dxb,1,149.326023,25.048451
cvy,1,197.149583,33.285214
dzf,1,536.851574,93.742465
dxb2,1,148.756341,24.982511
dyb2,1,173.238744,28.899686
cvz,1,207.489439,35.453888
dzb3,1,537.835584,93.872014
dxb3,1,149.575743,25.098759
dyb3,1,177.450860,29.606039
csxxsyyszz,1,537.123107,86.272656
dyf2,1,172.623014,28.800512
dxf2,1,157.604278,26.410610
csxy,1,120.143100,21.804864
dzf2,1,1315.741889,200.361534
dyf3,1,172.596476,28.762731
csyz,1,181.064767,31.250368
dxf3,1,146.433136,24.644919
dzf3,1,537.536440,93.784274
csxz,1,180.420752,31.197424
dxf,2,146.105463,24.611983
dzb,2,540.015482,94.171051
dyb,2,173.424438,28.901553
cvx,2,199.652777,33.392299
dyf,2,172.586708,28.779701
dzb2,2,537.725767,93.860329
dxb,2,149.298518,25.056938
cvy,2,197.274300,33.283222
dzf,2,537.532010,93.926361
dxb2,2,148.737118,24.973085
dyb2,2,173.315160,28.909958
cvz,2,207.516511,35.432699
dzb3,2,537.541881,93.852790
dxb3,2,149.654287,25.095214
dyb3,2,177.380660,29.593708
csxxsyyszz,2,539.725143,86.609048
dyf2,2,172.490041,28.787620
dxf2,2,157.454097,26.379502
csxy,2,120.018825,21.796205
dzf2,2,1314.841666,200.404070
dyf3,2,172.500289,28.795403
csyz,2,181.001232,31.232602
dxf3,2,146.563974,24.659883
dzf3,2,537.648762,93.841901
csxz,2,180.375601,31.188006
dxf,3,146.144075,24.611822
dzb,3,537.776954,93.875500
dyb,3,173.744387,28.973861
cvx,3,199.665476,33.379522
dyf,3,172.580363,28.779634
dzb2,3,537.664013,93.803166
dxb,3,149.319384,25.029043
cvy,3,197.240590,33.267995
dzf,3,536.789663,93.687379
dxb2,3,150.238074,25.194529
dyb2,3,173.204312,28.873529
cvz,3,207.534263,35.417856
dzb3,3,537.636053,93.786567
dxb3,3,149.491655,25.069923
dyb3,3,177.366666,29.582703
csxxsyyszz,3,541.884067,86.885195
dyf2,3,172.692623,28.805551
dxf2,3,157.495644,26.397606
csxy,3,119.967948,21.800456
dzf2,3,1315.496407,200.591597
dyf3,3,172.344903,28.756093
csyz,3,181.227566,31.268563
dxf3,3,146.485884,24.659240
dzf3,3,537.609567,93.820597
csxz,3,180.553229,31.207930
dxf,4,146.069485,24.600741
dzb,4,537.783844,93.879696
dyb,4,173.337275,28.913400
cvx,4,199.524468,33.380641
dyf,4,172.436685,28.810057
dzb2,4,537.592665,93.868140
dxb,4,149.151405,25.048175
cvy,4,197.212398,33.300155
dzf,4,536.956759,93.801627
dxb2,4,148.699364,24.968481
dyb2,4,172.878938,28.853395
cvz,4,207.417504,35.447799
dzb3,4,537.441686,93.818471
dxb3,4,149.499938,25.101633
dyb3,4,177.117380,29.568088
csxxsyyszz,4,539.598728,86.601105
dyf2,4,172.754805,28.816047
dxf2,4,157.166448,26.372826
csxy,4,119.889485,21.798583
dzf2,4,1315.197045,200.788991
dyf3,4,172.236741,28.746707
csyz,4,181.105279,31.259710
dxf3,4,146.536077,24.657293
dzf3,4,537.593778,93.861602
csxz,4,180.482207,31.213212
#========================= OptEWE [OpenMP] =========================
#Source type                                  :  Force monopole
#Grid Size                                    :  768 x 768 x 768
#Iterations                                   :  5
#Compute time                                 :  38.666523
#Total effective MLUPS                        :  58.575843
#===================================================================
#Number of threads                            :  14
