dxf,0,116.397830,23.985967
dzb,0,433.388322,93.046229
dyb,0,119.421846,25.045154
cvx,0,135.516608,29.228558
dyf,0,119.406120,25.127216
dzb2,0,433.413822,93.289085
dxb,0,116.287739,24.136973
cvy,0,725.784532,131.463460
dzf,0,432.563408,93.779420
dxb2,0,116.051240,24.132633
dyb2,0,119.551091,25.162787
cvz,0,157.492076,34.075985
dzb3,0,432.978554,93.346657
dxb3,0,116.214071,24.206750
dyb3,0,119.844948,25.209904
csxxsyyszz,0,286.201713,60.093663
dyf2,0,119.548419,25.184578
dxf2,0,116.383656,24.213964
csxy,0,111.402965,24.161873
dzf2,0,432.974275,93.363817
dyf3,0,119.170731,25.149579
csyz,0,133.457761,28.901389
dxf3,0,116.018874,24.171008
dzf3,0,432.926306,93.400606
csxz,0,133.394983,28.961409
dxf,1,115.900796,24.148599
dzb,1,433.461106,93.494071
dyb,1,119.386442,25.159212
cvx,1,135.442606,29.319492
dyf,1,119.401988,25.184321
dzb2,1,433.510961,93.538957
dxb,1,116.389830,24.237688
cvy,1,135.388940,29.307258
dzf,1,432.498354,93.370313
dxb2,1,116.072216,24.202778
dyb2,1,119.544357,25.192985
cvz,1,157.484958,34.128426
dzb3,1,432.977366,93.447412
dxb3,1,116.167975,24.223606
dyb3,1,119.577392,25.179317
csxxsyyszz,1,286.263761,60.095509
dyf2,1,119.211074,25.154275
dxf2,1,116.402913,24.258662
csxy,1,111.396897,24.169429
dzf2,1,432.796845,93.414933
dyf3,1,119.410493,25.191049
csyz,1,133.480011,28.937600
dxf3,1,115.969294,24.159897
dzf3,1,432.863490,93.447520
csxz,1,133.373270,28.964969
dxf,2,115.835838,24.165261
dzb,2,433.402139,93.504143
dyb,2,119.411481,25.162885
cvx,2,135.430016,29.325170
dyf,2,119.351856,25.213819
dzb2,2,434.856829,93.806270
dxb,2,116.477418,24.282580
cvy,2,135.395170,29.300823
dzf,2,432.501408,93.422170
dxb2,2,116.173849,24.216463
dyb2,2,119.682228,25.203618
cvz,2,157.427487,34.146417
dzb3,2,433.018654,93.468194
dxb3,2,116.222424,24.240500
dyb3,2,119.738661,25.207090
csxxsyyszz,2,286.161221,60.139064
dyf2,2,119.488279,25.203262
dxf2,2,116.369791,24.242761
csxy,2,111.507508,24.211314
dzf2,2,432.845504,93.439274
dyf3,2,119.363476,25.199010
csyz,2,133.498823,28.931048
dxf3,2,115.954780,24.177314
dzf3,2,433.017091,93.490627
csxz,2,133.392138,28.985987
dxf,3,115.907955,24.166808
dzb,3,433.463411,93.564196
dyb,3,119.416363,25.187970
cvx,3,135.481008,29.344493
dyf,3,119.282744,25.152639
dzb2,3,433.512133,93.541826
dxb,3,116.306541,24.225765
cvy,3,135.382202,29.309628
dzf,3,432.557851,93.338307
dxb2,3,116.195063,24.220639
dyb2,3,119.304268,25.150769
cvz,3,157.432938,34.117647
dzb3,3,433.027382,93.439841
dxb3,3,116.153000,24.192061
dyb3,3,119.724164,25.196617
csxxsyyszz,3,284.835599,59.851328
dyf2,3,119.443319,25.178478
dxf2,3,116.295726,24.249137
csxy,3,112.022523,24.552953
dzf2,3,432.948211,95.747267
dyf3,3,119.207002,25.708319
csyz,3,133.636974,29.246575
dxf3,3,116.075683,24.219609
dzf3,3,434.606755,93.858983
csxz,3,133.404573,28.978684
dxf,4,115.846338,24.173887
dzb,4,433.473745,93.603421
dyb,4,119.355125,25.156435
cvx,4,138.403788,29.872727
dyf,4,119.292989,25.174640
dzb2,4,433.497954,93.523818
dxb,4,116.321498,24.255866
cvy,4,135.614993,29.376731
dzf,4,432.476265,93.476404
dxb2,4,116.189298,24.237530
dyb2,4,119.733338,25.224276
cvz,4,157.595882,34.176500
dzb3,4,433.069269,93.597591
dxb3,4,116.128474,24.252398
dyb3,4,119.796327,25.258461
csxxsyyszz,4,284.930006,59.994701
dyf2,4,119.477726,25.237200
dxf2,4,116.465501,24.308348
csxy,4,111.410260,24.226185
dzf2,4,432.860889,93.547818
dyf3,4,119.337294,25.248590
csyz,4,133.349050,28.949461
dxf3,4,116.046972,24.237712
dzf3,4,433.083762,93.678131
csxz,4,133.407501,29.099128
#========================= OptEWE [OpenMP] =========================
#Source type                                  :  Force monopole
#Grid Size                                    :  768 x 768 x 768
#Iterations                                   :  5
#Compute time                                 :  26.119867
#Total effective MLUPS                        :  86.712698
#===================================================================
#Number of threads                            :  17
