dxf,0,103.073704,22.417548
dzb,0,430.182207,95.780141
dyb,0,101.456591,22.742898
cvx,0,125.450912,28.465873
dyf,0,101.665653,22.860953
dzb2,0,429.989224,96.002449
dxb,0,100.771157,22.168542
cvy,0,1098.198500,204.292995
dzf,0,429.000110,95.805004
dxb2,0,100.696491,22.173219
dyb2,0,101.713823,22.840678
cvz,0,147.512518,33.401313
dzb3,0,429.890727,96.098404
dxb3,0,100.840866,22.210200
dyb3,0,101.807617,22.870512
csxxsyyszz,0,226.568767,51.670099
dyf2,0,101.762674,22.888574
dxf2,0,100.941772,22.249248
csxy,0,103.149908,23.464761
dzf2,0,428.988343,96.040386
dyf3,0,101.622919,22.879462
csyz,0,124.814055,28.246113
dxf3,0,100.648778,22.196755
dzf3,0,429.195931,96.082627
csxz,0,124.670787,28.246095
dxf,1,100.828521,22.233924
dzb,1,430.063123,96.229359
dyb,1,101.581424,22.826233
cvx,1,125.530027,28.586003
dyf,1,101.634005,22.916741
dzb2,1,430.048107,96.289834
dxb,1,100.807347,22.239879
cvy,1,125.821361,28.619901
dzf,1,428.982461,96.124617
dxb2,1,100.662083,22.220414
dyb2,1,101.756173,22.899707
cvz,1,147.418297,33.458264
dzb3,1,429.920439,96.324744
dxb3,1,100.818383,22.259982
dyb3,1,101.630464,22.873391
csxxsyyszz,1,227.674065,52.132140
dyf2,1,101.666908,22.912932
dxf2,1,100.907331,22.281476
csxy,1,103.154562,23.503398
dzf2,1,429.893861,96.305947
dyf3,1,101.543841,22.871764
csyz,1,124.784865,28.253249
dxf3,1,100.739940,22.233279
dzf3,1,429.127971,96.159262
csxz,1,124.724482,28.293401
dxf,2,100.713080,22.251295
dzb,2,430.114298,96.379950
dyb,2,101.353371,22.804508
cvx,2,125.530133,28.629642
dyf,2,101.683050,22.941991
dzb2,2,430.192465,96.441406
dxb,2,100.818444,22.274574
cvy,2,125.629940,28.624954
dzf,2,428.870748,96.174637
dxb2,2,100.707550,22.243779
dyb2,2,101.646031,22.893917
cvz,2,147.466178,33.514905
dzb3,2,429.826359,96.391550
dxb3,2,100.684386,22.249645
dyb3,2,101.616031,22.897149
csxxsyyszz,2,227.293575,51.922809
dyf2,2,101.644939,22.915382
dxf2,2,100.893237,22.297652
csxy,2,103.141313,23.522481
dzf2,2,429.044055,96.215367
dyf3,2,101.594324,22.925054
csyz,2,124.805366,28.297387
dxf3,2,100.675180,22.242552
dzf3,2,429.163125,96.260365
csxz,2,124.723622,28.314860
dxf,3,100.729934,22.260451
dzb,3,430.177825,96.459035
dyb,3,101.470723,22.859358
cvx,3,125.547747,28.662575
dyf,3,101.611284,22.922839
dzb2,3,430.184696,96.484973
dxb,3,100.738546,22.259885
cvy,3,125.718223,28.655092
dzf,3,428.881092,96.208998
dxb2,3,100.733359,22.244172
dyb2,3,101.839285,22.928546
cvz,3,148.140312,33.644763
dzb3,3,429.827534,96.406399
dxb3,3,100.802326,22.280155
dyb3,3,101.867667,22.940623
csxxsyyszz,3,226.565748,51.776856
dyf2,3,101.861815,22.989000
dxf2,3,100.952094,22.315608
csxy,3,103.149641,23.531871
dzf2,3,429.007341,96.229032
dyf3,3,101.611932,22.931247
csyz,3,124.784744,28.315737
dxf3,3,102.150946,22.532018
dzf3,3,429.204095,96.265945
csxz,3,124.675364,28.291288
dxf,4,100.720556,22.249121
dzb,4,430.091852,96.425570
dyb,4,101.524588,22.860281
cvx,4,125.464213,28.636588
dyf,4,101.667201,22.967286
dzb2,4,429.926710,96.409566
dxb,4,100.923975,22.286882
cvy,4,125.780799,28.671089
dzf,4,428.977985,96.303310
dxb2,4,100.790456,22.279137
dyb2,4,101.729591,22.906812
cvz,4,147.424734,33.519337
dzb3,4,429.907313,96.412323
dxb3,4,101.225135,22.343482
dyb3,4,101.821613,22.913199
csxxsyyszz,4,227.481088,51.937954
dyf2,4,101.971113,22.990649
dxf2,4,100.911366,22.299185
csxy,4,103.202770,23.541780
dzf2,4,428.787131,96.199138
dyf3,4,101.529521,22.904517
csyz,4,124.766809,28.294958
dxf3,4,100.750804,22.257408
dzf3,4,429.172053,96.265231
csxz,4,124.737999,28.371175
#========================= OptEWE [OpenMP] =========================
#Source type                                  :  Force monopole
#Grid Size                                    :  768 x 768 x 768
#Iterations                                   :  5
#Compute time                                 :  24.830214
#Total effective MLUPS                        :  91.216459
#===================================================================
#Number of threads                            :  23
