dxf,0,145.177280,24.734208
dzb,0,615.727787,105.599184
dyb,0,145.666687,25.244556
cvx,0,179.164086,31.232457
dyf,0,145.837526,25.320048
dzb2,0,615.561988,105.120301
dxb,0,144.410523,24.675777
cvy,0,885.463243,132.717285
dzf,0,614.484041,104.361658
dxb2,0,144.304514,24.676195
dyb2,0,146.088870,25.342100
cvz,0,210.163717,36.563901
dzb3,0,615.375171,105.752270
dxb3,0,144.404645,24.730037
dyb3,0,145.987252,25.325684
csxxsyyszz,0,334.175785,58.397714
dyf2,0,146.015334,25.342046
dxf2,0,144.421091,24.731617
csxy,0,146.703650,25.675121
dzf2,0,614.496954,104.545781
dyf3,0,145.783761,25.276870
csyz,0,177.653453,30.940978
dxf3,0,144.152829,24.682098
dzf3,0,614.509225,105.644707
csxz,0,177.500293,30.946779
dxf,1,144.209775,24.696170
dzb,1,616.775656,104.640029
dyb,1,145.888900,25.261853
cvx,1,179.250412,31.275977
dyf,1,145.845149,25.320503
dzb2,1,615.535711,105.810910
dxb,1,144.359421,24.739101
cvy,1,179.276477,31.260592
dzf,1,614.320760,105.303526
dxb2,1,144.336740,24.739045
dyb2,1,145.951457,25.359934
cvz,1,210.210805,36.675835
dzb3,1,615.393396,105.506178
dxb3,1,144.519531,24.738452
dyb3,1,145.954591,25.332801
csxxsyyszz,1,334.296682,58.470951
dyf2,1,145.982092,25.355822
dxf2,1,144.426559,24.751101
csxy,1,146.709159,25.707434
dzf2,1,614.358160,104.926462
dyf3,1,146.206435,25.442512
csyz,1,177.568316,30.992242
dxf3,1,144.332072,24.745535
dzf3,1,614.780218,105.775254
csxz,1,177.554863,30.983075
dxf,2,144.259710,24.723248
dzb,2,615.506127,106.001849
dyb,2,145.633598,25.309162
cvx,2,179.096346,31.324173
dyf,2,146.895281,25.619951
dzb2,2,615.877791,106.041900
dxb,2,144.344945,24.723644
cvy,2,179.421474,31.319579
dzf,2,614.379216,105.783930
dxb2,2,144.340825,24.758405
dyb2,2,145.879973,25.348629
cvz,2,210.340143,36.677441
dzb3,2,617.033412,105.129682
dxb3,2,144.428230,24.716022
dyb3,2,146.063652,25.349815
csxxsyyszz,2,334.735463,58.508719
dyf2,2,145.948356,25.354803
dxf2,2,144.499677,24.749033
csxy,2,146.668338,25.674391
dzf2,2,614.536865,105.768551
dyf3,2,146.011423,25.391805
csyz,2,177.624715,30.980131
dxf3,2,144.311248,24.742954
dzf3,2,614.703763,105.370176
csxz,2,177.499201,30.929979
dxf,3,144.259900,24.704260
dzb,3,615.692171,105.868491
dyb,3,145.683767,25.275761
cvx,3,179.125820,31.272176
dyf,3,145.871262,25.339921
dzb2,3,615.645963,105.214466
dxb,3,144.437961,24.753921
cvy,3,179.244576,31.259609
dzf,3,614.468954,105.685914
dxb2,3,144.262561,24.735717
dyb2,3,146.189376,25.377438
cvz,3,210.202160,36.653257
dzb3,3,615.586977,104.469822
dxb3,3,144.547972,24.747899
dyb3,3,146.106198,25.357569
csxxsyyszz,3,332.650367,58.212692
dyf2,3,145.782060,25.329508
dxf2,3,144.399436,24.737799
csxy,3,146.695214,25.690990
dzf2,3,614.479192,105.703885
dyf3,3,145.788751,25.342324
csyz,3,177.600918,30.948571
dxf3,3,144.247552,24.713261
dzf3,3,615.704004,105.093910
csxz,3,177.551752,30.935044
dxf,4,144.249754,24.711415
dzb,4,615.841748,105.912925
dyb,4,145.828492,25.311287
cvx,4,179.286589,31.306929
dyf,4,145.861301,25.365106
dzb2,4,615.708823,104.746089
dxb,4,144.339652,24.686776
cvy,4,179.277535,31.263872
dzf,4,614.496747,105.458263
dxb2,4,144.377167,24.733736
dyb2,4,145.968858,25.342105
cvz,4,210.182960,36.617688
dzb3,4,615.357579,105.827538
dxb3,4,144.514919,24.749911
dyb3,4,145.935783,25.319361
csxxsyyszz,4,334.377918,58.476078
dyf2,4,146.050014,25.359907
dxf2,4,144.438665,24.753052
csxy,4,146.783802,25.707248
dzf2,4,614.616379,105.638809
dyf3,4,145.912579,25.334567
csyz,4,177.616119,30.957422
dxf3,4,144.266673,24.731482
dzf3,4,614.774531,104.494452
csxz,4,177.493951,30.968003
#========================= OptEWE [OpenMP] =========================
#Source type                                  :  Force monopole
#Grid Size                                    :  768 x 768 x 768
#Iterations                                   :  5
#Compute time                                 :  34.895596
#Total effective MLUPS                        :  64.905732
#===================================================================
#Number of threads                            :  16
