dxf,0,152.060332,28.205710
dzb,0,567.260735,108.886144
dyb,0,154.277895,29.040959
cvx,0,177.947911,34.441246
dyf,0,154.267424,29.135652
dzb2,0,567.339970,108.859849
dxb,0,151.569309,28.242042
cvy,0,642.920536,108.858973
dzf,0,566.628233,109.048872
dxb2,0,151.085822,28.210956
dyb2,0,154.214055,29.098511
cvz,0,204.318884,39.627324
dzb3,0,566.961420,108.701000
dxb3,0,151.403316,28.257375
dyb3,0,163.547998,30.838833
csxxsyyszz,0,328.812381,63.795205
dyf2,0,154.166395,29.135101
dxf2,0,159.206246,29.735103
csxy,0,126.275423,25.344488
dzf2,0,1398.911842,238.232432
dyf3,0,154.047119,29.040226
csyz,0,188.247915,36.079570
dxf3,0,151.751089,28.307032
dzf3,0,566.967246,109.205200
csxz,0,186.901349,35.973538
dxf,1,151.387889,28.283437
dzb,1,567.269484,109.337452
dyb,1,156.758520,29.516612
cvx,1,177.826337,34.512589
dyf,1,154.302638,29.183846
dzb2,1,567.267007,109.353548
dxb,1,151.630381,28.336298
cvy,1,160.338486,31.830282
dzf,1,566.645697,108.888999
dxb2,1,151.559970,28.313853
dyb2,1,154.684011,29.198341
cvz,1,204.208317,39.649621
dzb3,1,567.102693,109.584619
dxb3,1,151.462784,28.311908
dyb3,1,163.387157,30.819273
csxxsyyszz,1,324.441087,63.153302
dyf2,1,154.197035,29.176599
dxf2,1,159.275049,29.782702
csxy,1,126.169993,25.373352
dzf2,1,1399.812046,238.485727
dyf3,1,154.014403,29.108968
csyz,1,188.505684,36.203508
dxf3,1,151.624208,28.305167
dzf3,1,567.026091,108.943746
csxz,1,186.838609,35.976245
dxf,2,151.269080,28.285834
dzb,2,567.366827,109.434115
dyb,2,154.202455,29.143892
cvx,2,177.908234,34.554077
dyf,2,154.150457,29.195453
dzb2,2,567.332055,109.244446
dxb,2,151.817936,28.367627
cvy,2,160.207381,31.835901
dzf,2,566.513483,109.356922
dxb2,2,151.316504,28.319798
dyb2,2,154.402005,29.192371
cvz,2,204.122200,39.669563
dzb3,2,568.128308,109.593318
dxb3,2,151.468133,28.335677
dyb3,2,163.480457,30.867710
csxxsyyszz,2,328.857310,63.901334
dyf2,2,154.062253,29.171958
dxf2,2,159.163891,29.787867
csxy,2,126.212131,25.404505
dzf2,2,1400.642615,238.664201
dyf3,2,154.325018,29.167180
csyz,2,188.013635,36.097009
dxf3,2,151.580483,28.310998
dzf3,2,567.224513,110.933884
csxz,2,186.810375,36.260340
dxf,3,151.353824,28.530442
dzb,3,567.388429,109.483029
dyb,3,154.194964,29.152979
cvx,3,177.936657,34.574508
dyf,3,154.336851,29.233971
dzb2,3,567.524165,108.914642
dxb,3,151.527125,28.357484
cvy,3,160.265150,31.851461
dzf,3,566.478292,109.351002
dxb2,3,151.311185,28.307429
dyb2,3,154.299653,29.170670
cvz,3,204.072292,39.670142
dzb3,3,567.089024,109.230288
dxb3,3,151.448975,28.337167
dyb3,3,163.490986,30.895089
csxxsyyszz,3,328.854866,63.939723
dyf2,3,154.220525,29.214903
dxf2,3,158.777340,29.728947
csxy,3,126.255115,25.405142
dzf2,3,1402.059504,238.665798
dyf3,3,154.356008,29.201608
csyz,3,188.042097,36.129443
dxf3,3,151.632480,28.332602
dzf3,3,566.912307,109.454495
csxz,3,186.762897,36.056166
dxf,4,151.408616,28.321451
dzb,4,567.325077,108.962306
dyb,4,154.285573,29.173942
cvx,4,177.847514,34.590223
dyf,4,154.234811,29.248629
dzb2,4,567.368735,109.614216
dxb,4,151.868692,28.450192
cvy,4,160.419032,31.938364
dzf,4,566.478266,109.398494
dxb2,4,151.449317,28.377568
dyb2,4,154.499890,29.258044
cvz,4,204.158013,39.722484
dzb3,4,566.990043,109.057238
dxb3,4,151.365281,28.374064
dyb3,4,163.434724,30.907610
csxxsyyszz,4,329.172496,64.036231
dyf2,4,154.398718,29.280207
dxf2,4,159.507926,29.872936
csxy,4,126.350228,25.445504
dzf2,4,1398.786887,238.966997
dyf3,4,154.057369,29.180662
csyz,4,188.058098,36.195120
dxf3,4,151.551277,28.363737
dzf3,4,566.994381,109.534228
csxz,4,186.775321,36.086379
#========================= OptEWE [OpenMP] =========================
#Source type                                  :  Force monopole
#Grid Size                                    :  768 x 768 x 768
#Iterations                                   :  5
#Compute time                                 :  37.779221
#Total effective MLUPS                        :  59.951585
#===================================================================
#Number of threads                            :  13
