dxf,0,176.980047,30.758112
dzb,0,653.449721,116.839675
dyb,0,211.433019,36.548008
cvx,0,244.918446,43.665423
dyf,0,212.170991,36.687363
dzb2,0,654.587370,117.110143
dxb,0,180.110301,31.263981
cvy,0,829.142016,130.900169
dzf,0,654.180649,117.028527
dxb2,0,179.807139,31.246208
dyb2,0,211.636491,36.611622
cvz,0,262.275145,47.726376
dzb3,0,653.757735,118.922521
dxb3,0,180.184842,31.896429
dyb3,0,214.851056,37.461171
csxxsyyszz,0,670.113494,113.464821
dyf2,0,212.204021,36.809588
dxf2,0,179.366843,31.589498
csxy,0,148.025456,28.047616
dzf2,0,1063.774188,182.378961
dyf3,0,211.784968,36.793287
csyz,0,220.465357,40.393200
dxf3,0,176.371725,30.810802
dzf3,0,652.793576,117.121920
csxz,0,218.146202,40.061929
dxf,1,176.515623,30.862219
dzb,1,653.377038,117.380429
dyb,1,211.079839,36.614795
cvx,1,244.812730,43.645332
dyf,1,212.138332,36.670315
dzb2,1,653.445131,116.955577
dxb,1,180.026916,31.315409
cvy,1,262.661554,46.722664
dzf,1,654.011740,117.210665
dxb2,1,179.828302,31.301301
dyb2,1,211.387821,36.649735
cvz,1,262.225044,47.766923
dzb3,1,654.078592,117.275989
dxb3,1,180.004687,31.330334
dyb3,1,214.706568,37.508044
csxxsyyszz,1,668.830199,113.414008
dyf2,1,212.359538,36.760031
dxf2,1,179.435187,31.578981
csxy,1,147.943605,28.039284
dzf2,1,1064.486564,182.157513
dyf3,1,211.786002,36.613871
csyz,1,220.052382,40.229440
dxf3,1,176.493337,30.728431
dzf3,1,652.744708,116.903430
csxz,1,218.266143,40.029886
dxf,2,176.430735,30.767463
dzb,2,653.454343,117.056366
dyb,2,211.405645,36.595879
cvx,2,245.371067,43.769429
dyf,2,211.832946,36.732752
dzb2,2,653.548658,117.117289
dxb,2,180.118778,31.352048
cvy,2,262.862879,46.752626
dzf,2,653.337499,117.115108
dxb2,2,179.798558,31.291778
dyb2,2,211.410822,36.620348
cvz,2,262.220283,47.757985
dzb3,2,654.125704,117.245922
dxb3,2,180.140937,31.325221
dyb3,2,214.705342,37.502114
csxxsyyszz,2,669.858503,113.971779
dyf2,2,213.738261,36.978831
dxf2,2,179.396674,31.585584
csxy,2,148.002734,28.034307
dzf2,2,1064.046601,182.150225
dyf3,2,211.708427,36.678981
csyz,2,220.111211,40.262256
dxf3,2,176.433450,30.789247
dzf3,2,652.744023,116.992386
csxz,2,218.253309,40.014635
dxf,3,176.512573,30.803674
dzb,3,653.304426,117.078758
dyb,3,211.286699,36.586077
cvx,3,244.820877,43.697789
dyf,3,212.085978,36.744266
dzb2,3,653.474655,117.080956
dxb,3,180.126014,31.340070
cvy,3,262.759620,46.736376
dzf,3,653.634710,117.999149
dxb2,3,179.709355,32.879489
dyb2,3,210.960619,37.754362
cvz,3,262.224877,48.710380
dzb3,3,652.869194,118.262285
dxb3,3,180.071797,31.277209
dyb3,3,214.693524,37.464019
csxxsyyszz,3,668.432783,113.997093
dyf2,3,212.359707,36.820840
dxf2,3,179.578341,31.567838
csxy,3,147.937812,28.028754
dzf2,3,1063.468131,181.976867
dyf3,3,211.918510,36.627328
csyz,3,220.295805,40.264143
dxf3,3,176.389608,30.721891
dzf3,3,652.580437,116.898208
csxz,3,217.814305,39.968178
dxf,4,176.475326,30.823571
dzb,4,653.481232,117.158706
dyb,4,210.917247,36.521266
cvx,4,244.819206,43.672486
dyf,4,211.945072,36.761897
dzb2,4,653.359817,117.059757
dxb,4,180.150341,31.348138
cvy,4,262.805350,46.714770
dzf,4,653.188280,116.997237
dxb2,4,179.741446,31.243357
dyb2,4,211.355281,36.597952
cvz,4,262.430438,47.758487
dzb3,4,653.097101,117.003464
dxb3,4,180.017964,31.277749
dyb3,4,214.788160,37.458781
csxxsyyszz,4,660.810528,112.629512
dyf2,4,212.314903,36.717084
dxf2,4,179.674425,31.595647
csxy,4,148.044217,28.017861
dzf2,4,1063.573727,181.947126
dyf3,4,211.713064,36.659657
csyz,4,220.078350,40.241499
dxf3,4,176.571938,30.757368
dzf3,4,653.675710,117.091031
csxz,4,217.783465,39.950284
#========================= OptEWE [OpenMP] =========================
#Source type                                  :  Force monopole
#Grid Size                                    :  768 x 768 x 768
#Iterations                                   :  5
#Compute time                                 :  44.072815
#Total effective MLUPS                        :  51.390504
#===================================================================
#Number of threads                            :  6
