dxf,0,140.683479,26.678219
dzb,0,522.973197,102.668044
dyb,0,145.674240,27.883362
cvx,0,162.080078,32.081230
dyf,0,144.454020,27.773263
dzb2,0,522.727914,103.072166
dxb,0,141.457319,26.898529
cvy,0,717.179729,121.547622
dzf,0,521.550951,102.877044
dxb2,0,140.689658,26.800388
dyb2,0,145.965108,27.995635
cvz,0,188.089007,37.295945
dzb3,0,522.379507,103.160978
dxb3,0,140.675403,26.821325
dyb3,0,152.789358,29.357507
csxxsyyszz,0,352.124460,67.730865
dyf2,0,144.779254,27.873228
dxf2,0,147.219814,28.044386
csxy,0,115.352955,23.742127
dzf2,0,1265.947321,218.494808
dyf3,0,144.915604,27.849974
csyz,0,170.890624,33.565103
dxf3,0,140.318817,26.759144
dzf3,0,522.256446,103.113254
csxz,0,169.694186,33.400851
dxf,1,140.287737,26.788535
dzb,1,522.854944,103.280687
dyb,1,145.691139,27.961053
cvx,1,162.277742,32.198031
dyf,1,144.787599,27.903346
dzb2,1,524.058374,103.500281
dxb,1,141.617411,26.988267
cvy,1,146.094271,29.570023
dzf,1,521.640487,103.175598
dxb2,1,140.922743,26.880144
dyb2,1,146.104252,28.055964
cvz,1,188.103282,37.355207
dzb3,1,522.293749,103.242221
dxb3,1,140.753418,26.862343
dyb3,1,152.817931,29.396116
csxxsyyszz,1,352.248040,67.816826
dyf2,1,144.706001,27.890470
dxf2,1,147.166120,28.070949
csxy,1,115.315187,23.758131
dzf2,1,1264.711822,218.992813
dyf3,1,144.874531,27.857833
csyz,1,170.574052,33.520775
dxf3,1,140.379566,26.791860
dzf3,1,522.223556,103.152230
csxz,1,169.809954,33.447471
dxf,2,140.321500,26.803876
dzb,2,522.628978,103.163242
dyb,2,145.765296,27.967104
cvx,2,162.074948,32.172741
dyf,2,144.734520,27.895224
dzb2,2,522.912797,103.365712
dxb,2,141.439544,26.976130
cvy,2,146.234370,29.589980
dzf,2,523.069175,104.735508
dxb2,2,140.871003,27.381056
dyb2,2,145.742454,28.458320
cvz,2,188.129388,37.685533
dzb3,2,522.466571,103.601928
dxb3,2,142.175216,27.136213
dyb3,2,153.012962,29.446233
csxxsyyszz,2,352.097467,67.829114
dyf2,2,144.809353,27.919689
dxf2,2,147.254288,28.114574
csxy,2,115.377003,23.787138
dzf2,2,1265.592797,218.683467
dyf3,2,145.002802,27.905517
csyz,2,170.683745,33.565652
dxf3,2,140.363996,26.817307
dzf3,2,522.442144,103.310813
csxz,2,169.514296,33.437685
dxf,3,140.243717,26.818277
dzb,3,522.675603,103.429794
dyb,3,145.537516,27.987012
cvx,3,161.977302,32.210875
dyf,3,144.659907,27.925430
dzb2,3,522.689739,103.448177
dxb,3,141.477556,27.009103
cvy,3,145.963372,29.588860
dzf,3,521.690391,103.370006
dxb2,3,140.741225,26.890741
dyb2,3,145.690939,28.040797
cvz,3,188.064119,37.405086
dzb3,3,522.252099,103.397317
dxb3,3,140.585452,26.872488
dyb3,3,152.620688,29.415283
csxxsyyszz,3,352.051794,67.876628
dyf2,3,144.915639,27.965244
dxf2,3,147.324239,28.155985
csxy,3,115.355981,23.797593
dzf2,3,1264.514083,219.143231
dyf3,3,144.812981,27.857653
csyz,3,170.802160,33.595766
dxf3,3,140.374017,26.822434
dzf3,3,522.344467,103.357787
csxz,3,169.803930,33.512071
dxf,4,142.045919,27.402778
dzb,4,526.696512,104.124431
dyb,4,148.512072,28.453798
cvx,4,162.106467,32.203709
dyf,4,144.663933,27.894252
dzb2,4,522.744201,103.313804
dxb,4,141.456254,26.979936
cvy,4,146.189301,29.622964
dzf,4,521.457700,103.060927
dxb2,4,140.819269,26.902182
dyb2,4,145.851077,28.060581
cvz,4,187.974955,37.390356
dzb3,4,522.524514,103.245332
dxb3,4,140.726264,26.900023
dyb3,4,152.914088,29.444525
csxxsyyszz,4,352.057464,67.839309
dyf2,4,144.805852,27.932279
dxf2,4,147.551126,28.188825
csxy,4,115.488632,23.809289
dzf2,4,1265.922043,218.605597
dyf3,4,144.972009,27.929577
csyz,4,170.773556,33.594111
dxf3,4,140.272820,26.797541
dzf3,4,522.476507,103.370329
csxz,4,169.652838,33.489545
#========================= OptEWE [OpenMP] =========================
#Source type                                  :  Force monopole
#Grid Size                                    :  768 x 768 x 768
#Iterations                                   :  5
#Compute time                                 :  35.140190
#Total effective MLUPS                        :  64.453953
#===================================================================
#Number of threads                            :  14
