dxf,0,97.218430,17.722846
dzb,0,388.905856,72.854031
dyb,0,105.337225,19.348700
cvx,0,120.413047,22.424709
dyf,0,105.245317,19.377187
dzb2,0,388.851098,72.970773
dxb,0,96.083929,17.605541
cvy,0,1125.328837,166.057019
dzf,0,387.642400,72.763292
dxb2,0,96.257305,17.685192
dyb2,0,105.664395,19.447186
cvz,0,138.331315,26.100772
dzb3,0,388.317210,72.946880
dxb3,0,95.996143,17.646837
dyb3,0,105.491955,19.430853
csxxsyyszz,0,313.668824,55.309397
dyf2,0,105.387884,19.458592
dxf2,0,95.771298,17.628830
csxy,0,96.652292,18.381934
dzf2,0,387.921545,73.033708
dyf3,0,105.325212,19.418720
csyz,0,116.476770,22.085550
dxf3,0,95.561654,17.597013
dzf3,0,387.956306,72.973308
csxz,0,116.394417,22.121227
dxf,1,95.505215,17.597943
dzb,1,388.946909,73.131990
dyb,1,105.351116,19.456603
cvx,1,120.514501,22.506082
dyf,1,105.115639,19.407588
dzb2,1,388.806193,73.111264
dxb,1,95.980981,17.665819
cvy,1,119.501287,22.341061
dzf,1,389.363211,73.200655
dxb2,1,96.483322,17.731763
dyb2,1,105.638628,19.481564
cvz,1,138.533561,26.138437
dzb3,1,388.321255,73.035012
dxb3,1,96.055851,17.672071
dyb3,1,105.506720,19.451815
csxxsyyszz,1,313.602665,55.365180
dyf2,1,105.283328,19.428586
dxf2,1,95.650138,17.630440
csxy,1,96.637943,18.382533
dzf2,1,387.779693,72.938592
dyf3,1,105.392452,19.479627
csyz,1,116.575779,22.114696
dxf3,1,95.588337,17.622005
dzf3,1,388.122167,73.011873
csxz,1,116.485767,22.125508
dxf,2,96.090787,17.704237
dzb,2,388.796869,73.126957
dyb,2,105.320796,19.446697
cvx,2,120.408568,22.495922
dyf,2,105.197458,19.448257
dzb2,2,388.699628,73.127604
dxb,2,95.901465,17.655632
cvy,2,119.486373,22.352098
dzf,2,387.544191,72.956562
dxb2,2,96.258307,17.701460
dyb2,2,105.767155,19.515769
cvz,2,138.523905,26.145273
dzb3,2,389.639856,73.258519
dxb3,2,96.127512,17.707570
dyb3,2,105.562668,19.480135
csxxsyyszz,2,313.682158,55.390666
dyf2,2,105.327464,19.463924
dxf2,2,95.560218,17.615220
csxy,2,96.654563,18.410968
dzf2,2,388.052550,73.032856
dyf3,2,105.383468,19.490401
csyz,2,116.442730,22.110550
dxf3,2,95.531195,17.613564
dzf3,2,387.898491,73.022762
csxz,2,116.447977,22.148553
dxf,3,95.589071,17.620293
dzb,3,388.909702,73.190810
dyb,3,105.279890,19.450582
cvx,3,120.478521,22.516151
dyf,3,105.289588,19.478573
dzb2,3,388.740362,73.144488
dxb,3,96.031033,17.712948
cvy,3,119.521811,22.371445
dzf,3,387.652132,72.976882
dxb2,3,96.435657,17.755723
dyb2,3,105.525000,19.466280
cvz,3,138.437328,26.162306
dzb3,3,390.173873,73.351442
dxb3,3,96.311031,17.715578
dyb3,3,105.486046,19.472526
csxxsyyszz,3,313.734437,55.404878
dyf2,3,105.253933,19.455009
dxf2,3,95.655215,17.636183
csxy,3,96.685471,18.419568
dzf2,3,387.768655,73.005547
dyf3,3,105.401375,19.467486
csyz,3,116.417890,22.111012
dxf3,3,95.585251,17.620943
dzf3,3,388.015817,73.059148
csxz,3,116.390748,22.147408
dxf,4,95.595818,17.629544
dzb,4,388.891427,73.181387
dyb,4,105.407964,19.475722
cvx,4,120.419031,22.504910
dyf,4,105.326605,19.478654
dzb2,4,388.803911,73.142238
dxb,4,96.039769,17.707822
cvy,4,119.547738,22.370123
dzf,4,387.729760,73.004952
dxb2,4,96.321063,17.727375
dyb2,4,105.528823,19.454534
cvz,4,138.396293,26.145407
dzb3,4,388.423337,73.080604
dxb3,4,96.054621,17.705782
dyb3,4,105.508988,19.477624
csxxsyyszz,4,313.782797,55.427115
dyf2,4,105.411834,19.480747
dxf2,4,95.743502,17.645922
csxy,4,96.687290,18.415722
dzf2,4,387.593492,72.995485
dyf3,4,105.434649,19.475848
csyz,4,116.485182,22.130086
dxf3,4,95.556073,17.623815
dzf3,4,388.089204,73.080802
csxz,4,116.467390,22.234510
#========================= OptEWE [OpenMP] =========================
#Source type                                  :  Force monopole
#Grid Size                                    :  768 x 768 x 768
#Iterations                                   :  5
#Compute time                                 :  23.807821
#Total effective MLUPS                        :  95.133618
#===================================================================
#Number of threads                            :  23
