dxf,0,126.941759,24.116454
dzb,0,459.993990,91.160005
dyb,0,149.237661,28.168608
cvx,0,173.608786,32.808711
dyf,0,149.244595,28.203027
dzb2,0,459.874851,91.282911
dxb,0,128.595289,24.424449
cvy,0,991.723432,160.534727
dzf,0,459.280469,91.170035
dxb2,0,128.475247,24.424256
dyb2,0,152.753596,28.762311
cvz,0,180.335176,34.920370
dzb3,0,459.415678,91.264018
dxb3,0,128.799926,24.476939
dyb3,0,149.057469,28.170380
csxxsyyszz,0,469.050680,84.627795
dyf2,0,149.387541,28.213098
dxf2,0,126.738215,24.194127
csxy,0,118.222068,23.605621
dzf2,0,459.665844,91.325056
dyf3,0,149.396604,28.252777
csyz,0,141.502525,28.348496
dxf3,0,126.540336,24.231609
dzf3,0,459.526448,91.328263
csxz,0,141.136872,28.242795
dxf,1,126.474088,24.143335
dzb,1,460.064241,91.419716
dyb,1,148.854508,28.164885
cvx,1,173.600470,32.868148
dyf,1,148.976250,28.173891
dzb2,1,460.151619,91.413922
dxb,1,128.625427,24.492507
cvy,1,171.909765,32.554541
dzf,1,459.155434,91.255771
dxb2,1,128.463644,24.444901
dyb2,1,148.938610,28.190975
cvz,1,180.246465,34.923990
dzb3,1,459.674359,91.349557
dxb3,1,128.780092,24.522577
dyb3,1,148.929916,28.164136
csxxsyyszz,1,469.187076,84.672327
dyf2,1,149.327203,28.198241
dxf2,1,126.922178,24.217346
csxy,1,118.258622,23.628565
dzf2,1,459.580075,91.296925
dyf3,1,149.354482,28.281902
csyz,1,141.179744,28.205960
dxf3,1,126.583727,24.163399
dzf3,1,459.647343,91.349672
csxz,1,141.275702,28.267118
dxf,2,126.332142,24.145353
dzb,2,459.861953,91.396314
dyb,2,148.861309,28.171010
cvx,2,173.650336,32.875109
dyf,2,150.016297,28.359988
dzb2,2,460.130858,91.440797
dxb,2,128.611755,24.503630
cvy,2,171.900691,32.564002
dzf,2,459.354567,91.322002
dxb2,2,128.416981,24.452321
dyb2,2,149.084807,28.232564
cvz,2,180.273329,34.946529
dzb3,2,459.517684,91.355303
dxb3,2,128.841556,24.534529
dyb3,2,149.349709,28.250214
csxxsyyszz,2,469.143690,84.676574
dyf2,2,149.142152,28.194903
dxf2,2,126.827388,24.190713
csxy,2,118.249468,23.621809
dzf2,2,459.764317,91.360578
dyf3,2,149.119367,28.238986
csyz,2,141.211966,28.209805
dxf3,2,126.573242,24.159172
dzf3,2,461.270936,91.676724
csxz,2,141.554474,28.330073
dxf,3,126.454119,24.175458
dzb,3,460.005064,91.455626
dyb,3,148.842687,28.172943
cvx,3,173.683457,32.891676
dyf,3,149.163875,28.238894
dzb2,3,459.798338,91.417333
dxb,3,128.595870,24.503571
cvy,3,171.912180,32.570774
dzf,3,459.151545,91.300066
dxb2,3,128.386951,24.441542
dyb2,3,149.091939,28.242925
cvz,3,180.178666,34.934242
dzb3,3,459.421327,91.357573
dxb3,3,128.637277,24.521975
dyb3,3,149.072499,28.209502
csxxsyyszz,3,469.197648,84.733009
dyf2,3,149.324147,28.220903
dxf2,3,126.963228,24.239065
csxy,3,118.244148,23.643779
dzf2,3,459.653618,91.383823
dyf3,3,149.464418,28.308659
csyz,3,141.176934,28.213173
dxf3,3,127.473490,24.328043
dzf3,3,459.746645,91.444702
csxz,3,141.258863,28.309189
dxf,4,126.454972,24.171917
dzb,4,460.094550,91.476778
dyb,4,148.888646,28.178664
cvx,4,173.631066,32.889072
dyf,4,149.023818,28.232117
dzb2,4,459.945906,91.466003
dxb,4,128.555797,24.487901
cvy,4,171.956992,32.594546
dzf,4,459.072223,91.300849
dxb2,4,128.391154,24.454811
dyb2,4,149.064277,28.233366
cvz,4,180.189523,34.936842
dzb3,4,459.500876,91.372395
dxb3,4,128.662941,24.520558
dyb3,4,148.902637,28.188633
csxxsyyszz,4,469.147287,84.719183
dyf2,4,149.147199,28.192400
dxf2,4,126.776711,24.195161
csxy,4,118.189469,23.621396
dzf2,4,459.724119,91.401828
dyf3,4,149.276102,28.267060
csyz,4,141.132127,28.217295
dxf3,4,126.547541,24.185162
dzf3,4,459.489732,91.397215
csxz,4,141.288390,28.381940
#========================= OptEWE [OpenMP] =========================
#Source type                                  :  Force monopole
#Grid Size                                    :  768 x 768 x 768
#Iterations                                   :  5
#Compute time                                 :  29.898188
#Total effective MLUPS                        :  75.754564
#===================================================================
#Number of threads                            :  16
