dxf,0,143.003124,25.326346
dzb,0,523.347202,96.667708
dyb,0,164.714707,29.123494
cvx,0,187.507620,33.411575
dyf,0,164.690557,29.128401
dzb2,0,523.427199,96.862444
dxb,0,144.424625,25.654412
cvy,0,936.992531,144.810669
dzf,0,522.301846,96.673559
dxb2,0,144.001528,25.604285
dyb2,0,164.880890,29.199933
cvz,0,194.951792,35.632039
dzb3,0,523.465860,96.946373
dxb3,0,143.987251,25.618559
dyb3,0,169.086504,29.979605
csxxsyyszz,0,497.832066,85.272445
dyf2,0,164.792490,29.169883
dxf2,0,152.529071,27.095080
csxy,0,115.871081,22.361137
dzf2,0,1268.779932,205.242882
dyf3,0,164.559398,29.115984
csyz,0,174.415647,31.961295
dxf3,0,142.415205,25.401952
dzf3,0,524.838903,97.186243
csxz,0,173.443982,31.855216
dxf,1,142.374142,25.415761
dzb,1,523.329074,96.993310
dyb,1,164.621102,29.175743
cvx,1,185.423481,33.146801
dyf,1,164.693893,29.209230
dzb2,1,523.292803,96.979984
dxb,1,144.409086,25.702220
cvy,1,182.468004,32.948490
dzf,1,522.280428,96.880899
dxb2,1,143.918407,25.630627
dyb2,1,164.736465,29.210826
cvz,1,195.084649,35.672267
dzb3,1,523.220245,97.000795
dxb3,1,143.855990,25.617651
dyb3,1,169.142738,30.003794
csxxsyyszz,1,497.180585,85.203573
dyf2,1,164.885536,29.197652
dxf2,1,152.478905,27.105476
csxy,1,115.824735,22.367538
dzf2,1,1266.649378,205.549818
dyf3,1,164.540688,29.135719
csyz,1,174.259891,31.954164
dxf3,1,142.403072,25.406957
dzf3,1,522.890171,96.929391
csxz,1,173.453393,31.880609
dxf,2,142.502079,25.459134
dzb,2,523.223035,96.999568
dyb,2,164.565784,29.168169
cvx,2,185.459346,33.169205
dyf,2,164.766916,29.231486
dzb2,2,523.259388,97.018517
dxb,2,144.521349,25.710941
cvy,2,182.477091,32.955957
dzf,2,524.300144,97.210577
dxb2,2,144.196118,25.665056
dyb2,2,164.717651,29.221630
cvz,2,195.128398,35.690295
dzb3,2,523.064236,96.999769
dxb3,2,144.128727,25.673546
dyb3,2,168.980690,30.006000
csxxsyyszz,2,498.187406,85.922255
dyf2,2,164.726734,29.199797
dxf2,2,152.693971,27.160068
csxy,2,115.728613,22.364925
dzf2,2,1261.169614,205.702450
dyf3,2,164.642250,29.272102
csyz,2,174.467632,32.131410
dxf3,2,142.430547,25.535991
dzf3,2,523.113413,97.288007
csxz,2,173.811358,31.953603
dxf,3,142.435282,25.451404
dzb,3,523.137466,97.042371
dyb,3,164.682647,29.204755
cvx,3,185.478100,33.174915
dyf,3,164.669823,29.233605
dzb2,3,523.127969,97.043972
dxb,3,144.581847,25.737549
cvy,3,182.375123,32.956249
dzf,3,522.282585,96.950571
dxb2,3,143.797030,25.628473
dyb2,3,164.927230,29.287250
cvz,3,195.016992,35.685634
dzb3,3,523.086644,97.054988
dxb3,3,143.878482,25.642494
dyb3,3,169.721035,30.143720
csxxsyyszz,3,497.804244,85.351354
dyf2,3,165.033139,29.238164
dxf2,3,152.423731,27.101730
csxy,3,115.713720,22.360810
dzf2,3,1268.869334,205.530975
dyf3,3,164.522761,29.132545
csyz,3,174.303771,31.969019
dxf3,3,142.434688,25.416554
dzf3,3,522.811094,96.924834
csxz,3,173.286998,31.856833
dxf,4,142.443567,25.450164
dzb,4,523.475489,97.281685
dyb,4,164.446547,29.187280
cvx,4,185.634391,33.217387
dyf,4,164.710310,29.234467
dzb2,4,523.113171,97.077222
dxb,4,144.514461,25.741761
cvy,4,182.414884,32.977314
dzf,4,522.214904,96.969899
dxb2,4,143.886366,25.651837
dyb2,4,164.704409,29.246938
cvz,4,194.960275,35.700732
dzb3,4,523.088753,97.088757
dxb3,4,143.936415,25.664979
dyb3,4,168.838727,30.012448
csxxsyyszz,4,496.517047,85.204890
dyf2,4,164.982893,29.255392
dxf2,4,152.481866,27.120607
csxy,4,115.689368,22.360183
dzf2,4,1266.719259,205.737105
dyf3,4,164.740784,29.167926
csyz,4,174.160016,31.966155
dxf3,4,142.363733,25.429227
dzf3,4,522.823031,96.973443
csxz,4,173.472060,31.896418
#========================= OptEWE [OpenMP] =========================
#Source type                                  :  Force monopole
#Grid Size                                    :  768 x 768 x 768
#Iterations                                   :  5
#Compute time                                 :  37.101151
#Total effective MLUPS                        :  61.047276
#===================================================================
#Number of threads                            :  14
