dxf,0,216.349387,33.085204
dzb,0,808.128440,125.587646
dyb,0,277.427378,41.787622
cvx,0,338.698354,52.068146
dyf,0,278.080424,41.937258
dzb2,0,808.390829,125.686931
dxb,0,225.591443,34.338594
cvy,0,1026.691862,143.674312
dzf,0,808.362624,125.651858
dxb2,0,224.885603,34.241320
dyb2,0,279.138368,42.017029
cvz,0,355.337203,55.639633
dzb3,0,807.664374,125.622132
dxb3,0,225.724660,34.356883
dyb3,0,282.096766,42.842079
csxxsyyszz,0,938.423874,138.087447
dyf2,0,278.075883,41.880710
dxf2,0,223.941062,34.495383
csxy,0,192.137443,31.332020
dzf2,0,1290.598918,193.814838
dyf3,0,278.115192,41.931948
csyz,0,272.807893,43.336379
dxf3,0,216.635180,33.105432
dzf3,0,806.856010,125.476217
csxz,0,268.714783,42.837987
dxf,1,216.118200,33.064101
dzb,1,808.651583,126.059419
dyb,1,276.030180,45.371591
cvx,1,338.564813,55.005454
dyf,1,276.607701,44.620154
dzb2,1,809.323363,126.846590
dxb,1,225.567556,34.328996
cvy,1,344.747558,53.194622
dzf,1,808.372734,125.748862
dxb2,1,224.706554,34.246620
dyb2,1,277.505311,41.777230
cvz,1,355.417627,55.663178
dzb3,1,806.834422,125.923459
dxb3,1,225.439614,34.422121
dyb3,1,281.544046,42.928129
csxxsyyszz,1,932.569420,137.401095
dyf2,1,277.753995,41.966861
dxf2,1,223.974156,34.568046
csxy,1,190.425778,31.174658
dzf2,1,1290.952275,194.601683
dyf3,1,277.744436,41.978233
csyz,1,272.977507,43.502427
dxf3,1,216.156082,33.163597
dzf3,1,806.316099,125.972417
csxz,1,268.770362,43.075924
dxf,2,215.902578,33.210442
dzb,2,807.505556,126.071303
dyb,2,276.938049,41.831715
cvx,2,339.578528,52.546664
dyf,2,277.652136,41.974484
dzb2,2,808.781977,127.104578
dxb,2,224.937552,34.365306
cvy,2,343.639340,53.224877
dzf,2,806.396390,125.849231
dxb2,2,224.806238,34.197280
dyb2,2,277.421686,41.740155
cvz,2,354.949176,55.657724
dzb3,2,807.890731,125.610154
dxb3,2,225.808988,34.340374
dyb3,2,281.947751,42.824799
csxxsyyszz,2,935.719496,137.621790
dyf2,2,278.314942,41.927648
dxf2,2,223.910205,34.416117
csxy,2,190.564042,31.082533
dzf2,2,1289.793447,193.649218
dyf3,2,278.160709,41.907518
csyz,2,272.764649,43.359250
dxf3,2,216.400403,33.130603
dzf3,2,806.634607,125.641198
csxz,2,270.082129,43.098454
dxf,3,215.849232,33.096550
dzb,3,808.941694,126.347202
dyb,3,277.127935,41.950364
cvx,3,340.193664,52.152831
dyf,3,277.576205,42.039736
dzb2,3,808.032371,126.072000
dxb,3,225.083510,34.331060
cvy,3,344.611882,53.168084
dzf,3,806.687695,127.286679
dxb2,3,223.718719,36.383499
dyb2,3,277.739789,41.793864
cvz,3,355.242666,55.634781
dzb3,3,807.369475,125.855450
dxb3,3,225.611598,34.460307
dyb3,3,282.084825,42.886701
csxxsyyszz,3,930.944948,137.677590
dyf2,3,278.186290,42.107344
dxf2,3,223.840991,34.594251
csxy,3,190.511080,31.215289
dzf2,3,1289.707177,193.875526
dyf3,3,278.159037,41.965754
csyz,3,272.679849,43.318900
dxf3,3,216.551014,33.116535
dzf3,3,808.131007,125.690807
csxz,3,268.813558,42.830461
dxf,4,216.204341,33.057073
dzb,4,809.258797,125.869052
dyb,4,276.935228,41.790073
cvx,4,338.806179,52.010484
dyf,4,277.592611,41.928050
dzb2,4,808.453810,125.772703
dxb,4,225.545954,34.321610
cvy,4,344.724082,53.168582
dzf,4,807.321938,125.467955
dxb2,4,224.646378,34.242171
dyb2,4,276.762155,41.772667
cvz,4,354.870685,55.627349
dzb3,4,807.559237,125.636724
dxb3,4,225.578381,34.379088
dyb3,4,281.590332,42.826107
csxxsyyszz,4,937.424138,138.008996
dyf2,4,278.407263,41.916077
dxf2,4,224.024766,34.442072
csxy,4,190.599427,31.101830
dzf2,4,1289.947636,193.671744
dyf3,4,279.566028,42.104906
csyz,4,273.104239,43.315697
dxf3,4,216.575655,33.087395
dzf3,4,808.714883,125.571079
csxz,4,268.951883,42.869746
#========================= OptEWE [OpenMP] =========================
#Source type                                  :  Force monopole
#Grid Size                                    :  768 x 768 x 768
#Iterations                                   :  5
#Compute time                                 :  55.875450
#Total effective MLUPS                        :  40.535229
#===================================================================
#Number of threads                            :  4
