dxf,0,143.772729,25.116227
dzb,0,529.942128,96.517704
dyb,0,165.580432,28.830700
cvx,0,186.048765,32.711429
dyf,0,165.169450,28.785474
dzb2,0,527.666624,96.312872
dxb,0,148.770661,25.946346
cvy,0,945.085271,143.503011
dzf,0,527.195894,96.205275
dxb2,0,144.914610,25.382885
dyb2,0,165.650186,28.888846
cvz,0,196.688306,35.420533
dzb3,0,527.677794,96.393588
dxb3,0,144.916807,25.412427
dyb3,0,169.880070,29.678842
csxxsyyszz,0,497.952714,84.027772
dyf2,0,165.322863,28.818893
dxf2,0,153.402381,26.837622
csxy,0,117.174007,22.296047
dzf2,0,1282.086755,204.229600
dyf3,0,164.584662,28.707134
csyz,0,176.446868,31.873812
dxf3,0,143.323194,25.198194
dzf3,0,527.419082,96.407894
csxz,0,175.252132,31.722615
dxf,1,143.311493,25.227146
dzb,1,527.468096,96.426575
dyb,1,165.329435,28.846768
cvx,1,186.046555,32.783901
dyf,1,165.132828,28.841016
dzb2,1,527.692580,96.495419
dxb,1,145.499342,25.489356
cvy,1,182.834755,32.558994
dzf,1,527.122673,96.431685
dxb2,1,144.836701,25.418840
dyb2,1,165.916008,28.961036
cvz,1,196.717928,35.476289
dzb3,1,527.572510,96.492162
dxb3,1,147.719415,25.837513
dyb3,1,169.761755,29.650726
csxxsyyszz,1,496.356714,83.807786
dyf2,1,165.240965,28.850874
dxf2,1,153.264771,26.834312
csxy,1,117.265638,22.328141
dzf2,1,1283.565270,204.083501
dyf3,1,164.592846,28.746611
csyz,1,176.731624,32.193948
dxf3,1,143.346816,25.352861
dzf3,1,527.077304,96.770743
csxz,1,175.267197,31.889222
dxf,2,143.458624,25.276790
dzb,2,527.411755,96.462386
dyb,2,165.319421,28.896993
cvx,2,186.147991,32.816875
dyf,2,165.446323,28.908029
dzb2,2,527.629441,96.514294
dxb,2,145.352203,25.496209
cvy,2,182.708235,32.562405
dzf,2,526.903789,96.425761
dxb2,2,144.882221,25.432535
dyb2,2,165.714381,28.934152
cvz,2,196.603916,35.481048
dzb3,2,527.728603,96.522083
dxb3,2,144.965109,25.439266
dyb3,2,169.721662,29.685286
csxxsyyszz,2,497.934653,84.091955
dyf2,2,165.393928,28.896398
dxf2,2,153.260680,26.860046
csxy,2,117.198828,22.343365
dzf2,2,1282.271344,204.260003
dyf3,2,164.608963,28.752524
csyz,2,177.243760,32.018243
dxf3,2,143.366733,25.202635
dzf3,2,527.382074,96.440383
csxz,2,175.326140,31.787025
dxf,3,143.318382,25.225888
dzb,3,527.631627,96.493125
dyb,3,165.293773,28.891891
cvx,3,186.109178,32.805330
dyf,3,165.106988,28.852445
dzb2,3,528.498746,96.642225
dxb,3,145.513978,25.540301
cvy,3,182.699292,32.562300
dzf,3,527.137883,96.422385
dxb2,3,144.824382,25.422010
dyb2,3,165.652689,28.936399
cvz,3,196.617506,35.481887
dzb3,3,527.699585,96.506800
dxb3,3,144.930194,25.452496
dyb3,3,169.739495,29.681704
csxxsyyszz,3,497.899670,84.090413
dyf2,3,165.542345,28.920718
dxf2,3,153.091606,26.839797
csxy,3,117.337761,22.351857
dzf2,3,1282.108576,204.493567
dyf3,3,164.453761,28.726158
csyz,3,176.265841,31.852252
dxf3,3,143.166733,25.181300
dzf3,3,527.205888,96.424360
csxz,3,175.129787,31.745860
dxf,4,143.637125,25.273075
dzb,4,527.762028,96.535429
dyb,4,165.284321,28.897043
cvx,4,186.015058,32.808405
dyf,4,165.022192,28.880365
dzb2,4,527.817513,96.558549
dxb,4,146.343731,25.673189
cvy,4,182.858220,32.578452
dzf,4,526.884697,96.426383
dxb2,4,144.730004,25.433076
dyb2,4,165.573558,28.929269
cvz,4,196.667112,35.501144
dzb3,4,527.810468,96.595798
dxb3,4,144.951474,25.474104
dyb3,4,169.798213,29.716797
csxxsyyszz,4,498.096470,84.166098
dyf2,4,165.342290,28.879085
dxf2,4,153.093826,26.859447
csxy,4,117.097134,22.324101
dzf2,4,1283.841039,204.380494
dyf3,4,164.666470,28.793568
csyz,4,176.407630,31.891129
dxf3,4,143.320765,25.208021
dzf3,4,527.178565,96.435557
csxz,4,175.276164,31.771952
#========================= OptEWE [OpenMP] =========================
#Source type                                  :  Force monopole
#Grid Size                                    :  768 x 768 x 768
#Iterations                                   :  5
#Compute time                                 :  37.390522
#Total effective MLUPS                        :  60.574821
#===================================================================
#Number of threads                            :  14
