dxf,0,86.781349,19.231190
dzb,0,322.385318,75.305701
dyb,0,88.012355,19.859376
cvx,0,100.311475,23.550331
dyf,0,88.020319,19.953961
dzb2,0,322.396676,75.497663
dxb,0,85.588398,19.122858
cvy,0,840.372903,153.816557
dzf,0,321.599122,75.312190
dxb2,0,85.537289,19.144007
dyb2,0,88.262837,19.969466
cvz,0,116.698963,27.536010
dzb3,0,322.055553,75.508606
dxb3,0,85.384668,19.115369
dyb3,0,88.237417,19.990064
csxxsyyszz,0,220.625423,49.500840
dyf2,0,88.191896,19.995307
dxf2,0,85.588923,19.166630
csxy,0,82.906631,19.547952
dzf2,0,321.649944,75.471473
dyf3,0,88.084553,20.003390
csyz,0,99.131997,23.355890
dxf3,0,85.225661,19.118221
dzf3,0,321.813548,75.534893
csxz,0,99.084764,23.375910
dxf,1,85.341373,19.129464
dzb,1,322.345233,75.694419
dyb,1,88.080321,19.970867
cvx,1,100.363920,23.646526
dyf,1,88.015636,20.011943
dzb2,1,322.464791,75.727844
dxb,1,85.557283,19.178845
cvy,1,100.406231,23.657479
dzf,1,321.737249,75.591692
dxb2,1,85.503108,19.178371
dyb2,1,88.414559,20.049843
cvz,1,116.840716,27.608817
dzb3,1,321.960043,75.634069
dxb3,1,85.475186,19.162898
dyb3,1,88.291532,20.036414
csxxsyyszz,1,220.558848,49.588731
dyf2,1,88.213954,20.036941
dxf2,1,85.652080,19.217570
csxy,1,82.886375,19.591033
dzf2,1,321.615862,75.538404
dyf3,1,88.156745,20.040109
csyz,1,99.120716,23.384146
dxf3,1,85.161190,19.125416
dzf3,1,321.875467,75.660290
csxz,1,99.088022,23.406601
dxf,2,85.279761,19.156456
dzb,2,322.413369,75.769752
dyb,2,88.048741,19.953923
cvx,2,100.351296,23.652898
dyf,2,88.061430,20.029694
dzb2,2,322.891304,75.881697
dxb,2,85.649316,19.221380
cvy,2,100.355700,23.639793
dzf,2,321.656577,75.639708
dxb2,2,85.558176,19.191952
dyb2,2,88.294355,20.046252
cvz,2,116.820608,27.616688
dzb3,2,322.023189,75.697934
dxb3,2,85.408597,19.168585
dyb3,2,88.360424,20.045666
csxxsyyszz,2,220.619160,49.611981
dyf2,2,88.143729,20.007891
dxf2,2,85.607541,19.236235
csxy,2,82.869079,19.598167
dzf2,2,323.655801,75.991019
dyf3,2,88.203148,20.083244
csyz,2,99.168756,23.415240
dxf3,2,85.235301,19.157980
dzf3,2,321.855138,75.697860
csxz,2,99.156646,23.438397
dxf,3,85.241896,19.156646
dzb,3,322.464295,75.819415
dyb,3,87.958605,19.982168
cvx,3,100.364942,23.683912
dyf,3,88.056641,20.032885
dzb2,3,322.303879,75.802588
dxb,3,85.625434,19.228446
cvy,3,100.500759,23.698842
dzf,3,321.585296,75.672602
dxb2,3,85.610438,19.220158
dyb2,3,88.385998,20.061902
cvz,3,116.804145,27.638285
dzb3,3,322.072029,75.744704
dxb3,3,85.390685,19.176097
dyb3,3,88.173322,20.045224
csxxsyyszz,3,220.708805,49.681973
dyf2,3,88.170955,20.062321
dxf2,3,85.564771,19.225641
csxy,3,82.888422,19.605085
dzf2,3,321.648612,75.670324
dyf3,3,88.080995,20.061058
csyz,3,99.146246,23.421827
dxf3,3,85.266503,19.175407
dzf3,3,321.889720,75.763421
csxz,3,99.139996,23.447222
dxf,4,85.270908,19.171864
dzb,4,322.364917,75.848409
dyb,4,87.982798,19.990630
cvx,4,100.308529,23.680557
dyf,4,87.995269,20.049573
dzb2,4,322.439373,75.878616
dxb,4,85.561738,19.224960
cvy,4,100.343414,23.662354
dzf,4,321.674705,75.725759
dxb2,4,85.520291,19.201639
dyb2,4,88.284479,20.062157
cvz,4,116.796972,27.643516
dzb3,4,322.001711,75.762702
dxb3,4,85.409108,19.184898
dyb3,4,88.314255,20.044637
csxxsyyszz,4,220.548042,49.637465
dyf2,4,88.058256,20.019555
dxf2,4,85.708242,19.255784
csxy,4,82.982708,19.635289
dzf2,4,321.575840,75.672369
dyf3,4,88.132078,20.091175
csyz,4,99.159361,23.432289
dxf3,4,85.238584,19.170108
dzf3,4,321.924675,75.764298
csxz,4,99.140513,23.574617
#========================= OptEWE [OpenMP] =========================
#Source type                                  :  Force monopole
#Grid Size                                    :  768 x 768 x 768
#Iterations                                   :  5
#Compute time                                 :  19.708975
#Total effective MLUPS                        :  114.918416
#===================================================================
#Number of threads                            :  23
