dxf,0,95.992885,20.361872
dzb,0,360.042506,79.886418
dyb,0,97.048283,21.046488
cvx,0,111.426988,24.857092
dyf,0,97.268566,21.159474
dzb2,0,359.104512,79.946137
dxb,0,94.841986,20.303100
cvy,0,827.823518,148.022755
dzf,0,358.508066,79.806259
dxb2,0,94.848586,20.317851
dyb2,0,97.531856,21.192736
cvz,0,129.822795,29.082411
dzb3,0,360.886051,80.373160
dxb3,0,94.955715,20.351309
dyb3,0,97.602262,21.221221
csxxsyyszz,0,232.107735,50.469172
dyf2,0,97.286888,21.190607
dxf2,0,94.772102,20.333675
csxy,0,92.296812,20.694000
dzf2,0,358.796752,80.031981
dyf3,0,96.957423,21.134986
csyz,0,110.516387,24.732481
dxf3,0,94.580091,20.287922
dzf3,0,358.704717,80.046201
csxz,0,110.541672,24.791190
dxf,1,94.747087,20.347430
dzb,1,359.145527,80.142924
dyb,1,97.113547,21.113613
cvx,1,111.600628,24.964220
dyf,1,97.298572,21.266986
dzb2,1,359.041439,80.122184
dxb,1,94.933891,20.347126
cvy,1,111.533443,24.915263
dzf,1,358.438521,79.996008
dxb2,1,94.770841,20.342289
dyb2,1,97.360031,21.205063
cvz,1,129.731154,29.110903
dzb3,1,358.757166,80.082819
dxb3,1,94.973870,20.383766
dyb3,1,97.481319,21.217941
csxxsyyszz,1,231.775767,50.470167
dyf2,1,97.327169,21.212898
dxf2,1,94.767764,20.354215
csxy,1,92.317067,20.722112
dzf2,1,358.782353,80.109744
dyf3,1,97.124657,21.173665
csyz,1,110.548858,24.764301
dxf3,1,94.603353,20.324446
dzf3,1,358.744474,80.134047
csxz,1,110.515647,24.804965
dxf,2,94.661975,20.344682
dzb,2,359.104859,80.190426
dyb,2,96.972472,21.127135
cvx,2,111.534789,24.949986
dyf,2,97.095599,21.163162
dzb2,2,359.077183,80.159752
dxb,2,94.949598,20.365576
cvy,2,111.499907,24.918255
dzf,2,358.418684,80.040615
dxb2,2,94.847717,20.362248
dyb2,2,97.380246,21.202089
cvz,2,129.716938,29.125660
dzb3,2,358.881288,80.149280
dxb3,2,94.868537,20.375859
dyb3,2,97.572611,21.239536
csxxsyyszz,2,232.084319,50.484909
dyf2,2,97.142679,21.180292
dxf2,2,94.813192,20.360885
csxy,2,92.265419,20.709414
dzf2,2,358.661615,80.071453
dyf3,2,96.906410,21.164780
csyz,2,110.511587,24.789623
dxf3,2,94.578501,20.333885
dzf3,2,360.263843,80.423925
csxz,2,110.511727,24.820983
dxf,3,94.711141,20.362771
dzb,3,359.087081,80.222887
dyb,3,97.167805,21.155835
cvx,3,111.509332,24.971799
dyf,3,97.046774,21.190873
dzb2,3,359.061045,80.224033
dxb,3,94.814075,20.366137
cvy,3,111.483073,24.949393
dzf,3,358.510404,80.106409
dxb2,3,94.755674,20.363956
dyb2,3,97.460821,21.232430
cvz,3,129.883552,29.153032
dzb3,3,358.911865,80.196985
dxb3,3,94.935585,20.383955
dyb3,3,97.446614,21.211002
csxxsyyszz,3,231.988577,50.508168
dyf2,3,97.239210,21.201462
dxf2,3,94.747126,20.351386
csxy,3,92.232718,20.709679
dzf2,3,358.762560,80.160135
dyf3,3,97.047953,21.175324
csyz,3,110.421166,24.767491
dxf3,3,94.752054,20.371444
dzf3,3,358.846176,80.176825
csxz,3,110.511019,24.815767
dxf,4,94.785750,20.391154
dzb,4,359.202748,80.256812
dyb,4,97.376541,21.210749
cvx,4,111.498263,24.963523
dyf,4,97.093311,21.189021
dzb2,4,359.177330,80.281355
dxb,4,94.811374,20.373951
cvy,4,111.421465,24.941891
dzf,4,358.574796,80.142710
dxb2,4,94.868272,20.390378
dyb2,4,97.502449,21.242114
cvz,4,129.766980,29.139992
dzb3,4,358.935345,80.207341
dxb3,4,94.796024,20.375220
dyb3,4,97.552167,21.249744
csxxsyyszz,4,231.152614,50.369567
dyf2,4,97.403873,21.232937
dxf2,4,94.749757,20.368853
csxy,4,92.293952,20.741347
dzf2,4,358.790304,80.188011
dyf3,4,96.949834,21.183043
csyz,4,110.428112,24.778539
dxf3,4,94.673360,20.358963
dzf3,4,358.805138,80.228702
csxz,4,110.450998,24.888080
#========================= OptEWE [OpenMP] =========================
#Source type                                  :  Force monopole
#Grid Size                                    :  768 x 768 x 768
#Iterations                                   :  5
#Compute time                                 :  21.738873
#Total effective MLUPS                        :  104.187748
#===================================================================
#Number of threads                            :  21
