dxf,0,200.262800,33.060091
dzb,0,670.709285,115.004682
dyb,0,258.328772,41.839821
cvx,0,336.596531,54.774736
dyf,0,258.512704,41.820519
dzb2,0,670.225594,114.990188
dxb,0,207.885801,34.167871
cvy,0,1147.498748,170.970443
dzf,0,669.867728,114.898410
dxb2,0,208.523554,34.225417
dyb2,0,257.921259,41.771915
cvz,0,343.305129,57.882238
dzb3,0,670.797539,115.167924
dxb3,0,208.146649,34.166652
dyb3,0,259.060416,42.401663
csxxsyyszz,0,922.085921,145.024577
dyf2,0,259.195428,41.896184
dxf2,0,202.690388,33.807067
csxy,0,151.151698,27.383772
dzf2,0,1058.833398,174.897297
dyf3,0,259.158199,41.907171
csyz,0,221.925210,39.055975
dxf3,0,199.643137,32.953905
dzf3,0,670.357183,114.912386
csxz,0,220.461455,38.886992
dxf,1,200.115613,33.042728
dzb,1,670.940568,115.091140
dyb,1,258.136872,41.799557
cvx,1,336.439943,54.967989
dyf,1,258.491161,41.845120
dzb2,1,671.667084,115.202379
dxb,1,208.019438,34.165830
cvy,1,337.684574,55.796398
dzf,1,669.609939,114.902593
dxb2,1,208.526341,34.214207
dyb2,1,258.184606,41.804679
cvz,1,343.608028,57.639125
dzb3,1,671.236828,115.128708
dxb3,1,208.036960,35.656791
dyb3,1,259.443704,43.401650
csxxsyyszz,1,915.536877,145.537662
dyf2,1,259.094578,41.997642
dxf2,1,201.685868,33.667754
csxy,1,152.734493,27.646926
dzf2,1,1057.620900,174.819787
dyf3,1,258.825876,41.940368
csyz,1,222.203753,39.131047
dxf3,1,199.505105,32.971816
dzf3,1,670.116272,115.103187
csxz,1,220.489714,38.909109
dxf,2,200.183797,33.077027
dzb,2,671.054229,115.133783
dyb,2,258.206006,41.811000
cvx,2,336.360683,55.067367
dyf,2,258.550055,41.887594
dzb2,2,670.395668,115.006773
dxb,2,209.383072,34.393277
cvy,2,335.762615,55.511173
dzf,2,669.630626,114.903398
dxb2,2,208.503296,34.228794
dyb2,2,257.489424,41.728198
cvz,2,343.271643,57.604090
dzb3,2,670.873054,115.156555
dxb3,2,208.189764,34.218589
dyb3,2,259.672272,42.547201
csxxsyyszz,2,922.068264,145.141799
dyf2,2,259.203193,41.985330
dxf2,2,201.777120,33.706718
csxy,2,151.201837,27.421638
dzf2,2,1058.916214,175.037222
dyf3,2,258.591991,41.899610
csyz,2,221.778992,39.074872
dxf3,2,199.530435,33.042512
dzf3,2,670.328239,115.057301
csxz,2,220.536462,38.953121
dxf,3,200.077591,33.050069
dzb,3,670.952149,115.130444
dyb,3,258.339933,41.840635
cvx,3,336.291246,55.205366
dyf,3,258.418459,41.878201
dzb2,3,670.243651,115.033805
dxb,3,207.893192,34.181768
cvy,3,337.329426,55.766573
dzf,3,669.717534,114.935154
dxb2,3,208.422946,34.297732
dyb2,3,258.022594,41.841836
cvz,3,343.263691,57.634718
dzb3,3,671.179510,115.217484
dxb3,3,208.154725,34.268338
dyb3,3,260.129237,42.630415
csxxsyyszz,3,918.788652,144.715076
dyf2,3,259.089172,41.965992
dxf2,3,201.674930,33.705170
csxy,3,151.349556,27.434208
dzf2,3,1059.485591,175.100335
dyf3,3,258.869148,41.912408
csyz,3,221.968150,39.102600
dxf3,3,201.508290,33.317360
dzf3,3,670.338766,115.043022
csxz,3,220.475089,38.950846
dxf,4,200.040561,33.080469
dzb,4,671.104348,115.227267
dyb,4,257.733032,43.262827
cvx,4,336.287237,56.029382
dyf,4,258.593782,41.898408
dzb2,4,670.108784,115.270550
dxb,4,207.897485,34.162206
cvy,4,335.605185,55.520623
dzf,4,671.314411,115.432161
dxb2,4,208.629742,34.371377
dyb2,4,257.967744,41.971924
cvz,4,343.435218,57.777997
dzb3,4,670.992500,115.240088
dxb3,4,208.308893,34.273756
dyb3,4,259.937806,42.684949
csxxsyyszz,4,916.504679,144.739222
dyf2,4,258.997146,41.940602
dxf2,4,201.706371,33.688441
csxy,4,151.232461,27.452645
dzf2,4,1058.613237,175.361525
dyf3,4,258.879200,42.068118
csyz,4,221.793243,39.095534
dxf3,4,199.593768,32.982125
dzf3,4,670.381296,115.249964
csxz,4,220.518112,39.091114
#========================= OptEWE [OpenMP] =========================
#Source type                                  :  Force monopole
#Grid Size                                    :  768 x 768 x 768
#Iterations                                   :  5
#Compute time                                 :  49.411263
#Total effective MLUPS                        :  45.838217
#===================================================================
#Number of threads                            :  7
