dxf,0,149.125445,23.459851
dzb,0,643.561558,101.308186
dyb,0,150.286762,24.046994
cvx,0,183.485553,29.413973
dyf,0,150.673770,24.144232
dzb2,0,643.550129,101.210727
dxb,0,146.180562,23.113936
cvy,0,1279.447677,172.942169
dzf,0,642.131703,101.234827
dxb2,0,146.598840,23.217591
dyb2,0,150.615361,24.114683
cvz,0,216.797991,34.683203
dzb3,0,643.403174,100.884618
dxb3,0,146.337766,23.149793
dyb3,0,150.561360,24.110494
csxxsyyszz,0,387.400979,61.243587
dyf2,0,150.726464,24.159989
dxf2,0,146.265557,23.208785
csxy,0,148.423121,24.011892
dzf2,0,642.142509,101.266694
dyf3,0,151.826747,24.379604
csyz,0,181.085944,29.149641
dxf3,0,146.120285,23.172529
dzf3,0,642.057597,101.337797
csxz,0,181.035647,29.166153
dxf,1,146.007038,23.185029
dzb,1,643.610227,101.552960
dyb,1,150.353433,24.095992
cvx,1,183.633383,29.463727
dyf,1,150.559665,24.168664
dzb2,1,643.568779,101.173998
dxb,1,146.294276,23.170097
cvy,1,183.523928,29.433641
dzf,1,641.945477,101.310450
dxb2,1,146.522113,23.216082
dyb2,1,150.641062,24.141592
cvz,1,216.730970,34.701187
dzb3,1,644.122716,101.663700
dxb3,1,146.417809,23.229358
dyb3,1,150.808148,24.172586
csxxsyyszz,1,385.536706,61.035714
dyf2,1,151.275474,24.241152
dxf2,1,146.226859,23.181032
csxy,1,148.344259,23.983681
dzf2,1,642.017248,101.370683
dyf3,1,150.903540,24.229449
csyz,1,181.038202,29.172005
dxf3,1,145.948139,23.170507
dzf3,1,642.057196,100.752879
csxz,1,181.022089,29.161372
dxf,2,146.107935,23.183281
dzb,2,643.541742,101.342482
dyb,2,150.510230,24.078294
cvx,2,183.650587,29.476663
dyf,2,150.899453,24.235122
dzb2,2,644.811218,101.768501
dxb,2,146.453953,23.225568
cvy,2,183.668908,29.466449
dzf,2,641.958410,101.370522
dxb2,2,146.605185,23.245217
dyb2,2,150.667969,24.152967
cvz,2,216.647119,34.708880
dzb3,2,643.096528,101.481502
dxb3,2,146.410267,23.210355
dyb3,2,151.877724,24.343864
csxxsyyszz,2,387.358129,61.312990
dyf2,2,150.808912,24.177297
dxf2,2,146.275431,23.208993
csxy,2,148.456402,24.014431
dzf2,2,641.881529,100.733096
dyf3,2,150.736225,24.167256
csyz,2,181.051816,29.147487
dxf3,2,146.147304,23.182739
dzf3,2,642.091444,101.356600
csxz,2,180.995480,29.184899
dxf,3,146.057979,23.190034
dzb,3,643.605028,101.592427
dyb,3,150.463581,24.115377
cvx,3,183.794568,29.511570
dyf,3,150.645496,24.189751
dzb2,3,643.476388,101.566884
dxb,3,146.381112,23.242081
cvy,3,183.849063,29.483302
dzf,3,642.190523,100.948932
dxb2,3,146.667092,23.236823
dyb2,3,150.638431,24.153930
cvz,3,216.648953,34.689919
dzb3,3,643.310173,101.523070
dxb3,3,146.527213,23.234339
dyb3,3,150.595029,24.126908
csxxsyyszz,3,390.923277,61.761139
dyf2,3,150.933118,24.188893
dxf2,3,146.252283,23.205938
csxy,3,148.507477,24.055735
dzf2,3,641.853002,101.356622
dyf3,3,150.638989,24.163930
csyz,3,181.099017,29.181929
dxf3,3,146.108779,23.195385
dzf3,3,642.089043,101.400713
csxz,3,181.056739,29.196140
dxf,4,146.028544,23.189554
dzb,4,643.627330,101.126574
dyb,4,150.453184,24.127939
cvx,4,183.791215,29.503084
dyf,4,150.728560,24.211394
dzb2,4,643.419839,101.585017
dxb,4,146.495542,23.248248
cvy,4,183.433796,29.439636
dzf,4,642.226217,101.419758
dxb2,4,146.713997,23.268542
dyb2,4,150.738198,24.175134
cvz,4,216.702425,34.730042
dzb3,4,643.176894,101.528836
dxb3,4,146.345911,23.236986
dyb3,4,150.653585,24.142856
csxxsyyszz,4,387.326309,61.299614
dyf2,4,150.868874,24.198697
dxf2,4,146.256726,23.229619
csxy,4,148.364475,24.021691
dzf2,4,641.928940,101.368614
dyf3,4,150.607350,24.171488
csyz,4,181.059147,29.172041
dxf3,4,145.976067,23.175314
dzf3,4,642.121173,101.403294
csxz,4,181.080407,29.221347
#========================= OptEWE [OpenMP] =========================
#Source type                                  :  Force monopole
#Grid Size                                    :  768 x 768 x 768
#Iterations                                   :  5
#Compute time                                 :  36.706730
#Total effective MLUPS                        :  61.703240
#===================================================================
#Number of threads                            :  19
