dxf,0,251.853886,34.476731
dzb,0,1002.833376,137.907440
dyb,0,317.997602,42.963444
cvx,0,375.479817,51.740769
dyf,0,318.381688,43.097189
dzb2,0,1002.979353,137.994446
dxb,0,259.253707,35.375714
cvy,0,1189.866018,150.508432
dzf,0,1001.456807,137.805895
dxb2,0,259.537720,35.430503
dyb2,0,317.107828,42.971216
cvz,0,397.624064,56.058514
dzb3,0,1003.084998,138.005528
dxb3,0,260.443264,35.533109
dyb3,0,324.171060,44.105535
csxxsyyszz,0,1050.191810,139.485459
dyf2,0,317.998194,43.018351
dxf2,0,259.924741,35.860650
csxy,0,237.125842,34.152073
dzf2,0,1563.124748,210.308317
dyf3,0,319.850792,45.847770
csyz,0,327.959669,46.901845
dxf3,0,252.707901,34.716369
dzf3,0,1001.578071,138.332982
csxz,0,324.994483,46.027966
dxf,1,251.619856,34.495043
dzb,1,1002.541552,137.997495
dyb,1,318.052079,42.993931
cvx,1,374.664061,51.835544
dyf,1,318.596272,43.108190
dzb2,1,1003.087514,138.005750
dxb,1,259.387133,35.399013
cvy,1,392.108724,54.415534
dzf,1,1001.254372,137.867882
dxb2,1,261.199910,35.652421
dyb2,1,317.815425,43.000974
cvz,1,397.918389,56.090659
dzb3,1,1003.409705,138.096254
dxb3,1,260.551430,35.542521
dyb3,1,323.215693,44.079285
csxxsyyszz,1,1048.351911,139.328836
dyf2,1,318.553890,43.068360
dxf2,1,260.014259,35.879238
csxy,1,237.296830,34.157835
dzf2,1,1560.832676,210.012804
dyf3,1,318.733170,43.142775
csyz,1,328.622399,46.429863
dxf3,1,252.641023,34.612192
dzf3,1,1001.669319,137.869966
csxz,1,324.876295,46.009857
dxf,2,251.679751,34.468312
dzb,2,1002.819682,138.078478
dyb,2,317.836616,43.000603
cvx,2,374.363113,51.975986
dyf,2,320.007114,43.293756
dzb2,2,1003.504302,138.148215
dxb,2,259.505872,35.438210
cvy,2,392.110574,54.391781
dzf,2,1002.452810,137.988774
dxb2,2,259.649570,35.470642
dyb2,2,317.579400,42.955724
cvz,2,397.808766,56.069973
dzb3,2,1003.262392,138.103307
dxb3,2,260.631923,35.582847
dyb3,2,323.118443,44.141458
csxxsyyszz,2,1049.779900,139.512474
dyf2,2,320.324629,43.330620
dxf2,2,260.055568,35.890397
csxy,2,237.037459,34.122112
dzf2,2,1548.384707,214.334898
dyf3,2,318.367983,43.772985
csyz,2,328.946296,46.487960
dxf3,2,252.128197,34.541190
dzf3,2,1002.560901,138.115118
csxz,2,325.094524,46.017899
dxf,3,251.695417,34.394352
dzb,3,1002.353161,137.986788
dyb,3,317.304200,42.979425
cvx,3,376.550472,51.955621
dyf,3,318.544563,43.002146
dzb2,3,1003.299371,137.793806
dxb,3,259.663772,35.376825
cvy,3,392.055158,54.368422
dzf,3,1000.767712,137.775722
dxb2,3,259.474857,35.404523
dyb2,3,317.090292,42.917275
cvz,3,397.473373,56.065162
dzb3,3,1003.263883,137.798790
dxb3,3,260.483660,35.477476
dyb3,3,323.115904,44.099727
csxxsyyszz,3,1046.398838,138.960988
dyf2,3,318.595116,42.958195
dxf2,3,261.380807,35.993403
csxy,3,237.145421,34.108382
dzf2,3,1562.129727,210.140277
dyf3,3,318.533943,43.104609
csyz,3,328.833310,46.485196
dxf3,3,254.218490,34.778032
dzf3,3,1002.047241,137.684431
csxz,3,324.912634,45.971897
dxf,4,251.696016,34.394558
dzb,4,1003.027972,137.885903
dyb,4,316.963979,42.906381
cvx,4,373.425022,51.705672
dyf,4,317.671570,43.043376
dzb2,4,1002.993093,137.980602
dxb,4,259.311014,35.336465
cvy,4,392.140461,54.358355
dzf,4,1001.253807,137.614870
dxb2,4,259.329539,35.420092
dyb2,4,317.374906,42.950947
cvz,4,399.178302,56.275553
dzb3,4,1003.019867,138.023764
dxb3,4,262.379945,35.698083
dyb3,4,322.655236,43.986547
csxxsyyszz,4,1051.880069,139.676783
dyf2,4,318.076378,43.055737
dxf2,4,259.915789,35.866386
csxy,4,237.030021,34.119677
dzf2,4,1562.166201,210.246190
dyf3,4,318.451380,43.078385
csyz,4,328.696087,46.478871
dxf3,4,252.474564,34.582678
dzf3,4,1001.477234,137.922533
csxz,4,324.742530,46.076993
#========================= OptEWE [OpenMP] =========================
#Source type                                  :  Force monopole
#Grid Size                                    :  768 x 768 x 768
#Iterations                                   :  5
#Compute time                                 :  66.478790
#Total effective MLUPS                        :  34.069876
#===================================================================
#Number of threads                            :  4
