dxf,0,169.486815,27.470863
dzb,0,627.208524,105.229434
dyb,0,194.495953,31.360859
cvx,0,217.762779,36.480609
dyf,0,194.761009,31.452908
dzb2,0,627.198747,105.299463
dxb,0,170.964590,27.677377
cvy,0,954.614982,138.317941
dzf,0,628.272451,105.597887
dxb2,0,170.975750,27.737087
dyb2,0,194.673382,31.428576
cvz,0,238.867204,40.830366
dzb3,0,627.394241,105.395871
dxb3,0,171.263233,27.765185
dyb3,0,195.962095,32.037190
csxxsyyszz,0,593.913149,94.765828
dyf2,0,194.741855,31.437147
dxf2,0,169.758169,27.906356
csxy,0,139.607223,24.893898
dzf2,0,983.561568,158.186403
dyf3,0,194.543189,31.417607
csyz,0,211.672145,36.126745
dxf3,0,168.629170,27.402735
dzf3,0,628.205984,105.436519
csxz,0,210.851933,36.031810
dxf,1,168.912617,27.442710
dzb,1,627.056158,105.452226
dyb,1,194.315972,31.452542
cvx,1,217.761531,36.516694
dyf,1,195.045595,31.527090
dzb2,1,627.215134,105.405919
dxb,1,170.922073,27.723286
cvy,1,246.773969,40.953159
dzf,1,626.944072,105.554842
dxb2,1,171.061364,27.763110
dyb2,1,194.391111,31.500037
cvz,1,237.346785,40.618823
dzb3,1,627.216605,105.507004
dxb3,1,171.188879,27.883006
dyb3,1,195.981588,32.164358
csxxsyyszz,1,593.550938,95.377897
dyf2,1,195.320094,31.593644
dxf2,1,169.765830,27.956386
csxy,1,139.677109,24.922952
dzf2,1,983.021805,158.447268
dyf3,1,194.368537,31.557615
csyz,1,211.649607,36.224997
dxf3,1,170.909530,28.074249
dzf3,1,633.452279,107.548847
csxz,1,209.348107,36.501355
dxf,2,168.870198,28.236586
dzb,2,627.011242,105.592827
dyb,2,194.391971,31.460629
cvx,2,217.753253,36.580681
dyf,2,196.384068,31.734251
dzb2,2,627.259722,105.667582
dxb,2,170.828107,27.756587
cvy,2,246.157631,40.859188
dzf,2,627.202448,105.412013
dxb2,2,170.950480,27.713234
dyb2,2,194.329828,31.424917
cvz,2,237.135370,40.583758
dzb3,2,627.501837,105.510590
dxb3,2,171.136014,27.741098
dyb3,2,195.982074,32.116313
csxxsyyszz,2,593.720150,95.110972
dyf2,2,194.755981,31.483769
dxf2,2,170.042117,27.998002
csxy,2,139.573325,24.908517
dzf2,2,983.561301,158.364224
dyf3,2,194.501189,31.440595
csyz,2,212.516621,36.263627
dxf3,2,168.813350,27.661804
dzf3,2,627.004601,105.594326
csxz,2,210.941668,36.087566
dxf,3,168.947844,27.511541
dzb,3,627.021051,105.503143
dyb,3,194.358713,31.449544
cvx,3,217.679705,36.532667
dyf,3,194.751157,31.560120
dzb2,3,627.231243,105.508719
dxb,3,170.983597,27.745070
cvy,3,246.164930,40.881244
dzf,3,627.139954,105.579482
dxb2,3,172.431711,27.992652
dyb2,3,194.335445,31.387652
cvz,3,239.225883,40.899188
dzb3,3,627.403581,105.485341
dxb3,3,171.225438,27.765119
dyb3,3,195.943695,32.085655
csxxsyyszz,3,593.419066,95.208103
dyf2,3,194.726224,31.487403
dxf2,3,169.771062,27.947071
csxy,3,139.620721,24.922050
dzf2,3,982.855402,158.276797
dyf3,3,194.361612,31.434519
csyz,3,211.948811,36.185781
dxf3,3,168.589212,27.415704
dzf3,3,627.402451,105.492882
csxz,3,210.699731,36.033256
dxf,4,169.012170,27.505124
dzb,4,627.206827,105.454879
dyb,4,195.072559,31.532934
cvx,4,217.678495,36.524761
dyf,4,194.697347,31.502353
dzb2,4,627.284614,105.489523
dxb,4,170.810454,27.718092
cvy,4,246.462399,40.925304
dzf,4,627.114028,105.484515
dxb2,4,170.849150,27.738650
dyb2,4,194.206296,31.402959
cvz,4,237.025135,40.584355
dzb3,4,627.163008,105.503722
dxb3,4,171.007569,27.764511
dyb3,4,195.961319,32.085059
csxxsyyszz,4,594.849333,95.473815
dyf2,4,194.878897,31.502894
dxf2,4,169.833444,27.966279
csxy,4,139.678304,24.933939
dzf2,4,983.101209,158.924794
dyf3,4,194.480746,31.502035
csyz,4,211.575368,36.125997
dxf3,4,168.697721,27.444141
dzf3,4,627.246618,105.489366
csxz,4,210.536747,36.040314
#========================= OptEWE [OpenMP] =========================
#Source type                                  :  Force monopole
#Grid Size                                    :  768 x 768 x 768
#Iterations                                   :  5
#Compute time                                 :  41.556114
#Total effective MLUPS                        :  54.502790
#===================================================================
#Number of threads                            :  11
