dxf,0,268.053471,35.650366
dzb,0,1032.343423,138.283097
dyb,0,341.939614,44.876707
cvx,0,424.631822,56.475408
dyf,0,345.136328,45.279871
dzb2,0,1031.936523,138.372645
dxb,0,277.023854,36.728000
cvy,0,1320.637039,162.831820
dzf,0,1030.453412,138.557913
dxb2,0,280.489331,37.184480
dyb2,0,341.803328,44.923594
cvz,0,439.992782,60.119500
dzb3,0,1030.856400,138.507091
dxb3,0,278.822698,37.000269
dyb3,0,347.351350,45.967446
csxxsyyszz,0,1177.407827,151.600741
dyf2,0,344.188879,45.201399
dxf2,0,273.465816,36.785005
csxy,0,242.997294,34.201370
dzf2,0,1569.770398,206.765910
dyf3,0,344.346808,45.126598
csyz,0,333.973890,46.167528
dxf3,0,268.419519,35.668977
dzf3,0,1030.566018,138.217174
csxz,0,329.268989,45.612209
dxf,1,267.786863,35.604702
dzb,1,1032.092388,138.315224
dyb,1,341.255665,44.838307
cvx,1,425.055025,56.459898
dyf,1,343.435081,45.047731
dzb2,1,1031.857634,138.367435
dxb,1,277.418447,36.784417
cvy,1,430.254972,57.635988
dzf,1,1030.553166,138.085757
dxb2,1,280.285269,37.159166
dyb2,1,341.548710,44.823164
cvz,1,440.114382,60.060676
dzb3,1,1032.079751,139.025456
dxb3,1,277.495312,39.319543
dyb3,1,348.202935,46.180413
csxxsyyszz,1,1174.187915,151.390111
dyf2,1,343.331947,45.180493
dxf2,1,275.545878,37.055449
csxy,1,242.799768,34.165360
dzf2,1,1568.811431,206.754602
dyf3,1,344.519002,45.273505
csyz,1,333.761908,46.170853
dxf3,1,268.376009,35.773403
dzf3,1,1030.797466,138.506914
csxz,1,329.348771,45.667912
dxf,2,269.170924,35.858085
dzb,2,1031.936930,138.545771
dyb,2,341.827826,44.935160
cvx,2,424.729372,56.499224
dyf,2,344.039078,45.254188
dzb2,2,1032.115020,138.573541
dxb,2,277.285863,36.849576
cvy,2,430.402915,57.745972
dzf,2,1030.538040,138.415885
dxb2,2,280.409340,37.180214
dyb2,2,341.634668,44.881755
cvz,2,440.235695,60.104372
dzb3,2,1031.968797,138.512712
dxb3,2,278.704369,36.974488
dyb3,2,346.343401,45.879676
csxxsyyszz,2,1177.786470,151.812077
dyf2,2,344.280456,45.193401
dxf2,2,273.900685,36.777640
csxy,2,243.109966,34.192548
dzf2,2,1569.205345,206.636171
dyf3,2,343.782204,45.174849
csyz,2,333.747637,46.169252
dxf3,2,268.450992,35.765253
dzf3,2,1030.824865,138.292219
csxz,2,329.172159,45.626020
dxf,3,269.396923,35.839109
dzb,3,1032.194338,138.452670
dyb,3,341.716647,44.868615
cvx,3,424.847714,56.526560
dyf,3,344.008045,45.126696
dzb2,3,1032.200664,138.451397
dxb,3,277.143009,36.801164
cvy,3,428.710321,57.523078
dzf,3,1031.301370,138.858411
dxb2,3,280.568560,37.310145
dyb2,3,341.522767,44.894063
cvz,3,440.325558,60.106554
dzb3,3,1034.319650,138.613680
dxb3,3,278.717545,36.903446
dyb3,3,347.399996,45.882679
csxxsyyszz,3,1174.056151,151.420045
dyf2,3,344.479188,45.244005
dxf2,3,273.919874,36.851685
csxy,3,243.007033,34.166416
dzf2,3,1569.893462,206.978481
dyf3,3,344.384146,45.256032
csyz,3,334.087303,46.216901
dxf3,3,268.278999,35.689179
dzf3,3,1030.597367,138.408624
csxz,3,329.109209,45.612696
dxf,4,267.857360,35.650918
dzb,4,1032.358719,138.498681
dyb,4,341.696130,44.874389
cvx,4,424.738396,56.470514
dyf,4,343.814590,45.190814
dzb2,4,1033.230290,138.572151
dxb,4,277.449049,36.817811
cvy,4,428.907163,57.497622
dzf,4,1030.384931,138.201623
dxb2,4,280.530946,37.170474
dyb2,4,341.691570,44.839297
cvz,4,441.951962,60.312973
dzb3,4,1031.922851,138.431373
dxb3,4,278.767720,36.966590
dyb3,4,346.442123,45.894869
csxxsyyszz,4,1173.982833,151.577541
dyf2,4,344.473606,45.247254
dxf2,4,273.911352,36.786667
csxy,4,243.001761,34.185388
dzf2,4,1568.036603,206.614285
dyf3,4,343.831511,45.207365
csyz,4,333.959238,46.204755
dxf3,4,268.343079,35.756839
dzf3,4,1031.823647,138.560403
csxz,4,329.032892,45.658203
#========================= OptEWE [OpenMP] =========================
#Source type                                  :  Force monopole
#Grid Size                                    :  768 x 768 x 768
#Iterations                                   :  5
#Compute time                                 :  69.961243
#Total effective MLUPS                        :  32.373984
#===================================================================
#Number of threads                            :  4
