dxf,0,408.037430,55.952504
dzb,0,1491.072728,206.840395
dyb,0,535.327040,73.336687
cvx,0,695.983180,97.281371
dyf,0,536.925736,73.187192
dzb2,0,1492.504293,207.383541
dxb,0,424.160262,58.044239
cvy,0,1700.727445,223.127916
dzf,0,1488.077025,207.168031
dxb2,0,424.879749,58.102678
dyb2,0,535.640538,72.653478
cvz,0,708.408393,97.490337
dzb3,0,1491.476046,206.888476
dxb3,0,436.832841,59.372239
dyb3,0,542.399931,73.670920
csxxsyyszz,0,1929.322530,257.808714
dyf2,0,536.446848,72.767318
dxf2,0,411.960951,56.864076
csxy,0,352.331663,50.408060
dzf2,0,1918.113787,266.283888
dyf3,0,539.608209,72.912313
csyz,0,418.241420,59.620686
dxf3,0,408.607236,55.862214
dzf3,0,1488.347784,206.672692
csxz,0,409.222330,58.702369
dxf,1,408.317729,56.021938
dzb,1,1489.985169,207.051597
dyb,1,535.748787,72.666415
cvx,1,695.275887,95.196060
dyf,1,538.671432,73.046338
dzb2,1,1493.005215,207.597127
dxb,1,424.252081,58.050456
cvy,1,686.254206,96.101520
dzf,1,1488.652702,206.467757
dxb2,1,425.536810,58.107324
dyb2,1,536.214424,72.521628
cvz,1,709.445945,97.600078
dzb3,1,1491.507207,206.819872
dxb3,1,436.971396,59.497445
dyb3,1,541.248710,73.722458
csxxsyyszz,1,1930.872932,257.833119
dyf2,1,538.821066,72.923567
dxf2,1,410.976285,56.580685
csxy,1,350.758240,50.300175
dzf2,1,1917.465803,265.722384
dyf3,1,537.171469,72.644840
csyz,1,419.683159,59.684102
dxf3,1,408.932391,56.076598
dzf3,1,1488.080120,206.976459
csxz,1,409.719086,58.659236
dxf,2,408.637627,55.971393
dzb,2,1491.897106,206.788250
dyb,2,536.791175,72.610358
cvx,2,697.673176,95.108621
dyf,2,537.676988,72.725175
dzb2,2,1495.642029,207.197994
dxb,2,424.799361,57.965916
cvy,2,686.093503,94.186649
dzf,2,1488.637912,206.302105
dxb2,2,425.222054,57.968121
dyb2,2,536.176956,72.468724
cvz,2,709.408033,97.511674
dzb3,2,1489.051789,209.843569
dxb3,2,434.528468,63.247809
dyb3,2,537.629483,76.458716
csxxsyyszz,2,1930.423886,257.778028
dyf2,2,538.308494,72.826907
dxf2,2,410.474898,56.583266
csxy,2,351.267835,50.275208
dzf2,2,1917.836468,265.809979
dyf3,2,537.871523,72.675647
csyz,2,418.295292,59.662228
dxf3,2,409.069841,55.963813
dzf3,2,1489.167398,206.445189
csxz,2,411.446141,58.722603
dxf,3,408.973855,55.989143
dzb,3,1491.706056,206.692829
dyb,3,536.156878,72.486813
cvx,3,697.569963,95.083823
dyf,3,536.975798,72.723539
dzb2,3,1493.770610,206.955543
dxb,3,424.795238,57.934565
cvy,3,685.829016,94.226241
dzf,3,1491.172450,206.641989
dxb2,3,425.414299,57.980754
dyb2,3,536.067322,72.514064
cvz,3,709.108419,97.453785
dzb3,3,1491.294283,206.624911
dxb3,3,436.842074,59.451287
dyb3,3,542.484353,73.733868
csxxsyyszz,3,1923.146618,256.723583
dyf2,3,537.432261,72.640723
dxf2,3,410.932538,56.543618
csxy,3,351.638092,50.238797
dzf2,3,1913.324373,269.568539
dyf3,3,537.711841,72.811568
csyz,3,419.328814,59.695838
dxf3,3,409.036462,56.035630
dzf3,3,1490.254345,206.514712
csxz,3,409.363694,58.625287
dxf,4,408.551098,55.919060
dzb,4,1491.914283,206.707192
dyb,4,537.746096,72.635753
cvx,4,696.031067,94.845947
dyf,4,539.090422,72.859040
dzb2,4,1492.684152,206.811059
dxb,4,424.433705,57.953258
cvy,4,685.364899,94.029293
dzf,4,1490.013628,206.647883
dxb2,4,424.907680,58.006006
dyb2,4,535.618500,72.406742
cvz,4,708.814782,97.487737
dzb3,4,1490.804191,206.749156
dxb3,4,437.979403,59.717717
dyb3,4,540.688543,73.602598
csxxsyyszz,4,1930.733822,257.702617
dyf2,4,537.270211,72.614958
dxf2,4,410.884567,56.513082
csxy,4,350.842932,50.264229
dzf2,4,1917.460703,265.636371
dyf3,4,537.675910,73.046238
csyz,4,418.166069,59.672545
dxf3,4,408.550012,56.001867
dzf3,4,1488.671609,206.573038
csxz,4,410.220493,60.697298
#========================= OptEWE [OpenMP] =========================
#Source type                                  :  Force monopole
#Grid Size                                    :  768 x 768 x 768
#Iterations                                   :  5
#Compute time                                 :  102.578156
#Total effective MLUPS                        :  22.079985
#===================================================================
#Number of threads                            :  2
