dxf,0,448.827699,55.133245
dzb,0,1529.275380,190.484054
dyb,0,597.809279,72.429108
cvx,0,842.388578,102.628178
dyf,0,600.086220,72.726311
dzb2,0,1527.627873,190.351770
dxb,0,473.079106,57.870023
cvy,0,2171.881498,254.424467
dzf,0,1526.236513,190.141422
dxb2,0,472.442247,57.771512
dyb2,0,596.093435,72.284800
cvz,0,858.962728,105.757036
dzb3,0,1527.268043,190.329657
dxb3,0,471.537541,57.725216
dyb3,0,601.355492,73.783101
csxxsyyszz,0,2324.270270,278.822742
dyf2,0,599.484287,72.952174
dxf2,0,447.934080,55.710802
csxy,0,359.188259,46.208424
dzf2,0,1912.655605,240.651591
dyf3,0,599.818138,72.602445
csyz,0,432.965880,56.112352
dxf3,0,450.370423,55.322326
dzf3,0,1523.682684,190.110008
csxz,0,426.978177,55.563527
dxf,1,447.632307,55.029487
dzb,1,1525.506345,190.343001
dyb,1,598.856641,72.600886
cvx,1,840.066976,102.416708
dyf,1,599.007985,72.687400
dzb2,1,1525.199632,190.293869
dxb,1,470.072723,57.560254
cvy,1,834.364926,102.258605
dzf,1,1527.355429,190.430950
dxb2,1,472.505523,57.783736
dyb2,1,596.255000,72.308754
cvz,1,856.285920,105.473864
dzb3,1,1525.388688,190.176231
dxb3,1,473.053951,57.794991
dyb3,1,600.738218,73.266735
csxxsyyszz,1,2317.243250,277.342484
dyf2,1,599.478426,72.605962
dxf2,1,447.988004,55.379148
csxy,1,359.124366,46.154195
dzf2,1,1915.824564,240.178010
dyf3,1,598.638561,72.588665
csyz,1,431.337888,55.915410
dxf3,1,451.021891,55.397783
dzf3,1,1518.230012,195.053972
csxz,1,426.897020,55.544861
dxf,2,449.475649,55.291234
dzb,2,1526.006502,190.199029
dyb,2,597.224261,72.271487
cvx,2,842.167694,102.534538
dyf,2,600.162332,72.649050
dzb2,2,1529.183564,190.329413
dxb,2,471.157140,57.565340
cvy,2,834.330718,102.136773
dzf,2,1526.164856,189.913008
dxb2,2,472.404542,57.710716
dyb2,2,596.323610,72.230194
cvz,2,858.702473,105.628265
dzb3,2,1527.014075,190.067432
dxb3,2,470.376193,57.561039
dyb3,2,599.616682,73.196384
csxxsyyszz,2,2316.361332,277.246610
dyf2,2,601.322560,72.818241
dxf2,2,447.998918,55.365032
csxy,2,358.835947,46.155397
dzf2,2,1916.452872,240.114902
dyf3,2,601.664906,72.856579
csyz,2,431.550077,55.908407
dxf3,2,450.213474,55.284246
dzf3,2,1525.570328,190.280551
csxz,2,427.517869,55.544809
dxf,3,448.850359,55.064088
dzb,3,1527.671552,190.514950
dyb,3,598.441392,72.469755
cvx,3,842.171599,102.566944
dyf,3,601.585518,72.983645
dzb2,3,1526.027631,190.321882
dxb,3,471.270716,57.640492
cvy,3,834.380425,102.227943
dzf,3,1527.055465,191.103646
dxb2,3,472.604777,57.869282
dyb2,3,596.436413,72.351076
cvz,3,856.885586,105.892030
dzb3,3,1526.786034,190.619181
dxb3,3,471.470128,57.986339
dyb3,3,600.589899,73.429222
csxxsyyszz,3,2322.329824,278.689565
dyf2,3,599.580542,72.938073
dxf2,3,448.094513,55.663419
csxy,3,358.515461,46.393767
dzf2,3,1915.822191,240.804577
dyf3,3,599.922640,72.791153
csyz,3,431.967105,56.046483
dxf3,3,451.310842,55.608369
dzf3,3,1525.578891,190.550993
csxz,3,426.894447,55.769569
dxf,4,447.607944,55.060885
dzb,4,1527.990917,190.639347
dyb,4,596.789931,72.395956
cvx,4,842.241926,102.663450
dyf,4,600.259866,72.825380
dzb2,4,1529.806030,190.947091
dxb,4,471.414727,57.693113
cvy,4,833.987801,102.223930
dzf,4,1524.181067,189.907238
dxb2,4,471.574559,57.689743
dyb2,4,595.948640,72.227701
cvz,4,856.216217,105.405528
dzb3,4,1527.515415,190.420801
dxb3,4,471.366363,57.628523
dyb3,4,600.531401,73.296626
csxxsyyszz,4,2320.069481,277.713784
dyf2,4,599.689060,72.701695
dxf2,4,447.970776,55.418922
csxy,4,360.025639,46.267645
dzf2,4,1916.295961,240.198401
dyf3,4,599.811474,72.687219
csyz,4,431.640835,55.947081
dxf3,4,451.308656,55.352681
dzf3,4,1525.073551,190.040689
csxz,4,428.957243,55.737630
#========================= OptEWE [OpenMP] =========================
#Source type                                  :  Force monopole
#Grid Size                                    :  768 x 768 x 768
#Iterations                                   :  5
#Compute time                                 :  111.219193
#Total effective MLUPS                        :  20.364508
#===================================================================
#Number of threads                            :  3
