dxf,0,200.655906,28.123986
dzb,0,824.044996,116.415432
dyb,0,241.573024,33.491539
cvx,0,279.986054,40.052577
dyf,0,241.956243,33.579394
dzb2,0,823.902403,116.460100
dxb,0,203.970928,28.522224
cvy,0,1208.271756,153.098513
dzf,0,823.636998,116.592678
dxb2,0,203.863761,28.665730
dyb2,0,241.117706,33.771982
cvz,0,298.898923,43.738999
dzb3,0,824.786796,117.152424
dxb3,0,204.671278,28.766001
dyb3,0,244.265167,34.335018
csxxsyyszz,0,765.103915,104.765242
dyf2,0,242.453454,33.694695
dxf2,0,205.189332,29.103430
csxy,0,171.806496,26.021483
dzf2,0,1227.729507,169.771186
dyf3,0,242.186310,33.635608
csyz,0,261.891705,38.195610
dxf3,0,199.627062,28.053933
dzf3,0,824.033007,116.513625
csxz,0,259.744005,37.944145
dxf,1,199.919688,28.054277
dzb,1,823.841663,116.556117
dyb,1,241.510395,33.523356
cvx,1,280.081996,40.101260
dyf,1,242.121325,33.634149
dzb2,1,824.104924,116.544995
dxb,1,204.697923,28.686649
cvy,1,312.192607,44.381683
dzf,1,823.881531,116.469383
dxb2,1,204.031607,28.582129
dyb2,1,241.139509,33.503506
cvz,1,300.391289,43.789489
dzb3,1,823.715336,116.482331
dxb3,1,204.755662,28.671010
dyb3,1,244.153749,34.333624
csxxsyyszz,1,765.846768,105.527716
dyf2,1,242.032755,34.991711
dxf2,1,204.904589,29.844576
csxy,1,171.682621,26.309244
dzf2,1,1226.093404,170.236150
dyf3,1,242.471764,33.679228
csyz,1,261.062521,38.073437
dxf3,1,199.590150,28.012502
dzf3,1,823.708992,116.556816
csxz,1,259.575365,37.932438
dxf,2,199.936564,28.083626
dzb,2,823.800267,116.511567
dyb,2,241.522360,33.558189
cvx,2,279.987138,40.080507
dyf,2,242.090251,33.651040
dzb2,2,823.847747,116.463483
dxb,2,204.144681,28.588306
cvy,2,312.002975,44.331374
dzf,2,823.917553,116.532649
dxb2,2,203.956975,28.532088
dyb2,2,242.694432,33.696107
cvz,2,298.635482,43.552251
dzb3,2,823.907324,116.543436
dxb3,2,205.020345,28.682048
dyb3,2,244.042391,34.314120
csxxsyyszz,2,765.065818,104.772993
dyf2,2,242.497345,33.644021
dxf2,2,205.053484,29.124281
csxy,2,172.029576,26.047773
dzf2,2,1228.190229,169.829872
dyf3,2,242.237401,33.621731
csyz,2,261.053878,38.073541
dxf3,2,199.474046,28.053146
dzf3,2,823.900366,116.470298
csxz,2,259.564369,37.919768
dxf,3,199.874481,28.082861
dzb,3,823.698403,116.497035
dyb,3,241.418897,33.491904
cvx,3,279.895044,40.074918
dyf,3,241.975875,33.605270
dzb2,3,823.847874,116.511060
dxb,3,204.106089,28.569898
cvy,3,312.138924,44.357773
dzf,3,824.694489,116.676545
dxb2,3,204.001003,28.572642
dyb2,3,241.045927,33.471656
cvz,3,298.627435,43.547593
dzb3,3,823.698230,116.469429
dxb3,3,204.739103,28.658256
dyb3,3,244.002724,34.305195
csxxsyyszz,3,765.016481,104.770351
dyf2,3,242.362176,33.660405
dxf2,3,205.924919,29.215846
csxy,3,172.094990,26.060027
dzf2,3,1227.939596,169.803984
dyf3,3,242.110949,33.630599
csyz,3,261.051626,38.069987
dxf3,3,199.598374,28.034261
dzf3,3,823.838709,116.549583
csxz,3,259.634235,37.939673
dxf,4,199.826369,28.058579
dzb,4,825.104990,117.052788
dyb,4,241.584053,33.509348
cvx,4,279.946120,40.081110
dyf,4,241.976702,33.623434
dzb2,4,823.933001,116.537330
dxb,4,203.983421,28.576335
cvy,4,312.174503,44.366806
dzf,4,824.598552,116.608315
dxb2,4,204.050322,28.592179
dyb2,4,240.880861,33.486172
cvz,4,298.650244,43.555026
dzb3,4,824.088623,116.580353
dxb3,4,204.899403,28.691262
dyb3,4,244.114010,34.315259
csxxsyyszz,4,765.092202,104.781344
dyf2,4,242.531179,33.754698
dxf2,4,205.240673,29.154957
csxy,4,171.982686,26.056495
dzf2,4,1228.716417,169.978802
dyf3,4,242.268350,33.694289
csyz,4,260.900980,38.078721
dxf3,4,199.610580,28.031507
dzf3,4,823.532134,116.596550
csxz,4,259.285451,37.929667
#========================= OptEWE [OpenMP] =========================
#Source type                                  :  Force monopole
#Grid Size                                    :  768 x 768 x 768
#Iterations                                   :  5
#Compute time                                 :  52.738358
#Total effective MLUPS                        :  42.946430
#===================================================================
#Number of threads                            :  10
