dxf,0,171.846382,29.077549
dzb,0,675.123804,116.972675
dyb,0,175.112497,30.067408
cvx,0,184.898330,33.809802
dyf,0,176.107913,30.214131
dzb2,0,674.841612,117.127818
dxb,0,171.362857,29.045137
cvy,0,735.898044,114.735314
dzf,0,674.891975,117.120960
dxb2,0,171.547478,29.097005
dyb2,0,175.462940,30.175164
cvz,0,230.114913,41.703864
dzb3,0,674.810910,117.176395
dxb3,0,171.255297,29.064275
dyb3,0,177.449160,30.814194
csxxsyyszz,0,398.956398,71.209601
dyf2,0,176.085120,30.270812
dxf2,0,170.919030,29.386520
csxy,0,148.477503,27.338048
dzf2,0,1029.607816,174.516398
dyf3,0,175.261462,31.196168
csyz,0,223.370195,39.791414
dxf3,0,171.234627,29.115701
dzf3,0,674.910527,117.302517
csxz,0,222.866379,39.494608
dxf,1,171.272147,29.095350
dzb,1,675.620663,117.464932
dyb,1,174.932481,30.099816
cvx,1,183.609455,33.677447
dyf,1,175.930439,30.282274
dzb2,1,674.886989,117.331496
dxb,1,171.313899,29.096749
cvy,1,237.907567,41.935065
dzf,1,675.539201,117.373935
dxb2,1,171.570536,29.172817
dyb2,1,175.232658,30.191868
cvz,1,230.126618,41.754837
dzb3,1,674.761343,117.349704
dxb3,1,171.309632,29.140337
dyb3,1,177.838121,30.894778
csxxsyyszz,1,398.309442,71.137816
dyf2,1,176.064591,30.330216
dxf2,1,171.162673,29.461003
csxy,1,148.298941,27.315799
dzf2,1,1035.253229,173.580490
dyf3,1,175.659422,30.317004
csyz,1,224.283008,39.690648
dxf3,1,171.188412,29.094608
dzf3,1,674.837619,117.323163
csxz,1,222.984271,39.522592
dxf,2,171.279609,29.188940
dzb,2,674.881456,117.381075
dyb,2,174.951973,30.114105
cvx,2,183.573193,33.678858
dyf,2,175.925046,30.327688
dzb2,2,674.483008,117.529035
dxb,2,172.361113,29.285415
cvy,2,237.293925,41.857555
dzf,2,674.728130,117.382355
dxb2,2,171.436343,29.277710
dyb2,2,175.344562,30.266130
cvz,2,229.560474,41.826588
dzb3,2,675.435681,117.672341
dxb3,2,171.293549,29.134878
dyb3,2,177.459958,30.881254
csxxsyyszz,2,398.795569,71.281217
dyf2,2,176.139806,30.390919
dxf2,2,170.818148,29.565691
csxy,2,148.443542,27.423830
dzf2,2,1035.189819,173.668685
dyf3,2,175.647402,30.269777
csyz,2,224.535630,39.734609
dxf3,2,171.095018,29.112731
dzf3,2,674.938802,117.404154
csxz,2,223.231907,39.571203
dxf,3,171.156466,29.144705
dzb,3,674.851347,117.437983
dyb,3,174.952680,30.231648
cvx,3,183.606238,33.682936
dyf,3,175.859626,30.363480
dzb2,3,674.787658,117.411802
dxb,3,171.304916,29.167508
cvy,3,236.734791,41.776851
dzf,3,674.840023,117.535841
dxb2,3,171.659853,29.153399
dyb2,3,175.269280,30.192856
cvz,3,230.199653,41.790042
dzb3,3,675.517663,118.434233
dxb3,3,171.264481,29.587918
dyb3,3,177.382779,30.840696
csxxsyyszz,3,397.767853,71.064739
dyf2,3,176.027307,30.293013
dxf2,3,170.987540,29.422034
csxy,3,148.383309,27.349392
dzf2,3,1035.241597,174.135968
dyf3,3,175.193952,31.650593
csyz,3,222.870420,39.995539
dxf3,3,171.188047,29.186077
dzf3,3,674.860769,117.416786
csxz,3,223.083961,39.560098
dxf,4,171.305682,29.134714
dzb,4,675.126758,117.534255
dyb,4,175.128526,30.267304
cvx,4,183.553784,33.691172
dyf,4,175.957863,30.315700
dzb2,4,674.708075,117.359154
dxb,4,171.347694,29.172563
cvy,4,237.122569,41.841343
dzf,4,674.794671,117.459689
dxb2,4,171.668225,29.180496
dyb2,4,175.369491,30.257429
cvz,4,229.790345,41.749473
dzb3,4,674.777135,117.448027
dxb3,4,171.213940,29.127152
dyb3,4,177.415977,30.864680
csxxsyyszz,4,398.829263,71.283376
dyf2,4,176.065418,30.301179
dxf2,4,171.162390,29.454771
csxy,4,148.355673,27.348749
dzf2,4,1035.609063,173.697700
dyf3,4,175.803285,30.355987
csyz,4,224.578425,39.756715
dxf3,4,171.186185,29.106722
dzf3,4,675.028902,117.446551
csxz,4,223.595792,39.673270
#========================= OptEWE [OpenMP] =========================
#Source type                                  :  Force monopole
#Grid Size                                    :  768 x 768 x 768
#Iterations                                   :  5
#Compute time                                 :  41.186131
#Total effective MLUPS                        :  54.992400
#===================================================================
#Number of threads                            :  11
