dxf,0,267.301512,43.982028
dzb,0,961.325270,160.955220
dyb,0,350.225993,56.724919
cvx,0,462.411650,75.287765
dyf,0,350.030835,56.795112
dzb2,0,960.674526,160.970649
dxb,0,279.570352,45.787852
cvy,0,1204.685838,184.588008
dzf,0,958.759970,160.727741
dxb2,0,278.698640,45.658052
dyb2,0,350.034286,56.747567
cvz,0,473.727229,78.881939
dzb3,0,959.906655,163.269655
dxb3,0,279.114251,48.630815
dyb3,0,354.936652,61.096211
csxxsyyszz,0,1276.209934,203.505924
dyf2,0,350.125493,56.698197
dxf2,0,271.742113,45.025452
csxy,0,226.387921,39.530383
dzf2,0,1368.732714,225.267922
dyf3,0,350.433510,56.810049
csyz,0,288.820497,49.818049
dxf3,0,266.949653,43.947582
dzf3,0,958.682006,160.639149
csxz,0,284.137065,49.250962
dxf,1,267.351077,43.993165
dzb,1,959.908440,160.824739
dyb,1,350.653911,56.770070
cvx,1,462.755493,75.251371
dyf,1,350.654736,56.805568
dzb2,1,960.416943,160.829525
dxb,1,279.435504,45.792368
cvy,1,456.932868,75.019171
dzf,1,959.128015,160.632480
dxb2,1,280.100740,45.868357
dyb2,1,350.322712,56.766958
cvz,1,474.013159,78.908003
dzb3,1,961.309286,161.055737
dxb3,1,279.089222,45.723454
dyb3,1,355.157684,57.781393
csxxsyyszz,1,1274.760344,201.593453
dyf2,1,350.544637,56.763333
dxf2,1,270.091584,44.824651
csxy,1,224.866459,39.300263
dzf2,1,1369.465772,225.385367
dyf3,1,350.611343,56.808997
csyz,1,288.794049,49.815976
dxf3,1,266.978274,43.952418
dzf3,1,958.671998,160.688277
csxz,1,284.092131,49.246650
dxf,2,267.197633,43.997218
dzb,2,959.926929,160.858802
dyb,2,350.568014,56.773592
cvx,2,464.448403,75.510363
dyf,2,350.172977,56.779129
dzb2,2,961.673805,161.064630
dxb,2,279.525430,45.788950
cvy,2,456.965822,75.018970
dzf,2,959.207146,160.715852
dxb2,2,278.781215,47.898719
dyb2,2,350.223731,58.825397
cvz,2,473.570128,78.903137
dzb3,2,959.287602,160.906391
dxb3,2,278.925831,45.772475
dyb3,2,354.651321,57.859344
csxxsyyszz,2,1274.446328,201.649165
dyf2,2,350.110328,56.794334
dxf2,2,270.241111,44.869462
csxy,2,224.840106,39.324011
dzf2,2,1369.300510,225.544937
dyf3,2,350.570376,56.876805
csyz,2,289.994618,50.051351
dxf3,2,266.767780,43.984208
dzf3,2,959.383887,160.915928
csxz,2,284.152758,49.296901
dxf,3,267.046470,44.017993
dzb,3,959.159975,160.865022
dyb,3,349.621664,56.717024
cvx,3,462.128679,75.231858
dyf,3,350.446899,56.866106
dzb2,3,959.476624,160.924743
dxb,3,279.336042,45.807133
cvy,3,456.771578,75.052655
dzf,3,958.540367,160.767060
dxb2,3,278.611774,45.703897
dyb2,3,349.824262,56.757490
cvz,3,473.483726,78.879770
dzb3,3,959.207186,160.860089
dxb3,3,278.749225,45.734160
dyb3,3,354.733189,57.799462
csxxsyyszz,3,1274.287151,201.623855
dyf2,3,350.409240,56.844441
dxf2,3,271.610275,45.063427
csxy,3,224.788617,39.292129
dzf2,3,1368.906733,225.497527
dyf3,3,350.194130,56.847226
csyz,3,288.575751,49.893129
dxf3,3,266.330931,43.964354
dzf3,3,957.446945,161.536471
csxz,3,284.072677,49.441184
dxf,4,266.626003,44.030100
dzb,4,958.797111,161.354314
dyb,4,349.687417,56.961563
cvx,4,461.828151,75.448180
dyf,4,350.174624,56.886961
dzb2,4,959.293935,161.457974
dxb,4,280.284548,47.790751
cvy,4,456.861228,78.119901
dzf,4,958.457570,164.723534
dxb2,4,280.477778,45.973987
dyb2,4,350.043439,56.860304
cvz,4,474.450288,79.069730
dzb3,4,960.928464,161.325226
dxb3,4,279.011324,45.768530
dyb3,4,354.892238,57.873228
csxxsyyszz,4,1274.717366,201.614878
dyf2,4,350.456657,56.847777
dxf2,4,270.266550,44.824750
csxy,4,224.890541,39.292158
dzf2,4,1368.721195,225.344953
dyf3,4,350.409390,57.055009
csyz,4,288.743408,49.958582
dxf3,4,266.879945,43.992370
dzf3,4,957.861450,161.004745
csxz,4,283.934658,49.439618
#========================= OptEWE [OpenMP] =========================
#Source type                                  :  Force monopole
#Grid Size                                    :  768 x 768 x 768
#Iterations                                   :  5
#Compute time                                 :  67.657501
#Total effective MLUPS                        :  33.476320
#===================================================================
#Number of threads                            :  3
