dxf,0,83.594534,21.708762
dzb,0,306.699992,84.619945
dyb,0,83.335682,22.297564
cvx,0,95.383121,26.586323
dyf,0,82.915613,22.316515
dzb2,0,306.677802,84.908676
dxb,0,81.962321,21.607440
cvy,0,824.506674,180.921440
dzf,0,305.900678,84.674576
dxb2,0,82.028697,21.628599
dyb2,0,83.618576,22.451833
cvz,0,111.701053,31.137780
dzb3,0,306.085944,84.820090
dxb3,0,81.912440,21.634876
dyb3,0,85.980346,23.315621
csxxsyyszz,0,182.330963,50.151047
dyf2,0,83.110569,22.363465
dxf2,0,83.654347,22.031110
csxy,0,78.636809,21.962154
dzf2,0,331.445723,90.256127
dyf3,0,83.378430,22.458593
csyz,0,94.139572,26.229270
dxf3,0,81.480982,21.588042
dzf3,0,306.576595,85.103993
csxz,0,94.067156,26.239224
dxf,1,81.392676,21.578007
dzb,1,306.808089,85.175601
dyb,1,83.452098,22.428487
cvx,1,95.373168,26.708419
dyf,1,83.053338,22.408645
dzb2,1,306.633654,85.191389
dxb,1,81.977691,21.674086
cvy,1,99.263553,27.512097
dzf,1,305.914195,85.007275
dxb2,1,81.961435,21.685341
dyb2,1,83.696776,22.516278
cvz,1,110.441016,30.925702
dzb3,1,306.051682,85.040755
dxb3,1,81.949649,21.670375
dyb3,1,86.160183,23.356263
csxxsyyszz,1,182.199399,50.157562
dyf2,1,83.163976,22.411590
dxf2,1,83.736540,22.071474
csxy,1,78.641975,21.995914
dzf2,1,331.345552,90.341412
dyf3,1,83.535375,22.513151
csyz,1,94.093791,26.232809
dxf3,1,81.578546,21.634654
dzf3,1,306.549622,85.163439
csxz,1,94.100819,26.283412
dxf,2,81.402515,21.602437
dzb,2,306.587577,85.212556
dyb,2,83.377307,22.447868
cvx,2,95.438331,26.722732
dyf,2,82.876382,22.403631
dzb2,2,306.522522,85.190494
dxb,2,81.995039,21.722510
cvy,2,99.198309,27.501503
dzf,2,305.972227,85.095160
dxb2,2,82.018986,21.695608
dyb2,2,83.700967,22.529838
cvz,2,110.523501,30.954967
dzb3,2,306.318572,85.140524
dxb3,2,81.894503,21.679966
dyb3,2,86.086285,23.357263
csxxsyyszz,2,182.031061,50.158707
dyf2,2,83.266792,22.462196
dxf2,2,83.622281,22.074437
csxy,2,78.617574,22.011815
dzf2,2,331.343804,90.356856
dyf3,2,83.500844,22.538473
csyz,2,94.019790,26.217442
dxf3,2,81.553222,21.609884
dzf3,2,307.066185,85.331976
csxz,2,94.060915,26.286351
dxf,3,81.419632,21.576447
dzb,3,306.744286,85.255115
dyb,3,83.313932,22.479691
cvx,3,95.374571,26.729952
dyf,3,82.938361,22.448896
dzb2,3,307.258534,85.376231
dxb,3,81.896093,21.724665
cvy,3,99.240517,27.517380
dzf,3,305.965275,85.107428
dxb2,3,81.967342,21.707272
dyb2,3,83.681007,22.555107
cvz,3,110.537590,30.978159
dzb3,3,306.193139,85.144059
dxb3,3,81.943914,21.702302
dyb3,3,86.125949,23.364721
csxxsyyszz,3,182.505254,50.278460
dyf2,3,83.290260,22.477836
dxf2,3,83.736561,22.093522
csxy,3,78.635004,22.022101
dzf2,3,331.297806,90.375776
dyf3,3,83.585765,22.590036
csyz,3,94.077044,26.240512
dxf3,3,81.402426,21.584637
dzf3,3,306.526095,85.247468
csxz,3,94.056715,26.299016
dxf,4,81.505720,21.615218
dzb,4,306.678448,85.267559
dyb,4,83.341903,22.483439
cvx,4,95.443226,26.742798
dyf,4,83.372803,22.520465
dzb2,4,306.563237,85.243987
dxb,4,81.952730,21.715868
cvy,4,99.229106,27.532269
dzf,4,305.851663,85.115801
dxb2,4,81.904877,21.695294
dyb2,4,83.586182,22.521436
cvz,4,110.508490,30.971360
dzb3,4,306.094111,85.157019
dxb3,4,81.927756,21.706906
dyb3,4,86.268904,23.404116
csxxsyyszz,4,181.639166,50.116527
dyf2,4,83.259434,22.493393
dxf2,4,83.637016,22.103910
csxy,4,78.658498,22.038513
dzf2,4,331.486510,90.437456
dyf3,4,83.488022,22.556867
csyz,4,94.039780,26.231955
dxf3,4,81.525311,21.605926
dzf3,4,306.513278,85.258209
csxz,4,94.103555,26.382366
#========================= OptEWE [OpenMP] =========================
#Source type                                  :  Force monopole
#Grid Size                                    :  768 x 768 x 768
#Iterations                                   :  5
#Compute time                                 :  18.793882
#Total effective MLUPS                        :  120.513905
#===================================================================
#Number of threads                            :  24
