dxf,0,428.297309,52.371173
dzb,0,1495.234951,185.152932
dyb,0,567.297637,68.413202
cvx,0,783.565574,95.911917
dyf,0,573.374961,69.296102
dzb2,0,1495.522659,185.197050
dxb,0,450.398595,54.863679
cvy,0,2060.476475,239.906606
dzf,0,1493.227695,186.397511
dxb2,0,447.735456,54.592687
dyb2,0,568.330803,68.588677
cvz,0,798.317261,98.023628
dzb3,0,1495.067670,185.355554
dxb3,0,448.113628,54.815872
dyb3,0,572.139526,69.767504
csxxsyyszz,0,2171.428268,258.815032
dyf2,0,571.504722,68.827918
dxf2,0,428.488213,52.716879
csxy,0,347.399145,44.651241
dzf2,0,1924.650768,239.044292
dyf3,0,570.712846,68.749320
csyz,0,426.984244,54.926833
dxf3,0,430.355321,52.506834
dzf3,0,1494.819694,184.851537
csxz,0,419.671733,54.213662
dxf,1,428.361874,52.351797
dzb,1,1495.610603,185.217931
dyb,1,567.423549,68.507541
cvx,1,785.549096,95.358995
dyf,1,571.799722,68.956375
dzb2,1,1495.422802,185.128368
dxb,1,448.724458,54.652643
cvy,1,776.676796,94.823325
dzf,1,1496.173177,185.218968
dxb2,1,448.959093,54.665258
dyb2,1,567.552936,68.464188
cvz,1,798.375250,97.979602
dzb3,1,1492.996794,189.638070
dxb3,1,446.123897,57.995358
dyb3,1,570.980509,70.473168
csxxsyyszz,1,2172.014965,259.308133
dyf2,1,570.858651,68.995053
dxf2,1,428.610953,52.996995
csxy,1,347.675588,44.709436
dzf2,1,1924.246625,239.328542
dyf3,1,571.588192,69.027627
csyz,1,425.507802,54.811657
dxf3,1,430.170832,52.670782
dzf3,1,1495.001983,185.356398
csxz,1,419.640059,54.237978
dxf,2,428.458232,52.407042
dzb,2,1495.454527,185.447470
dyb,2,568.790355,68.684178
cvx,2,783.777949,95.268207
dyf,2,571.812632,69.020303
dzb2,2,1495.687333,185.405027
dxb,2,448.590749,54.776543
cvy,2,776.727490,94.858965
dzf,2,1494.308900,185.535401
dxb2,2,449.230921,54.733831
dyb2,2,567.617361,68.549022
cvz,2,798.083279,98.097526
dzb3,2,1495.274375,185.226734
dxb3,2,447.891716,54.487921
dyb3,2,573.589081,69.643688
csxxsyyszz,2,2169.507793,258.506315
dyf2,2,571.000332,71.765049
dxf2,2,428.638510,52.738485
csxy,2,348.444232,44.529181
dzf2,2,1924.726595,239.183374
dyf3,2,570.732744,68.829294
csyz,2,425.219846,54.764107
dxf3,2,430.297818,52.564189
dzf3,2,1494.714745,185.052999
csxz,2,419.748497,54.233798
dxf,3,428.424567,52.357466
dzb,3,1496.829505,185.320328
dyb,3,567.169992,68.376502
cvx,3,783.539690,95.129452
dyf,3,570.870284,68.857109
dzb2,3,1497.144937,185.298523
dxb,3,448.672549,54.626754
cvy,3,774.323595,94.534830
dzf,3,1494.146136,185.003702
dxb2,3,449.081945,54.713315
dyb2,3,567.953582,68.486691
cvz,3,798.139255,97.937047
dzb3,3,1498.625869,185.522385
dxb3,3,447.998970,54.498974
dyb3,3,571.894854,69.430953
csxxsyyszz,3,2167.167943,258.122285
dyf2,3,573.341380,69.102965
dxf2,3,428.675373,52.768442
csxy,3,346.918161,44.729015
dzf2,3,1924.596404,239.187431
dyf3,3,571.632490,68.919248
csyz,3,425.944657,56.284545
dxf3,3,430.434422,54.447213
dzf3,3,1491.518095,186.573125
csxz,3,420.466860,54.353187
dxf,4,427.169240,52.276701
dzb,4,1491.902943,186.174968
dyb,4,566.066774,68.863691
cvx,4,782.719073,95.846768
dyf,4,571.042226,69.637626
dzb2,4,1494.180893,186.934035
dxb,4,447.656001,55.162634
cvy,4,772.427115,94.507678
dzf,4,1491.275446,185.213434
dxb2,4,447.751940,54.617633
dyb2,4,566.401925,68.475049
cvz,4,797.794268,98.247762
dzb3,4,1492.171942,185.248547
dxb3,4,447.286980,54.667757
dyb3,4,570.852660,69.408995
csxxsyyszz,4,2170.564022,258.716085
dyf2,4,571.565555,68.921278
dxf2,4,428.683028,52.803155
csxy,4,347.926296,44.640612
dzf2,4,1925.242295,239.283908
dyf3,4,571.620511,68.927157
csyz,4,425.396291,54.785088
dxf3,4,430.368386,52.568451
dzf3,4,1496.011679,185.226190
csxz,4,419.812514,54.264281
#========================= OptEWE [OpenMP] =========================
#Source type                                  :  Force monopole
#Grid Size                                    :  768 x 768 x 768
#Iterations                                   :  5
#Compute time                                 :  107.147476
#Total effective MLUPS                        :  21.138381
#===================================================================
#Number of threads                            :  3
