dxf,0,124.632494,23.996206
dzb,0,526.537668,102.727945
dyb,0,123.419502,24.308334
cvx,0,152.529234,30.324222
dyf,0,123.480265,24.390809
dzb2,0,526.533973,102.914328
dxb,0,122.360896,23.725308
cvy,0,1061.795575,175.692577
dzf,0,525.221199,102.584941
dxb2,0,122.438292,23.725010
dyb2,0,123.790671,24.415852
cvz,0,179.292588,35.550450
dzb3,0,526.106964,102.862752
dxb3,0,122.419247,23.754640
dyb3,0,123.870493,24.452902
csxxsyyszz,0,275.037470,54.961198
dyf2,0,123.618072,24.409624
dxf2,0,122.485935,23.782767
csxy,0,124.981696,24.895411
dzf2,0,525.159588,102.676420
dyf3,0,123.398714,24.414435
csyz,0,151.534002,30.022426
dxf3,0,122.320882,23.745294
dzf3,0,525.223478,102.769264
csxz,0,151.457268,30.029125
dxf,1,122.280516,23.741526
dzb,1,527.252909,103.127527
dyb,1,123.509938,24.378514
cvx,1,152.412100,30.334090
dyf,1,123.352489,24.364460
dzb2,1,526.487278,102.996190
dxb,1,122.395767,23.772786
cvy,1,152.510334,30.323436
dzf,1,525.237325,102.793776
dxb2,1,122.287920,23.740991
dyb2,1,123.966518,24.464792
cvz,1,179.410034,35.595668
dzb3,1,526.063406,102.895210
dxb3,1,122.465563,23.785602
dyb3,1,123.661237,24.405410
csxxsyyszz,1,276.067200,55.160186
dyf2,1,123.711557,24.454434
dxf2,1,122.537888,23.805825
csxy,1,124.890031,24.903790
dzf2,1,525.154677,102.774860
dyf3,1,123.445122,24.419420
csyz,1,151.455414,30.027767
dxf3,1,122.544860,23.790009
dzf3,1,525.368752,102.830463
csxz,1,151.454016,30.055455
dxf,2,122.269339,23.751188
dzb,2,526.359136,103.013863
dyb,2,123.428639,24.364072
cvx,2,152.508477,30.375182
dyf,2,123.450036,24.414713
dzb2,2,526.254026,103.002885
dxb,2,122.315003,23.760922
cvy,2,152.512433,30.318901
dzf,2,525.076034,102.797953
dxb2,2,122.375289,23.773866
dyb2,2,123.769976,24.440856
cvz,2,179.330741,35.595170
dzb3,2,526.017209,102.934990
dxb3,2,122.325006,23.749794
dyb3,2,123.875071,24.457646
csxxsyyszz,2,275.525133,55.077672
dyf2,2,123.778062,24.468199
dxf2,2,122.462251,23.778169
csxy,2,124.923648,24.909750
dzf2,2,526.004779,102.938784
dyf3,2,123.527935,24.446425
csyz,2,151.543443,30.044353
dxf3,2,122.417300,23.768207
dzf3,2,525.280559,102.856808
csxz,2,151.457840,30.055224
dxf,3,122.313708,23.769794
dzb,3,526.379433,103.022945
dyb,3,123.464799,24.361086
cvx,3,152.362820,30.339864
dyf,3,125.005327,24.723248
dzb2,3,526.312073,103.749888
dxb,3,122.362376,23.937879
cvy,3,152.397341,30.537606
dzf,3,525.810038,103.229503
dxb2,3,122.395983,23.774555
dyb2,3,123.761631,24.424728
cvz,3,179.402054,35.604616
dzb3,3,526.011389,102.968470
dxb3,3,122.404138,23.784777
dyb3,3,123.937879,24.477483
csxxsyyszz,3,272.806946,54.643031
dyf2,3,123.690508,24.473651
dxf2,3,122.570309,23.832017
csxy,3,124.913966,24.916742
dzf2,3,524.996677,102.793299
dyf3,3,123.320804,24.431700
csyz,3,151.552213,30.057855
dxf3,3,122.339663,23.788527
dzf3,3,525.313178,102.888240
csxz,3,151.445967,30.064127
dxf,4,122.322718,23.777341
dzb,4,526.292466,103.032214
dyb,4,123.527922,24.429869
cvx,4,152.411636,30.357873
dyf,4,123.459801,24.432447
dzb2,4,526.394461,103.062151
dxb,4,122.411532,23.809412
cvy,4,152.489690,30.346685
dzf,4,525.030622,102.833770
dxb2,4,122.355541,23.779034
dyb2,4,123.760995,24.459627
cvz,4,180.723924,35.853218
dzb3,4,525.946948,102.961223
dxb3,4,122.426075,23.786201
dyb3,4,123.571256,24.424723
csxxsyyszz,4,275.717406,55.113992
dyf2,4,123.598064,24.462775
dxf2,4,122.532689,23.818155
csxy,4,124.869257,24.908939
dzf2,4,525.034169,102.808935
dyf3,4,123.427003,24.473969
csyz,4,151.486425,30.042579
dxf3,4,122.366088,23.781330
dzf3,4,525.341755,102.822811
csxz,4,151.481993,30.130683
#========================= OptEWE [OpenMP] =========================
#Source type                                  :  Force monopole
#Grid Size                                    :  768 x 768 x 768
#Iterations                                   :  5
#Compute time                                 :  30.005133
#Total effective MLUPS                        :  75.484558
#===================================================================
#Number of threads                            :  20
