dxf,0,110.075629,24.302880
dzb,0,409.833859,94.509081
dyb,0,111.422393,25.148305
cvx,0,127.149447,29.503106
dyf,0,111.165940,25.185602
dzb2,0,409.101847,94.676965
dxb,0,109.312456,24.359935
cvy,0,682.738002,132.132134
dzf,0,407.900444,94.457249
dxb2,0,109.845004,24.495806
dyb2,0,111.603361,25.271371
cvz,0,147.715691,34.411931
dzb3,0,408.200484,94.595731
dxb3,0,109.524156,24.430423
dyb3,0,111.583833,25.281143
csxxsyyszz,0,247.728088,56.871503
dyf2,0,111.504701,25.309840
dxf2,0,109.503003,24.434337
csxy,0,105.337747,24.558584
dzf2,0,407.940861,94.590163
dyf3,0,111.313080,25.250460
csyz,0,126.065378,29.320541
dxf3,0,109.219806,24.416899
dzf3,0,408.409445,94.726833
csxz,0,125.928399,29.386804
dxf,1,109.023719,24.379201
dzb,1,408.670553,94.860532
dyb,1,111.404211,25.267929
cvx,1,127.291111,29.676343
dyf,1,111.183968,25.286604
dzb2,1,408.922625,94.932258
dxb,1,109.319704,24.443048
cvy,1,127.127011,29.626752
dzf,1,407.842483,94.605867
dxb2,1,109.411062,24.409016
dyb2,1,111.570613,25.281481
cvz,1,147.641085,34.420189
dzb3,1,408.342453,94.760097
dxb3,1,109.548037,24.474116
dyb3,1,111.397518,25.290933
csxxsyyszz,1,246.678734,56.735486
dyf2,1,111.281015,25.300058
dxf2,1,109.637540,24.499421
csxy,1,105.315083,24.602267
dzf2,1,407.902052,94.735498
dyf3,1,111.261078,25.294048
csyz,1,125.980805,29.379194
dxf3,1,109.136333,24.398729
dzf3,1,408.416713,94.833736
csxz,1,125.923328,29.415118
dxf,2,110.998218,24.773910
dzb,2,408.823973,94.891407
dyb,2,111.097685,25.222369
cvx,2,127.288208,29.707241
dyf,2,111.125169,25.302364
dzb2,2,408.779435,94.848168
dxb,2,109.309712,24.421734
cvy,2,127.042692,29.597376
dzf,2,407.909478,94.730366
dxb2,2,109.464337,24.498192
dyb2,2,111.670801,25.369283
cvz,2,147.734204,34.496060
dzb3,2,408.574339,94.983566
dxb3,2,109.442210,24.670344
dyb3,2,111.388640,25.480397
csxxsyyszz,2,247.617013,57.316873
dyf2,2,111.344478,25.505891
dxf2,2,109.454682,24.648257
csxy,2,105.559044,24.812910
dzf2,2,407.971624,95.349275
dyf3,2,111.315758,25.525294
csyz,2,126.031803,29.582150
dxf3,2,109.327887,24.634724
dzf3,2,408.469223,95.436341
csxz,2,125.987745,29.455091
dxf,3,109.132903,24.426843
dzb,3,408.799531,94.960763
dyb,3,111.196517,25.287613
cvx,3,127.195757,29.692690
dyf,3,111.121844,25.320291
dzb2,3,408.707402,94.930142
dxb,3,109.283843,24.462351
cvy,3,127.041413,29.648412
dzf,3,407.980216,94.819862
dxb2,3,109.513000,24.508096
dyb2,3,111.576928,25.342896
cvz,3,147.614051,34.473329
dzb3,3,408.288395,94.834687
dxb3,3,109.537333,24.512061
dyb3,3,111.636700,25.353879
csxxsyyszz,3,247.157829,56.853868
dyf2,3,111.196643,25.296129
dxf2,3,109.556904,24.499292
csxy,3,105.380166,24.613778
dzf2,3,407.795471,94.720217
dyf3,3,111.306836,25.367123
csyz,3,126.057673,29.393596
dxf3,3,109.216277,24.429885
dzf3,3,408.338243,94.866931
csxz,3,125.995899,29.452409
dxf,4,109.118895,24.424937
dzb,4,408.765786,94.928623
dyb,4,112.041423,25.459078
cvx,4,127.186594,29.682910
dyf,4,111.217061,25.321196
dzb2,4,408.792934,94.937420
dxb,4,109.216024,24.463774
cvy,4,127.345290,29.927006
dzf,4,407.890136,94.838319
dxb2,4,109.429467,24.513063
dyb2,4,111.677013,25.398119
cvz,4,147.738815,34.521305
dzb3,4,408.388284,94.893871
dxb3,4,109.566614,24.532186
dyb3,4,111.478364,25.333458
csxxsyyszz,4,247.658447,57.000231
dyf2,4,111.196951,25.345647
dxf2,4,109.482389,24.525534
csxy,4,105.385059,24.634865
dzf2,4,407.999273,94.835264
dyf3,4,111.403103,25.407301
csyz,4,126.105914,29.428982
dxf3,4,109.131017,24.434901
dzf3,4,408.547502,94.945441
csxz,4,125.987830,29.516839
#========================= OptEWE [OpenMP] =========================
#Source type                                  :  Force monopole
#Grid Size                                    :  768 x 768 x 768
#Iterations                                   :  5
#Compute time                                 :  24.467850
#Total effective MLUPS                        :  92.567356
#===================================================================
#Number of threads                            :  18
