dxf,0,167.384478,25.210553
dzb,0,656.909876,100.674681
dyb,0,191.894418,28.813369
cvx,0,221.595775,33.440342
dyf,0,191.242711,28.765677
dzb2,0,657.004071,100.804885
dxb,0,168.780859,25.448926
cvy,0,1082.656011,143.569771
dzf,0,655.685598,100.659338
dxb2,0,169.763184,25.603837
dyb2,0,191.165485,28.774986
cvz,0,234.439379,36.071503
dzb3,0,656.517505,100.793394
dxb3,0,169.021549,25.498778
dyb3,0,201.969775,30.302554
csxxsyyszz,0,594.191668,86.706619
dyf2,0,191.116209,28.770663
dxf2,0,180.708805,27.197419
csxy,0,143.831355,23.068069
dzf2,0,1570.181261,216.035261
dyf3,0,191.182155,28.766475
csyz,0,214.117928,32.899690
dxf3,0,166.819502,25.225615
dzf3,0,656.093057,100.737079
csxz,0,213.121864,32.794126
dxf,1,166.754599,25.212575
dzb,1,657.080890,100.677328
dyb,1,191.972479,28.869477
cvx,1,221.482041,33.465389
dyf,1,191.207486,28.765085
dzb2,1,656.643735,100.795310
dxb,1,168.826525,25.463260
cvy,1,219.254872,33.412557
dzf,1,655.717882,100.657059
dxb2,1,169.660143,25.573537
dyb2,1,191.285368,28.792288
cvz,1,234.644491,36.110519
dzb3,1,657.716304,100.931629
dxb3,1,169.266393,25.519506
dyb3,1,198.368382,29.814767
csxxsyyszz,1,592.106760,86.384412
dyf2,1,191.157949,28.748842
dxf2,1,180.316560,27.133802
csxy,1,143.826114,23.053838
dzf2,1,1569.916218,216.166515
dyf3,1,191.240917,28.766522
csyz,1,214.023050,32.879662
dxf3,1,166.924871,25.233103
dzf3,1,656.345788,100.779125
csxz,1,212.827888,32.756847
dxf,2,166.759489,25.226342
dzb,2,656.965159,100.889952
dyb,2,191.818878,28.844639
cvx,2,221.317716,33.447011
dyf,2,191.140602,28.776192
dzb2,2,656.738378,100.888437
dxb,2,168.836431,25.486603
cvy,2,219.738060,33.494642
dzf,2,655.931782,100.891316
dxb2,2,169.699983,25.620603
dyb2,2,191.740424,28.863018
cvz,2,234.762075,36.142789
dzb3,2,656.724728,100.602141
dxb3,2,169.031343,25.523609
dyb3,2,198.561378,29.939084
csxxsyyszz,2,594.455940,87.112978
dyf2,2,190.892557,28.832605
dxf2,2,180.525095,27.249990
csxy,2,143.709492,23.060293
dzf2,2,1569.376651,216.482817
dyf3,2,191.104296,28.760453
csyz,2,213.757210,32.876231
dxf3,2,166.905882,25.250599
dzf3,2,656.426199,100.861679
csxz,2,213.593822,33.444445
dxf,3,166.858686,25.505417
dzb,3,657.070493,101.366581
dyb,3,191.704304,28.844296
cvx,3,221.037473,33.425722
dyf,3,191.099079,28.782194
dzb2,3,656.815237,100.776467
dxb,3,168.857698,25.502230
cvy,3,219.027744,33.417835
dzf,3,655.799614,100.441772
dxb2,3,169.545557,25.585143
dyb2,3,191.590676,28.847797
cvz,3,234.390810,36.116420
dzb3,3,656.444594,100.882961
dxb3,3,169.046750,25.532608
dyb3,3,198.197681,29.838041
csxxsyyszz,3,594.099238,86.778234
dyf2,3,190.913943,28.768220
dxf2,3,180.565904,27.227130
csxy,3,143.793728,23.086082
dzf2,3,1570.511411,216.262638
dyf3,3,191.195074,28.812255
csyz,3,214.220182,32.943666
dxf3,3,166.743514,25.229633
dzf3,3,658.250636,101.104428
csxz,3,213.097520,32.819867
dxf,4,166.617204,25.217959
dzb,4,657.038460,100.785236
dyb,4,191.944089,28.896535
cvx,4,221.147414,33.447554
dyf,4,190.727679,28.746609
dzb2,4,658.044953,101.092777
dxb,4,168.647697,25.491967
cvy,4,219.180039,33.440328
dzf,4,655.710296,100.847892
dxb2,4,169.584775,25.667052
dyb2,4,191.568099,28.912142
cvz,4,234.476797,36.158731
dzb3,4,656.518639,100.890724
dxb3,4,168.951041,25.526762
dyb3,4,197.919660,29.819853
csxxsyyszz,4,594.458055,87.010180
dyf2,4,191.014005,28.829629
dxf2,4,180.419072,27.265708
csxy,4,143.702302,23.125292
dzf2,4,1568.586175,216.517714
dyf3,4,191.134062,28.849606
csyz,4,214.318214,33.017531
dxf3,4,166.974346,25.292761
dzf3,4,656.327804,100.550564
csxz,4,212.568908,32.768605
#========================= OptEWE [OpenMP] =========================
#Source type                                  :  Force monopole
#Grid Size                                    :  768 x 768 x 768
#Iterations                                   :  5
#Compute time                                 :  45.215515
#Total effective MLUPS                        :  50.091747
#===================================================================
#Number of threads                            :  13
