dxf,0,222.027046,36.585150
dzb,0,754.528751,128.079381
dyb,0,289.999432,46.922978
cvx,0,389.149034,63.701381
dyf,0,291.249710,47.081434
dzb2,0,754.829227,128.149981
dxb,0,232.391151,38.083596
cvy,0,1173.288711,176.989973
dzf,0,755.437526,128.235143
dxb2,0,232.616686,38.111360
dyb2,0,290.486111,46.986998
cvz,0,397.082563,66.201200
dzb3,0,754.372753,128.112148
dxb3,0,232.050773,38.041575
dyb3,0,292.812768,47.806912
csxxsyyszz,0,1071.342629,168.568969
dyf2,0,290.893182,47.022832
dxf2,0,223.445038,37.199998
csxy,0,172.045679,30.717074
dzf2,0,1140.064452,188.333501
dyf3,0,290.306659,46.984814
csyz,0,238.418561,41.810419
dxf3,0,224.260788,36.961724
dzf3,0,753.016605,127.935024
csxz,0,235.782027,41.473262
dxf,1,221.848135,36.609294
dzb,1,753.248613,131.050540
dyb,1,290.638915,47.370907
cvx,1,389.085246,63.784355
dyf,1,290.744466,47.075336
dzb2,1,754.916787,128.255715
dxb,1,232.344208,38.094396
cvy,1,389.762996,64.110404
dzf,1,754.006044,128.124050
dxb2,1,232.624542,38.134891
dyb2,1,290.396770,46.989453
cvz,1,396.988645,66.211570
dzb3,1,755.722658,128.358167
dxb3,1,232.013129,38.060439
dyb3,1,292.850607,47.829525
csxxsyyszz,1,1068.853830,168.553000
dyf2,1,290.995038,47.122385
dxf2,1,223.479129,37.204556
csxy,1,172.013434,30.831924
dzf2,1,1139.074496,188.734082
dyf3,1,290.813833,47.086443
csyz,1,238.455615,41.853306
dxf3,1,224.407807,37.105358
dzf3,1,752.996876,128.479215
csxz,1,235.638696,41.593957
dxf,2,221.800258,36.709682
dzb,2,754.211457,128.317703
dyb,2,290.509172,47.229254
cvx,2,389.793427,64.414982
dyf,2,290.406466,47.071207
dzb2,2,755.267268,128.506303
dxb,2,231.671717,38.071095
cvy,2,385.668197,63.562004
dzf,2,753.393408,128.228178
dxb2,2,232.357888,38.126304
dyb2,2,290.257200,46.996193
cvz,2,398.712860,66.477518
dzb3,2,754.180429,128.168771
dxb3,2,232.067095,38.050945
dyb3,2,292.826820,47.864360
csxxsyyszz,2,1069.897343,168.533801
dyf2,2,291.139845,47.131987
dxf2,2,223.447934,37.222949
csxy,2,171.913298,30.753599
dzf2,2,1139.432925,188.530457
dyf3,2,290.800354,47.221321
csyz,2,238.541396,41.937813
dxf3,2,224.505149,37.166032
dzf3,2,752.749583,128.215639
csxz,2,235.601187,41.480098
dxf,3,221.889270,36.830509
dzb,3,754.119906,128.650883
dyb,3,292.430172,47.379033
cvx,3,389.077172,63.774822
dyf,3,290.646272,47.102736
dzb2,3,754.937507,128.697619
dxb,3,232.241946,38.236303
cvy,3,386.282921,63.707311
dzf,3,754.231339,130.651745
dxb2,3,232.571518,38.208567
dyb2,3,290.400972,47.055523
cvz,3,396.858866,66.363551
dzb3,3,753.816412,128.496491
dxb3,3,232.032811,38.186378
dyb3,3,292.777508,48.044390
csxxsyyszz,3,1069.210036,168.822370
dyf2,3,290.931533,47.104380
dxf2,3,223.206039,37.303556
csxy,3,172.019835,30.750028
dzf2,3,1139.221199,188.644068
dyf3,3,290.349028,47.075072
csyz,3,238.219767,41.820099
dxf3,3,224.426164,37.006483
dzf3,3,752.665355,128.409173
csxz,3,235.871802,41.611218
dxf,4,222.107408,36.786043
dzb,4,755.213829,128.522526
dyb,4,290.060440,47.069755
cvx,4,388.964960,63.910806
dyf,4,291.101495,47.273565
dzb2,4,754.730635,128.463187
dxb,4,233.869821,38.434016
cvy,4,386.208169,63.724471
dzf,4,753.705397,128.625812
dxb2,4,232.631745,38.205538
dyb2,4,290.302375,47.091369
cvz,4,397.306503,66.292679
dzb3,4,754.591639,128.133974
dxb3,4,232.115168,38.030309
dyb3,4,292.150639,47.714086
csxxsyyszz,4,1069.604535,168.389680
dyf2,4,290.528787,47.154463
dxf2,4,223.331634,37.293776
csxy,4,171.886509,30.809290
dzf2,4,1139.687505,188.494295
dyf3,4,290.741688,47.081359
csyz,4,238.497284,41.835155
dxf3,4,224.409318,37.033991
dzf3,4,754.057195,128.410027
csxz,4,235.753769,41.547445
#========================= OptEWE [OpenMP] =========================
#Source type                                  :  Force monopole
#Grid Size                                    :  768 x 768 x 768
#Iterations                                   :  5
#Compute time                                 :  55.351433
#Total effective MLUPS                        :  40.918980
#===================================================================
#Number of threads                            :  5
