dxf,0,187.706369,30.944238
dzb,0,656.002967,111.966270
dyb,0,236.015422,38.298212
cvx,0,295.619514,48.902011
dyf,0,236.679531,38.392054
dzb2,0,656.169368,112.004020
dxb,0,193.424161,32.802753
cvy,0,1032.158068,155.548787
dzf,0,655.886702,112.201048
dxb2,0,194.706126,32.065416
dyb2,0,235.995080,38.440436
cvz,0,304.588254,51.586897
dzb3,0,656.370563,112.126394
dxb3,0,193.092782,31.792478
dyb3,0,237.913673,39.127217
csxxsyyszz,0,812.391395,128.759292
dyf2,0,236.949934,38.508470
dxf2,0,189.423846,31.569070
csxy,0,146.801119,26.584640
dzf2,0,1043.522361,171.275093
dyf3,0,236.776305,38.565313
csyz,0,220.451818,38.549028
dxf3,0,186.924449,30.864904
dzf3,0,657.199618,112.265947
csxz,0,219.422772,38.507827
dxf,1,187.088180,31.002317
dzb,1,656.054951,112.374832
dyb,1,235.988556,38.350006
cvx,1,295.727019,48.946928
dyf,1,236.718037,38.425031
dzb2,1,655.874417,112.344322
dxb,1,193.425959,31.907471
cvy,1,299.141319,49.883056
dzf,1,657.289399,112.358832
dxb2,1,193.178811,31.773084
dyb2,1,236.040771,38.379683
cvz,1,304.421116,51.680582
dzb3,1,657.674122,112.645029
dxb3,1,193.171474,31.738939
dyb3,1,237.965057,39.107913
csxxsyyszz,1,812.701749,128.688174
dyf2,1,236.988888,38.535338
dxf2,1,189.370456,31.702076
csxy,1,146.807439,26.660925
dzf2,1,1042.920729,171.184095
dyf3,1,236.753300,38.514315
csyz,1,221.489046,38.775108
dxf3,1,186.963125,30.971982
dzf3,1,656.739473,112.374559
csxz,1,219.340577,38.401845
dxf,2,187.165534,30.896424
dzb,2,656.190241,112.233584
dyb,2,235.969041,38.431839
cvx,2,295.595701,49.073239
dyf,2,236.651573,38.558420
dzb2,2,655.997161,112.160659
dxb,2,193.385941,31.846573
cvy,2,299.480730,49.896125
dzf,2,655.684534,112.306058
dxb2,2,193.112199,31.811892
dyb2,2,236.500108,38.400959
cvz,2,304.504647,51.532683
dzb3,2,656.401798,112.281490
dxb3,2,192.976727,31.848993
dyb3,2,239.487841,39.422331
csxxsyyszz,2,812.290297,128.544063
dyf2,2,236.987491,38.503745
dxf2,2,189.349943,31.629123
csxy,2,146.943403,26.619343
dzf2,2,1042.484370,171.378210
dyf3,2,236.697261,38.469395
csyz,2,220.641774,38.566591
dxf3,2,187.423592,31.745614
dzf3,2,657.843224,114.391222
csxz,2,219.267809,38.415893
dxf,3,186.851170,30.924116
dzb,3,655.994218,112.162028
dyb,3,235.672469,38.321884
cvx,3,295.809062,48.962250
dyf,3,236.722694,38.436230
dzb2,3,656.021339,112.107863
dxb,3,193.371346,31.962919
cvy,3,299.162174,49.778323
dzf,3,655.574563,112.095015
dxb2,3,193.055529,31.786592
dyb2,3,235.989312,38.346769
cvz,3,304.473697,51.533167
dzb3,3,656.405347,112.181093
dxb3,3,192.982965,31.732268
dyb3,3,237.811667,39.081461
csxxsyyszz,3,813.795061,128.674975
dyf2,3,236.916462,38.516718
dxf2,3,189.454943,31.578344
csxy,3,146.735826,26.568974
dzf2,3,1042.550561,170.921741
dyf3,3,236.613723,38.444634
csyz,3,220.467533,38.538369
dxf3,3,186.892869,30.859690
dzf3,3,657.056502,112.238259
csxz,3,219.167911,38.385994
dxf,4,187.037787,30.971700
dzb,4,658.732992,112.596554
dyb,4,235.741103,38.311285
cvx,4,295.111083,48.897024
dyf,4,236.575306,38.412920
dzb2,4,655.976988,112.153965
dxb,4,193.315982,31.835424
cvy,4,299.184772,49.749655
dzf,4,655.744313,112.029097
dxb2,4,192.973280,31.725826
dyb2,4,235.994793,38.299116
cvz,4,304.388224,51.523052
dzb3,4,656.634184,112.243528
dxb3,4,193.113287,31.829278
dyb3,4,237.816784,39.026703
csxxsyyszz,4,812.193155,128.405090
dyf2,4,237.053941,38.464853
dxf2,4,189.319261,31.599465
csxy,4,146.863472,26.595436
dzf2,4,1042.509943,171.026049
dyf3,4,236.661609,38.439487
csyz,4,220.450889,38.517710
dxf3,4,186.775503,30.918175
dzf3,4,657.050852,112.233929
csxz,4,219.359139,38.458357
#========================= OptEWE [OpenMP] =========================
#Source type                                  :  Force monopole
#Grid Size                                    :  768 x 768 x 768
#Iterations                                   :  5
#Compute time                                 :  46.673725
#Total effective MLUPS                        :  48.526749
#===================================================================
#Number of threads                            :  7
