dxf,0,122.914130,21.777979
dzb,0,483.463521,87.635736
dyb,0,126.182138,22.656963
cvx,0,148.727549,27.145751
dyf,0,126.188584,22.711233
dzb2,0,483.319092,87.756793
dxb,0,122.821455,21.837951
cvy,0,854.480956,130.016361
dzf,0,482.037409,87.511200
dxb2,0,122.916614,21.919675
dyb2,0,126.475882,22.891393
cvz,0,173.434614,31.660116
dzb3,0,482.824713,87.676202
dxb3,0,122.648891,21.831007
dyb3,0,126.316309,22.727437
csxxsyyszz,0,315.885105,56.385988
dyf2,0,126.259667,22.749427
dxf2,0,122.774562,21.847807
csxy,0,121.424745,22.278108
dzf2,0,482.179284,87.623007
dyf3,0,126.591283,22.787914
csyz,0,146.217674,26.749559
dxf3,0,122.334239,21.779070
dzf3,0,482.688029,87.741886
csxz,0,146.116824,26.735552
dxf,1,122.339294,21.768254
dzb,1,483.354775,87.824439
dyb,1,127.761016,22.987821
cvx,1,148.633625,27.343136
dyf,1,126.217207,22.856900
dzb2,1,483.310394,88.236033
dxb,1,122.633180,21.943798
cvy,1,148.820777,27.211010
dzf,1,482.163447,87.621748
dxb2,1,122.911465,21.877373
dyb2,1,126.345076,22.764939
cvz,1,173.346825,31.657463
dzb3,1,484.155301,87.978164
dxb3,1,122.797645,21.851543
dyb3,1,126.263120,22.738952
csxxsyyszz,1,315.145287,56.312584
dyf2,1,126.502128,22.817079
dxf2,1,122.890299,21.879180
csxy,1,121.407244,22.279956
dzf2,1,482.256636,87.655871
dyf3,1,126.524947,22.826755
csyz,1,146.222556,26.752429
dxf3,1,122.281695,21.780070
dzf3,1,482.819613,87.791118
csxz,1,146.146954,26.794266
dxf,2,122.371009,21.823734
dzb,2,483.289545,87.860667
dyb,2,126.077569,22.702580
cvx,2,148.692547,27.183847
dyf,2,126.356635,22.780595
dzb2,2,483.317706,87.861676
dxb,2,122.786882,21.877478
cvy,2,148.788399,27.186615
dzf,2,482.206391,87.697051
dxb2,2,122.929416,21.904237
dyb2,2,126.386855,22.786044
cvz,2,173.371046,31.674394
dzb3,2,482.702372,87.643016
dxb3,2,122.711179,21.824776
dyb3,2,126.451006,22.765502
csxxsyyszz,2,315.776736,56.404622
dyf2,2,126.238917,22.763194
dxf2,2,122.823162,21.868094
csxy,2,121.508507,22.304096
dzf2,2,482.280965,87.727677
dyf3,2,126.557142,22.829845
csyz,2,146.251783,26.754317
dxf3,2,122.386250,21.816089
dzf3,2,482.765345,87.778757
csxz,2,146.193424,26.789944
dxf,3,122.375285,21.807102
dzb,3,483.438580,87.902339
dyb,3,125.998964,22.702012
cvx,3,148.558006,27.166802
dyf,3,126.324842,22.786460
dzb2,3,483.321144,87.880986
dxb,3,122.739470,21.868412
cvy,3,151.239312,27.558792
dzf,3,482.124689,87.705103
dxb2,3,122.930997,21.896588
dyb2,3,126.277984,22.767649
cvz,3,173.376341,31.688984
dzb3,3,482.870360,87.776900
dxb3,3,122.646876,21.851914
dyb3,3,126.483191,22.774755
csxxsyyszz,3,313.939424,56.153671
dyf2,3,126.279437,22.788998
dxf2,3,122.705690,21.862640
csxy,3,121.449123,22.302823
dzf2,3,482.200803,87.675362
dyf3,3,126.549811,22.809985
csyz,3,146.163204,26.764037
dxf3,3,122.168973,21.778220
dzf3,3,482.890464,87.815848
csxz,3,146.092948,26.770175
dxf,4,122.243002,21.777368
dzb,4,483.365811,87.875902
dyb,4,126.143050,22.729647
cvx,4,148.726632,27.187104
dyf,4,126.376802,22.814591
dzb2,4,483.166201,87.856051
dxb,4,122.682062,21.843837
cvy,4,148.693561,27.164702
dzf,4,482.245684,87.730601
dxb2,4,122.894851,21.887424
dyb2,4,126.410999,22.776323
cvz,4,173.231577,31.659926
dzb3,4,482.869262,87.797651
dxb3,4,122.775949,21.858574
dyb3,4,126.334025,22.760974
csxxsyyszz,4,315.788093,56.426574
dyf2,4,126.303844,22.759237
dxf2,4,122.629069,21.866790
csxy,4,121.450746,22.296949
dzf2,4,482.187422,87.596591
dyf3,4,126.683508,22.820969
csyz,4,146.231274,26.746490
dxf3,4,122.410442,21.830520
dzf3,4,482.532374,87.722813
csxz,4,146.075245,26.841833
#========================= OptEWE [OpenMP] =========================
#Source type                                  :  Force monopole
#Grid Size                                    :  768 x 768 x 768
#Iterations                                   :  5
#Compute time                                 :  28.663784
#Total effective MLUPS                        :  79.016928
#===================================================================
#Number of threads                            :  17
