dxf,0,177.457470,29.374415
dzb,0,648.387734,110.717939
dyb,0,215.181175,35.390981
cvx,0,252.491169,42.970094
dyf,0,214.611900,35.276458
dzb2,0,647.254106,110.589445
dxb,0,180.634995,29.855143
cvy,0,896.428997,134.183588
dzf,0,647.042968,110.548385
dxb2,0,181.147241,29.970835
dyb2,0,213.901245,35.157778
cvz,0,268.941352,46.412304
dzb3,0,648.659131,110.850479
dxb3,0,181.144900,29.928255
dyb3,0,217.020489,35.954423
csxxsyyszz,0,693.928646,112.021423
dyf2,0,214.933187,35.279391
dxf2,0,180.593009,30.226506
csxy,0,145.985056,26.423543
dzf2,0,1052.479619,172.080663
dyf3,0,214.507123,35.236518
csyz,0,222.403678,38.727901
dxf3,0,177.194809,29.415822
dzf3,0,648.850729,110.886965
csxz,0,220.121171,39.373926
dxf,1,176.782524,30.826948
dzb,1,647.036988,115.231776
dyb,1,212.581770,36.017709
cvx,1,252.662118,42.945596
dyf,1,214.730805,35.321601
dzb2,1,648.542568,110.904144
dxb,1,180.845864,29.956073
cvy,1,269.196448,45.432984
dzf,1,646.911249,110.742243
dxb2,1,181.011301,29.977647
dyb2,1,214.056733,35.201183
cvz,1,267.883868,46.267974
dzb3,1,648.464373,110.871817
dxb3,1,181.275199,29.980490
dyb3,1,216.925973,36.035085
csxxsyyszz,1,689.753449,111.501612
dyf2,1,214.594867,35.268318
dxf2,1,180.390075,30.260310
csxy,1,145.913107,26.418585
dzf2,1,1050.971977,171.850897
dyf3,1,214.614381,35.291397
csyz,1,222.518170,38.727970
dxf3,1,177.154563,29.389224
dzf3,1,647.939064,110.741294
csxz,1,220.841854,38.534416
dxf,2,177.175218,29.454884
dzb,2,647.757980,110.772725
dyb,2,213.748840,35.157458
cvx,2,252.456417,42.695697
dyf,2,214.878893,35.353670
dzb2,2,647.503804,110.716787
dxb,2,180.757250,29.963493
cvy,2,269.385626,45.453605
dzf,2,648.129063,111.084084
dxb2,2,181.308655,29.974877
dyb2,2,214.228507,35.219265
cvz,2,267.600720,46.198428
dzb3,2,648.667762,110.947009
dxb3,2,181.134483,30.035536
dyb3,2,216.960269,36.038543
csxxsyyszz,2,693.774393,112.291251
dyf2,2,214.904883,35.300614
dxf2,2,180.278926,30.225321
csxy,2,146.020278,26.427573
dzf2,2,1052.830271,172.344390
dyf3,2,214.535414,35.233592
csyz,2,222.380875,38.701221
dxf3,2,177.222194,29.443264
dzf3,2,647.726959,110.806468
csxz,2,220.984682,38.617321
dxf,3,177.296071,29.498871
dzb,3,648.137887,110.929918
dyb,3,213.344265,35.093642
cvx,3,252.480838,42.692496
dyf,3,214.650490,35.294974
dzb2,3,647.536722,110.798619
dxb,3,180.807614,29.996678
cvy,3,269.229912,45.517116
dzf,3,647.027760,110.723370
dxb2,3,181.124655,29.960417
dyb2,3,213.902653,35.169202
cvz,3,267.632077,46.266521
dzb3,3,649.889332,111.223790
dxb3,3,181.241717,30.087610
dyb3,3,216.963376,35.991163
csxxsyyszz,3,689.522039,111.693088
dyf2,3,214.921013,35.321671
dxf2,3,180.241337,30.243282
csxy,3,145.944035,26.473329
dzf2,3,1052.387963,172.335389
dyf3,3,214.885089,36.687276
csyz,3,221.529037,40.498214
dxf3,3,177.307831,29.980252
dzf3,3,648.018548,110.810670
csxz,3,220.991136,38.575022
dxf,4,177.231452,29.407177
dzb,4,647.957819,110.835354
dyb,4,213.608386,35.170992
cvx,4,252.242420,42.695008
dyf,4,214.218810,35.269986
dzb2,4,647.653987,110.775524
dxb,4,180.886264,29.975064
cvy,4,269.251823,45.430904
dzf,4,647.256257,110.707495
dxb2,4,181.214237,30.010760
dyb2,4,214.183682,35.189709
cvz,4,268.029748,46.262926
dzb3,4,648.254559,110.825971
dxb3,4,181.081671,30.005380
dyb3,4,217.121295,35.996281
csxxsyyszz,4,685.904276,111.123354
dyf2,4,214.772570,35.270304
dxf2,4,180.525839,30.248492
csxy,4,145.875715,26.440717
dzf2,4,1051.847774,172.082366
dyf3,4,214.536514,35.258231
csyz,4,222.570042,38.719362
dxf3,4,177.161400,29.402482
dzf3,4,648.284567,110.685361
csxz,4,220.931018,38.537775
#========================= OptEWE [OpenMP] =========================
#Source type                                  :  Force monopole
#Grid Size                                    :  768 x 768 x 768
#Iterations                                   :  5
#Compute time                                 :  44.267338
#Total effective MLUPS                        :  51.164680
#===================================================================
#Number of threads                            :  7
