dxf,0,132.018433,23.271450
dzb,0,547.859748,97.378949
dyb,0,133.131526,23.857785
cvx,0,162.830191,29.424482
dyf,0,132.965523,23.932305
dzb2,0,547.484828,97.856553
dxb,0,130.753825,23.176362
cvy,0,928.264192,142.149559
dzf,0,548.042219,97.925676
dxb2,0,131.077269,23.249953
dyb2,0,133.264126,23.969897
cvz,0,190.514103,34.412973
dzb3,0,547.396337,97.800230
dxb3,0,130.852320,23.191095
dyb3,0,133.130878,23.911538
csxxsyyszz,0,313.783060,56.514071
dyf2,0,133.048552,23.955884
dxf2,0,130.988074,23.233637
csxy,0,132.802241,24.122560
dzf2,0,546.391415,97.752463
dyf3,0,133.200152,23.991567
csyz,0,160.595597,29.062226
dxf3,0,130.838448,23.232621
dzf3,0,546.604923,97.900505
csxz,0,160.559087,29.116820
dxf,1,130.775552,23.238666
dzb,1,547.643699,97.993805
dyb,1,132.970747,23.926795
cvx,1,162.997270,29.518035
dyf,1,132.902960,23.977206
dzb2,1,547.729374,97.998285
dxb,1,130.868271,23.260223
cvy,1,162.783553,29.466180
dzf,1,546.448449,97.860763
dxb2,1,131.076733,23.282134
dyb2,1,133.286227,24.005836
cvz,1,190.619724,34.466056
dzb3,1,547.225017,97.942560
dxb3,1,130.785252,23.226395
dyb3,1,133.361201,23.979331
csxxsyyszz,1,315.013315,57.093305
dyf2,1,133.071007,24.201303
dxf2,1,131.028902,23.430405
csxy,1,132.827681,24.291729
dzf2,1,546.376066,97.763800
dyf3,1,133.135634,24.029872
csyz,1,160.627057,29.105845
dxf3,1,130.730498,23.224223
dzf3,1,546.768916,97.173455
csxz,1,161.694814,29.297140
dxf,2,130.786991,23.243300
dzb,2,547.666331,98.007082
dyb,2,132.934580,23.945461
cvx,2,162.844668,29.502563
dyf,2,132.953960,24.002902
dzb2,2,547.602246,97.391032
dxb,2,130.765640,23.223903
cvy,2,162.673876,29.443103
dzf,2,546.509139,97.960639
dxb2,2,131.045483,23.290871
dyb2,2,133.299221,24.027431
cvz,2,190.680334,34.512643
dzb3,2,547.326949,98.031214
dxb3,2,130.795668,23.267756
dyb3,2,133.401936,24.022971
csxxsyyszz,2,313.774193,56.619431
dyf2,2,133.245899,24.006469
dxf2,2,131.032910,23.314128
csxy,2,132.846294,24.174803
dzf2,2,546.558220,97.537202
dyf3,2,133.104018,24.005062
csyz,2,160.595812,29.098201
dxf3,2,130.905973,23.256636
dzf3,2,546.640007,97.927487
csxz,2,160.483895,29.114576
dxf,3,130.844405,23.250778
dzb,3,547.813133,97.604532
dyb,3,132.921507,23.946950
cvx,3,162.831331,29.512433
dyf,3,133.026766,24.017736
dzb2,3,547.888669,98.193448
dxb,3,130.858605,23.309560
cvy,3,162.736083,29.489712
dzf,3,546.390092,97.275381
dxb2,3,131.139573,23.350238
dyb2,3,133.190879,24.080417
cvz,3,190.575443,34.587209
dzb3,3,547.338867,97.476040
dxb3,3,130.936205,23.332682
dyb3,3,136.387567,24.504422
csxxsyyszz,3,313.634896,56.632255
dyf2,3,132.955432,23.995726
dxf2,3,130.988703,23.313508
csxy,3,132.818507,24.183127
dzf2,3,548.146237,98.176975
dyf3,3,133.170566,24.033094
csyz,3,160.654378,29.117366
dxf3,3,130.676270,23.241937
dzf3,3,546.576295,97.982401
csxz,3,160.489723,29.130865
dxf,4,130.771931,23.254741
dzb,4,547.661046,98.115743
dyb,4,133.092163,23.997256
cvx,4,162.880816,29.533072
dyf,4,133.156481,24.052128
dzb2,4,547.557136,98.125054
dxb,4,130.831188,23.265898
cvy,4,162.688035,29.462654
dzf,4,546.458424,97.970495
dxb2,4,131.013129,23.294232
dyb2,4,133.231373,24.002495
cvz,4,190.481829,34.472126
dzb3,4,547.084629,98.026925
dxb3,4,130.944127,23.277798
dyb3,4,133.367828,24.021891
csxxsyyszz,4,311.874584,56.384283
dyf2,4,133.073576,24.002899
dxf2,4,131.057864,23.336921
csxy,4,132.937607,24.195512
dzf2,4,546.341952,97.817390
dyf3,4,133.135213,23.996635
csyz,4,160.639843,29.091800
dxf3,4,130.816369,23.253228
dzf3,4,546.693028,97.923892
csxz,4,160.492154,29.152919
#========================= OptEWE [OpenMP] =========================
#Source type                                  :  Force monopole
#Grid Size                                    :  768 x 768 x 768
#Iterations                                   :  5
#Compute time                                 :  31.525419
#Total effective MLUPS                        :  71.844379
#===================================================================
#Number of threads                            :  17
