dxf,0,189.620986,32.724883
dzb,0,634.066466,114.240879
dyb,0,240.617480,40.903728
cvx,0,307.290360,52.937849
dyf,0,240.992622,40.953185
dzb2,0,633.920677,114.407954
dxb,0,195.033148,33.747416
cvy,0,1163.607964,180.979113
dzf,0,634.014923,114.398320
dxb2,0,197.076533,33.864358
dyb2,0,240.542887,40.918133
cvz,0,312.186425,55.067099
dzb3,0,633.920424,114.490144
dxb3,0,195.656669,33.753754
dyb3,0,241.126169,41.486972
csxxsyyszz,0,837.777211,138.710540
dyf2,0,240.700342,40.940939
dxf2,0,189.889066,33.216294
csxy,0,140.750842,26.863214
dzf2,0,979.034840,170.266854
dyf3,0,240.550916,40.962117
csyz,0,204.227718,37.845576
dxf3,0,188.897391,32.680863
dzf3,0,633.890494,114.619128
csxz,0,203.020935,37.717946
dxf,1,189.216402,32.823720
dzb,1,633.988098,114.607199
dyb,1,240.336355,40.966299
cvx,1,308.189573,53.491146
dyf,1,241.098671,41.490426
dzb2,1,633.978427,114.525954
dxb,1,195.063301,33.649409
cvy,1,307.039973,53.311677
dzf,1,633.789359,114.437403
dxb2,1,195.416398,33.620671
dyb2,1,240.264544,40.826604
cvz,1,312.190341,55.073755
dzb3,1,635.254517,114.588518
dxb3,1,195.506350,33.702391
dyb3,1,241.599801,41.528445
csxxsyyszz,1,826.076764,136.855002
dyf2,1,240.888628,40.939867
dxf2,1,190.017021,33.265349
csxy,1,140.755674,26.866986
dzf2,1,979.592100,170.365641
dyf3,1,240.607004,40.932893
csyz,1,204.221897,37.851561
dxf3,1,188.822935,32.716802
dzf3,1,635.228462,114.645397
csxz,1,203.584365,37.829326
dxf,2,189.325247,32.810634
dzb,2,634.106376,114.505052
dyb,2,240.439649,40.984899
cvx,2,307.130883,52.981691
dyf,2,240.543561,40.933779
dzb2,2,633.989840,114.445272
dxb,2,197.037603,33.943934
cvy,2,307.268972,53.377666
dzf,2,633.893057,114.349812
dxb2,2,195.377313,33.692048
dyb2,2,239.968653,40.848812
cvz,2,312.142954,55.128147
dzb3,2,633.951355,114.601805
dxb3,2,195.465657,33.678757
dyb3,2,241.136924,41.515987
csxxsyyszz,2,838.969061,138.944759
dyf2,2,241.099510,41.011968
dxf2,2,189.969539,33.309566
csxy,2,140.777454,26.910180
dzf2,2,979.270085,170.383507
dyf3,2,240.642947,40.952556
csyz,2,204.164511,37.882675
dxf3,2,188.834970,32.784731
dzf3,2,633.821018,114.599703
csxz,2,203.274787,37.802788
dxf,3,189.250979,32.928802
dzb,3,634.751890,114.818854
dyb,3,241.116589,41.177974
cvx,3,307.203922,53.038035
dyf,3,240.935439,41.098034
dzb2,3,633.798636,114.780306
dxb,3,195.036348,33.653051
cvy,3,306.886702,53.348466
dzf,3,633.585876,114.882087
dxb2,3,195.374258,33.649124
dyb2,3,240.473515,40.958626
cvz,3,312.187487,55.131663
dzb3,3,633.897501,114.498108
dxb3,3,195.274592,33.647199
dyb3,3,241.309545,41.547321
csxxsyyszz,3,825.896386,136.916290
dyf2,3,240.658367,40.953564
dxf2,3,191.510512,33.468570
csxy,3,140.790478,26.902011
dzf2,3,980.304232,170.529008
dyf3,3,240.658642,40.994508
csyz,3,204.448759,37.923011
dxf3,3,189.496864,33.238964
dzf3,3,632.436143,117.848587
csxz,3,201.955725,37.982474
dxf,4,188.692331,33.675497
dzb,4,633.829224,115.631534
dyb,4,241.137449,41.100538
cvx,4,309.097135,53.317142
dyf,4,241.119967,41.055015
dzb2,4,634.084107,114.509630
dxb,4,195.131701,33.661703
cvy,4,307.461166,53.414660
dzf,4,633.658872,114.447895
dxb2,4,195.394845,33.655645
dyb2,4,240.032436,40.884243
cvz,4,312.233120,55.156004
dzb3,4,633.832564,114.488250
dxb3,4,195.250151,33.666031
dyb3,4,241.433326,41.523550
csxxsyyszz,4,826.048062,136.870948
dyf2,4,240.786610,40.968672
dxf2,4,189.725445,33.223308
csxy,4,140.774560,26.898474
dzf2,4,980.044807,170.420256
dyf3,4,240.802160,40.979029
csyz,4,204.334921,37.904375
dxf3,4,188.899247,32.717970
dzf3,4,635.293234,114.678030
csxz,4,203.705426,37.907612
#========================= OptEWE [OpenMP] =========================
#Source type                                  :  Force monopole
#Grid Size                                    :  768 x 768 x 768
#Iterations                                   :  5
#Compute time                                 :  46.136295
#Total effective MLUPS                        :  49.092025
#===================================================================
#Number of threads                            :  9
