dxf,0,118.765783,21.962514
dzb,0,439.080081,84.397960
dyb,0,131.974230,24.412255
cvx,0,147.408920,27.673798
dyf,0,132.092441,24.451025
dzb2,0,438.699839,84.471153
dxb,0,118.706368,22.002967
cvy,0,905.804521,141.423845
dzf,0,437.821665,84.351727
dxb2,0,118.949341,22.051225
dyb2,0,132.160032,24.463166
cvz,0,160.888051,30.906395
dzb3,0,438.085775,84.420745
dxb3,0,119.180418,22.086667
dyb3,0,131.931110,24.457473
csxxsyyszz,0,390.381626,69.589133
dyf2,0,132.105932,24.479155
dxf2,0,118.505497,21.998817
csxy,0,112.616343,21.843372
dzf2,0,438.270210,84.503475
dyf3,0,131.900648,24.487156
csyz,0,134.634392,26.097168
dxf3,0,118.006585,21.947012
dzf3,0,438.275806,84.530701
csxz,0,134.714661,26.172284
dxf,1,118.166776,21.975327
dzb,1,438.925096,84.660544
dyb,1,131.729503,24.422575
cvx,1,147.454752,27.730523
dyf,1,131.858910,24.470113
dzb2,1,441.113366,84.985018
dxb,1,118.998962,22.079761
cvy,1,145.834075,27.460580
dzf,1,437.927829,84.533286
dxb2,1,119.033538,22.101625
dyb2,1,132.179566,24.526830
cvz,1,160.744978,30.896896
dzb3,1,438.154764,84.539470
dxb3,1,119.200659,22.128715
dyb3,1,132.138085,24.480059
csxxsyyszz,1,387.941554,69.193214
dyf2,1,132.069188,24.516328
dxf2,1,118.338014,22.021225
csxy,1,112.509003,21.840686
dzf2,1,438.152726,84.526131
dyf3,1,131.947803,24.497275
csyz,1,134.677793,26.147544
dxf3,1,117.857862,21.925276
dzf3,1,438.269597,84.567229
csxz,1,134.671481,26.175902
dxf,2,118.137617,21.976303
dzb,2,438.797891,84.663433
dyb,2,131.761918,24.464002
cvx,2,147.466726,27.741558
dyf,2,131.838730,24.463890
dzb2,2,438.578051,84.619895
dxb,2,118.694863,22.067353
cvy,2,145.852474,27.478308
dzf,2,437.960577,84.554572
dxb2,2,119.024498,22.103759
dyb2,2,132.127199,24.507746
cvz,2,160.799903,30.913656
dzb3,2,438.292201,84.606580
dxb3,2,119.210805,22.131214
dyb3,2,132.129221,24.517981
csxxsyyszz,2,390.224591,69.612282
dyf2,2,132.149221,24.522555
dxf2,2,118.564329,22.030734
csxy,2,112.519354,21.852689
dzf2,2,438.070583,84.541522
dyf3,2,131.995862,24.508430
csyz,2,134.762630,26.152620
dxf3,2,117.902422,21.946074
dzf3,2,440.203769,84.910773
csxz,2,134.894578,26.218025
dxf,3,118.189189,21.988729
dzb,3,441.128964,85.037314
dyb,3,132.184996,24.499601
cvx,3,147.434920,27.764394
dyf,3,132.072194,24.523908
dzb2,3,438.611695,84.668254
dxb,3,118.711931,22.074978
cvy,3,145.889797,27.495884
dzf,3,437.895448,84.545240
dxb2,3,119.021041,22.102502
dyb2,3,132.197030,24.530317
cvz,3,160.762596,30.914795
dzb3,3,438.153838,84.589704
dxb3,3,119.291860,22.149466
dyb3,3,131.941544,24.489168
csxxsyyszz,3,391.709279,70.368253
dyf2,3,132.106862,24.717908
dxf2,3,118.524522,22.185814
csxy,3,112.549339,21.950329
dzf2,3,438.189368,84.899935
dyf3,3,131.965630,24.520057
csyz,3,134.767138,26.183718
dxf3,3,117.896534,21.943244
dzf3,3,438.305153,84.639960
csxz,3,134.731165,26.220938
dxf,4,118.260198,22.000708
dzb,4,438.984725,84.752110
dyb,4,131.936176,24.499208
cvx,4,147.496467,27.759404
dyf,4,132.032753,24.527423
dzb2,4,438.665538,84.684131
dxb,4,118.664591,22.075074
cvy,4,145.840878,27.494849
dzf,4,437.892123,84.599958
dxb2,4,118.971668,22.109521
dyb2,4,131.978928,24.504790
cvz,4,160.590670,30.904905
dzb3,4,438.235017,84.655176
dxb3,4,119.192180,22.156816
dyb3,4,132.157224,24.515904
csxxsyyszz,4,388.776620,69.371953
dyf2,4,132.081196,24.508454
dxf2,4,118.441402,22.022821
csxy,4,112.628260,21.888783
dzf2,4,438.006636,84.620391
dyf3,4,132.025730,24.532523
csyz,4,134.686658,26.162387
dxf3,4,117.938860,21.971687
dzf3,4,440.187837,84.978534
csxz,4,134.750780,26.290586
#========================= OptEWE [OpenMP] =========================
#Source type                                  :  Force monopole
#Grid Size                                    :  768 x 768 x 768
#Iterations                                   :  5
#Compute time                                 :  27.567974
#Total effective MLUPS                        :  82.157802
#===================================================================
#Number of threads                            :  17
