dxf,0,153.860502,24.249779
dzb,0,608.234355,97.646290
dyb,0,165.726955,26.190192
cvx,0,185.197546,29.789941
dyf,0,165.058704,26.090394
dzb2,0,608.045418,97.249012
dxb,0,153.858802,24.173699
cvy,0,964.013835,132.439131
dzf,0,606.990800,97.261538
dxb2,0,152.863309,24.077583
dyb2,0,166.430025,26.279226
cvz,0,215.679079,34.782972
dzb3,0,607.854620,97.390859
dxb3,0,153.295629,24.112413
dyb3,0,176.286361,27.708774
csxxsyyszz,0,470.845625,72.677813
dyf2,0,165.156562,26.125147
dxf2,0,166.389837,26.026391
csxy,0,132.648543,22.174084
dzf2,0,1473.952850,208.269532
dyf3,0,165.140692,26.073687
csyz,0,200.363051,31.899756
dxf3,0,152.405315,23.997527
dzf3,0,607.362990,97.316952
csxz,0,199.234213,31.782812
dxf,1,152.281710,23.998707
dzb,1,608.269338,97.459080
dyb,1,165.597106,26.136081
cvx,1,185.263562,29.793625
dyf,1,165.376085,26.137095
dzb2,1,608.270279,97.262291
dxb,1,153.578921,24.155487
cvy,1,183.211615,29.585952
dzf,1,607.015548,97.322457
dxb2,1,153.114052,24.119414
dyb2,1,165.572392,26.157711
cvz,1,215.609992,34.759286
dzb3,1,607.753153,97.428990
dxb3,1,153.359430,24.153367
dyb3,1,176.335506,27.734825
csxxsyyszz,1,470.206245,72.608883
dyf2,1,165.358334,26.156321
dxf2,1,166.567352,26.064691
csxy,1,132.551867,22.162993
dzf2,1,1473.341249,208.219822
dyf3,1,165.043972,26.082629
csyz,1,200.276291,31.925106
dxf3,1,152.560010,24.044175
dzf3,1,607.298673,97.372088
csxz,1,200.520066,31.999453
dxf,2,152.246746,24.001106
dzb,2,608.036578,97.490439
dyb,2,165.702484,26.160899
cvx,2,185.270080,29.794425
dyf,2,165.109665,26.153197
dzb2,2,608.084111,97.643478
dxb,2,153.526758,24.249427
cvy,2,183.297383,29.691451
dzf,2,606.787273,97.386361
dxb2,2,152.911537,24.104418
dyb2,2,165.631373,26.175211
cvz,2,215.524704,34.801776
dzb3,2,607.573574,97.466047
dxb3,2,153.214767,24.147017
dyb3,2,176.169145,27.748990
csxxsyyszz,2,470.901912,72.794874
dyf2,2,165.118710,26.106676
dxf2,2,166.676415,26.066504
csxy,2,132.672895,22.163304
dzf2,2,1473.591076,208.121007
dyf3,2,165.123551,26.078644
csyz,2,200.589163,31.948168
dxf3,2,152.493520,24.018843
dzf3,2,607.239790,97.319023
csxz,2,199.489609,31.838938
dxf,3,152.422333,24.020373
dzb,3,608.703953,98.320030
dyb,3,166.077819,26.360157
cvx,3,185.293510,29.962554
dyf,3,165.259579,26.207002
dzb2,3,609.682497,97.729433
dxb,3,153.719332,24.196786
cvy,3,183.293621,29.608359
dzf,3,606.900226,97.114265
dxb2,3,152.805013,24.073983
dyb2,3,165.917027,26.203588
cvz,3,215.547665,34.824108
dzb3,3,607.860963,97.707284
dxb3,3,153.174375,24.201056
dyb3,3,176.265525,27.748203
csxxsyyszz,3,470.605207,72.647434
dyf2,3,165.169269,26.128269
dxf2,3,166.590716,26.063389
csxy,3,132.673225,22.186626
dzf2,3,1474.043661,208.524368
dyf3,3,165.057671,26.097890
csyz,3,200.511862,31.956577
dxf3,3,152.593332,24.053390
dzf3,3,607.440016,97.428788
csxz,3,199.230011,31.885970
dxf,4,152.171493,24.055694
dzb,4,607.924804,97.471856
dyb,4,165.570891,26.138884
cvx,4,185.140249,29.777135
dyf,4,165.248984,26.134077
dzb2,4,608.182742,97.472498
dxb,4,153.476957,24.149351
cvy,4,183.237424,29.613272
dzf,4,606.912832,97.206621
dxb2,4,152.979778,24.095184
dyb2,4,165.575909,26.158390
cvz,4,215.529516,34.742463
dzb3,4,609.526479,97.624118
dxb3,4,153.291127,24.130124
dyb3,4,176.275926,27.717037
csxxsyyszz,4,470.651004,72.629076
dyf2,4,165.093296,26.116622
dxf2,4,166.676537,26.069251
csxy,4,132.734708,22.166819
dzf2,4,1472.198678,208.399256
dyf3,4,165.026987,26.111197
csyz,4,200.367731,31.936334
dxf3,4,152.509816,24.034531
dzf3,4,607.341339,97.236194
csxz,4,199.328539,31.832037
#========================= OptEWE [OpenMP] =========================
#Source type                                  :  Force monopole
#Grid Size                                    :  768 x 768 x 768
#Iterations                                   :  5
#Compute time                                 :  40.954548
#Total effective MLUPS                        :  55.303361
#===================================================================
#Number of threads                            :  14
