dxf,0,165.554077,27.973186
dzb,0,618.606608,108.533155
dyb,0,169.988559,29.094510
cvx,0,171.549655,31.653018
dyf,0,169.863563,29.102669
dzb2,0,618.257323,108.801818
dxb,0,165.740484,28.146108
cvy,0,704.444037,109.621243
dzf,0,617.703988,108.693696
dxb2,0,165.581374,28.127391
dyb2,0,170.461813,29.168419
cvz,0,209.418405,38.396516
dzb3,0,617.829861,108.907856
dxb3,0,165.491818,28.116886
dyb3,0,177.969026,30.927461
csxxsyyszz,0,391.708215,69.524095
dyf2,0,170.063103,29.183619
dxf2,0,172.377236,29.730738
csxy,0,136.597939,25.544185
dzf2,0,1516.064828,244.311893
dyf3,0,169.979976,29.137524
csyz,0,201.590254,36.186939
dxf3,0,165.297919,28.131824
dzf3,0,618.378868,109.017200
csxz,0,200.587469,36.064534
dxf,1,165.051322,28.122224
dzb,1,619.981393,110.551740
dyb,1,169.982491,30.496821
cvx,1,171.258510,32.531444
dyf,1,169.301358,30.420161
dzb2,1,617.814141,113.305763
dxb,1,165.379538,28.916290
cvy,1,254.107748,44.575684
dzf,1,617.516550,110.631728
dxb2,1,165.523836,28.161105
dyb2,1,169.789676,29.162865
cvz,1,209.757995,38.520415
dzb3,1,617.879149,108.992033
dxb3,1,165.512902,28.185880
dyb3,1,178.075038,30.958468
csxxsyyszz,1,391.721471,69.585007
dyf2,1,169.724497,29.133805
dxf2,1,172.359066,29.784067
csxy,1,136.667664,25.553015
dzf2,1,1515.806666,244.373608
dyf3,1,169.750686,29.135198
csyz,1,201.706747,36.205863
dxf3,1,165.028197,28.105561
dzf3,1,618.558034,108.991295
csxz,1,201.898074,36.284216
dxf,2,164.884207,28.076129
dzb,2,618.461132,109.060132
dyb,2,169.775061,29.156880
cvx,2,171.438225,31.716566
dyf,2,169.941702,29.211462
dzb2,2,617.977378,108.999127
dxb,2,165.606297,28.188273
cvy,2,254.331310,44.380937
dzf,2,617.903210,109.036580
dxb2,2,165.507717,28.184625
dyb2,2,169.780098,29.105496
cvz,2,209.814828,38.530976
dzb3,2,617.785590,108.974032
dxb3,2,165.669615,28.191115
dyb3,2,178.485430,31.077659
csxxsyyszz,2,391.709277,69.590939
dyf2,2,169.926895,29.190533
dxf2,2,171.993878,29.739406
csxy,2,136.683233,25.561126
dzf2,2,1516.255226,244.440213
dyf3,2,170.169475,29.161062
csyz,2,201.545019,36.186266
dxf3,2,165.233270,28.101281
dzf3,2,618.199333,108.926844
csxz,2,200.739780,36.105955
dxf,3,165.123710,28.119109
dzb,3,618.117206,108.937547
dyb,3,170.047568,29.592725
cvx,3,171.329248,31.710394
dyf,3,169.781283,29.171601
dzb2,3,619.261915,109.343976
dxb,3,165.763149,28.316837
cvy,3,254.195635,44.385436
dzf,3,618.626136,109.267333
dxb2,3,165.515455,28.195854
dyb2,3,170.148596,29.248493
cvz,3,209.427480,38.487261
dzb3,3,618.034394,109.129545
dxb3,3,165.626600,28.332314
dyb3,3,178.608107,31.089965
csxxsyyszz,3,390.232696,69.355896
dyf2,3,170.136811,29.194042
dxf2,3,172.192264,29.762170
csxy,3,136.670454,25.567154
dzf2,3,1515.706992,244.498918
dyf3,3,169.801686,29.166790
csyz,3,201.434983,36.176060
dxf3,3,165.129667,28.137427
dzf3,3,618.583543,109.047920
csxz,3,200.915580,36.140932
dxf,4,165.227631,28.131364
dzb,4,618.063214,108.973265
dyb,4,170.125875,29.211824
cvx,4,171.630713,31.758998
dyf,4,170.743773,30.015166
dzb2,4,617.548345,112.106471
dxb,4,165.599390,29.062072
cvy,4,254.171914,44.487654
dzf,4,617.582822,108.977425
dxb2,4,165.508648,28.209685
dyb2,4,170.179847,29.190666
cvz,4,209.354137,38.470310
dzb3,4,619.313160,109.360629
dxb3,4,165.568952,28.221202
dyb3,4,178.038136,31.124651
csxxsyyszz,4,391.841048,69.621578
dyf2,4,169.788619,29.232560
dxf2,4,172.500571,29.779645
csxy,4,136.472227,25.555289
dzf2,4,1515.725685,244.602974
dyf3,4,169.913646,29.157206
csyz,4,201.713901,36.238821
dxf3,4,165.256192,28.151565
dzf3,4,618.202821,109.071789
csxz,4,200.703754,36.133483
#========================= OptEWE [OpenMP] =========================
#Source type                                  :  Force monopole
#Grid Size                                    :  768 x 768 x 768
#Iterations                                   :  5
#Compute time                                 :  41.452785
#Total effective MLUPS                        :  54.638648
#===================================================================
#Number of threads                            :  12
