dxf,0,116.805453,22.473171
dzb,0,440.850840,87.811102
dyb,0,120.601315,23.541104
cvx,0,137.603268,27.539586
dyf,0,120.615771,23.595212
dzb2,0,440.774716,88.047116
dxb,0,116.935085,22.630283
cvy,0,770.777810,128.025617
dzf,0,439.841434,87.853961
dxb2,0,117.024644,22.648447
dyb2,0,121.095946,23.678687
cvz,0,159.867752,32.086251
dzb3,0,440.163619,88.033468
dxb3,0,116.793477,22.623663
dyb3,0,120.875940,23.647346
csxxsyyszz,0,299.521747,58.121522
dyf2,0,120.639875,23.610187
dxf2,0,116.908159,22.640924
csxy,0,113.079301,22.814363
dzf2,0,439.777682,88.017612
dyf3,0,120.830418,23.683009
csyz,0,135.073237,27.145530
dxf3,0,116.330518,22.542611
dzf3,0,440.369010,88.126729
csxz,0,135.058337,27.188992
dxf,1,116.437967,22.574287
dzb,1,442.191572,88.442918
dyb,1,120.898351,23.686786
cvx,1,137.446675,27.608488
dyf,1,120.651855,23.666553
dzb2,1,440.773080,88.256081
dxb,1,116.973818,22.689450
cvy,1,137.730381,27.646648
dzf,1,439.799709,88.077244
dxb2,1,117.052006,22.672801
dyb2,1,120.929512,23.674553
cvz,1,159.773211,32.107344
dzb3,1,440.393366,88.162615
dxb3,1,116.816575,22.665509
dyb3,1,121.071346,23.701069
csxxsyyszz,1,299.023881,58.091721
dyf2,1,120.649777,23.656132
dxf2,1,116.935517,22.667033
csxy,1,112.732793,22.708488
dzf2,1,439.733561,88.068360
dyf3,1,120.926520,23.730094
csyz,1,135.201346,27.180527
dxf3,1,116.383084,22.593605
dzf3,1,440.181978,88.170589
csxz,1,135.004729,27.197786
dxf,2,116.374384,22.574411
dzb,2,441.863168,88.442701
dyb,2,120.932779,23.687088
cvx,2,137.560913,27.629702
dyf,2,120.539116,23.678278
dzb2,2,440.865915,88.337882
dxb,2,116.859676,22.670777
cvy,2,137.720577,27.640593
dzf,2,439.768167,88.149956
dxb2,2,116.878419,22.690632
dyb2,2,120.934240,23.719962
cvz,2,159.858572,32.222299
dzb3,2,440.221247,88.355863
dxb3,2,116.830061,22.710699
dyb3,2,121.098707,23.710732
csxxsyyszz,2,299.679767,58.268548
dyf2,2,120.761820,23.700744
dxf2,2,116.952733,22.690440
csxy,2,112.772993,22.745768
dzf2,2,439.812092,88.174094
dyf3,2,120.937383,23.759363
csyz,2,135.201993,27.285020
dxf3,2,116.364022,22.643896
dzf3,2,440.410233,88.435767
csxz,2,135.989378,27.437593
dxf,3,116.405149,22.630813
dzb,3,440.856361,88.408280
dyb,3,120.609574,23.659495
cvx,3,137.512823,27.632904
dyf,3,120.552699,23.688234
dzb2,3,440.842524,88.447894
dxb,3,116.797780,22.716301
cvy,3,137.674674,27.710989
dzf,3,439.924258,88.373524
dxb2,3,116.813024,22.713450
dyb2,3,120.898692,23.736649
cvz,3,159.781046,32.156431
dzb3,3,440.263887,88.258339
dxb3,3,116.753189,22.664712
dyb3,3,120.792481,23.684484
csxxsyyszz,3,299.626036,58.353911
dyf2,3,120.604930,23.728649
dxf2,3,116.998416,22.738220
csxy,3,112.786895,22.789878
dzf2,3,439.767631,88.295191
dyf3,3,120.855396,23.734216
csyz,3,135.059313,27.205209
dxf3,3,116.392887,22.603646
dzf3,3,440.391301,88.263581
csxz,3,135.004945,27.240942
dxf,4,116.491298,22.618685
dzb,4,440.796849,88.246255
dyb,4,120.677613,23.636367
cvx,4,137.529069,27.598818
dyf,4,120.613233,23.660089
dzb2,4,440.921554,88.276458
dxb,4,116.926204,22.688390
cvy,4,137.682778,27.624588
dzf,4,439.686381,88.125711
dxb2,4,116.703465,22.707106
dyb2,4,120.795160,23.746768
cvz,4,159.880434,32.233533
dzb3,4,440.237963,88.406902
dxb3,4,116.861313,22.714051
dyb3,4,120.856086,23.686925
csxxsyyszz,4,299.785100,58.289028
dyf2,4,120.752547,23.690758
dxf2,4,116.917477,22.692641
csxy,4,112.759102,22.747294
dzf2,4,439.845528,88.183790
dyf3,4,120.896564,23.728551
csyz,4,135.080471,27.195913
dxf3,4,116.411646,22.597300
dzf3,4,441.594192,88.491910
csxz,4,135.047057,27.284922
#========================= OptEWE [OpenMP] =========================
#Source type                                  :  Force monopole
#Grid Size                                    :  768 x 768 x 768
#Iterations                                   :  5
#Compute time                                 :  26.561241
#Total effective MLUPS                        :  85.271774
#===================================================================
#Number of threads                            :  17
