dxf,0,167.652811,28.510649
dzb,0,627.330902,110.210393
dyb,0,181.754480,31.146311
cvx,0,187.238949,33.935449
dyf,0,181.679921,31.181188
dzb2,0,627.168316,110.301480
dxb,0,167.672962,28.573853
cvy,0,758.596879,117.700919
dzf,0,627.221610,110.285176
dxb2,0,168.050123,28.633022
dyb2,0,181.804227,31.131862
cvz,0,228.294241,41.446818
dzb3,0,627.111835,110.327812
dxb3,0,167.432756,28.576882
dyb3,0,184.308645,31.899020
csxxsyyszz,0,498.255694,85.920331
dyf2,0,181.755906,31.199319
dxf2,0,169.372370,29.219581
csxy,0,140.925144,26.286880
dzf2,0,1009.912550,169.591259
dyf3,0,181.394386,31.150148
csyz,0,216.666429,38.607870
dxf3,0,166.730193,28.486051
dzf3,0,627.298151,110.365577
csxz,0,215.022690,38.392201
dxf,1,167.049407,28.519237
dzb,1,627.265086,110.355771
dyb,1,183.178014,31.375670
cvx,1,187.164775,33.962607
dyf,1,181.667960,31.207800
dzb2,1,627.082041,110.333911
dxb,1,167.640829,28.614379
cvy,1,230.480524,40.709988
dzf,1,627.005008,110.369949
dxb2,1,169.615829,28.946775
dyb2,1,181.855552,31.197667
cvz,1,228.389867,41.512092
dzb3,1,627.705475,112.550633
dxb3,1,167.091927,29.968282
dyb3,1,183.866756,32.314457
csxxsyyszz,1,498.038859,85.938471
dyf2,1,181.939729,31.274743
dxf2,1,169.082001,29.196184
csxy,1,140.822025,26.315371
dzf2,1,1010.207712,169.833556
dyf3,1,181.268036,31.115450
csyz,1,216.479869,38.575992
dxf3,1,166.606657,28.579487
dzf3,1,626.725146,110.936710
csxz,1,214.981520,38.425582
dxf,2,167.202773,28.655735
dzb,2,626.918651,110.661122
dyb,2,181.577515,31.302524
cvx,2,187.201194,34.089436
dyf,2,181.652680,31.329255
dzb2,2,627.156007,110.631713
dxb,2,167.459684,28.606622
cvy,2,230.420145,40.728249
dzf,2,628.199799,110.642310
dxb2,2,168.192589,28.751657
dyb2,2,181.577160,31.168016
cvz,2,228.276399,41.493577
dzb3,2,626.979158,110.476870
dxb3,2,167.276556,28.614188
dyb3,2,184.329623,31.951210
csxxsyyszz,2,498.182143,85.998566
dyf2,2,181.889410,31.222608
dxf2,2,169.148760,29.253832
csxy,2,140.787276,26.283967
dzf2,2,1009.623035,169.695932
dyf3,2,181.535222,31.208433
csyz,2,216.568468,38.641824
dxf3,2,166.703942,28.496202
dzf3,2,626.884298,110.421349
csxz,2,214.846524,38.408043
dxf,3,167.027014,28.552106
dzb,3,627.465943,110.579772
dyb,3,181.381189,31.213546
cvx,3,186.908770,34.029947
dyf,3,181.623858,31.251088
dzb2,3,627.361039,110.832202
dxb,3,167.555694,28.664788
cvy,3,230.290650,40.710820
dzf,3,627.245905,110.604816
dxb2,3,168.098459,28.705036
dyb2,3,181.664982,31.198726
cvz,3,228.167161,41.494801
dzb3,3,626.793203,110.510476
dxb3,3,167.350477,28.669166
dyb3,3,184.265865,31.970498
csxxsyyszz,3,495.525729,85.609670
dyf2,3,181.505122,31.379557
dxf2,3,169.226710,29.308383
csxy,3,140.917209,26.384514
dzf2,3,1009.828414,169.900880
dyf3,3,181.283295,31.374516
csyz,3,216.539681,38.729065
dxf3,3,166.717737,28.691328
dzf3,3,627.063950,110.759280
csxz,3,215.135008,38.469633
dxf,4,166.986959,28.552781
dzb,4,628.804837,110.895594
dyb,4,181.251992,31.317966
cvx,4,187.032846,33.989755
dyf,4,181.396142,31.197657
dzb2,4,627.213226,110.513921
dxb,4,167.657085,28.674569
cvy,4,230.459394,40.727488
dzf,4,627.358133,110.519505
dxb2,4,168.117687,28.717096
dyb2,4,181.778411,31.178722
cvz,4,228.476905,41.535983
dzb3,4,626.968873,110.397061
dxb3,4,167.484888,28.633721
dyb3,4,184.411682,31.944366
csxxsyyszz,4,490.734711,84.852468
dyf2,4,181.753755,32.012745
dxf2,4,168.531843,29.955171
csxy,4,140.722137,26.567868
dzf2,4,1009.831168,169.897472
dyf3,4,181.299684,31.168065
csyz,4,216.253086,38.589767
dxf3,4,167.885777,28.758386
dzf3,4,627.076094,110.785351
csxz,4,215.188901,38.511993
#========================= OptEWE [OpenMP] =========================
#Source type                                  :  Force monopole
#Grid Size                                    :  768 x 768 x 768
#Iterations                                   :  5
#Compute time                                 :  40.326561
#Total effective MLUPS                        :  56.164575
#===================================================================
#Number of threads                            :  9
