dxf,0,123.849407,25.224036
dzb,0,466.767179,98.260099
dyb,0,125.572280,26.054393
cvx,0,144.526871,30.762816
dyf,0,125.547272,26.172528
dzb2,0,466.596290,98.741568
dxb,0,123.559081,25.335418
cvy,0,670.477117,121.162670
dzf,0,466.016936,98.633901
dxb2,0,123.055050,25.250403
dyb2,0,125.770822,26.187316
cvz,0,168.253014,35.841479
dzb3,0,466.432174,98.594590
dxb3,0,123.093337,25.266507
dyb3,0,125.872152,26.221671
csxxsyyszz,0,276.924573,58.580752
dyf2,0,125.646257,26.211960
dxf2,0,123.376453,25.336834
csxy,0,119.447835,25.506801
dzf2,0,468.097370,99.172525
dyf3,0,125.464139,26.195331
csyz,0,143.100456,30.444991
dxf3,0,123.369517,25.339605
dzf3,0,466.222894,98.875861
csxz,0,143.532826,30.579791
dxf,1,123.317485,25.332987
dzb,1,466.720349,99.003799
dyb,1,125.448065,26.159131
cvx,1,144.422124,30.847600
dyf,1,125.542960,26.234030
dzb2,1,466.502234,98.808510
dxb,1,123.597849,25.392436
cvy,1,144.661739,30.875496
dzf,1,466.131279,98.883200
dxb2,1,123.280571,25.334773
dyb2,1,125.720188,26.232209
cvz,1,168.462806,35.961358
dzb3,1,466.259308,98.928043
dxb3,1,123.162209,25.323997
dyb3,1,125.828718,26.250892
csxxsyyszz,1,275.511707,58.396172
dyf2,1,125.793984,26.271875
dxf2,1,123.332099,25.356586
csxy,1,119.372519,25.510696
dzf2,1,466.539904,98.824962
dyf3,1,125.212213,26.176869
csyz,1,143.042311,30.481946
dxf3,1,123.286374,25.345335
dzf3,1,466.239873,98.940856
csxz,1,143.069416,30.505482
dxf,2,123.326105,25.357696
dzb,2,466.629730,99.039540
dyb,2,125.480937,26.162651
cvx,2,144.455833,30.865437
dyf,2,125.587260,26.245759
dzb2,2,466.690280,99.281997
dxb,2,123.583516,25.429656
cvy,2,144.651934,30.904860
dzf,2,466.059002,98.994465
dxb2,2,122.963960,25.328468
dyb2,2,126.015294,26.326366
cvz,2,168.290209,35.953346
dzb3,2,466.309638,99.067754
dxb3,2,123.247502,25.399337
dyb3,2,125.815529,26.282566
csxxsyyszz,2,275.393652,58.467960
dyf2,2,125.699997,26.279835
dxf2,2,123.358099,25.402639
csxy,2,119.469240,25.558641
dzf2,2,466.551776,99.119695
dyf3,2,125.083849,26.210606
csyz,2,143.399730,30.579992
dxf3,2,123.498471,25.403882
dzf3,2,466.168119,99.082388
csxz,2,143.057836,30.551110
dxf,3,123.301450,25.388384
dzb,3,466.621227,98.872474
dyb,3,125.425303,26.173273
cvx,3,144.426809,30.910799
dyf,3,125.531457,26.275488
dzb2,3,466.665903,99.178717
dxb,3,123.642738,25.432569
cvy,3,144.773501,30.946574
dzf,3,466.030798,98.815206
dxb2,3,123.102304,25.339993
dyb2,3,125.784903,26.287311
cvz,3,168.315489,35.972732
dzb3,3,466.474320,99.120184
dxb3,3,123.123016,25.348320
dyb3,3,125.662881,26.259584
csxxsyyszz,3,276.851251,58.723709
dyf2,3,125.696319,26.283273
dxf2,3,123.368141,25.437276
csxy,3,119.422382,25.578596
dzf2,3,466.452231,99.150873
dyf3,3,125.348297,26.246650
csyz,3,143.078382,30.538476
dxf3,3,123.381492,25.426087
dzf3,3,466.181525,99.123587
csxz,3,143.090231,30.568883
dxf,4,123.308738,25.398023
dzb,4,466.671642,99.238146
dyb,4,125.648184,26.258491
cvx,4,144.430671,30.913233
dyf,4,127.084207,26.568110
dzb2,4,467.019307,100.318533
dxb,4,123.530270,26.183722
cvy,4,144.595924,31.724444
dzf,4,466.062078,100.537704
dxb2,4,123.122368,25.466261
dyb2,4,125.945850,26.331855
cvz,4,168.292331,35.959492
dzb3,4,466.907799,99.197702
dxb3,4,123.103296,25.353862
dyb3,4,125.838633,26.310430
csxxsyyszz,4,275.096904,58.428421
dyf2,4,126.870976,26.489024
dxf2,4,123.375666,25.394289
csxy,4,119.450745,25.569863
dzf2,4,466.378744,99.114574
dyf3,4,125.351418,26.253225
csyz,4,143.060461,30.524908
dxf3,4,123.440269,25.413141
dzf3,4,466.332470,99.108476
csxz,4,143.117374,30.618109
#========================= OptEWE [OpenMP] =========================
#Source type                                  :  Force monopole
#Grid Size                                    :  768 x 768 x 768
#Iterations                                   :  5
#Compute time                                 :  27.688049
#Total effective MLUPS                        :  81.801507
#===================================================================
#Number of threads                            :  16
