dxf,0,174.066182,28.528309
dzb,0,621.727980,106.204334
dyb,0,211.505985,34.320817
cvx,0,251.991898,41.895644
dyf,0,211.908347,34.363475
dzb2,0,622.249790,106.352733
dxb,0,178.260608,29.142638
cvy,0,1069.981846,156.318250
dzf,0,621.691953,106.283750
dxb2,0,178.548762,29.207601
dyb2,0,211.744671,34.340412
cvz,0,260.635430,44.447044
dzb3,0,621.852669,106.415034
dxb3,0,178.404434,29.180646
dyb3,0,212.357538,34.903665
csxxsyyszz,0,685.947010,109.558565
dyf2,0,211.941445,34.367349
dxf2,0,174.760520,29.086951
csxy,0,138.808811,25.219577
dzf2,0,962.525487,157.874020
dyf3,0,211.361467,34.308158
csyz,0,207.192533,36.088428
dxf3,0,173.521674,28.542827
dzf3,0,621.500472,106.340673
csxz,0,206.124545,35.969104
dxf,1,173.684674,28.545572
dzb,1,621.641658,106.382168
dyb,1,212.101963,34.451577
cvx,1,251.821004,41.886641
dyf,1,211.594646,34.335577
dzb2,1,621.294310,106.324720
dxb,1,179.870748,29.448244
cvy,1,264.327839,44.028347
dzf,1,621.640421,106.392807
dxb2,1,178.437168,29.216111
dyb2,1,211.396817,34.354959
cvz,1,260.675220,44.499721
dzb3,1,622.012676,106.443287
dxb3,1,178.351746,29.197171
dyb3,1,212.286751,34.908522
csxxsyyszz,1,685.969678,109.572046
dyf2,1,212.522707,35.130797
dxf2,1,174.350404,29.742345
csxy,1,138.830471,25.342138
dzf2,1,962.188861,157.934838
dyf3,1,211.625221,34.392078
csyz,1,206.904228,36.058656
dxf3,1,173.672825,28.588035
dzf3,1,621.952853,106.449025
csxz,1,206.900892,36.094009
dxf,2,173.761673,28.568404
dzb,2,621.630182,106.430219
dyb,2,211.257883,34.347506
cvx,2,251.751202,41.897046
dyf,2,211.808651,34.369433
dzb2,2,621.459487,106.403488
dxb,2,178.156109,29.247046
cvy,2,263.756311,43.953371
dzf,2,621.416747,106.401905
dxb2,2,178.531201,29.232004
dyb2,2,211.893567,34.416787
cvz,2,261.339710,44.577548
dzb3,2,622.452918,106.528724
dxb3,2,178.389825,29.193370
dyb3,2,212.243473,34.926076
csxxsyyszz,2,685.994875,109.683663
dyf2,2,212.382604,34.491703
dxf2,2,174.716802,29.110325
csxy,2,138.769526,25.215042
dzf2,2,962.394146,157.905889
dyf3,2,211.601552,34.360664
csyz,2,206.792494,36.044900
dxf3,2,173.876898,28.602128
dzf3,2,621.650045,106.605496
csxz,2,205.984197,35.968994
dxf,3,173.616318,28.541034
dzb,3,621.870840,106.550404
dyb,3,211.675105,34.435092
cvx,3,252.160210,41.964943
dyf,3,211.924760,34.396233
dzb2,3,622.530599,106.666849
dxb,3,178.384157,29.298606
cvy,3,264.132602,44.022017
dzf,3,621.477529,106.882785
dxb2,3,178.582250,29.245447
dyb2,3,211.812468,34.457313
cvz,3,260.725954,44.518831
dzb3,3,622.113073,106.558670
dxb3,3,178.364484,29.261436
dyb3,3,212.167253,34.916260
csxxsyyszz,3,687.932991,110.011740
dyf2,3,211.942969,34.459389
dxf2,3,174.755100,29.147735
csxy,3,138.707202,25.211767
dzf2,3,962.863010,158.035631
dyf3,3,211.545482,34.411646
csyz,3,206.981938,36.091728
dxf3,3,173.680096,28.561939
dzf3,3,621.645070,106.463576
csxz,3,205.653094,35.922354
dxf,4,173.841483,28.584630
dzb,4,621.832030,106.500460
dyb,4,212.491584,34.531743
cvx,4,251.894641,41.935354
dyf,4,211.793110,34.416504
dzb2,4,621.144508,106.356662
dxb,4,178.263915,29.247661
cvy,4,264.169400,44.024674
dzf,4,622.860914,106.667300
dxb2,4,178.566552,29.242380
dyb2,4,211.814326,34.411872
cvz,4,260.979667,44.540985
dzb3,4,621.715197,106.451011
dxb3,4,178.221547,29.224372
dyb3,4,212.584964,34.964017
csxxsyyszz,4,687.089241,110.482252
dyf2,4,211.218959,35.634150
dxf2,4,174.429130,29.753793
csxy,4,138.476427,25.411660
dzf2,4,955.451941,158.105952
dyf3,4,211.969454,34.491186
csyz,4,207.022630,36.087312
dxf3,4,173.712197,28.560642
dzf3,4,621.372805,106.495741
csxz,4,206.068364,36.038098
#========================= OptEWE [OpenMP] =========================
#Source type                                  :  Force monopole
#Grid Size                                    :  768 x 768 x 768
#Iterations                                   :  5
#Compute time                                 :  42.877460
#Total effective MLUPS                        :  52.823188
#===================================================================
#Number of threads                            :  11
