dxf,0,248.767932,33.167232
dzb,0,911.672331,123.453836
dyb,0,322.095667,42.253806
cvx,0,422.617414,55.866358
dyf,0,323.492083,42.424119
dzb2,0,911.764374,123.532335
dxb,0,258.374929,34.291569
cvy,0,1332.395464,163.198964
dzf,0,910.590786,123.394908
dxb2,0,259.047030,34.380056
dyb2,0,322.032400,43.464558
cvz,0,429.653633,59.664533
dzb3,0,908.631778,125.460827
dxb3,0,261.819311,34.660570
dyb3,0,327.275980,43.287967
csxxsyyszz,0,1153.953942,148.300187
dyf2,0,323.795936,42.563473
dxf2,0,252.549523,34.096670
csxy,0,209.751256,29.992441
dzf2,0,1414.141555,187.184125
dyf3,0,323.107145,42.461249
csyz,0,302.040149,42.149751
dxf3,0,249.923906,33.392347
dzf3,0,910.270955,123.513510
csxz,0,297.164272,41.590946
dxf,1,248.195945,33.148553
dzb,1,911.121166,123.613716
dyb,1,321.939936,42.271186
cvx,1,418.924137,55.439247
dyf,1,323.298405,42.423216
dzb2,1,911.417388,123.751736
dxb,1,258.542349,34.405771
cvy,1,418.472192,56.158095
dzf,1,911.172113,123.725668
dxb2,1,258.892939,34.462383
dyb2,1,321.845147,42.330856
cvz,1,430.165340,58.582020
dzb3,1,911.031782,123.753636
dxb3,1,261.721216,34.789267
dyb3,1,325.163420,43.205218
csxxsyyszz,1,1155.419225,148.543768
dyf2,1,323.768373,42.526975
dxf2,1,252.636834,34.062332
csxy,1,210.118111,30.015173
dzf2,1,1413.872150,187.352793
dyf3,1,323.169192,42.433233
csyz,1,300.840756,41.991192
dxf3,1,249.817676,33.335356
dzf3,1,910.856651,123.550785
csxz,1,297.042216,41.569269
dxf,2,248.373758,33.183975
dzb,2,911.398501,123.616654
dyb,2,322.077115,42.301448
cvx,2,420.601514,55.677498
dyf,2,323.276861,42.973441
dzb2,2,911.546543,123.623754
dxb,2,258.513245,34.402022
cvy,2,418.424384,56.132003
dzf,2,909.967459,123.407216
dxb2,2,259.515326,35.504878
dyb2,2,321.779468,42.774253
cvz,2,431.722392,58.697792
dzb3,2,911.443413,123.518673
dxb3,2,261.717878,34.730484
dyb3,2,325.169136,43.188576
csxxsyyszz,2,1153.508843,148.144363
dyf2,2,323.765467,42.458851
dxf2,2,252.353283,34.027703
csxy,2,209.966374,30.008025
dzf2,2,1414.080473,187.220230
dyf3,2,323.158160,42.423705
csyz,2,301.057596,42.018275
dxf3,2,250.022692,33.326561
dzf3,2,912.202333,123.619880
csxz,2,297.257038,41.589763
dxf,3,248.418598,33.135687
dzb,3,910.842371,124.199646
dyb,3,321.810997,42.602843
cvx,3,418.839592,55.568170
dyf,3,323.384362,42.537978
dzb2,3,912.767576,124.195557
dxb,3,258.470419,34.511019
cvy,3,418.813430,56.281917
dzf,3,909.691534,123.718420
dxb2,3,258.984759,34.546574
dyb2,3,321.743585,42.449483
cvz,3,430.170959,58.680495
dzb3,3,911.134080,123.841256
dxb3,3,261.714692,34.895126
dyb3,3,325.436345,43.315253
csxxsyyszz,3,1153.927153,148.514417
dyf2,3,323.703407,42.630368
dxf2,3,252.607350,34.206167
csxy,3,210.011350,30.099604
dzf2,3,1414.948442,187.746591
dyf3,3,323.207248,42.632029
csyz,3,300.905982,42.152120
dxf3,3,249.866146,33.480321
dzf3,3,910.460774,123.691634
csxz,3,297.043157,41.670609
dxf,4,248.169630,33.284634
dzb,4,912.600926,124.208452
dyb,4,323.538725,42.598227
cvx,4,419.056122,55.600086
dyf,4,323.388366,42.621217
dzb2,4,911.401405,124.010108
dxb,4,258.344493,34.467998
cvy,4,418.708409,56.182816
dzf,4,910.815734,124.928437
dxb2,4,258.936376,35.366227
dyb2,4,321.977935,43.450946
cvz,4,430.174854,59.111699
dzb3,4,912.717453,123.692310
dxb3,4,261.706827,34.709365
dyb3,4,325.424101,43.117324
csxxsyyszz,4,1153.678807,148.110755
dyf2,4,323.726667,42.456751
dxf2,4,252.456793,34.043649
csxy,4,209.941018,29.984377
dzf2,4,1414.833335,187.289307
dyf3,4,323.177390,42.401991
csyz,4,300.806928,41.977880
dxf3,4,249.842521,33.308063
dzf3,4,910.504539,123.335299
csxz,4,297.257044,41.627534
#========================= OptEWE [OpenMP] =========================
#Source type                                  :  Force monopole
#Grid Size                                    :  768 x 768 x 768
#Iterations                                   :  5
#Compute time                                 :  64.271881
#Total effective MLUPS                        :  35.239737
#===================================================================
#Number of threads                            :  5
