dxf,0,171.378752,27.961483
dzb,0,625.040004,105.795993
dyb,0,202.541990,32.715743
cvx,0,232.867264,38.839074
dyf,0,202.763523,32.806317
dzb2,0,624.445130,105.771127
dxb,0,173.694206,28.266126
cvy,0,1006.995228,146.490704
dzf,0,625.912768,106.003366
dxb2,0,173.661868,28.257018
dyb2,0,202.267783,32.731810
cvz,0,246.067502,42.047031
dzb3,0,625.382605,105.915449
dxb3,0,173.812553,28.295938
dyb3,0,203.751735,33.355898
csxxsyyszz,0,636.369653,101.585366
dyf2,0,202.585071,32.785637
dxf2,0,171.905268,28.435292
csxy,0,138.814381,24.977540
dzf2,0,971.478164,157.761735
dyf3,0,202.233320,32.744201
csyz,0,209.403451,36.053244
dxf3,0,170.275321,27.834569
dzf3,0,625.200147,105.912592
csxz,0,209.753302,36.141313
dxf,1,171.061072,27.942034
dzb,1,624.831268,105.897793
dyb,1,202.710051,32.757422
cvx,1,232.780033,38.830121
dyf,1,202.700826,32.818406
dzb2,1,624.362747,105.763157
dxb,1,173.699579,28.274444
cvy,1,253.299626,42.108082
dzf,1,624.643621,105.863246
dxb2,1,173.509041,28.285443
dyb2,1,202.331649,32.717845
cvz,1,246.308353,42.082352
dzb3,1,625.004612,105.885822
dxb3,1,173.741573,28.320000
dyb3,1,203.766429,33.389862
csxxsyyszz,1,633.025298,101.368158
dyf2,1,202.514901,32.756164
dxf2,1,171.862007,28.450364
csxy,1,138.829342,24.981348
dzf2,1,971.543692,157.791972
dyf3,1,202.266992,32.747794
csyz,1,209.800975,36.110998
dxf3,1,170.252650,27.828760
dzf3,1,625.138902,105.912685
csxz,1,208.714997,35.981843
dxf,2,170.910772,27.928881
dzb,2,625.084370,105.888243
dyb,2,202.335833,32.739226
cvx,2,232.763199,38.857527
dyf,2,202.793279,32.808522
dzb2,2,625.474019,106.000636
dxb,2,173.858057,28.335634
cvy,2,253.188735,42.105534
dzf,2,624.510869,105.886264
dxb2,2,173.517147,28.255531
dyb2,2,201.938635,32.714058
cvz,2,246.073329,42.085980
dzb3,2,625.407743,106.020325
dxb3,2,173.639831,28.297214
dyb3,2,203.692441,33.374385
csxxsyyszz,2,636.798554,103.411516
dyf2,2,201.876895,34.101407
dxf2,2,171.479633,29.305422
csxy,2,138.627446,25.429843
dzf2,2,970.046191,158.424282
dyf3,2,202.297464,32.797600
csyz,2,209.596051,36.139176
dxf3,2,170.327083,27.940820
dzf3,2,625.159806,106.064042
csxz,2,208.803414,36.028158
dxf,3,171.157367,28.036417
dzb,3,625.103682,106.181385
dyb,3,202.328885,32.838399
cvx,3,232.759102,38.922493
dyf,3,202.474477,32.846024
dzb2,3,624.361477,105.931998
dxb,3,173.765176,28.384913
cvy,3,253.510294,42.175662
dzf,3,624.510030,105.971294
dxb2,3,173.494060,28.636805
dyb2,3,203.842945,33.024296
cvz,3,246.340299,42.118603
dzb3,3,625.233374,106.109929
dxb3,3,173.643376,28.358567
dyb3,3,203.624895,33.406774
csxxsyyszz,3,633.095404,101.425371
dyf2,3,202.515922,32.775067
dxf2,3,171.793654,28.495651
csxy,3,138.772985,24.997351
dzf2,3,970.882841,157.858354
dyf3,3,202.150768,32.773321
csyz,3,209.697831,36.129271
dxf3,3,170.357786,27.855107
dzf3,3,625.059283,105.989914
csxz,3,209.821767,36.178841
dxf,4,171.377947,28.004691
dzb,4,625.058649,105.990056
dyb,4,202.478966,32.763751
cvx,4,232.816409,38.889045
dyf,4,202.752037,32.845084
dzb2,4,624.347488,105.905937
dxb,4,173.639065,28.310112
cvy,4,253.078132,42.117535
dzf,4,624.610180,105.988537
dxb2,4,173.476474,28.301447
dyb2,4,202.247427,32.771270
cvz,4,246.128632,42.128562
dzb3,4,625.216122,106.077709
dxb3,4,173.592595,28.312207
dyb3,4,203.601237,33.369000
csxxsyyszz,4,633.066483,101.326899
dyf2,4,202.401428,32.784070
dxf2,4,172.061946,28.465745
csxy,4,138.855929,25.024689
dzf2,4,971.157963,157.857456
dyf3,4,202.269859,32.805022
csyz,4,209.913908,36.145234
dxf3,4,170.319986,27.944979
dzf3,4,625.238745,106.072448
csxz,4,208.570999,35.994618
#========================= OptEWE [OpenMP] =========================
#Source type                                  :  Force monopole
#Grid Size                                    :  768 x 768 x 768
#Iterations                                   :  5
#Compute time                                 :  42.106636
#Total effective MLUPS                        :  53.790195
#===================================================================
#Number of threads                            :  11
