dxf,0,166.517242,26.589358
dzb,0,618.057691,102.498012
dyb,0,181.256468,29.005615
cvx,0,189.946486,32.094864
dyf,0,181.566909,29.093616
dzb2,0,617.316596,102.566178
dxb,0,167.277888,26.748377
cvy,0,854.811752,123.004387
dzf,0,617.073742,102.495547
dxb2,0,166.911232,26.722438
dyb2,0,181.903816,29.077399
cvz,0,218.886887,37.467091
dzb3,0,617.453426,102.630059
dxb3,0,166.800078,26.714943
dyb3,0,188.003997,30.659617
csxxsyyszz,0,507.652302,81.773035
dyf2,0,181.643539,29.076986
dxf2,0,176.360498,28.614614
csxy,0,137.128799,24.190531
dzf2,0,1518.101829,230.180935
dyf3,0,181.303908,29.086892
csyz,0,203.913983,34.533454
dxf3,0,166.158380,26.701923
dzf3,0,617.853373,102.733717
csxz,0,203.543602,34.487236
dxf,1,166.245781,26.656224
dzb,1,617.629826,102.741073
dyb,1,181.654686,29.116615
cvx,1,190.120867,32.118048
dyf,1,181.450259,29.119171
dzb2,1,618.707670,102.912164
dxb,1,167.449509,26.826352
cvy,1,259.542925,42.428431
dzf,1,617.111385,102.659567
dxb2,1,166.894583,26.786456
dyb2,1,181.715016,29.099350
cvz,1,218.941446,37.494468
dzb3,1,617.643767,103.113454
dxb3,1,166.816065,26.799422
dyb3,1,187.942142,30.643269
csxxsyyszz,1,505.603589,81.535807
dyf2,1,181.683953,29.165362
dxf2,1,176.199721,28.676256
csxy,1,137.002240,24.177199
dzf2,1,1516.115528,230.170526
dyf3,1,181.376667,29.202510
csyz,1,203.541582,34.563966
dxf3,1,166.180801,26.718138
dzf3,1,619.340671,103.351849
csxz,1,203.641889,34.537788
dxf,2,166.224249,26.680352
dzb,2,617.774993,102.946362
dyb,2,181.836702,29.249128
cvx,2,189.990806,32.203441
dyf,2,181.559913,29.181787
dzb2,2,617.506805,103.327017
dxb,2,167.460450,26.982188
cvy,2,261.365882,43.309841
dzf,2,617.541739,105.394120
dxb2,2,166.635631,28.139971
dyb2,2,181.158903,30.513395
cvz,2,217.482013,38.183485
dzb3,2,617.306244,103.968480
dxb3,2,166.735038,26.762462
dyb3,2,188.009866,30.659708
csxxsyyszz,2,507.532288,81.835466
dyf2,2,181.563934,29.138654
dxf2,2,176.667480,28.685885
csxy,2,137.160656,24.219710
dzf2,2,1516.289857,230.093734
dyf3,2,181.447745,29.063863
csyz,2,203.862323,34.537633
dxf3,2,165.805442,26.641186
dzf3,2,617.631806,102.767220
csxz,2,203.553092,34.488595
dxf,3,166.104407,26.696957
dzb,3,617.693287,102.794289
dyb,3,181.261344,29.036729
cvx,3,189.871506,32.115497
dyf,3,184.924362,29.603680
dzb2,3,617.629729,102.771240
dxb,3,167.300486,26.852222
cvy,3,259.334633,42.426921
dzf,3,617.487170,102.781061
dxb2,3,167.066188,26.757528
dyb2,3,181.413417,29.110409
cvz,3,218.771505,37.492090
dzb3,3,617.435372,102.789396
dxb3,3,166.882040,26.760230
dyb3,3,188.158970,30.693555
csxxsyyszz,3,506.076982,81.605409
dyf2,3,181.714264,29.167621
dxf2,3,176.318780,28.666412
csxy,3,137.390733,24.262560
dzf2,3,1517.034118,230.279956
dyf3,3,181.478826,29.129582
csyz,3,203.839374,34.529146
dxf3,3,166.067321,26.713979
dzf3,3,617.567418,102.767980
csxz,3,203.573626,34.490461
dxf,4,166.104130,26.715451
dzb,4,617.906739,102.778651
dyb,4,181.369501,29.076355
cvx,4,189.890324,32.138688
dyf,4,181.430755,29.151609
dzb2,4,618.605737,102.969417
dxb,4,167.408507,26.808515
cvy,4,259.231899,42.409121
dzf,4,618.594296,102.974122
dxb2,4,166.795081,26.766266
dyb2,4,181.659439,29.121968
cvz,4,218.782334,37.487109
dzb3,4,617.301086,102.749838
dxb3,4,166.900587,26.733152
dyb3,4,188.083965,30.684784
csxxsyyszz,4,505.324712,81.522853
dyf2,4,181.717192,29.118938
dxf2,4,176.199314,28.613085
csxy,4,137.091368,24.213762
dzf2,4,1517.605944,230.341655
dyf3,4,181.543549,29.142451
csyz,4,204.481046,34.615613
dxf3,4,166.103435,26.689138
dzf3,4,617.599004,102.781592
csxz,4,203.600975,34.493230
#========================= OptEWE [OpenMP] =========================
#Source type                                  :  Force monopole
#Grid Size                                    :  768 x 768 x 768
#Iterations                                   :  5
#Compute time                                 :  42.752354
#Total effective MLUPS                        :  52.977765
#===================================================================
#Number of threads                            :  12
