dxf,0,203.147730,28.528134
dzb,0,753.556015,108.177704
dyb,0,255.958471,35.354014
cvx,0,320.865278,45.386243
dyf,0,256.933893,35.615344
dzb2,0,753.752791,108.428584
dxb,0,209.765789,29.376406
cvy,0,1210.927163,153.763392
dzf,0,753.471153,108.422750
dxb2,0,209.625414,29.361218
dyb2,0,256.501551,35.456740
cvz,0,330.716491,47.736608
dzb3,0,753.346358,108.477882
dxb3,0,208.745769,29.263423
dyb3,0,258.401993,36.213672
csxxsyyszz,0,878.148138,118.994184
dyf2,0,256.859190,35.582215
dxf2,0,207.312392,29.477912
csxy,0,167.984717,25.635560
dzf2,0,1211.601715,168.449966
dyf3,0,256.843573,35.639534
csyz,0,256.175970,37.684055
dxf3,0,202.012003,28.478493
dzf3,0,752.890363,108.745724
csxz,0,254.304451,37.496743
dxf,1,202.505239,28.611309
dzb,1,753.548532,108.597569
dyb,1,256.699393,35.510579
cvx,1,320.013780,45.253873
dyf,1,256.660164,35.534872
dzb2,1,755.015323,108.738536
dxb,1,210.028253,29.423397
cvy,1,331.362335,46.990885
dzf,1,753.659523,108.569144
dxb2,1,209.634521,29.441976
dyb2,1,256.447281,35.491607
cvz,1,332.862517,48.041328
dzb3,1,753.165664,108.762481
dxb3,1,208.633356,29.449715
dyb3,1,258.337819,36.317577
csxxsyyszz,1,876.117217,119.127491
dyf2,1,256.357221,35.772637
dxf2,1,206.941027,29.558615
csxy,1,169.442480,25.815824
dzf2,1,1210.587976,168.506825
dyf3,1,256.443802,35.581701
csyz,1,255.836086,37.653073
dxf3,1,202.134947,28.633554
dzf3,1,753.266242,108.448387
csxz,1,254.315198,37.502674
dxf,2,202.432277,28.550765
dzb,2,753.553082,108.558800
dyb,2,256.688949,35.590593
cvx,2,320.142203,45.017386
dyf,2,256.962572,35.630648
dzb2,2,754.768911,108.663508
dxb,2,209.840390,29.460446
cvy,2,331.313026,46.969963
dzf,2,753.564459,108.459632
dxb2,2,209.724365,29.450494
dyb2,2,256.404545,35.510165
cvz,2,330.846327,47.760207
dzb3,2,753.272786,110.593787
dxb3,2,208.858938,29.248704
dyb3,2,258.233111,36.158966
csxxsyyszz,2,876.464180,118.777614
dyf2,2,258.772924,35.747488
dxf2,2,207.220195,29.493308
csxy,2,168.044225,25.629338
dzf2,2,1211.443620,168.345092
dyf3,2,256.924757,35.570883
csyz,2,255.799107,37.624863
dxf3,2,202.045650,28.466647
dzf3,2,753.431626,108.294068
csxz,2,254.176142,37.473108
dxf,3,202.559449,28.535438
dzb,3,753.464972,108.312084
dyb,3,256.454768,35.454498
cvx,3,319.990051,45.017291
dyf,3,257.233088,35.572654
dzb2,3,754.978951,108.514116
dxb,3,210.284847,29.471371
cvy,3,331.340380,46.968866
dzf,3,753.296769,108.347021
dxb2,3,209.681848,29.473963
dyb2,3,256.372856,35.459694
cvz,3,330.857362,47.772638
dzb3,3,753.392732,108.804502
dxb3,3,208.844342,29.394965
dyb3,3,258.163564,36.203840
csxxsyyszz,3,876.994437,118.998678
dyf2,3,256.180042,35.489996
dxf2,3,206.759104,29.448634
csxy,3,167.803519,25.645888
dzf2,3,1210.666500,168.368919
dyf3,3,257.009779,35.618305
csyz,3,257.049782,37.783216
dxf3,3,202.077772,28.539522
dzf3,3,753.230243,108.577887
csxz,3,254.055361,37.475274
dxf,4,202.409541,28.579061
dzb,4,753.658749,108.559798
dyb,4,256.514065,35.569080
cvx,4,318.902617,44.756611
dyf,4,259.003230,35.816747
dzb2,4,753.676120,108.346430
dxb,4,209.947674,29.418917
cvy,4,331.179063,46.932075
dzf,4,753.571554,108.347118
dxb2,4,209.614563,29.351502
dyb2,4,256.405379,35.500964
cvz,4,330.728515,47.737721
dzb3,4,753.756965,108.408968
dxb3,4,208.759905,29.246144
dyb3,4,257.861853,36.154048
csxxsyyszz,4,878.187039,119.008437
dyf2,4,256.685585,35.503695
dxf2,4,207.050577,29.482293
csxy,4,167.911917,25.628798
dzf2,4,1212.096968,168.468495
dyf3,4,256.808560,35.545962
csyz,4,256.018974,37.670760
dxf3,4,203.332846,28.924965
dzf3,4,753.488822,109.022095
csxz,4,254.368491,37.542189
#========================= OptEWE [OpenMP] =========================
#Source type                                  :  Force monopole
#Grid Size                                    :  768 x 768 x 768
#Iterations                                   :  5
#Compute time                                 :  52.382015
#Total effective MLUPS                        :  43.238584
#===================================================================
#Number of threads                            :  8
