dxf,0,230.734072,33.775191
dzb,0,1012.001939,148.190040
dyb,0,234.985492,34.740389
cvx,0,246.944650,38.557344
dyf,0,233.352354,34.559235
dzb2,0,1011.998776,148.231593
dxb,0,230.404705,33.733309
cvy,0,969.528696,132.661302
dzf,0,1011.711815,148.171833
dxb2,0,230.044949,33.669606
dyb2,0,233.725741,34.582458
cvz,0,305.779199,47.434869
dzb3,0,1011.896651,148.245228
dxb3,0,229.994910,33.697365
dyb3,0,237.526412,35.508707
csxxsyyszz,0,507.536466,78.407776
dyf2,0,233.906417,34.652240
dxf2,0,229.181706,33.984124
csxy,0,197.997812,31.136648
dzf2,0,1396.378668,202.790286
dyf3,0,233.142544,34.554204
csyz,0,294.265152,44.800129
dxf3,0,230.074810,33.767320
dzf3,0,1011.996118,148.467969
csxz,0,292.765364,44.676840
dxf,1,229.987589,33.710480
dzb,1,1012.471490,148.546114
dyb,1,233.372100,34.501333
cvx,1,247.053021,38.580950
dyf,1,233.411743,34.600683
dzb2,1,1012.060448,148.577132
dxb,1,230.479498,33.795049
cvy,1,313.947174,47.742892
dzf,1,1011.981194,148.398347
dxb2,1,230.017578,33.731904
dyb2,1,233.292280,34.539169
cvz,1,305.526497,47.413332
dzb3,1,1012.194010,148.355171
dxb3,1,230.138868,33.739151
dyb3,1,235.780436,35.269818
csxxsyyszz,1,503.718547,77.949072
dyf2,1,233.830821,34.670642
dxf2,1,228.731796,33.953743
csxy,1,198.687847,31.230376
dzf2,1,1395.717548,202.759939
dyf3,1,233.320018,34.538560
csyz,1,294.463747,44.852249
dxf3,1,230.011120,33.719307
dzf3,1,1011.658611,148.238942
csxz,1,292.518351,44.638150
dxf,2,230.183642,33.750056
dzb,2,1012.169202,148.293016
dyb,2,233.385147,34.561981
cvx,2,247.018016,38.588008
dyf,2,233.159331,34.575420
dzb2,2,1011.953028,148.267098
dxb,2,230.408804,33.786421
cvy,2,314.131655,47.726886
dzf,2,1012.261605,148.362707
dxb2,2,230.035054,33.707323
dyb2,2,233.188145,34.505767
cvz,2,305.823529,47.461918
dzb3,2,1011.735946,148.554519
dxb3,2,231.180971,33.838122
dyb3,2,235.884336,35.291580
csxxsyyszz,2,503.688590,77.945309
dyf2,2,233.906101,34.669238
dxf2,2,229.104885,33.986866
csxy,2,197.883115,31.159505
dzf2,2,1396.639574,202.982650
dyf3,2,233.285349,34.653049
csyz,2,294.615774,44.983274
dxf3,2,229.994396,33.824110
dzf3,2,1011.963228,148.332902
csxz,2,292.779894,44.662252
dxf,3,230.032688,33.680701
dzb,3,1012.143954,148.165793
dyb,3,233.388976,34.516242
cvx,3,246.985141,38.604001
dyf,3,233.372157,34.560678
dzb2,3,1012.281309,148.208487
dxb,3,230.354283,33.712522
cvy,3,314.487791,47.767808
dzf,3,1011.593589,148.081619
dxb2,3,230.068888,33.662077
dyb2,3,233.639548,34.550442
cvz,3,306.225364,47.492520
dzb3,3,1011.691273,148.524989
dxb3,3,229.941813,33.831930
dyb3,3,235.606592,35.350432
csxxsyyszz,3,502.837762,77.848313
dyf2,3,233.883176,34.753671
dxf2,3,228.949899,34.026434
csxy,3,197.866559,31.180015
dzf2,3,1395.768942,203.001449
dyf3,3,233.242992,34.628271
csyz,3,294.656489,44.908734
dxf3,3,229.996414,33.734051
dzf3,3,1012.231272,148.487536
csxz,3,292.403448,44.653561
dxf,4,230.177649,33.787374
dzb,4,1012.578318,148.489763
dyb,4,233.288126,34.576526
cvx,4,247.076546,38.600500
dyf,4,233.354516,34.611935
dzb2,4,1012.039356,148.374547
dxb,4,230.422501,33.797120
cvy,4,314.244068,47.752294
dzf,4,1012.696199,148.431397
dxb2,4,229.952194,33.697453
dyb2,4,233.578042,34.614650
cvz,4,305.346366,47.390352
dzb3,4,1011.734900,148.314665
dxb3,4,230.157518,33.749821
dyb3,4,235.708732,35.312300
csxxsyyszz,4,507.368336,78.465408
dyf2,4,233.880318,34.709456
dxf2,4,228.915285,33.997527
csxy,4,197.837685,31.130977
dzf2,4,1395.546090,202.776488
dyf3,4,233.367880,34.624345
csyz,4,295.050642,44.961942
dxf3,4,229.921796,33.690012
dzf3,4,1012.055335,148.358301
csxz,4,293.034043,44.742634
#========================= OptEWE [OpenMP] =========================
#Source type                                  :  Force monopole
#Grid Size                                    :  768 x 768 x 768
#Iterations                                   :  5
#Compute time                                 :  57.642216
#Total effective MLUPS                        :  39.292802
#===================================================================
#Number of threads                            :  10
