dxf,0,168.703191,27.876093
dzb,0,627.711190,107.028373
dyb,0,193.191832,31.976096
cvx,0,213.534299,36.778799
dyf,0,193.577432,32.040663
dzb2,0,627.932242,107.201583
dxb,0,170.025073,28.124074
cvy,0,822.167161,123.039208
dzf,0,627.865747,109.898463
dxb2,0,169.799793,28.143322
dyb2,0,193.425125,32.079184
cvz,0,239.459659,41.873147
dzb3,0,627.856304,107.253750
dxb3,0,169.692374,28.103190
dyb3,0,198.093364,33.053858
csxxsyyszz,0,578.190069,95.056065
dyf2,0,193.724805,32.020598
dxf2,0,171.301666,28.670625
csxy,0,142.508806,25.752652
dzf2,0,1028.126690,167.303284
dyf3,0,193.254886,32.021095
csyz,0,218.467276,37.830215
dxf3,0,168.662799,27.941720
dzf3,0,627.629403,107.252907
csxz,0,217.175148,37.694390
dxf,1,168.279897,27.938545
dzb,1,627.854031,107.278691
dyb,1,193.197735,31.976330
cvx,1,214.945052,37.022045
dyf,1,193.443531,32.099969
dzb2,1,627.939039,107.261394
dxb,1,169.918840,28.136348
cvy,1,246.474117,41.844074
dzf,1,627.782918,107.271780
dxb2,1,169.738562,28.117167
dyb2,1,193.280037,32.056856
cvz,1,239.262925,41.860338
dzb3,1,628.616146,107.399191
dxb3,1,169.672049,28.095111
dyb3,1,195.991723,32.757354
csxxsyyszz,1,578.093882,95.037635
dyf2,1,193.436525,32.022176
dxf2,1,171.521940,28.712945
csxy,1,142.598666,25.787953
dzf2,1,1028.320120,167.480522
dyf3,1,193.319748,32.036799
csyz,1,218.690533,37.870490
dxf3,1,168.332226,27.947109
dzf3,1,627.563893,107.252188
csxz,1,217.231587,37.712990
dxf,2,168.375422,27.929768
dzb,2,627.718996,107.278321
dyb,2,193.112428,31.998357
cvx,2,213.375101,36.797776
dyf,2,193.486938,32.082366
dzb2,2,627.649888,107.245930
dxb,2,169.980674,28.191692
cvy,2,246.450179,41.861624
dzf,2,628.448351,107.410798
dxb2,2,169.758972,28.157652
dyb2,2,193.207254,32.045528
cvz,2,239.333257,41.881333
dzb3,2,627.962133,107.340964
dxb3,2,169.678696,28.141112
dyb3,2,196.165966,32.777425
csxxsyyszz,2,578.047615,95.054945
dyf2,2,193.665096,32.060635
dxf2,2,171.370507,28.723628
csxy,2,144.163268,26.008386
dzf2,2,1027.235596,167.479205
dyf3,2,193.402637,32.065908
csyz,2,218.543929,37.867950
dxf3,2,168.453155,27.912068
dzf3,2,627.762884,107.236295
csxz,2,216.955544,37.673633
dxf,3,168.171272,27.868205
dzb,3,627.682131,107.285368
dyb,3,193.226927,32.021417
cvx,3,213.280039,36.775306
dyf,3,193.515855,32.058381
dzb2,3,627.856846,107.263076
dxb,3,169.953083,28.156678
cvy,3,246.505207,41.850470
dzf,3,628.599682,107.497527
dxb2,3,169.803971,28.113107
dyb2,3,193.128257,32.032549
cvz,3,239.475158,41.891508
dzb3,3,627.809253,107.331550
dxb3,3,169.632116,28.079694
dyb3,3,198.083519,33.060634
csxxsyyszz,3,576.564802,94.824084
dyf2,3,193.693204,32.031640
dxf2,3,171.353062,28.715504
csxy,3,142.550339,25.778471
dzf2,3,1028.213732,167.457704
dyf3,3,193.263561,31.999365
csyz,3,218.360822,37.835478
dxf3,3,168.503799,27.967665
dzf3,3,628.583895,107.379587
csxz,3,217.068392,37.677472
dxf,4,168.333319,27.947167
dzb,4,627.552010,107.276846
dyb,4,193.215119,32.001253
cvx,4,213.275464,36.772285
dyf,4,193.430772,32.086072
dzb2,4,627.743353,107.301446
dxb,4,169.957711,28.159184
cvy,4,246.339177,41.819551
dzf,4,627.687112,107.285845
dxb2,4,169.791975,28.159154
dyb2,4,193.310699,32.020182
cvz,4,239.398796,41.886221
dzb3,4,627.732648,107.288389
dxb3,4,169.639077,28.096099
dyb3,4,196.292483,32.778365
csxxsyyszz,4,577.978131,95.036098
dyf2,4,193.356028,32.016287
dxf2,4,171.350774,28.695682
csxy,4,142.537465,25.792599
dzf2,4,1028.018799,167.433193
dyf3,4,193.170687,32.022622
csyz,4,218.593275,37.865695
dxf3,4,168.364841,27.920956
dzf3,4,627.559257,107.239174
csxz,4,217.123364,37.735661
#========================= OptEWE [OpenMP] =========================
#Source type                                  :  Force monopole
#Grid Size                                    :  768 x 768 x 768
#Iterations                                   :  5
#Compute time                                 :  41.598938
#Total effective MLUPS                        :  54.446682
#===================================================================
#Number of threads                            :  8
