dxf,0,122.009232,27.430553
dzb,0,452.838398,106.267654
dyb,0,124.002485,28.462752
cvx,0,140.860606,33.345276
dyf,0,123.900696,28.499761
dzb2,0,452.990071,106.310730
dxb,0,122.199210,27.679845
cvy,0,632.058163,127.427384
dzf,0,452.353926,106.473799
dxb2,0,121.538608,27.613719
dyb2,0,124.183269,28.591719
cvz,0,163.841325,38.883145
dzb3,0,452.729343,106.726078
dxb3,0,121.617437,27.658573
dyb3,0,124.203714,28.618482
csxxsyyszz,0,271.178135,63.479646
dyf2,0,124.113891,28.617486
dxf2,0,121.783082,27.695254
csxy,0,116.776687,27.729143
dzf2,0,452.745412,106.504242
dyf3,0,123.688892,28.585986
csyz,0,139.562001,33.070873
dxf3,0,122.432143,27.831590
dzf3,0,452.635746,106.777293
csxz,0,139.628036,33.150146
dxf,1,121.729982,27.688869
dzb,1,453.331974,106.989332
dyb,1,123.953361,28.608683
cvx,1,140.812760,33.499677
dyf,1,124.016448,28.651367
dzb2,1,452.778350,106.680909
dxb,1,122.083626,27.750887
cvy,1,140.845839,33.423361
dzf,1,452.324503,106.742104
dxb2,1,123.207566,28.438400
dyb2,1,124.426168,28.912419
cvz,1,163.812471,38.928419
dzb3,1,452.700821,106.841130
dxb3,1,121.577295,27.682309
dyb3,1,124.167182,28.630266
csxxsyyszz,1,272.401695,63.914856
dyf2,1,124.006488,28.671210
dxf2,1,121.753514,27.740374
csxy,1,116.853707,27.772560
dzf2,1,452.645938,106.949938
dyf3,1,123.725315,28.620263
csyz,1,139.545606,33.086411
dxf3,1,121.665048,27.690420
dzf3,1,452.541970,106.870300
csxz,1,139.537141,33.169759
dxf,2,121.734718,27.729782
dzb,2,452.836003,106.937618
dyb,2,123.888170,28.597725
cvx,2,140.767808,33.467174
dyf,2,123.918538,28.628775
dzb2,2,452.903696,107.039147
dxb,2,122.243912,27.839448
cvy,2,140.975811,33.513027
dzf,2,452.383734,106.913395
dxb2,2,121.487968,27.694441
dyb2,2,124.196971,28.682723
cvz,2,163.884393,38.998401
dzb3,2,452.948850,106.984595
dxb3,2,121.779456,27.730939
dyb3,2,124.292932,28.650630
csxxsyyszz,2,271.162271,63.537515
dyf2,2,123.937755,28.615244
dxf2,2,121.833887,27.732809
csxy,2,116.809426,27.755725
dzf2,2,453.177732,107.007834
dyf3,2,123.910640,28.637111
csyz,2,139.654371,33.118018
dxf3,2,121.614010,27.693264
dzf3,2,453.179475,107.042981
csxz,2,139.680138,33.210933
dxf,3,121.754388,27.736366
dzb,3,452.900169,107.028587
dyb,3,123.984945,28.640026
cvx,3,140.812498,33.525769
dyf,3,123.893852,28.651444
dzb2,3,452.866079,106.731505
dxb,3,122.152046,27.831087
cvy,3,140.763308,33.472175
dzf,3,452.402382,106.852158
dxb2,3,121.601023,27.700688
dyb2,3,124.203868,28.664724
cvz,3,163.643736,38.943117
dzb3,3,452.861878,106.943230
dxb3,3,121.621827,27.684662
dyb3,3,124.241063,28.674541
csxxsyyszz,3,271.234464,63.596532
dyf2,3,124.049880,28.654168
dxf2,3,121.792310,27.737084
csxy,3,116.791612,27.778711
dzf2,3,452.809535,106.979741
dyf3,3,123.800443,28.654355
csyz,3,139.632988,33.144018
dxf3,3,121.669027,27.726689
dzf3,3,452.571779,106.955344
csxz,3,140.258466,33.338547
dxf,4,121.659063,27.711436
dzb,4,453.084029,107.053173
dyb,4,123.898466,28.597748
cvx,4,140.879761,33.529134
dyf,4,123.932432,28.660613
dzb2,4,452.864007,107.000964
dxb,4,122.082274,27.850141
cvy,4,140.794279,33.487100
dzf,4,452.310150,106.927138
dxb2,4,121.583478,27.720785
dyb2,4,124.121687,28.698337
cvz,4,163.887348,39.009161
dzb3,4,452.723956,106.923748
dxb3,4,121.689801,27.736741
dyb3,4,124.312622,28.707089
csxxsyyszz,4,272.651890,63.918706
dyf2,4,123.990798,28.672251
dxf2,4,121.786784,27.754638
csxy,4,116.772155,27.765424
dzf2,4,452.796291,106.974243
dyf3,4,123.680381,28.679748
csyz,4,140.108136,33.241764
dxf3,4,121.545249,27.696876
dzf3,4,452.684749,107.024045
csxz,4,139.682434,33.260477
#========================= OptEWE [OpenMP] =========================
#Source type                                  :  Force monopole
#Grid Size                                    :  768 x 768 x 768
#Iterations                                   :  5
#Compute time                                 :  27.017782
#Total effective MLUPS                        :  83.830869
#===================================================================
#Number of threads                            :  16
