dxf,0,266.333199,41.147609
dzb,0,901.496516,142.959324
dyb,0,351.913052,53.353581
cvx,0,484.690150,75.142056
dyf,0,351.460176,54.479064
dzb2,0,900.928550,143.848047
dxb,0,280.522634,43.045177
cvy,0,1349.501676,192.990846
dzf,0,900.907858,142.838463
dxb2,0,278.337065,42.727224
dyb2,0,351.942192,53.306654
cvz,0,494.659841,77.085903
dzb3,0,901.559029,143.315808
dxb3,0,280.509337,43.258368
dyb3,0,354.330002,54.200794
csxxsyyszz,0,1333.044487,197.557687
dyf2,0,352.776696,53.467343
dxf2,0,267.351614,41.742879
csxy,0,211.169809,35.047619
dzf2,0,1290.003848,201.617387
dyf3,0,351.666547,53.522427
csyz,0,274.704078,45.169411
dxf3,0,266.108134,41.209524
dzf3,0,901.091069,143.385239
csxz,0,271.582311,44.927597
dxf,1,266.072858,42.378431
dzb,1,899.621477,143.453427
dyb,1,351.130195,53.286368
cvx,1,482.777192,73.498337
dyf,1,352.050229,53.433442
dzb2,1,902.138754,143.286375
dxb,1,278.812931,42.853920
cvy,1,480.360773,73.848491
dzf,1,899.419015,142.910540
dxb2,1,277.538075,42.765731
dyb2,1,350.616849,53.263753
cvz,1,492.539638,76.933269
dzb3,1,900.080875,142.862265
dxb3,1,280.845070,43.139843
dyb3,1,354.303506,54.264044
csxxsyyszz,1,1323.761435,196.007977
dyf2,1,352.815494,53.512342
dxf2,1,268.676785,41.972288
csxy,1,211.320103,35.061898
dzf2,1,1291.211374,201.296403
dyf3,1,352.348271,53.459393
csyz,1,274.734305,45.159077
dxf3,1,266.284854,41.195284
dzf3,1,900.329308,143.143747
csxz,1,271.932176,46.117903
dxf,2,267.735853,41.653452
dzb,2,901.352113,143.096257
dyb,2,351.603050,53.361489
cvx,2,484.244497,73.706544
dyf,2,352.028274,53.449128
dzb2,2,900.778609,143.048658
dxb,2,277.870499,42.770643
cvy,2,479.845173,73.749258
dzf,2,899.999304,142.881753
dxb2,2,278.292650,42.813708
dyb2,2,351.651190,53.320854
cvz,2,494.468745,77.078055
dzb3,2,902.269734,143.070757
dxb3,2,280.988511,43.228886
dyb3,2,354.340764,54.294136
csxxsyyszz,2,1333.490166,197.564054
dyf2,2,352.666702,53.502352
dxf2,2,267.278818,41.779206
csxy,2,211.127089,35.035325
dzf2,2,1291.073534,201.398729
dyf3,2,351.702801,53.388210
csyz,2,274.162414,45.112754
dxf3,2,265.481587,41.117454
dzf3,2,898.706296,142.835133
csxz,2,271.355761,44.812092
dxf,3,265.275248,41.093693
dzb,3,900.304450,143.036614
dyb,3,350.980018,53.290631
cvx,3,482.705319,73.495498
dyf,3,351.280535,53.307566
dzb2,3,900.103546,143.015797
dxb,3,279.684504,43.011693
cvy,3,478.984312,73.645582
dzf,3,899.160260,142.842731
dxb2,3,277.671163,42.761980
dyb2,3,350.964241,53.248852
cvz,3,492.893558,76.919954
dzb3,3,901.197336,143.104994
dxb3,3,280.363997,43.108946
dyb3,3,353.627860,54.193717
csxxsyyszz,3,1323.746994,195.975243
dyf2,3,352.966519,53.537367
dxf2,3,267.276290,41.768874
csxy,3,211.128480,35.041380
dzf2,3,1290.218472,201.234631
dyf3,3,351.139398,53.328176
csyz,3,274.852253,45.434271
dxf3,3,266.098804,41.988380
dzf3,3,899.836688,144.177104
csxz,3,271.656594,44.808162
dxf,4,267.779471,41.388477
dzb,4,901.010153,142.968755
dyb,4,351.346318,53.289182
cvx,4,484.443771,73.676195
dyf,4,352.392516,53.454285
dzb2,4,900.843438,142.952964
dxb,4,277.908253,42.764750
cvy,4,482.124367,74.061747
dzf,4,899.964326,142.808778
dxb2,4,278.237122,42.813363
dyb2,4,351.024806,53.256204
cvz,4,494.099647,76.968844
dzb3,4,900.338685,142.691575
dxb3,4,280.887219,43.049451
dyb3,4,354.493696,54.149284
csxxsyyszz,4,1314.039223,194.507630
dyf2,4,352.187007,53.430573
dxf2,4,266.830878,41.693319
csxy,4,210.836045,35.025013
dzf2,4,1290.579052,201.352927
dyf3,4,351.742623,53.377315
csyz,4,274.283686,45.116560
dxf3,4,268.836073,41.602506
dzf3,4,898.751860,142.787326
csxz,4,271.360674,44.827903
#========================= OptEWE [OpenMP] =========================
#Source type                                  :  Force monopole
#Grid Size                                    :  768 x 768 x 768
#Iterations                                   :  5
#Compute time                                 :  66.295715
#Total effective MLUPS                        :  34.163960
#===================================================================
#Number of threads                            :  4
