dxf,0,86.934108,19.492503
dzb,0,319.601744,75.942127
dyb,0,89.877017,20.482206
cvx,0,100.346342,23.682720
dyf,0,89.849367,20.545637
dzb2,0,319.349963,76.030036
dxb,0,85.884150,19.416234
cvy,0,795.145288,146.562882
dzf,0,318.575961,75.849450
dxb2,0,85.808029,19.411847
dyb2,0,90.176247,20.585056
cvz,0,116.095764,27.749346
dzb3,0,318.965921,76.037985
dxb3,0,85.782529,19.418896
dyb3,0,90.229760,20.593103
csxxsyyszz,0,240.186679,53.519198
dyf2,0,89.952663,20.588039
dxf2,0,87.462964,19.742184
csxy,0,82.596172,19.734216
dzf2,0,318.746275,75.997203
dyf3,0,89.783999,20.579281
csyz,0,98.546267,23.584215
dxf3,0,85.642281,19.434153
dzf3,0,318.861265,76.107698
csxz,0,98.555778,23.645748
dxf,1,85.660075,19.437329
dzb,1,319.521834,76.179329
dyb,1,89.821089,20.529300
cvx,1,100.248677,23.718640
dyf,1,89.930943,20.613456
dzb2,1,319.446566,76.189870
dxb,1,85.856601,19.490188
cvy,1,100.189649,23.724564
dzf,1,318.618185,76.073201
dxb2,1,85.870696,19.459829
dyb2,1,90.168171,20.621436
cvz,1,115.944317,27.760983
dzb3,1,319.043919,76.121666
dxb3,1,85.878638,19.473351
dyb3,1,90.074969,20.595715
csxxsyyszz,1,240.124792,53.576851
dyf2,1,89.999842,20.609098
dxf2,1,85.860512,19.471091
csxy,1,82.594232,19.777631
dzf2,1,318.799717,76.096619
dyf3,1,89.701356,20.578205
csyz,1,98.548968,23.596071
dxf3,1,85.637423,19.442894
dzf3,1,318.791564,76.124559
csxz,1,98.454821,23.659308
dxf,2,85.654891,19.468889
dzb,2,319.603839,76.296205
dyb,2,89.949815,20.582939
cvx,2,100.293252,23.754014
dyf,2,89.816056,20.609947
dzb2,2,319.343142,76.199525
dxb,2,85.932102,19.515970
cvy,2,100.447695,23.790716
dzf,2,318.632655,76.081386
dxb2,2,85.809267,19.481415
dyb2,2,90.111573,20.623551
cvz,2,116.171785,27.828433
dzb3,2,319.065657,76.174439
dxb3,2,85.815491,19.482828
dyb3,2,90.184799,20.642638
csxxsyyszz,2,240.137268,53.618582
dyf2,2,89.831030,20.611779
dxf2,2,85.909141,19.514335
csxy,2,82.564796,19.794295
dzf2,2,318.772384,76.106656
dyf3,2,89.885501,20.604028
csyz,2,98.611407,23.642947
dxf3,2,85.659803,19.467420
dzf3,2,318.793126,76.106378
csxz,2,98.474821,23.659067
dxf,3,85.754292,19.469550
dzb,3,319.517817,76.244066
dyb,3,89.878199,20.589761
cvx,3,100.276702,23.774426
dyf,3,89.757228,20.605201
dzb2,3,319.357691,76.238936
dxb,3,85.876260,19.490826
cvy,3,100.211751,23.744535
dzf,3,320.105477,76.355468
dxb2,3,86.005034,19.488936
dyb2,3,90.047501,20.612313
cvz,3,115.972633,27.787339
dzb3,3,319.045902,76.146738
dxb3,3,85.814479,19.467433
dyb3,3,90.214102,20.654494
csxxsyyszz,3,240.179611,53.638458
dyf2,3,89.885933,20.635365
dxf2,3,85.824133,19.483311
csxy,3,82.540204,19.790119
dzf2,3,318.719735,76.114255
dyf3,3,89.765042,20.568154
csyz,3,98.649705,23.650896
dxf3,3,85.654067,19.468578
dzf3,3,318.793414,76.163605
csxz,3,98.481495,23.671750
dxf,4,85.602628,19.466234
dzb,4,319.608565,76.286007
dyb,4,89.923814,20.600088
cvx,4,100.454119,23.808980
dyf,4,89.908057,20.630564
dzb2,4,319.390620,76.256250
dxb,4,85.887684,19.512669
cvy,4,100.177315,23.751476
dzf,4,319.519571,76.309309
dxb2,4,85.942946,19.500158
dyb2,4,90.143331,20.653478
cvz,4,116.026928,27.802460
dzb3,4,319.030848,76.165135
dxb3,4,85.856347,19.506537
dyb3,4,90.187739,20.635836
csxxsyyszz,4,240.233286,53.666328
dyf2,4,89.950170,20.644799
dxf2,4,85.937578,19.529067
csxy,4,82.593951,19.814067
dzf2,4,318.708362,76.118884
dyf3,4,89.854670,20.607699
csyz,4,98.556459,23.646281
dxf3,4,85.658988,19.468097
dzf3,4,318.886045,76.180255
csxz,4,98.487486,23.771020
#========================= OptEWE [OpenMP] =========================
#Source type                                  :  Force monopole
#Grid Size                                    :  768 x 768 x 768
#Iterations                                   :  5
#Compute time                                 :  19.726509
#Total effective MLUPS                        :  114.816268
#===================================================================
#Number of threads                            :  23
