dxf,0,173.060953,25.546392
dzb,0,660.765238,100.333256
dyb,0,196.259451,28.911593
cvx,0,216.009484,33.193869
dyf,0,196.062561,28.919227
dzb2,0,660.819471,100.507819
dxb,0,174.404686,25.783403
cvy,0,991.049913,131.369751
dzf,0,659.740550,100.350428
dxb2,0,175.274881,25.912955
dyb2,0,195.997090,28.953346
cvz,0,238.607976,37.388626
dzb3,0,660.061029,100.468864
dxb3,0,175.296260,25.934066
dyb3,0,201.882781,30.357128
csxxsyyszz,0,588.524754,86.578099
dyf2,0,196.019308,28.928068
dxf2,0,185.708802,27.885740
csxy,0,145.870410,23.635595
dzf2,0,1615.675140,226.525243
dyf3,0,196.269168,28.947843
csyz,0,216.732968,33.774924
dxf3,0,172.276995,25.530163
dzf3,0,661.303696,102.252087
csxz,0,215.055771,33.909314
dxf,1,172.190853,26.452572
dzb,1,660.385232,101.955197
dyb,1,196.031454,29.037035
cvx,1,216.484142,33.327385
dyf,1,195.925933,29.032841
dzb2,1,660.566938,100.705148
dxb,1,174.292953,25.882874
cvy,1,282.079106,42.405602
dzf,1,660.230704,100.652393
dxb2,1,175.313958,25.935075
dyb2,1,195.882368,28.945348
cvz,1,238.350675,37.383068
dzb3,1,659.986749,100.556742
dxb3,1,175.237869,25.923076
dyb3,1,202.348453,30.454185
csxxsyyszz,1,584.475988,86.061469
dyf2,1,196.088841,28.954175
dxf2,1,184.986362,27.809491
csxy,1,145.733685,23.640085
dzf2,1,1616.924612,226.758681
dyf3,1,196.632106,29.016269
csyz,1,216.349270,33.738328
dxf3,1,172.196120,25.545145
dzf3,1,660.701458,101.543549
csxz,1,216.146148,33.755732
dxf,2,172.368600,25.625588
dzb,2,660.553562,100.789545
dyb,2,196.142926,29.030143
cvx,2,216.426297,33.325802
dyf,2,195.929760,28.966026
dzb2,2,660.497523,100.764532
dxb,2,174.136251,25.880505
cvy,2,281.465947,42.378029
dzf,2,659.967639,100.755015
dxb2,2,175.313108,25.978777
dyb2,2,195.908173,29.048980
cvz,2,238.369626,37.405159
dzb3,2,660.326891,100.908944
dxb3,2,175.168929,26.056254
dyb3,2,202.182216,30.426688
csxxsyyszz,2,584.896818,86.333039
dyf2,2,195.909669,29.044229
dxf2,2,184.774839,27.786757
csxy,2,145.914947,23.690954
dzf2,2,1615.498654,226.799221
dyf3,2,196.284016,29.096131
csyz,2,216.332861,33.765168
dxf3,2,172.305781,25.626771
dzf3,2,660.998913,100.849261
csxz,2,216.404233,33.799635
dxf,3,172.362306,25.619576
dzb,3,660.470382,100.802419
dyb,3,195.664649,28.913796
cvx,3,215.870964,33.274966
dyf,3,195.890495,29.072336
dzb2,3,660.871665,100.836335
dxb,3,174.453345,25.859982
cvy,3,281.732693,42.421053
dzf,3,660.921981,100.909281
dxb2,3,175.253623,26.024667
dyb2,3,195.927174,29.016988
cvz,3,238.519449,37.444447
dzb3,3,659.987397,100.878846
dxb3,3,175.539835,26.336677
dyb3,3,202.024432,30.442185
csxxsyyszz,3,585.628657,86.194534
dyf2,3,195.967195,28.974172
dxf2,3,185.006579,27.865626
csxy,3,146.066653,23.686854
dzf2,3,1605.277606,226.582506
dyf3,3,196.316491,28.990516
csyz,3,216.009928,33.726903
dxf3,3,175.109966,25.967595
dzf3,3,660.900031,100.813459
csxz,3,216.666754,33.836538
dxf,4,172.410679,25.665162
dzb,4,660.614585,100.779646
dyb,4,195.841839,29.037901
cvx,4,215.788276,33.245813
dyf,4,195.860789,29.038971
dzb2,4,660.735468,100.807195
dxb,4,174.209333,25.919948
cvy,4,281.846834,42.417076
dzf,4,659.921972,100.708858
dxb2,4,175.129640,25.938975
dyb2,4,195.943963,29.022831
cvz,4,238.419709,37.416123
dzb3,4,659.767501,100.709614
dxb3,4,175.351168,25.964975
dyb3,4,202.285681,30.490104
csxxsyyszz,4,583.461311,86.124373
dyf2,4,195.971308,29.054859
dxf2,4,185.028489,27.832069
csxy,4,145.819912,23.681971
dzf2,4,1615.472450,226.838127
dyf3,4,196.248512,29.069434
csyz,4,216.724306,33.823033
dxf3,4,172.222030,25.615552
dzf3,4,661.102386,100.862235
csxz,4,216.555551,33.845240
#========================= OptEWE [OpenMP] =========================
#Source type                                  :  Force monopole
#Grid Size                                    :  768 x 768 x 768
#Iterations                                   :  5
#Compute time                                 :  45.980038
#Total effective MLUPS                        :  49.258858
#===================================================================
#Number of threads                            :  12
