dxf,0,230.069613,31.988725
dzb,0,856.492962,120.806432
dyb,0,295.514181,40.406340
cvx,0,375.659121,52.340549
dyf,0,296.500443,40.486985
dzb2,0,856.332395,120.686724
dxb,0,238.689258,33.048889
cvy,0,1214.818890,155.039384
dzf,0,855.514804,120.861803
dxb2,0,238.930670,33.090404
dyb2,0,295.315101,40.491229
cvz,0,388.031182,55.308496
dzb3,0,856.203415,121.021056
dxb3,0,238.718016,33.069283
dyb3,0,298.782744,41.339579
csxxsyyszz,0,1031.623395,138.475838
dyf2,0,296.393312,40.550060
dxf2,0,234.867730,32.955997
csxy,0,196.740321,29.304619
dzf2,0,1353.236913,186.309634
dyf3,0,296.657890,40.535736
csyz,0,286.941442,41.586955
dxf3,0,228.334057,31.816613
dzf3,0,855.331543,121.500866
csxz,0,283.552829,41.252956
dxf,1,229.512814,31.910974
dzb,1,857.504672,121.234087
dyb,1,295.442774,40.544173
cvx,1,375.947670,52.206241
dyf,1,296.529361,40.595789
dzb2,1,856.288515,120.929542
dxb,1,238.973572,33.179488
cvy,1,380.670114,53.436815
dzf,1,855.330475,120.949290
dxb2,1,240.792158,33.353320
dyb2,1,295.020850,40.438467
cvz,1,387.878632,55.305484
dzb3,1,856.782866,122.425706
dxb3,1,238.724913,33.388538
dyb3,1,298.588986,41.625916
csxxsyyszz,1,1033.102164,138.416347
dyf2,1,296.381096,40.577853
dxf2,1,234.868464,32.963813
csxy,1,196.629626,29.278200
dzf2,1,1353.158489,185.926468
dyf3,1,296.210827,40.476885
csyz,1,286.997333,41.571637
dxf3,1,228.249753,31.791841
dzf3,1,856.867797,120.960044
csxz,1,283.632768,41.191190
dxf,2,229.651616,31.919213
dzb,2,856.142357,120.857263
dyb,2,295.426596,40.398218
cvx,2,375.908673,52.007263
dyf,2,296.398824,40.548328
dzb2,2,856.252547,120.864709
dxb,2,238.829629,33.070315
cvy,2,380.529958,53.264854
dzf,2,855.161596,120.713116
dxb2,2,239.001648,33.032680
dyb2,2,295.105917,40.360329
cvz,2,389.432082,55.343053
dzb3,2,856.023451,120.798075
dxb3,2,238.741222,33.049121
dyb3,2,298.843684,41.295340
csxxsyyszz,2,1031.472178,137.944173
dyf2,2,296.438932,40.539391
dxf2,2,234.713287,32.962173
csxy,2,196.738655,29.270960
dzf2,2,1353.697267,185.876242
dyf3,2,296.710734,40.511469
csyz,2,286.700589,41.523054
dxf3,2,228.448305,31.760273
dzf3,2,855.440313,120.705669
csxz,2,283.550547,41.169300
dxf,3,229.502904,31.940271
dzb,3,856.399093,120.828501
dyb,3,295.179751,40.365706
cvx,3,375.692693,52.152398
dyf,3,296.458338,40.560573
dzb2,3,856.119731,120.780979
dxb,3,238.828771,33.042457
cvy,3,380.450315,53.243746
dzf,3,856.620708,120.841423
dxb2,3,238.983260,33.038937
dyb2,3,295.201135,40.381924
cvz,3,387.731540,55.111452
dzb3,3,857.707967,121.024438
dxb3,3,238.685857,33.016842
dyb3,3,298.717615,41.267215
csxxsyyszz,3,1033.461523,140.166585
dyf2,3,296.559005,40.568002
dxf2,3,234.827284,33.076566
csxy,3,196.723082,29.320805
dzf2,3,1352.886671,186.031405
dyf3,3,296.553513,40.764538
csyz,3,286.869471,41.685843
dxf3,3,228.303731,31.816233
dzf3,3,855.479337,120.834582
csxz,3,283.595537,41.308674
dxf,4,229.462086,32.028834
dzb,4,855.974075,121.101851
dyb,4,296.048541,40.503264
cvx,4,375.814638,52.274868
dyf,4,297.832989,40.858153
dzb2,4,856.073210,121.072994
dxb,4,238.924784,33.040932
cvy,4,380.571508,53.242401
dzf,4,855.665346,120.876830
dxb2,4,239.071398,33.148712
dyb2,4,295.242898,40.398448
cvz,4,387.772806,55.116071
dzb3,4,857.691092,120.994100
dxb3,4,238.732935,33.044368
dyb3,4,298.787350,41.272492
csxxsyyszz,4,1031.208416,137.940594
dyf2,4,296.453987,40.525035
dxf2,4,234.790973,32.943983
csxy,4,196.795158,29.286076
dzf2,4,1353.150410,185.815259
dyf3,4,296.579146,40.494124
csyz,4,286.739894,41.539077
dxf3,4,228.393367,31.805017
dzf3,4,855.470413,120.722519
csxz,4,283.680439,41.262379
#========================= OptEWE [OpenMP] =========================
#Source type                                  :  Force monopole
#Grid Size                                    :  768 x 768 x 768
#Iterations                                   :  5
#Compute time                                 :  59.669662
#Total effective MLUPS                        :  37.957717
#===================================================================
#Number of threads                            :  5
