dxf,0,186.585872,28.306962
dzb,0,772.951245,118.467383
dyb,0,198.045391,30.264553
cvx,0,202.822439,32.909307
dyf,0,197.339802,30.217284
dzb2,0,773.610576,118.677599
dxb,0,186.280705,28.287294
cvy,0,898.650494,124.502531
dzf,0,772.683761,118.557663
dxb2,0,186.122743,28.274445
dyb2,0,198.154398,30.281831
cvz,0,257.356313,41.360711
dzb3,0,772.730278,118.640676
dxb3,0,186.399952,28.345681
dyb3,0,201.749712,31.151074
csxxsyyszz,0,524.590123,81.329793
dyf2,0,197.791873,30.259919
dxf2,0,186.783139,28.742869
csxy,0,163.364163,26.774272
dzf2,0,1153.327415,172.530288
dyf3,0,197.587212,30.285949
csyz,0,248.684026,39.195710
dxf3,0,186.074878,28.281896
dzf3,0,773.129876,118.723192
csxz,0,246.491974,38.925604
dxf,1,185.828669,28.256143
dzb,1,772.708341,118.614346
dyb,1,197.986216,30.241150
cvx,1,202.705083,32.932247
dyf,1,197.225467,30.235084
dzb2,1,772.552632,118.629496
dxb,1,187.056225,28.482155
cvy,1,263.229139,41.267747
dzf,1,772.455289,118.590347
dxb2,1,186.038249,28.273360
dyb2,1,197.796057,30.241053
cvz,1,257.521334,41.419049
dzb3,1,772.772709,118.674772
dxb3,1,186.232360,28.301374
dyb3,1,201.414274,31.140085
csxxsyyszz,1,521.738193,80.927652
dyf2,1,197.856985,30.263294
dxf2,1,186.958926,28.832447
csxy,1,163.454047,26.781821
dzf2,1,1151.969948,173.238467
dyf3,1,197.113727,31.126881
csyz,1,245.979169,39.191975
dxf3,1,186.034176,28.956516
dzf3,1,773.653243,118.809925
csxz,1,246.520856,38.940602
dxf,2,185.862609,28.264285
dzb,2,772.635073,118.652512
dyb,2,197.903040,30.259150
cvx,2,202.837125,32.971721
dyf,2,197.545115,30.239913
dzb2,2,772.692363,118.657317
dxb,2,186.219190,28.354595
cvy,2,263.626825,41.311939
dzf,2,773.338833,118.806545
dxb2,2,186.127942,28.284516
dyb2,2,198.015286,30.284333
cvz,2,257.243602,41.373386
dzb3,2,772.832966,118.692013
dxb3,2,186.336208,28.332023
dyb3,2,201.388677,31.156465
csxxsyyszz,2,524.602737,81.347082
dyf2,2,197.890482,30.305460
dxf2,2,186.611374,28.779220
csxy,2,163.407079,26.788114
dzf2,2,1153.396686,172.598195
dyf3,2,197.507509,30.268397
csyz,2,248.006877,39.109692
dxf3,2,186.093267,28.305602
dzf3,2,773.007839,118.700836
csxz,2,246.736191,38.972254
dxf,3,186.745598,28.434500
dzb,3,773.421015,118.733471
dyb,3,197.699726,30.266933
cvx,3,202.759626,32.936511
dyf,3,197.382284,30.219326
dzb2,3,772.550494,118.647883
dxb,3,186.248537,28.330334
cvy,3,263.193786,41.266053
dzf,3,772.582165,118.647257
dxb2,3,186.241353,28.305465
dyb2,3,199.281089,30.478232
cvz,3,257.727519,41.450594
dzb3,3,772.652374,118.666150
dxb3,3,186.252705,28.339884
dyb3,3,201.395050,31.110202
csxxsyyszz,3,521.176429,80.867546
dyf2,3,197.856328,30.324713
dxf2,3,186.789443,28.785072
csxy,3,163.452270,26.788960
dzf2,3,1153.843756,172.649487
dyf3,3,197.497410,30.277890
csyz,3,248.361864,39.167162
dxf3,3,186.050169,28.312406
dzf3,3,772.869764,118.716512
csxz,3,246.419908,38.918943
dxf,4,185.882575,28.266079
dzb,4,772.620855,118.692004
dyb,4,199.481149,30.496920
cvx,4,203.026597,32.980061
dyf,4,197.419550,30.263846
dzb2,4,772.677946,118.664087
dxb,4,186.227784,28.352932
cvy,4,263.511497,41.299708
dzf,4,772.730373,118.673636
dxb2,4,186.001250,28.281588
dyb2,4,197.669988,30.244873
cvz,4,257.270019,41.379994
dzb3,4,773.568340,121.199690
dxb3,4,186.350481,28.338158
dyb3,4,201.235766,31.188817
csxxsyyszz,4,524.542729,81.523511
dyf2,4,197.805656,30.281535
dxf2,4,186.882576,28.834713
csxy,4,163.466881,26.812035
dzf2,4,1153.371442,173.083976
dyf3,4,197.392719,30.414721
csyz,4,247.954589,39.165248
dxf3,4,186.092160,28.307537
dzf3,4,772.816905,118.909086
csxz,4,246.529558,39.121347
#========================= OptEWE [OpenMP] =========================
#Source type                                  :  Force monopole
#Grid Size                                    :  768 x 768 x 768
#Iterations                                   :  5
#Compute time                                 :  46.789425
#Total effective MLUPS                        :  48.406754
#===================================================================
#Number of threads                            :  10
