dxf,0,90.239892,21.107306
dzb,0,333.136827,82.123074
dyb,0,92.152209,21.920461
cvx,0,102.977709,25.509385
dyf,0,91.821057,21.936593
dzb2,0,332.731412,82.280417
dxb,0,89.254787,20.988361
cvy,0,761.038179,149.372690
dzf,0,331.796710,82.092906
dxb2,0,89.169428,21.027326
dyb2,0,92.491094,22.025302
cvz,0,119.958116,29.932523
dzb3,0,332.380761,82.322701
dxb3,0,89.117699,21.043038
dyb3,0,92.414776,22.039326
csxxsyyszz,0,217.590614,51.972237
dyf2,0,92.048838,22.002977
dxf2,0,89.410234,21.097130
csxy,0,85.571613,21.308929
dzf2,0,332.240398,82.357692
dyf3,0,91.852318,21.985790
csyz,0,102.192289,25.457057
dxf3,0,88.954795,21.031137
dzf3,0,332.287697,82.415430
csxz,0,102.126496,25.542302
dxf,1,88.964438,21.055905
dzb,1,333.710450,82.747987
dyb,1,92.358076,22.027278
cvx,1,103.016404,25.623858
dyf,1,91.786726,21.996984
dzb2,1,332.809773,82.582409
dxb,1,89.301140,21.097271
cvy,1,103.343412,25.698307
dzf,1,331.918547,82.428431
dxb2,1,89.157451,21.078878
dyb2,1,92.747104,22.139177
cvz,1,119.827061,29.969515
dzb3,1,332.505692,82.548269
dxb3,1,89.215170,21.090441
dyb3,1,92.375485,22.050593
csxxsyyszz,1,217.620475,52.070914
dyf2,1,91.811647,21.984446
dxf2,1,89.414523,21.128725
csxy,1,85.565819,21.363547
dzf2,1,332.251266,82.476898
dyf3,1,91.840453,22.014551
csyz,1,102.220839,25.488372
dxf3,1,88.902787,21.058971
dzf3,1,332.370144,82.521459
csxz,1,102.180271,25.562384
dxf,2,88.996284,21.068634
dzb,2,334.255968,82.913882
dyb,2,92.291757,22.058588
cvx,2,102.960767,25.670024
dyf,2,91.795765,22.038879
dzb2,2,332.821145,82.628203
dxb,2,89.189664,21.110752
cvy,2,103.161899,25.668890
dzf,2,331.911019,82.519257
dxb2,2,89.191394,21.088251
dyb2,2,92.492626,22.136609
cvz,2,120.003077,30.018105
dzb3,2,332.286306,82.527132
dxb3,2,89.404374,21.132713
dyb3,2,92.456769,22.112290
csxxsyyszz,2,217.521497,52.085596
dyf2,2,91.942162,22.052154
dxf2,2,89.411561,21.172362
csxy,2,85.495693,21.355374
dzf2,2,332.374549,82.567334
dyf3,2,91.854539,22.041261
csyz,2,102.210827,25.520642
dxf3,2,88.973005,21.079064
dzf3,2,332.370606,82.584018
csxz,2,102.225050,25.579238
dxf,3,88.998716,21.097516
dzb,3,332.944505,82.716148
dyb,3,92.326563,22.114176
cvx,3,102.907561,25.660222
dyf,3,91.760053,22.035485
dzb2,3,332.746016,82.684270
dxb,3,89.269063,21.128442
cvy,3,103.149986,25.701046
dzf,3,331.947189,82.564260
dxb2,3,89.164694,21.122968
dyb2,3,92.595429,22.147053
cvz,3,119.896937,30.051398
dzb3,3,332.283675,82.575351
dxb3,3,89.207019,21.132995
dyb3,3,92.719351,22.175460
csxxsyyszz,3,216.766487,51.986668
dyf2,3,91.917185,22.031709
dxf2,3,89.388022,21.143213
csxy,3,85.491035,21.372758
dzf2,3,332.179944,82.561632
dyf3,3,91.878271,22.045351
csyz,3,102.215209,25.531811
dxf3,3,88.908084,21.086898
dzf3,3,332.419734,82.616877
csxz,3,102.158130,25.603626
dxf,4,89.009525,21.101981
dzb,4,333.075338,82.751199
dyb,4,92.277344,22.093306
cvx,4,103.080179,25.680953
dyf,4,91.661478,22.016988
dzb2,4,332.705344,82.669307
dxb,4,89.254760,21.151293
cvy,4,103.258507,25.728331
dzf,4,331.966715,82.598899
dxb2,4,89.186262,21.138614
dyb2,4,92.466828,22.159207
cvz,4,119.923622,30.075679
dzb3,4,332.280610,82.638882
dxb3,4,89.193783,21.142357
dyb3,4,92.514414,22.159908
csxxsyyszz,4,220.747134,52.782801
dyf2,4,92.050763,22.096589
dxf2,4,89.396271,21.226825
csxy,4,85.538474,21.401087
dzf2,4,332.020648,82.543413
dyf3,4,91.859483,22.103687
csyz,4,102.255344,25.559534
dxf3,4,89.003651,21.115138
dzf3,4,332.292710,82.699844
csxz,4,102.133016,25.711858
#========================= OptEWE [OpenMP] =========================
#Source type                                  :  Force monopole
#Grid Size                                    :  768 x 768 x 768
#Iterations                                   :  5
#Compute time                                 :  20.244570
#Total effective MLUPS                        :  111.878108
#===================================================================
#Number of threads                            :  22
