dxf,0,124.650886,24.455440
dzb,0,458.625983,93.894196
dyb,0,140.156979,27.514936
cvx,0,153.003317,30.570555
dyf,0,138.013133,27.204359
dzb2,0,457.063063,93.840695
dxb,0,124.799924,24.617527
cvy,0,877.963458,148.172810
dzf,0,456.267999,93.671544
dxb2,0,125.188978,24.677630
dyb2,0,138.261863,27.235981
cvz,0,166.994808,34.187589
dzb3,0,456.708966,93.879243
dxb3,0,125.900689,24.806648
dyb3,0,138.060082,27.207450
csxxsyyszz,0,404.794542,76.965798
dyf2,0,138.036414,27.221273
dxf2,0,124.168904,24.547502
csxy,0,117.509981,24.289880
dzf2,0,456.401403,93.867217
dyf3,0,138.080425,27.255349
csyz,0,140.479487,29.044257
dxf3,0,123.974412,24.534907
dzf3,0,456.629976,93.971181
csxz,0,140.404350,29.072475
dxf,1,123.984770,24.547372
dzb,1,457.059251,94.073048
dyb,1,137.859569,27.237678
cvx,1,153.030606,30.674244
dyf,1,138.196715,27.294714
dzb2,1,457.237539,94.108623
dxb,1,124.771513,24.668120
cvy,1,151.482442,30.433366
dzf,1,456.174806,93.926440
dxb2,1,125.152159,24.714348
dyb2,1,138.318440,27.313692
cvz,1,167.019364,34.241316
dzb3,1,456.565005,94.025224
dxb3,1,125.969004,24.878258
dyb3,1,138.335851,27.296133
csxxsyyszz,1,403.445909,76.855572
dyf2,1,138.175500,27.260051
dxf2,1,124.135267,24.559571
csxy,1,119.065796,24.584380
dzf2,1,456.500972,93.977401
dyf3,1,138.138095,27.295223
csyz,1,140.510570,29.073318
dxf3,1,124.043759,24.578999
dzf3,1,456.555774,94.064567
csxz,1,140.377522,29.094723
dxf,2,124.028899,24.581346
dzb,2,456.820909,94.118819
dyb,2,138.063861,27.294485
cvx,2,153.222602,30.735588
dyf,2,138.187882,27.321841
dzb2,2,457.033715,94.106500
dxb,2,124.704400,24.662892
cvy,2,152.608303,30.663367
dzf,2,456.160755,93.945583
dxb2,2,125.015023,24.725658
dyb2,2,138.253850,27.318096
cvz,2,167.078698,34.259165
dzb3,2,456.424894,93.992383
dxb3,2,125.849283,24.841731
dyb3,2,138.298307,27.285144
csxxsyyszz,2,404.966215,77.116388
dyf2,2,138.138823,27.287720
dxf2,2,124.179217,24.591426
csxy,2,117.500776,24.320068
dzf2,2,456.567265,93.985565
dyf3,2,138.239592,27.319969
csyz,2,140.427051,29.062342
dxf3,2,123.994259,24.573182
dzf3,2,456.675930,94.076735
csxz,2,140.377056,29.086965
dxf,3,124.025313,24.585188
dzb,3,456.957361,94.119869
dyb,3,138.152022,27.296495
cvx,3,153.023742,30.703843
dyf,3,138.187288,27.323574
dzb2,3,457.116676,94.133666
dxb,3,124.787425,24.673741
cvy,3,151.437830,30.436776
dzf,3,456.066135,93.951737
dxb2,3,125.101021,24.719272
dyb2,3,138.258205,27.343645
cvz,3,167.009629,34.263902
dzb3,3,458.114580,94.322802
dxb3,3,125.992210,24.883957
dyb3,3,138.142741,27.272090
csxxsyyszz,3,404.730405,77.048306
dyf2,3,138.183084,27.275983
dxf2,3,124.260994,24.593444
csxy,3,117.729995,24.375673
dzf2,3,456.628374,94.052731
dyf3,3,138.402279,27.419591
csyz,3,140.535002,29.110538
dxf3,3,123.964612,24.585033
dzf3,3,456.473408,94.101044
csxz,3,140.442146,29.149162
dxf,4,124.127639,24.746962
dzb,4,457.122577,94.233476
dyb,4,137.834129,27.291529
cvx,4,152.961184,30.728933
dyf,4,138.146295,27.335451
dzb2,4,457.250468,94.208163
dxb,4,124.777205,24.717769
cvy,4,151.394856,30.457948
dzf,4,455.957869,93.986433
dxb2,4,125.685235,24.866996
dyb2,4,138.259723,27.362092
cvz,4,167.072685,34.336154
dzb3,4,456.510673,94.115828
dxb3,4,125.845789,24.899381
dyb3,4,138.205133,27.327843
csxxsyyszz,4,403.322584,77.003242
dyf2,4,138.009169,27.322241
dxf2,4,124.315311,24.661912
csxy,4,117.683716,24.379689
dzf2,4,456.553269,94.119999
dyf3,4,138.289584,27.425540
csyz,4,140.409519,29.108648
dxf3,4,123.893637,24.578762
dzf3,4,456.521664,94.135911
csxz,4,140.400642,29.224825
#========================= OptEWE [OpenMP] =========================
#Source type                                  :  Force monopole
#Grid Size                                    :  768 x 768 x 768
#Iterations                                   :  5
#Compute time                                 :  28.691803
#Total effective MLUPS                        :  78.939764
#===================================================================
#Number of threads                            :  16
