dxf,0,138.975937,24.350941
dzb,0,581.976901,101.883264
dyb,0,140.175559,24.939773
cvx,0,171.877661,31.047016
dyf,0,140.271117,25.026540
dzb2,0,581.941453,103.266781
dxb,0,138.371854,24.372842
cvy,0,836.369506,129.071249
dzf,0,580.721168,102.107517
dxb2,0,138.499496,24.377024
dyb2,0,140.260581,25.037501
cvz,0,200.625911,36.005274
dzb3,0,581.586737,103.174033
dxb3,0,138.362689,24.410637
dyb3,0,140.370777,25.082132
csxxsyyszz,0,322.028362,57.972185
dyf2,0,140.157652,25.085505
dxf2,0,138.508102,24.432457
csxy,0,140.550151,25.386252
dzf2,0,580.764830,103.209117
dyf3,0,140.181766,25.112279
csyz,0,169.809334,30.535640
dxf3,0,138.247428,24.394252
dzf3,0,580.931579,103.263455
csxz,0,169.755463,30.538982
dxf,1,138.246554,24.395455
dzb,1,581.826435,102.723675
dyb,1,139.961939,25.013109
cvx,1,171.230316,30.838901
dyf,1,140.160855,25.122845
dzb2,1,582.049867,102.321299
dxb,1,138.580050,24.420031
cvy,1,174.032488,31.247854
dzf,1,580.557495,103.228008
dxb2,1,138.503072,24.432065
dyb2,1,140.218121,25.084355
cvz,1,200.738217,36.108780
dzb3,1,581.579832,102.915063
dxb3,1,138.461217,24.396866
dyb3,1,140.350354,25.083672
csxxsyyszz,1,319.653517,57.637212
dyf2,1,140.169937,25.083632
dxf2,1,138.510087,24.424769
csxy,1,140.603514,25.385865
dzf2,1,581.469456,102.925826
dyf3,1,140.148403,25.077064
csyz,1,169.815292,30.514243
dxf3,1,138.208213,24.376596
dzf3,1,580.762792,102.376902
csxz,1,169.686011,30.512347
dxf,2,138.200179,24.361853
dzb,2,581.739737,103.364073
dyb,2,140.067555,25.016977
cvx,2,171.480280,30.868432
dyf,2,140.080328,25.082270
dzb2,2,581.956447,103.379619
dxb,2,138.522973,24.433597
cvy,2,171.565493,30.843607
dzf,2,580.613832,102.154986
dxb2,2,138.453020,24.421999
dyb2,2,140.459464,25.097608
cvz,2,200.718018,36.071486
dzb3,2,581.504246,103.260639
dxb3,2,138.475699,24.428225
dyb3,2,140.494015,25.102792
csxxsyyszz,2,321.404654,57.874976
dyf2,2,140.186779,25.088250
dxf2,2,138.433872,24.413183
csxy,2,140.595664,25.376898
dzf2,2,580.713036,103.188688
dyf3,2,139.952774,25.065194
csyz,2,170.768895,30.672252
dxf3,2,138.272060,24.393907
dzf3,2,580.860751,103.203832
csxz,2,169.644327,30.508324
dxf,3,138.266108,24.404585
dzb,3,581.978775,102.689678
dyb,3,139.895669,25.002754
cvx,3,171.382534,30.853808
dyf,3,139.940678,25.066005
dzb2,3,582.025134,102.193371
dxb,3,138.544316,24.407055
cvy,3,171.366797,30.823611
dzf,3,581.028984,105.119651
dxb2,3,138.437580,24.890335
dyb2,3,140.385528,25.601451
cvz,3,200.702167,36.643669
dzb3,3,581.520543,103.235230
dxb3,3,138.429456,24.444911
dyb3,3,140.418944,25.161566
csxxsyyszz,3,319.141256,57.583744
dyf2,3,140.055094,25.039656
dxf2,3,138.417906,24.396279
csxy,3,140.546739,25.362376
dzf2,3,580.698511,102.727510
dyf3,3,139.942303,25.037265
csyz,3,169.779772,30.517417
dxf3,3,138.380125,24.404446
dzf3,3,581.006273,102.455421
csxz,3,169.625165,30.495330
dxf,4,138.224925,24.376458
dzb,4,581.892820,103.378671
dyb,4,140.104381,25.066227
cvx,4,171.193355,30.825070
dyf,4,139.830170,25.045963
dzb2,4,581.902059,103.387300
dxb,4,138.458822,24.419809
cvy,4,171.385442,30.808142
dzf,4,581.644397,102.281366
dxb2,4,138.608736,24.406275
dyb2,4,140.246558,25.073269
cvz,4,200.557087,36.021839
dzb3,4,581.437421,103.271087
dxb3,4,138.407368,24.466962
dyb3,4,140.279686,25.139947
csxxsyyszz,4,319.507799,57.747923
dyf2,4,140.134735,25.125442
dxf2,4,138.596685,24.500552
csxy,4,140.544813,25.413495
dzf2,4,580.638637,103.240565
dyf3,4,139.940558,25.075784
csyz,4,169.815258,30.561284
dxf3,4,138.226450,24.438559
dzf3,4,580.802839,103.464484
csxz,4,169.606241,30.629952
#========================= OptEWE [OpenMP] =========================
#Source type                                  :  Force monopole
#Grid Size                                    :  768 x 768 x 768
#Iterations                                   :  5
#Compute time                                 :  33.186436
#Total effective MLUPS                        :  68.248491
#===================================================================
#Number of threads                            :  16
