dxf,0,436.296488,55.220142
dzb,0,1639.680533,209.577970
dyb,0,560.866369,70.448606
cvx,0,677.893623,86.231012
dyf,0,563.401492,70.760857
dzb2,0,1643.425985,209.796434
dxb,0,454.125863,57.245501
cvy,0,1751.356084,212.272619
dzf,0,1636.423294,209.057941
dxb2,0,452.999264,57.156981
dyb2,0,561.797271,70.375210
cvz,0,696.173862,89.066367
dzb3,0,1643.191589,209.133458
dxb3,0,455.308803,57.222576
dyb3,0,568.879685,71.502311
csxxsyyszz,0,1918.922940,238.041260
dyf2,0,563.556230,70.592398
dxf2,0,439.723613,55.907964
csxy,0,394.640603,51.679979
dzf2,0,2120.773395,273.326782
dyf3,0,563.687962,70.601666
csyz,0,471.627777,61.235456
dxf3,0,437.096487,55.286108
dzf3,0,1639.260366,209.394778
csxz,0,460.268960,60.066468
dxf,1,436.245960,55.241137
dzb,1,1641.905769,209.702865
dyb,1,560.999413,70.339542
cvx,1,679.420007,86.265013
dyf,1,563.522524,70.617723
dzb2,1,1642.493278,209.539151
dxb,1,452.613810,57.017749
cvy,1,669.873736,85.572000
dzf,1,1639.269265,208.965619
dxb2,1,453.624884,57.063641
dyb2,1,562.167663,70.349201
cvz,1,696.978199,88.935365
dzb3,1,1641.962943,209.244212
dxb3,1,456.763711,57.495879
dyb3,1,569.068245,71.577771
csxxsyyszz,1,1906.052227,236.908525
dyf2,1,563.975876,70.676032
dxf2,1,440.206950,55.978114
csxy,1,394.770531,51.708832
dzf2,1,2125.697984,271.258219
dyf3,1,563.952464,70.597239
csyz,1,471.206499,61.194207
dxf3,1,437.797298,55.268791
dzf3,1,1638.233900,215.883136
csxz,1,460.645880,60.221097
dxf,2,437.647062,55.398490
dzb,2,1643.741789,210.781526
dyb,2,562.064258,70.411502
cvx,2,679.112891,86.175908
dyf,2,563.457174,70.619008
dzb2,2,1640.107244,209.300328
dxb,2,452.065001,57.021800
cvy,2,669.113794,85.578256
dzf,2,1637.648026,208.958362
dxb2,2,453.247708,57.119545
dyb2,2,561.837919,70.281631
cvz,2,696.606469,88.966774
dzb3,2,1645.466967,209.875085
dxb3,2,454.788252,57.286363
dyb3,2,568.546833,71.560843
csxxsyyszz,2,1913.712203,237.366388
dyf2,2,563.558267,70.547394
dxf2,2,439.710629,55.923762
csxy,2,394.757702,51.669022
dzf2,2,2125.034163,271.247441
dyf3,2,563.230572,70.548864
csyz,2,471.695988,61.181361
dxf3,2,437.096511,55.263833
dzf3,2,1645.007381,209.814968
csxz,2,460.532325,59.967014
dxf,3,436.823571,55.166053
dzb,3,1642.829411,213.777419
dyb,3,561.932469,70.336127
cvx,3,679.012628,86.111711
dyf,3,562.807894,70.554055
dzb2,3,1639.477157,209.151597
dxb,3,451.809309,56.963378
cvy,3,669.197046,85.351917
dzf,3,1638.368930,208.923377
dxb2,3,455.119696,57.213623
dyb2,3,562.309381,70.223616
cvz,3,698.442477,89.084215
dzb3,3,1641.542186,208.903722
dxb3,3,454.891448,57.243748
dyb3,3,568.470878,71.573224
csxxsyyszz,3,1903.765999,236.249984
dyf2,3,563.502414,70.569325
dxf2,3,439.477832,55.883940
csxy,3,394.812703,51.696535
dzf2,3,2124.196999,271.143349
dyf3,3,574.065422,72.937203
csyz,3,471.646374,61.190008
dxf3,3,438.339845,55.341898
dzf3,3,1638.882885,209.081353
csxz,3,459.260485,59.994635
dxf,4,436.747342,55.217751
dzb,4,1643.106292,209.646249
dyb,4,562.747707,70.362419
cvx,4,681.518637,86.424020
dyf,4,564.089913,70.575893
dzb2,4,1639.603832,213.416889
dxb,4,452.273291,57.868316
cvy,4,670.036038,85.501756
dzf,4,1642.348556,209.771062
dxb2,4,453.547914,57.375305
dyb2,4,562.205876,70.584497
cvz,4,696.986806,89.041310
dzb3,4,1642.098798,209.942426
dxb3,4,455.220405,57.411435
dyb3,4,568.889054,71.857173
csxxsyyszz,4,1905.980976,236.972298
dyf2,4,563.909381,70.884655
dxf2,4,439.813171,55.953260
csxy,4,394.815452,51.706117
dzf2,4,2128.023026,271.889278
dyf3,4,563.918191,70.868421
csyz,4,471.238378,61.447540
dxf3,4,437.585083,55.420423
dzf3,4,1639.955779,209.845003
csxz,4,459.743078,60.054942
#========================= OptEWE [OpenMP] =========================
#Source type                                  :  Force monopole
#Grid Size                                    :  768 x 768 x 768
#Iterations                                   :  5
#Compute time                                 :  109.448509
#Total effective MLUPS                        :  20.693970
#===================================================================
#Number of threads                            :  2
