dxf,0,148.379824,25.692584
dzb,0,642.813238,112.771049
dyb,0,146.767089,26.029589
cvx,0,181.790675,32.456961
dyf,0,146.827321,26.130178
dzb2,0,642.475854,112.393990
dxb,0,145.568244,25.455998
cvy,0,1175.932039,178.118107
dzf,0,641.087350,112.079987
dxb2,0,145.354464,25.426401
dyb2,0,147.013563,26.042120
cvz,0,215.283318,38.231514
dzb3,0,642.194822,111.675957
dxb3,0,145.382670,25.399687
dyb3,0,146.888102,26.059115
csxxsyyszz,0,323.209964,58.147087
dyf2,0,147.023423,26.101837
dxf2,0,145.652418,25.483351
csxy,0,148.138931,26.486006
dzf2,0,640.938952,112.171427
dyf3,0,146.746002,26.081003
csyz,0,180.772905,32.143681
dxf3,0,145.323015,25.443019
dzf3,0,644.113323,111.784319
csxz,0,180.663830,32.125651
dxf,1,145.353154,25.442363
dzb,1,642.270638,112.194405
dyb,1,146.772515,25.970553
cvx,1,181.863721,32.413605
dyf,1,146.800380,26.100710
dzb2,1,642.227962,112.377176
dxb,1,145.616867,25.491495
cvy,1,182.040723,32.426498
dzf,1,640.859494,112.185721
dxb2,1,145.471502,25.467779
dyb2,1,147.036325,26.070823
cvz,1,215.119751,38.236420
dzb3,1,642.127056,111.406798
dxb3,1,145.410675,25.392215
dyb3,1,146.775859,26.034739
csxxsyyszz,1,322.821527,58.098283
dyf2,1,146.831327,26.086370
dxf2,1,145.626518,25.488355
csxy,1,148.049825,26.478094
dzf2,1,641.073723,112.209957
dyf3,1,146.677598,26.061536
csyz,1,180.695093,32.140891
dxf3,1,145.244796,25.423396
dzf3,1,641.171460,111.462371
csxz,1,180.697013,32.145576
dxf,2,145.341104,25.449647
dzb,2,642.315233,111.994490
dyb,2,146.719305,25.984558
cvx,2,181.787204,32.397360
dyf,2,146.746137,26.095528
dzb2,2,642.302928,112.414604
dxb,2,145.473076,25.483641
cvy,2,181.898049,32.406180
dzf,2,642.161337,112.394933
dxb2,2,145.344625,25.449769
dyb2,2,147.063922,26.101625
cvz,2,215.191090,38.254430
dzb3,2,642.194929,111.726957
dxb3,2,145.413559,25.445146
dyb3,2,146.788174,26.078580
csxxsyyszz,2,322.952202,58.150707
dyf2,2,147.032334,26.127842
dxf2,2,145.705322,25.507104
csxy,2,148.072008,26.482308
dzf2,2,640.939513,112.161292
dyf3,2,146.788562,26.090054
csyz,2,180.693698,32.149206
dxf3,2,145.277018,25.446331
dzf3,2,641.159568,112.251532
csxz,2,180.625045,32.158452
dxf,3,145.388700,25.463421
dzb,3,642.406712,111.746720
dyb,3,146.840698,25.995640
cvx,3,181.811934,32.406113
dyf,3,146.696047,26.070018
dzb2,3,642.206406,112.401949
dxb,3,145.483034,25.477221
cvy,3,181.922109,32.419289
dzf,3,641.058189,112.211351
dxb2,3,145.417664,25.473811
dyb2,3,146.926189,26.073690
cvz,3,216.662920,38.514566
dzb3,3,642.087379,112.303597
dxb3,3,145.395894,25.452812
dyb3,3,147.087501,26.109882
csxxsyyszz,3,319.965424,57.744288
dyf2,3,147.006398,26.151722
dxf2,3,145.634858,25.524613
csxy,3,148.003706,26.493279
dzf2,3,640.743118,112.253176
dyf3,3,148.854626,26.413384
csyz,3,180.770490,32.158523
dxf3,3,145.327582,25.446414
dzf3,3,641.117893,112.268913
csxz,3,180.659737,32.187708
dxf,4,145.239086,25.429931
dzb,4,642.362298,111.630271
dyb,4,146.712443,26.022995
cvx,4,181.983908,32.483878
dyf,4,146.940211,26.148779
dzb2,4,642.368942,112.597597
dxb,4,145.545421,25.532948
cvy,4,181.903800,32.459390
dzf,4,641.050119,112.339544
dxb2,4,145.333773,25.473945
dyb2,4,147.052908,26.134212
cvz,4,215.358676,38.343023
dzb3,4,642.133047,112.458782
dxb3,4,145.452455,25.485347
dyb3,4,147.067810,26.132296
csxxsyyszz,4,323.258681,58.193275
dyf2,4,146.913591,26.114138
dxf2,4,145.709428,25.520832
csxy,4,148.030900,26.495187
dzf2,4,640.987653,112.252336
dyf3,4,148.338569,26.361494
csyz,4,180.738842,32.160713
dxf3,4,145.254754,25.450090
dzf3,4,641.152746,112.271277
csxz,4,180.752453,32.235280
#========================= OptEWE [OpenMP] =========================
#Source type                                  :  Force monopole
#Grid Size                                    :  768 x 768 x 768
#Iterations                                   :  5
#Compute time                                 :  36.080681
#Total effective MLUPS                        :  62.773875
#===================================================================
#Number of threads                            :  19
