dxf,0,85.216040,18.120529
dzb,0,318.904586,71.242411
dyb,0,88.383886,19.083799
cvx,0,98.228648,22.048156
dyf,0,88.063462,19.054242
dzb2,0,318.861073,71.352761
dxb,0,83.781674,17.979300
cvy,0,955.565826,164.689694
dzf,0,318.370550,71.197727
dxb2,0,83.650585,17.959780
dyb2,0,88.264826,19.092049
cvz,0,114.250588,25.747502
dzb3,0,318.651078,71.360787
dxb3,0,83.621330,17.981783
dyb3,0,93.216143,20.187795
csxxsyyszz,0,229.940412,48.939108
dyf2,0,87.927298,19.060588
dxf2,0,85.086939,18.224130
csxy,0,81.342697,18.337142
dzf2,0,351.244412,76.804365
dyf3,0,87.849269,19.075382
csyz,0,96.759202,21.815620
dxf3,0,82.937496,17.896726
dzf3,0,318.735264,71.455589
csxz,0,96.837211,21.866435
dxf,1,83.161993,17.925689
dzb,1,318.997289,71.524549
dyb,1,88.292540,19.097308
cvx,1,98.520017,22.171067
dyf,1,87.862799,19.086218
dzb2,1,318.829422,71.484170
dxb,1,83.848058,18.034237
cvy,1,101.673708,22.699518
dzf,1,318.397245,71.390506
dxb2,1,83.639639,17.996421
dyb2,1,88.568727,19.184847
cvz,1,114.395188,25.804743
dzb3,1,318.668965,71.447696
dxb3,1,83.517139,17.973379
dyb3,1,93.196275,20.213658
csxxsyyszz,1,230.071886,48.997873
dyf2,1,88.071395,19.103664
dxf2,1,84.987021,18.233668
csxy,1,80.690220,18.250135
dzf2,1,351.205788,76.878497
dyf3,1,87.878379,19.092071
csyz,1,97.328513,21.920789
dxf3,1,82.962345,17.890730
dzf3,1,318.679503,71.484292
csxz,1,96.896373,21.906860
dxf,2,83.050684,17.913299
dzb,2,318.992478,71.546148
dyb,2,88.326150,19.142975
cvx,2,98.288857,22.129981
dyf,2,87.867139,19.105796
dzb2,2,318.946782,71.538640
dxb,2,83.975346,18.061244
cvy,2,101.642225,22.707909
dzf,2,318.459863,71.457416
dxb2,2,83.645721,18.007324
dyb2,2,88.356106,19.161494
cvz,2,114.284042,25.799375
dzb3,2,318.596712,71.493847
dxb3,2,83.555743,17.987339
dyb3,2,93.106634,20.202301
csxxsyyszz,2,229.800438,48.980943
dyf2,2,87.773579,19.088780
dxf2,2,85.039121,18.250788
csxy,2,80.659216,18.254065
dzf2,2,351.090113,76.893830
dyf3,2,87.837601,19.084939
csyz,2,96.803759,21.852584
dxf3,2,82.962473,17.915696
dzf3,2,318.572745,71.488842
csxz,2,96.907220,21.907088
dxf,3,83.091991,17.929418
dzb,3,319.042026,71.568653
dyb,3,88.141852,19.090178
cvx,3,98.175753,22.132987
dyf,3,87.926229,19.133093
dzb2,3,318.850063,71.554934
dxb,3,83.958539,18.086027
cvy,3,101.667041,22.724310
dzf,3,318.275972,71.437910
dxb2,3,83.662480,18.012778
dyb2,3,88.308096,19.145072
cvz,3,114.265116,25.807416
dzb3,3,318.509764,71.506187
dxb3,3,83.425771,17.973959
dyb3,3,93.432944,20.268801
csxxsyyszz,3,229.709109,48.959612
dyf2,3,87.751546,19.082510
dxf2,3,85.044308,18.260332
csxy,3,80.656035,18.267731
dzf2,3,351.169724,76.941359
dyf3,3,87.866697,19.085461
csyz,3,96.720716,21.837168
dxf3,3,83.047159,17.927683
dzf3,3,318.647122,71.525697
csxz,3,96.863819,21.920875
dxf,4,83.097167,17.940433
dzb,4,318.886550,71.585669
dyb,4,88.052725,19.121872
cvx,4,98.155547,22.132480
dyf,4,87.884416,19.124241
dzb2,4,319.677973,71.702099
dxb,4,84.200170,18.094224
cvy,4,101.700240,22.733829
dzf,4,318.233042,71.442322
dxb2,4,83.577057,17.997213
dyb2,4,88.262374,19.156612
cvz,4,114.231067,25.807235
dzb3,4,319.214391,71.626462
dxb3,4,83.438517,17.989712
dyb3,4,93.448926,20.262432
csxxsyyszz,4,229.716063,48.975886
dyf2,4,87.831690,19.085875
dxf2,4,84.998608,18.259504
csxy,4,80.691860,18.267480
dzf2,4,351.187625,76.942048
dyf3,4,87.757887,19.100282
csyz,4,96.769796,21.863061
dxf3,4,83.058853,17.932650
dzf3,4,318.846729,71.575733
csxz,4,96.847362,21.973646
#========================= OptEWE [OpenMP] =========================
#Source type                                  :  Force monopole
#Grid Size                                    :  768 x 768 x 768
#Iterations                                   :  5
#Compute time                                 :  19.852968
#Total effective MLUPS                        :  114.084914
#===================================================================
#Number of threads                            :  24
