dxf,0,107.002630,20.201041
dzb,0,408.035687,79.718602
dyb,0,110.041066,21.113392
cvx,0,125.995331,24.721127
dyf,0,110.001392,21.175390
dzb2,0,407.964215,79.896149
dxb,0,106.184378,20.148239
cvy,0,846.979814,135.185291
dzf,0,406.939396,79.717107
dxb2,0,105.948502,20.144325
dyb2,0,110.259750,21.225617
cvz,0,146.708140,28.875854
dzb3,0,407.589703,79.873877
dxb3,0,106.117617,20.186297
dyb3,0,110.198415,21.204585
csxxsyyszz,0,279.821280,53.218197
dyf2,0,109.858272,21.188419
dxf2,0,106.082468,20.198519
csxy,0,103.568809,20.464333
dzf2,0,407.169112,79.881426
dyf3,0,110.008700,21.245798
csyz,0,124.108062,24.500753
dxf3,0,107.648484,20.451853
dzf3,0,407.689807,79.976976
csxz,0,124.214773,24.535005
dxf,1,105.635538,20.124186
dzb,1,408.207416,80.057313
dyb,1,110.094212,21.201982
cvx,1,125.956742,24.783724
dyf,1,109.733981,21.189656
dzb2,1,408.083720,80.063784
dxb,1,106.371076,20.244360
cvy,1,125.951449,24.786030
dzf,1,406.974521,79.896802
dxb2,1,106.012885,20.180607
dyb2,1,110.329102,21.258423
cvz,1,146.521072,28.873684
dzb3,1,407.502311,79.967096
dxb3,1,105.999089,20.193074
dyb3,1,110.292339,21.252201
csxxsyyszz,1,279.703461,53.237098
dyf2,1,109.741880,21.168689
dxf2,1,106.168558,20.195987
csxy,1,103.581270,20.473454
dzf2,1,407.077887,79.841508
dyf3,1,109.844726,21.181477
csyz,1,124.135648,24.484278
dxf3,1,105.602822,20.109441
dzf3,1,407.403172,79.992092
csxz,1,124.223463,24.540418
dxf,2,105.653325,20.150903
dzb,2,408.045243,80.058848
dyb,2,109.939115,21.190021
cvx,2,125.804964,24.785311
dyf,2,109.883502,21.232388
dzb2,2,407.890886,80.072021
dxb,2,106.284397,20.251483
cvy,2,125.936605,24.778150
dzf,2,406.945220,79.943913
dxb2,2,106.000714,20.199515
dyb2,2,110.372044,21.283450
cvz,2,146.736558,28.925195
dzb3,2,408.027699,80.289275
dxb3,2,106.045896,20.412239
dyb3,2,110.183797,21.371352
csxxsyyszz,2,279.587335,53.548187
dyf2,2,109.934775,21.346287
dxf2,2,106.102539,20.351670
csxy,2,103.562983,20.601266
dzf2,2,407.227196,80.046776
dyf3,2,109.931232,21.248667
csyz,2,124.170874,24.530892
dxf3,2,105.599126,20.144513
dzf3,2,407.443235,80.045285
csxz,2,125.315577,24.721950
dxf,3,105.727036,20.130748
dzb,3,408.095398,80.091084
dyb,3,109.873434,21.176619
cvx,3,125.935186,24.794233
dyf,3,109.830234,21.231247
dzb2,3,407.996589,80.094891
dxb,3,106.255240,20.256011
cvy,3,127.672858,25.059509
dzf,3,406.979637,80.003666
dxb2,3,105.982559,20.205649
dyb2,3,110.228593,21.265506
cvz,3,146.819025,28.922479
dzb3,3,407.420262,79.969050
dxb3,3,105.999606,20.199983
dyb3,3,110.332361,21.268409
csxxsyyszz,3,278.468945,53.075309
dyf2,3,109.924436,21.229651
dxf2,3,106.098979,20.230766
csxy,3,103.463679,20.472629
dzf2,3,407.054828,79.946586
dyf3,3,109.854845,21.228459
csyz,3,124.144407,24.520490
dxf3,3,105.582380,20.141442
dzf3,3,407.405188,80.041047
csxz,3,124.264965,24.566739
dxf,4,105.627848,20.156532
dzb,4,407.926195,80.103886
dyb,4,110.009792,21.193214
cvx,4,125.891971,24.798735
dyf,4,109.832284,21.215812
dzb2,4,408.024827,80.124256
dxb,4,106.182106,20.229780
cvy,4,125.899014,24.784881
dzf,4,406.887316,79.923687
dxb2,4,105.957999,20.196634
dyb2,4,110.379150,21.286298
cvz,4,146.806360,28.932879
dzb3,4,407.447793,79.989272
dxb3,4,106.049512,20.217406
dyb3,4,110.336058,21.266782
csxxsyyszz,4,278.334242,53.053736
dyf2,4,109.921427,21.218053
dxf2,4,105.960459,20.186457
csxy,4,103.510116,20.479476
dzf2,4,407.098690,79.928824
dyf3,4,109.720614,21.198071
csyz,4,124.220862,24.526842
dxf3,4,105.681283,20.148210
dzf3,4,407.382640,80.005491
csxz,4,124.222087,24.633774
#========================= OptEWE [OpenMP] =========================
#Source type                                  :  Force monopole
#Grid Size                                    :  768 x 768 x 768
#Iterations                                   :  5
#Compute time                                 :  24.581093
#Total effective MLUPS                        :  92.140906
#===================================================================
#Number of threads                            :  19
