dxf,0,183.774644,32.017516
dzb,0,680.768264,121.900189
dyb,0,225.601529,39.066954
cvx,0,272.926612,47.077598
dyf,0,227.825609,39.342323
dzb2,0,680.453943,122.019382
dxb,0,187.972856,32.772793
cvy,0,837.628896,131.611189
dzf,0,679.880393,121.889897
dxb2,0,188.289423,32.801627
dyb2,0,226.009905,39.101695
cvz,0,282.615209,49.660541
dzb3,0,681.432657,122.190700
dxb3,0,188.122453,32.781822
dyb3,0,230.894388,40.230112
csxxsyyszz,0,742.136601,122.536201
dyf2,0,227.678195,39.547652
dxf2,0,187.411676,32.997221
csxy,0,171.413127,31.113711
dzf2,0,1043.137347,179.743042
dyf3,0,227.678977,39.345462
csyz,0,205.087394,37.094191
dxf3,0,183.721372,32.111267
dzf3,0,680.706752,122.184364
csxz,0,203.973185,37.023868
dxf,1,183.476002,32.078299
dzb,1,680.935937,122.121913
dyb,1,225.691458,39.108749
cvx,1,272.813345,47.162357
dyf,1,227.882652,39.391108
dzb2,1,680.617738,122.107135
dxb,1,187.813775,32.776484
cvy,1,268.605111,47.141937
dzf,1,680.158042,122.061688
dxb2,1,188.202220,32.821971
dyb2,1,226.077711,39.171557
cvz,1,282.796294,49.719993
dzb3,1,680.383303,122.007837
dxb3,1,188.133356,32.770973
dyb3,1,232.823090,40.505620
csxxsyyszz,1,741.453292,122.531765
dyf2,1,227.884625,39.360600
dxf2,1,187.390847,33.012887
csxy,1,171.468349,31.105894
dzf2,1,1041.642922,179.433350
dyf3,1,227.746182,39.309835
csyz,1,205.048128,37.086717
dxf3,1,183.749078,32.105557
dzf3,1,681.627429,122.260680
csxz,1,203.983638,37.011960
dxf,2,183.592328,32.126920
dzb,2,680.738578,122.079656
dyb,2,225.451311,39.084765
cvx,2,274.092128,49.463945
dyf,2,226.516855,41.211909
dzb2,2,679.239251,125.355047
dxb,2,187.821991,32.754192
cvy,2,268.599483,47.115333
dzf,2,680.103249,122.051979
dxb2,2,188.367514,32.857366
dyb2,2,225.891369,39.124111
cvz,2,282.665093,49.692945
dzb3,2,680.559805,122.106097
dxb3,2,188.129760,32.790892
dyb3,2,231.279054,40.310300
csxxsyyszz,2,741.599292,122.506236
dyf2,2,229.153020,39.606643
dxf2,2,187.350070,32.994552
csxy,2,171.404888,31.095001
dzf2,2,1041.357549,179.448965
dyf3,2,227.717277,39.353323
csyz,2,205.095197,37.115542
dxf3,2,183.890615,32.203470
dzf3,2,680.456288,122.193035
csxz,2,204.029995,37.078241
dxf,3,183.459732,32.110411
dzb,3,681.902989,122.304864
dyb,3,225.570036,39.084107
cvx,3,273.039085,47.140445
dyf,3,227.625677,39.409310
dzb2,3,680.404180,122.099999
dxb,3,187.810614,32.787733
cvy,3,268.585351,47.150406
dzf,3,680.101418,122.198491
dxb2,3,188.282974,32.893158
dyb2,3,225.909674,39.198064
cvz,3,282.376457,49.753314
dzb3,3,680.280020,122.198911
dxb3,3,188.133337,32.853031
dyb3,3,230.611560,40.261845
csxxsyyszz,3,742.023813,122.329579
dyf2,3,227.986449,39.313972
dxf2,3,187.191205,32.912719
csxy,3,171.403764,31.042905
dzf2,3,1042.493473,179.585723
dyf3,3,227.482702,39.354755
csyz,3,205.073382,37.177971
dxf3,3,183.669089,32.234669
dzf3,3,680.358323,122.368477
csxz,3,203.825163,37.131351
dxf,4,183.390931,32.229220
dzb,4,680.752288,122.667042
dyb,4,225.671395,39.267319
cvx,4,273.681078,47.347945
dyf,4,227.426504,39.425724
dzb2,4,680.521596,122.389486
dxb,4,187.772302,32.877538
cvy,4,268.125732,47.200431
dzf,4,679.916453,122.082940
dxb2,4,188.258118,32.787504
dyb2,4,226.178960,39.118295
cvz,4,282.516538,49.659368
dzb3,4,680.470350,121.942005
dxb3,4,188.135822,32.775363
dyb3,4,230.901966,40.214512
csxxsyyszz,4,742.032450,122.370897
dyf2,4,227.847884,39.371666
dxf2,4,187.402791,32.990079
csxy,4,171.547062,31.120669
dzf2,4,1041.228834,179.423290
dyf3,4,227.535018,39.349274
csyz,4,206.625382,37.524361
dxf3,4,183.748947,32.454905
dzf3,4,681.670927,123.380938
csxz,4,203.957134,37.464123
#========================= OptEWE [OpenMP] =========================
#Source type                                  :  Force monopole
#Grid Size                                    :  768 x 768 x 768
#Iterations                                   :  5
#Compute time                                 :  45.953999
#Total effective MLUPS                        :  49.286770
#===================================================================
#Number of threads                            :  5
