dxf,0,36.044193,6.981784
dzb,0,146.200282,28.845043
dyb,0,34.400959,6.800520
cvx,0,43.320806,8.692199
dyf,0,34.335576,6.793556
dzb2,0,146.292796,28.902217
dxb,0,33.970405,6.643155
cvy,0,311.698702,52.166710
dzf,0,145.723431,28.797105
dxb2,0,34.016068,6.675535
dyb2,0,34.649305,6.861525
cvz,0,51.123077,10.239446
dzb3,0,146.174913,28.906706
dxb3,0,33.970808,6.679146
dyb3,0,34.655613,6.867587
csxxsyyszz,0,79.506967,16.008507
dyf2,0,34.402509,6.814563
dxf2,0,34.269077,6.742322
csxy,0,35.494569,7.138485
dzf2,0,145.636436,28.805301
dyf3,0,34.179617,6.793792
csyz,0,43.642985,8.712837
dxf3,0,33.975240,6.677591
dzf3,0,145.980566,28.890621
csxz,0,42.840806,8.589703
dxf,1,33.984395,6.677448
dzb,1,146.597044,29.012594
dyb,1,34.355369,6.813815
cvx,1,43.278817,8.709261
dyf,1,34.345452,6.809105
dzb2,1,146.227581,28.937375
dxb,1,33.959550,6.675356
cvy,1,43.639393,8.765335
dzf,1,146.032454,29.096719
dxb2,1,33.950819,6.677883
dyb2,1,34.619989,6.867740
cvz,1,51.177029,10.265098
dzb3,1,146.136010,28.930362
dxb3,1,33.950457,6.680965
dyb3,1,34.621635,6.870832
csxxsyyszz,1,79.560376,16.038536
dyf2,1,34.514045,6.841211
dxf2,1,34.213628,6.734501
csxy,1,35.506704,7.147523
dzf2,1,146.971595,29.075300
dyf3,1,34.245432,6.812225
csyz,1,43.665106,8.727927
dxf3,1,33.975238,6.680866
dzf3,1,145.891701,28.916826
csxz,1,42.801999,8.593595
dxf,2,34.011685,6.690145
dzb,2,146.311562,28.968823
dyb,2,34.321211,6.813952
cvx,2,43.352691,8.726535
dyf,2,34.406498,6.823477
dzb2,2,146.236597,28.961144
dxb,2,34.090709,6.707820
cvy,2,43.544258,8.746106
dzf,2,145.717688,28.876512
dxb2,2,33.947029,6.682472
dyb2,2,34.592078,6.871212
cvz,2,51.126395,10.262538
dzb3,2,146.354580,28.969677
dxb3,2,34.001927,6.690942
dyb3,2,34.632271,6.870898
csxxsyyszz,2,79.581500,16.048076
dyf2,2,34.537151,6.846151
dxf2,2,34.242438,6.759433
csxy,2,35.491768,7.151471
dzf2,2,145.708199,28.875375
dyf3,2,34.263483,6.815459
csyz,2,43.654525,8.732239
dxf3,2,33.975458,6.686977
dzf3,2,145.786159,28.902477
csxz,2,42.799593,8.593356
dxf,3,33.998284,6.681148
dzb,3,146.407814,28.987633
dyb,3,34.236081,6.804064
cvx,3,43.495467,8.760470
dyf,3,34.259794,6.804138
dzb2,3,146.490814,29.011985
dxb,3,33.925050,6.673057
cvy,3,43.497904,8.743320
dzf,3,145.739055,28.885827
dxb2,3,34.686664,6.810389
dyb2,3,34.627797,6.861955
cvz,3,51.136419,10.271907
dzb3,3,146.413123,28.988932
dxb3,3,33.947635,6.665133
dyb3,3,34.581319,6.853345
csxxsyyszz,3,79.327858,15.997907
dyf2,3,34.349174,6.809604
dxf2,3,34.220665,6.754304
csxy,3,35.477328,7.147723
dzf2,3,145.780918,28.876645
dyf3,3,34.253852,6.807953
csyz,3,43.647825,8.722533
dxf3,3,33.987785,6.682605
dzf3,3,145.910385,28.913705
csxz,3,42.816802,8.593770
dxf,4,34.043271,6.693640
dzb,4,146.315064,28.963585
dyb,4,34.404421,6.823424
cvx,4,43.362622,8.730943
dyf,4,34.274787,6.797714
dzb2,4,146.312544,28.970254
dxb,4,33.917157,6.665448
cvy,4,43.487092,8.734382
dzf,4,145.788593,28.870851
dxb2,4,33.899847,6.672700
dyb2,4,34.625538,6.878579
cvz,4,51.098804,10.255915
dzb3,4,146.266107,28.947223
dxb3,4,33.889585,6.674917
dyb3,4,34.604541,6.853501
csxxsyyszz,4,79.651270,16.052803
dyf2,4,34.519864,6.840926
dxf2,4,34.226023,6.742051
csxy,4,35.479127,7.149763
dzf2,4,145.796915,28.898287
dyf3,4,34.116808,6.796945
csyz,4,43.695137,8.742183
dxf3,4,34.009318,6.694049
dzf3,4,145.808929,28.931417
csxz,4,43.362109,8.750112
#========================= OptEWE [OpenMP] =========================
#Source type                                  :  Force monopole
#Grid Size                                    :  512 x 512 x 512
#Iterations                                   :  5
#Compute time                                 :  8.406092
#Total effective MLUPS                        :  79.833609
#===================================================================
#Number of threads                            :  20
