dxf,0,48.587780,8.853544
dzb,0,182.913383,34.754909
dyb,0,49.201186,9.061701
cvx,0,58.088867,11.080572
dyf,0,49.100334,9.066232
dzb2,0,182.715923,34.733402
dxb,0,48.093220,8.843742
cvy,0,199.344084,32.996652
dzf,0,182.046035,34.593940
dxb2,0,48.116287,8.832225
dyb2,0,49.765449,9.177090
cvz,0,67.522549,12.936562
dzb3,0,183.380023,34.823246
dxb3,0,47.961824,8.788637
dyb3,0,49.446100,9.126320
csxxsyyszz,0,134.803215,24.658332
dyf2,0,49.047506,9.036762
dxf2,0,48.399770,8.901806
csxy,0,47.122056,9.008727
dzf2,0,182.098374,34.666482
dyf3,0,48.799290,9.024208
csyz,0,57.103438,10.884133
dxf3,0,48.616784,8.920937
dzf3,0,183.979926,35.000813
csxz,0,56.053398,10.736158
dxf,1,47.932253,8.815255
dzb,1,182.808853,34.764232
dyb,1,49.208904,9.077475
cvx,1,58.152475,11.051272
dyf,1,48.863844,9.036024
dzb2,1,182.639466,34.713037
dxb,1,48.289480,8.994881
cvy,1,59.682745,11.389131
dzf,1,188.772915,36.377036
dxb2,1,48.186800,8.998644
dyb2,1,49.353462,9.125189
cvz,1,67.587264,12.935982
dzb3,1,183.191201,34.904359
dxb3,1,47.885237,8.815525
dyb3,1,49.587606,9.151465
csxxsyyszz,1,134.698513,24.619990
dyf2,1,49.223281,9.093277
dxf2,1,48.467599,8.912101
csxy,1,47.150502,9.015609
dzf2,1,182.135025,34.679646
dyf3,1,48.888017,9.060416
csyz,1,57.122331,10.891122
dxf3,1,48.284177,8.895877
dzf3,1,183.736713,35.077696
csxz,1,56.040055,10.764280
dxf,2,47.968650,8.847768
dzb,2,182.680489,34.866283
dyb,2,49.227733,9.088308
cvx,2,58.084814,11.071449
dyf,2,49.015673,9.088683
dzb2,2,182.820002,34.914024
dxb,2,48.092491,8.879918
cvy,2,58.564141,11.145366
dzf,2,182.031009,34.724640
dxb2,2,48.196862,8.854968
dyb2,2,49.391737,9.113744
cvz,2,67.721126,12.944795
dzb3,2,183.344333,34.851775
dxb3,2,47.976074,8.823314
dyb3,2,49.546642,9.134190
csxxsyyszz,2,134.805994,24.664416
dyf2,2,49.209707,9.087634
dxf2,2,48.439844,8.910509
csxy,2,47.141828,9.016235
dzf2,2,182.260908,34.713892
dyf3,2,48.858419,9.054442
csyz,2,57.121883,10.904954
dxf3,2,48.285363,8.881730
dzf3,2,183.674202,35.024684
csxz,2,56.085514,10.761770
dxf,3,48.065625,8.859936
dzb,3,182.746418,34.856892
dyb,3,48.996072,9.044552
cvx,3,58.106651,11.075733
dyf,3,49.125281,9.090464
dzb2,3,182.667983,34.859056
dxb,3,48.133993,8.852804
cvy,3,58.651925,11.137267
dzf,3,182.091698,34.687354
dxb2,3,48.156746,8.850126
dyb2,3,49.316793,9.099552
cvz,3,67.636308,12.936669
dzb3,3,183.165623,34.865575
dxb3,3,47.906886,8.813156
dyb3,3,49.282230,9.093537
csxxsyyszz,3,134.078496,24.555465
dyf2,3,49.068923,9.065964
dxf2,3,48.408033,8.918454
csxy,3,47.253867,9.050080
dzf2,3,182.012753,34.752193
dyf3,3,48.745340,9.042017
csyz,3,57.228860,10.928045
dxf3,3,48.227653,8.877746
dzf3,3,183.758702,35.042908
csxz,3,56.066829,10.754197
dxf,4,48.055035,8.855822
dzb,4,182.695172,34.868837
dyb,4,49.214554,9.096007
cvx,4,58.174451,11.093867
dyf,4,48.888259,9.064494
dzb2,4,182.697323,34.808059
dxb,4,48.022387,8.840681
cvy,4,58.618711,11.132059
dzf,4,182.079187,34.690413
dxb2,4,48.159503,8.856051
dyb2,4,49.367534,9.105769
cvz,4,67.603790,12.940859
dzb3,4,183.232539,34.899112
dxb3,4,47.942069,8.817549
dyb3,4,49.355294,9.103874
csxxsyyszz,4,132.895877,24.371888
dyf2,4,49.235744,9.099441
dxf2,4,48.434338,8.927296
csxy,4,47.254188,9.044475
dzf2,4,182.157162,34.775806
dyf3,4,48.741655,9.049254
csyz,4,57.172341,10.922339
dxf3,4,48.253921,8.874620
dzf3,4,183.799575,35.059892
csxz,4,56.048634,10.809212
#========================= OptEWE [OpenMP] =========================
#Source type                                  :  Force monopole
#Grid Size                                    :  512 x 512 x 512
#Iterations                                   :  5
#Compute time                                 :  10.948134
#Total effective MLUPS                        :  61.297077
#===================================================================
#Number of threads                            :  10
