dxf,0,44.457717,9.279582
dzb,0,167.642981,36.328183
dyb,0,44.516912,9.404560
cvx,0,52.295512,11.511912
dyf,0,44.630943,9.478981
dzb2,0,167.738035,36.406969
dxb,0,44.014590,9.236485
cvy,0,176.574258,34.059611
dzf,0,167.628401,36.342134
dxb2,0,43.974789,9.255716
dyb2,0,44.815664,9.514073
cvz,0,60.806971,13.385992
dzb3,0,167.418194,36.349808
dxb3,0,44.008911,9.276672
dyb3,0,44.861096,9.518964
csxxsyyszz,0,100.241421,21.775483
dyf2,0,44.849380,9.524643
dxf2,0,44.286113,9.356284
csxy,0,43.132845,9.469576
dzf2,0,167.542227,36.391608
dyf3,0,44.450070,9.474991
csyz,0,51.491010,11.286489
dxf3,0,44.050159,9.286803
dzf3,0,167.766515,36.477179
csxz,0,51.339344,11.266443
dxf,1,44.091965,9.305082
dzb,1,167.597603,36.439462
dyb,1,44.529463,9.447143
cvx,1,52.310326,11.542176
dyf,1,44.623784,9.505472
dzb2,1,167.715714,36.473081
dxb,1,44.015780,9.327278
cvy,1,52.081959,11.473703
dzf,1,167.544085,36.440342
dxb2,1,44.120177,9.307079
dyb2,1,44.769869,9.508852
cvz,1,60.784108,13.391253
dzb3,1,167.519115,36.422520
dxb3,1,44.025016,9.284014
dyb3,1,44.798614,9.520314
csxxsyyszz,1,99.727830,21.729805
dyf2,1,44.691080,9.504748
dxf2,1,44.410531,9.398016
csxy,1,43.152357,9.485247
dzf2,1,167.514049,36.419065
dyf3,1,44.552153,9.498688
csyz,1,51.532496,11.303361
dxf3,1,44.108350,9.311656
dzf3,1,167.915713,36.522163
csxz,1,51.339579,11.267705
dxf,2,44.052494,9.294238
dzb,2,167.615257,36.412058
dyb,2,44.409296,9.434441
cvx,2,52.440857,11.558353
dyf,2,44.497444,9.459939
dzb2,2,167.710074,36.471730
dxb,2,43.996386,9.293381
cvy,2,52.048302,11.470024
dzf,2,167.597709,36.440600
dxb2,2,43.970967,9.287034
dyb2,2,44.927611,9.546995
cvz,2,60.736398,13.372905
dzb3,2,167.426924,36.394179
dxb3,2,44.042559,9.295373
dyb3,2,44.820570,9.527903
csxxsyyszz,2,100.155048,21.789737
dyf2,2,44.766181,9.517679
dxf2,2,44.310386,9.373934
csxy,2,43.258221,9.505273
dzf2,2,167.471738,36.408008
dyf3,2,44.405178,9.475317
csyz,2,51.490467,11.298757
dxf3,2,44.106815,9.313130
dzf3,2,167.815640,36.506107
csxz,2,51.335531,11.269965
dxf,3,44.036500,9.297445
dzb,3,167.528927,36.428619
dyb,3,44.527481,9.455556
cvx,3,52.230894,11.524166
dyf,3,44.613783,9.494977
dzb2,3,167.831999,36.494024
dxb,3,44.001428,9.322922
cvy,3,52.074558,11.471591
dzf,3,167.619742,36.445143
dxb2,3,43.990146,9.282532
dyb2,3,44.824702,9.526102
cvz,3,60.833667,13.402172
dzb3,3,167.404578,36.396751
dxb3,3,43.977203,9.281022
dyb3,3,44.802682,9.521057
csxxsyyszz,3,100.238101,21.811859
dyf2,3,44.776669,9.511878
dxf2,3,44.282771,9.358465
csxy,3,43.139732,9.487865
dzf2,3,167.621479,36.438826
dyf3,3,44.511383,9.477296
csyz,3,51.903276,11.371958
dxf3,3,44.068245,9.296004
dzf3,3,167.723751,36.483636
csxz,3,51.372634,11.289984
dxf,4,44.079062,9.306072
dzb,4,167.634300,36.459343
dyb,4,44.506044,9.447617
cvx,4,52.246943,11.530973
dyf,4,44.547873,9.490512
dzb2,4,167.643622,36.463727
dxb,4,44.032750,9.300363
cvy,4,52.083623,11.480942
dzf,4,167.649319,36.465338
dxb2,4,44.030149,9.289524
dyb2,4,44.878463,9.538746
cvz,4,60.785554,13.388753
dzb3,4,167.513629,36.451312
dxb3,4,43.963397,9.283604
dyb3,4,44.798987,9.528793
csxxsyyszz,4,100.246807,21.831444
dyf2,4,44.715996,9.506159
dxf2,4,44.289632,9.368581
csxy,4,43.128435,9.489813
dzf2,4,168.847898,36.694744
dyf3,4,44.493657,9.467597
csyz,4,51.521643,11.308028
dxf3,4,44.070535,9.316966
dzf3,4,167.722591,36.510924
csxz,4,51.325523,11.302136
#========================= OptEWE [OpenMP] =========================
#Source type                                  :  Force monopole
#Grid Size                                    :  512 x 512 x 512
#Iterations                                   :  5
#Compute time                                 :  9.874500
#Total effective MLUPS                        :  67.961782
#===================================================================
#Number of threads                            :  13
