dxf,0,149.993986,17.436925
dzb,0,786.595884,88.652997
dyb,0,180.479963,20.779738
cvx,0,275.804780,31.426311
dyf,0,178.826249,20.623882
dzb2,0,787.327758,88.684137
dxb,0,152.997128,17.738973
cvy,0,649.216826,71.544116
dzf,0,791.579754,89.135447
dxb2,0,153.940998,17.851445
dyb2,0,180.680509,20.804442
cvz,0,281.691665,32.156646
dzb3,0,788.828003,88.810298
dxb3,0,153.362904,17.794054
dyb3,0,180.685946,20.819587
csxxsyyszz,0,765.534776,85.901209
dyf2,0,179.127798,20.637056
dxf2,0,150.320550,17.458322
csxy,0,132.578974,15.681421
dzf2,0,786.211428,88.419849
dyf3,0,177.613865,20.485129
csyz,0,160.778934,18.746749
dxf3,0,149.924519,17.407378
dzf3,0,787.945930,88.670879
csxz,0,147.353188,17.304357
dxf,1,149.881429,17.401755
dzb,1,788.076662,91.666781
dyb,1,180.676147,20.786319
cvx,1,276.354803,31.583476
dyf,1,178.794937,20.746172
dzb2,1,790.570673,89.155557
dxb,1,153.068433,17.840743
cvy,1,270.274684,30.938998
dzf,1,790.809997,89.165198
dxb2,1,154.046700,17.909533
dyb2,1,180.273857,20.773590
cvz,1,286.740962,32.722196
dzb3,1,789.726740,89.065399
dxb3,1,153.676182,17.812432
dyb3,1,180.737652,20.863033
csxxsyyszz,1,766.563218,86.191573
dyf2,1,179.451372,20.666031
dxf2,1,150.611877,17.518539
csxy,1,132.760302,15.676490
dzf2,1,787.330345,88.721849
dyf3,1,177.820534,20.492823
csyz,1,160.913241,18.803382
dxf3,1,150.079454,17.412425
dzf3,1,789.239616,88.956582
csxz,1,147.489287,17.298934
dxf,2,150.171740,17.498465
dzb,2,789.735785,89.014128
dyb,2,180.482335,20.832446
cvx,2,276.276725,31.484614
dyf,2,178.917314,20.618232
dzb2,2,787.298354,88.851955
dxb,2,153.245369,17.764351
cvy,2,270.292731,30.935350
dzf,2,786.522355,88.687879
dxb2,2,153.971517,17.819719
dyb2,2,180.621873,20.768786
cvz,2,281.761779,32.161787
dzb3,2,790.954625,89.096118
dxb3,2,153.573723,17.836101
dyb3,2,182.409121,20.988325
csxxsyyszz,2,769.722325,86.552328
dyf2,2,179.354337,20.659315
dxf2,2,150.416509,17.529089
csxy,2,132.736659,15.693509
dzf2,2,778.366131,87.692298
dyf3,2,177.857202,20.519156
csyz,2,160.892396,18.759358
dxf3,2,149.998626,17.387547
dzf3,2,782.572633,88.146224
csxz,2,147.205761,17.252959
dxf,3,150.001969,17.427490
dzb,3,793.013646,89.207424
dyb,3,180.432839,20.775924
cvx,3,276.179270,31.456371
dyf,3,179.017452,20.640168
dzb2,3,787.547992,88.643565
dxb,3,153.312461,17.765081
cvy,3,270.305868,30.819340
dzf,3,790.598364,88.983740
dxb2,3,154.169216,17.855092
dyb2,3,180.708323,20.792006
cvz,3,282.245381,32.129263
dzb3,3,788.733770,88.748022
dxb3,3,153.641319,17.802444
dyb3,3,180.827196,20.823567
csxxsyyszz,3,766.594706,85.962789
dyf2,3,179.413267,20.661890
dxf2,3,150.603276,17.466883
csxy,3,134.324807,15.850944
dzf2,3,788.852318,88.682226
dyf3,3,177.872374,20.506995
csyz,3,160.956037,18.731879
dxf3,3,150.854805,17.781637
dzf3,3,788.985574,89.782311
csxz,3,147.439301,17.335868
dxf,4,149.817328,17.400017
dzb,4,791.800962,89.056263
dyb,4,180.251422,20.780290
cvx,4,275.435977,31.400198
dyf,4,178.637633,20.592080
dzb2,4,786.876563,88.500020
dxb,4,152.902846,17.754726
cvy,4,270.523264,30.810063
dzf,4,784.443525,88.660579
dxb2,4,153.665814,17.827341
dyb2,4,180.347282,20.783661
cvz,4,281.269230,32.125443
dzb3,4,788.454367,89.011007
dxb3,4,153.495149,17.843687
dyb3,4,180.678289,20.883481
csxxsyyszz,4,765.547121,86.078261
dyf2,4,179.133991,20.651996
dxf2,4,150.419923,17.479759
csxy,4,132.407504,15.678184
dzf2,4,778.026221,87.917709
dyf3,4,177.664721,20.561961
csyz,4,160.635422,18.783560
dxf3,4,151.410907,17.587415
dzf3,4,789.565198,90.030893
csxz,4,147.310200,17.338334
#========================= OptEWE [OpenMP] =========================
#Source type                                  :  Force monopole
#Grid Size                                    :  512 x 512 x 512
#Iterations                                   :  5
#Compute time                                 :  44.148617
#Total effective MLUPS                        :  15.200672
#===================================================================
#Number of threads                            :  2
