dxf,0,28.231041,7.325367
dzb,0,102.825851,28.254368
dyb,0,27.355200,7.217999
cvx,0,32.309407,8.920247
dyf,0,27.447739,7.280986
dzb2,0,102.674246,28.271575
dxb,0,27.071833,7.078351
cvy,0,209.754090,47.117378
dzf,0,102.311127,28.163965
dxb2,0,27.052436,7.104762
dyb2,0,27.645681,7.322411
cvz,0,37.534951,10.408490
dzb3,0,102.535120,28.272456
dxb3,0,27.060779,7.113019
dyb3,0,27.707956,7.344877
csxxsyyszz,0,62.599786,16.997431
dyf2,0,27.575464,7.308330
dxf2,0,27.346265,7.207509
csxy,0,26.891822,7.421903
dzf2,0,102.313597,28.236093
dyf3,0,27.307463,7.254722
csyz,0,31.978429,8.830043
dxf3,0,27.128957,7.146258
dzf3,0,102.590736,28.348952
csxz,0,31.811907,8.800451
dxf,1,27.142935,7.155790
dzb,1,102.762110,28.392849
dyb,1,27.327049,7.249560
cvx,1,32.336060,8.968026
dyf,1,27.465002,7.312793
dzb2,1,102.741081,28.404450
dxb,1,27.049219,7.143325
cvy,1,32.220312,8.928343
dzf,1,102.344192,28.307886
dxb2,1,27.037155,7.118813
dyb2,1,27.638955,7.337547
cvz,1,37.541666,10.437786
dzb3,1,102.550042,28.361002
dxb3,1,27.033223,7.120341
dyb3,1,27.683198,7.353946
csxxsyyszz,1,62.495723,17.017390
dyf2,1,27.599707,7.327722
dxf2,1,27.360103,7.221298
csxy,1,26.788435,7.414656
dzf2,1,102.362737,28.329994
dyf3,1,27.473203,7.311898
csyz,1,31.953781,8.844056
dxf3,1,27.146930,7.169715
dzf3,1,102.542420,28.386502
csxz,1,31.764384,8.815699
dxf,2,27.120637,7.164875
dzb,2,102.827910,28.465904
dyb,2,27.388049,7.261728
cvx,2,32.316574,8.979849
dyf,2,27.440102,7.313142
dzb2,2,102.790315,28.475634
dxb,2,27.050667,7.136129
cvy,2,32.225637,8.939178
dzf,2,102.288307,28.339761
dxb2,2,27.061370,7.143152
dyb2,2,27.631030,7.353069
cvz,2,37.571049,10.463898
dzb3,2,102.593922,28.402115
dxb3,2,27.060707,7.137145
dyb3,2,27.669850,7.358749
csxxsyyszz,2,62.746442,17.100243
dyf2,2,27.611186,7.329580
dxf2,2,27.330979,7.224332
csxy,2,26.799955,7.429330
dzf2,2,102.455233,28.386625
dyf3,2,27.314019,7.314270
csyz,2,31.927029,8.857090
dxf3,2,27.147299,7.182099
dzf3,2,102.468997,28.445368
csxz,2,31.737572,8.827733
dxf,3,27.160210,7.187856
dzb,3,102.809817,28.500437
dyb,3,27.311205,7.308572
cvx,3,32.376963,9.013889
dyf,3,27.432874,7.338530
dzb2,3,102.763696,28.498151
dxb,3,27.029728,7.197480
cvy,3,32.193166,8.948280
dzf,3,102.261544,28.371309
dxb2,3,27.043893,7.155907
dyb2,3,27.621584,7.374367
cvz,3,37.585277,10.485328
dzb3,3,102.713947,28.477811
dxb3,3,27.091107,7.162795
dyb3,3,27.661991,7.377286
csxxsyyszz,3,62.644076,17.093145
dyf2,3,27.585419,7.371727
dxf2,3,27.369182,7.259203
csxy,3,26.790902,7.443804
dzf2,3,102.447094,28.418848
dyf3,3,27.357071,7.348557
csyz,3,31.950951,8.873166
dxf3,3,27.117505,7.185905
dzf3,3,102.594296,28.476945
csxz,3,31.757272,8.841754
dxf,4,27.137834,7.187783
dzb,4,102.729748,28.507134
dyb,4,27.335881,7.337799
cvx,4,32.325341,9.008787
dyf,4,27.441367,7.345415
dzb2,4,102.704452,28.505793
dxb,4,27.070468,7.188609
cvy,4,32.180548,8.948913
dzf,4,102.291979,28.390327
dxb2,4,27.053229,7.159427
dyb2,4,27.653612,7.389355
cvz,4,37.598698,10.484975
dzb3,4,102.577457,28.460928
dxb3,4,27.058044,7.164083
dyb3,4,27.664763,7.399966
csxxsyyszz,4,62.530298,17.070160
dyf2,4,27.559056,7.360287
dxf2,4,27.378536,7.286585
csxy,4,26.799156,7.450883
dzf2,4,102.290538,28.399270
dyf3,4,27.294397,7.331251
csyz,4,31.953658,8.878275
dxf3,4,27.162938,7.194900
dzf3,4,103.866569,28.820499
csxz,4,31.757642,8.907224
#========================= OptEWE [OpenMP] =========================
#Source type                                  :  Force monopole
#Grid Size                                    :  512 x 512 x 512
#Iterations                                   :  5
#Compute time                                 :  6.172478
#Total effective MLUPS                        :  108.722723
#===================================================================
#Number of threads                            :  21
