dxf,0,36.152208,7.493021
dzb,0,140.076610,29.947910
dyb,0,36.741842,7.667442
cvx,0,43.821256,9.367037
dyf,0,36.646694,7.693033
dzb2,0,140.055369,30.004889
dxb,0,35.718210,7.453280
cvy,0,249.038648,44.621573
dzf,0,139.227638,29.813228
dxb2,0,35.718823,7.455821
dyb2,0,37.021018,7.753767
cvz,0,49.059035,10.655670
dzb3,0,139.607594,29.951645
dxb3,0,35.670298,7.453164
dyb3,0,37.033303,7.755865
csxxsyyszz,0,112.447627,22.810346
dyf2,0,36.666500,7.683079
dxf2,0,35.955585,7.530751
csxy,0,34.887559,7.614936
dzf2,0,139.481729,29.949373
dyf3,0,36.401907,7.638892
csyz,0,41.648121,9.065730
dxf3,0,35.678052,7.480217
dzf3,0,139.480377,29.964168
csxz,0,41.360925,8.998887
dxf,1,35.696682,7.484605
dzb,1,139.888446,30.042035
dyb,1,36.569175,7.659077
cvx,1,43.808888,9.392260
dyf,1,36.540743,7.687499
dzb2,1,139.903496,30.044027
dxb,1,35.720906,7.466755
cvy,1,43.825208,9.401359
dzf,1,139.356028,29.920035
dxb2,1,35.666318,7.452814
dyb2,1,36.987104,7.765588
cvz,1,49.108038,10.685812
dzb3,1,139.644832,29.983651
dxb3,1,35.724213,7.473602
dyb3,1,36.991703,7.760591
csxxsyyszz,1,112.109256,22.763341
dyf2,1,36.640084,7.682485
dxf2,1,35.954959,7.534629
csxy,1,34.939619,7.625572
dzf2,1,139.299717,29.923505
dyf3,1,36.428415,7.650566
csyz,1,41.655768,9.077809
dxf3,1,35.671290,7.487114
dzf3,1,139.686320,30.020794
csxz,1,41.428327,9.028485
dxf,2,35.734733,7.500068
dzb,2,140.019149,30.070960
dyb,2,36.753443,7.695615
cvx,2,43.832062,9.397107
dyf,2,36.564982,7.688749
dzb2,2,140.052977,30.079458
dxb,2,35.655318,7.450154
cvy,2,43.375658,9.316127
dzf,2,139.300777,29.937440
dxb2,2,35.666548,7.454067
dyb2,2,37.060465,7.779847
cvz,2,49.162730,10.691086
dzb3,2,139.833433,30.045097
dxb3,2,35.668165,7.458020
dyb3,2,36.960172,7.757502
csxxsyyszz,2,112.466321,22.847310
dyf2,2,36.747621,7.710473
dxf2,2,35.973190,7.539300
csxy,2,34.841866,7.611496
dzf2,2,139.409407,29.977965
dyf3,2,36.378271,7.645659
csyz,2,41.622403,9.075499
dxf3,2,35.787692,7.506226
dzf3,2,139.455758,29.984223
csxz,2,41.398898,9.017859
dxf,3,35.712964,7.497671
dzb,3,139.893008,30.058393
dyb,3,36.729842,7.698043
cvx,3,44.004257,9.423129
dyf,3,36.575754,7.690172
dzb2,3,139.900466,30.063592
dxb,3,35.667306,7.464107
cvy,3,43.383640,9.320734
dzf,3,139.203107,29.934714
dxb2,3,35.671022,7.468017
dyb2,3,36.939563,7.761439
cvz,3,49.151708,10.701700
dzb3,3,139.545030,29.987954
dxb3,3,35.707554,7.471323
dyb3,3,37.081343,7.776623
csxxsyyszz,3,112.454460,22.836270
dyf2,3,36.785382,7.707263
dxf2,3,37.898498,7.879972
csxy,3,34.919569,7.594036
dzf2,3,139.547353,30.009855
dyf3,3,36.405888,7.664158
csyz,3,41.623972,9.071243
dxf3,3,35.756141,7.506736
dzf3,3,139.494136,29.999277
csxz,3,41.387057,9.021777
dxf,4,35.722671,7.508881
dzb,4,139.921923,30.088050
dyb,4,36.732409,7.700514
cvx,4,43.784786,9.395485
dyf,4,36.602198,7.705726
dzb2,4,139.880605,30.070857
dxb,4,35.729682,7.471728
cvy,4,43.338729,9.314576
dzf,4,139.325874,29.960867
dxb2,4,35.747501,7.477749
dyb2,4,37.073624,7.784867
cvz,4,49.103843,10.686224
dzb3,4,139.579433,30.000173
dxb3,4,35.700971,7.468860
dyb3,4,36.907843,7.749918
csxxsyyszz,4,112.310226,22.830131
dyf2,4,36.791371,7.722194
dxf2,4,36.473686,7.639437
csxy,4,34.880608,7.624804
dzf2,4,139.328495,29.969460
dyf3,4,36.423903,7.654771
csyz,4,41.600493,9.070721
dxf3,4,35.730343,7.504338
dzf3,4,139.639614,30.032915
csxz,4,41.406673,9.069256
#========================= OptEWE [OpenMP] =========================
#Source type                                  :  Force monopole
#Grid Size                                    :  512 x 512 x 512
#Iterations                                   :  5
#Compute time                                 :  8.406168
#Total effective MLUPS                        :  79.832885
#===================================================================
#Number of threads                            :  16
