dxf,0,48.548729,8.647985
dzb,0,181.823292,33.650597
dyb,0,48.391837,8.664679
cvx,0,57.480900,10.656861
dyf,0,48.771766,8.761848
dzb2,0,181.854667,33.686216
dxb,0,47.846964,8.543978
cvy,0,210.842404,33.647140
dzf,0,181.490207,33.610399
dxb2,0,47.952563,8.557086
dyb2,0,48.810635,8.751625
cvz,0,65.724349,12.361818
dzb3,0,181.573812,33.618812
dxb3,0,48.455929,8.640903
dyb3,0,48.791903,8.792789
csxxsyyszz,0,129.425583,23.048744
dyf2,0,48.944139,8.785473
dxf2,0,48.219249,8.625821
csxy,0,46.907376,8.746515
dzf2,0,182.132763,33.779687
dyf3,0,48.558780,8.744586
csyz,0,55.630232,10.388580
dxf3,0,47.922106,8.615465
dzf3,0,181.861784,33.778714
csxz,0,55.530376,10.404151
dxf,1,48.020691,8.596424
dzb,1,181.716819,33.777233
dyb,1,48.455690,8.718026
cvx,1,57.370970,10.654591
dyf,1,48.807103,8.846897
dzb2,1,181.653824,33.655713
dxb,1,47.720158,8.560168
cvy,1,57.280035,10.634548
dzf,1,181.346812,33.629675
dxb2,1,47.843133,8.568925
dyb2,1,48.952418,8.782553
cvz,1,65.583530,12.326767
dzb3,1,181.523425,33.669867
dxb3,1,48.481121,8.668182
dyb3,1,48.832511,8.820860
csxxsyyszz,1,130.897320,23.337901
dyf2,1,48.863890,8.784628
dxf2,1,48.199591,8.629896
csxy,1,46.845780,8.730394
dzf2,1,182.035680,33.793958
dyf3,1,48.446807,8.725512
csyz,1,55.683144,10.401758
dxf3,1,48.045480,8.618999
dzf3,1,181.861740,33.824419
csxz,1,55.530553,10.392372
dxf,2,48.034928,8.602455
dzb,2,181.760272,33.802444
dyb,2,48.421726,8.715789
cvx,2,57.357201,10.654100
dyf,2,48.668245,8.756147
dzb2,2,181.575704,33.776553
dxb,2,47.736920,8.567559
cvy,2,57.325802,10.644259
dzf,2,181.271469,33.743361
dxb2,2,47.756549,8.558777
dyb2,2,48.884018,8.785069
cvz,2,65.684614,12.308267
dzb3,2,181.482775,33.770299
dxb3,2,48.602332,8.690340
dyb3,2,48.764207,8.745616
csxxsyyszz,2,130.831180,23.326108
dyf2,2,48.855115,8.785737
dxf2,2,48.175738,8.634056
csxy,2,46.831854,8.729872
dzf2,2,181.988250,33.806305
dyf3,2,48.676682,8.788331
csyz,2,55.639414,10.406400
dxf3,2,47.926173,8.589544
dzf3,2,181.801154,33.817870
csxz,2,56.066615,10.471044
dxf,3,47.977720,8.593030
dzb,3,181.518162,33.770188
dyb,3,48.437760,8.717343
cvx,3,57.320270,10.652098
dyf,3,48.683361,8.759840
dzb2,3,181.592925,33.797370
dxb,3,47.816871,8.583372
cvy,3,57.384088,10.658121
dzf,3,181.315923,33.686491
dxb2,3,47.885113,8.573756
dyb2,3,48.828168,8.765510
cvz,3,67.395444,12.563512
dzb3,3,181.759579,33.790024
dxb3,3,48.452483,8.665605
dyb3,3,48.696523,8.741269
csxxsyyszz,3,130.733798,23.307508
dyf2,3,48.715251,8.762656
dxf2,3,48.183636,8.641012
csxy,3,46.893345,8.739869
dzf2,3,181.868904,33.777427
dyf3,3,48.467087,8.751580
csyz,3,55.666938,10.398608
dxf3,3,47.917202,8.580602
dzf3,3,181.763027,33.745596
csxz,3,55.516896,10.382998
dxf,4,48.055081,8.597775
dzb,4,181.840512,33.728309
dyb,4,48.496893,8.722287
cvx,4,57.303119,10.640169
dyf,4,48.697121,8.757690
dzb2,4,182.801841,33.954572
dxb,4,47.772339,8.565751
cvy,4,57.395402,10.652440
dzf,4,181.214188,33.669199
dxb2,4,47.908632,8.582611
dyb2,4,48.727466,8.754864
cvz,4,65.739817,12.311743
dzb3,4,181.536507,33.715693
dxb3,4,48.466288,8.661047
dyb3,4,48.706547,8.745991
csxxsyyszz,4,129.245153,23.071246
dyf2,4,48.891389,8.785049
dxf2,4,48.097488,8.624360
csxy,4,46.875161,8.732085
dzf2,4,181.981171,33.792933
dyf3,4,48.438357,8.745061
csyz,4,55.677829,10.400520
dxf3,4,48.004323,8.593134
dzf3,4,182.139568,33.766967
csxz,4,55.544111,10.415549
#========================= OptEWE [OpenMP] =========================
#Source type                                  :  Force monopole
#Grid Size                                    :  512 x 512 x 512
#Iterations                                   :  5
#Compute time                                 :  10.854360
#Total effective MLUPS                        :  61.826645
#===================================================================
#Number of threads                            :  12
