dxf,0,44.445515,9.145631
dzb,0,167.220084,35.548861
dyb,0,44.564195,9.257242
cvx,0,52.294215,11.284534
dyf,0,44.670745,9.303653
dzb2,0,167.249563,35.616981
dxb,0,43.975786,9.089428
cvy,0,181.198259,34.145722
dzf,0,167.012192,35.553584
dxb2,0,43.971106,9.109469
dyb2,0,44.871604,9.340366
cvz,0,60.762552,13.109030
dzb3,0,167.007730,35.592039
dxb3,0,44.022706,9.108034
dyb3,0,44.862228,9.343534
csxxsyyszz,0,101.064910,21.504993
dyf2,0,44.839726,9.329587
dxf2,0,44.327658,9.174982
csxy,0,43.122147,9.285635
dzf2,0,166.966567,35.605619
dyf3,0,45.709943,9.513260
csyz,0,51.536462,11.068549
dxf3,0,44.038193,9.125360
dzf3,0,167.135667,35.670113
csxz,0,51.306009,11.053420
dxf,1,44.099386,9.142953
dzb,1,167.131679,35.646392
dyb,1,44.567896,9.289499
cvx,1,52.387174,11.332122
dyf,1,44.577213,9.305008
dzb2,1,167.396806,35.718540
dxb,1,44.011595,9.140658
cvy,1,52.098073,11.259213
dzf,1,167.006604,35.629598
dxb2,1,44.015700,9.115197
dyb2,1,44.871400,9.357759
cvz,1,60.786466,13.129018
dzb3,1,166.981332,35.636101
dxb3,1,43.974099,9.102760
dyb3,1,44.896843,9.353305
csxxsyyszz,1,100.996457,21.524622
dyf2,1,44.808781,9.334838
dxf2,1,44.305514,9.183642
csxy,1,43.088149,9.294353
dzf2,1,167.039729,35.635059
dyf3,1,44.493102,9.303169
csyz,1,51.522767,11.090397
dxf3,1,44.041366,9.127693
dzf3,1,167.015639,35.682297
csxz,1,51.306964,11.064758
dxf,2,44.082115,9.140570
dzb,2,167.254909,35.695685
dyb,2,44.580311,9.277429
cvx,2,52.338408,11.324359
dyf,2,44.639278,9.326698
dzb2,2,167.361354,35.726201
dxb,2,43.990111,9.114506
cvy,2,52.049084,11.260915
dzf,2,166.823384,35.626225
dxb2,2,44.008716,9.117218
dyb2,2,44.839214,9.348488
cvz,2,60.730812,13.137323
dzb3,2,167.011966,35.648160
dxb3,2,44.011436,9.120891
dyb3,2,44.915645,9.362593
csxxsyyszz,2,100.984407,21.521559
dyf2,2,44.791609,9.352074
dxf2,2,44.225383,9.174243
csxy,2,43.150221,9.308581
dzf2,2,167.150312,35.683129
dyf3,2,44.523748,9.308972
csyz,2,51.483228,11.086379
dxf3,2,44.136385,9.151343
dzf3,2,167.073374,35.680545
csxz,2,51.306619,11.071460
dxf,3,44.102307,9.144877
dzb,3,167.175755,35.695856
dyb,3,44.577347,9.298132
cvx,3,52.294850,11.324861
dyf,3,44.748416,9.338921
dzb2,3,167.269614,35.722454
dxb,3,44.195414,9.178234
cvy,3,52.031785,11.255125
dzf,3,167.030744,35.657109
dxb2,3,44.022100,9.125972
dyb2,3,44.869445,9.361619
cvz,3,60.729031,13.134489
dzb3,3,166.983918,35.673057
dxb3,3,44.015929,9.125530
dyb3,3,44.827161,9.351823
csxxsyyszz,3,100.572909,21.452472
dyf2,3,44.686847,9.327529
dxf2,3,44.354963,9.212694
csxy,3,43.124526,9.305793
dzf2,3,167.052202,35.661072
dyf3,3,44.491018,9.302491
csyz,3,51.518655,11.098017
dxf3,3,44.106837,9.148932
dzf3,3,167.157433,35.699980
csxz,3,51.328773,11.075998
dxf,4,44.061763,9.150239
dzb,4,167.143190,35.687543
dyb,4,44.556295,9.296646
cvx,4,52.250847,11.321379
dyf,4,44.534233,9.312011
dzb2,4,167.186147,35.709822
dxb,4,43.995355,9.145045
cvy,4,52.222370,11.295868
dzf,4,166.954323,35.660896
dxb2,4,44.059644,9.136629
dyb2,4,44.852762,9.359357
cvz,4,60.778164,13.138989
dzb3,4,166.966942,35.673033
dxb3,4,44.039864,9.119961
dyb3,4,44.827280,9.351360
csxxsyyszz,4,100.868237,21.518186
dyf2,4,44.755855,9.348257
dxf2,4,44.231657,9.191410
csxy,4,43.098182,9.307292
dzf2,4,167.059046,35.674148
dyf3,4,44.403594,9.280834
csyz,4,51.476801,11.092522
dxf3,4,44.058468,9.141533
dzf3,4,167.184734,35.722010
csxz,4,51.306921,11.081525
#========================= OptEWE [OpenMP] =========================
#Source type                                  :  Force monopole
#Grid Size                                    :  512 x 512 x 512
#Iterations                                   :  5
#Compute time                                 :  9.867589
#Total effective MLUPS                        :  68.009383
#===================================================================
#Number of threads                            :  13
