dxf,0,49.189974,8.470441
dzb,0,206.803206,35.815232
dyb,0,48.948406,8.528281
cvx,0,61.204052,10.843803
dyf,0,49.075809,8.555669
dzb2,0,206.964314,35.908183
dxb,0,48.448951,8.373553
cvy,0,246.822388,38.544599
dzf,0,206.365551,35.804794
dxb2,0,48.441330,8.377201
dyb2,0,49.265554,8.595390
cvz,0,71.863186,12.687421
dzb3,0,206.604329,35.865592
dxb3,0,48.430542,8.392044
dyb3,0,49.143859,8.573435
csxxsyyszz,0,111.941826,19.904470
dyf2,0,49.299631,8.586352
dxf2,0,48.743067,8.451560
csxy,0,50.229564,8.915264
dzf2,0,206.444117,35.953532
dyf3,0,48.747660,8.536568
csyz,0,60.612350,10.707489
dxf3,0,48.541493,8.433477
dzf3,0,206.545970,35.984428
csxz,0,60.451183,10.665977
dxf,1,48.511158,8.428450
dzb,1,206.852209,36.023237
dyb,1,49.037438,8.563042
cvx,1,61.337756,10.885504
dyf,1,49.093780,8.567947
dzb2,1,206.836598,35.896714
dxb,1,48.448934,8.376336
cvy,1,60.966019,10.802047
dzf,1,206.359030,35.828466
dxb2,1,48.416396,8.376399
dyb2,1,49.240590,8.585483
cvz,1,71.743647,12.658208
dzb3,1,206.554390,35.853819
dxb3,1,48.581341,8.405422
dyb3,1,49.217012,8.582096
csxxsyyszz,1,111.150227,19.769739
dyf2,1,49.120957,8.559086
dxf2,1,48.705313,8.441605
csxy,1,50.147950,8.882214
dzf2,1,206.364174,35.835064
dyf3,1,49.041616,8.570383
csyz,1,60.580698,10.667210
dxf3,1,48.497633,8.401730
dzf3,1,206.629563,35.879782
csxz,1,60.455234,10.639511
dxf,2,48.593952,8.420117
dzb,2,206.914701,35.927305
dyb,2,48.873201,8.504425
cvx,2,61.185607,10.851583
dyf,2,48.925970,8.533056
dzb2,2,206.875299,35.927799
dxb,2,48.446220,8.390158
cvy,2,60.950967,10.801961
dzf,2,207.125626,35.948312
dxb2,2,48.511730,8.413389
dyb2,2,49.455030,8.623115
cvz,2,71.751187,12.660521
dzb3,2,206.502453,35.852498
dxb3,2,48.456155,8.388850
dyb3,2,49.316096,8.599252
csxxsyyszz,2,112.230133,19.945091
dyf2,2,49.381727,8.601740
dxf2,2,48.711967,8.439713
csxy,2,50.174292,8.888207
dzf2,2,206.330788,35.826538
dyf3,2,48.929744,8.548515
csyz,2,60.589359,10.673499
dxf3,2,48.631054,8.423020
dzf3,2,206.637369,35.890203
csxz,2,60.470881,10.643241
dxf,3,48.486520,8.403199
dzb,3,206.937261,35.944031
dyb,3,49.846542,8.665479
cvx,3,61.138844,10.843046
dyf,3,49.115184,8.569396
dzb2,3,207.009384,35.932718
dxb,3,48.443958,8.384074
cvy,3,61.150934,10.837183
dzf,3,206.288697,35.829147
dxb2,3,48.416009,8.383595
dyb2,3,49.356192,8.611446
cvz,3,71.757132,12.670048
dzb3,3,206.543320,35.873496
dxb3,3,48.481691,8.387090
dyb3,3,49.322974,8.598276
csxxsyyszz,3,112.133731,19.926729
dyf2,3,49.283318,8.579042
dxf2,3,48.760481,8.456408
csxy,3,50.168950,8.892084
dzf2,3,206.622048,35.883941
dyf3,3,49.003812,8.553567
csyz,3,60.582092,10.672341
dxf3,3,48.515525,8.407013
dzf3,3,206.739849,35.909121
csxz,3,60.481190,10.650786
dxf,4,48.422071,8.394450
dzb,4,206.840464,35.928088
dyb,4,49.083522,8.564954
cvx,4,61.123616,10.844469
dyf,4,49.144064,8.579012
dzb2,4,207.931696,36.097539
dxb,4,48.475285,8.399191
cvy,4,61.006246,10.812873
dzf,4,206.408817,35.855096
dxb2,4,48.455350,8.391376
dyb2,4,49.217886,8.584661
cvz,4,71.782633,12.669389
dzb3,4,206.523450,35.859495
dxb3,4,48.422295,8.384441
dyb3,4,49.352128,8.603842
csxxsyyszz,4,112.493968,19.981494
dyf2,4,49.284601,8.589412
dxf2,4,48.729952,8.457083
csxy,4,50.159874,8.888908
dzf2,4,206.380832,35.853088
dyf3,4,48.962960,8.547341
csyz,4,60.576661,10.670896
dxf3,4,48.491326,8.406577
dzf3,4,206.585677,35.883832
csxz,4,60.458863,10.652416
#========================= OptEWE [OpenMP] =========================
#Source type                                  :  Force monopole
#Grid Size                                    :  512 x 512 x 512
#Iterations                                   :  5
#Compute time                                 :  11.704419
#Total effective MLUPS                        :  57.336347
#===================================================================
#Number of threads                            :  14
