dxf,0,52.202041,8.227742
dzb,0,208.867376,33.686453
dyb,0,52.107490,8.306682
cvx,0,64.497878,10.465880
dyf,0,52.438441,8.356891
dzb2,0,209.595551,33.806098
dxb,0,51.561681,8.142003
cvy,0,221.168696,31.734484
dzf,0,208.458296,33.963936
dxb2,0,51.719800,8.186000
dyb2,0,52.594751,8.416621
cvz,0,74.919596,12.177022
dzb3,0,208.939147,33.732727
dxb3,0,51.567944,8.172424
dyb3,0,52.490387,8.362496
csxxsyyszz,0,128.560438,20.694274
dyf2,0,53.700017,8.553436
dxf2,0,51.932188,8.252441
csxy,0,52.705099,8.566774
dzf2,0,208.677956,33.699253
dyf3,0,52.370780,8.413511
csyz,0,63.138673,10.231136
dxf3,0,51.629987,8.181161
dzf3,0,208.684484,33.731610
csxz,0,63.042797,10.223238
dxf,1,51.595029,8.173675
dzb,1,208.953380,33.833531
dyb,1,52.259493,8.315429
cvx,1,64.437888,10.501057
dyf,1,52.475056,8.387506
dzb2,1,209.599840,33.850994
dxb,1,51.569175,8.161551
cvy,1,64.435979,10.448513
dzf,1,208.292045,33.643628
dxb2,1,51.704514,8.175044
dyb2,1,52.571046,8.370965
cvz,1,74.945064,12.248710
dzb3,1,209.007354,33.718779
dxb3,1,51.653673,8.161036
dyb3,1,52.467896,8.390855
csxxsyyszz,1,127.308449,20.510599
dyf2,1,52.345422,8.346065
dxf2,1,52.009320,8.225539
csxy,1,52.667995,8.574764
dzf2,1,208.569701,33.689344
dyf3,1,52.398596,8.362306
csyz,1,63.083434,10.238805
dxf3,1,51.616330,8.194457
dzf3,1,208.620518,33.691219
csxz,1,63.068803,10.227819
dxf,2,52.784727,8.359414
dzb,2,208.839763,33.713201
dyb,2,52.287898,8.359770
cvx,2,64.441780,10.471667
dyf,2,52.243591,8.331522
dzb2,2,209.539969,33.846166
dxb,2,51.576233,8.155613
cvy,2,64.557274,10.474906
dzf,2,208.360467,33.683577
dxb2,2,51.754628,8.188583
dyb2,2,52.640208,8.382587
cvz,2,74.795842,12.164166
dzb3,2,209.014641,33.767998
dxb3,2,51.614663,8.156699
dyb3,2,52.429630,8.357550
csxxsyyszz,2,128.448794,20.712985
dyf2,2,52.680411,8.396794
dxf2,2,51.994032,8.226339
csxy,2,52.666687,8.562603
dzf2,2,208.488663,33.698469
dyf3,2,52.410350,8.363090
csyz,2,63.121163,10.229391
dxf3,2,51.584407,8.186226
dzf3,2,208.675611,33.708563
csxz,2,63.036425,10.211173
dxf,3,51.601735,8.196156
dzb,3,208.895502,33.741721
dyb,3,52.400996,8.343767
cvx,3,64.514301,10.501535
dyf,3,52.516076,8.384702
dzb2,3,209.481603,33.799384
dxb,3,51.548041,8.164407
cvy,3,64.372139,10.467056
dzf,3,208.228141,33.638760
dxb2,3,51.648223,8.195866
dyb2,3,52.623223,8.380735
cvz,3,74.892333,12.179119
dzb3,3,209.106838,33.754897
dxb3,3,51.702535,8.170220
dyb3,3,52.499655,8.360327
csxxsyyszz,3,127.279946,20.510447
dyf2,3,52.413557,8.379981
dxf2,3,51.944100,8.227627
csxy,3,52.695159,8.561499
dzf2,3,208.473537,33.663264
dyf3,3,52.226499,8.324928
csyz,3,63.059392,10.217925
dxf3,3,51.525147,8.156771
dzf3,3,208.655298,33.731861
csxz,3,63.071099,10.227464
dxf,4,51.716845,8.194192
dzb,4,209.778856,33.863501
dyb,4,52.341936,8.322610
cvx,4,64.338661,10.444796
dyf,4,52.541239,8.392246
dzb2,4,209.530983,33.828578
dxb,4,51.583894,8.156095
cvy,4,64.437487,10.455226
dzf,4,208.225297,33.643506
dxb2,4,51.663808,8.168730
dyb2,4,52.519757,8.369242
cvz,4,74.919289,12.203095
dzb3,4,209.075307,33.723549
dxb3,4,51.673767,8.200285
dyb3,4,52.615725,8.516805
csxxsyyszz,4,127.186390,20.855733
dyf2,4,52.371623,8.344545
dxf2,4,51.987833,8.233818
csxy,4,52.683806,8.616363
dzf2,4,208.466210,33.677964
dyf3,4,52.333272,8.383620
csyz,4,63.122643,10.259493
dxf3,4,52.117009,8.252101
dzf3,4,208.729018,33.744524
csxz,4,63.015682,10.256677
#========================= OptEWE [OpenMP] =========================
#Source type                                  :  Force monopole
#Grid Size                                    :  512 x 512 x 512
#Iterations                                   :  5
#Compute time                                 :  12.102040
#Total effective MLUPS                        :  55.452521
#===================================================================
#Number of threads                            :  11
