dxf,0,65.061187,9.260537
dzb,0,282.500949,40.442646
dyb,0,66.175512,9.513095
cvx,0,83.784253,12.166829
dyf,0,65.778151,9.490952
dzb2,0,281.078379,40.263608
dxb,0,64.603812,9.262571
cvy,0,248.328354,32.690813
dzf,0,282.510642,40.373903
dxb2,0,64.898889,9.254729
dyb2,0,66.325928,9.578244
cvz,0,95.650949,13.843626
dzb3,0,282.559845,40.371110
dxb3,0,64.767428,9.238681
dyb3,0,67.729704,9.734427
csxxsyyszz,0,177.813401,25.416389
dyf2,0,65.585962,9.413176
dxf2,0,64.415042,9.195247
csxy,0,67.282357,9.789705
dzf2,0,280.304233,40.118170
dyf3,0,65.612958,9.460140
csyz,0,78.071511,11.315611
dxf3,0,64.242537,9.186196
dzf3,0,284.602816,40.701063
csxz,0,78.264255,11.318601
dxf,1,64.389414,9.214515
dzb,1,282.424290,40.393758
dyb,1,66.206105,9.540007
cvx,1,83.791634,12.139559
dyf,1,65.784779,9.451898
dzb2,1,280.942306,40.275619
dxb,1,64.596085,9.232958
cvy,1,83.187820,12.095019
dzf,1,282.493067,40.456189
dxb2,1,64.960538,9.338077
dyb2,1,66.352614,9.536358
cvz,1,95.775780,13.898719
dzb3,1,283.325884,40.545797
dxb3,1,64.814482,9.238396
dyb3,1,66.285742,9.534424
csxxsyyszz,1,177.767908,25.371154
dyf2,1,65.926899,9.473425
dxf2,1,64.491226,9.203191
csxy,1,67.195402,9.799816
dzf2,1,280.206869,40.061384
dyf3,1,65.665570,9.428277
csyz,1,79.052684,11.448243
dxf3,1,64.306213,9.193231
dzf3,1,284.425622,40.754412
csxz,1,78.149680,11.347455
dxf,2,65.007651,9.601969
dzb,2,282.518588,41.434235
dyb,2,66.237891,9.751703
cvx,2,83.755815,12.443650
dyf,2,65.893155,9.718994
dzb2,2,281.042635,40.864765
dxb,2,64.518943,9.214722
cvy,2,83.248960,12.064121
dzf,2,282.629889,40.421298
dxb2,2,64.949436,9.269687
dyb2,2,66.250829,9.493841
cvz,2,95.714151,13.854006
dzb3,2,282.417622,40.385222
dxb3,2,64.750360,9.261509
dyb3,2,66.354334,9.547949
csxxsyyszz,2,177.678676,25.366856
dyf2,2,65.949014,9.489645
dxf2,2,64.486512,9.214731
csxy,2,67.215353,9.783243
dzf2,2,280.234577,40.135031
dyf3,2,65.717875,9.460186
csyz,2,78.123031,11.333332
dxf3,2,64.385619,9.203729
dzf3,2,284.470732,40.663026
csxz,2,78.153633,11.291246
dxf,3,64.469580,9.188502
dzb,3,282.446195,40.271083
dyb,3,66.119623,9.494486
cvx,3,83.885017,12.137298
dyf,3,65.819432,9.457000
dzb2,3,281.125073,40.112350
dxb,3,64.635406,9.211157
cvy,3,83.253271,12.024343
dzf,3,282.550173,40.273472
dxb2,3,64.947260,9.239609
dyb2,3,66.356222,9.504065
cvz,3,95.746598,13.841922
dzb3,3,282.431624,40.255704
dxb3,3,64.754974,9.216914
dyb3,3,66.110778,9.507313
csxxsyyszz,3,174.101722,24.933641
dyf2,3,65.678450,9.439807
dxf2,3,64.511103,9.218490
csxy,3,67.281561,9.783860
dzf2,3,280.377748,40.153796
dyf3,3,65.711385,9.453367
csyz,3,78.086983,11.318952
dxf3,3,64.281466,9.186649
dzf3,3,284.633633,40.650981
csxz,3,78.141981,11.373077
dxf,4,64.358082,9.178949
dzb,4,282.485021,40.398590
dyb,4,66.194634,9.491872
cvx,4,83.823395,12.148475
dyf,4,65.912460,9.479343
dzb2,4,281.129531,40.174204
dxb,4,64.580344,9.205879
cvy,4,83.245324,12.023563
dzf,4,282.549739,40.300272
dxb2,4,65.016091,9.244657
dyb2,4,66.302479,9.500877
cvz,4,95.786699,13.840807
dzb3,4,282.516284,40.282568
dxb3,4,64.622683,9.311174
dyb3,4,66.193163,9.509670
csxxsyyszz,4,174.648409,24.944084
dyf2,4,65.632039,9.487748
dxf2,4,64.526480,9.218487
csxy,4,67.498872,9.796140
dzf2,4,281.115397,40.196024
dyf3,4,65.536123,9.416416
csyz,4,78.100725,11.293853
dxf3,4,64.267765,9.234961
dzf3,4,284.468249,40.586581
csxz,4,78.186864,11.397278
#========================= OptEWE [OpenMP] =========================
#Source type                                  :  Force monopole
#Grid Size                                    :  512 x 512 x 512
#Iterations                                   :  5
#Compute time                                 :  15.868883
#Total effective MLUPS                        :  42.289595
#===================================================================
#Number of threads                            :  7
