dxf,0,58.982501,7.874409
dzb,0,273.773545,36.178053
dyb,0,64.222687,8.548550
cvx,0,84.937415,11.269145
dyf,0,63.628768,8.512305
dzb2,0,273.646973,36.163815
dxb,0,58.901081,7.872988
cvy,0,320.100924,38.171413
dzf,0,272.442467,36.017962
dxb2,0,58.873949,7.875126
dyb2,0,64.301339,8.574608
cvz,0,88.524030,11.950006
dzb3,0,275.101898,36.381977
dxb3,0,58.711428,7.853754
dyb3,0,64.243332,8.566386
csxxsyyszz,0,228.423828,29.326143
dyf2,0,63.221849,8.442427
dxf2,0,58.431874,7.829627
csxy,0,59.800678,8.233867
dzf2,0,274.420570,36.320084
dyf3,0,62.905643,8.433533
csyz,0,70.895269,9.669327
dxf3,0,58.555172,7.839927
dzf3,0,272.496967,36.105723
csxz,0,70.566372,9.616138
dxf,1,58.513081,7.835267
dzb,1,273.659616,36.264128
dyb,1,63.542515,8.519218
cvx,1,85.128983,11.303441
dyf,1,63.169468,8.444300
dzb2,1,273.288414,36.215062
dxb,1,58.816727,7.872129
cvy,1,82.974621,11.041181
dzf,1,272.384535,36.142768
dxb2,1,58.744458,7.863925
dyb2,1,64.002081,8.613613
cvz,1,88.671705,11.983488
dzb3,1,273.456460,36.252122
dxb3,1,58.638451,7.848634
dyb3,1,63.988819,8.553459
csxxsyyszz,1,228.167227,29.342181
dyf2,1,63.252789,8.454222
dxf2,1,58.380197,7.830244
csxy,1,59.861516,8.202622
dzf2,1,274.622324,36.389571
dyf3,1,63.250310,8.475906
csyz,1,70.873062,9.658792
dxf3,1,59.952192,8.017623
dzf3,1,273.575395,36.260925
csxz,1,70.556758,9.627322
dxf,2,58.555377,7.843249
dzb,2,273.497833,36.274265
dyb,2,63.551230,8.486411
cvx,2,85.095705,11.346338
dyf,2,63.168427,8.454122
dzb2,2,273.294165,36.251352
dxb,2,58.837970,7.872152
cvy,2,82.878407,11.034051
dzf,2,272.084225,36.088148
dxb2,2,58.759066,7.859637
dyb2,2,64.021542,8.602652
cvz,2,88.655797,11.999069
dzb3,2,273.275028,36.215151
dxb3,2,58.779272,7.866136
dyb3,2,64.267623,8.581553
csxxsyyszz,2,228.337865,29.345758
dyf2,2,63.661471,8.508478
dxf2,2,58.662323,7.868817
csxy,2,59.860710,8.207296
dzf2,2,274.675125,36.522585
dyf3,2,63.089166,8.522982
csyz,2,70.841124,9.743360
dxf3,2,58.605465,7.873156
dzf3,2,272.445714,36.146038
csxz,2,70.572695,9.621901
dxf,3,58.638074,7.850050
dzb,3,273.548354,36.255601
dyb,3,64.108670,8.555350
cvx,3,84.887847,11.313156
dyf,3,63.083640,8.444594
dzb2,3,273.398580,36.209031
dxb,3,58.859455,7.870858
cvy,3,82.811835,11.020998
dzf,3,272.075949,36.093753
dxb2,3,58.625189,7.843439
dyb2,3,63.951853,8.543598
cvz,3,88.441263,11.985388
dzb3,3,273.305633,36.202436
dxb3,3,58.607100,7.854694
dyb3,3,64.065822,8.553394
csxxsyyszz,3,228.164907,29.323406
dyf2,3,63.751239,8.509319
dxf2,3,58.487320,7.827675
csxy,3,59.864316,8.177367
dzf2,3,274.412779,36.304139
dyf3,3,63.669107,8.858087
csyz,3,70.721218,10.122588
dxf3,3,58.356994,8.218245
dzf3,3,271.108444,37.809820
csxz,3,70.425022,9.966118
dxf,4,58.527587,7.838795
dzb,4,273.596008,36.244008
dyb,4,63.522760,8.479555
cvx,4,85.067542,11.304083
dyf,4,63.097921,8.465678
dzb2,4,273.409183,36.206459
dxb,4,58.719415,7.854456
cvy,4,82.832889,11.029840
dzf,4,272.187277,36.070029
dxb2,4,58.710012,7.853932
dyb2,4,64.275951,8.581326
cvz,4,88.456521,11.994704
dzb3,4,273.267058,36.173726
dxb3,4,58.716420,7.896013
dyb3,4,64.080576,8.555970
csxxsyyszz,4,228.322078,29.317547
dyf2,4,63.720361,8.511937
dxf2,4,58.523608,7.838384
csxy,4,59.815549,8.177815
dzf2,4,274.550481,36.335164
dyf3,4,62.775945,8.410750
csyz,4,70.876976,9.697102
dxf3,4,58.488824,7.841158
dzf3,4,272.815333,36.148404
csxz,4,70.616700,9.672441
#========================= OptEWE [OpenMP] =========================
#Source type                                  :  Force monopole
#Grid Size                                    :  512 x 512 x 512
#Iterations                                   :  5
#Compute time                                 :  15.537957
#Total effective MLUPS                        :  43.190275
#===================================================================
#Number of threads                            :  8
