dxf,0,40.098309,7.708661
dzb,0,157.829641,31.196045
dyb,0,39.996697,7.771919
cvx,0,48.893155,9.764818
dyf,0,40.195344,7.825411
dzb2,0,157.982709,31.248159
dxb,0,39.571828,7.629883
cvy,0,214.836839,36.876593
dzf,0,157.464203,31.117872
dxb2,0,39.573029,7.641214
dyb2,0,42.162353,8.162967
cvz,0,56.774815,11.294272
dzb3,0,157.661008,31.152302
dxb3,0,39.586027,7.636724
dyb3,0,40.458659,7.886669
csxxsyyszz,0,93.956293,18.603345
dyf2,0,40.331767,7.850410
dxf2,0,39.893941,7.718504
csxy,0,39.773085,7.949888
dzf2,0,157.323914,31.130592
dyf3,0,40.097920,7.800477
csyz,0,47.804646,9.487027
dxf3,0,39.667112,7.681875
dzf3,0,157.680526,31.217892
csxz,0,47.623908,9.462093
dxf,1,39.640145,7.674719
dzb,1,157.778464,31.251671
dyb,1,40.150396,7.819648
cvx,1,48.834848,9.765748
dyf,1,40.218229,7.849617
dzb2,1,157.912189,31.255440
dxb,1,39.596350,7.659479
cvy,1,48.480711,9.684143
dzf,1,157.390063,31.148136
dxb2,1,39.616128,7.643014
dyb2,1,40.390738,7.867659
cvz,1,56.919581,11.341349
dzb3,1,157.794213,31.212612
dxb3,1,39.653954,7.656356
dyb3,1,40.384472,7.869082
csxxsyyszz,1,92.968118,18.447990
dyf2,1,40.308528,7.847446
dxf2,1,39.986554,7.743737
csxy,1,39.787075,7.948075
dzf2,1,157.335462,31.137825
dyf3,1,40.077590,7.839701
csyz,1,47.811330,9.496037
dxf3,1,39.651261,7.671431
dzf3,1,157.498653,31.189066
csxz,1,47.650102,9.480182
dxf,2,39.790145,7.699029
dzb,2,157.905232,31.258407
dyb,2,40.083625,7.808433
cvx,2,48.751177,9.749382
dyf,2,40.053862,7.815271
dzb2,2,158.060488,31.285973
dxb,2,39.599669,7.656137
cvy,2,48.473840,9.684952
dzf,2,157.321436,31.144202
dxb2,2,39.590534,7.642301
dyb2,2,40.407226,7.879890
cvz,2,56.738851,11.302403
dzb3,2,157.663105,31.196347
dxb3,2,39.611717,7.658708
dyb3,2,40.406080,7.873533
csxxsyyszz,2,94.052295,18.614761
dyf2,2,40.331432,7.861748
dxf2,2,39.864080,7.716130
csxy,2,39.819854,7.966399
dzf2,2,157.517606,31.193810
dyf3,2,39.930567,7.781956
csyz,2,47.825044,9.512547
dxf3,2,39.722726,7.686226
dzf3,2,157.581678,31.204516
csxz,2,47.641846,9.452045
dxf,3,39.639124,7.672346
dzb,3,157.789047,31.250542
dyb,3,40.213312,7.847340
cvx,3,48.670812,9.735014
dyf,3,40.078222,7.807381
dzb2,3,157.905565,31.277591
dxb,3,39.565291,7.641408
cvy,3,48.603829,9.708858
dzf,3,157.391064,31.175556
dxb2,3,39.602978,7.657380
dyb2,3,40.379590,7.880029
cvz,3,56.775669,11.305332
dzb3,3,157.576967,31.199000
dxb3,3,39.574752,7.640823
dyb3,3,40.399492,7.873091
csxxsyyszz,3,93.716041,18.568107
dyf2,3,40.412621,7.871320
dxf2,3,39.892749,7.720706
csxy,3,39.809105,7.958787
dzf2,3,157.356802,31.150584
dyf3,3,40.085433,7.804968
csyz,3,48.279480,9.572372
dxf3,3,39.654745,7.667994
dzf3,3,157.643397,31.235452
csxz,3,47.598488,9.451457
dxf,4,39.673579,7.680587
dzb,4,161.141795,31.839962
dyb,4,40.129522,7.839827
cvx,4,48.720175,9.741477
dyf,4,40.133187,7.814863
dzb2,4,157.906740,31.269010
dxb,4,39.741487,7.673015
cvy,4,48.482060,9.682958
dzf,4,157.417851,31.175540
dxb2,4,39.590406,7.649397
dyb2,4,40.368912,7.872899
cvz,4,56.876501,11.326514
dzb3,4,157.567044,31.188983
dxb3,4,39.618058,7.669597
dyb3,4,40.411805,7.875731
csxxsyyszz,4,93.442073,18.516899
dyf2,4,40.181244,7.829363
dxf2,4,39.875471,7.720766
csxy,4,39.783086,7.954312
dzf2,4,157.490509,31.172967
dyf3,4,40.118360,7.809707
csyz,4,47.814752,9.505621
dxf3,4,39.634037,7.667494
dzf3,4,157.624210,31.220002
csxz,4,47.662478,9.517137
#========================= OptEWE [OpenMP] =========================
#Source type                                  :  Force monopole
#Grid Size                                    :  512 x 512 x 512
#Iterations                                   :  5
#Compute time                                 :  9.214278
#Total effective MLUPS                        :  72.831384
#===================================================================
#Number of threads                            :  15
