dxf,0,51.136707,8.273654
dzb,0,236.567998,38.086577
dyb,0,56.019758,9.017249
cvx,0,76.785997,12.341257
dyf,0,55.629803,8.990557
dzb2,0,235.619767,37.976910
dxb,0,51.255355,8.296960
cvy,0,258.849158,37.285354
dzf,0,234.114674,37.685766
dxb2,0,51.482997,8.447582
dyb2,0,56.382376,9.135646
cvz,0,77.767036,12.754655
dzb3,0,235.269029,38.041735
dxb3,0,53.783614,8.682875
dyb3,0,56.227134,9.083469
csxxsyyszz,0,206.976843,31.996579
dyf2,0,55.578079,8.990851
dxf2,0,51.620057,8.392642
csxy,0,48.977877,8.244691
dzf2,0,234.388939,37.946550
dyf3,0,55.300064,8.982501
csyz,0,56.358852,9.508248
dxf3,0,53.253228,8.620729
dzf3,0,233.515277,37.762649
csxz,0,55.893090,9.413695
dxf,1,50.742088,8.239612
dzb,1,235.321613,37.876974
dyb,1,56.090644,9.037242
cvx,1,76.775739,12.292731
dyf,1,55.535962,8.985256
dzb2,1,234.949472,37.927041
dxb,1,51.291152,8.302271
cvy,1,75.397279,12.094653
dzf,1,234.489079,37.801055
dxb2,1,51.113117,8.266220
dyb2,1,56.207723,9.086390
cvz,1,77.922170,12.761481
dzb3,1,235.412827,37.957834
dxb3,1,53.819636,8.677315
dyb3,1,56.257462,9.069212
csxxsyyszz,1,203.605755,31.380488
dyf2,1,55.643374,8.999705
dxf2,1,51.582670,8.405907
csxy,1,49.079713,8.238174
dzf2,1,234.685121,37.850930
dyf3,1,55.393032,8.960673
csyz,1,56.412016,9.467735
dxf3,1,53.349587,8.606864
dzf3,1,233.713476,37.726948
csxz,1,55.787825,9.399392
dxf,2,50.806686,8.258529
dzb,2,235.328715,37.960656
dyb,2,55.913665,9.016814
cvx,2,76.756983,12.304980
dyf,2,55.366475,8.990860
dzb2,2,235.118336,37.895718
dxb,2,51.171018,8.286808
cvy,2,75.264990,12.121817
dzf,2,234.203156,37.807683
dxb2,2,51.242884,8.306785
dyb2,2,56.231788,9.105550
cvz,2,77.744992,12.737631
dzb3,2,235.063866,37.952771
dxb3,2,53.800857,8.673798
dyb3,2,56.288588,9.086967
csxxsyyszz,2,206.509610,31.842441
dyf2,2,55.876841,9.015287
dxf2,2,51.537749,8.334894
csxy,2,48.949795,8.226013
dzf2,2,234.757819,37.887772
dyf3,2,55.246580,8.939163
csyz,2,56.292798,9.482182
dxf3,2,53.289437,8.616175
dzf3,2,233.685243,37.669812
csxz,2,55.802867,9.460544
dxf,3,50.805332,8.266858
dzb,3,235.519306,37.959475
dyb,3,56.119203,9.093851
cvx,3,76.788399,12.304848
dyf,3,55.558094,8.969951
dzb2,3,234.988058,37.928291
dxb,3,51.282456,8.300622
cvy,3,75.343248,12.099563
dzf,3,234.895471,37.882244
dxb2,3,51.153136,8.283671
dyb2,3,56.246611,9.081039
cvz,3,77.903083,12.778201
dzb3,3,235.223280,37.900350
dxb3,3,53.726841,8.675297
dyb3,3,56.247751,9.105468
csxxsyyszz,3,203.640094,31.403909
dyf2,3,55.526825,8.988283
dxf2,3,51.576373,8.363887
csxy,3,50.017890,8.365372
dzf2,3,234.566904,37.857333
dyf3,3,55.290006,8.953464
csyz,3,56.322475,9.463754
dxf3,3,53.232994,8.592047
dzf3,3,233.668905,37.743245
csxz,3,55.887681,9.420383
dxf,4,50.832332,8.267707
dzb,4,235.477192,38.013420
dyb,4,56.136250,9.043622
cvx,4,76.718080,12.311284
dyf,4,55.415888,9.012373
dzb2,4,235.002344,37.870825
dxb,4,51.172102,8.312690
cvy,4,75.290495,12.077402
dzf,4,234.548500,37.803925
dxb2,4,51.130940,8.289603
dyb2,4,56.463157,9.122815
cvz,4,77.663767,12.706259
dzb3,4,235.394510,37.977725
dxb3,4,53.735771,8.646696
dyb3,4,56.232933,9.066833
csxxsyyszz,4,203.030206,31.350834
dyf2,4,55.347703,8.944116
dxf2,4,51.495077,8.340138
csxy,4,49.002503,8.220410
dzf2,4,234.956555,37.888859
dyf3,4,55.279714,8.938948
csyz,4,56.339463,9.478264
dxf3,4,53.305589,8.623269
dzf3,4,233.655263,37.688344
csxz,4,55.866193,9.447594
#========================= OptEWE [OpenMP] =========================
#Source type                                  :  Force monopole
#Grid Size                                    :  512 x 512 x 512
#Iterations                                   :  5
#Compute time                                 :  13.443013
#Total effective MLUPS                        :  49.920998
#===================================================================
#Number of threads                            :  7
