dxf,0,33.120376,6.211017
dzb,0,128.944587,24.963919
dyb,0,33.209831,6.297533
cvx,0,39.627812,7.727423
dyf,0,33.117140,6.307159
dzb2,0,128.921041,24.981302
dxb,0,32.455254,6.117099
cvy,0,258.101382,41.068024
dzf,0,128.339114,24.869035
dxb2,0,32.405579,6.126322
dyb2,0,33.571184,6.381882
cvz,0,46.073881,9.000844
dzb3,0,128.568755,24.923547
dxb3,0,32.413977,6.143163
dyb3,0,33.425018,6.365198
csxxsyyszz,0,97.031026,18.055121
dyf2,0,33.145747,6.334270
dxf2,0,32.645963,6.202493
csxy,0,32.406301,6.361643
dzf2,0,128.377183,24.919492
dyf3,0,32.918287,6.279889
csyz,0,38.809110,7.598824
dxf3,0,32.568004,6.176905
dzf3,0,128.552542,24.955756
csxz,0,38.560972,7.548190
dxf,1,32.430254,6.161629
dzb,1,128.829371,25.001940
dyb,1,33.211898,6.324613
cvx,1,39.651865,7.747104
dyf,1,33.154349,6.339585
dzb2,1,128.970580,25.031701
dxb,1,32.394920,6.145149
cvy,1,39.470308,7.713196
dzf,1,128.316344,24.924956
dxb2,1,32.402620,6.135412
dyb2,1,33.499084,6.379063
cvz,1,46.075273,9.015275
dzb3,1,129.153677,25.050144
dxb3,1,32.357828,6.121696
dyb3,1,33.445253,6.378010
csxxsyyszz,1,96.797303,18.012200
dyf2,1,33.195733,6.341096
dxf2,1,32.626347,6.195047
csxy,1,32.373274,6.371703
dzf2,1,128.521325,24.962301
dyf3,1,33.038368,6.336877
csyz,1,38.758097,7.600947
dxf3,1,32.477603,6.162147
dzf3,1,128.611291,24.993749
csxz,1,38.624951,7.554799
dxf,2,32.425380,6.160464
dzb,2,128.993197,25.049858
dyb,2,33.168644,6.337698
cvx,2,39.710724,7.765626
dyf,2,33.127116,6.316986
dzb2,2,129.172306,25.078285
dxb,2,32.507650,6.167729
cvy,2,39.516038,7.719000
dzf,2,128.421593,24.950586
dxb2,2,32.407379,6.139173
dyb2,2,33.410792,6.386115
cvz,2,46.114680,9.029831
dzb3,2,128.754055,24.992647
dxb3,2,32.397132,6.144259
dyb3,2,33.408524,6.368858
csxxsyyszz,2,97.022957,18.065748
dyf2,2,33.222932,6.349021
dxf2,2,32.649712,6.204645
csxy,2,32.394922,6.375606
dzf2,2,128.433755,24.952208
dyf3,2,32.908989,6.279325
csyz,2,38.789625,7.605797
dxf3,2,32.615765,6.186443
dzf3,2,128.494669,24.987147
csxz,2,38.659053,7.569684
dxf,3,32.449031,6.168775
dzb,3,129.025467,25.055563
dyb,3,33.250252,6.320041
cvx,3,39.709455,7.766951
dyf,3,33.138802,6.327499
dzb2,3,128.985317,25.058746
dxb,3,32.440862,6.136093
cvy,3,39.547714,7.731698
dzf,3,128.357472,24.927761
dxb2,3,32.340473,6.138626
dyb2,3,33.451292,6.385015
cvz,3,46.093159,9.038220
dzb3,3,128.866668,25.047962
dxb3,3,32.433203,6.181387
dyb3,3,33.471706,6.388314
csxxsyyszz,3,97.040944,18.080492
dyf2,3,33.157912,6.355898
dxf2,3,32.613812,6.233794
csxy,3,32.371034,6.377213
dzf2,3,128.323804,24.953550
dyf3,3,32.988477,6.339730
csyz,3,38.756491,7.608989
dxf3,3,32.498178,6.186721
dzf3,3,128.561453,25.013731
csxz,3,38.624761,7.595076
dxf,4,32.425674,6.168984
dzb,4,128.875957,25.044439
dyb,4,33.067086,6.343448
cvx,4,39.776858,7.788624
dyf,4,33.074332,6.346374
dzb2,4,129.225431,25.102902
dxb,4,32.473678,6.194712
cvy,4,39.534805,7.739420
dzf,4,128.374065,24.974680
dxb2,4,32.370186,6.160808
dyb2,4,33.430671,6.412719
cvz,4,46.083368,9.043381
dzb3,4,128.715963,25.021021
dxb3,4,32.385810,6.171521
dyb3,4,33.515141,6.395287
csxxsyyszz,4,97.063111,18.082906
dyf2,4,33.300031,6.376837
dxf2,4,32.635189,6.219643
csxy,4,32.371251,6.378921
dzf2,4,128.349318,24.959622
dyf3,4,32.910944,6.341164
csyz,4,38.819377,7.612358
dxf3,4,32.523437,6.184714
dzf3,4,128.518758,25.016793
csxz,4,38.623966,7.621448
#========================= OptEWE [OpenMP] =========================
#Source type                                  :  Force monopole
#Grid Size                                    :  512 x 512 x 512
#Iterations                                   :  5
#Compute time                                 :  7.711834
#Total effective MLUPS                        :  87.020629
#===================================================================
#Number of threads                            :  18
