dxf,0,63.789545,8.923298
dzb,0,276.670854,38.950876
dyb,0,63.996342,9.042560
cvx,0,80.528594,11.500244
dyf,0,63.856916,9.036122
dzb2,0,276.381914,38.917033
dxb,0,63.241345,8.865099
cvy,0,279.772481,35.883682
dzf,0,276.632300,38.925423
dxb2,0,63.112828,8.852302
dyb2,0,64.140448,9.059595
cvz,0,94.995335,13.551925
dzb3,0,276.503037,38.901017
dxb3,0,62.953694,8.838477
dyb3,0,64.295379,9.066988
csxxsyyszz,0,153.071134,21.867445
dyf2,0,64.299960,9.072261
dxf2,0,63.304034,8.878877
csxy,0,65.261790,9.309545
dzf2,0,276.086170,38.882714
dyf3,0,63.492573,8.970157
csyz,0,80.625829,11.474677
dxf3,0,63.294822,8.896939
dzf3,0,276.550690,38.939057
csxz,0,79.114214,11.243253
dxf,1,63.172190,8.860142
dzb,1,278.420448,39.194886
dyb,1,63.782702,8.995446
cvx,1,80.597941,11.494544
dyf,1,63.821411,9.026802
dzb2,1,276.386640,38.898685
dxb,1,63.181345,8.899335
cvy,1,80.688737,11.494086
dzf,1,276.753707,38.944124
dxb2,1,63.099622,8.850328
dyb2,1,64.193077,9.054993
cvz,1,95.015071,13.559605
dzb3,1,276.429258,38.935880
dxb3,1,62.846297,8.839479
dyb3,1,64.214195,9.062106
csxxsyyszz,1,151.152819,21.599910
dyf2,1,63.983547,9.070160
dxf2,1,63.360042,8.899161
csxy,1,65.197971,9.307740
dzf2,1,276.135474,38.901205
dyf3,1,63.824730,9.020766
csyz,1,80.566113,11.437686
dxf3,1,63.220459,8.888675
dzf3,1,276.521286,38.925841
csxz,1,79.156811,11.278502
dxf,2,63.057432,8.847321
dzb,2,276.477976,38.935532
dyb,2,63.645974,8.986322
cvx,2,80.690689,11.512691
dyf,2,63.892113,9.030781
dzb2,2,276.346306,38.911522
dxb,2,63.296153,8.919767
cvy,2,80.652883,11.489839
dzf,2,276.605379,38.941658
dxb2,2,63.115205,8.861860
dyb2,2,64.262777,9.070058
cvz,2,95.155918,13.556162
dzb3,2,276.231960,38.903619
dxb3,2,62.971754,8.887872
dyb3,2,64.302823,9.108714
csxxsyyszz,2,152.573308,21.781944
dyf2,2,63.977021,9.043890
dxf2,2,63.290031,8.909167
csxy,2,65.204657,9.312952
dzf2,2,276.227886,38.920682
dyf3,2,63.591261,8.985200
csyz,2,80.585458,11.446329
dxf3,2,64.814323,9.092909
dzf3,2,276.460984,38.927918
csxz,2,79.091960,11.300263
dxf,3,63.138940,8.859729
dzb,3,276.539960,38.913673
dyb,3,63.949732,9.022446
cvx,3,80.606050,11.488942
dyf,3,64.070522,9.038433
dzb2,3,276.250616,38.850226
dxb,3,63.211622,8.866888
cvy,3,80.685760,11.541138
dzf,3,276.628371,38.953727
dxb2,3,63.166117,8.891845
dyb2,3,64.324099,9.073231
cvz,3,94.986627,13.539675
dzb3,3,276.508172,38.935433
dxb3,3,62.956225,8.848055
dyb3,3,64.181974,9.110436
csxxsyyszz,3,151.007925,21.587471
dyf2,3,64.059248,9.038663
dxf2,3,63.323516,8.903286
csxy,3,65.234785,9.330400
dzf2,3,275.978829,38.887982
dyf3,3,63.571459,8.993038
csyz,3,80.507982,11.439497
dxf3,3,63.131203,8.865685
dzf3,3,276.216497,38.970371
csxz,3,79.086327,11.254667
dxf,4,63.114926,8.897384
dzb,4,276.641102,39.001668
dyb,4,63.967168,9.036469
cvx,4,80.605116,11.490529
dyf,4,64.112071,9.056923
dzb2,4,276.176462,38.890711
dxb,4,63.240440,8.883701
cvy,4,80.677739,11.544787
dzf,4,278.260380,39.136328
dxb2,4,63.153702,8.880017
dyb2,4,64.266838,9.071240
cvz,4,94.996818,13.539767
dzb3,4,276.428504,38.939130
dxb3,4,62.862368,8.835969
dyb3,4,64.147539,9.083680
csxxsyyszz,4,151.026921,21.611162
dyf2,4,64.067838,9.036113
dxf2,4,63.285056,8.882422
csxy,4,65.204492,9.390420
dzf2,4,276.111101,38.904351
dyf3,4,63.571598,8.999415
csyz,4,80.629202,11.449838
dxf3,4,63.208512,8.869370
dzf3,4,276.318815,38.914982
csxz,4,79.090567,11.265589
#========================= OptEWE [OpenMP] =========================
#Source type                                  :  Force monopole
#Grid Size                                    :  512 x 512 x 512
#Iterations                                   :  5
#Compute time                                 :  15.477269
#Total effective MLUPS                        :  43.359628
#===================================================================
#Number of threads                            :  11
