dxf,0,98.868073,12.065118
dzb,0,584.515556,69.234419
dyb,0,121.201988,14.574292
cvx,0,204.429219,24.106025
dyf,0,120.714349,14.521466
dzb2,0,584.397585,69.174697
dxb,0,102.709458,12.484013
cvy,0,553.321309,62.349465
dzf,0,584.676798,69.174572
dxb2,0,102.965029,12.509879
dyb2,0,121.807731,14.686744
cvz,0,204.842347,24.270834
dzb3,0,585.089581,69.226088
dxb3,0,104.352399,12.681769
dyb3,0,121.790719,14.647190
csxxsyyszz,0,556.613506,64.379133
dyf2,0,120.369724,14.475816
dxf2,0,98.966054,12.127176
csxy,0,83.552563,10.502188
dzf2,0,585.771823,69.328389
dyf3,0,119.722873,14.418319
csyz,0,95.883023,11.981176
dxf3,0,105.784187,12.841285
dzf3,0,587.064676,69.486927
csxz,0,95.516922,11.899980
dxf,1,99.293204,12.105906
dzb,1,586.177446,69.374174
dyb,1,121.154341,14.610302
cvx,1,204.475320,24.052029
dyf,1,120.689146,14.544155
dzb2,1,584.439536,69.190882
dxb,1,102.713289,12.478924
cvy,1,201.208436,23.710382
dzf,1,584.937015,69.249903
dxb2,1,102.873139,12.501188
dyb2,1,121.277806,14.599062
cvz,1,205.149832,24.312484
dzb3,1,585.283260,69.268197
dxb3,1,104.377604,12.654430
dyb3,1,121.278794,14.598195
csxxsyyszz,1,556.351635,64.385237
dyf2,1,118.766857,14.311777
dxf2,1,99.213108,12.100070
csxy,1,83.263709,10.462697
dzf2,1,585.996400,69.378303
dyf3,1,120.012026,14.473007
csyz,1,95.925546,11.995267
dxf3,1,105.439023,12.780786
dzf3,1,586.294193,69.892772
csxz,1,95.469724,11.997444
dxf,2,98.958798,12.133338
dzb,2,586.127625,69.379865
dyb,2,121.537525,14.627238
cvx,2,203.840013,24.006387
dyf,2,118.597384,14.304450
dzb2,2,583.662356,69.164237
dxb,2,102.735913,12.479697
cvy,2,201.127986,23.726909
dzf,2,584.247701,69.161068
dxb2,2,102.585931,12.482809
dyb2,2,120.897742,14.574619
cvz,2,204.508244,24.243409
dzb3,2,585.403574,69.336539
dxb3,2,104.094445,12.627343
dyb3,2,121.196637,14.596927
csxxsyyszz,2,558.130319,64.561474
dyf2,2,119.996585,14.567436
dxf2,2,98.657683,12.322221
csxy,2,83.279303,10.491722
dzf2,2,580.636536,68.855061
dyf3,2,117.984345,14.226656
csyz,2,95.743102,11.972206
dxf3,2,105.511005,12.810589
dzf3,2,584.255425,69.089448
csxz,2,95.593411,11.906060
dxf,3,99.251952,12.089821
dzb,3,585.194128,69.160947
dyb,3,121.144812,14.557445
cvx,3,204.628804,24.046367
dyf,3,118.906581,14.304709
dzb2,3,584.957816,69.155039
dxb,3,102.622962,12.477200
cvy,3,200.668640,23.651953
dzf,3,582.329275,69.022719
dxb2,3,102.626968,12.488295
dyb2,3,120.863716,14.572746
cvz,3,204.593385,24.254123
dzb3,3,582.891394,69.055910
dxb3,3,104.056029,12.641335
dyb3,3,121.150168,14.581850
csxxsyyszz,3,556.196193,64.225458
dyf2,3,118.859817,14.296112
dxf2,3,99.163445,12.085299
csxy,3,83.317704,10.462008
dzf2,3,585.136708,69.168615
dyf3,3,119.986538,14.434454
csyz,3,95.986047,11.965353
dxf3,3,105.494870,12.777819
dzf3,3,582.873439,69.023092
csxz,3,95.312795,11.903290
dxf,4,98.890712,12.082343
dzb,4,582.632830,69.042861
dyb,4,120.987607,14.578015
cvx,4,203.817377,24.015776
dyf,4,120.050951,14.468722
dzb2,4,584.804582,69.235472
dxb,4,102.797916,12.481668
cvy,4,201.139812,23.664148
dzf,4,583.963517,69.027106
dxb2,4,102.864862,12.488684
dyb2,4,121.150524,14.575860
cvz,4,205.181433,24.261341
dzb3,4,584.635275,69.151327
dxb3,4,104.083577,12.653887
dyb3,4,121.537830,14.654325
csxxsyyszz,4,555.353256,64.238642
dyf2,4,120.314455,14.514533
dxf2,4,98.798057,12.082632
csxy,4,83.037984,10.460710
dzf2,4,580.569827,68.828322
dyf3,4,119.301797,14.383138
csyz,4,95.681729,11.965025
dxf3,4,105.554411,12.788607
dzf3,4,584.127557,69.051277
csxz,4,95.489218,11.916978
#========================= OptEWE [OpenMP] =========================
#Source type                                  :  Force monopole
#Grid Size                                    :  512 x 512 x 512
#Iterations                                   :  5
#Compute time                                 :  31.771883
#Total effective MLUPS                        :  21.122092
#===================================================================
#Number of threads                            :  4
