dxf,0,27.884059,6.490976
dzb,0,104.244103,25.482274
dyb,0,26.719374,6.351935
cvx,0,32.439790,7.994977
dyf,0,26.865027,6.419062
dzb2,0,104.302439,25.538230
dxb,0,26.421171,6.207678
cvy,0,255.012396,50.638812
dzf,0,103.890742,25.446676
dxb2,0,26.364474,6.231314
dyb2,0,26.908173,6.427209
cvz,0,37.736714,9.312622
dzb3,0,104.981891,25.677233
dxb3,0,26.364972,6.237670
dyb3,0,26.910937,6.426908
csxxsyyszz,0,62.630082,15.232198
dyf2,0,26.877442,6.426468
dxf2,0,26.616559,6.326186
csxy,0,26.607192,6.562711
dzf2,0,104.112530,25.522916
dyf3,0,26.636570,6.379815
csyz,0,31.894828,7.851685
dxf3,0,26.456974,6.268059
dzf3,0,104.571752,25.644865
csxz,0,31.692845,7.819729
dxf,1,26.491216,6.277354
dzb,1,104.386390,25.600761
dyb,1,26.666488,6.364362
cvx,1,32.428827,8.016477
dyf,1,26.801799,6.417116
dzb2,1,104.270147,25.584180
dxb,1,26.411707,6.250967
cvy,1,32.214954,7.951290
dzf,1,104.060480,25.531631
dxb2,1,26.367982,6.243208
dyb2,1,26.912508,6.453956
cvz,1,37.730319,9.324226
dzb3,1,104.087151,25.534738
dxb3,1,26.399655,6.245875
dyb3,1,26.931814,6.456421
csxxsyyszz,1,62.404245,15.217250
dyf2,1,26.890065,6.436089
dxf2,1,26.632342,6.333028
csxy,1,26.594887,6.568581
dzf2,1,104.086390,25.545598
dyf3,1,26.671283,6.386700
csyz,1,31.895278,7.861582
dxf3,1,26.437602,6.273383
dzf3,1,104.161113,25.598821
csxz,1,31.700193,7.814578
dxf,2,26.465122,6.280622
dzb,2,104.279674,25.603242
dyb,2,26.675356,6.394226
cvx,2,32.484217,8.036380
dyf,2,26.809502,6.427099
dzb2,2,104.173743,25.587921
dxb,2,26.384120,6.272824
cvy,2,32.264691,7.968785
dzf,2,103.961976,25.540486
dxb2,2,26.381877,6.260396
dyb2,2,26.960761,6.455898
cvz,2,37.844145,9.354660
dzb3,2,103.998167,25.556435
dxb3,2,26.392784,6.261570
dyb3,2,26.913467,6.444574
csxxsyyszz,2,64.426069,15.629178
dyf2,2,26.852964,6.441235
dxf2,2,26.614330,6.323398
csxy,2,26.594900,6.572739
dzf2,2,103.989676,25.561033
dyf3,2,26.602333,6.411518
csyz,2,32.229777,7.936819
dxf3,2,26.498613,6.288925
dzf3,2,104.108196,25.611720
csxz,2,31.672984,7.822147
dxf,3,26.439389,6.275460
dzb,3,104.326563,25.630871
dyb,3,26.710337,6.416204
cvx,3,32.410867,8.021094
dyf,3,26.787022,6.426135
dzb2,3,104.211833,25.609811
dxb,3,26.350041,6.285190
cvy,3,32.392500,8.000590
dzf,3,104.058648,25.554496
dxb2,3,26.391857,6.266416
dyb2,3,26.969367,6.467712
cvz,3,37.726443,9.336448
dzb3,3,104.111842,25.578732
dxb3,3,26.394947,6.268328
dyb3,3,26.981693,6.470788
csxxsyyszz,3,62.661189,15.276846
dyf2,3,26.894973,6.454073
dxf2,3,26.609548,6.342338
csxy,3,26.564449,6.573396
dzf2,3,104.039891,25.571115
dyf3,3,26.639684,6.408152
csyz,3,31.852712,7.862432
dxf3,3,26.449542,6.278460
dzf3,3,104.128792,25.631522
csxz,3,31.679193,7.831480
dxf,4,26.447198,6.281682
dzb,4,104.259830,25.627016
dyb,4,26.682009,6.379859
cvx,4,32.560346,8.060361
dyf,4,26.719506,6.415663
dzb2,4,104.354282,25.642726
dxb,4,26.408944,6.299005
cvy,4,32.269398,7.978253
dzf,4,104.008900,25.563621
dxb2,4,26.405267,6.255808
dyb2,4,26.987639,6.474262
cvz,4,37.719888,9.336035
dzb3,4,104.076949,25.578260
dxb3,4,26.367638,6.266316
dyb3,4,26.981593,6.474859
csxxsyyszz,4,62.665503,15.283773
dyf2,4,26.890883,6.455372
dxf2,4,26.630190,6.333111
csxy,4,26.570551,6.571466
dzf2,4,104.180567,25.604094
dyf3,4,26.585559,6.396319
csyz,4,31.873477,7.869730
dxf3,4,26.466071,6.282265
dzf3,4,104.136784,25.647244
csxz,4,31.733623,7.914630
#========================= OptEWE [OpenMP] =========================
#Source type                                  :  Force monopole
#Grid Size                                    :  512 x 512 x 512
#Iterations                                   :  5
#Compute time                                 :  6.226513
#Total effective MLUPS                        :  107.779209
#===================================================================
#Number of threads                            :  22
