dxf,0,48.899956,7.666046
dzb,0,198.347761,31.597541
dyb,0,50.967806,8.009296
cvx,0,62.404531,9.930852
dyf,0,50.644414,7.976617
dzb2,0,199.036856,31.713824
dxb,0,48.562297,7.620031
cvy,0,245.186506,34.095193
dzf,0,199.803111,31.815538
dxb2,0,48.735108,7.661037
dyb2,0,51.203319,8.066455
cvz,0,67.829717,11.008935
dzb3,0,198.365078,31.620137
dxb3,0,48.493189,7.629070
dyb3,0,51.172126,8.075420
csxxsyyszz,0,163.919206,24.963777
dyf2,0,50.581642,7.968311
dxf2,0,48.644921,7.647711
csxy,0,47.520253,7.776592
dzf2,0,199.664989,31.776906
dyf3,0,49.986893,7.892661
csyz,0,56.555973,9.226790
dxf3,0,48.540771,7.640438
dzf3,0,201.830015,32.093954
csxz,0,56.555133,9.269069
dxf,1,48.464547,7.624442
dzb,1,198.330094,31.627823
dyb,1,50.908927,8.024887
cvx,1,62.441235,9.928034
dyf,1,50.520685,7.971824
dzb2,1,198.998479,31.728939
dxb,1,48.573511,7.643527
cvy,1,62.531130,9.981409
dzf,1,199.848877,31.879002
dxb2,1,48.730845,7.673402
dyb2,1,51.276111,8.087960
cvz,1,67.794729,11.022047
dzb3,1,198.446820,31.693817
dxb3,1,48.388458,7.633642
dyb3,1,51.230029,8.076583
csxxsyyszz,1,163.894172,25.027260
dyf2,1,50.684702,8.005137
dxf2,1,48.585091,7.669035
csxy,1,47.435078,7.749585
dzf2,1,199.522895,31.778859
dyf3,1,50.162606,7.917371
csyz,1,56.478352,9.205728
dxf3,1,48.535152,7.634337
dzf3,1,199.258989,31.782552
csxz,1,56.555301,9.228143
dxf,2,48.406484,7.617486
dzb,2,198.167690,31.585204
dyb,2,50.894040,8.012630
cvx,2,62.444052,9.931287
dyf,2,50.592384,7.968422
dzb2,2,198.959773,31.702498
dxb,2,48.555683,7.642057
cvy,2,61.761640,9.842893
dzf,2,199.796462,31.795469
dxb2,2,48.711480,7.656592
dyb2,2,51.301268,8.074747
cvz,2,67.803750,10.994894
dzb3,2,198.519399,31.626497
dxb3,2,48.466745,7.615095
dyb3,2,51.274450,8.053233
csxxsyyszz,2,163.949822,24.947200
dyf2,2,50.785501,7.985043
dxf2,2,48.590614,7.641603
csxy,2,47.482964,7.735847
dzf2,2,199.572092,31.773415
dyf3,2,50.263932,7.934089
csyz,2,56.567559,9.221000
dxf3,2,48.592104,7.685205
dzf3,2,199.192172,31.834575
csxz,2,56.574325,9.260631
dxf,3,48.433603,7.685928
dzb,3,198.249655,31.662204
dyb,3,51.061972,8.028531
cvx,3,62.332193,9.967794
dyf,3,50.514455,7.968412
dzb2,3,199.079850,31.726741
dxb,3,48.566969,7.659011
cvy,3,61.801446,9.868244
dzf,3,199.688691,31.819424
dxb2,3,48.647443,7.695660
dyb2,3,51.309790,8.073305
cvz,3,67.733513,10.989026
dzb3,3,198.278147,31.631684
dxb3,3,48.487227,7.626071
dyb3,3,51.181640,8.048554
csxxsyyszz,3,165.776616,25.227949
dyf2,3,50.587163,8.032171
dxf2,3,48.713912,7.687177
csxy,3,47.495496,7.763817
dzf2,3,199.616841,31.886803
dyf3,3,50.086319,7.974199
csyz,3,56.574243,9.249888
dxf3,3,48.674084,7.674321
dzf3,3,199.079375,31.826824
csxz,3,56.493987,9.229096
dxf,4,48.450706,7.629775
dzb,4,198.174661,31.641680
dyb,4,50.925227,8.037249
cvx,4,62.454188,9.941194
dyf,4,50.489451,7.968959
dzb2,4,198.877423,31.750780
dxb,4,48.522517,7.646542
cvy,4,61.752566,9.845981
dzf,4,199.761803,31.853559
dxb2,4,48.623782,7.656787
dyb2,4,51.236871,8.068840
cvz,4,67.834740,11.007169
dzb3,4,198.395157,31.668578
dxb3,4,48.389695,7.625490
dyb3,4,51.165150,8.073957
csxxsyyszz,4,163.905336,25.103219
dyf2,4,50.741243,8.013579
dxf2,4,48.587159,7.676042
csxy,4,47.452074,7.762772
dzf2,4,199.493417,31.908277
dyf3,4,50.117129,7.931156
csyz,4,56.510675,9.217695
dxf3,4,48.644152,7.652576
dzf3,4,199.083437,31.784512
csxz,4,56.501796,9.258589
#========================= OptEWE [OpenMP] =========================
#Source type                                  :  Force monopole
#Grid Size                                    :  512 x 512 x 512
#Iterations                                   :  5
#Compute time                                 :  11.723274
#Total effective MLUPS                        :  57.244130
#===================================================================
#Number of threads                            :  10
