dxf,0,164.948825,20.949618
dzb,0,931.002978,114.605291
dyb,0,201.042148,25.292191
cvx,0,345.245886,42.806882
dyf,0,200.015585,25.188101
dzb2,0,939.339885,116.854478
dxb,0,168.451376,22.102182
cvy,0,761.414895,92.517022
dzf,0,931.255939,114.629069
dxb2,0,169.090511,21.412939
dyb2,0,201.289573,25.322823
cvz,0,344.539553,42.774186
dzb3,0,934.009760,114.986103
dxb3,0,173.154512,21.886235
dyb3,0,201.433311,25.384070
csxxsyyszz,0,947.572227,116.125647
dyf2,0,196.909533,24.810725
dxf2,0,163.176014,20.728545
csxy,0,140.540241,18.172991
dzf2,0,929.455250,114.365422
dyf3,0,196.185138,24.700996
csyz,0,153.860396,19.807540
dxf3,0,168.068820,21.299386
dzf3,0,925.696402,113.989099
csxz,0,149.756025,19.339602
dxf,1,164.434765,20.886186
dzb,1,927.105998,114.226517
dyb,1,197.320438,24.859896
cvx,1,345.619585,42.883596
dyf,1,200.080982,25.203146
dzb2,1,939.632064,115.675719
dxb,1,169.002483,21.414022
cvy,1,340.887983,42.279204
dzf,1,929.516484,114.397293
dxb2,1,169.024658,21.404847
dyb2,1,200.812598,25.284120
cvz,1,344.456445,42.787015
dzb3,1,930.482871,114.527138
dxb3,1,172.913226,21.878367
dyb3,1,200.204045,25.193994
csxxsyyszz,1,946.802765,115.978092
dyf2,1,200.119436,25.187557
dxf2,1,163.355013,20.750294
csxy,1,141.090539,18.222139
dzf2,1,929.734985,114.419815
dyf3,1,198.697785,25.011331
csyz,1,153.831403,19.816462
dxf3,1,168.461484,21.334532
dzf3,1,928.930704,114.404056
csxz,1,149.960168,19.342254
dxf,2,164.653225,20.890749
dzb,2,931.326244,114.656439
dyb,2,201.074374,25.325094
cvx,2,345.180462,42.805112
dyf,2,199.200715,25.076991
dzb2,2,936.214485,115.228238
dxb,2,169.363410,21.426575
cvy,2,341.476340,42.320541
dzf,2,932.195514,114.594173
dxb2,2,169.098058,21.416615
dyb2,2,201.372825,25.336644
cvz,2,344.483006,42.802510
dzb3,2,931.449640,114.663769
dxb3,2,172.655065,21.842354
dyb3,2,204.451492,25.748233
csxxsyyszz,2,948.008547,119.406164
dyf2,2,196.304614,26.056710
dxf2,2,162.651139,21.532308
csxy,2,141.583018,19.005168
dzf2,2,927.593100,114.790766
dyf3,2,198.638431,25.082198
csyz,2,153.305512,19.745131
dxf3,2,167.881811,21.290940
dzf3,2,926.523680,114.124526
csxz,2,149.626146,19.321219
dxf,3,164.144382,20.856595
dzb,3,927.056177,114.204287
dyb,3,196.949923,24.806364
cvx,3,345.422467,42.894850
dyf,3,199.545726,25.109007
dzb2,3,938.900839,115.697052
dxb,3,168.983639,21.415818
cvy,3,340.922966,42.328401
dzf,3,929.625857,114.539563
dxb2,3,168.694635,21.384525
dyb2,3,200.320943,25.242546
cvz,3,344.660719,42.837416
dzb3,3,931.160454,114.676948
dxb3,3,176.417047,23.275900
dyb3,3,201.501224,25.439281
csxxsyyszz,3,944.181942,116.107927
dyf2,3,196.881856,24.809848
dxf2,3,163.098297,20.735477
csxy,3,139.879896,18.102665
dzf2,3,929.889452,114.699514
dyf3,3,198.694228,24.984060
csyz,3,153.751093,19.761355
dxf3,3,168.042688,21.267284
dzf3,3,927.477483,114.047031
csxz,3,149.640419,19.316001
dxf,4,164.269377,20.860231
dzb,4,927.060552,114.208568
dyb,4,196.810241,24.788523
cvx,4,344.590410,42.740787
dyf,4,196.734461,24.791025
dzb2,4,932.696425,114.834000
dxb,4,169.101858,21.435885
cvy,4,340.807567,42.286171
dzf,4,928.942351,114.365786
dxb2,4,168.579699,21.368840
dyb2,4,200.215284,25.207550
cvz,4,344.349986,42.789714
dzb3,4,933.063821,114.901817
dxb3,4,172.841908,21.879028
dyb3,4,200.092740,25.195093
csxxsyyszz,4,942.776380,115.536044
dyf2,4,199.769203,25.170049
dxf2,4,163.150102,20.736625
csxy,4,140.633632,18.193114
dzf2,4,922.164018,113.559531
dyf3,4,198.550934,25.005008
csyz,4,153.292987,19.746485
dxf3,4,167.533488,21.241313
dzf3,4,926.451696,114.102681
csxz,4,149.667586,19.322413
#========================= OptEWE [OpenMP] =========================
#Source type                                  :  Force monopole
#Grid Size                                    :  512 x 512 x 512
#Iterations                                   :  5
#Compute time                                 :  51.456711
#Total effective MLUPS                        :  13.041810
#===================================================================
#Number of threads                            :  2
