dxf,0,30.069502,6.377553
dzb,0,126.953374,27.052350
dyb,0,31.467538,6.686375
cvx,0,42.049471,8.843649
dyf,0,31.356555,6.674433
dzb2,0,126.938891,27.105791
dxb,0,29.195026,6.175101
cvy,0,286.198522,50.246596
dzf,0,126.023885,26.929605
dxb2,0,29.153923,6.222129
dyb2,0,31.761752,6.760802
cvz,0,43.441191,9.402363
dzb3,0,126.463916,27.027092
dxb3,0,29.111250,6.224408
dyb3,0,31.686966,6.744162
csxxsyyszz,0,112.871316,22.544436
dyf2,0,31.372476,6.668552
dxf2,0,29.305289,6.285039
csxy,0,28.557752,6.386584
dzf2,0,125.894586,26.950114
dyf3,0,31.080871,6.665081
csyz,0,33.828604,7.586668
dxf3,0,29.148674,6.249217
dzf3,0,126.390558,27.079670
csxz,0,33.567217,7.538477
dxf,1,29.089677,6.239032
dzb,1,126.957664,27.150094
dyb,1,31.332668,6.679674
cvx,1,42.059295,8.868656
dyf,1,31.212830,6.661929
dzb2,1,126.777811,27.107051
dxb,1,29.214688,6.233213
cvy,1,41.415715,8.740642
dzf,1,125.928121,26.966837
dxb2,1,29.262455,6.257681
dyb2,1,31.611427,6.744250
cvz,1,43.564404,9.440285
dzb3,1,126.540377,27.065429
dxb3,1,29.142236,6.238083
dyb3,1,31.707277,6.750287
csxxsyyszz,1,112.971109,22.575021
dyf2,1,31.454613,6.718896
dxf2,1,29.310699,6.286081
csxy,1,28.438687,6.363630
dzf2,1,125.899706,26.976861
dyf3,1,31.108597,6.678214
csyz,1,33.842336,7.595791
dxf3,1,29.166445,6.255614
dzf3,1,126.470134,27.112775
csxz,1,33.622738,7.549385
dxf,2,29.195306,6.263099
dzb,2,127.964049,27.343387
dyb,2,31.329680,6.678799
cvx,2,42.059252,8.873307
dyf,2,31.228345,6.664413
dzb2,2,126.689827,27.123747
dxb,2,29.147547,6.219475
cvy,2,41.460469,8.755631
dzf,2,125.878577,26.978777
dxb2,2,29.134413,6.238171
dyb2,2,31.684347,6.767848
cvz,2,43.493905,9.433103
dzb3,2,126.449890,27.069908
dxb3,2,29.129655,6.243965
dyb3,2,31.689128,6.753025
csxxsyyszz,2,112.934400,22.579326
dyf2,2,31.425367,6.690032
dxf2,2,29.335089,6.302194
csxy,2,28.381787,6.364024
dzf2,2,125.920223,26.999724
dyf3,2,31.041193,6.629999
csyz,2,33.846377,7.589687
dxf3,2,29.100107,6.236340
dzf3,2,126.309208,27.071985
csxz,2,33.577942,7.563191
dxf,3,29.156966,6.251230
dzb,3,126.882646,27.160072
dyb,3,31.442283,6.683986
cvx,3,41.987226,8.866018
dyf,3,31.304019,6.692182
dzb2,3,126.798797,27.133580
dxb,3,29.169309,6.238821
cvy,3,41.421814,8.758185
dzf,3,126.061747,27.028303
dxb2,3,29.143485,6.249515
dyb2,3,31.641486,6.772356
cvz,3,43.699774,9.461001
dzb3,3,126.426060,27.082214
dxb3,3,29.155012,6.252457
dyb3,3,31.657140,6.748127
csxxsyyszz,3,112.577040,22.520715
dyf2,3,31.374173,6.699693
dxf2,3,29.325017,6.281466
csxy,3,28.398951,6.374973
dzf2,3,125.754396,26.972213
dyf3,3,31.069757,6.674702
csyz,3,33.822028,7.597756
dxf3,3,29.097412,6.251250
dzf3,3,126.235807,27.099523
csxz,3,33.552518,7.550874
dxf,4,29.183796,6.266985
dzb,4,126.902268,27.179392
dyb,4,31.439065,6.712002
cvx,4,42.120772,8.891312
dyf,4,31.294283,6.683819
dzb2,4,126.771166,27.160598
dxb,4,29.162669,6.230816
cvy,4,41.430450,8.760011
dzf,4,125.986558,27.010848
dxb2,4,29.152777,6.245395
dyb2,4,31.714354,6.774859
cvz,4,43.446819,9.430615
dzb3,4,126.487564,27.100701
dxb3,4,29.104460,6.243024
dyb3,4,31.714798,6.762099
csxxsyyszz,4,112.812692,22.581958
dyf2,4,31.395349,6.688755
dxf2,4,29.325160,6.305855
csxy,4,28.383214,6.368010
dzf2,4,125.872519,26.996062
dyf3,4,31.325336,6.683569
csyz,4,33.811683,7.598934
dxf3,4,29.141958,6.246955
dzf3,4,126.347868,27.130489
csxz,4,33.581847,7.618619
#========================= OptEWE [OpenMP] =========================
#Source type                                  :  Force monopole
#Grid Size                                    :  512 x 512 x 512
#Iterations                                   :  5
#Compute time                                 :  7.535923
#Total effective MLUPS                        :  89.051944
#===================================================================
#Number of threads                            :  20
