dxf,0,50.625435,8.875758
dzb,0,209.762693,37.075679
dyb,0,50.374942,8.900259
cvx,0,62.765969,11.330851
dyf,0,50.570489,8.958392
dzb2,0,210.046394,37.154308
dxb,0,49.818813,8.755412
cvy,0,228.485290,36.673378
dzf,0,209.670993,37.120708
dxb2,0,49.826988,8.765153
dyb2,0,50.711950,8.984670
cvz,0,73.502485,13.221382
dzb3,0,209.470072,37.092955
dxb3,0,49.830606,8.780324
dyb3,0,50.578962,8.981899
csxxsyyszz,0,114.633745,20.759578
dyf2,0,50.412326,8.939220
dxf2,0,50.135961,8.841766
csxy,0,51.398018,9.286919
dzf2,0,209.671104,37.134391
dyf3,0,50.198248,8.898122
csyz,0,62.088085,11.149298
dxf3,0,49.908486,8.797104
dzf3,0,209.627895,37.142883
csxz,0,62.000111,11.134227
dxf,1,49.935252,8.802434
dzb,1,209.875500,37.192847
dyb,1,50.233904,8.893937
cvx,1,62.752520,11.347175
dyf,1,50.463930,8.947643
dzb2,1,211.068861,37.386314
dxb,1,49.897818,8.800116
cvy,1,62.531351,11.302053
dzf,1,209.478049,37.102682
dxb2,1,49.964035,8.807998
dyb2,1,50.623428,8.979087
cvz,1,73.541948,13.241840
dzb3,1,209.625889,37.137436
dxb3,1,49.817851,8.771849
dyb3,1,50.718155,8.994548
csxxsyyszz,1,115.026139,20.812111
dyf2,1,50.638146,8.980845
dxf2,1,50.131185,8.839718
csxy,1,51.409538,9.286454
dzf2,1,209.536185,37.125392
dyf3,1,50.410509,8.964345
csyz,1,62.080047,11.141549
dxf3,1,49.910254,8.801208
dzf3,1,211.303352,37.428965
csxz,1,61.916119,11.131265
dxf,2,49.890051,8.800091
dzb,2,209.819026,37.202603
dyb,2,50.356384,8.936805
cvx,2,62.744558,11.360931
dyf,2,50.340937,8.934548
dzb2,2,209.860834,37.217600
dxb,2,49.830960,8.777699
cvy,2,62.529757,11.301032
dzf,2,209.366050,37.106783
dxb2,2,49.846389,8.778584
dyb2,2,50.727161,8.998218
cvz,2,73.537220,13.242092
dzb3,2,209.590416,37.133386
dxb3,2,49.786503,8.774383
dyb3,2,50.699734,8.998715
csxxsyyszz,2,114.660629,20.769018
dyf2,2,50.467975,8.955882
dxf2,2,50.144442,8.850373
csxy,2,51.382662,9.287174
dzf2,2,209.518601,37.122525
dyf3,2,50.387415,8.936256
csyz,2,62.038786,11.140445
dxf3,2,49.902257,8.794661
dzf3,2,209.850427,37.195241
csxz,2,61.921956,11.137106
dxf,3,49.901553,8.795760
dzb,3,209.906808,37.204364
dyb,3,50.422233,8.928614
cvx,3,62.756943,11.348710
dyf,3,50.279675,8.929718
dzb2,3,209.716358,37.168124
dxb,3,49.829452,8.790013
cvy,3,62.597529,11.308635
dzf,3,209.563834,37.133891
dxb2,3,49.872424,8.791848
dyb2,3,50.691393,8.993335
cvz,3,73.566508,13.248102
dzb3,3,209.635938,37.155361
dxb3,3,49.884519,8.784077
dyb3,3,50.626482,8.981332
csxxsyyszz,3,115.060905,20.823688
dyf2,3,50.575473,8.975323
dxf2,3,50.096290,8.836937
csxy,3,51.413102,9.290008
dzf2,3,209.632350,37.164039
dyf3,3,50.326553,8.951109
csyz,3,62.076615,11.148329
dxf3,3,49.909947,8.800787
dzf3,3,209.749997,37.187878
csxz,3,61.929221,11.143082
dxf,4,49.952856,8.809210
dzb,4,209.780849,37.190366
dyb,4,50.419131,8.921762
cvx,4,62.769401,11.368249
dyf,4,50.428835,8.955361
dzb2,4,209.847641,37.214390
dxb,4,49.878496,8.773725
cvy,4,62.542908,11.306951
dzf,4,209.598208,37.170900
dxb2,4,49.905634,8.779477
dyb2,4,50.769339,9.010703
cvz,4,73.515985,13.242189
dzb3,4,209.565314,37.147810
dxb3,4,49.891010,8.782163
dyb3,4,50.701411,9.013151
csxxsyyszz,4,115.424263,20.903013
dyf2,4,50.636861,8.974044
dxf2,4,50.123156,8.842520
csxy,4,51.389800,9.298402
dzf2,4,209.638161,37.173763
dyf3,4,50.319854,8.922702
csyz,4,62.031609,11.152483
dxf3,4,49.872845,8.803657
dzf3,4,209.822541,37.205588
csxz,4,61.922299,11.116321
#========================= OptEWE [OpenMP] =========================
#Source type                                  :  Force monopole
#Grid Size                                    :  512 x 512 x 512
#Iterations                                   :  5
#Compute time                                 :  11.919446
#Total effective MLUPS                        :  56.301999
#===================================================================
#Number of threads                            :  13
