dxf,0,64.154997,8.710134
dzb,0,319.000964,42.416693
dyb,0,72.234827,9.738645
cvx,0,94.657146,12.773538
dyf,0,72.018039,9.722192
dzb2,0,319.019541,42.421150
dxb,0,64.529187,8.737594
cvy,0,303.497419,37.244481
dzf,0,317.377508,42.226877
dxb2,0,64.129159,8.749500
dyb2,0,72.309204,9.756734
cvz,0,98.148442,13.296905
dzb3,0,318.998906,42.450529
dxb3,0,64.349269,8.717498
dyb3,0,72.284064,9.780205
csxxsyyszz,0,259.455569,33.579489
dyf2,0,71.938868,9.763114
dxf2,0,63.856770,8.669416
csxy,0,65.497386,9.033873
dzf2,0,323.828954,43.000498
dyf3,0,70.485948,9.519029
csyz,0,73.547371,10.138260
dxf3,0,63.532519,8.652029
dzf3,0,317.745549,42.363125
csxz,0,73.005498,10.026940
dxf,1,63.638361,8.632176
dzb,1,319.023801,42.449047
dyb,1,71.397985,9.649975
cvx,1,94.595774,12.766734
dyf,1,71.349279,9.640827
dzb2,1,318.853390,42.450968
dxb,1,64.509665,8.736294
cvy,1,92.281079,12.453896
dzf,1,317.652494,42.328812
dxb2,1,64.081830,8.677505
dyb2,1,72.150395,9.722022
cvz,1,98.246176,13.314813
dzb3,1,318.923078,42.455263
dxb3,1,64.319609,8.754045
dyb3,1,72.050930,9.718356
csxxsyyszz,1,259.280956,33.612894
dyf2,1,71.432794,9.633275
dxf2,1,63.750847,8.648538
csxy,1,65.467169,9.030561
dzf2,1,323.706701,42.996839
dyf3,1,71.156925,9.651876
csyz,1,73.547240,10.109313
dxf3,1,63.406520,8.611215
dzf3,1,317.756418,42.283517
csxz,1,73.045364,10.035946
dxf,2,63.640472,8.672972
dzb,2,319.276149,42.481879
dyb,2,72.254299,9.732605
cvx,2,94.644008,12.718404
dyf,2,71.331801,9.635289
dzb2,2,318.984531,42.470173
dxb,2,64.548989,8.735996
cvy,2,92.252234,12.452824
dzf,2,317.525602,42.275323
dxb2,2,64.078146,8.685623
dyb2,2,73.698541,9.931001
cvz,2,98.146166,13.333770
dzb3,2,318.943066,42.411079
dxb3,2,64.357058,8.715871
dyb3,2,72.029891,9.702621
csxxsyyszz,2,259.381408,33.652128
dyf2,2,72.095303,9.713746
dxf2,2,63.755752,8.649939
csxy,2,66.643913,9.229937
dzf2,2,323.801136,42.984475
dyf3,2,70.578228,9.543009
csyz,2,73.627972,10.123969
dxf3,2,63.530469,8.619252
dzf3,2,317.728616,42.290275
csxz,2,72.959882,10.095700
dxf,3,63.709188,8.650727
dzb,3,319.080619,42.427657
dyb,3,72.251263,9.731586
cvx,3,94.683481,12.724325
dyf,3,71.913682,9.691353
dzb2,3,318.551708,42.328677
dxb,3,64.483096,8.748329
cvy,3,92.127574,12.428279
dzf,3,317.099106,42.258549
dxb2,3,64.036565,8.700119
dyb2,3,72.073176,9.743514
cvz,3,98.008798,13.312780
dzb3,3,318.769531,42.453252
dxb3,3,64.313737,8.719383
dyb3,3,72.222148,9.741206
csxxsyyszz,3,259.491706,33.626669
dyf2,3,72.094118,9.722841
dxf2,3,63.804845,8.727276
csxy,3,65.336170,9.017366
dzf2,3,323.753471,43.022726
dyf3,3,71.258385,9.633182
csyz,3,73.620791,10.124085
dxf3,3,63.352983,8.619539
dzf3,3,317.783459,42.312269
csxz,3,73.006718,10.030514
dxf,4,63.760972,8.657268
dzb,4,318.996216,42.443193
dyb,4,72.255097,9.730882
cvx,4,94.558124,12.750202
dyf,4,71.267464,9.620741
dzb2,4,318.938158,42.424629
dxb,4,64.505156,8.741548
cvy,4,92.304160,12.427306
dzf,4,317.684097,43.196073
dxb2,4,63.905880,9.272866
dyb2,4,71.737535,10.358949
cvz,4,97.746564,14.095128
dzb3,4,317.678267,43.887899
dxb3,4,64.396781,8.729422
dyb3,4,72.219797,9.776145
csxxsyyszz,4,259.529176,33.597468
dyf2,4,71.993547,9.748592
dxf2,4,63.774119,8.659912
csxy,4,65.519304,9.040808
dzf2,4,323.537577,42.964545
dyf3,4,70.444559,9.535087
csyz,4,73.543527,10.173276
dxf3,4,63.387102,8.607481
dzf3,4,317.663813,42.294969
csxz,4,73.015961,10.071385
#========================= OptEWE [OpenMP] =========================
#Source type                                  :  Force monopole
#Grid Size                                    :  512 x 512 x 512
#Iterations                                   :  5
#Compute time                                 :  17.646696
#Total effective MLUPS                        :  38.029138
#===================================================================
#Number of threads                            :  5
