dxf,0,41.879520,7.635951
dzb,0,168.872306,31.573408
dyb,0,42.369221,7.918831
cvx,0,51.333955,9.889898
dyf,0,42.512826,7.948087
dzb2,0,168.087667,31.500740
dxb,0,41.287142,7.539824
cvy,0,222.932807,36.078290
dzf,0,161.961063,30.212444
dxb2,0,41.320461,7.562605
dyb2,0,42.102841,7.763548
cvz,0,58.469777,11.053346
dzb3,0,162.149137,30.257621
dxb3,0,41.279536,7.552835
dyb3,0,42.112688,7.765484
csxxsyyszz,0,107.220432,19.755856
dyf2,0,42.957030,8.055663
dxf2,0,41.564377,7.921276
csxy,0,41.039172,8.074576
dzf2,0,161.888981,31.202114
dyf3,0,41.829800,7.887835
csyz,0,49.200211,9.494193
dxf3,0,41.381688,7.769171
dzf3,0,162.218094,31.013329
csxz,0,49.102695,9.471524
dxf,1,41.336046,7.758319
dzb,1,162.325881,31.032204
dyb,1,41.836678,7.889254
cvx,1,49.980974,9.707579
dyf,1,42.046751,7.945044
dzb2,1,162.317706,30.591691
dxb,1,41.252772,7.567605
cvy,1,49.827377,9.465369
dzf,1,162.045727,30.288470
dxb2,1,41.342930,7.572005
dyb2,1,42.080369,7.761676
cvz,1,58.292955,11.040564
dzb3,1,162.329887,30.333541
dxb3,1,41.266294,7.560849
dyb3,1,42.204181,7.785712
csxxsyyszz,1,107.313931,19.787728
dyf2,1,42.068849,7.760985
dxf2,1,41.596461,7.639722
csxy,1,41.039262,7.786484
dzf2,1,162.024307,30.301261
dyf3,1,41.848636,7.740538
csyz,1,49.220345,9.304455
dxf3,1,41.391150,7.599848
dzf3,1,162.214872,30.348275
csxz,1,49.049747,9.255374
dxf,2,41.378088,7.599013
dzb,2,162.447002,30.370655
dyb,2,41.858517,7.706712
cvx,2,50.074339,9.504013
dyf,2,41.836043,7.729817
dzb2,2,162.378310,30.367095
dxb,2,41.267167,7.568086
cvy,2,49.828045,9.465252
dzf,2,161.927744,30.291787
dxb2,2,41.270679,7.557093
dyb2,2,42.133707,7.782407
cvz,2,58.264866,11.031845
dzb3,2,162.142990,30.319997
dxb3,2,41.480515,7.595878
dyb3,2,42.134503,7.776329
csxxsyyszz,2,107.229186,19.783907
dyf2,2,42.092229,7.765179
dxf2,2,41.546133,7.633498
csxy,2,41.043934,7.791188
dzf2,2,162.042980,30.309570
dyf3,2,41.864352,7.733830
csyz,2,49.205438,9.297536
dxf3,2,41.335137,7.590405
dzf3,2,162.199500,30.348119
csxz,2,49.048298,9.252937
dxf,3,41.443819,7.610844
dzb,3,162.645698,30.417348
dyb,3,41.740543,7.705498
cvx,3,50.046431,9.507017
dyf,3,41.849226,7.729819
dzb2,3,162.318640,30.352224
dxb,3,41.304283,7.590622
cvy,3,49.927174,9.481390
dzf,3,163.767671,30.574555
dxb2,3,41.332397,7.583293
dyb2,3,42.161639,7.788045
cvz,3,58.246738,11.032903
dzb3,3,162.139726,30.307152
dxb3,3,41.312970,7.563996
dyb3,3,42.080711,7.773455
csxxsyyszz,3,106.750463,19.714487
dyf2,3,41.960286,7.764848
dxf2,3,41.577631,7.651976
csxy,3,41.030024,7.789383
dzf2,3,161.996406,30.313701
dyf3,3,41.872926,7.730667
csyz,3,49.190023,9.298361
dxf3,3,41.370309,7.604199
dzf3,3,162.190351,30.350981
csxz,3,49.043053,9.268536
dxf,4,41.363459,7.596688
dzb,4,162.481887,30.383245
dyb,4,41.753831,7.705402
cvx,4,50.068119,9.509572
dyf,4,42.157075,7.789597
dzb2,4,163.489308,30.531132
dxb,4,41.280002,7.566480
cvy,4,49.870637,9.478110
dzf,4,162.025411,30.296281
dxb2,4,41.351131,7.578917
dyb2,4,42.135706,7.793789
cvz,4,58.237390,11.031981
dzb3,4,162.123285,30.314458
dxb3,4,41.304745,7.588546
dyb3,4,42.130576,7.784342
csxxsyyszz,4,107.218887,19.777949
dyf2,4,41.976105,7.779490
dxf2,4,41.715478,7.682802
csxy,4,41.071250,7.790882
dzf2,4,162.014510,30.304616
dyf3,4,41.817431,7.763941
csyz,4,49.183960,9.296250
dxf3,4,41.351201,7.598884
dzf3,4,162.152880,30.370912
csxz,4,49.044922,9.313187
#========================= OptEWE [OpenMP] =========================
#Source type                                  :  Force monopole
#Grid Size                                    :  512 x 512 x 512
#Iterations                                   :  5
#Compute time                                 :  9.582429
#Total effective MLUPS                        :  70.033250
#===================================================================
#Number of threads                            :  14
