dxf,0,57.125886,8.660986
dzb,0,241.477422,37.005545
dyb,0,57.484990,8.787043
cvx,0,72.055724,11.163403
dyf,0,57.565541,8.799112
dzb2,0,241.610330,37.026782
dxb,0,56.616558,8.592783
cvy,0,241.105869,33.453314
dzf,0,241.317155,36.995880
dxb2,0,56.775501,8.618007
dyb2,0,57.620405,8.803592
cvz,0,83.847646,12.994782
dzb3,0,241.208548,36.998710
dxb3,0,56.477779,8.582553
dyb3,0,57.674942,8.841984
csxxsyyszz,0,134.131739,20.834308
dyf2,0,57.418211,8.789730
dxf2,0,56.859314,8.636856
csxy,0,58.600680,9.111917
dzf2,0,241.085741,36.948621
dyf3,0,57.327015,8.785486
csyz,0,70.590599,10.937253
dxf3,0,56.711583,8.609894
dzf3,0,242.305329,37.156503
csxz,0,70.493405,10.912526
dxf,1,56.642889,8.601784
dzb,1,241.386547,37.020674
dyb,1,57.865673,8.853325
cvx,1,71.956562,11.155608
dyf,1,57.510285,8.794200
dzb2,1,241.585379,37.050423
dxb,1,57.506759,8.750409
cvy,1,71.895323,11.167412
dzf,1,241.273281,36.967310
dxb2,1,56.836595,8.662926
dyb2,1,57.616922,8.802449
cvz,1,83.913083,12.999864
dzb3,1,241.399447,37.037926
dxb3,1,56.496579,8.582366
dyb3,1,57.677246,8.807144
csxxsyyszz,1,134.309156,20.879888
dyf2,1,57.605597,8.799621
dxf2,1,56.842197,8.628621
csxy,1,58.593391,9.088933
dzf2,1,241.335535,38.045230
dyf3,1,57.216759,9.070796
csyz,1,70.533498,11.244950
dxf3,1,56.649190,8.884400
dzf3,1,240.941567,38.040018
csxz,1,70.319031,11.220768
dxf,2,56.570628,8.874639
dzb,2,241.023967,38.078686
dyb,2,57.394083,8.789928
cvx,2,71.928705,11.150304
dyf,2,57.204381,8.748392
dzb2,2,241.638197,37.087360
dxb,2,56.484591,8.585658
cvy,2,72.013002,11.152648
dzf,2,241.243532,37.040933
dxb2,2,56.819033,8.627431
dyb2,2,57.638968,8.834637
cvz,2,83.856320,13.008088
dzb3,2,241.168307,36.999485
dxb3,2,56.496008,8.591046
dyb3,2,57.639133,8.806087
csxxsyyszz,2,134.264260,20.857483
dyf2,2,57.605888,8.865204
dxf2,2,56.927578,8.646857
csxy,2,58.670236,9.103909
dzf2,2,241.131842,37.010760
dyf3,2,57.059592,8.742085
csyz,2,70.572656,10.922466
dxf3,2,56.798319,8.646687
dzf3,2,241.451357,37.043034
csxz,2,70.468828,10.906152
dxf,3,56.600427,8.655840
dzb,3,241.347971,37.002591
dyb,3,57.349927,8.795073
cvx,3,71.898158,11.177824
dyf,3,57.388900,8.781596
dzb2,3,241.610423,37.063212
dxb,3,56.536275,8.602043
cvy,3,71.870647,11.138719
dzf,3,241.423095,37.025534
dxb2,3,56.769225,8.626353
dyb2,3,57.626837,8.816051
cvz,3,83.829742,13.046127
dzb3,3,241.329917,36.980085
dxb3,3,56.522307,8.628300
dyb3,3,57.626517,8.865449
csxxsyyszz,3,134.399557,20.867878
dyf2,3,57.331099,8.772630
dxf2,3,56.864979,8.676198
csxy,3,58.623031,9.092554
dzf2,3,241.195920,37.004838
dyf3,3,57.249768,8.799726
csyz,3,70.578254,10.916716
dxf3,3,56.709214,8.617478
dzf3,3,241.486826,37.070836
csxz,3,70.453771,10.907858
dxf,4,56.620129,8.597229
dzb,4,241.489215,37.045985
dyb,4,57.253415,8.739394
cvx,4,71.895664,11.194672
dyf,4,57.316222,8.783954
dzb2,4,241.648073,37.034804
dxb,4,56.522200,8.653013
cvy,4,71.919881,11.145241
dzf,4,241.381357,37.029563
dxb2,4,56.851687,8.622587
dyb2,4,57.557862,8.784525
cvz,4,83.844041,12.989538
dzb3,4,241.438818,37.028194
dxb3,4,56.546501,8.591168
dyb3,4,57.617127,8.820181
csxxsyyszz,4,134.403075,20.916601
dyf2,4,58.491451,8.942611
dxf2,4,56.849883,8.631013
csxy,4,58.625123,9.097642
dzf2,4,241.023546,36.980376
dyf3,4,57.101890,8.754857
csyz,4,70.550473,10.961167
dxf3,4,56.667546,8.615421
dzf3,4,241.414868,37.085123
csxz,4,70.987603,11.005360
#========================= OptEWE [OpenMP] =========================
#Source type                                  :  Force monopole
#Grid Size                                    :  512 x 512 x 512
#Iterations                                   :  5
#Compute time                                 :  13.646605
#Total effective MLUPS                        :  49.176232
#===================================================================
#Number of threads                            :  11
