dxf,0,53.392247,9.192689
dzb,0,262.925480,44.773270
dyb,0,59.456304,10.237937
cvx,0,81.695476,13.951348
dyf,0,58.557248,10.135161
dzb2,0,262.110570,44.643560
dxb,0,53.454485,9.241673
cvy,0,241.498604,37.519863
dzf,0,255.801395,43.685303
dxb2,0,53.480763,9.234912
dyb2,0,59.484389,10.287995
cvz,0,83.408206,14.445442
dzb3,0,257.725595,44.034258
dxb3,0,53.571666,9.255723
dyb3,0,59.512960,10.272083
csxxsyyszz,0,220.812724,36.165045
dyf2,0,58.562772,10.095734
dxf2,0,53.332256,9.231328
csxy,0,51.077538,9.132037
dzf2,0,254.808903,43.586132
dyf3,0,58.898299,10.160815
csyz,0,57.441153,10.254949
dxf3,0,52.798589,9.171188
dzf3,0,257.512328,44.063440
csxz,0,56.280876,10.100719
dxf,1,53.047166,9.196329
dzb,1,262.899659,44.864846
dyb,1,58.854885,10.169633
cvx,1,81.760712,13.983175
dyf,1,58.571758,10.130717
dzb2,1,261.830353,44.695958
dxb,1,53.437716,9.242660
cvy,1,79.789424,13.695583
dzf,1,255.702539,43.756225
dxb2,1,53.546672,9.267955
dyb2,1,59.432322,10.280086
cvz,1,83.417435,14.469735
dzb3,1,257.479482,44.034955
dxb3,1,53.551376,9.279114
dyb3,1,59.344331,10.264380
csxxsyyszz,1,220.446232,36.144120
dyf2,1,59.132480,10.214287
dxf2,1,53.372241,9.240797
csxy,1,51.148036,9.161530
dzf2,1,254.810598,43.612301
dyf3,1,58.226091,10.066927
csyz,1,57.458649,10.270490
dxf3,1,52.858813,9.171004
dzf3,1,257.627086,44.075244
csxz,1,56.169679,10.073499
dxf,2,53.068340,9.203256
dzb,2,262.812639,44.868288
dyb,2,59.454668,10.268966
cvx,2,81.917680,14.016065
dyf,2,60.055452,10.357507
dzb2,2,261.890960,44.692363
dxb,2,53.454900,9.276126
cvy,2,79.860782,13.735068
dzf,2,255.917233,43.815992
dxb2,2,53.598999,9.281275
dyb2,2,59.659784,10.315274
cvz,2,83.476825,14.468989
dzb3,2,257.731391,44.099681
dxb3,2,53.572110,9.266635
dyb3,2,59.560932,10.297328
csxxsyyszz,2,220.738791,36.196065
dyf2,2,59.158277,10.214258
dxf2,2,53.315932,9.256857
csxy,2,51.078994,9.168197
dzf2,2,255.065343,43.627586
dyf3,2,58.308771,10.092033
csyz,2,57.481794,10.263057
dxf3,2,52.921566,9.175276
dzf3,2,258.154968,44.455029
csxz,2,56.096772,11.129285
dxf,3,53.064371,10.162912
dzb,3,262.342144,47.626402
dyb,3,58.982429,10.193146
cvx,3,81.826324,14.005857
dyf,3,59.158650,10.226203
dzb2,3,262.174895,44.720680
dxb,3,53.494747,9.247296
cvy,3,79.874274,13.697082
dzf,3,255.878397,43.782211
dxb2,3,53.571470,9.252401
dyb2,3,59.535891,10.282507
cvz,3,83.510194,14.472439
dzb3,3,257.595249,44.045803
dxb3,3,53.539999,9.245262
dyb3,3,59.317415,10.285007
csxxsyyszz,3,215.899724,35.403947
dyf2,3,58.570729,10.130051
dxf2,3,53.246399,9.228206
csxy,3,51.110155,9.139677
dzf2,3,255.123145,43.662042
dyf3,3,58.873263,10.179432
csyz,3,57.442383,10.250544
dxf3,3,52.815226,9.158307
dzf3,3,257.915229,44.091802
csxz,3,56.132060,10.047517
dxf,4,52.973479,9.185748
dzb,4,263.058851,44.881685
dyb,4,58.935633,10.170203
cvx,4,81.814578,14.027750
dyf,4,58.597299,10.120119
dzb2,4,262.120842,44.684528
dxb,4,53.481555,9.250729
cvy,4,79.857866,13.693529
dzf,4,255.826437,43.770832
dxb2,4,53.637284,9.270229
dyb2,4,59.635901,10.304057
cvz,4,83.387757,14.498310
dzb3,4,257.539107,44.006372
dxb3,4,53.624404,9.280068
dyb3,4,59.560319,10.278671
csxxsyyszz,4,220.869005,36.478828
dyf2,4,58.321957,10.288843
dxf2,4,53.258934,9.249624
csxy,4,51.085995,9.170177
dzf2,4,254.396981,43.646347
dyf3,4,58.209000,10.122545
csyz,4,57.401400,10.276431
dxf3,4,52.927826,9.207359
dzf3,4,257.240510,44.117615
csxz,4,56.126794,10.130626
#========================= OptEWE [OpenMP] =========================
#Source type                                  :  Force monopole
#Grid Size                                    :  512 x 512 x 512
#Iterations                                   :  5
#Compute time                                 :  14.435150
#Total effective MLUPS                        :  46.489897
#===================================================================
#Number of threads                            :  5
