dxf,0,35.767364,7.121451
dzb,0,136.310420,28.092293
dyb,0,35.953595,7.204687
cvx,0,42.075291,8.748792
dyf,0,35.999956,7.235140
dzb2,0,136.138554,28.109528
dxb,0,35.328090,7.029454
cvy,0,235.169762,40.213284
dzf,0,137.244100,28.241058
dxb2,0,35.306681,7.064795
dyb2,0,36.185547,7.272700
cvz,0,49.059198,10.211407
dzb3,0,136.039030,28.085651
dxb3,0,35.347236,7.055356
dyb3,0,36.287538,7.282694
csxxsyyszz,0,100.868420,19.881585
dyf2,0,36.082716,7.259391
dxf2,0,35.659792,7.140994
csxy,0,34.718911,7.256493
dzf2,0,135.860560,28.079253
dyf3,0,35.819311,7.199923
csyz,0,41.547186,8.639882
dxf3,0,35.394181,7.093305
dzf3,0,136.024199,28.139020
csxz,0,41.328524,8.599697
dxf,1,35.355590,7.081151
dzb,1,136.235118,28.156244
dyb,1,35.924266,7.212282
cvx,1,42.485992,8.837207
dyf,1,36.017559,7.236686
dzb2,1,136.223820,28.145272
dxb,1,35.401129,7.097209
cvy,1,41.908594,8.734652
dzf,1,135.670771,28.068747
dxb2,1,35.356842,7.082238
dyb2,1,36.187808,7.284225
cvz,1,48.917692,10.212669
dzb3,1,136.079082,28.127200
dxb3,1,35.307765,7.059644
dyb3,1,36.240410,7.279792
csxxsyyszz,1,100.909577,19.909731
dyf2,1,36.176099,7.290793
dxf2,1,35.903016,7.195280
csxy,1,34.706428,7.250992
dzf2,1,135.753663,28.089117
dyf3,1,35.860915,7.217978
csyz,1,41.533630,8.646118
dxf3,1,35.356357,7.084410
dzf3,1,135.897354,28.125792
csxz,1,41.332316,8.618388
dxf,2,35.373368,7.092719
dzb,2,136.162903,28.157600
dyb,2,35.930033,7.226306
cvx,2,42.078907,8.776560
dyf,2,35.933098,7.246832
dzb2,2,136.175761,28.166426
dxb,2,35.303446,7.079295
cvy,2,41.926884,8.746752
dzf,2,135.853846,28.114556
dxb2,2,35.343571,7.082326
dyb2,2,36.255847,7.295177
cvz,2,48.878814,10.211884
dzb3,2,136.025554,28.129936
dxb3,2,35.345745,7.067835
dyb3,2,36.200728,7.278728
csxxsyyszz,2,100.860476,19.909808
dyf2,2,36.108646,7.269953
dxf2,2,35.612791,7.142891
csxy,2,34.724179,7.260850
dzf2,2,135.739027,28.095377
dyf3,2,35.716113,7.204640
csyz,2,41.530701,8.656495
dxf3,2,35.343964,7.084196
dzf3,2,136.106302,28.204578
csxz,2,41.343810,8.619944
dxf,3,35.316928,7.089992
dzb,3,136.218198,28.179769
dyb,3,35.956333,7.229045
cvx,3,42.075138,8.773861
dyf,3,35.928275,7.245738
dzb2,3,136.151443,28.183348
dxb,3,35.331176,7.086765
cvy,3,41.917676,8.745928
dzf,3,135.773747,28.107147
dxb2,3,35.334766,7.080204
dyb2,3,36.259258,7.296579
cvz,3,48.842222,10.203995
dzb3,3,136.050860,28.147369
dxb3,3,35.327236,7.069147
dyb3,3,36.315363,7.299985
csxxsyyszz,3,100.923386,19.921113
dyf2,3,36.062478,7.271216
dxf2,3,35.611644,7.150000
csxy,3,34.778994,7.269051
dzf2,3,135.753688,28.102251
dyf3,3,35.715298,7.203993
csyz,3,41.516751,8.658897
dxf3,3,35.409482,7.104266
dzf3,3,135.825554,28.141542
csxz,3,41.321127,8.625665
dxf,4,35.360190,7.097005
dzb,4,136.197753,28.182571
dyb,4,35.966390,7.224262
cvx,4,42.143260,8.784236
dyf,4,35.976259,7.260762
dzb2,4,136.359663,28.201623
dxb,4,35.349053,7.084141
cvy,4,41.965689,8.754848
dzf,4,135.774685,28.105111
dxb2,4,35.354735,7.075724
dyb2,4,36.225112,7.286848
cvz,4,48.909155,10.215777
dzb3,4,135.983349,28.137758
dxb3,4,35.286513,7.057064
dyb3,4,36.249731,7.287269
csxxsyyszz,4,100.818595,19.897834
dyf2,4,36.032668,7.262479
dxf2,4,35.598497,7.144354
csxy,4,34.762363,7.258936
dzf2,4,135.866811,28.123933
dyf3,4,35.927609,7.238321
csyz,4,41.508696,8.645392
dxf3,4,35.386882,7.101884
dzf3,4,137.275199,28.372018
csxz,4,41.311198,8.629393
#========================= OptEWE [OpenMP] =========================
#Source type                                  :  Force monopole
#Grid Size                                    :  512 x 512 x 512
#Iterations                                   :  5
#Compute time                                 :  8.177871
#Total effective MLUPS                        :  82.061536
#===================================================================
#Number of threads                            :  16
