dxf,0,28.823746,6.440306
dzb,0,109.629631,25.933086
dyb,0,27.577469,6.373961
cvx,0,33.880390,8.093178
dyf,0,27.617140,6.406224
dzb2,0,109.509219,25.952081
dxb,0,27.289678,6.242514
cvy,0,270.559035,52.374309
dzf,0,109.292702,25.834185
dxb2,0,27.268308,6.257724
dyb2,0,27.798117,6.454435
cvz,0,39.718293,9.478867
dzb3,0,109.572395,25.958785
dxb3,0,27.255151,6.253060
dyb3,0,27.788989,6.451956
csxxsyyszz,0,64.007244,15.176626
dyf2,0,27.664708,6.420478
dxf2,0,27.480694,6.339867
csxy,0,27.848668,6.654631
dzf2,0,109.295501,25.947711
dyf3,0,27.509128,6.390418
csyz,0,33.431260,7.961774
dxf3,0,27.357507,6.298594
dzf3,0,109.401052,26.001968
csxz,0,33.228108,7.908408
dxf,1,27.340848,6.300887
dzb,1,109.545221,26.025748
dyb,1,27.612284,6.402241
cvx,1,33.984820,8.144705
dyf,1,27.650311,6.435967
dzb2,1,109.813402,26.087731
dxb,1,27.238496,6.258279
cvy,1,33.827601,8.096636
dzf,1,109.254552,25.954476
dxb2,1,27.255942,6.273096
dyb2,1,27.808701,6.473074
cvz,1,39.534397,9.455832
dzb3,1,109.485912,26.014863
dxb3,1,27.299190,6.280696
dyb3,1,27.841879,6.480917
csxxsyyszz,1,63.956415,15.216830
dyf2,1,27.739759,6.452722
dxf2,1,27.507927,6.359904
csxy,1,27.845362,6.666924
dzf2,1,109.243334,25.965590
dyf3,1,27.464231,6.391589
csyz,1,33.419440,7.971252
dxf3,1,27.344746,6.306264
dzf3,1,109.362438,26.016806
csxz,1,33.232478,7.920842
dxf,2,27.304766,6.302105
dzb,2,109.927518,26.143437
dyb,2,27.527096,6.386167
cvx,2,33.915210,8.142073
dyf,2,27.608056,6.435176
dzb2,2,109.602541,26.068618
dxb,2,27.294771,6.287327
cvy,2,33.779302,8.092555
dzf,2,109.382863,25.988160
dxb2,2,27.235179,6.261039
dyb2,2,27.835319,6.479870
cvz,2,39.548045,9.459699
dzb3,2,109.421989,25.996717
dxb3,2,27.264158,6.279335
dyb3,2,27.772216,6.470208
csxxsyyszz,2,63.975175,15.216126
dyf2,2,27.751018,6.459049
dxf2,2,27.466062,6.338859
csxy,2,27.830871,6.662854
dzf2,2,109.223005,25.957437
dyf3,2,27.520396,6.409524
csyz,2,33.484324,7.982782
dxf3,2,27.320947,6.301718
dzf3,2,109.507149,26.042846
csxz,2,33.250206,7.926968
dxf,3,27.309335,6.301040
dzb,3,109.632008,26.070812
dyb,3,27.516694,6.394785
cvx,3,33.908272,8.142345
dyf,3,27.625484,6.436142
dzb2,3,109.658359,26.087698
dxb,3,27.301938,6.305688
cvy,3,33.775954,8.093804
dzf,3,109.246225,25.990390
dxb2,3,27.256981,6.279562
dyb2,3,27.819272,6.482490
cvz,3,39.556387,9.474719
dzb3,3,109.604481,26.067722
dxb3,3,27.253924,6.276156
dyb3,3,27.844593,6.487790
csxxsyyszz,3,65.706012,15.572447
dyf2,3,27.738068,6.445872
dxf2,3,27.498248,6.360036
csxy,3,27.851556,6.673809
dzf2,3,109.306301,26.010221
dyf3,3,27.484433,6.398186
csyz,3,33.442269,7.982669
dxf3,3,27.355149,6.315266
dzf3,3,109.368278,26.040118
csxz,3,33.240514,7.926319
dxf,4,27.351375,6.317106
dzb,4,109.589250,26.085696
dyb,4,27.592266,6.413299
cvx,4,33.865931,8.136653
dyf,4,27.641331,6.452463
dzb2,4,109.594500,26.096819
dxb,4,27.252008,6.287931
cvy,4,33.752213,8.095468
dzf,4,109.244939,25.998572
dxb2,4,27.280509,6.283806
dyb2,4,27.758921,6.472614
cvz,4,39.650367,9.500735
dzb3,4,109.434701,26.043979
dxb3,4,27.277906,6.282972
dyb3,4,27.774959,6.483777
csxxsyyszz,4,63.931377,15.233863
dyf2,4,27.734578,6.452473
dxf2,4,27.465529,6.354008
csxy,4,27.843178,6.677442
dzf2,4,109.220565,26.003103
dyf3,4,27.508628,6.423739
csyz,4,33.432286,7.982555
dxf3,4,27.340524,6.321907
dzf3,4,109.544488,26.094162
csxz,4,33.236865,7.985027
#========================= OptEWE [OpenMP] =========================
#Source type                                  :  Force monopole
#Grid Size                                    :  512 x 512 x 512
#Iterations                                   :  5
#Compute time                                 :  6.503227
#Total effective MLUPS                        :  103.193178
#===================================================================
#Number of threads                            :  22
