dxf,0,48.299015,8.799597
dzb,0,181.017581,34.413246
dyb,0,48.554177,8.909934
cvx,0,57.329053,10.925678
dyf,0,48.319840,8.925399
dzb2,0,180.936376,34.458810
dxb,0,48.090934,8.782126
cvy,0,183.980897,30.746688
dzf,0,180.795576,34.345943
dxb2,0,47.674109,8.732753
dyb2,0,48.838182,9.064122
cvz,0,66.193130,12.649823
dzb3,0,180.869633,34.397527
dxb3,0,47.813542,8.767808
dyb3,0,48.879126,8.996447
csxxsyyszz,0,110.154998,20.779338
dyf2,0,48.302448,8.892360
dxf2,0,48.035986,8.805116
csxy,0,47.062658,8.984405
dzf2,0,180.811443,34.421481
dyf3,0,48.275046,8.918452
csyz,0,55.921384,10.667494
dxf3,0,47.782138,8.804224
dzf3,0,181.118570,34.463745
csxz,0,56.025058,10.656473
dxf,1,47.764567,8.802814
dzb,1,181.000516,34.443631
dyb,1,48.568877,8.949058
cvx,1,57.357300,10.942363
dyf,1,48.282721,8.939666
dzb2,1,181.026454,34.430761
dxb,1,48.061778,8.808522
cvy,1,57.016125,10.870027
dzf,1,180.815295,34.422462
dxb2,1,47.754322,8.747812
dyb2,1,48.868535,8.997797
cvz,1,66.111130,12.639257
dzb3,1,180.977455,34.424372
dxb3,1,47.807231,8.753601
dyb3,1,48.835447,8.990483
csxxsyyszz,1,110.889929,20.928865
dyf2,1,48.442526,8.927715
dxf2,1,48.004597,8.798522
csxy,1,47.109329,8.971563
dzf2,1,180.742069,34.402936
dyf3,1,48.322615,8.924099
csyz,1,55.877824,10.645215
dxf3,1,47.806941,8.762573
dzf3,1,180.919531,34.454111
csxz,1,55.927863,10.661249
dxf,2,47.726456,8.759752
dzb,2,180.945987,34.458403
dyb,2,48.612335,8.949288
cvx,2,57.384149,10.946877
dyf,2,48.285123,8.919711
dzb2,2,180.937185,34.466669
dxb,2,48.098673,8.809993
cvy,2,57.052999,10.870409
dzf,2,180.861281,34.461775
dxb2,2,47.773373,8.746183
dyb2,2,48.931043,9.003923
cvz,2,66.070500,12.626145
dzb3,2,180.899969,34.424418
dxb3,2,47.765604,8.749391
dyb3,2,48.856785,8.996122
csxxsyyszz,2,110.898231,20.938229
dyf2,2,48.400666,8.920121
dxf2,2,48.023397,8.800287
csxy,2,47.507058,9.031673
dzf2,2,180.695083,34.412484
dyf3,2,48.351950,8.935198
csyz,2,55.884167,10.652184
dxf3,2,47.837286,8.780460
dzf3,2,180.890421,34.455027
csxz,2,55.975746,10.670008
dxf,3,47.744346,8.760844
dzb,3,180.927516,34.469549
dyb,3,48.583816,8.950110
cvx,3,57.275698,10.926067
dyf,3,48.364172,8.938908
dzb2,3,181.428246,34.544358
dxb,3,48.055985,8.802415
cvy,3,57.103249,10.888815
dzf,3,180.754697,34.431907
dxb2,3,47.730455,8.744414
dyb2,3,48.776269,8.984954
cvz,3,66.126638,12.632011
dzb3,3,180.873781,34.464405
dxb3,3,47.892878,8.773926
dyb3,3,48.838351,8.991995
csxxsyyszz,3,110.521545,20.842068
dyf2,3,48.403785,8.947802
dxf2,3,47.960080,8.794435
csxy,3,47.064268,8.959259
dzf2,3,180.803049,34.430686
dyf3,3,48.201097,8.933712
csyz,3,55.891244,10.664686
dxf3,3,47.675242,8.754001
dzf3,3,180.945702,34.480594
csxz,3,55.956482,10.687933
dxf,4,47.739813,8.761839
dzb,4,180.882216,34.434457
dyb,4,48.547809,8.932797
cvx,4,57.307970,10.932588
dyf,4,48.278390,8.921001
dzb2,4,180.934380,34.480052
dxb,4,48.084243,8.824901
cvy,4,57.124207,10.887970
dzf,4,180.788398,34.416721
dxb2,4,47.717409,8.770873
dyb2,4,48.765878,8.986454
cvz,4,66.069891,12.633923
dzb3,4,181.008899,34.458579
dxb3,4,47.849063,8.767364
dyb3,4,48.821629,8.996361
csxxsyyszz,4,110.794043,20.883316
dyf2,4,48.460343,8.952685
dxf2,4,48.026956,8.848846
csxy,4,47.090608,8.965475
dzf2,4,180.752644,34.397997
dyf3,4,48.192876,8.917489
csyz,4,55.909390,10.690586
dxf3,4,47.755080,8.761230
dzf3,4,180.879779,34.433123
csxz,4,55.972314,10.699652
#========================= OptEWE [OpenMP] =========================
#Source type                                  :  Force monopole
#Grid Size                                    :  512 x 512 x 512
#Iterations                                   :  5
#Compute time                                 :  10.698084
#Total effective MLUPS                        :  62.729798
#===================================================================
#Number of threads                            :  12
