dxf,0,48.918274,8.357687
dzb,0,185.595335,32.817001
dyb,0,49.390479,8.509931
cvx,0,59.022449,10.454230
dyf,0,49.058255,8.477459
dzb2,0,185.892434,32.869410
dxb,0,49.128326,8.375536
cvy,0,193.478295,30.132879
dzf,0,184.878897,32.694863
dxb2,0,49.342940,8.476827
dyb2,0,49.922828,8.588806
cvz,0,67.939153,12.071999
dzb3,0,186.771792,32.990678
dxb3,0,48.613879,8.321967
dyb3,0,49.745998,8.575820
csxxsyyszz,0,123.389360,21.419775
dyf2,0,49.265399,8.500092
dxf2,0,48.845210,8.370115
csxy,0,47.890559,8.506194
dzf2,0,185.582390,32.809502
dyf3,0,49.446829,8.545454
csyz,0,57.231338,10.174083
dxf3,0,49.249167,8.434644
dzf3,0,185.728789,32.839481
csxz,0,57.297517,10.201507
dxf,1,48.518553,8.313411
dzb,1,185.536133,32.806409
dyb,1,49.422170,8.542646
cvx,1,59.013069,10.484615
dyf,1,49.178102,8.530472
dzb2,1,185.959953,32.973707
dxb,1,48.996061,8.528377
cvy,1,59.210873,10.505319
dzf,1,185.379767,32.982604
dxb2,1,48.666092,8.622901
dyb2,1,49.727489,8.869653
cvz,1,67.914976,12.464735
dzb3,1,186.549164,34.267245
dxb3,1,48.586304,8.604756
dyb3,1,49.732454,8.866882
csxxsyyszz,1,123.113608,22.070083
dyf2,1,49.180088,8.780212
dxf2,1,48.805837,8.658887
csxy,1,47.896514,8.799885
dzf2,1,185.316138,33.913843
dyf3,1,49.088215,8.810733
csyz,1,57.186488,10.419935
dxf3,1,48.418515,8.298086
dzf3,1,185.630748,32.871780
csxz,1,57.269675,10.185387
dxf,2,48.504145,8.312276
dzb,2,185.536433,32.821841
dyb,2,49.572843,8.627132
cvx,2,58.984730,10.472861
dyf,2,49.152803,8.496086
dzb2,2,185.772380,32.906670
dxb,2,48.964507,8.405737
cvy,2,59.133798,10.464137
dzf,2,184.884582,32.769549
dxb2,2,48.703862,8.339684
dyb2,2,49.725213,8.578208
cvz,2,67.903890,12.072253
dzb3,2,186.876199,33.056833
dxb3,2,48.630399,8.320296
dyb3,2,49.875051,8.602835
csxxsyyszz,2,123.404774,21.440098
dyf2,2,49.168196,8.509110
dxf2,2,48.767008,8.395850
csxy,2,47.964394,8.523224
dzf2,2,185.556625,32.818963
dyf3,2,49.193102,8.556826
csyz,2,57.138241,10.127995
dxf3,2,48.360855,8.291227
dzf3,2,185.706457,32.887793
csxz,2,57.274869,10.168109
dxf,3,48.461196,8.322120
dzb,3,185.512011,32.811196
dyb,3,49.610807,8.602489
cvx,3,58.980279,10.463470
dyf,3,49.086981,8.480979
dzb2,3,185.715193,32.887851
dxb,3,48.852805,8.391324
cvy,3,59.166112,10.467067
dzf,3,184.957525,33.092853
dxb2,3,48.744726,8.353262
dyb2,3,49.824448,8.596182
cvz,3,67.921147,12.075075
dzb3,3,186.820979,33.034022
dxb3,3,48.558796,8.319335
dyb3,3,49.740184,8.582498
csxxsyyszz,3,123.328720,21.420841
dyf2,3,49.166672,8.499206
dxf2,3,48.895704,8.412261
csxy,3,47.947667,8.509365
dzf2,3,185.508863,32.801463
dyf3,3,49.378636,8.573850
csyz,3,57.210526,10.124808
dxf3,3,48.437146,8.298373
dzf3,3,185.735286,32.885822
csxz,3,57.292122,10.155635
dxf,4,48.417937,8.299076
dzb,4,185.320521,32.769771
dyb,4,49.655930,8.587798
cvx,4,58.955261,10.457926
dyf,4,49.093424,8.481490
dzb2,4,185.713322,32.854002
dxb,4,48.838017,8.375842
cvy,4,59.282317,10.483130
dzf,4,184.900870,32.720246
dxb2,4,48.798030,8.370692
dyb2,4,49.759170,8.583579
cvz,4,67.963735,12.080307
dzb3,4,186.787829,33.014996
dxb3,4,48.637094,8.333236
dyb3,4,49.740711,8.581492
csxxsyyszz,4,123.328564,21.421554
dyf2,4,49.215036,8.527228
dxf2,4,48.945148,8.380388
csxy,4,47.943105,8.510879
dzf2,4,185.499517,32.794355
dyf3,4,49.393671,8.582150
csyz,4,57.206441,10.143477
dxf3,4,48.355868,8.287591
dzf3,4,185.708892,32.891080
csxz,4,57.359787,10.191009
#========================= OptEWE [OpenMP] =========================
#Source type                                  :  Force monopole
#Grid Size                                    :  512 x 512 x 512
#Iterations                                   :  5
#Compute time                                 :  11.010755
#Total effective MLUPS                        :  60.948469
#===================================================================
#Number of threads                            :  10
