dxf,0,52.703896,8.417861
dzb,0,257.773401,40.638498
dyb,0,59.324712,9.423390
cvx,0,84.404915,13.231329
dyf,0,58.836720,9.375999
dzb2,0,257.945700,40.668151
dxb,0,52.939360,8.457920
cvy,0,265.666675,37.884614
dzf,0,256.738485,40.453849
dxb2,0,53.381975,8.520006
dyb2,0,59.539258,9.470036
cvz,0,85.700769,13.697347
dzb3,0,257.263285,40.557953
dxb3,0,55.231991,8.786489
dyb3,0,59.528198,9.452053
csxxsyyszz,0,229.094049,34.604730
dyf2,0,58.978366,9.396728
dxf2,0,52.176101,8.373298
csxy,0,49.643669,8.254233
dzf2,0,257.011958,40.620416
dyf3,0,58.610614,9.367075
csyz,0,56.636960,9.401003
dxf3,0,53.472251,8.561515
dzf3,0,257.815742,40.746583
csxz,0,56.028658,9.320560
dxf,1,52.236357,8.391916
dzb,1,257.571195,40.709922
dyb,1,59.455245,9.469222
cvx,1,84.279570,13.261782
dyf,1,58.962218,9.416020
dzb2,1,257.648069,40.699317
dxb,1,52.798406,8.476833
cvy,1,82.388443,12.986723
dzf,1,256.224680,40.491195
dxb2,1,53.385175,8.557522
dyb2,1,59.508568,9.496738
cvz,1,85.779769,13.723284
dzb3,1,257.121651,40.620132
dxb3,1,55.232140,8.805771
dyb3,1,59.228614,9.437982
csxxsyyszz,1,228.122612,34.522761
dyf2,1,58.816678,9.384078
dxf2,1,52.230694,8.390643
csxy,1,49.684194,8.264990
dzf2,1,256.626850,40.554626
dyf3,1,58.499339,9.354410
csyz,1,56.611961,9.399293
dxf3,1,53.428438,8.559114
dzf3,1,258.891675,40.886214
csxz,1,56.005321,9.322351
dxf,2,52.225830,8.388290
dzb,2,257.432885,40.667064
dyb,2,59.385288,9.471466
cvx,2,84.297471,13.255164
dyf,2,58.301889,9.317978
dzb2,2,257.708607,40.703282
dxb,2,52.967631,8.495910
cvy,2,82.402850,12.991201
dzf,2,257.614621,40.702239
dxb2,2,53.403896,8.556760
dyb2,2,59.627468,9.499584
cvz,2,85.604356,13.694606
dzb3,2,257.194771,40.623491
dxb3,2,55.243478,8.798493
dyb3,2,59.466656,9.475670
csxxsyyszz,2,230.184017,34.810743
dyf2,2,58.454540,9.327761
dxf2,2,52.181319,8.392374
csxy,2,49.692607,8.267242
dzf2,2,256.818281,40.609887
dyf3,2,58.656943,9.404174
csyz,2,56.620443,9.403142
dxf3,2,53.382776,8.549373
dzf3,2,257.502606,40.682801
csxz,2,56.066314,9.344949
dxf,3,52.338231,8.408645
dzb,3,257.656694,40.721073
dyb,3,59.424404,9.477340
cvx,3,84.248252,13.246078
dyf,3,58.800150,9.389281
dzb2,3,257.579618,40.711129
dxb,3,52.938174,8.494371
cvy,3,82.402149,12.988271
dzf,3,256.149191,40.512649
dxb2,3,53.390964,8.546316
dyb2,3,59.392916,9.479499
cvz,3,85.811393,13.728343
dzb3,3,257.088124,40.655409
dxb3,3,55.211177,8.802913
dyb3,3,59.450821,9.471441
csxxsyyszz,3,228.659213,34.608814
dyf2,3,58.946867,9.419095
dxf2,3,52.237186,8.394951
csxy,3,49.738018,8.276138
dzf2,3,256.664558,40.579113
dyf3,3,58.661255,9.371380
csyz,3,56.488402,9.387179
dxf3,3,53.368781,8.557684
dzf3,3,257.505125,40.703705
csxz,3,56.098780,9.344315
dxf,4,52.419002,8.423928
dzb,4,257.482332,40.721973
dyb,4,59.316916,9.451081
cvx,4,84.240760,13.240370
dyf,4,58.694563,9.381959
dzb2,4,257.625087,40.718315
dxb,4,52.833083,8.477264
cvy,4,82.408198,12.989960
dzf,4,256.393614,40.531929
dxb2,4,53.442830,8.562756
dyb2,4,59.476045,9.497154
cvz,4,85.639982,13.712240
dzb3,4,257.107754,40.648462
dxb3,4,55.259708,8.827859
dyb3,4,59.360797,9.458437
csxxsyyszz,4,228.338107,34.558351
dyf2,4,58.894708,9.418491
dxf2,4,52.154736,8.403552
csxy,4,49.624677,8.256184
dzf2,4,256.591773,40.562260
dyf3,4,58.349805,9.348368
csyz,4,56.525766,9.387784
dxf3,4,53.376629,8.554332
dzf3,4,257.403719,40.709913
csxz,4,55.973964,9.368512
#========================= OptEWE [OpenMP] =========================
#Source type                                  :  Force monopole
#Grid Size                                    :  512 x 512 x 512
#Iterations                                   :  5
#Compute time                                 :  14.489256
#Total effective MLUPS                        :  46.316294
#===================================================================
#Number of threads                            :  6
