dxf,0,37.327364,6.702535
dzb,0,153.776170,28.237272
dyb,0,36.351400,6.643338
cvx,0,45.811607,8.548494
dyf,0,36.455293,6.704056
dzb2,0,153.652166,28.248826
dxb,0,36.010746,6.533818
cvy,0,282.985601,44.206784
dzf,0,152.953394,28.122070
dxb2,0,36.031408,6.559138
dyb2,0,36.598946,6.730955
cvz,0,53.572038,9.978401
dzb3,0,153.703369,28.265429
dxb3,0,35.927948,6.550296
dyb3,0,36.658289,6.744160
csxxsyyszz,0,90.857619,16.798536
dyf2,0,36.448982,6.693184
dxf2,0,36.233489,6.621670
csxy,0,37.469048,7.009234
dzf2,0,153.752965,28.546221
dyf3,0,36.272252,6.779451
csyz,0,45.168681,8.548053
dxf3,0,36.029565,6.700314
dzf3,0,153.355383,28.750052
csxz,0,45.069385,8.513679
dxf,1,35.986944,6.699164
dzb,1,153.804547,28.830041
dyb,1,36.301893,6.782841
cvx,1,45.841573,8.723919
dyf,1,36.443758,6.824213
dzb2,1,153.434246,28.776592
dxb,1,35.993287,6.682105
cvy,1,45.696293,8.683997
dzf,1,153.044644,28.459391
dxb2,1,36.003437,6.549783
dyb2,1,36.612945,6.740636
cvz,1,53.613697,9.995664
dzb3,1,153.662654,28.269219
dxb3,1,36.005223,6.550819
dyb3,1,36.530278,6.723854
csxxsyyszz,1,90.584968,16.761911
dyf2,1,36.554246,6.714197
dxf2,1,36.379868,6.649019
csxy,1,37.466230,7.014831
dzf2,1,152.762023,28.165497
dyf3,1,36.349191,6.690164
csyz,1,45.175450,8.408401
dxf3,1,36.030873,6.584642
dzf3,1,153.339604,28.258262
csxz,1,45.049149,8.372432
dxf,2,36.002501,6.585378
dzb,2,153.598604,28.293110
dyb,2,36.406427,6.671717
cvx,2,45.806197,8.563322
dyf,2,36.448776,6.710291
dzb2,2,153.770646,28.331621
dxb,2,36.040263,6.576636
cvy,2,45.628973,8.524851
dzf,2,153.126032,28.201616
dxb2,2,35.965075,6.550261
dyb2,2,36.548364,6.733916
cvz,2,53.552903,9.986886
dzb3,2,153.655433,28.288956
dxb3,2,35.989267,6.557949
dyb3,2,36.608276,6.740860
csxxsyyszz,2,90.909358,16.818601
dyf2,2,36.394619,6.696490
dxf2,2,36.198966,6.623577
csxy,2,37.448841,7.013616
dzf2,2,152.894906,28.189501
dyf3,2,36.276641,6.676811
csyz,2,45.251313,8.421799
dxf3,2,36.013658,6.580903
dzf3,2,153.335844,28.262145
csxz,2,45.046356,8.375267
dxf,3,35.987305,6.587500
dzb,3,153.709179,28.326122
dyb,3,36.388184,6.669212
cvx,3,45.791676,8.564626
dyf,3,36.466626,6.710819
dzb2,3,153.571215,28.298344
dxb,3,35.927992,6.560014
cvy,3,45.594643,8.526077
dzf,3,153.013331,28.193816
dxb2,3,35.956946,6.555704
dyb2,3,36.657478,6.751005
cvz,3,53.535074,9.984169
dzb3,3,153.754948,28.315957
dxb3,3,35.925631,6.548538
dyb3,3,36.626657,6.748341
csxxsyyszz,3,90.846759,16.806280
dyf2,3,38.059667,6.957545
dxf2,3,36.235107,6.594789
csxy,3,37.468124,7.016146
dzf2,3,153.100334,28.212934
dyf3,3,36.300366,6.667446
csyz,3,45.178293,8.413616
dxf3,3,36.072345,6.593763
dzf3,3,153.441703,28.283389
csxz,3,45.070239,8.370119
dxf,4,37.035010,6.744289
dzb,4,153.761284,28.332996
dyb,4,36.220607,6.639571
cvx,4,45.787370,8.571128
dyf,4,36.352894,6.695270
dzb2,4,153.711929,28.319191
dxb,4,35.975606,6.558012
cvy,4,45.718303,8.542027
dzf,4,152.930332,28.189205
dxb2,4,36.006213,6.563317
dyb2,4,36.493137,6.725421
cvz,4,53.578307,10.000269
dzb3,4,153.433866,28.256949
dxb3,4,35.902381,6.543694
dyb3,4,36.620147,6.743407
csxxsyyszz,4,90.152850,16.691873
dyf2,4,36.425138,6.704262
dxf2,4,36.190300,6.632468
csxy,4,37.460904,7.017436
dzf2,4,153.017988,28.212567
dyf3,4,36.312287,6.676563
csyz,4,45.175281,8.421946
dxf3,4,35.994341,6.588059
dzf3,4,154.745948,28.485033
csxz,4,45.009072,8.382172
#========================= OptEWE [OpenMP] =========================
#Source type                                  :  Force monopole
#Grid Size                                    :  512 x 512 x 512
#Iterations                                   :  5
#Compute time                                 :  8.837274
#Total effective MLUPS                        :  75.938425
#===================================================================
#Number of threads                            :  18
