dxf,0,104.439134,14.407551
dzb,0,610.120012,81.763930
dyb,0,128.227721,17.471150
cvx,0,216.182807,28.854206
dyf,0,125.203820,17.105232
dzb2,0,609.063857,81.736791
dxb,0,115.674077,15.827946
cvy,0,521.184611,66.931861
dzf,0,607.798627,81.551179
dxb2,0,108.750803,14.958673
dyb2,0,127.813879,17.432351
cvz,0,216.389459,29.002267
dzb3,0,608.603353,81.609717
dxb3,0,121.519354,16.545156
dyb3,0,127.853223,17.440567
csxxsyyszz,0,595.467983,78.364632
dyf2,0,126.918007,18.108125
dxf2,0,105.272225,14.633085
csxy,0,90.440943,12.894961
dzf2,0,609.395741,81.965221
dyf3,0,125.664264,17.160964
csyz,0,102.841366,14.488024
dxf3,0,113.532528,15.580982
dzf3,0,609.074526,81.746322
csxz,0,103.132540,14.475634
dxf,1,104.539818,14.483942
dzb,1,611.054647,82.082555
dyb,1,128.427313,17.502790
cvx,1,216.471724,28.878122
dyf,1,127.112337,17.349848
dzb2,1,610.149126,81.765589
dxb,1,115.773369,15.802941
cvy,1,213.393582,28.465959
dzf,1,609.605935,81.573952
dxb2,1,108.926101,14.943794
dyb2,1,128.639736,17.527782
cvz,1,216.564741,29.019550
dzb3,1,608.638547,81.620298
dxb3,1,121.423896,16.534874
dyb3,1,127.872885,17.430610
csxxsyyszz,1,586.747044,76.775924
dyf2,1,127.384011,17.364835
dxf2,1,105.014711,14.497182
csxy,1,90.299794,12.788340
dzf2,1,607.414271,81.514320
dyf3,1,126.807850,17.304565
csyz,1,102.644014,14.427775
dxf3,1,113.460740,15.556207
dzf3,1,607.766361,81.561071
csxz,1,102.872943,14.463787
dxf,2,104.459101,14.440978
dzb,2,610.524984,81.873568
dyb,2,128.331480,17.477143
cvx,2,219.980239,29.362384
dyf,2,127.339112,17.361305
dzb2,2,610.068266,81.831136
dxb,2,115.565118,15.796739
cvy,2,213.012537,28.444851
dzf,2,608.666013,81.608390
dxb2,2,109.060242,14.999099
dyb2,2,128.517732,17.550208
cvz,2,217.009569,29.081883
dzb3,2,608.184085,81.541033
dxb3,2,121.470911,16.552510
dyb3,2,127.965556,17.446466
csxxsyyszz,2,588.090507,76.926846
dyf2,2,127.398891,17.344272
dxf2,2,105.248390,14.504236
csxy,2,90.583290,12.812120
dzf2,2,608.416862,81.523868
dyf3,2,126.778249,17.293345
csyz,2,102.680854,14.433447
dxf3,2,113.434927,15.560436
dzf3,2,607.928651,81.564383
csxz,2,102.933440,14.468210
dxf,3,104.471568,14.434570
dzb,3,609.707345,81.776746
dyb,3,125.531452,17.128494
cvx,3,216.127445,28.827856
dyf,3,125.361058,17.105244
dzb2,3,609.885131,81.806206
dxb,3,115.620083,15.803758
cvy,3,213.032006,28.444726
dzf,3,609.141210,81.712652
dxb2,3,108.840341,14.963320
dyb2,3,128.309517,17.503515
cvz,3,216.491358,28.999662
dzb3,3,608.867467,81.647503
dxb3,3,121.357014,16.543526
dyb3,3,127.843740,17.427381
csxxsyyszz,3,590.420435,77.250578
dyf2,3,127.322642,17.361157
dxf2,3,105.159309,14.523901
csxy,3,90.228361,12.784353
dzf2,3,608.066844,81.568801
dyf3,3,126.721938,17.286654
csyz,3,102.740799,14.426561
dxf3,3,113.529800,15.564195
dzf3,3,609.144194,81.658967
csxz,3,103.073905,14.484828
dxf,4,104.505732,14.417477
dzb,4,610.835834,81.864476
dyb,4,127.366147,17.358697
cvx,4,216.579360,28.861683
dyf,4,125.340219,17.111653
dzb2,4,609.450089,81.730023
dxb,4,115.824291,15.796156
cvy,4,213.399152,28.541391
dzf,4,608.999467,82.172745
dxb2,4,108.955858,15.065252
dyb2,4,127.945340,17.458587
cvz,4,217.625582,29.581055
dzb3,4,610.018361,83.183278
dxb3,4,121.634260,16.562778
dyb3,4,128.475722,17.540518
csxxsyyszz,4,588.483617,77.111924
dyf2,4,127.421871,17.375676
dxf2,4,105.159603,14.545194
csxy,4,90.531413,12.813393
dzf2,4,609.076377,81.751555
dyf3,4,127.012846,17.334545
csyz,4,102.837334,14.514649
dxf3,4,113.847890,15.606070
dzf3,4,609.090735,81.799089
csxz,4,103.210265,14.529655
#========================= OptEWE [OpenMP] =========================
#Source type                                  :  Force monopole
#Grid Size                                    :  512 x 512 x 512
#Iterations                                   :  5
#Compute time                                 :  33.414295
#Total effective MLUPS                        :  20.083878
#===================================================================
#Number of threads                            :  3
