dxf,0,48.847672,8.028237
dzb,0,186.153454,31.612049
dyb,0,49.038467,8.096034
cvx,0,58.293984,9.932202
dyf,0,49.339053,8.176255
dzb2,0,185.730238,31.564083
dxb,0,48.580284,7.984412
cvy,0,221.572108,32.616556
dzf,0,185.632175,31.502499
dxb2,0,48.304688,7.960009
dyb2,0,49.579198,8.195271
cvz,0,67.112344,11.479250
dzb3,0,185.808827,31.534589
dxb3,0,48.817499,8.061355
dyb3,0,49.459675,8.179272
csxxsyyszz,0,131.047374,21.559140
dyf2,0,49.402196,8.182602
dxf2,0,48.543355,7.998610
csxy,0,47.670979,8.168763
dzf2,0,185.569600,31.507013
dyf3,0,48.895633,8.107385
csyz,0,56.767989,9.700352
dxf3,0,48.735417,8.055842
dzf3,0,185.830577,31.526479
csxz,0,56.728243,9.713611
dxf,1,48.492870,8.023266
dzb,1,186.180396,31.582829
dyb,1,49.216203,8.120673
cvx,1,58.271165,9.928921
dyf,1,49.085320,8.126387
dzb2,1,185.883916,31.547457
dxb,1,48.556873,7.998773
cvy,1,58.244697,9.930478
dzf,1,185.947403,31.554627
dxb2,1,48.231446,7.945407
dyb2,1,49.528105,8.209283
cvz,1,67.403735,11.547041
dzb3,1,185.871332,31.531033
dxb3,1,48.769538,8.043682
dyb3,1,51.227303,8.459875
csxxsyyszz,1,130.939972,21.524621
dyf2,1,49.264712,8.150049
dxf2,1,48.626441,8.008410
csxy,1,47.627229,8.145471
dzf2,1,185.622026,31.511696
dyf3,1,48.861768,8.101403
csyz,1,56.813302,9.717523
dxf3,1,48.636123,8.025203
dzf3,1,187.388728,31.758299
csxz,1,56.784147,9.742397
dxf,2,48.388334,7.995567
dzb,2,186.077827,31.577555
dyb,2,49.204107,8.133632
cvx,2,58.297881,9.957399
dyf,2,49.309466,8.171835
dzb2,2,185.709892,31.530833
dxb,2,48.543757,8.000254
cvy,2,58.343985,9.939992
dzf,2,186.950368,31.715060
dxb2,2,48.290384,7.947510
dyb2,2,49.496980,8.207521
cvz,2,67.346195,11.513881
dzb3,2,185.807192,31.534808
dxb3,2,48.771250,8.057986
dyb3,2,49.460086,8.185765
csxxsyyszz,2,130.143567,21.417490
dyf2,2,49.227631,8.154050
dxf2,2,48.555724,8.020070
csxy,2,47.656927,8.153346
dzf2,2,185.658296,31.518970
dyf3,2,48.856074,8.124276
csyz,2,56.809938,9.716703
dxf3,2,48.671444,8.025556
dzf3,2,186.315463,31.631633
csxz,2,56.832567,9.732209
dxf,3,48.400172,7.986996
dzb,3,186.174883,31.597120
dyb,3,48.960889,8.120041
cvx,3,58.280478,9.955277
dyf,3,48.998297,8.134942
dzb2,3,185.734246,31.541920
dxb,3,48.449564,8.030152
cvy,3,58.378803,9.952126
dzf,3,185.648267,31.528188
dxb2,3,48.276674,7.964565
dyb2,3,49.549757,8.215787
cvz,3,67.188221,11.489307
dzb3,3,185.770083,31.540680
dxb3,3,48.780524,8.062933
dyb3,3,49.627402,8.208226
csxxsyyszz,3,130.932929,21.541070
dyf2,3,49.434094,8.185946
dxf2,3,48.566039,8.041200
csxy,3,47.650424,8.140199
dzf2,3,185.627803,31.528063
dyf3,3,49.070819,8.165480
csyz,3,56.787785,9.717320
dxf3,3,48.695425,8.024762
dzf3,3,185.836191,31.564450
csxz,3,56.787583,9.709697
dxf,4,48.354678,7.974170
dzb,4,186.246769,31.607091
dyb,4,49.220126,8.151118
cvx,4,58.311670,9.958175
dyf,4,49.245402,8.169546
dzb2,4,185.902374,31.564383
dxb,4,48.526769,8.024629
cvy,4,58.388450,9.936497
dzf,4,185.541073,31.503410
dxb2,4,48.395266,7.979169
dyb2,4,49.505725,8.218071
cvz,4,67.230731,11.494506
dzb3,4,185.837403,31.573227
dxb3,4,48.785458,8.065090
dyb3,4,49.509430,8.191869
csxxsyyszz,4,130.209431,21.445591
dyf2,4,49.342575,8.178532
dxf2,4,48.650928,8.026065
csxy,4,47.660256,8.145648
dzf2,4,185.687198,31.535296
dyf3,4,49.039080,8.150463
csyz,4,56.777013,9.722818
dxf3,4,48.570058,8.012602
dzf3,4,185.937240,31.572043
csxz,4,56.804399,9.743374
#========================= OptEWE [OpenMP] =========================
#Source type                                  :  Force monopole
#Grid Size                                    :  512 x 512 x 512
#Iterations                                   :  5
#Compute time                                 :  11.057386
#Total effective MLUPS                        :  60.691434
#===================================================================
#Number of threads                            :  12
