dxf,0,58.412825,8.442357
dzb,0,314.874029,44.138537
dyb,0,69.405537,9.871960
cvx,0,109.258504,15.132179
dyf,0,67.646379,9.669878
dzb2,0,314.633982,44.151560
dxb,0,59.889962,8.625136
cvy,0,358.503583,46.132315
dzf,0,314.029123,44.322203
dxb2,0,60.374067,8.708837
dyb2,0,69.543507,9.932478
cvz,0,108.789111,15.461157
dzb3,0,314.012158,44.274471
dxb3,0,59.544178,8.576924
dyb3,0,69.474775,9.903213
csxxsyyszz,0,298.384369,40.262121
dyf2,0,68.744761,9.795146
dxf2,0,58.606783,8.518862
csxy,0,51.769432,7.813643
dzf2,0,317.212838,44.524649
dyf3,0,68.414515,9.786574
csyz,0,60.275727,9.062504
dxf3,0,58.299439,8.455726
dzf3,0,318.567965,44.834956
csxz,0,59.444440,9.059917
dxf,1,57.872463,8.411125
dzb,1,314.638155,44.382399
dyb,1,69.324094,9.899432
cvx,1,109.223712,15.175331
dyf,1,68.532283,9.834015
dzb2,1,314.447608,44.226533
dxb,1,59.889921,8.646853
cvy,1,107.557084,14.946117
dzf,1,314.266543,44.175706
dxb2,1,60.494872,8.730044
dyb2,1,69.521841,9.994621
cvz,1,108.806588,15.410598
dzb3,1,314.296770,44.316341
dxb3,1,59.586807,8.612613
dyb3,1,69.508701,9.933258
csxxsyyszz,1,298.341437,40.390457
dyf2,1,68.390179,9.815944
dxf2,1,58.645187,8.506484
csxy,1,51.869946,7.795172
dzf2,1,317.035227,44.517857
dyf3,1,68.348012,9.745328
csyz,1,60.240052,9.032121
dxf3,1,58.060885,8.416409
dzf3,1,318.457838,44.789228
csxz,1,59.541386,8.977450
dxf,2,57.941056,8.407222
dzb,2,314.729949,44.365094
dyb,2,69.055405,9.860455
cvx,2,109.362620,15.241429
dyf,2,68.523576,9.874492
dzb2,2,314.460336,44.315770
dxb,2,59.878093,8.645758
cvy,2,107.530382,14.944256
dzf,2,314.232558,44.158872
dxb2,2,60.295368,8.694689
dyb2,2,69.292727,9.939114
cvz,2,108.803991,15.359785
dzb3,2,317.406827,44.581604
dxb3,2,59.587715,8.604808
dyb3,2,69.424707,9.994224
csxxsyyszz,2,298.448163,40.379289
dyf2,2,68.456256,9.849021
dxf2,2,58.647112,8.494545
csxy,2,51.790960,7.799669
dzf2,2,316.951793,44.621803
dyf3,2,68.373254,9.794468
csyz,2,60.227301,9.086065
dxf3,2,58.045725,8.450732
dzf3,2,317.672192,44.623481
csxz,2,59.417494,8.949151
dxf,3,58.035020,8.400085
dzb,3,314.693199,44.207049
dyb,3,69.004420,9.825111
cvx,3,109.490645,15.270739
dyf,3,68.404457,9.751544
dzb2,3,314.561718,44.318112
dxb,3,59.866239,8.657419
cvy,3,107.515142,14.984553
dzf,3,313.955761,44.231631
dxb2,3,60.335714,8.757072
dyb2,3,69.596078,9.936678
cvz,3,108.792935,15.356617
dzb3,3,314.166440,44.131809
dxb3,3,59.468935,8.620314
dyb3,3,69.229121,9.886357
csxxsyyszz,3,294.078561,39.758228
dyf2,3,68.510991,9.776518
dxf2,3,58.670011,8.494928
csxy,3,51.848226,7.804014
dzf2,3,317.184513,44.630420
dyf3,3,68.024489,9.846180
csyz,3,60.212832,9.079391
dxf3,3,58.236469,8.443681
dzf3,3,317.819924,44.715842
csxz,3,59.464479,8.966585
dxf,4,58.102299,8.424228
dzb,4,314.775257,44.249954
dyb,4,69.315203,9.873267
cvx,4,109.127599,15.225143
dyf,4,68.573636,9.777131
dzb2,4,314.524227,44.212550
dxb,4,59.819755,8.613922
cvy,4,107.499072,15.037172
dzf,4,313.785697,44.208917
dxb2,4,60.253750,8.691117
dyb2,4,69.223789,9.901073
cvz,4,108.749172,15.439540
dzb3,4,314.188195,44.234291
dxb3,4,59.556125,8.669809
dyb3,4,69.611995,9.933926
csxxsyyszz,4,298.322556,40.286720
dyf2,4,68.691608,9.789045
dxf2,4,58.553713,8.466013
csxy,4,51.840233,7.784593
dzf2,4,316.991513,44.516747
dyf3,4,68.331957,9.831016
csyz,4,60.295720,9.061134
dxf3,4,58.384870,8.464954
dzf3,4,317.629039,44.713505
csxz,4,59.411719,8.992537
#========================= OptEWE [OpenMP] =========================
#Source type                                  :  Force monopole
#Grid Size                                    :  512 x 512 x 512
#Iterations                                   :  5
#Compute time                                 :  17.530741
#Total effective MLUPS                        :  38.280678
#===================================================================
#Number of threads                            :  7
