dxf,0,65.760887,9.867445
dzb,0,358.089221,52.119139
dyb,0,78.815242,11.656651
cvx,0,118.808570,17.231945
dyf,0,77.793033,11.536017
dzb2,0,357.811551,52.085624
dxb,0,67.692849,10.120326
cvy,0,325.674936,44.061228
dzf,0,357.120890,51.992672
dxb2,0,67.586948,10.099106
dyb2,0,78.811490,11.669518
cvz,0,119.246402,17.467996
dzb3,0,359.346499,52.297606
dxb3,0,70.800242,10.518261
dyb3,0,78.578243,11.625651
csxxsyyszz,0,323.029218,45.451080
dyf2,0,77.240222,11.462351
dxf2,0,69.141074,10.332938
csxy,0,59.339941,9.217268
dzf2,0,358.489588,52.091025
dyf3,0,77.407578,11.459873
csyz,0,66.846654,10.320926
dxf3,0,66.717290,9.966753
dzf3,0,357.067177,51.914483
csxz,0,65.212648,10.082532
dxf,1,65.722244,9.848527
dzb,1,358.689562,52.118090
dyb,1,78.388558,11.597097
cvx,1,119.057198,17.224058
dyf,1,77.131414,11.409225
dzb2,1,358.339859,52.098384
dxb,1,67.435920,10.089488
cvy,1,116.362099,16.927110
dzf,1,356.754119,51.996662
dxb2,1,67.249740,10.060415
dyb2,1,78.440231,11.616263
cvz,1,119.395734,17.488761
dzb3,1,357.379474,52.056201
dxb3,1,70.657369,10.502678
dyb3,1,78.448075,11.598180
csxxsyyszz,1,319.261706,44.940808
dyf2,1,77.388674,11.470544
dxf2,1,69.392232,10.355569
csxy,1,59.285983,9.201476
dzf2,1,357.623923,52.116961
dyf3,1,77.433078,11.481169
csyz,1,66.778025,10.312172
dxf3,1,66.912453,10.025306
dzf3,1,356.371319,51.916605
csxz,1,64.915149,10.073528
dxf,2,65.458314,9.827418
dzb,2,357.615419,52.081604
dyb,2,78.521798,11.608589
cvx,2,118.703130,17.236807
dyf,2,77.786983,11.542751
dzb2,2,357.214855,52.054362
dxb,2,67.457496,10.108725
cvy,2,116.135969,16.923987
dzf,2,356.544460,52.086364
dxb2,2,67.316479,10.095033
dyb2,2,78.442152,11.648782
cvz,2,119.065045,17.489277
dzb3,2,356.907471,52.105249
dxb3,2,70.794893,10.524472
dyb3,2,78.479160,11.609643
csxxsyyszz,2,322.954104,45.439965
dyf2,2,77.573335,11.506015
dxf2,2,69.186020,10.314198
csxy,2,59.202000,9.181526
dzf2,2,358.008628,52.155019
dyf3,2,77.731623,11.549664
csyz,2,66.959947,10.350604
dxf3,2,66.811701,10.004438
dzf3,2,357.887173,52.137879
csxz,2,65.241393,10.108521
dxf,3,65.590528,9.852040
dzb,3,359.336040,52.324701
dyb,3,78.518087,11.619940
cvx,3,118.757707,17.228898
dyf,3,77.658391,11.526987
dzb2,3,357.341290,52.047902
dxb,3,67.214486,10.059646
cvy,3,117.975167,17.153985
dzf,3,356.628954,51.966590
dxb2,3,67.320840,10.059221
dyb2,3,78.266529,11.609861
cvz,3,119.175084,17.458780
dzb3,3,357.219274,52.034110
dxb3,3,70.776204,10.528329
dyb3,3,78.809912,11.669285
csxxsyyszz,3,324.090897,45.622130
dyf2,3,77.528401,11.498615
dxf2,3,69.334193,10.359724
csxy,3,59.245202,9.206194
dzf2,3,357.280409,52.104221
dyf3,3,77.508420,11.499576
csyz,3,66.840528,10.337674
dxf3,3,66.620495,9.991359
dzf3,3,356.179032,51.955376
csxz,3,65.110729,10.104553
dxf,4,65.533729,9.842530
dzb,4,357.315082,52.092233
dyb,4,78.548638,11.631948
cvx,4,118.613049,17.217178
dyf,4,77.758503,11.544185
dzb2,4,357.119330,52.067922
dxb,4,67.411503,10.091697
cvy,4,116.127102,16.901537
dzf,4,356.445153,51.970922
dxb2,4,67.295746,10.079610
dyb2,4,78.449847,11.634235
cvz,4,119.153911,17.480174
dzb3,4,357.229416,52.062579
dxb3,4,70.954225,10.561462
dyb3,4,78.524215,11.636061
csxxsyyszz,4,323.889150,45.571950
dyf2,4,77.488001,11.498385
dxf2,4,69.352873,10.636142
csxy,4,59.335726,9.461130
dzf2,4,358.416924,53.539647
dyf3,4,77.353010,11.734280
csyz,4,66.941314,10.337634
dxf3,4,66.646583,10.016344
dzf3,4,356.786559,51.991674
csxz,4,65.065418,10.128258
#========================= OptEWE [OpenMP] =========================
#Source type                                  :  Force monopole
#Grid Size                                    :  512 x 512 x 512
#Iterations                                   :  5
#Compute time                                 :  19.653799
#Total effective MLUPS                        :  34.145492
#===================================================================
#Number of threads                            :  4
