dxf,0,124.228798,16.034881
dzb,0,674.915654,83.904444
dyb,0,148.013921,18.942821
cvx,0,225.722090,28.542781
dyf,0,144.245855,18.503359
dzb2,0,692.329784,85.943912
dxb,0,131.370582,16.871489
cvy,0,526.046351,64.047761
dzf,0,669.477192,83.257119
dxb2,0,130.967992,16.826410
dyb2,0,147.844365,18.921350
cvz,0,225.969263,28.661388
dzb3,0,669.368760,83.315210
dxb3,0,126.021239,16.250094
dyb3,0,147.551735,18.898257
csxxsyyszz,0,616.441964,76.506007
dyf2,0,146.035266,18.719278
dxf2,0,124.400946,16.049326
csxy,0,107.868795,14.267503
dzf2,0,637.791363,79.525669
dyf3,0,145.481032,18.650272
csyz,0,120.263918,15.783653
dxf3,0,123.082683,15.894282
dzf3,0,654.077888,81.484917
csxz,0,117.700021,15.492512
dxf,1,123.983571,16.004419
dzb,1,674.355265,83.870066
dyb,1,148.011519,18.952628
cvx,1,225.664569,28.531034
dyf,1,146.353540,18.766133
dzb2,1,691.921870,85.887421
dxb,1,131.265957,16.860026
cvy,1,220.843456,27.953608
dzf,1,671.069170,84.391932
dxb2,1,131.071909,17.087145
dyb2,1,147.895335,19.205549
cvz,1,225.767300,29.057096
dzb3,1,669.926412,84.377155
dxb3,1,125.877881,16.266990
dyb3,1,147.443590,18.870552
csxxsyyszz,1,614.813141,76.287729
dyf2,1,144.517472,18.526818
dxf2,1,124.363961,16.049860
csxy,1,107.636468,14.224924
dzf2,1,637.656066,79.465640
dyf3,1,145.362318,18.673001
csyz,1,120.288856,15.798634
dxf3,1,123.271026,15.912933
dzf3,1,654.159685,81.474789
csxz,1,117.724734,15.499351
dxf,2,123.685234,15.954776
dzb,2,674.801679,83.848224
dyb,2,145.647007,18.641206
cvx,2,225.981040,28.566815
dyf,2,146.293095,18.766908
dzb2,2,691.868920,85.873360
dxb,2,131.160177,16.859506
cvy,2,221.052325,27.946639
dzf,2,668.983952,83.206000
dxb2,2,131.126400,16.848879
dyb2,2,147.818051,18.926414
cvz,2,227.540779,28.838309
dzb3,2,670.103389,83.339370
dxb3,2,126.159471,16.268658
dyb3,2,149.172074,19.095754
csxxsyyszz,2,619.613737,76.882738
dyf2,2,144.464732,18.511399
dxf2,2,124.425321,16.061235
csxy,2,107.825123,14.256533
dzf2,2,637.625557,79.443502
dyf3,2,143.344814,18.385208
csyz,2,120.210302,15.772182
dxf3,2,123.371027,15.938426
dzf3,2,654.026456,81.419064
csxz,2,117.690729,15.490300
dxf,3,123.709705,15.963871
dzb,3,674.836794,83.857828
dyb,3,148.001626,18.943961
cvx,3,225.650470,28.528630
dyf,3,144.252590,18.492860
dzb2,3,691.804145,85.841861
dxb,3,131.164671,16.846647
cvy,3,220.971908,27.936647
dzf,3,670.201165,83.309768
dxb2,3,130.946973,16.830406
dyb2,3,147.921440,18.929228
cvz,3,225.826192,28.609790
dzb3,3,669.928128,83.318814
dxb3,3,125.872037,16.213953
dyb3,3,147.576859,18.881914
csxxsyyszz,3,616.534568,76.471983
dyf2,3,146.464943,18.800828
dxf2,3,124.382732,16.050678
csxy,3,107.597974,14.222181
dzf2,3,637.781982,79.470602
dyf3,3,148.716202,19.099621
csyz,3,120.377421,15.810513
dxf3,3,123.485568,15.966930
dzf3,3,654.229624,81.510676
csxz,3,119.290448,15.693348
dxf,4,123.696717,15.955886
dzb,4,673.730814,83.814357
dyb,4,148.130972,18.989649
cvx,4,225.892701,28.576421
dyf,4,146.309257,18.783192
dzb2,4,691.910702,85.899638
dxb,4,131.153676,16.847453
cvy,4,220.959784,27.935985
dzf,4,669.443070,83.327078
dxb2,4,131.133103,16.871308
dyb2,4,147.920353,18.960237
cvz,4,225.837274,28.654969
dzb3,4,669.939627,83.332974
dxb3,4,125.938577,16.242853
dyb3,4,147.603864,18.911745
csxxsyyszz,4,615.073433,76.425489
dyf2,4,146.504212,18.818490
dxf2,4,124.564268,16.098695
csxy,4,107.878975,14.264396
dzf2,4,638.085784,80.623757
dyf3,4,143.535781,18.814818
csyz,4,120.599612,16.161089
dxf3,4,123.382206,16.063252
dzf3,4,653.102840,81.423102
csxz,4,117.760099,15.498269
#========================= OptEWE [OpenMP] =========================
#Source type                                  :  Force monopole
#Grid Size                                    :  512 x 512 x 512
#Iterations                                   :  5
#Compute time                                 :  36.670570
#Total effective MLUPS                        :  18.300469
#===================================================================
#Number of threads                            :  2
