dxf,0,49.400837,8.429986
dzb,0,193.203528,33.698286
dyb,0,50.344449,8.613741
cvx,0,60.559333,10.526579
dyf,0,49.683786,8.544515
dzb2,0,193.148552,33.717298
dxb,0,48.670786,8.304574
cvy,0,238.977135,36.138445
dzf,0,192.525485,33.608101
dxb2,0,48.624250,8.320581
dyb2,0,50.474218,8.623811
cvz,0,66.606628,11.843491
dzb3,0,192.718981,33.652309
dxb3,0,49.277450,8.398182
dyb3,0,50.729464,8.662178
csxxsyyszz,0,155.799842,25.911150
dyf2,0,49.861863,8.556931
dxf2,0,48.861987,8.357110
csxy,0,47.137898,8.395837
dzf2,0,192.501433,33.636772
dyf3,0,49.372204,8.476530
csyz,0,55.858329,9.990066
dxf3,0,48.343229,8.283975
dzf3,0,192.468494,33.627792
csxz,0,55.783349,9.985219
dxf,1,48.403280,8.298621
dzb,1,193.192797,33.731090
dyb,1,50.289347,8.607094
cvx,1,60.468206,10.516835
dyf,1,50.008822,8.571223
dzb2,1,193.262040,33.737357
dxb,1,48.627950,8.317567
cvy,1,60.579328,10.546543
dzf,1,192.325419,33.562643
dxb2,1,48.577673,8.293180
dyb2,1,50.586498,8.654547
cvz,1,66.700068,11.856305
dzb3,1,192.837972,33.673709
dxb3,1,49.385761,8.414946
dyb3,1,50.578809,8.632562
csxxsyyszz,1,155.559533,25.907350
dyf2,1,50.278519,8.614426
dxf2,1,48.887392,8.353022
csxy,1,47.065108,8.383232
dzf2,1,192.378094,33.608898
dyf3,1,49.789574,8.538912
csyz,1,55.883116,9.981509
dxf3,1,48.351339,8.291892
dzf3,1,192.572663,33.651576
csxz,1,55.838842,10.005561
dxf,2,48.424659,8.299502
dzb,2,193.123793,33.728203
dyb,2,50.266832,8.591278
cvx,2,60.544237,10.534331
dyf,2,50.094149,8.590183
dzb2,2,193.288250,33.731277
dxb,2,48.605986,8.301902
cvy,2,60.562739,10.569052
dzf,2,192.397712,33.621871
dxb2,2,48.636556,8.314054
dyb2,2,50.599430,8.659192
cvz,2,66.625399,11.869853
dzb3,2,192.931350,33.670746
dxb3,2,49.307593,8.413108
dyb3,2,50.654390,8.668354
csxxsyyszz,2,155.875072,25.900579
dyf2,2,50.175231,8.595162
dxf2,2,48.896691,8.354366
csxy,2,47.045191,8.404167
dzf2,2,192.377041,33.604252
dyf3,2,49.533138,8.498332
csyz,2,55.929761,10.022834
dxf3,2,48.396009,8.304634
dzf3,2,192.515586,33.593349
csxz,2,55.695223,9.991307
dxf,3,48.432147,8.318221
dzb,3,193.231009,33.709520
dyb,3,50.301600,8.604717
cvx,3,60.585384,10.560301
dyf,3,50.153593,8.587597
dzb2,3,193.129929,33.698696
dxb,3,48.645010,8.321823
cvy,3,60.534594,10.538389
dzf,3,192.415719,33.585221
dxb2,3,48.605365,8.343475
dyb2,3,50.527066,8.648630
cvz,3,66.718284,11.857212
dzb3,3,192.739523,33.656642
dxb3,3,49.466436,8.435724
dyb3,3,50.460338,8.629931
csxxsyyszz,3,155.536979,25.876102
dyf2,3,50.232375,8.613041
dxf2,3,48.811040,8.363527
csxy,3,47.149666,8.396970
dzf2,3,192.470059,33.602642
dyf3,3,49.814447,8.568207
csyz,3,55.884076,9.987317
dxf3,3,48.390646,8.294882
dzf3,3,192.609901,33.667515
csxz,3,56.481031,10.090993
dxf,4,48.405001,8.289477
dzb,4,193.140099,33.707527
dyb,4,50.356615,8.613402
cvx,4,60.614719,10.541584
dyf,4,50.136438,8.586708
dzb2,4,193.145745,33.704551
dxb,4,48.616096,8.303386
cvy,4,60.544241,10.544097
dzf,4,193.897187,33.841646
dxb2,4,48.592659,8.302420
dyb2,4,50.650314,8.664856
cvz,4,66.633495,11.845328
dzb3,4,193.392162,34.166196
dxb3,4,49.294751,8.743535
dyb3,4,50.593392,8.978138
csxxsyyszz,4,155.523465,26.881908
dyf2,4,49.852311,8.877499
dxf2,4,48.866275,8.684758
csxy,4,47.021207,8.684289
dzf2,4,192.149133,34.843124
dyf3,4,49.345623,8.810008
csyz,4,55.836674,10.338233
dxf3,4,48.320626,8.576669
dzf3,4,192.160803,34.704834
csxz,4,55.775525,10.043468
#========================= OptEWE [OpenMP] =========================
#Source type                                  :  Force monopole
#Grid Size                                    :  512 x 512 x 512
#Iterations                                   :  5
#Compute time                                 :  11.442467
#Total effective MLUPS                        :  58.648948
#===================================================================
#Number of threads                            :  11
