dxf,0,52.994049,8.785971
dzb,0,257.248942,42.039591
dyb,0,59.491902,9.789587
cvx,0,84.285749,13.685776
dyf,0,59.090473,9.757677
dzb2,0,256.921705,42.028855
dxb,0,53.823574,8.896914
cvy,0,262.677951,38.900216
dzf,0,254.901006,41.757464
dxb2,0,53.158093,8.810350
dyb2,0,59.411478,9.806302
cvz,0,85.644061,14.175199
dzb3,0,256.272787,41.944553
dxb3,0,55.761722,9.194203
dyb3,0,59.312136,9.780182
csxxsyyszz,0,232.666457,36.340337
dyf2,0,58.899984,9.735185
dxf2,0,52.661502,8.734739
csxy,0,50.125420,8.603980
dzf2,0,255.427777,41.837479
dyf3,0,58.296335,9.628125
csyz,0,57.184586,9.799281
dxf3,0,54.105278,8.940414
dzf3,0,255.805298,41.875177
csxz,0,56.298315,9.694473
dxf,1,52.747204,8.761042
dzb,1,256.462795,41.991184
dyb,1,59.126521,9.746546
cvx,1,84.251498,13.715727
dyf,1,58.683426,9.693646
dzb2,1,256.330544,41.956615
dxb,1,53.786795,8.917239
cvy,1,82.455809,13.452567
dzf,1,255.122625,41.788241
dxb2,1,53.289182,8.833166
dyb2,1,59.431623,9.812916
cvz,1,85.806851,14.201527
dzb3,1,256.449247,41.990333
dxb3,1,55.788029,9.181290
dyb3,1,59.241565,9.759319
csxxsyyszz,1,228.360958,35.731663
dyf2,1,58.265622,9.629001
dxf2,1,52.560279,8.730603
csxy,1,50.245988,8.623347
dzf2,1,254.932154,41.689373
dyf3,1,58.336729,9.648409
csyz,1,57.088931,9.775753
dxf3,1,54.133422,8.954248
dzf3,1,255.464530,41.819269
csxz,1,56.297617,9.692047
dxf,2,52.590785,8.748818
dzb,2,256.518188,41.975895
dyb,2,59.116365,9.743903
cvx,2,84.114330,13.663199
dyf,2,58.610800,9.674933
dzb2,2,256.583341,41.979221
dxb,2,53.828134,8.897790
cvy,2,82.535545,13.428484
dzf,2,256.695903,42.004478
dxb2,2,53.328558,8.854358
dyb2,2,59.609129,9.839171
cvz,2,85.760607,14.171940
dzb3,2,256.805404,41.994775
dxb3,2,55.732261,9.167834
dyb3,2,59.349319,9.776705
csxxsyyszz,2,228.655312,35.748890
dyf2,2,59.059768,9.744498
dxf2,2,54.024731,8.954840
csxy,2,50.232720,8.613704
dzf2,2,255.414591,41.763390
dyf3,2,58.438934,9.659590
csyz,2,57.238895,9.798401
dxf3,2,54.086651,8.950737
dzf3,2,255.695515,41.909688
csxz,2,56.235769,9.686369
dxf,3,52.699213,8.749777
dzb,3,256.523737,42.025771
dyb,3,59.365129,9.776877
cvx,3,84.135579,13.680347
dyf,3,58.765078,9.712153
dzb2,3,256.326335,42.025099
dxb,3,53.795108,8.906024
cvy,3,82.502793,13.474965
dzf,3,256.903496,41.988162
dxb2,3,53.242144,8.845214
dyb2,3,59.446242,9.814842
cvz,3,86.002539,14.216806
dzb3,3,256.594310,41.980270
dxb3,3,55.821561,9.201499
dyb3,3,59.602533,9.818784
csxxsyyszz,3,232.641065,36.342958
dyf2,3,58.756315,9.694302
dxf2,3,52.583168,8.724667
csxy,3,50.155749,8.643547
dzf2,3,255.277241,41.767503
dyf3,3,58.314388,9.633172
csyz,3,56.996305,9.778551
dxf3,3,54.119560,8.941083
dzf3,3,255.460203,41.805142
csxz,3,56.291642,9.676218
dxf,4,52.689673,8.752950
dzb,4,256.646900,41.981289
dyb,4,59.323449,9.794933
cvx,4,84.142451,13.690881
dyf,4,58.608474,9.745124
dzb2,4,256.866124,42.033079
dxb,4,53.829702,8.965337
cvy,4,82.573402,13.476175
dzf,4,255.436323,41.871181
dxb2,4,53.194250,8.818760
dyb2,4,59.446438,9.811586
cvz,4,85.924720,14.238442
dzb3,4,256.262339,41.994245
dxb3,4,55.724233,9.203419
dyb3,4,59.502299,9.823122
csxxsyyszz,4,232.066422,36.300667
dyf2,4,58.855073,9.734751
dxf2,4,52.529999,8.741502
csxy,4,50.177655,8.633451
dzf2,4,254.658339,41.849640
dyf3,4,58.445178,9.667928
csyz,4,57.144485,9.805606
dxf3,4,54.121593,8.954586
dzf3,4,255.762442,41.924638
csxz,4,56.325623,9.744984
#========================= OptEWE [OpenMP] =========================
#Source type                                  :  Force monopole
#Grid Size                                    :  512 x 512 x 512
#Iterations                                   :  5
#Compute time                                 :  14.480418
#Total effective MLUPS                        :  46.344562
#===================================================================
#Number of threads                            :  6
