dxf,0,27.533548,6.113990
dzb,0,115.797160,25.928913
dyb,0,28.840962,6.417234
cvx,0,38.724615,8.520746
dyf,0,28.521627,6.385636
dzb2,0,115.711661,25.954768
dxb,0,26.549262,5.917522
cvy,0,279.424218,50.768321
dzf,0,115.183153,25.849265
dxb2,0,26.587518,5.949432
dyb2,0,29.002101,6.498458
cvz,0,40.045874,9.086003
dzb3,0,115.464496,25.932881
dxb3,0,26.523868,5.936610
dyb3,0,28.897447,6.462191
csxxsyyszz,0,104.119994,21.714543
dyf2,0,28.663060,6.408224
dxf2,0,26.683121,6.012755
csxy,0,25.816264,6.110805
dzf2,0,115.031908,25.856862
dyf3,0,28.261781,6.340059
csyz,0,30.824363,7.305735
dxf3,0,26.510494,5.953736
dzf3,0,117.202373,26.305776
csxz,0,30.513090,7.268194
dxf,1,26.484991,5.949309
dzb,1,115.684406,26.020710
dyb,1,28.980715,6.485159
cvx,1,38.725016,8.554356
dyf,1,28.495144,6.370564
dzb2,1,117.331761,26.292174
dxb,1,26.572963,5.949734
cvy,1,38.197405,8.454160
dzf,1,114.930213,25.846417
dxb2,1,26.586368,5.964011
dyb2,1,29.031506,6.490531
cvz,1,40.110616,9.088636
dzb3,1,115.569048,25.970315
dxb3,1,26.510130,5.940163
dyb3,1,28.971634,6.479506
csxxsyyszz,1,103.966822,21.683642
dyf2,1,28.650167,6.414772
dxf2,1,26.664753,5.983618
csxy,1,25.780377,6.111859
dzf2,1,115.026491,25.877027
dyf3,1,28.277829,6.365103
csyz,1,30.939362,7.339517
dxf3,1,26.492133,5.958601
dzf3,1,115.386588,25.955201
csxz,1,30.539028,7.276162
dxf,2,26.500832,5.953932
dzb,2,115.772976,26.030366
dyb,2,28.581945,6.404618
cvx,2,38.855211,8.568059
dyf,2,28.471159,6.372320
dzb2,2,115.906772,26.054628
dxb,2,26.541173,5.934914
cvy,2,38.188586,8.452447
dzf,2,115.082582,25.877474
dxb2,2,26.596875,5.957581
dyb2,2,28.875293,6.473119
cvz,2,40.073983,9.107170
dzb3,2,115.478545,25.964906
dxb3,2,26.510796,5.936643
dyb3,2,28.949488,6.475397
csxxsyyszz,2,104.166531,21.739112
dyf2,2,28.630351,6.397452
dxf2,2,26.679977,6.012404
csxy,2,25.845162,6.120517
dzf2,2,114.959051,25.870989
dyf3,2,28.211757,6.339064
csyz,2,30.754674,7.300150
dxf3,2,26.560608,5.970564
dzf3,2,115.399939,26.006781
csxz,2,30.590500,7.286752
dxf,3,26.490521,5.972430
dzb,3,115.775777,26.040520
dyb,3,28.735091,6.428399
cvx,3,38.726495,8.560976
dyf,3,28.504251,6.373313
dzb2,3,118.185028,26.467659
dxb,3,26.533506,5.950968
cvy,3,38.205227,8.466875
dzf,3,115.230785,25.944284
dxb2,3,26.523885,5.954257
dyb2,3,28.888470,6.486785
cvz,3,40.081496,9.094921
dzb3,3,115.468507,25.986582
dxb3,3,26.509278,5.951688
dyb3,3,29.028332,6.484438
csxxsyyszz,3,104.102461,21.758764
dyf2,3,28.690003,6.430984
dxf2,3,26.700512,5.994026
csxy,3,25.805482,6.121395
dzf2,3,115.096147,25.918274
dyf3,3,28.271781,6.356085
csyz,3,30.821431,7.317200
dxf3,3,26.540130,5.970226
dzf3,3,115.326145,26.001979
csxz,3,30.550911,7.281857
dxf,4,26.532907,5.982460
dzb,4,115.667517,26.032976
dyb,4,28.823679,6.455423
cvx,4,38.727485,8.569908
dyf,4,28.444997,6.366583
dzb2,4,115.673511,26.036797
dxb,4,26.547374,5.947797
cvy,4,38.181667,8.458790
dzf,4,115.001567,25.891816
dxb2,4,26.532476,5.955948
dyb2,4,28.902739,6.486015
cvz,4,40.140257,9.130236
dzb3,4,115.434567,25.983013
dxb3,4,26.518814,5.951935
dyb3,4,28.899859,6.475134
csxxsyyszz,4,104.033769,21.748946
dyf2,4,28.571105,6.410999
dxf2,4,26.656729,5.996455
csxy,4,25.821345,6.130059
dzf2,4,115.136542,25.936720
dyf3,4,28.266181,6.366839
csyz,4,30.891042,7.338191
dxf3,4,26.482324,5.960887
dzf3,4,115.368924,25.972182
csxz,4,30.531069,7.363778
#========================= OptEWE [OpenMP] =========================
#Source type                                  :  Force monopole
#Grid Size                                    :  512 x 512 x 512
#Iterations                                   :  5
#Compute time                                 :  6.909575
#Total effective MLUPS                        :  97.124439
#===================================================================
#Number of threads                            :  22
