dxf,0,99.421318,14.293291
dzb,0,575.831379,80.532935
dyb,0,121.217166,17.233040
cvx,0,203.584315,28.346757
dyf,0,120.123432,17.095065
dzb2,0,578.264561,80.880142
dxb,0,103.764209,14.884852
cvy,0,497.324207,66.454323
dzf,0,576.820238,80.690213
dxb2,0,105.216397,15.062169
dyb2,0,121.172597,17.279901
cvz,0,203.702658,28.468439
dzb3,0,576.415060,80.625182
dxb3,0,108.559662,15.491587
dyb3,0,121.200432,17.265888
csxxsyyszz,0,560.759459,76.527201
dyf2,0,120.212563,17.112307
dxf2,0,101.506458,14.585886
csxy,0,83.793744,12.460869
dzf2,0,574.942889,80.477529
dyf3,0,119.435245,17.015820
csyz,0,96.661443,14.210835
dxf3,0,101.774793,14.631855
dzf3,0,575.499349,80.534624
csxz,0,96.280369,14.167459
dxf,1,99.341053,14.301792
dzb,1,575.513280,80.535202
dyb,1,121.235946,17.244334
cvx,1,203.644316,28.356974
dyf,1,120.206334,17.113022
dzb2,1,576.616815,80.682831
dxb,1,103.821414,14.890091
cvy,1,200.640458,27.960787
dzf,1,575.140894,80.496174
dxb2,1,105.273702,15.066314
dyb2,1,121.286836,17.273759
cvz,1,203.628497,28.679583
dzb3,1,576.363442,80.676421
dxb3,1,108.724309,15.589459
dyb3,1,121.278924,17.286437
csxxsyyszz,1,560.874159,76.577285
dyf2,1,120.123546,17.105297
dxf2,1,101.267343,14.561850
csxy,1,83.826863,12.494394
dzf2,1,576.562449,80.755150
dyf3,1,119.237884,17.011476
csyz,1,96.665571,14.214647
dxf3,1,101.766311,14.678555
dzf3,1,576.859246,80.721744
csxz,1,96.223868,14.812829
dxf,2,98.978105,14.808609
dzb,2,575.927465,81.695483
dyb,2,121.319966,17.415333
cvx,2,203.590476,28.582116
dyf,2,119.974558,17.168507
dzb2,2,576.356633,80.823047
dxb,2,103.726079,14.861107
cvy,2,200.573832,27.915135
dzf,2,575.655116,80.624887
dxb2,2,105.059815,15.075224
dyb2,2,121.062251,17.249279
cvz,2,203.322519,28.465524
dzb3,2,575.334829,80.557842
dxb3,2,108.547876,15.530240
dyb3,2,121.065615,17.247666
csxxsyyszz,2,559.751360,76.396829
dyf2,2,120.057479,17.119015
dxf2,2,101.317082,14.596053
csxy,2,83.727554,12.456443
dzf2,2,573.447926,80.345163
dyf3,2,119.259752,17.019155
csyz,2,96.592978,14.231694
dxf3,2,101.643292,14.629109
dzf3,2,574.359710,80.433042
csxz,2,96.359279,14.187183
dxf,3,99.341504,14.312307
dzb,3,575.610231,80.555128
dyb,3,121.300166,17.259139
cvx,3,203.598523,28.363012
dyf,3,120.141680,17.113665
dzb2,3,576.357248,80.702726
dxb,3,103.712544,14.890281
cvy,3,200.600107,27.952929
dzf,3,576.384520,80.696199
dxb2,3,105.262126,15.084825
dyb2,3,121.156389,17.282885
cvz,3,203.890157,28.500860
dzb3,3,577.736530,80.784827
dxb3,3,108.816245,15.576798
dyb3,3,121.225960,17.249567
csxxsyyszz,3,560.712706,76.547259
dyf2,3,120.275545,17.130638
dxf2,3,101.426135,14.604994
csxy,3,83.875990,12.469769
dzf2,3,574.278031,80.523175
dyf3,3,119.365808,17.073009
csyz,3,96.748909,14.271574
dxf3,3,101.815495,14.710362
dzf3,3,574.963149,80.805279
csxz,3,96.318911,14.199422
dxf,4,99.332265,14.322409
dzb,4,575.448896,80.589646
dyb,4,121.180123,17.240951
cvx,4,203.484770,28.351632
dyf,4,120.158403,17.117771
dzb2,4,576.141232,80.646065
dxb,4,103.801775,14.916067
cvy,4,200.610973,27.945505
dzf,4,574.755379,80.469867
dxb2,4,105.029138,15.065914
dyb2,4,121.233908,17.281622
cvz,4,203.690218,28.486449
dzb3,4,576.082528,80.610065
dxb3,4,108.751491,15.565551
dyb3,4,121.158498,17.244892
csxxsyyszz,4,560.878347,76.555401
dyf2,4,120.216153,17.130062
dxf2,4,101.366389,14.604633
csxy,4,83.855673,12.458980
dzf2,4,574.242496,80.415631
dyf3,4,119.348324,17.018725
csyz,4,96.718192,14.219794
dxf3,4,101.667755,14.630656
dzf3,4,574.921047,80.474596
csxz,4,96.394133,14.193528
#========================= OptEWE [OpenMP] =========================
#Source type                                  :  Force monopole
#Grid Size                                    :  512 x 512 x 512
#Iterations                                   :  5
#Compute time                                 :  31.512438
#Total effective MLUPS                        :  21.295992
#===================================================================
#Number of threads                            :  3
