dxf,0,35.940768,7.712816
dzb,0,135.675929,30.638620
dyb,0,35.854435,7.830318
cvx,0,42.328725,9.628342
dyf,0,35.977261,7.909771
dzb2,0,136.973890,30.932649
dxb,0,35.457979,7.688991
cvy,0,203.303892,38.885587
dzf,0,135.103386,30.528187
dxb2,0,35.493055,7.717581
dyb2,0,36.112425,7.942239
cvz,0,49.271041,11.195274
dzb3,0,135.239123,30.612658
dxb3,0,35.452256,7.713500
dyb3,0,36.197659,7.947767
csxxsyyszz,0,83.921011,18.706116
dyf2,0,36.104284,7.918596
dxf2,0,35.784199,7.803857
csxy,0,35.007990,7.949770
dzf2,0,135.118991,30.605560
dyf3,0,35.845668,7.875511
csyz,0,41.853799,9.482319
dxf3,0,35.560433,7.763467
dzf3,0,135.295120,30.673106
csxz,0,41.655684,9.425688
dxf,1,35.529940,7.763172
dzb,1,135.492929,30.706331
dyb,1,35.831986,7.854105
cvx,1,42.330808,9.656114
dyf,1,35.938861,7.916384
dzb2,1,135.504735,30.722978
dxb,1,35.437621,7.728753
cvy,1,42.221992,9.617498
dzf,1,134.928609,30.628793
dxb2,1,35.462726,7.727400
dyb2,1,36.113570,7.949499
cvz,1,49.264093,11.213014
dzb3,1,135.160457,30.656759
dxb3,1,35.460388,7.724494
dyb3,1,36.082448,7.939444
csxxsyyszz,1,83.518135,18.661021
dyf2,1,36.056744,7.920030
dxf2,1,35.754500,7.813204
csxy,1,35.038360,7.968622
dzf2,1,135.064735,30.643057
dyf3,1,35.882320,7.888291
csyz,1,42.585192,9.640706
dxf3,1,35.595343,7.768683
dzf3,1,135.201604,30.672629
csxz,1,41.657027,9.427566
dxf,2,35.598755,7.773637
dzb,2,135.501591,30.673059
dyb,2,35.884641,7.856796
cvx,2,42.345817,9.650756
dyf,2,35.903985,7.910278
dzb2,2,135.496115,30.695927
dxb,2,35.426229,7.713941
cvy,2,42.241609,9.610566
dzf,2,135.097012,30.595158
dxb2,2,35.522467,7.738137
dyb2,2,36.142393,7.944550
cvz,2,49.273128,11.201183
dzb3,2,135.263395,30.629260
dxb3,2,35.461675,7.723337
dyb3,2,36.162906,7.945490
csxxsyyszz,2,83.677380,18.669284
dyf2,2,36.056200,7.918131
dxf2,2,35.781329,7.814715
csxy,2,35.032119,7.959392
dzf2,2,135.073388,30.607678
dyf3,2,35.874975,7.884132
csyz,2,41.881879,9.496959
dxf3,2,35.522832,7.763899
dzf3,2,135.183753,30.646501
csxz,2,41.658512,9.438559
dxf,3,35.545581,7.772353
dzb,3,135.424159,30.689758
dyb,3,35.836845,7.863524
cvx,3,42.542759,9.701683
dyf,3,35.966238,7.921199
dzb2,3,135.602483,30.729675
dxb,3,35.419387,7.715802
cvy,3,42.245151,9.623733
dzf,3,135.095219,30.617679
dxb2,3,35.463664,7.724729
dyb2,3,36.181446,7.973248
cvz,3,49.309722,11.213369
dzb3,3,135.216086,30.642234
dxb3,3,35.438036,7.724175
dyb3,3,36.175535,7.963377
csxxsyyszz,3,83.684897,18.694344
dyf2,3,36.109318,7.944525
dxf2,3,35.738440,7.812230
csxy,3,35.052769,7.969768
dzf2,3,135.100935,30.638450
dyf3,3,35.850783,7.894439
csyz,3,41.846295,9.493391
dxf3,3,35.554796,7.777732
dzf3,3,135.142580,30.662075
csxz,3,41.682115,9.442574
dxf,4,35.534918,7.772303
dzb,4,135.429875,30.711318
dyb,4,35.774893,7.860807
cvx,4,42.267379,9.651371
dyf,4,35.978536,7.932538
dzb2,4,135.413283,30.699895
dxb,4,35.437903,7.727139
cvy,4,42.129950,9.599883
dzf,4,135.071751,30.632941
dxb2,4,35.588656,7.759168
dyb2,4,36.173080,7.954270
cvz,4,49.280901,11.214787
dzb3,4,135.269632,30.663625
dxb3,4,35.453429,7.728009
dyb3,4,36.109770,7.944743
csxxsyyszz,4,83.512542,18.661000
dyf2,4,36.071521,7.934429
dxf2,4,35.809374,7.832333
csxy,4,35.029977,7.967663
dzf2,4,135.119345,30.639297
dyf3,4,35.786184,7.867762
csyz,4,41.858619,9.496187
dxf3,4,35.519996,7.770239
dzf3,4,135.154143,30.659149
csxz,4,41.657067,9.462663
#========================= OptEWE [OpenMP] =========================
#Source type                                  :  Force monopole
#Grid Size                                    :  512 x 512 x 512
#Iterations                                   :  5
#Compute time                                 :  8.048820
#Total effective MLUPS                        :  83.377275
#===================================================================
#Number of threads                            :  16
