dxf,0,52.254302,7.536715
dzb,0,234.286860,33.782849
dyb,0,55.717511,8.035540
cvx,0,71.126211,10.275058
dyf,0,54.858063,8.001318
dzb2,0,231.088894,33.418999
dxb,0,52.458986,7.568059
cvy,0,277.270599,35.545543
dzf,0,233.738077,33.682278
dxb2,0,52.469846,7.568289
dyb2,0,55.924147,8.105322
cvz,0,75.275850,11.093900
dzb3,0,238.751345,34.324857
dxb3,0,52.059276,7.532688
dyb3,0,55.868912,8.077223
csxxsyyszz,0,191.243848,26.606428
dyf2,0,55.583490,8.047904
dxf2,0,53.415758,7.686649
csxy,0,51.687197,7.670916
dzf2,0,232.089255,33.526606
dyf3,0,54.488038,7.888603
csyz,0,61.458313,9.136924
dxf3,0,52.043247,7.543018
dzf3,0,231.320656,33.439981
csxz,0,61.266200,9.095235
dxf,1,51.894799,7.518014
dzb,1,234.049736,33.821302
dyb,1,55.698112,8.065599
cvx,1,71.056788,10.332070
dyf,1,54.850339,7.959788
dzb2,1,231.007156,33.394166
dxb,1,52.507780,7.585794
cvy,1,69.863333,10.118375
dzf,1,235.142944,33.898781
dxb2,1,52.519047,7.592285
dyb2,1,55.750773,8.060632
cvz,1,76.934316,11.301453
dzb3,1,238.469234,34.327521
dxb3,1,52.097992,7.528521
dyb3,1,56.067992,8.099045
csxxsyyszz,1,191.267824,26.665880
dyf2,1,55.547804,8.048584
dxf2,1,53.355309,7.694320
csxy,1,51.640102,7.735419
dzf2,1,231.950544,33.509262
dyf3,1,55.036041,7.984812
csyz,1,61.404707,9.175252
dxf3,1,51.703835,7.496324
dzf3,1,231.254192,33.457171
csxz,1,61.224042,9.114608
dxf,2,51.801956,7.506763
dzb,2,233.937810,33.785347
dyb,2,55.669713,8.053796
cvx,2,71.095905,10.277375
dyf,2,55.355057,8.024662
dzb2,2,230.857016,33.393666
dxb,2,52.498748,7.594819
cvy,2,69.878481,10.126474
dzf,2,233.469619,33.670292
dxb2,2,52.515475,7.596144
dyb2,2,55.990363,8.107674
cvz,2,75.449071,11.112570
dzb3,2,238.518467,34.297091
dxb3,2,52.066618,7.551226
dyb3,2,56.001596,8.086196
csxxsyyszz,2,191.136384,26.572166
dyf2,2,55.102496,7.985270
dxf2,2,53.458651,7.702298
csxy,2,51.645277,7.684549
dzf2,2,231.786454,33.496997
dyf3,2,54.550173,7.909775
csyz,2,61.426435,9.125238
dxf3,2,51.785512,7.502670
dzf3,2,231.206663,33.413083
csxz,2,61.313446,9.114779
dxf,3,51.840311,7.510487
dzb,3,234.198856,33.806505
dyb,3,55.661696,8.058007
cvx,3,71.068530,10.295931
dyf,3,54.997262,8.002961
dzb2,3,231.081121,33.356014
dxb,3,52.452079,7.621578
cvy,3,69.841358,10.112856
dzf,3,233.505642,33.672506
dxb2,3,52.444745,7.571346
dyb2,3,55.750533,8.055463
cvz,3,75.374196,11.098361
dzb3,3,238.496877,34.291006
dxb3,3,52.085398,7.522843
dyb3,3,56.053838,8.086732
csxxsyyszz,3,191.267003,26.600606
dyf2,3,55.553580,8.040528
dxf2,3,53.376494,7.693494
csxy,3,52.132652,8.001638
dzf2,3,230.912461,34.518799
dyf3,3,54.900959,8.253403
csyz,3,61.349453,9.431261
dxf3,3,51.795512,7.770182
dzf3,3,231.356053,33.658333
csxz,3,61.196627,9.119147
dxf,4,51.876005,7.514435
dzb,4,234.115625,33.765722
dyb,4,54.981205,7.956566
cvx,4,71.080022,10.281774
dyf,4,55.374420,8.025526
dzb2,4,231.026374,33.389631
dxb,4,52.466355,7.586003
cvy,4,69.891975,10.118340
dzf,4,233.495665,33.672310
dxb2,4,52.434549,7.580676
dyb2,4,55.984721,8.112873
cvz,4,75.281441,11.087025
dzb3,4,238.179021,34.272596
dxb3,4,52.125382,7.556491
dyb3,4,55.954273,8.103798
csxxsyyszz,4,190.912940,26.584005
dyf2,4,55.636681,8.062072
dxf2,4,53.405525,7.717584
csxy,4,51.690128,7.685980
dzf2,4,231.910863,33.442441
dyf3,4,55.044353,7.992778
csyz,4,61.395145,9.131188
dxf3,4,51.807470,7.513794
dzf3,4,231.173452,33.556736
csxz,4,61.208909,9.145674
#========================= OptEWE [OpenMP] =========================
#Source type                                  :  Force monopole
#Grid Size                                    :  512 x 512 x 512
#Iterations                                   :  5
#Compute time                                 :  13.356156
#Total effective MLUPS                        :  50.245641
#===================================================================
#Number of threads                            :  9
