dxf,0,49.688891,8.821605
dzb,0,211.677010,37.930557
dyb,0,52.855996,9.361139
cvx,0,65.492828,11.773313
dyf,0,52.137239,9.300342
dzb2,0,213.193394,38.178598
dxb,0,49.616205,8.790216
cvy,0,215.116448,34.334121
dzf,0,210.534130,37.719622
dxb2,0,49.301412,8.733962
dyb2,0,52.904669,9.421440
cvz,0,69.326356,12.668171
dzb3,0,211.573131,37.922745
dxb3,0,50.263246,8.892365
dyb3,0,52.737392,9.374071
csxxsyyszz,0,171.985536,29.615933
dyf2,0,52.222846,9.292402
dxf2,0,49.841812,8.869277
csxy,0,48.361867,8.912004
dzf2,0,214.244309,38.318486
dyf3,0,51.706346,9.204217
csyz,0,55.344082,10.211226
dxf3,0,49.522549,8.815378
dzf3,0,210.874932,37.819722
csxz,0,54.900641,10.175735
dxf,1,49.238606,8.767006
dzb,1,211.861212,37.908236
dyb,1,52.723366,9.368161
cvx,1,65.408277,11.728338
dyf,1,51.947721,9.265562
dzb2,1,213.029462,38.158158
dxb,1,49.688788,8.839124
cvy,1,64.792485,11.655161
dzf,1,210.795481,37.782479
dxb2,1,49.427789,8.794996
dyb2,1,52.871970,9.415127
cvz,1,69.225372,12.653374
dzb3,1,211.660114,37.933740
dxb3,1,50.304337,8.910155
dyb3,1,53.654056,9.630415
csxxsyyszz,1,171.717076,30.933515
dyf2,1,52.117464,9.664411
dxf2,1,49.856844,9.220705
csxy,1,48.368120,9.255723
dzf2,1,213.723661,39.537510
dyf3,1,51.874267,9.256253
csyz,1,55.404378,10.212509
dxf3,1,49.432680,8.801319
dzf3,1,211.043746,37.844205
csxz,1,54.868775,10.160644
dxf,2,49.155915,8.757343
dzb,2,211.920886,37.973635
dyb,2,52.689842,9.364399
cvx,2,65.493901,11.755177
dyf,2,51.845284,9.254750
dzb2,2,213.108631,38.151028
dxb,2,49.522365,8.797866
cvy,2,64.862140,11.665357
dzf,2,210.914495,37.778690
dxb2,2,49.278696,8.749988
dyb2,2,52.895418,9.427751
cvz,2,69.293753,12.675877
dzb3,2,212.978801,38.113750
dxb3,2,50.316013,8.925770
dyb3,2,52.883213,9.390075
csxxsyyszz,2,172.173739,29.589887
dyf2,2,51.967138,9.264735
dxf2,2,49.925493,8.879763
csxy,2,48.361555,8.899977
dzf2,2,214.328284,38.301009
dyf3,2,51.886199,9.294605
csyz,2,55.444777,10.217645
dxf3,2,49.527194,8.806736
dzf3,2,211.987757,37.988106
csxz,2,54.981625,10.161414
dxf,3,49.186816,8.760196
dzb,3,211.935518,37.985834
dyb,3,52.983705,9.424108
cvx,3,65.422023,11.744107
dyf,3,52.014001,9.280887
dzb2,3,212.920520,38.140258
dxb,3,49.786563,8.841020
cvy,3,64.681853,11.617620
dzf,3,212.091392,37.982693
dxb2,3,49.143030,8.724213
dyb2,3,52.855491,9.412070
cvz,3,69.671885,12.769948
dzb3,3,211.762996,37.913032
dxb3,3,50.246928,8.907838
dyb3,3,53.106333,9.456548
csxxsyyszz,3,172.178066,29.587786
dyf2,3,52.048693,9.263944
dxf2,3,49.795297,8.842326
csxy,3,48.337043,8.926039
dzf2,3,214.312099,38.281498
dyf3,3,51.958054,9.268385
csyz,3,55.384454,10.238229
dxf3,3,49.492664,8.808966
dzf3,3,210.998247,37.812229
csxz,3,54.794939,10.156755
dxf,4,49.123900,8.742489
dzb,4,211.847645,37.931171
dyb,4,52.762132,9.401674
cvx,4,65.444580,11.747180
dyf,4,52.047661,9.282796
dzb2,4,213.133637,38.152655
dxb,4,49.429846,8.786155
cvy,4,64.825923,11.654301
dzf,4,210.756439,37.789523
dxb2,4,49.339641,8.770363
dyb2,4,53.244466,9.479451
cvz,4,69.348410,12.653276
dzb3,4,211.499819,37.918292
dxb3,4,50.136164,8.877596
dyb3,4,52.831635,9.394125
csxxsyyszz,4,172.149511,29.606747
dyf2,4,52.075133,9.290830
dxf2,4,49.876223,8.864520
csxy,4,48.312630,8.898824
dzf2,4,214.282036,38.312089
dyf3,4,51.958568,9.273501
csyz,4,55.493076,10.226181
dxf3,4,49.517466,8.816293
dzf3,4,211.169532,37.864406
csxz,4,54.792089,10.147004
#========================= OptEWE [OpenMP] =========================
#Source type                                  :  Force monopole
#Grid Size                                    :  512 x 512 x 512
#Iterations                                   :  5
#Compute time                                 :  12.231078
#Total effective MLUPS                        :  54.867497
#===================================================================
#Number of threads                            :  7
