dxf,0,49.162096,7.958958
dzb,0,196.579945,32.335414
dyb,0,50.992850,8.268319
cvx,0,61.895920,10.137053
dyf,0,50.486139,8.201206
dzb2,0,196.117756,32.277837
dxb,0,48.754275,7.892829
cvy,0,262.992907,37.467025
dzf,0,196.095074,32.239688
dxb2,0,48.675443,7.879094
dyb2,0,50.956403,8.266329
cvz,0,67.179619,11.278874
dzb3,0,196.140591,32.269956
dxb3,0,49.269193,7.973760
dyb3,0,51.218631,8.290774
csxxsyyszz,0,163.943104,25.689759
dyf2,0,50.491998,8.232502
dxf2,0,48.685536,7.911521
csxy,0,47.373322,7.999686
dzf2,0,196.123480,32.499913
dyf3,0,50.045986,8.188173
csyz,0,56.357976,9.555470
dxf3,0,49.003343,7.957278
dzf3,0,195.682844,32.295367
csxz,0,56.185637,9.572022
dxf,1,48.634308,7.911829
dzb,1,196.562954,32.375307
dyb,1,50.847733,8.303092
cvx,1,61.979701,10.167991
dyf,1,50.359771,8.176199
dzb2,1,196.037173,32.378682
dxb,1,48.727388,7.906871
cvy,1,61.209143,10.057123
dzf,1,195.893722,32.356894
dxb2,1,48.580816,7.893289
dyb2,1,51.042215,8.279793
cvz,1,67.291663,11.291955
dzb3,1,197.950403,32.687181
dxb3,1,49.359766,8.005839
dyb3,1,51.214350,8.298899
csxxsyyszz,1,163.861984,25.778965
dyf2,1,50.584324,8.228464
dxf2,1,48.490515,7.902014
csxy,1,47.325138,7.985151
dzf2,1,195.849958,32.336741
dyf3,1,49.976022,8.144744
csyz,1,56.381201,9.521740
dxf3,1,48.911449,7.941385
dzf3,1,195.546690,32.306025
csxz,1,56.219482,9.511876
dxf,2,48.670695,7.907163
dzb,2,196.523641,32.396251
dyb,2,50.895776,8.249887
cvx,2,62.013860,10.152226
dyf,2,50.503548,8.211075
dzb2,2,196.788206,32.593791
dxb,2,48.776824,7.950134
cvy,2,61.092546,10.065966
dzf,2,195.873793,32.364291
dxb2,2,48.593569,7.903501
dyb2,2,51.127119,8.295134
cvz,2,67.138744,11.296337
dzb3,2,196.259583,32.330172
dxb3,2,49.310703,7.993893
dyb3,2,51.113992,8.276006
csxxsyyszz,2,163.861989,25.735518
dyf2,2,50.177174,8.160666
dxf2,2,48.543680,7.893930
csxy,2,47.354587,7.994227
dzf2,2,195.801285,32.266336
dyf3,2,50.050130,8.170924
csyz,2,56.406648,9.534182
dxf3,2,49.154964,8.023825
dzf3,2,195.662188,32.249622
csxz,2,56.251273,9.519437
dxf,3,48.685267,7.950426
dzb,3,196.339597,32.360706
dyb,3,51.025129,8.273051
cvx,3,61.896685,10.178443
dyf,3,50.240471,8.181830
dzb2,3,195.987405,32.304096
dxb,3,48.716616,7.954936
cvy,3,61.134342,10.116035
dzf,3,195.973978,32.340182
dxb2,3,48.618962,7.926228
dyb2,3,51.121127,8.345403
cvz,3,67.192697,11.300058
dzb3,3,196.055265,32.361247
dxb3,3,49.409949,8.045465
dyb3,3,51.225844,8.302694
csxxsyyszz,3,163.878711,25.706113
dyf2,3,50.401835,8.203868
dxf2,3,48.597133,7.939799
csxy,3,47.319737,7.981463
dzf2,3,196.062074,32.314470
dyf3,3,50.170405,8.203343
csyz,3,56.368468,9.520683
dxf3,3,48.958102,7.946267
dzf3,3,195.544929,32.300771
csxz,3,56.270245,9.520586
dxf,4,48.716318,7.917498
dzb,4,197.885112,32.629787
dyb,4,51.142601,8.304159
cvx,4,63.621869,10.396914
dyf,4,50.044072,8.153935
dzb2,4,196.140173,32.422812
dxb,4,48.834882,7.941406
cvy,4,61.132983,10.058559
dzf,4,195.928895,32.412556
dxb2,4,48.655844,7.900857
dyb2,4,51.086288,8.299714
cvz,4,67.334869,11.301523
dzb3,4,196.366208,32.390630
dxb3,4,49.357326,7.999153
dyb3,4,51.015270,8.267241
csxxsyyszz,4,161.812764,25.471736
dyf2,4,50.311277,8.186588
dxf2,4,48.523105,7.898591
csxy,4,47.398840,7.993838
dzf2,4,195.919272,32.347812
dyf3,4,49.974936,8.153754
csyz,4,56.375038,9.522764
dxf3,4,48.902111,7.939747
dzf3,4,195.508059,32.286121
csxz,4,56.246876,9.552985
#========================= OptEWE [OpenMP] =========================
#Source type                                  :  Force monopole
#Grid Size                                    :  512 x 512 x 512
#Iterations                                   :  5
#Compute time                                 :  11.643116
#Total effective MLUPS                        :  57.638233
#===================================================================
#Number of threads                            :  12
