dxf,0,41.136804,6.942673
dzb,0,172.095117,29.574520
dyb,0,40.822346,6.988154
cvx,0,51.298959,8.957597
dyf,0,40.987958,7.047977
dzb2,0,172.346130,29.622857
dxb,0,40.406688,6.878517
cvy,0,272.590608,40.361192
dzf,0,171.724518,29.488846
dxb2,0,41.238158,7.031705
dyb2,0,41.211132,7.146417
cvz,0,60.022603,10.544495
dzb3,0,171.988135,29.820430
dxb3,0,40.363402,6.905745
dyb3,0,41.201603,7.128236
csxxsyyszz,0,104.008622,18.012502
dyf2,0,41.040719,7.104220
dxf2,0,40.620360,6.984888
csxy,0,41.999457,7.386166
dzf2,0,171.520452,29.665230
dyf3,0,40.867666,7.014521
csyz,0,50.628892,8.793605
dxf3,0,40.543165,6.928899
dzf3,0,171.776332,29.578915
csxz,0,50.435328,8.733434
dxf,1,40.385546,6.906048
dzb,1,172.095399,29.613265
dyb,1,41.014019,7.028897
cvx,1,51.356463,8.967153
dyf,1,41.020264,7.056201
dzb2,1,172.438855,29.693177
dxb,1,40.436522,6.893825
cvy,1,51.130496,8.926130
dzf,1,171.363718,29.502541
dxb2,1,40.422154,6.888969
dyb2,1,41.276072,7.099724
cvz,1,60.071376,10.455447
dzb3,1,171.835360,29.607579
dxb3,1,40.416629,6.887426
dyb3,1,41.257302,7.109568
csxxsyyszz,1,104.003730,17.942973
dyf2,1,41.029925,7.074441
dxf2,1,40.646455,6.963609
csxy,1,41.954299,7.351637
dzf2,1,171.658990,29.580663
dyf3,1,40.873786,7.024330
csyz,1,50.633689,8.807462
dxf3,1,40.464003,6.926690
dzf3,1,171.689092,29.601357
csxz,1,50.475171,8.755743
dxf,2,40.458480,6.925504
dzb,2,172.235398,29.664701
dyb,2,40.941971,7.021304
cvx,2,51.333856,8.976160
dyf,2,41.026849,7.067232
dzb2,2,172.302948,29.688589
dxb,2,40.418441,6.898080
cvy,2,51.144423,8.935437
dzf,2,171.681607,29.581460
dxb2,2,40.403132,6.889095
dyb2,2,41.159321,7.092205
cvz,2,60.125871,10.470750
dzb3,2,171.905905,29.603587
dxb3,2,40.484659,6.909261
dyb3,2,41.305287,7.115316
csxxsyyszz,2,104.044514,17.953567
dyf2,2,41.060087,7.083581
dxf2,2,40.676973,6.973316
csxy,2,41.932403,7.350116
dzf2,2,171.795467,29.614360
dyf3,2,40.885197,7.035174
csyz,2,50.626534,8.809017
dxf3,2,40.447785,6.928729
dzf3,2,171.389659,29.555304
csxz,2,51.353252,8.881932
dxf,3,40.527378,6.925477
dzb,3,172.132792,29.658900
dyb,3,41.013880,7.030303
cvx,3,51.360999,8.986600
dyf,3,40.920108,7.056526
dzb2,3,172.276128,29.678523
dxb,3,40.416903,6.898780
cvy,3,51.320098,8.969276
dzf,3,171.650415,29.571248
dxb2,3,40.431529,6.891891
dyb2,3,41.293158,7.111906
cvz,3,60.047288,10.453312
dzb3,3,171.923916,29.624080
dxb3,3,40.427860,6.895717
dyb3,3,41.216834,7.103314
csxxsyyszz,3,104.030866,17.948268
dyf2,3,41.135148,7.092584
dxf2,3,40.612177,6.955560
csxy,3,41.938558,7.351073
dzf2,3,171.392516,29.551834
dyf3,3,40.888840,7.038478
csyz,3,50.651988,8.811863
dxf3,3,40.516221,6.936835
dzf3,3,171.694034,29.601217
csxz,3,50.435165,8.739468
dxf,4,40.406937,6.916441
dzb,4,172.186665,29.671522
dyb,4,40.952709,7.034968
cvx,4,51.316649,8.981987
dyf,4,40.964456,7.060516
dzb2,4,172.173577,29.658877
dxb,4,40.380730,6.887558
cvy,4,51.212739,8.954740
dzf,4,173.200501,29.786155
dxb2,4,40.378595,6.889117
dyb2,4,41.201008,7.097233
cvz,4,60.033196,10.449044
dzb3,4,172.102341,29.625464
dxb3,4,40.366530,6.873843
dyb3,4,41.188002,7.097986
csxxsyyszz,4,103.932545,17.944077
dyf2,4,41.102047,7.090581
dxf2,4,40.660577,6.966149
csxy,4,41.943174,7.346517
dzf2,4,171.531375,29.546031
dyf3,4,40.885357,7.023885
csyz,4,50.668632,8.810983
dxf3,4,40.443753,6.919011
dzf3,4,171.720398,29.595092
csxz,4,50.436742,8.765700
#========================= OptEWE [OpenMP] =========================
#Source type                                  :  Force monopole
#Grid Size                                    :  512 x 512 x 512
#Iterations                                   :  5
#Compute time                                 :  9.876135
#Total effective MLUPS                        :  67.950534
#===================================================================
#Number of threads                            :  16
