dxf,0,61.791222,8.454240
dzb,0,343.093403,45.404060
dyb,0,74.028313,9.965940
cvx,0,120.293704,15.735427
dyf,0,73.352542,9.948805
dzb2,0,343.027540,45.393355
dxb,0,64.239904,8.720567
cvy,0,389.710015,47.421279
dzf,0,339.880251,44.996631
dxb2,0,63.894169,8.716885
dyb2,0,73.980046,9.966838
cvz,0,117.450703,15.630319
dzb3,0,342.265652,45.294853
dxb3,0,63.351769,8.637282
dyb3,0,74.139728,9.999352
csxxsyyszz,0,323.041228,41.254103
dyf2,0,73.595129,9.907131
dxf2,0,63.971817,8.709640
csxy,0,54.346258,7.709041
dzf2,0,345.486873,45.657159
dyf3,0,72.992854,9.865502
csyz,0,63.451895,8.997356
dxf3,0,65.735292,8.930801
dzf3,0,340.412847,45.070361
csxz,0,62.478399,8.870712
dxf,1,61.658988,8.470648
dzb,1,342.588237,45.383604
dyb,1,73.900673,9.955036
cvx,1,118.663002,15.535088
dyf,1,73.383893,9.940949
dzb2,1,341.653627,45.237479
dxb,1,64.186935,8.729423
cvy,1,116.712195,15.304010
dzf,1,339.912966,45.005946
dxb2,1,63.860512,8.721258
dyb2,1,74.121534,9.985682
cvz,1,117.445307,15.636263
dzb3,1,342.368831,45.324183
dxb3,1,63.592523,9.186307
dyb3,1,73.900339,10.552722
csxxsyyszz,1,322.399212,43.295526
dyf2,1,73.423616,10.148979
dxf2,1,64.199595,8.752666
csxy,1,54.332516,7.712064
dzf2,1,345.527325,45.778760
dyf3,1,72.949414,9.882304
csyz,1,63.444116,9.003940
dxf3,1,65.603399,8.913250
dzf3,1,340.339894,45.133348
csxz,1,62.488704,8.898660
dxf,2,61.652088,8.471290
dzb,2,342.818610,45.405028
dyb,2,74.054233,9.971500
cvx,2,118.652403,15.537408
dyf,2,73.449945,9.938512
dzb2,2,341.594218,45.226252
dxb,2,64.174456,8.725173
cvy,2,116.750218,15.304914
dzf,2,339.727485,44.986618
dxb2,2,63.817262,8.704183
dyb2,2,74.021373,9.974745
cvz,2,117.399369,15.632490
dzb3,2,341.870504,45.261959
dxb3,2,63.239386,8.653337
dyb3,2,74.227605,9.998019
csxxsyyszz,2,322.962591,41.259093
dyf2,2,73.528716,9.909220
dxf2,2,64.024335,8.730227
csxy,2,54.328834,7.713603
dzf2,2,348.673085,46.102799
dyf3,2,73.016377,9.871327
csyz,2,63.451007,9.003210
dxf3,2,65.740282,8.925102
dzf3,2,340.410599,45.093703
csxz,2,62.471146,8.899088
dxf,3,61.592115,8.442886
dzb,3,342.684616,45.361505
dyb,3,74.017087,9.967715
cvx,3,118.604462,15.549909
dyf,3,73.419971,9.931764
dzb2,3,341.532874,45.251611
dxb,3,64.233203,8.740582
cvy,3,116.676894,15.309022
dzf,3,339.827416,45.000100
dxb2,3,63.871401,8.727290
dyb2,3,73.998509,9.982892
cvz,3,117.376711,15.632309
dzb3,3,342.183866,45.317975
dxb3,3,63.395962,8.668666
dyb3,3,74.171652,9.997558
csxxsyyszz,3,324.821952,41.524151
dyf2,3,73.538416,9.912611
dxf2,3,64.080847,8.733078
csxy,3,54.267934,7.714768
dzf2,3,345.662227,45.695026
dyf3,3,72.947624,9.855076
csyz,3,63.455224,9.001245
dxf3,3,65.802982,8.932263
dzf3,3,340.973358,45.133232
csxz,3,62.541934,8.900132
dxf,4,61.639392,8.460373
dzb,4,342.623174,45.366071
dyb,4,74.076278,9.974834
cvx,4,118.622144,15.534929
dyf,4,73.418397,9.913808
dzb2,4,341.518549,45.223950
dxb,4,64.179061,8.731026
cvy,4,116.594393,15.308695
dzf,4,339.331892,44.971426
dxb2,4,63.827005,8.693852
dyb2,4,74.027758,9.990094
cvz,4,117.243767,15.632707
dzb3,4,340.767690,45.149850
dxb3,4,63.296992,8.628354
dyb3,4,74.006810,9.980451
csxxsyyszz,4,322.476632,41.195269
dyf2,4,73.517492,9.898762
dxf2,4,63.995129,8.712690
csxy,4,54.320881,7.703137
dzf2,4,345.945782,45.707587
dyf3,4,73.107121,9.868608
csyz,4,63.424621,8.992879
dxf3,4,65.757282,8.927900
dzf3,4,340.790450,45.136548
csxz,4,62.518135,8.907681
#========================= OptEWE [OpenMP] =========================
#Source type                                  :  Force monopole
#Grid Size                                    :  512 x 512 x 512
#Iterations                                   :  5
#Compute time                                 :  18.945919
#Total effective MLUPS                        :  35.421277
#===================================================================
#Number of threads                            :  7
