dxf,0,117.852622,15.791384
dzb,0,613.734415,79.297229
dyb,0,141.251839,18.765257
cvx,0,217.473659,28.515488
dyf,0,137.696367,18.316588
dzb2,0,617.867578,79.841291
dxb,0,121.937294,16.279620
cvy,0,493.421719,62.318538
dzf,0,612.656820,79.157330
dxb2,0,120.758739,16.122652
dyb2,0,141.155534,18.701134
cvz,0,215.837648,28.296365
dzb3,0,615.496112,79.427427
dxb3,0,120.572760,16.126853
dyb3,0,141.738145,18.802233
csxxsyyszz,0,593.953682,76.368840
dyf2,0,138.031236,18.367151
dxf2,0,118.098034,15.812342
csxy,0,101.784855,13.978494
dzf2,0,606.297404,78.349977
dyf3,0,136.781056,18.189402
csyz,0,114.952693,15.675930
dxf3,0,118.022648,15.829787
dzf3,0,612.923857,79.175361
csxz,0,111.527212,15.265780
dxf,1,118.055256,15.801204
dzb,1,615.445412,80.314377
dyb,1,138.886285,18.727451
cvx,1,215.903375,28.621126
dyf,1,137.783718,18.357697
dzb2,1,612.905038,79.434462
dxb,1,120.509904,16.166477
cvy,1,210.982175,27.778863
dzf,1,612.481247,79.305222
dxb2,1,120.945350,16.174953
dyb2,1,140.904562,18.835069
cvz,1,215.830608,28.444758
dzb3,1,616.950060,80.054385
dxb3,1,120.144177,16.188443
dyb3,1,141.199767,18.785616
csxxsyyszz,1,582.663149,75.186741
dyf2,1,141.519558,18.873191
dxf2,1,117.932220,15.845531
csxy,1,101.837876,14.043369
dzf2,1,606.834357,78.733263
dyf3,1,138.627210,18.542627
csyz,1,114.935484,15.668257
dxf3,1,118.250641,15.844600
dzf3,1,613.061382,79.306715
csxz,1,111.549004,15.248156
dxf,2,118.193410,15.817971
dzb,2,615.259540,79.506962
dyb,2,138.942100,18.460690
cvx,2,216.006411,28.281852
dyf,2,137.692954,18.352910
dzb2,2,617.377128,79.743879
dxb,2,120.421872,16.080638
cvy,2,211.028909,27.698163
dzf,2,608.840991,78.788638
dxb2,2,120.614722,16.103177
dyb2,2,141.232408,18.779836
cvz,2,215.593671,28.299649
dzb3,2,609.828304,78.884308
dxb3,2,120.276058,16.119456
dyb3,2,141.178056,18.953153
csxxsyyszz,2,593.902339,76.421255
dyf2,2,139.660035,18.593480
dxf2,2,117.881006,15.815000
csxy,2,101.481082,13.981235
dzf2,2,605.415893,78.342136
dyf3,2,138.449068,18.439808
csyz,2,114.735938,15.671222
dxf3,2,117.914783,15.819283
dzf3,2,613.345795,79.158506
csxz,2,111.473749,15.258709
dxf,3,117.789564,15.816342
dzb,3,615.090028,79.601570
dyb,3,141.142521,18.756039
cvx,3,215.481098,28.262654
dyf,3,139.345964,18.556113
dzb2,3,617.138919,79.811813
dxb,3,120.237119,16.114361
cvy,3,210.695407,27.700607
dzf,3,611.568291,79.205075
dxb2,3,120.620191,16.142466
dyb2,3,141.071698,18.758096
cvz,3,215.314594,28.323047
dzb3,3,614.147677,79.466196
dxb3,3,120.060360,16.109246
dyb3,3,141.014597,18.772814
csxxsyyszz,3,593.213693,76.417886
dyf2,3,139.291483,18.535399
dxf2,3,117.839457,15.820442
csxy,3,101.610925,14.005167
dzf2,3,609.574380,78.884011
dyf3,3,138.540225,18.481389
csyz,3,114.810600,15.727443
dxf3,3,118.027069,15.872181
dzf3,3,607.087714,78.719287
csxz,3,111.384348,15.269019
dxf,4,118.019830,15.847358
dzb,4,613.186761,79.382508
dyb,4,141.152659,18.787863
cvx,4,215.670303,28.332443
dyf,4,137.604855,18.370495
dzb2,4,615.823643,79.675051
dxb,4,120.230784,16.093186
cvy,4,210.684547,27.684148
dzf,4,610.979138,79.127786
dxb2,4,120.773853,16.209435
dyb2,4,141.095213,18.804267
cvz,4,215.390925,28.398350
dzb3,4,615.670813,79.676857
dxb3,4,120.312695,16.115491
dyb3,4,141.545541,18.830011
csxxsyyszz,4,594.673839,76.561386
dyf2,4,139.386454,18.585725
dxf2,4,118.010286,15.874227
csxy,4,101.670769,14.037105
dzf2,4,609.590401,83.946507
dyf3,4,137.952804,19.462758
csyz,4,114.339795,16.381763
dxf3,4,117.270680,16.506956
dzf3,4,607.171555,79.048326
csxz,4,111.419936,15.258074
#========================= OptEWE [OpenMP] =========================
#Source type                                  :  Force monopole
#Grid Size                                    :  512 x 512 x 512
#Iterations                                   :  5
#Compute time                                 :  34.236908
#Total effective MLUPS                        :  19.601321
#===================================================================
#Number of threads                            :  2
