dxf,0,48.711985,8.856935
dzb,0,190.820197,35.608712
dyb,0,49.692376,9.089320
cvx,0,58.958045,11.055616
dyf,0,49.427163,9.072428
dzb2,0,190.272057,35.523272
dxb,0,48.701312,8.867413
cvy,0,206.336960,33.896549
dzf,0,189.147515,35.328992
dxb2,0,48.319770,8.799151
dyb2,0,50.429774,9.231800
cvz,0,66.265676,12.555518
dzb3,0,190.204128,35.552197
dxb3,0,48.246278,8.786491
dyb3,0,50.140536,9.171258
csxxsyyszz,0,145.357046,26.119276
dyf2,0,49.758812,9.114277
dxf2,0,49.502636,9.008873
csxy,0,47.149531,8.911141
dzf2,0,191.023711,35.721433
dyf3,0,49.130250,9.027081
csyz,0,55.688949,10.568443
dxf3,0,48.326065,8.858047
dzf3,0,189.402549,35.449016
csxz,0,55.528769,10.532930
dxf,1,48.159124,8.809146
dzb,1,190.644369,35.616860
dyb,1,49.980982,9.128634
cvx,1,58.872176,11.042457
dyf,1,49.425569,9.086188
dzb2,1,190.413053,35.567075
dxb,1,48.573370,8.822745
cvy,1,59.149537,11.044600
dzf,1,189.121497,35.329949
dxb2,1,48.406847,8.813555
dyb2,1,50.190126,9.172125
cvz,1,66.239116,12.536239
dzb3,1,190.293962,35.513362
dxb3,1,48.196504,8.780559
dyb3,1,50.291238,9.205835
csxxsyyszz,1,146.275200,26.240955
dyf2,1,49.893903,9.128016
dxf2,1,49.570070,9.010210
csxy,1,47.187926,8.907082
dzf2,1,190.866566,35.950388
dyf3,1,49.184271,9.022661
csyz,1,55.591220,10.529781
dxf3,1,48.404623,8.845582
dzf3,1,189.771484,35.508256
csxz,1,55.418343,10.525474
dxf,2,49.541302,9.034973
dzb,2,190.742657,35.633733
dyb,2,50.001657,9.163404
cvx,2,58.957685,11.058373
dyf,2,49.431693,9.092039
dzb2,2,190.158046,35.558068
dxb,2,48.622579,8.892219
cvy,2,59.089128,11.082359
dzf,2,189.161615,35.369012
dxb2,2,48.259630,8.816552
dyb2,2,50.246693,9.236815
cvz,2,67.416768,12.773767
dzb3,2,190.477082,35.589947
dxb3,2,48.345485,8.829336
dyb3,2,50.200085,9.208457
csxxsyyszz,2,146.250756,26.274491
dyf2,2,49.800687,9.132811
dxf2,2,49.423507,9.014581
csxy,2,47.260718,8.960849
dzf2,2,190.772743,35.688909
dyf3,2,49.058663,9.040862
csyz,2,55.665011,10.566952
dxf3,2,48.418362,8.854266
dzf3,2,189.652673,35.520281
csxz,2,55.312857,10.531277
dxf,3,48.247819,8.837070
dzb,3,190.678175,35.677549
dyb,3,49.544748,9.090125
cvx,3,58.932755,11.057381
dyf,3,49.422117,9.089551
dzb2,3,190.155959,35.597046
dxb,3,48.647418,8.898585
cvy,3,59.010338,11.060085
dzf,3,189.131645,35.430743
dxb2,3,48.223009,8.823605
dyb2,3,50.159210,9.233876
cvz,3,66.489305,12.618790
dzb3,3,190.139775,35.587579
dxb3,3,48.346760,8.841172
dyb3,3,50.253036,9.205728
csxxsyyszz,3,145.980770,26.260525
dyf2,3,49.454015,9.083296
dxf2,3,49.412360,9.035922
csxy,3,47.242248,8.955780
dzf2,3,190.937574,35.666168
dyf3,3,50.737605,9.316327
csyz,3,55.669476,10.591118
dxf3,3,48.409527,8.841395
dzf3,3,189.827351,35.495105
csxz,3,55.378662,10.559107
dxf,4,48.213028,8.806833
dzb,4,190.810499,35.633860
dyb,4,50.094123,9.182758
cvx,4,58.968190,11.048181
dyf,4,49.408304,9.067029
dzb2,4,190.285012,35.539689
dxb,4,48.653884,8.897336
cvy,4,59.107929,11.043250
dzf,4,189.301575,35.392951
dxb2,4,48.248989,8.845366
dyb2,4,50.242806,9.195279
cvz,4,66.411319,12.576643
dzb3,4,190.228853,35.569451
dxb3,4,48.229145,8.826174
dyb3,4,50.321355,9.212195
csxxsyyszz,4,146.173490,26.285795
dyf2,4,49.832571,9.142078
dxf2,4,49.465114,9.014411
csxy,4,47.278519,8.958797
dzf2,4,190.654882,35.659165
dyf3,4,49.575340,9.122105
csyz,4,55.657156,10.554354
dxf3,4,48.230240,8.817814
dzf3,4,189.631452,35.498312
csxz,4,55.463812,10.574330
#========================= OptEWE [OpenMP] =========================
#Source type                                  :  Force monopole
#Grid Size                                    :  512 x 512 x 512
#Iterations                                   :  5
#Compute time                                 :  11.250267
#Total effective MLUPS                        :  59.650908
#===================================================================
#Number of threads                            :  9
