dxf,0,115.297330,13.459362
dzb,0,649.633792,73.810896
dyb,0,138.110248,15.972326
cvx,0,208.208620,23.723265
dyf,0,136.818709,15.844201
dzb2,0,649.993409,73.847012
dxb,0,117.183310,13.651486
cvy,0,538.970988,58.836916
dzf,0,649.058691,73.712278
dxb2,0,119.190312,13.848239
dyb2,0,138.097330,15.995493
cvz,0,208.392232,23.864755
dzb3,0,649.374765,73.766752
dxb3,0,120.186956,13.956587
dyb3,0,138.144473,15.950999
csxxsyyszz,0,573.783202,64.175279
dyf2,0,136.725202,15.823712
dxf2,0,114.617596,13.373946
csxy,0,102.272832,12.190749
dzf2,0,649.428486,73.839942
dyf3,0,136.029820,15.721547
csyz,0,120.372278,14.152006
dxf3,0,118.679491,13.826531
dzf3,0,648.704565,73.675122
csxz,0,118.237483,13.920246
dxf,1,114.973886,13.450953
dzb,1,652.738438,74.130225
dyb,1,137.952605,15.917522
cvx,1,208.987111,24.103926
dyf,1,135.967586,16.517580
dzb2,1,647.356382,77.202982
dxb,1,116.287007,14.188123
cvy,1,202.995938,23.647534
dzf,1,648.609361,74.008197
dxb2,1,119.224858,13.871344
dyb2,1,137.196311,15.850985
cvz,1,208.401364,23.879446
dzb3,1,650.610527,73.976136
dxb3,1,119.996358,13.953791
dyb3,1,138.085924,15.956814
csxxsyyszz,1,573.648559,64.187656
dyf2,1,134.963639,15.603682
dxf2,1,114.674207,13.407861
csxy,1,102.166835,12.177869
dzf2,1,649.194166,73.753591
dyf3,1,136.030821,15.750865
csyz,1,120.343438,14.160945
dxf3,1,118.796815,13.823741
dzf3,1,648.001123,73.676355
csxz,1,118.116667,13.974801
dxf,2,115.251287,13.451032
dzb,2,649.738184,73.892746
dyb,2,137.943420,15.960004
cvx,2,208.311580,23.732268
dyf,2,136.722207,15.881324
dzb2,2,650.115729,73.925485
dxb,2,116.978409,13.617327
cvy,2,203.146248,23.183817
dzf,2,648.583959,73.965635
dxb2,2,119.254046,13.874124
dyb2,2,137.144945,15.944333
cvz,2,208.540397,23.966132
dzb3,2,651.500922,75.009654
dxb3,2,119.673147,13.934503
dyb3,2,136.921997,15.857402
csxxsyyszz,2,572.680587,64.160303
dyf2,2,136.600041,15.826055
dxf2,2,114.408176,13.380948
csxy,2,101.980168,12.188981
dzf2,2,648.967403,74.109080
dyf3,2,135.976014,15.717015
csyz,2,120.363600,14.156165
dxf3,2,118.568215,13.832958
dzf3,2,648.125882,73.671096
csxz,2,118.196844,13.915339
dxf,3,114.943208,13.432129
dzb,3,649.570815,73.796257
dyb,3,136.275518,15.743895
cvx,3,208.925318,23.820346
dyf,3,134.975060,15.615547
dzb2,3,650.134190,73.833230
dxb,3,117.019078,13.639729
cvy,3,203.229871,23.192617
dzf,3,648.462880,73.671367
dxb2,3,119.124096,13.859497
dyb2,3,138.083518,15.943714
cvz,3,208.346246,23.859861
dzb3,3,649.091710,73.726497
dxb3,3,119.890642,13.921929
dyb3,3,137.188208,15.861152
csxxsyyszz,3,563.105511,63.067317
dyf2,3,135.535690,15.678363
dxf2,3,114.706277,13.387878
csxy,3,102.271416,12.210740
dzf2,3,649.411054,73.790202
dyf3,3,134.627621,15.576094
csyz,3,120.369295,14.195313
dxf3,3,118.547314,13.792609
dzf3,3,651.507026,74.078367
csxz,3,118.271638,13.944349
dxf,4,115.280276,13.452814
dzb,4,649.407773,73.786587
dyb,4,138.048771,15.940195
cvx,4,208.184733,23.721658
dyf,4,136.713077,15.809430
dzb2,4,649.213421,73.828828
dxb,4,116.903213,13.643249
cvy,4,202.765261,23.173758
dzf,4,646.612246,73.546029
dxb2,4,118.783692,13.837929
dyb2,4,137.011244,15.849317
cvz,4,208.171793,23.865285
dzb3,4,649.032131,73.947414
dxb3,4,120.034121,14.092325
dyb3,4,138.182308,15.967829
csxxsyyszz,4,573.819469,64.447783
dyf2,4,135.010113,15.621384
dxf2,4,114.590093,13.453716
csxy,4,102.268979,12.193486
dzf2,4,649.936730,75.182627
dyf3,4,134.127116,15.481326
csyz,4,120.365408,14.143305
dxf3,4,118.505391,13.761562
dzf3,4,648.531789,73.586406
csxz,4,118.320206,13.939788
#========================= OptEWE [OpenMP] =========================
#Source type                                  :  Force monopole
#Grid Size                                    :  512 x 512 x 512
#Iterations                                   :  5
#Compute time                                 :  35.100498
#Total effective MLUPS                        :  19.119063
#===================================================================
#Number of threads                            :  3
