dxf,0,32.725945,6.969664
dzb,0,124.161663,27.532355
dyb,0,32.397530,7.009420
cvx,0,38.654239,8.643933
dyf,0,32.408941,7.031310
dzb2,0,124.080150,27.547393
dxb,0,31.978661,6.858696
cvy,0,224.516472,41.607570
dzf,0,123.887131,27.483244
dxb2,0,31.977183,6.866858
dyb2,0,32.607898,7.075794
cvz,0,44.928522,10.031269
dzb3,0,123.986231,27.534117
dxb3,0,31.920698,6.864159
dyb3,0,32.664832,7.089950
csxxsyyszz,0,76.630733,16.847831
dyf2,0,34.018230,7.372742
dxf2,0,32.417489,7.010282
csxy,0,32.782531,7.360401
dzf2,0,125.155398,27.993172
dyf3,0,32.396895,7.040250
csyz,0,39.495032,8.830993
dxf3,0,33.245448,7.138985
dzf3,0,129.649575,28.869669
csxz,0,37.969315,8.433325
dxf,1,31.990650,6.893743
dzb,1,124.396745,27.655074
dyb,1,32.364536,7.015965
cvx,1,38.623079,8.653621
dyf,1,32.378802,7.043580
dzb2,1,124.168928,27.603195
dxb,1,31.990402,6.872483
cvy,1,38.458588,8.603426
dzf,1,124.010520,27.571056
dxb2,1,31.931395,6.861984
dyb2,1,32.711276,7.100511
cvz,1,45.010033,10.050405
dzb3,1,123.963192,27.577967
dxb3,1,31.975003,6.869902
dyb3,1,32.715563,7.099036
csxxsyyszz,1,76.521871,16.857253
dyf2,1,32.499562,7.040815
dxf2,1,32.195366,6.937036
csxy,1,31.864552,7.135004
dzf2,1,123.938059,27.589355
dyf3,1,32.263250,7.005039
csyz,1,38.116827,8.492905
dxf3,1,32.022658,6.898881
dzf3,1,124.001141,27.587424
csxz,1,37.932647,8.450956
dxf,2,32.660937,7.020660
dzb,2,124.153477,27.613432
dyb,2,32.356924,7.003252
cvx,2,38.604505,8.652838
dyf,2,32.393222,7.039928
dzb2,2,124.189729,27.632214
dxb,2,31.944999,6.869869
cvy,2,38.491727,8.614689
dzf,2,123.829527,27.562594
dxb2,2,31.915218,6.861167
dyb2,2,32.603298,7.085224
cvz,2,44.949515,10.063561
dzb3,2,124.104065,27.600103
dxb3,2,31.932321,6.872101
dyb3,2,32.642510,7.087625
csxxsyyszz,2,76.481294,16.860325
dyf2,2,32.548719,7.069773
dxf2,2,32.174181,6.935902
csxy,2,31.866137,7.137290
dzf2,2,123.911714,27.605547
dyf3,2,32.243805,6.998802
csyz,2,38.082357,8.487724
dxf3,2,31.983617,6.896104
dzf3,2,123.977103,27.615155
csxz,2,37.986735,8.466172
dxf,3,31.983627,6.896954
dzb,3,124.189721,27.628516
dyb,3,32.366088,7.026416
cvx,3,38.646942,8.666697
dyf,3,32.420328,7.055593
dzb2,3,124.195625,27.638331
dxb,3,31.945521,6.865988
cvy,3,38.426042,8.603230
dzf,3,123.811693,27.566673
dxb2,3,31.923035,6.863331
dyb2,3,32.642831,7.096095
cvz,3,44.927136,10.060260
dzb3,3,124.021439,27.598461
dxb3,3,31.930221,6.867900
dyb3,3,32.688896,7.099259
csxxsyyszz,3,76.530901,16.861204
dyf2,3,32.481068,7.036689
dxf2,3,32.172646,6.941958
csxy,3,31.831468,7.130851
dzf2,3,123.793693,27.547191
dyf3,3,32.243616,6.997102
csyz,3,38.111296,8.493817
dxf3,3,32.878135,7.064085
dzf3,3,123.887858,27.556128
csxz,3,37.938966,8.462578
dxf,4,31.936697,6.886108
dzb,4,124.180010,27.620689
dyb,4,32.369173,7.018398
cvx,4,38.642073,8.660413
dyf,4,32.379911,7.052630
dzb2,4,124.127566,27.635499
dxb,4,31.954092,6.873761
cvy,4,38.469978,8.615952
dzf,4,123.772532,27.564885
dxb2,4,31.926196,6.868244
dyb2,4,32.712015,7.111135
cvz,4,44.964888,10.065414
dzb3,4,124.153765,27.636652
dxb3,4,31.982982,6.875251
dyb3,4,32.652111,7.094391
csxxsyyszz,4,76.450108,16.854308
dyf2,4,32.505559,7.054901
dxf2,4,32.247702,6.960405
csxy,4,31.886839,7.145188
dzf2,4,123.827836,27.588965
dyf3,4,32.303942,7.028720
csyz,4,38.081760,8.493541
dxf3,4,32.013249,6.910271
dzf3,4,123.894638,27.600256
csxz,4,37.958023,8.508001
#========================= OptEWE [OpenMP] =========================
#Source type                                  :  Force monopole
#Grid Size                                    :  512 x 512 x 512
#Iterations                                   :  5
#Compute time                                 :  7.388552
#Total effective MLUPS                        :  90.828165
#===================================================================
#Number of threads                            :  18
