dxf,0,32.384362,5.824304
dzb,0,130.390798,23.898311
dyb,0,30.472079,5.609838
cvx,0,38.849391,7.249418
dyf,0,30.447615,5.612471
dzb2,0,130.519515,23.954533
dxb,0,29.974608,5.481244
cvy,0,386.930191,57.588026
dzf,0,130.392710,23.931877
dxb2,0,30.051864,5.482117
dyb2,0,30.793569,5.684180
cvz,0,45.501618,8.491981
dzb3,0,130.263718,23.929420
dxb3,0,29.961665,5.490113
dyb3,0,30.745255,5.671539
csxxsyyszz,0,91.040479,16.310929
dyf2,0,30.736040,5.675842
dxf2,0,30.265771,5.565710
csxy,0,31.377672,5.893654
dzf2,0,129.795818,23.876609
dyf3,0,30.354444,5.611896
csyz,0,37.934390,7.110509
dxf3,0,30.052328,5.506972
dzf3,0,130.097447,23.935342
csxz,0,37.814231,7.099500
dxf,1,30.051525,5.507998
dzb,1,130.605450,24.008769
dyb,1,32.789028,5.965795
cvx,1,38.747151,7.249713
dyf,1,30.591062,5.660900
dzb2,1,130.446470,23.991526
dxb,1,29.983338,5.515241
cvy,1,38.725655,7.244239
dzf,1,130.247743,23.942273
dxb2,1,30.014822,5.512292
dyb2,1,30.740388,5.684450
cvz,1,45.484329,8.506537
dzb3,1,130.282696,23.962392
dxb3,1,29.987145,5.498288
dyb3,1,30.805858,5.683199
csxxsyyszz,1,90.996094,16.316613
dyf2,1,30.732967,5.680557
dxf2,1,30.245569,5.565539
csxy,1,31.496051,5.917320
dzf2,1,130.062480,23.924722
dyf3,1,30.418583,5.612941
csyz,1,37.948576,7.114020
dxf3,1,30.004333,5.511186
dzf3,1,130.131689,23.969246
csxz,1,37.829701,7.094766
dxf,2,29.987825,5.514253
dzb,2,130.511872,24.019127
dyb,2,30.315037,5.591229
cvx,2,38.804879,7.269730
dyf,2,30.553932,5.641616
dzb2,2,130.446490,24.003636
dxb,2,29.996045,5.494477
cvy,2,38.746139,7.249281
dzf,2,129.853833,23.903761
dxb2,2,30.076743,5.511798
dyb2,2,30.892363,5.703020
cvz,2,45.513711,8.510095
dzb3,2,130.285187,23.983207
dxb3,2,29.972060,5.507245
dyb3,2,30.744191,5.680109
csxxsyyszz,2,91.062639,16.338522
dyf2,2,30.771559,5.690935
dxf2,2,30.291251,5.561758
csxy,2,31.390031,5.902752
dzf2,2,129.791629,23.907172
dyf3,2,30.393878,5.633553
csyz,2,37.948922,7.119680
dxf3,2,30.004905,5.506603
dzf3,2,131.446758,24.160877
csxz,2,37.834112,7.104809
dxf,3,29.997726,5.523089
dzb,3,130.520718,24.034846
dyb,3,30.515822,5.633387
cvx,3,38.818829,7.274042
dyf,3,30.597473,5.651210
dzb2,3,130.442207,24.012483
dxb,3,29.957264,5.492447
cvy,3,38.726428,7.250313
dzf,3,129.938101,23.926712
dxb2,3,29.984323,5.506476
dyb2,3,30.723149,5.682222
cvz,3,45.517616,8.521721
dzb3,3,130.242325,23.969151
dxb3,3,29.948759,5.513228
dyb3,3,30.771607,5.691545
csxxsyyszz,3,91.069118,16.338460
dyf2,3,30.698148,5.667765
dxf2,3,30.221584,5.561480
csxy,3,31.396319,5.903816
dzf2,3,130.019962,23.949159
dyf3,3,30.419776,5.646077
csyz,3,37.953218,7.119026
dxf3,3,30.043368,5.517065
dzf3,3,130.065347,23.971067
csxz,3,37.859126,7.096159
dxf,4,29.944236,5.508653
dzb,4,130.340757,24.006027
dyb,4,30.484354,5.649846
cvx,4,38.800292,7.276510
dyf,4,30.420382,5.644882
dzb2,4,130.428052,24.022599
dxb,4,29.904537,5.530772
cvy,4,38.755955,7.260444
dzf,4,129.959219,23.955650
dxb2,4,29.968768,5.522108
dyb2,4,30.717788,5.699349
cvz,4,45.709642,8.555848
dzb3,4,130.249110,23.992354
dxb3,4,29.973370,5.523439
dyb3,4,30.733948,5.690943
csxxsyyszz,4,90.823830,16.308924
dyf2,4,30.609712,5.673916
dxf2,4,30.253008,5.586643
csxy,4,31.401992,5.910354
dzf2,4,129.994089,23.964434
dyf3,4,30.397007,5.666192
csyz,4,37.929112,7.121798
dxf3,4,30.061988,5.532697
dzf3,4,130.137420,24.008135
csxz,4,37.831426,7.167610
#========================= OptEWE [OpenMP] =========================
#Source type                                  :  Force monopole
#Grid Size                                    :  512 x 512 x 512
#Iterations                                   :  5
#Compute time                                 :  7.687018
#Total effective MLUPS                        :  87.301558
#===================================================================
#Number of threads                            :  24
