dxf,0,25.324770,5.780261
dzb,0,92.343362,22.447787
dyb,0,24.350865,5.691429
cvx,0,29.034798,7.080042
dyf,0,24.416336,5.723400
dzb2,0,92.377589,22.479938
dxb,0,23.881456,5.570708
cvy,0,245.660664,46.458210
dzf,0,91.846839,22.362483
dxb2,0,23.916223,5.582764
dyb2,0,24.675816,5.794783
cvz,0,33.490094,8.254112
dzb3,0,92.060470,22.426028
dxb3,0,23.866830,5.584361
dyb3,0,24.692989,5.815317
csxxsyyszz,0,69.514156,15.943096
dyf2,0,24.530916,5.754151
dxf2,0,24.221282,5.676397
csxy,0,23.721144,5.849278
dzf2,0,91.883268,22.441129
dyf3,0,24.226986,5.703708
csyz,0,28.239823,6.964764
dxf3,0,23.980036,5.621400
dzf3,0,92.140211,22.503898
csxz,0,28.046107,6.907873
dxf,1,23.937599,5.612649
dzb,1,92.315111,22.524395
dyb,1,24.291418,5.699140
cvx,1,29.020292,7.105642
dyf,1,24.391189,5.736503
dzb2,1,92.431322,22.553979
dxb,1,23.892085,5.584177
cvy,1,28.862612,7.083486
dzf,1,93.239802,22.670889
dxb2,1,23.913715,5.571417
dyb2,1,24.744918,5.822431
cvz,1,33.487069,8.261140
dzb3,1,92.095440,22.458918
dxb3,1,23.902847,5.594103
dyb3,1,24.712229,5.818185
csxxsyyszz,1,69.476344,15.947145
dyf2,1,24.554647,5.745669
dxf2,1,24.181438,5.672058
csxy,1,23.692844,5.847038
dzf2,1,91.890101,22.465523
dyf3,1,24.270098,5.727743
csyz,1,28.265601,6.972181
dxf3,1,23.935409,5.622547
dzf3,1,92.119362,22.520733
csxz,1,28.054539,6.913690
dxf,2,23.979270,5.635008
dzb,2,92.242106,22.546938
dyb,2,24.666198,5.790746
cvx,2,29.097608,7.109320
dyf,2,24.365904,5.732899
dzb2,2,93.960458,22.862557
dxb,2,23.871560,5.581171
cvy,2,28.873347,7.086000
dzf,2,91.847661,22.450456
dxb2,2,23.893842,5.597610
dyb2,2,24.744408,5.831115
cvz,2,33.493285,8.268415
dzb3,2,92.166817,22.497527
dxb3,2,23.890990,5.596345
dyb3,2,24.674942,5.804661
csxxsyyszz,2,69.254729,15.926514
dyf2,2,24.486340,5.762177
dxf2,2,24.186055,5.681397
csxy,2,23.750107,5.864614
dzf2,2,91.884328,22.481649
dyf3,2,24.263221,5.726820
csyz,2,28.215001,6.965813
dxf3,2,23.962041,5.632158
dzf3,2,92.060569,22.523499
csxz,2,28.059722,6.922216
dxf,3,23.975383,5.639729
dzb,3,92.375449,22.590342
dyb,3,24.382557,5.731542
cvx,3,29.021717,7.111257
dyf,3,24.420854,5.749115
dzb2,3,92.433479,22.584375
dxb,3,23.883444,5.595533
cvy,3,28.822334,7.084650
dzf,3,91.894273,22.475683
dxb2,3,23.868830,5.600343
dyb2,3,24.724106,5.827400
cvz,3,33.521086,8.288447
dzb3,3,92.050033,22.484322
dxb3,3,23.903048,5.604906
dyb3,3,24.700585,5.818294
csxxsyyszz,3,69.515739,15.997431
dyf2,3,24.509078,5.758573
dxf2,3,24.205132,5.693093
csxy,3,23.701192,5.845425
dzf2,3,93.186939,22.724370
dyf3,3,24.233292,5.725232
csyz,3,28.259814,6.976053
dxf3,3,23.935561,5.626532
dzf3,3,92.270498,22.576946
csxz,3,28.058261,6.918115
dxf,4,23.954093,5.636518
dzb,4,92.273873,22.577772
dyb,4,24.376491,5.741132
cvx,4,29.000071,7.106537
dyf,4,24.422500,5.753142
dzb2,4,92.325996,22.591999
dxb,4,23.865986,5.603495
cvy,4,28.832123,7.083932
dzf,4,91.874684,22.488428
dxb2,4,23.896474,5.604320
dyb2,4,24.693379,5.824788
cvz,4,33.523067,8.286303
dzb3,4,92.053202,22.504804
dxb3,4,23.884505,5.608320
dyb3,4,24.704580,5.816028
csxxsyyszz,4,69.043965,15.888256
dyf2,4,24.471062,5.776935
dxf2,4,24.205147,5.714858
csxy,4,23.730069,5.851479
dzf2,4,91.897969,22.506973
dyf3,4,24.245934,5.746636
csyz,4,28.263105,6.974392
dxf3,4,24.080769,5.652266
dzf3,4,92.089226,22.571656
csxz,4,28.052292,7.012803
#========================= OptEWE [OpenMP] =========================
#Source type                                  :  Force monopole
#Grid Size                                    :  512 x 512 x 512
#Iterations                                   :  5
#Compute time                                 :  5.644048
#Total effective MLUPS                        :  118.902013
#===================================================================
#Number of threads                            :  24
