dxf,0,35.039117,6.109354
dzb,0,141.654809,25.123668
dyb,0,33.201014,5.888200
cvx,0,42.225444,7.594342
dyf,0,33.249937,5.922051
dzb2,0,141.769484,25.176351
dxb,0,32.637406,5.766622
cvy,0,366.754227,53.699221
dzf,0,141.141932,25.052692
dxb2,0,32.616564,5.762339
dyb2,0,33.406067,5.966443
cvz,0,49.549300,8.940369
dzb3,0,142.796223,25.322406
dxb3,0,32.603080,5.776139
dyb3,0,33.368389,5.960428
csxxsyyszz,0,99.504064,17.266787
dyf2,0,33.738052,6.013326
dxf2,0,32.873510,5.829972
csxy,0,34.012111,6.175678
dzf2,0,141.151520,25.103624
dyf3,0,33.037411,5.893756
csyz,0,41.197889,7.459093
dxf3,0,32.672749,5.797010
dzf3,0,141.430875,25.151577
csxz,0,41.006564,7.398108
dxf,1,32.639053,5.791272
dzb,1,141.812698,25.204975
dyb,1,33.225805,5.915498
cvx,1,42.267132,7.612767
dyf,1,33.215889,5.920613
dzb2,1,141.613258,25.182525
dxb,1,32.572207,5.762646
cvy,1,42.301700,7.614546
dzf,1,141.258980,25.096682
dxb2,1,32.669363,5.773949
dyb2,1,33.461356,5.977513
cvz,1,49.564223,8.950229
dzb3,1,141.495981,25.144849
dxb3,1,32.578566,5.760298
dyb3,1,33.412240,5.968381
csxxsyyszz,1,98.774807,17.169777
dyf2,1,33.249095,5.926176
dxf2,1,32.816357,5.841070
csxy,1,34.001809,6.178176
dzf2,1,141.179199,25.120764
dyf3,1,33.082454,5.921523
csyz,1,41.179142,7.462881
dxf3,1,32.636794,5.798910
dzf3,1,141.566114,25.208915
csxz,1,41.054426,7.420349
dxf,2,32.637201,5.798263
dzb,2,141.854420,25.245994
dyb,2,33.275850,5.935223
cvx,2,42.222111,7.615933
dyf,2,33.238878,5.933258
dzb2,2,141.650992,25.209666
dxb,2,32.580595,5.772994
cvy,2,42.094723,7.593673
dzf,2,141.211643,25.133944
dxb2,2,32.592830,5.777558
dyb2,2,33.490295,5.987586
cvz,2,49.521232,8.945015
dzb3,2,141.724537,25.201818
dxb3,2,32.631090,5.774143
dyb3,2,33.431137,5.975099
csxxsyyszz,2,99.497492,17.269710
dyf2,2,33.393190,5.956868
dxf2,2,32.818989,5.834058
csxy,2,33.992967,6.187934
dzf2,2,141.227867,25.121523
dyf3,2,33.028341,5.886358
csyz,2,41.167625,7.457204
dxf3,2,32.574156,5.785146
dzf3,2,141.395790,25.173641
csxz,2,41.027571,7.436009
dxf,3,32.696027,5.812079
dzb,3,141.703201,25.216356
dyb,3,33.222665,5.957654
cvx,3,42.168823,7.618780
dyf,3,33.210595,5.954304
dzb2,3,141.752414,25.238992
dxb,3,32.614424,5.805367
cvy,3,42.139807,7.611981
dzf,3,141.281962,25.164243
dxb2,3,32.551480,5.792488
dyb2,3,33.412168,6.000348
cvz,3,49.521076,8.959795
dzb3,3,141.550431,25.213422
dxb3,3,32.614852,5.800527
dyb3,3,33.471325,5.996029
csxxsyyszz,3,99.496548,17.287278
dyf2,3,33.367779,5.985345
dxf2,3,32.864337,5.853718
csxy,3,33.997142,6.197315
dzf2,3,141.373249,25.182109
dyf3,3,33.080536,5.959577
csyz,3,41.191968,7.478976
dxf3,3,32.590544,5.811421
dzf3,3,141.473824,25.214369
csxz,3,41.031616,7.457019
dxf,4,32.599958,5.811901
dzb,4,141.657934,25.237524
dyb,4,33.200393,5.945716
cvx,4,42.189733,7.621000
dyf,4,33.222838,5.972280
dzb2,4,141.636867,25.233523
dxb,4,32.591944,5.797412
cvy,4,42.162199,7.614229
dzf,4,141.104413,25.139280
dxb2,4,32.594406,5.798688
dyb2,4,33.658796,6.033459
cvz,4,49.591676,8.978646
dzb3,4,141.351439,25.182796
dxb3,4,32.680176,5.826563
dyb3,4,33.433674,5.986419
csxxsyyszz,4,99.514842,17.299201
dyf2,4,33.382999,5.983187
dxf2,4,32.848964,5.863057
csxy,4,33.982786,6.193241
dzf2,4,141.205849,25.158092
dyf3,4,33.048934,5.953765
csyz,4,41.198899,7.478438
dxf3,4,32.627793,5.814464
dzf3,4,141.464335,25.203157
csxz,4,41.038733,7.512324
#========================= OptEWE [OpenMP] =========================
#Source type                                  :  Force monopole
#Grid Size                                    :  512 x 512 x 512
#Iterations                                   :  5
#Compute time                                 :  8.299465
#Total effective MLUPS                        :  80.859263
#===================================================================
#Number of threads                            :  22
