dxf,0,45.476019,7.882711
dzb,0,177.845914,31.494374
dyb,0,45.950396,8.019810
cvx,0,54.492104,9.830473
dyf,0,45.709734,8.023638
dzb2,0,177.905569,31.530283
dxb,0,45.047455,7.829751
cvy,0,230.803554,35.851153
dzf,0,177.815929,31.506324
dxb2,0,45.000556,7.860137
dyb2,0,46.190386,8.104368
cvz,0,63.450621,11.432581
dzb3,0,177.788127,31.530699
dxb3,0,45.031215,7.871241
dyb3,0,46.076909,8.086497
csxxsyyszz,0,120.652644,21.062168
dyf2,0,45.854167,8.050333
dxf2,0,45.343521,7.924504
csxy,0,44.536965,8.044126
dzf2,0,177.911569,31.566382
dyf3,0,45.724418,8.038255
csyz,0,53.398060,9.617961
dxf3,0,45.054875,7.873938
dzf3,0,177.836452,31.553302
csxz,0,53.256306,9.603685
dxf,1,45.054034,7.871994
dzb,1,177.873789,31.548127
dyb,1,45.949646,8.046320
cvx,1,54.497537,9.829506
dyf,1,45.874946,8.059593
dzb2,1,178.175345,31.595190
dxb,1,44.956260,7.861726
cvy,1,54.341629,9.805631
dzf,1,177.812883,31.538814
dxb2,1,45.030129,7.865302
dyb2,1,46.133267,8.093745
cvz,1,64.328386,11.631620
dzb3,1,177.639233,32.052468
dxb3,1,45.017247,7.971884
dyb3,1,46.053962,8.192208
csxxsyyszz,1,120.693414,21.358653
dyf2,1,45.768893,8.151001
dxf2,1,46.099392,8.168716
csxy,1,44.543084,8.135770
dzf2,1,177.764205,31.563325
dyf3,1,45.712989,8.045972
csyz,1,53.424869,9.630318
dxf3,1,45.027838,7.878434
dzf3,1,177.966349,31.602945
csxz,1,53.221452,9.599940
dxf,2,45.024949,7.875773
dzb,2,177.758549,31.573741
dyb,2,45.702737,8.024355
cvx,2,54.463988,9.842299
dyf,2,45.746647,8.041676
dzb2,2,177.979842,31.610188
dxb,2,45.023283,7.884942
cvy,2,54.322724,9.810829
dzf,2,177.840260,31.576829
dxb2,2,44.992193,7.872655
dyb2,2,46.280201,8.134589
cvz,2,63.427291,11.454481
dzb3,2,178.654231,31.678620
dxb3,2,44.994468,7.870364
dyb3,2,46.083758,8.088299
csxxsyyszz,2,121.536125,21.201631
dyf2,2,45.991720,8.077785
dxf2,2,45.313340,7.924532
csxy,2,44.609862,8.065899
dzf2,2,177.595029,31.530434
dyf3,2,45.748696,8.049945
csyz,2,53.390855,9.628312
dxf3,2,45.046466,7.883012
dzf3,2,177.831026,31.593817
csxz,2,53.181564,9.602777
dxf,3,45.038780,7.884781
dzb,3,177.777602,31.573525
dyb,3,45.657018,8.029928
cvx,3,54.541594,9.854132
dyf,3,45.595224,8.026336
dzb2,3,178.128045,31.629231
dxb,3,45.044971,7.898204
cvy,3,54.347209,9.818648
dzf,3,177.756893,31.566495
dxb2,3,45.125305,7.898848
dyb2,3,46.254280,8.121480
cvz,3,63.485722,11.451481
dzb3,3,177.559719,31.532596
dxb3,3,45.050089,7.870945
dyb3,3,46.058018,8.088579
csxxsyyszz,3,120.542841,21.073753
dyf2,3,45.870611,8.072373
dxf2,3,45.420111,7.955163
csxy,3,44.539910,8.053009
dzf2,3,177.597206,31.541486
dyf3,3,45.752451,8.037464
csyz,3,53.441777,9.630937
dxf3,3,44.981769,7.874254
dzf3,3,177.924966,31.615601
csxz,3,53.230209,9.613617
dxf,4,45.055881,7.882742
dzb,4,177.808032,31.575328
dyb,4,45.921068,8.070627
cvx,4,54.500672,9.851604
dyf,4,45.912767,8.077472
dzb2,4,177.880385,31.582463
dxb,4,45.061691,7.897421
cvy,4,54.307164,9.810201
dzf,4,177.849272,31.575945
dxb2,4,45.062525,7.878511
dyb2,4,46.171456,8.109583
cvz,4,63.516105,11.459160
dzb3,4,177.650747,31.554345
dxb3,4,44.952507,7.873896
dyb3,4,46.204224,8.107157
csxxsyyszz,4,121.749777,21.263029
dyf2,4,45.820155,8.054476
dxf2,4,45.352515,7.939223
csxy,4,44.502451,8.052041
dzf2,4,177.562895,31.534276
dyf3,4,45.749975,8.061243
csyz,4,53.377525,9.620692
dxf3,4,45.034438,7.885099
dzf3,4,179.348623,31.823356
csxz,4,53.261540,9.629456
#========================= OptEWE [OpenMP] =========================
#Source type                                  :  Force monopole
#Grid Size                                    :  512 x 512 x 512
#Iterations                                   :  5
#Compute time                                 :  10.468480
#Total effective MLUPS                        :  64.105642
#===================================================================
#Number of threads                            :  13
