dxf,0,34.833431,6.076982
dzb,0,143.927049,25.430048
dyb,0,34.854672,6.155480
cvx,0,42.757326,7.645301
dyf,0,34.768543,6.160430
dzb2,0,143.882556,25.439924
dxb,0,33.614426,5.901012
cvy,0,317.215829,46.568327
dzf,0,145.062607,25.613048
dxb2,0,33.615528,5.915012
dyb2,0,35.141512,6.227527
cvz,0,49.004088,8.825900
dzb3,0,143.689016,25.443856
dxb3,0,33.643646,5.912871
dyb3,0,35.127571,6.199660
csxxsyyszz,0,110.505060,18.792150
dyf2,0,34.859084,6.176836
dxf2,0,33.782076,5.965553
csxy,0,34.391044,6.221674
dzf2,0,143.048945,25.361961
dyf3,0,34.524077,6.124068
csyz,0,41.414541,7.456543
dxf3,0,33.641635,5.940392
dzf3,0,143.182643,25.372087
csxz,0,41.218117,7.456405
dxf,1,33.614543,5.940290
dzb,1,143.808993,25.479730
dyb,1,34.782883,6.140386
cvx,1,42.896482,7.674814
dyf,1,34.753379,6.163656
dzb2,1,143.759803,25.470766
dxb,1,33.694780,5.951340
cvy,1,42.313155,7.576098
dzf,1,143.112037,25.377094
dxb2,1,33.628609,5.938812
dyb2,1,35.044764,6.195701
cvz,1,49.104427,8.835908
dzb3,1,143.430476,25.404875
dxb3,1,33.647694,5.932809
dyb3,1,35.128571,6.218588
csxxsyyszz,1,110.537548,18.831230
dyf2,1,34.703248,6.149223
dxf2,1,33.817619,5.970017
csxy,1,34.388513,6.240440
dzf2,1,143.304405,25.404288
dyf3,1,34.500732,6.104593
csyz,1,41.371962,7.468721
dxf3,1,33.603612,5.934038
dzf3,1,143.097955,25.397542
csxz,1,41.178434,7.439889
dxf,2,33.504310,5.921767
dzb,2,143.803890,25.494322
dyb,2,34.847932,6.177038
cvx,2,42.709893,7.645192
dyf,2,34.728140,6.164727
dzb2,2,143.781493,25.475105
dxb,2,33.616114,5.942488
cvy,2,42.284993,7.578023
dzf,2,143.106427,25.379061
dxb2,2,33.594985,5.935634
dyb2,2,35.067615,6.207086
cvz,2,49.006705,8.826972
dzb3,2,143.499950,25.427572
dxb3,2,33.579721,5.928380
dyb3,2,35.034749,6.190735
csxxsyyszz,2,110.498613,18.816458
dyf2,2,34.862748,6.180632
dxf2,2,33.790496,5.970177
csxy,2,34.424168,6.249899
dzf2,2,143.031449,25.381300
dyf3,2,34.454870,6.117414
csyz,2,41.397636,7.483706
dxf3,2,33.541134,5.929713
dzf3,2,143.445866,25.593462
csxz,2,41.332629,7.467628
dxf,3,33.548056,5.926983
dzb,3,143.621701,25.471060
dyb,3,34.843547,6.153636
cvx,3,42.711950,7.649686
dyf,3,34.723236,6.165786
dzb2,3,143.819832,25.494172
dxb,3,33.711679,5.959382
cvy,3,42.268818,7.579087
dzf,3,143.056395,25.395099
dxb2,3,35.959189,6.332705
dyb2,3,35.329739,6.276161
cvz,3,52.939492,9.520162
dzb3,3,151.152780,26.712672
dxb3,3,34.736634,6.147540
dyb3,3,42.752871,7.401105
csxxsyyszz,3,110.922975,18.930317
dyf2,3,34.859480,6.175817
dxf2,3,33.821361,5.967054
csxy,3,34.383059,6.234675
dzf2,3,143.073176,25.385004
dyf3,3,34.419761,6.137593
csyz,3,41.364561,7.474961
dxf3,3,33.634325,5.942344
dzf3,3,143.211993,25.428647
csxz,3,41.211716,7.444465
dxf,4,33.646296,5.947223
dzb,4,143.822244,25.495840
dyb,4,34.689385,6.144718
cvx,4,42.684461,7.662709
dyf,4,34.548827,6.141414
dzb2,4,144.136573,25.554994
dxb,4,33.661102,5.941906
cvy,4,42.279157,7.596315
dzf,4,143.146865,25.411776
dxb2,4,33.624930,5.932638
dyb2,4,35.049267,6.226692
cvz,4,49.042655,8.858690
dzb3,4,143.520934,25.460366
dxb3,4,33.609341,5.921966
dyb3,4,35.109539,6.212372
csxxsyyszz,4,110.525914,18.831592
dyf2,4,34.673971,6.165826
dxf2,4,33.756284,5.958587
csxy,4,34.363578,6.233052
dzf2,4,143.245445,25.413100
dyf3,4,34.524537,6.148844
csyz,4,41.399672,7.474927
dxf3,4,33.600863,5.949873
dzf3,4,143.201920,25.429574
csxz,4,41.187570,7.474128
#========================= OptEWE [OpenMP] =========================
#Source type                                  :  Force monopole
#Grid Size                                    :  512 x 512 x 512
#Iterations                                   :  5
#Compute time                                 :  8.467571
#Total effective MLUPS                        :  79.253970
#===================================================================
#Number of threads                            :  19
