dxf,0,27.308268,6.932533
dzb,0,100.421064,27.060276
dyb,0,26.173301,6.826090
cvx,0,31.330771,8.513187
dyf,0,26.326112,6.872525
dzb2,0,100.311594,27.077737
dxb,0,25.931275,6.687267
cvy,0,232.391877,50.779983
dzf,0,100.033390,26.965250
dxb2,0,25.945653,6.686891
dyb2,0,26.449813,6.905408
cvz,0,36.419253,9.900406
dzb3,0,100.082127,27.026712
dxb3,0,25.908953,6.691827
dyb3,0,26.475000,6.904656
csxxsyyszz,0,59.780881,16.019316
dyf2,0,26.438173,6.896232
dxf2,0,26.212222,6.785572
csxy,0,25.816378,7.005800
dzf2,0,100.299699,27.098372
dyf3,0,26.244033,6.854027
csyz,0,30.882571,8.374605
dxf3,0,26.007413,6.729302
dzf3,0,100.253201,27.130407
csxz,0,30.632591,8.300355
dxf,1,26.023134,6.738481
dzb,1,100.210186,27.123065
dyb,1,26.261404,6.841213
cvx,1,31.319218,8.536859
dyf,1,26.277882,6.869085
dzb2,1,100.186356,27.123613
dxb,1,25.905607,6.690243
cvy,1,31.205467,8.486468
dzf,1,100.052647,27.069513
dxb2,1,25.931877,6.690784
dyb2,1,26.456243,6.912638
cvz,1,36.418003,9.921150
dzb3,1,100.120877,27.091776
dxb3,1,25.919597,6.694696
dyb3,1,26.512292,6.930360
csxxsyyszz,1,59.796659,16.055893
dyf2,1,26.422522,6.887077
dxf2,1,26.214154,6.799530
csxy,1,25.786990,7.010480
dzf2,1,100.113595,27.104160
dyf3,1,26.181969,6.846351
csyz,1,30.832397,8.374247
dxf3,1,26.068239,6.751790
dzf3,1,100.204028,27.114399
csxz,1,30.638435,8.301340
dxf,2,26.041154,6.742915
dzb,2,100.289991,27.137168
dyb,2,26.164361,6.808808
cvx,2,31.334211,8.539759
dyf,2,26.319790,6.888735
dzb2,2,100.246004,27.132882
dxb,2,25.908744,6.687694
cvy,2,31.221111,8.493325
dzf,2,100.185035,27.108400
dxb2,2,25.930534,6.690558
dyb2,2,26.476631,6.920684
cvz,2,36.625524,9.986961
dzb3,2,100.075781,27.086687
dxb3,2,25.931414,6.705671
dyb3,2,26.490049,6.928330
csxxsyyszz,2,60.130435,16.101136
dyf2,2,26.428387,6.878813
dxf2,2,26.161581,6.791850
csxy,2,25.806644,7.020004
dzf2,2,100.210624,27.140377
dyf3,2,26.216921,6.859353
csyz,2,30.870735,8.390087
dxf3,2,26.008940,6.741424
dzf3,2,100.308557,27.182143
csxz,2,30.659611,8.311748
dxf,3,26.041562,6.750228
dzb,3,100.317905,27.181849
dyb,3,26.178624,6.817778
cvx,3,31.321743,8.549412
dyf,3,26.262294,6.884824
dzb2,3,100.331510,27.190084
dxb,3,25.940023,6.701653
cvy,3,31.200707,8.496047
dzf,3,100.178018,27.140262
dxb2,3,25.938747,6.712731
dyb2,3,26.472019,6.937323
cvz,3,36.414122,9.934946
dzb3,3,100.053832,27.113975
dxb3,3,25.929742,6.714603
dyb3,3,26.480386,6.923793
csxxsyyszz,3,59.881996,16.088746
dyf2,3,26.421879,6.901890
dxf2,3,26.216553,6.806238
csxy,3,25.788868,7.020661
dzf2,3,100.111317,27.128939
dyf3,3,26.192855,6.838557
csyz,3,30.853365,8.386451
dxf3,3,26.017900,6.744443
dzf3,3,100.277706,27.182139
csxz,3,30.658243,8.326587
dxf,4,26.026854,6.750831
dzb,4,100.309517,27.198384
dyb,4,26.170592,6.833211
cvx,4,31.316217,8.551225
dyf,4,26.293117,6.889853
dzb2,4,100.366646,27.217318
dxb,4,25.929494,6.708416
cvy,4,31.209571,8.508036
dzf,4,100.347517,27.191594
dxb2,4,25.916795,6.690612
dyb2,4,26.426538,6.916674
cvz,4,36.407497,9.933019
dzb3,4,100.118922,27.125847
dxb3,4,25.897833,6.694110
dyb3,4,26.441548,6.917534
csxxsyyszz,4,59.940241,16.106237
dyf2,4,26.396734,6.905103
dxf2,4,26.207213,6.806153
csxy,4,25.811642,7.025905
dzf2,4,100.093367,27.134133
dyf3,4,26.232487,6.855931
csyz,4,30.873074,8.393737
dxf3,4,25.993147,6.747147
dzf3,4,100.272828,27.188927
csxz,4,30.659903,8.394602
#========================= OptEWE [OpenMP] =========================
#Source type                                  :  Force monopole
#Grid Size                                    :  512 x 512 x 512
#Iterations                                   :  5
#Compute time                                 :  6.010727
#Total effective MLUPS                        :  111.648490
#===================================================================
#Number of threads                            :  22
