dxf,0,50.143010,7.786751
dzb,0,220.998708,34.315524
dyb,0,54.127531,8.373215
cvx,0,70.654479,10.952425
dyf,0,53.600953,8.332268
dzb2,0,223.498270,34.655889
dxb,0,49.896698,7.744995
cvy,0,252.809804,34.828282
dzf,0,221.329228,34.340395
dxb2,0,49.945010,7.745883
dyb2,0,54.286939,8.428411
cvz,0,73.808327,11.648799
dzb3,0,220.358741,34.231042
dxb3,0,49.866242,7.744912
dyb3,0,54.316690,8.432545
csxxsyyszz,0,190.073096,28.253573
dyf2,0,53.747720,8.339691
dxf2,0,49.944159,7.772682
csxy,0,48.478651,7.795973
dzf2,0,227.900276,35.231242
dyf3,0,53.197575,8.250460
csyz,0,57.000316,9.151811
dxf3,0,49.735633,7.739254
dzf3,0,220.311108,34.211114
csxz,0,56.794130,9.141407
dxf,1,49.817945,7.748400
dzb,1,221.127001,34.325380
dyb,1,54.052623,8.356439
cvx,1,70.709012,10.958914
dyf,1,53.523321,8.312536
dzb2,1,223.760777,34.868765
dxb,1,49.949859,7.762796
cvy,1,69.168536,10.745478
dzf,1,221.331455,34.393344
dxb2,1,49.945514,7.766038
dyb2,1,54.391043,8.436318
cvz,1,73.904987,11.651121
dzb3,1,220.856245,34.290170
dxb3,1,49.800120,7.724633
dyb3,1,54.324226,8.427409
csxxsyyszz,1,190.241644,28.263640
dyf2,1,53.701651,8.332055
dxf2,1,49.910061,7.764806
csxy,1,48.503202,7.810834
dzf2,1,227.897887,35.248911
dyf3,1,53.206587,8.255848
csyz,1,56.959150,9.160725
dxf3,1,49.720908,7.764383
dzf3,1,220.321880,34.223455
csxz,1,56.720556,9.132254
dxf,2,49.663740,7.755090
dzb,2,221.232590,34.353055
dyb,2,54.335989,8.411526
cvx,2,70.644540,10.977744
dyf,2,53.668958,8.329910
dzb2,2,223.907606,34.712644
dxb,2,49.884724,7.727608
cvy,2,69.175554,10.734146
dzf,2,221.418734,34.395364
dxb2,2,49.883273,7.738265
dyb2,2,54.244615,8.415785
cvz,2,73.869129,11.642882
dzb3,2,220.513329,34.247606
dxb3,2,49.818628,7.733609
dyb3,2,54.349197,8.427279
csxxsyyszz,2,189.550070,28.190982
dyf2,2,53.777278,8.334622
dxf2,2,49.898218,7.751101
csxy,2,48.473274,7.795593
dzf2,2,227.825408,35.237576
dyf3,2,53.238423,8.259820
csyz,2,57.045586,9.164156
dxf3,2,49.710610,7.794453
dzf3,2,220.153241,34.203086
csxz,2,56.769869,9.141417
dxf,3,49.692783,7.774241
dzb,3,221.219391,34.337118
dyb,3,54.154527,8.386457
cvx,3,70.656062,10.944943
dyf,3,53.680133,8.332742
dzb2,3,223.987998,34.741284
dxb,3,49.950003,7.739557
cvy,3,69.212300,10.734608
dzf,3,221.464565,34.400001
dxb2,3,49.905346,7.736919
dyb2,3,54.250514,8.407013
cvz,3,73.836340,11.638330
dzb3,3,220.398872,34.240006
dxb3,3,49.815439,7.727986
dyb3,3,54.262635,8.412525
csxxsyyszz,3,190.222267,28.280205
dyf2,3,53.488847,8.295877
dxf2,3,51.091077,7.923455
csxy,3,48.534515,7.784208
dzf2,3,227.980516,35.242278
dyf3,3,53.398544,8.280779
csyz,3,57.129289,9.177844
dxf3,3,50.477209,8.125253
dzf3,3,219.124188,35.728396
csxz,3,56.676898,9.504129
dxf,4,49.656052,8.064970
dzb,4,219.872314,35.627646
dyb,4,54.006119,8.711862
cvx,4,70.316889,11.346533
dyf,4,53.520133,8.684371
dzb2,4,222.599024,35.965145
dxb,4,49.891748,8.043454
cvy,4,68.983911,11.060954
dzf,4,220.422113,35.360373
dxb2,4,49.928922,8.002456
dyb2,4,54.265644,8.699582
cvz,4,73.522908,11.923210
dzb3,4,220.697593,34.282313
dxb3,4,49.907840,7.740608
dyb3,4,54.295522,8.441863
csxxsyyszz,4,190.244265,28.285457
dyf2,4,53.624528,8.312655
dxf2,4,49.916513,7.762874
csxy,4,48.505506,7.830365
dzf2,4,228.007976,35.210007
dyf3,4,53.360475,8.273178
csyz,4,57.083660,9.208489
dxf3,4,49.782425,7.747390
dzf3,4,220.221559,34.217544
csxz,4,56.731456,9.121129
#========================= OptEWE [OpenMP] =========================
#Source type                                  :  Force monopole
#Grid Size                                    :  512 x 512 x 512
#Iterations                                   :  5
#Compute time                                 :  12.798102
#Total effective MLUPS                        :  52.436574
#===================================================================
#Number of threads                            :  8
