dxf,0,30.881330,7.048060
dzb,0,115.628932,27.667063
dyb,0,30.426546,7.023659
cvx,0,36.225679,8.700002
dyf,0,30.980698,7.181713
dzb2,0,115.309460,27.648399
dxb,0,30.028496,6.889194
cvy,0,219.735871,43.504470
dzf,0,114.937036,27.557268
dxb2,0,29.921392,6.892899
dyb2,0,30.672600,7.129223
cvz,0,41.289082,9.982355
dzb3,0,115.118285,27.631708
dxb3,0,29.991941,6.910240
dyb3,0,30.781051,7.155272
csxxsyyszz,0,74.552099,17.445313
dyf2,0,30.593962,7.122537
dxf2,0,30.282198,6.996725
csxy,0,29.410780,7.096181
dzf2,0,114.900728,27.629291
dyf3,0,30.237118,7.057060
csyz,0,35.137507,8.477042
dxf3,0,30.027465,6.959569
dzf3,0,115.087943,27.669551
csxz,0,34.922671,8.429581
dxf,1,30.026689,6.961031
dzb,1,115.427418,27.733410
dyb,1,30.294805,7.053364
cvx,1,35.557928,8.605859
dyf,1,30.516371,7.132248
dzb2,1,115.229223,27.691945
dxb,1,29.987502,6.919495
cvy,1,35.351364,8.544878
dzf,1,114.911485,27.669397
dxb2,1,29.956886,6.908082
dyb2,1,30.758715,7.163777
cvz,1,41.324216,9.999979
dzb3,1,115.035397,27.659744
dxb3,1,29.921852,6.899882
dyb3,1,30.746386,7.159584
csxxsyyszz,1,74.518487,17.449459
dyf2,1,30.640925,7.141011
dxf2,1,30.184960,6.981215
csxy,1,29.422835,7.121275
dzf2,1,115.256250,27.717773
dyf3,1,30.389916,7.062806
csyz,1,35.105592,8.474561
dxf3,1,29.999707,6.963561
dzf3,1,115.062247,27.688573
csxz,1,34.926977,8.446022
dxf,2,30.008174,6.962599
dzb,2,115.373708,27.735050
dyb,2,30.421773,7.058089
cvx,2,35.554072,8.606608
dyf,2,30.439571,7.113823
dzb2,2,115.329381,27.723655
dxb,2,30.013999,6.933703
cvy,2,35.440762,8.566008
dzf,2,114.904187,27.671107
dxb2,2,29.992910,6.923283
dyb2,2,30.757428,7.162516
cvz,2,41.309712,10.003074
dzb3,2,115.149343,27.688495
dxb3,2,29.932064,6.908393
dyb3,2,30.769059,7.169671
csxxsyyszz,2,74.472102,17.455623
dyf2,2,30.651517,7.156890
dxf2,2,30.222576,6.992866
csxy,2,29.422098,7.112317
dzf2,2,114.930877,27.673323
dyf3,2,30.372185,7.083363
csyz,2,35.084516,8.471251
dxf3,2,30.001807,6.961005
dzf3,2,115.038855,27.681470
csxz,2,34.898357,8.426014
dxf,3,30.024991,6.966971
dzb,3,115.373807,27.747153
dyb,3,30.450593,7.082261
cvx,3,35.496025,8.592316
dyf,3,30.564714,7.144860
dzb2,3,115.192188,27.708274
dxb,3,30.115628,6.934711
cvy,3,35.401809,8.561377
dzf,3,114.910606,27.663489
dxb2,3,29.911901,6.914956
dyb2,3,30.758046,7.163861
cvz,3,41.327629,10.003208
dzb3,3,115.125419,27.692459
dxb3,3,29.893075,6.908675
dyb3,3,30.751028,7.167872
csxxsyyszz,3,74.443834,17.450712
dyf2,3,30.657284,7.154763
dxf2,3,30.203954,6.999412
csxy,3,29.388205,7.111945
dzf2,3,114.872213,27.676280
dyf3,3,30.379417,7.068436
csyz,3,35.123578,8.479377
dxf3,3,30.006317,6.964747
dzf3,3,115.010719,27.700134
csxz,3,34.888167,8.444511
dxf,4,30.126285,6.990828
dzb,4,115.347600,27.747382
dyb,4,30.411821,7.067303
cvx,4,35.631599,8.710000
dyf,4,30.498463,7.228255
dzb2,4,115.300995,27.756989
dxb,4,30.019582,6.941090
cvy,4,35.423077,8.569034
dzf,4,114.885359,27.688609
dxb2,4,29.925631,6.915958
dyb2,4,30.763692,7.172867
cvz,4,41.306822,10.011861
dzb3,4,115.132449,27.711125
dxb3,4,29.946596,6.917422
dyb3,4,30.787696,7.177381
csxxsyyszz,4,74.446527,17.460771
dyf2,4,30.638006,7.156487
dxf2,4,30.223206,6.996554
csxy,4,29.389634,7.114306
dzf2,4,115.044083,27.696248
dyf3,4,30.411761,7.092830
csyz,4,35.112888,8.473119
dxf3,4,30.038554,6.967536
dzf3,4,115.136806,27.705777
csxz,4,34.882619,8.501977
#========================= OptEWE [OpenMP] =========================
#Source type                                  :  Force monopole
#Grid Size                                    :  512 x 512 x 512
#Iterations                                   :  5
#Compute time                                 :  6.889620
#Total effective MLUPS                        :  97.405758
#===================================================================
#Number of threads                            :  19
