dxf,0,123.751269,17.014438
dzb,0,761.362260,101.727300
dyb,0,153.363802,20.845603
cvx,0,268.257517,35.701597
dyf,0,149.948933,20.401495
dzb2,0,760.989446,101.666490
dxb,0,136.077478,18.562373
cvy,0,639.421778,82.463836
dzf,0,760.927673,101.669471
dxb2,0,134.990883,18.422657
dyb2,0,153.096406,20.810122
cvz,0,267.900969,35.777850
dzb3,0,761.672343,101.775969
dxb3,0,136.912957,18.674480
dyb3,0,155.103147,21.065995
csxxsyyszz,0,732.440334,96.036122
dyf2,0,151.916801,20.651252
dxf2,0,124.983838,17.162215
csxy,0,107.957219,15.153751
dzf2,0,761.220037,101.757682
dyf3,0,149.703437,20.364996
csyz,0,123.113589,17.170282
dxf3,0,127.849097,17.521024
dzf3,0,761.004129,101.701018
csxz,0,122.483806,17.087231
dxf,1,123.746872,17.012967
dzb,1,761.224296,101.703878
dyb,1,151.308257,20.579035
cvx,1,268.253695,35.705063
dyf,1,150.140764,20.419020
dzb2,1,760.595723,101.615761
dxb,1,136.036135,18.551927
cvy,1,265.685346,35.399089
dzf,1,760.976343,101.662367
dxb2,1,134.807258,18.404040
dyb2,1,152.540464,20.732873
cvz,1,267.884273,35.781097
dzb3,1,761.450252,101.778227
dxb3,1,135.311639,18.465470
dyb3,1,152.034618,20.674733
csxxsyyszz,1,733.751150,96.158959
dyf2,1,149.972581,20.397139
dxf2,1,124.984045,17.164475
csxy,1,108.087154,15.163522
dzf2,1,764.278567,102.129839
dyf3,1,151.308209,20.607831
csyz,1,123.094804,17.159169
dxf3,1,127.577224,17.491925
dzf3,1,763.487694,102.446198
csxz,1,122.562162,17.147583
dxf,2,123.943498,17.118332
dzb,2,762.338857,102.291728
dyb,2,150.880906,20.545487
cvx,2,268.549823,35.845184
dyf,2,151.730384,20.676487
dzb2,2,760.980531,101.677532
dxb,2,135.986888,18.563202
cvy,2,265.625131,35.393056
dzf,2,760.974232,101.807140
dxb2,2,134.939612,18.429055
dyb2,2,152.423920,20.732746
cvz,2,267.923211,35.792399
dzb3,2,760.855613,101.679938
dxb3,2,135.358904,18.480812
dyb3,2,153.046023,20.804508
csxxsyyszz,2,734.102124,96.372969
dyf2,2,151.945423,20.671405
dxf2,2,125.006082,17.165451
csxy,2,107.790896,15.134361
dzf2,2,760.936150,101.730021
dyf3,2,151.426201,20.593344
csyz,2,123.130593,17.193832
dxf3,2,127.641345,17.541408
dzf3,2,761.399661,102.266425
csxz,2,122.232418,17.077914
dxf,3,123.669265,17.006378
dzb,3,763.908501,102.167767
dyb,3,153.510576,20.921015
cvx,3,268.560830,35.869655
dyf,3,149.691706,20.437502
dzb2,3,760.720147,101.775518
dxb,3,136.020762,18.562891
cvy,3,265.667122,35.407730
dzf,3,761.351415,101.982920
dxb2,3,134.925309,18.422265
dyb2,3,151.962323,20.682767
cvz,3,268.014172,35.816619
dzb3,3,761.036694,101.737038
dxb3,3,135.231388,18.490054
dyb3,3,152.206109,20.754513
csxxsyyszz,3,724.701982,95.301303
dyf2,3,149.646245,20.356844
dxf2,3,124.997987,17.167134
csxy,3,107.898636,15.152952
dzf2,3,760.865446,101.745905
dyf3,3,149.471909,20.412814
csyz,3,123.110402,17.226715
dxf3,3,127.987004,17.616691
dzf3,3,761.017903,101.912937
csxz,3,122.347572,17.082779
dxf,4,123.628075,17.001951
dzb,4,761.082618,101.834572
dyb,4,153.528988,20.935410
cvx,4,268.566254,35.868887
dyf,4,150.132289,20.491452
dzb2,4,762.499925,101.927225
dxb,4,135.960964,18.563509
cvy,4,265.644379,35.416762
dzf,4,761.869852,102.094177
dxb2,4,134.896254,18.474091
dyb2,4,153.340644,20.871887
cvz,4,267.888240,35.801669
dzb3,4,760.952521,101.779644
dxb3,4,135.268107,18.517784
dyb3,4,152.508617,20.793534
csxxsyyszz,4,733.014941,96.333370
dyf2,4,151.937962,20.655618
dxf2,4,124.969188,17.163674
csxy,4,107.768029,15.146969
dzf2,4,761.484886,101.898127
dyf3,4,151.640838,20.695009
csyz,4,123.077968,17.216638
dxf3,4,127.576509,17.514326
dzf3,4,760.394481,101.656108
csxz,4,122.235546,17.323226
#========================= OptEWE [OpenMP] =========================
#Source type                                  :  Force monopole
#Grid Size                                    :  512 x 512 x 512
#Iterations                                   :  5
#Compute time                                 :  41.119579
#Total effective MLUPS                        :  16.320416
#===================================================================
#Number of threads                            :  3
