dxf,0,50.286535,8.567085
dzb,0,229.431203,38.703106
dyb,0,55.315516,9.371613
cvx,0,77.407675,12.909934
dyf,0,54.831998,9.293167
dzb2,0,229.302213,38.730607
dxb,0,50.260539,8.524356
cvy,0,296.298119,44.414142
dzf,0,228.120373,38.536101
dxb2,0,51.075460,8.689092
dyb2,0,55.460290,9.397843
cvz,0,78.900875,13.421901
dzb3,0,228.501152,38.626877
dxb3,0,50.341705,8.567166
dyb3,0,55.457634,9.389001
csxxsyyszz,0,208.331408,33.571862
dyf2,0,54.925395,9.316597
dxf2,0,49.952958,8.521509
csxy,0,47.484926,8.423971
dzf2,0,235.283914,39.628710
dyf3,0,54.644208,9.263291
csyz,0,56.279087,10.001182
dxf3,0,49.836598,8.512042
dzf3,0,228.567920,38.621518
csxz,0,56.128930,10.048409
dxf,1,49.755091,8.488121
dzb,1,229.274602,38.721229
dyb,1,55.117226,9.354457
cvx,1,77.351973,12.909089
dyf,1,54.961521,9.320149
dzb2,1,228.886481,38.692512
dxb,1,50.235163,8.544325
cvy,1,76.315727,12.734453
dzf,1,227.792353,38.521402
dxb2,1,51.058824,8.665549
dyb2,1,55.431492,9.401351
cvz,1,78.907094,13.446385
dzb3,1,228.392051,38.591801
dxb3,1,50.262636,8.542111
dyb3,1,55.546892,9.431399
csxxsyyszz,1,209.056731,33.643766
dyf2,1,55.045686,9.321190
dxf2,1,49.830092,8.533647
csxy,1,48.497686,8.579604
dzf2,1,235.464280,39.663932
dyf3,1,54.691230,9.281517
csyz,1,56.324487,10.006336
dxf3,1,49.760333,8.476941
dzf3,1,228.427211,38.667512
csxz,1,56.157864,10.000578
dxf,2,49.775371,8.482553
dzb,2,229.040083,38.725992
dyb,2,55.270833,9.365861
cvx,2,77.379838,12.915086
dyf,2,54.881969,9.323809
dzb2,2,229.029545,38.714048
dxb,2,50.228511,8.549472
cvy,2,76.316332,12.767331
dzf,2,227.936866,38.514735
dxb2,2,51.044828,8.652580
dyb2,2,55.529957,9.399176
cvz,2,78.856292,13.421094
dzb3,2,228.275902,38.663610
dxb3,2,50.318181,8.561711
dyb3,2,55.511010,9.397551
csxxsyyszz,2,209.051066,33.771530
dyf2,2,55.177814,9.363893
dxf2,2,49.805367,8.499505
csxy,2,47.396589,8.420512
dzf2,2,235.426862,39.702951
dyf3,2,54.675930,9.295030
csyz,2,56.354292,10.018554
dxf3,2,49.770274,8.491687
dzf3,2,228.444461,38.751132
csxz,2,56.031920,9.996384
dxf,3,49.771512,8.500559
dzb,3,229.121260,38.794518
dyb,3,55.253630,9.369246
cvx,3,77.307348,12.991793
dyf,3,54.890528,9.330042
dzb2,3,228.829631,38.777170
dxb,3,50.222477,8.576091
cvy,3,76.319072,12.760818
dzf,3,227.843537,38.617116
dxb2,3,51.063078,8.680362
dyb2,3,55.387197,9.410843
cvz,3,78.918570,13.454506
dzb3,3,228.422599,38.698884
dxb3,3,50.315470,8.569232
dyb3,3,55.417941,9.393098
csxxsyyszz,3,208.193994,33.624568
dyf2,3,54.897481,9.310024
dxf2,3,49.843932,8.511951
csxy,3,47.448794,8.524079
dzf2,3,235.459058,39.664667
dyf3,3,54.641494,9.326864
csyz,3,56.296598,10.060105
dxf3,3,49.778862,8.493152
dzf3,3,228.451391,38.728594
csxz,3,56.152127,10.006696
dxf,4,49.632797,8.474557
dzb,4,228.928487,38.808479
dyb,4,55.251305,9.375516
cvx,4,77.391060,12.920388
dyf,4,54.900724,9.322094
dzb2,4,228.765021,38.798049
dxb,4,50.272005,8.561346
cvy,4,76.350384,12.813894
dzf,4,228.085678,38.584038
dxb2,4,51.022973,8.671739
dyb2,4,55.391948,9.499111
cvz,4,78.952806,13.459726
dzb3,4,228.457459,38.700568
dxb3,4,50.331151,8.585938
dyb3,4,55.495464,9.394919
csxxsyyszz,4,209.077550,33.741004
dyf2,4,55.060706,9.367323
dxf2,4,49.905482,8.525887
csxy,4,47.446127,8.427255
dzf2,4,235.323354,39.751029
dyf3,4,54.654975,9.300129
csyz,4,56.329311,10.012535
dxf3,4,49.771495,8.497141
dzf3,4,228.624909,38.795534
csxz,4,56.134447,10.052484
#========================= OptEWE [OpenMP] =========================
#Source type                                  :  Force monopole
#Grid Size                                    :  512 x 512 x 512
#Iterations                                   :  5
#Compute time                                 :  13.278785
#Total effective MLUPS                        :  50.538408
#===================================================================
#Number of threads                            :  10
