dxf,0,48.673258,8.969264
dzb,0,189.916632,35.911395
dyb,0,50.043274,9.232142
cvx,0,57.977624,11.053335
dyf,0,49.398078,9.198334
dzb2,0,188.149096,35.605111
dxb,0,48.713216,8.958117
cvy,0,198.051860,33.047552
dzf,0,187.176884,35.484750
dxb2,0,48.152390,8.886162
dyb2,0,50.277299,9.291269
cvz,0,66.051972,12.666922
dzb3,0,187.123119,35.487923
dxb3,0,48.397270,8.903646
dyb3,0,50.273019,9.286006
csxxsyyszz,0,142.196090,26.585607
dyf2,0,49.204404,9.372112
dxf2,0,48.279097,9.185701
csxy,0,47.007221,9.252868
dzf2,0,186.197645,36.347785
dyf3,0,49.185832,9.262729
csyz,0,55.489281,10.631430
dxf3,0,48.329062,8.915987
dzf3,0,187.248163,35.540864
csxz,0,55.437230,10.634587
dxf,1,48.193259,8.899246
dzb,1,189.784524,35.931004
dyb,1,50.113761,9.283935
cvx,1,58.002652,11.040200
dyf,1,49.437927,9.191213
dzb2,1,187.875159,35.658754
dxb,1,48.835466,9.005382
cvy,1,58.223545,11.071813
dzf,1,187.143569,35.549232
dxb2,1,48.140981,8.889473
dyb2,1,50.322961,9.324264
cvz,1,65.950690,12.689724
dzb3,1,187.171323,35.538783
dxb3,1,48.433749,8.937964
dyb3,1,50.155278,9.280173
csxxsyyszz,1,139.460977,25.526798
dyf2,1,49.205668,9.144535
dxf2,1,48.333889,8.937661
csxy,1,46.992189,9.022867
dzf2,1,186.789788,35.431439
dyf3,1,49.174805,9.120480
csyz,1,55.550351,10.633994
dxf3,1,48.884237,9.023052
dzf3,1,187.313196,35.469338
csxz,1,55.408301,10.626364
dxf,2,48.205167,8.890599
dzb,2,190.046370,35.892533
dyb,2,49.573110,9.160211
cvx,2,58.024290,11.012285
dyf,2,49.113012,9.111788
dzb2,2,187.910905,35.579164
dxb,2,48.839958,8.994489
cvy,2,58.415606,11.079006
dzf,2,188.489658,35.680595
dxb2,2,48.105729,8.859632
dyb2,2,50.277583,9.290717
cvz,2,66.221381,12.696123
dzb3,2,187.140801,35.465409
dxb3,2,48.452187,8.921016
dyb3,2,50.261827,9.289376
csxxsyyszz,2,141.994581,25.916617
dyf2,2,49.283302,9.147005
dxf2,2,48.294187,8.906534
csxy,2,47.001883,8.993666
dzf2,2,186.792032,35.442048
dyf3,2,48.905043,9.079588
csyz,2,55.401743,10.617817
dxf3,2,48.412938,8.933639
dzf3,2,187.309493,35.508032
csxz,2,55.407245,10.631265
dxf,3,48.194277,8.891844
dzb,3,190.041075,35.943373
dyb,3,49.511026,9.170582
cvx,3,58.043794,11.044162
dyf,3,49.080756,9.123487
dzb2,3,187.905460,35.628962
dxb,3,48.864915,8.989800
cvy,3,58.373490,11.074788
dzf,3,187.126369,35.518985
dxb2,3,48.149800,8.884480
dyb2,3,50.351899,9.310865
cvz,3,66.156147,12.689454
dzb3,3,187.116955,35.506307
dxb3,3,48.508305,8.951359
dyb3,3,50.322050,9.288773
csxxsyyszz,3,140.825172,25.710510
dyf2,3,49.213932,9.114951
dxf2,3,48.349757,8.927057
csxy,3,46.973220,9.001977
dzf2,3,186.523239,35.462110
dyf3,3,49.248426,9.153568
csyz,3,55.480949,10.650152
dxf3,3,48.400494,8.950582
dzf3,3,187.115240,35.554988
csxz,3,55.408389,10.664778
dxf,4,48.121531,8.908258
dzb,4,189.922813,35.996214
dyb,4,50.195916,9.298914
cvx,4,58.064921,11.059432
dyf,4,49.440695,9.200816
dzb2,4,187.959328,35.680448
dxb,4,48.771652,8.995199
cvy,4,58.273372,11.068177
dzf,4,187.062290,35.560887
dxb2,4,48.165021,8.890540
dyb2,4,50.345316,9.309405
cvz,4,66.074647,12.679530
dzb3,4,187.046143,35.583672
dxb3,4,48.512620,8.951427
dyb3,4,50.377417,9.314978
csxxsyyszz,4,141.994894,26.000456
dyf2,4,49.599755,9.193582
dxf2,4,48.333102,8.923620
csxy,4,47.006557,9.002115
dzf2,4,186.538088,35.474111
dyf3,4,49.203310,9.148439
csyz,4,55.494926,10.638961
dxf3,4,48.443705,8.941133
dzf3,4,187.191092,35.578068
csxz,4,55.375747,10.644192
#========================= OptEWE [OpenMP] =========================
#Source type                                  :  Force monopole
#Grid Size                                    :  512 x 512 x 512
#Iterations                                   :  5
#Compute time                                 :  11.122950
#Total effective MLUPS                        :  60.333694
#===================================================================
#Number of threads                            :  9
