dxf,0,37.217760,6.885763
dzb,0,146.399775,27.788012
dyb,0,37.310739,6.983087
cvx,0,45.096019,8.644043
dyf,0,37.326622,6.980557
dzb2,0,146.367075,27.812834
dxb,0,36.693942,6.794897
cvy,0,241.676732,38.796201
dzf,0,145.822462,27.704407
dxb2,0,36.690909,6.815336
dyb2,0,37.538321,7.032179
cvz,0,52.444732,10.023256
dzb3,0,146.102097,27.778771
dxb3,0,36.658933,6.821455
dyb3,0,37.577760,7.027523
csxxsyyszz,0,97.507781,18.139648
dyf2,0,37.503421,7.024318
dxf2,0,36.955518,6.874942
csxy,0,36.947147,7.092394
dzf2,0,146.059289,27.782474
dyf3,0,37.125526,6.974125
csyz,0,44.376147,8.469453
dxf3,0,36.814220,6.856043
dzf3,0,145.955210,27.776790
csxz,0,44.178581,8.426104
dxf,1,36.832553,6.855580
dzb,1,146.491043,27.857919
dyb,1,37.258048,6.980629
cvx,1,44.982374,8.640527
dyf,1,38.193821,7.127802
dzb2,1,146.415562,27.855065
dxb,1,36.844222,6.862721
cvy,1,44.877347,8.611085
dzf,1,145.744269,27.755979
dxb2,1,36.686962,6.819792
dyb2,1,37.539509,7.034808
cvz,1,52.523494,10.062139
dzb3,1,147.510689,28.025793
dxb3,1,36.715227,6.837969
dyb3,1,37.566181,7.028367
csxxsyyszz,1,97.322707,18.135447
dyf2,1,37.412378,7.009904
dxf2,1,36.956637,6.897397
csxy,1,36.931432,7.098610
dzf2,1,146.085448,27.816569
dyf3,1,37.131764,6.999694
csyz,1,44.341897,8.474724
dxf3,1,36.797923,6.852281
dzf3,1,145.905947,27.794958
csxz,1,44.218311,8.450023
dxf,2,36.736477,6.842289
dzb,2,146.582270,27.897923
dyb,2,39.122531,7.261404
cvx,2,44.957696,8.624303
dyf,2,37.345563,6.993675
dzb2,2,146.416742,27.860731
dxb,2,36.653127,6.822184
cvy,2,44.858623,8.611149
dzf,2,146.052219,27.811722
dxb2,2,36.704017,6.837934
dyb2,2,37.582102,7.037128
cvz,2,52.451886,10.042593
dzb3,2,146.136990,27.821076
dxb3,2,36.680047,6.833227
dyb3,2,37.495645,7.019257
csxxsyyszz,2,97.351749,18.146144
dyf2,2,37.442302,7.012151
dxf2,2,36.938054,6.891256
csxy,2,36.936081,7.098774
dzf2,2,145.814755,27.772502
dyf3,2,37.121652,6.971256
csyz,2,44.395709,8.478977
dxf3,2,36.791938,6.849594
dzf3,2,145.864661,27.801481
csxz,2,44.254908,8.461466
dxf,3,36.778296,6.849836
dzb,3,146.475278,27.881148
dyb,3,37.150483,6.963572
cvx,3,44.938920,8.641461
dyf,3,37.238516,6.982699
dzb2,3,146.567146,27.890712
dxb,3,36.665469,6.832682
cvy,3,44.909027,8.620458
dzf,3,145.845881,27.777563
dxb2,3,36.744963,6.830091
dyb2,3,37.582463,7.044543
cvz,3,52.455722,10.045999
dzb3,3,146.023409,27.807839
dxb3,3,36.837657,6.847563
dyb3,3,37.545825,7.029733
csxxsyyszz,3,97.371979,18.151636
dyf2,3,37.393606,7.012739
dxf2,3,36.949341,6.881085
csxy,3,36.969761,7.106463
dzf2,3,145.789488,27.767566
dyf3,3,37.170075,6.992382
csyz,3,44.360027,8.484819
dxf3,3,36.804030,6.858625
dzf3,3,146.079590,27.840622
csxz,3,44.206020,8.456683
dxf,4,36.778517,6.853749
dzb,4,146.314540,27.854877
dyb,4,37.234793,6.986297
cvx,4,45.010364,8.648574
dyf,4,37.446407,7.016640
dzb2,4,146.398469,27.880870
dxb,4,36.695112,6.841828
cvy,4,44.856604,8.618806
dzf,4,145.765655,27.773191
dxb2,4,36.723414,6.831642
dyb2,4,37.507409,7.044781
cvz,4,52.522311,10.061305
dzb3,4,146.219270,27.839580
dxb3,4,36.627835,6.817958
dyb3,4,37.433979,7.017911
csxxsyyszz,4,97.087020,18.110039
dyf2,4,37.392423,7.007244
dxf2,4,36.909478,6.890295
csxy,4,37.046306,7.117284
dzf2,4,148.398621,28.215153
dyf3,4,37.046951,6.972426
csyz,4,44.365911,8.481846
dxf3,4,36.786454,6.855954
dzf3,4,146.020390,27.833163
csxz,4,44.166436,8.459670
#========================= OptEWE [OpenMP] =========================
#Source type                                  :  Force monopole
#Grid Size                                    :  512 x 512 x 512
#Iterations                                   :  5
#Compute time                                 :  8.638426
#Total effective MLUPS                        :  77.686450
#===================================================================
#Number of threads                            :  16
