dxf,0,31.730669,5.938443
dzb,0,123.944075,23.874851
dyb,0,31.081367,5.926534
cvx,0,37.891312,7.363545
dyf,0,31.073806,5.922738
dzb2,0,123.707884,23.863374
dxb,0,30.491885,5.740693
cvy,0,288.937939,45.262625
dzf,0,123.212900,23.770971
dxb2,0,30.470612,5.759065
dyb2,0,31.449991,5.985148
cvz,0,44.153779,8.594749
dzb3,0,123.743580,23.861845
dxb3,0,30.463803,5.765275
dyb3,0,31.422468,5.981219
csxxsyyszz,0,92.793849,17.187839
dyf2,0,31.233299,5.947459
dxf2,0,30.660559,5.818799
csxy,0,31.097099,6.071708
dzf2,0,123.320018,23.805572
dyf3,0,30.964729,5.917529
csyz,0,37.331105,7.283873
dxf3,0,30.432259,5.773213
dzf3,0,123.849221,23.931137
csxz,0,37.143901,7.230441
dxf,1,30.498547,5.789482
dzb,1,123.952138,23.929579
dyb,1,31.138554,5.932484
cvx,1,37.926315,7.379829
dyf,1,31.076430,5.942308
dzb2,1,123.725911,23.900134
dxb,1,30.464388,5.772049
cvy,1,37.820322,7.352295
dzf,1,123.255240,23.815993
dxb2,1,30.473271,5.753139
dyb2,1,31.348693,5.985819
cvz,1,46.205959,8.917148
dzb3,1,123.555190,23.831324
dxb3,1,30.413750,5.756396
dyb3,1,31.613079,6.020615
csxxsyyszz,1,92.741792,17.181280
dyf2,1,31.325408,5.975321
dxf2,1,30.680458,5.815145
csxy,1,31.079549,6.081467
dzf2,1,123.210560,23.811179
dyf3,1,30.965581,5.907531
csyz,1,37.334655,7.281334
dxf3,1,30.498067,5.778192
dzf3,1,123.407263,23.867704
csxz,1,37.154635,7.245987
dxf,2,30.514380,5.783905
dzb,2,123.840030,23.918834
dyb,2,31.186884,5.947008
cvx,2,37.850823,7.367808
dyf,2,31.153610,5.955178
dzb2,2,123.822405,23.917783
dxb,2,30.420468,5.768006
cvy,2,37.934051,7.375984
dzf,2,123.289627,23.810555
dxb2,2,30.453439,5.779729
dyb2,2,31.367713,5.993015
cvz,2,44.194039,8.609911
dzb3,2,123.572263,23.867982
dxb3,2,30.421412,5.755232
dyb3,2,31.399643,5.991623
csxxsyyszz,2,92.769353,17.199216
dyf2,2,31.256515,5.973191
dxf2,2,30.697743,5.822858
csxy,2,31.098182,6.088058
dzf2,2,123.193762,23.814709
dyf3,2,30.906875,5.905145
csyz,2,37.340209,7.290317
dxf3,2,30.458291,5.777557
dzf3,2,123.489165,23.879223
csxz,2,37.254790,7.260505
dxf,3,30.514704,5.781702
dzb,3,123.770071,23.903961
dyb,3,31.025151,5.926391
cvx,3,37.833640,7.369556
dyf,3,31.044330,5.943813
dzb2,3,123.892275,23.923969
dxb,3,30.429183,5.781069
cvy,3,37.740001,7.343938
dzf,3,123.369859,23.837030
dxb2,3,30.389234,5.749857
dyb2,3,31.392566,6.008347
cvz,3,44.203242,8.613386
dzb3,3,123.589468,23.864755
dxb3,3,30.433434,5.769870
dyb3,3,33.220941,6.271046
csxxsyyszz,3,92.741485,17.149775
dyf2,3,31.230108,5.953594
dxf2,3,30.731079,5.820898
csxy,3,31.063453,6.074082
dzf2,3,123.248290,23.793944
dyf3,3,30.967882,5.900954
csyz,3,37.299714,7.269977
dxf3,3,30.467274,5.781046
dzf3,3,123.385680,23.841321
csxz,3,37.136823,7.268224
dxf,4,30.438880,5.791472
dzb,4,123.982223,23.941463
dyb,4,31.047463,5.957114
cvx,4,37.874167,7.379271
dyf,4,31.063313,5.954390
dzb2,4,123.747596,23.919048
dxb,4,30.430039,5.808334
cvy,4,37.753267,7.355958
dzf,4,123.431277,23.878027
dxb2,4,30.442998,5.780007
dyb2,4,31.455418,6.025380
cvz,4,44.191031,8.619052
dzb3,4,123.587073,23.893212
dxb3,4,30.422377,5.786906
dyb3,4,31.454235,6.007163
csxxsyyszz,4,92.745760,17.212848
dyf2,4,31.132230,5.967718
dxf2,4,30.655943,5.844747
csxy,4,31.088562,6.088294
dzf2,4,123.260371,23.839295
dyf3,4,31.009471,5.970850
csyz,4,37.359913,7.299193
dxf3,4,30.462515,5.790734
dzf3,4,123.281315,23.884028
csxz,4,37.121884,7.318181
#========================= OptEWE [OpenMP] =========================
#Source type                                  :  Force monopole
#Grid Size                                    :  512 x 512 x 512
#Iterations                                   :  5
#Compute time                                 :  7.405406
#Total effective MLUPS                        :  90.621445
#===================================================================
#Number of threads                            :  20
