dxf,0,25.542359,6.403919
dzb,0,92.065784,24.723825
dyb,0,24.150555,6.218652
cvx,0,29.019480,7.834206
dyf,0,24.292163,6.291436
dzb2,0,92.072022,24.767006
dxb,0,23.912339,6.129808
cvy,0,244.936775,52.124362
dzf,0,91.738475,24.671114
dxb2,0,23.889745,6.134886
dyb2,0,24.511832,6.354928
cvz,0,33.694782,9.138025
dzb3,0,91.804807,24.752870
dxb3,0,23.918300,6.151547
dyb3,0,24.536986,6.378908
csxxsyyszz,0,56.549968,14.998294
dyf2,0,24.434017,6.330995
dxf2,0,24.196769,6.241021
csxy,0,23.947706,6.495576
dzf2,0,91.853725,24.808777
dyf3,0,24.161162,6.273306
csyz,0,28.531159,7.726119
dxf3,0,23.992709,6.189639
dzf3,0,91.939063,24.836398
csxz,0,28.391665,7.671901
dxf,1,24.026652,6.186285
dzb,1,91.973602,24.864395
dyb,1,24.242155,6.279184
cvx,1,28.972551,7.902022
dyf,1,24.315511,6.332905
dzb2,1,92.109502,24.874954
dxb,1,24.072398,6.207207
cvy,1,28.914855,7.859780
dzf,1,91.656689,24.784510
dxb2,1,23.917664,6.154732
dyb2,1,24.434411,6.367866
cvz,1,33.696088,9.161244
dzb3,1,91.817110,24.829493
dxb3,1,23.930110,6.160926
dyb3,1,24.487639,6.376087
csxxsyyszz,1,56.525474,15.016040
dyf2,1,24.482166,6.346531
dxf2,1,24.229364,6.256534
csxy,1,23.941365,6.496370
dzf2,1,91.757806,24.824309
dyf3,1,24.157971,6.299307
csyz,1,28.564718,7.735682
dxf3,1,24.013871,6.200658
dzf3,1,91.872287,24.891215
csxz,1,28.369220,7.676238
dxf,2,23.994435,6.199202
dzb,2,92.044598,24.890719
dyb,2,24.199917,6.293723
cvx,2,28.980095,7.902026
dyf,2,24.326030,6.340556
dzb2,2,92.227451,24.960402
dxb,2,23.881829,6.143839
cvy,2,28.898143,7.882811
dzf,2,91.754176,24.839729
dxb2,2,23.919446,6.167988
dyb2,2,24.478835,6.379443
cvz,2,33.633598,9.174404
dzb3,2,91.830363,24.856158
dxb3,2,23.881523,6.163582
dyb3,2,24.445811,6.376125
csxxsyyszz,2,56.642966,15.082288
dyf2,2,24.397418,6.342625
dxf2,2,24.224586,6.275332
csxy,2,23.956481,6.525266
dzf2,2,91.757227,24.870278
dyf3,2,24.160107,6.292082
csyz,2,28.579606,7.765317
dxf3,2,23.990927,6.204533
dzf3,2,91.936083,24.917149
csxz,2,28.356255,7.684899
dxf,3,23.997996,6.213681
dzb,3,92.097485,24.942619
dyb,3,24.142217,6.270012
cvx,3,29.112008,7.936778
dyf,3,24.305767,6.338547
dzb2,3,92.067748,24.934565
dxb,3,23.920042,6.174361
cvy,3,28.852002,7.865416
dzf,3,91.693778,24.846302
dxb2,3,23.927310,6.171451
dyb2,3,24.478333,6.393787
cvz,3,33.682854,9.181224
dzb3,3,91.857174,24.898849
dxb3,3,23.881685,6.162788
dyb3,3,24.455502,6.388059
csxxsyyszz,3,56.559071,15.056902
dyf2,3,24.392227,6.340572
dxf2,3,24.191816,6.267192
csxy,3,23.937691,6.510693
dzf2,3,91.737473,24.866773
dyf3,3,24.134640,6.313181
csyz,3,28.563055,7.749990
dxf3,3,24.009072,6.207153
dzf3,3,93.371022,25.235852
csxz,3,28.369818,7.694367
dxf,4,23.996916,6.215561
dzb,4,92.191446,24.980203
dyb,4,24.200966,6.288295
cvx,4,28.976557,7.937886
dyf,4,24.321874,6.355493
dzb2,4,92.070154,24.948440
dxb,4,23.918112,6.182473
cvy,4,28.872333,7.871440
dzf,4,91.679559,24.862042
dxb2,4,23.942160,6.183182
dyb2,4,24.429978,6.383976
cvz,4,33.693388,9.186622
dzb3,4,91.846847,24.912345
dxb3,4,23.974484,6.195246
dyb3,4,24.496020,6.394992
csxxsyyszz,4,56.565762,15.065510
dyf2,4,24.379012,6.340184
dxf2,4,24.235511,6.283755
csxy,4,23.969313,6.520492
dzf2,4,91.643339,24.860349
dyf3,4,24.105633,6.286007
csyz,4,28.557812,7.752256
dxf3,4,24.005004,6.207948
dzf3,4,91.845111,24.943354
csxz,4,28.368734,7.737572
#========================= OptEWE [OpenMP] =========================
#Source type                                  :  Force monopole
#Grid Size                                    :  512 x 512 x 512
#Iterations                                   :  5
#Compute time                                 :  5.571522
#Total effective MLUPS                        :  120.449782
#===================================================================
#Number of threads                            :  24
