dxf,0,150.760465,17.775477
dzb,0,838.426999,95.757219
dyb,0,182.845717,21.397544
cvx,0,289.657816,33.551283
dyf,0,181.312831,21.215830
dzb2,0,841.758810,96.182175
dxb,0,155.944098,18.368749
cvy,0,662.072442,74.754483
dzf,0,811.811166,97.729380
dxb2,0,166.855667,20.521633
dyb2,0,181.455792,22.179871
cvz,0,287.720403,34.800728
dzb3,0,828.887932,94.778090
dxb3,0,154.566078,18.227898
dyb3,0,182.529728,21.374330
csxxsyyszz,0,803.495060,91.580718
dyf2,0,181.057148,21.209410
dxf2,0,150.322363,17.754480
csxy,0,129.944781,15.656610
dzf2,0,811.314921,92.781917
dyf3,0,180.333236,21.119300
csyz,0,143.940211,17.248008
dxf3,0,149.999453,17.718437
dzf3,0,843.339011,96.393646
csxz,0,141.845379,16.946431
dxf,1,150.585474,17.742461
dzb,1,829.159846,94.629362
dyb,1,182.477004,21.339644
cvx,1,288.685144,33.408710
dyf,1,180.803110,21.173832
dzb2,1,825.744640,94.415710
dxb,1,153.911339,18.153097
cvy,1,282.864014,32.739268
dzf,1,814.526686,93.846373
dxb2,1,167.614940,19.646652
dyb2,1,182.389522,21.354442
cvz,1,288.328492,33.402606
dzb3,1,828.663626,94.756435
dxb3,1,154.439523,18.237847
dyb3,1,182.555440,21.383914
csxxsyyszz,1,801.813242,91.422933
dyf2,1,181.167161,21.228979
dxf2,1,150.188401,17.744463
csxy,1,129.498889,15.613636
dzf2,1,811.410176,92.806284
dyf3,1,180.402222,21.124034
csyz,1,143.950056,17.239756
dxf3,1,149.982566,17.733948
dzf3,1,842.281132,96.256938
csxz,1,141.469856,16.956844
dxf,2,150.259012,17.747615
dzb,2,832.498961,95.007070
dyb,2,182.941770,21.366778
cvx,2,289.638380,33.424243
dyf,2,181.299088,21.182024
dzb2,2,827.457717,94.436105
dxb,2,153.878343,18.141263
cvy,2,282.786534,32.736772
dzf,2,813.404014,93.058157
dxb2,2,167.452216,19.627084
dyb2,2,182.540292,21.356346
cvz,2,292.244579,33.825445
dzb3,2,830.459755,94.915334
dxb3,2,154.802619,18.264476
dyb3,2,182.830273,21.379714
csxxsyyszz,2,804.521720,91.684655
dyf2,2,181.479007,21.226597
dxf2,2,150.438093,17.812191
csxy,2,130.218970,15.669682
dzf2,2,811.130175,92.781242
dyf3,2,180.312158,21.131940
csyz,2,144.281398,17.273373
dxf3,2,150.257968,17.728710
dzf3,2,844.641533,96.577793
csxz,2,141.561411,16.968807
dxf,3,150.293164,17.748683
dzb,3,828.863833,97.529184
dyb,3,181.885955,22.876507
cvx,3,289.397641,33.739687
dyf,3,181.309680,21.186110
dzb2,3,828.478208,94.636914
dxb,3,153.992309,18.151595
cvy,3,283.217484,32.780435
dzf,3,815.591628,93.300386
dxb2,3,167.687018,19.653364
dyb2,3,182.808138,21.406808
cvz,3,288.980162,33.469756
dzb3,3,838.122094,95.757193
dxb3,3,154.889573,18.296082
dyb3,3,182.877427,21.372184
csxxsyyszz,3,802.589478,91.476855
dyf2,3,181.473882,21.259590
dxf2,3,150.619513,17.755266
csxy,3,130.045203,15.651482
dzf2,3,806.770600,92.292857
dyf3,3,177.855449,20.838647
csyz,3,143.937084,17.228400
dxf3,3,149.837398,17.694333
dzf3,3,848.565812,96.875016
csxz,3,141.700071,16.981713
dxf,4,150.280108,17.756163
dzb,4,830.582951,94.965104
dyb,4,182.610831,21.358271
cvx,4,288.774441,33.382947
dyf,4,180.976469,21.202462
dzb2,4,825.764952,94.476944
dxb,4,153.857462,18.136692
cvy,4,283.165361,32.804458
dzf,4,816.296505,93.435137
dxb2,4,167.668706,19.630880
dyb2,4,182.755323,21.383986
cvz,4,288.762361,33.445153
dzb3,4,829.367910,94.821775
dxb3,4,154.507064,18.206082
dyb3,4,182.534979,21.348904
csxxsyyszz,4,802.582947,91.487466
dyf2,4,183.147447,21.462900
dxf2,4,150.580184,17.760288
csxy,4,130.188437,15.685980
dzf2,4,816.794073,93.479109
dyf3,4,177.989258,20.852460
csyz,4,144.013151,17.234354
dxf3,4,149.578618,17.666745
dzf3,4,842.230614,96.239938
csxz,4,141.728123,16.998643
#========================= OptEWE [OpenMP] =========================
#Source type                                  :  Force monopole
#Grid Size                                    :  512 x 512 x 512
#Iterations                                   :  5
#Compute time                                 :  45.679493
#Total effective MLUPS                        :  14.691245
#===================================================================
#Number of threads                            :  2
