dxf,0,64.787503,8.511213
dzb,0,355.955218,45.275733
dyb,0,77.038569,9.960160
cvx,0,119.359568,15.109219
dyf,0,76.750257,9.931655
dzb2,0,356.228172,45.341726
dxb,0,66.419056,8.683803
cvy,0,384.553878,45.204631
dzf,0,353.599847,45.183211
dxb2,0,67.117143,8.804869
dyb2,0,77.353685,10.039333
cvz,0,119.844637,15.445349
dzb3,0,353.912767,45.231920
dxb3,0,66.650927,8.718162
dyb3,0,77.014555,9.967901
csxxsyyszz,0,325.630697,40.104730
dyf2,0,76.718947,9.933997
dxf2,0,66.630275,8.747918
csxy,0,59.955014,8.105107
dzf2,0,353.449935,45.026658
dyf3,0,76.340309,9.883011
csyz,0,69.078675,9.334985
dxf3,0,65.004729,8.560007
dzf3,0,354.812530,45.183655
csxz,0,68.187867,9.210598
dxf,1,64.517847,8.479576
dzb,1,355.991869,45.339851
dyb,1,79.136394,10.236683
cvx,1,121.031363,15.291033
dyf,1,76.396732,9.889826
dzb2,1,356.011757,45.334939
dxb,1,66.417950,8.719309
cvy,1,116.531690,14.767182
dzf,1,353.358419,45.022216
dxb2,1,67.189494,8.784783
dyb2,1,77.362487,10.016483
cvz,1,119.853101,15.384903
dzb3,1,353.995912,45.092596
dxb3,1,66.786330,8.737346
dyb3,1,77.292377,10.048009
csxxsyyszz,1,325.635023,40.116840
dyf2,1,75.686590,9.806082
dxf2,1,66.592077,8.726989
csxy,1,59.906833,8.100435
dzf2,1,353.333375,45.012680
dyf3,1,76.321753,9.918403
csyz,1,69.061216,9.303688
dxf3,1,64.809114,8.506810
dzf3,1,354.874561,45.195417
csxz,1,68.262730,9.216200
dxf,2,64.567039,8.513433
dzb,2,355.676923,45.283549
dyb,2,77.036101,9.961670
cvx,2,121.156936,15.320811
dyf,2,76.730088,9.976018
dzb2,2,355.947215,45.306247
dxb,2,66.433831,8.683536
cvy,2,116.471636,14.766481
dzf,2,352.999195,44.999793
dxb2,2,67.215607,8.771028
dyb2,2,77.115789,9.980149
cvz,2,119.921277,15.374700
dzb3,2,353.726614,45.072118
dxb3,2,66.752485,8.744943
dyb3,2,77.081698,9.971347
csxxsyyszz,2,325.685662,40.107516
dyf2,2,76.336459,9.884103
dxf2,2,66.586195,8.735766
csxy,2,59.907017,8.104756
dzf2,2,353.835594,45.064326
dyf3,2,75.978723,9.845658
csyz,2,68.998379,9.317122
dxf3,2,65.131930,8.567400
dzf3,2,354.834454,45.211490
csxz,2,68.238021,9.204943
dxf,3,64.572962,8.491467
dzb,3,355.808740,45.304318
dyb,3,76.841155,9.944280
cvx,3,119.349895,15.107995
dyf,3,76.726555,9.944573
dzb2,3,356.311221,45.354536
dxb,3,66.405892,8.709303
cvy,3,116.505403,14.773847
dzf,3,353.148857,44.996510
dxb2,3,67.063046,8.756101
dyb2,3,76.986471,9.970858
cvz,3,119.995398,15.426226
dzb3,3,354.059357,45.071830
dxb3,3,66.684536,8.717900
dyb3,3,76.985902,9.972758
csxxsyyszz,3,324.602203,40.008963
dyf2,3,75.743573,9.836336
dxf2,3,67.942720,8.886341
csxy,3,61.341129,8.264865
dzf2,3,353.698151,45.072352
dyf3,3,76.301011,9.932337
csyz,3,68.994492,9.317583
dxf3,3,65.031320,8.536088
dzf3,3,354.898189,45.222975
csxz,3,68.198010,9.212333
dxf,4,64.567253,8.497931
dzb,4,354.895455,47.526706
dyb,4,76.920942,10.651701
cvx,4,118.765173,16.103938
dyf,4,76.327867,10.577281
dzb2,4,353.893385,47.847631
dxb,4,66.166205,9.107097
cvy,4,116.186053,15.100986
dzf,4,352.418909,44.955063
dxb2,4,67.086232,8.779546
dyb2,4,77.236769,10.020126
cvz,4,119.781183,15.386808
dzb3,4,352.996391,45.012398
dxb3,4,66.627049,8.743453
dyb3,4,77.389948,10.015753
csxxsyyszz,4,325.438976,40.095300
dyf2,4,76.695750,9.935418
dxf2,4,66.572376,8.707275
csxy,4,59.843281,8.134149
dzf2,4,353.544612,45.059135
dyf3,4,76.363193,9.894540
csyz,4,69.029680,9.309041
dxf3,4,65.067262,8.545298
dzf3,4,354.638401,45.217889
csxz,4,68.143884,9.237819
#========================= OptEWE [OpenMP] =========================
#Source type                                  :  Force monopole
#Grid Size                                    :  512 x 512 x 512
#Iterations                                   :  5
#Compute time                                 :  19.584473
#Total effective MLUPS                        :  34.266362
#===================================================================
#Number of threads                            :  6
