dxf,0,42.558498,7.255498
dzb,0,176.293176,30.136971
dyb,0,44.519511,7.576180
cvx,0,56.239967,9.638124
dyf,0,44.089837,7.537205
dzb2,0,176.408345,30.176108
dxb,0,42.096518,7.174108
cvy,0,289.408783,42.729068
dzf,0,175.535757,30.020704
dxb2,0,42.101406,7.193001
dyb2,0,44.820854,7.668141
cvz,0,59.788699,10.460694
dzb3,0,176.059904,30.140490
dxb3,0,42.188790,7.209968
dyb3,0,44.664968,7.636981
csxxsyyszz,0,149.957009,24.616783
dyf2,0,44.295497,7.570197
dxf2,0,42.265356,7.246587
csxy,0,41.217601,7.320198
dzf2,0,175.515126,30.083986
dyf3,0,43.961061,7.530163
csyz,0,49.290307,8.721243
dxf3,0,42.040968,7.208354
dzf3,0,175.889788,30.154415
csxz,0,49.067336,8.676500
dxf,1,42.065835,7.214530
dzb,1,176.163310,30.187017
dyb,1,44.450633,7.585476
cvx,1,56.234276,9.664054
dyf,1,44.150304,7.567458
dzb2,1,176.302348,30.205147
dxb,1,42.119391,7.189253
cvy,1,55.369813,9.531864
dzf,1,175.670064,30.116498
dxb2,1,42.040405,7.200852
dyb2,1,44.868760,7.684263
cvz,1,59.827621,10.485035
dzb3,1,176.057635,30.155062
dxb3,1,42.206171,7.205624
dyb3,1,44.497626,7.615865
csxxsyyszz,1,149.481528,24.561126
dyf2,1,44.302945,7.588083
dxf2,1,42.234385,7.241997
csxy,1,41.244988,7.329978
dzf2,1,175.583561,30.116796
dyf3,1,43.937720,7.531291
csyz,1,49.310323,8.728652
dxf3,1,42.101349,7.222056
dzf3,1,176.192619,30.214682
csxz,1,49.074731,8.672275
dxf,2,42.056680,7.218694
dzb,2,176.278394,30.230753
dyb,2,44.469251,7.603154
cvx,2,56.237386,9.671861
dyf,2,44.070504,7.563840
dzb2,2,176.384667,30.235106
dxb,2,42.114377,7.197012
cvy,2,55.372785,9.536990
dzf,2,175.561086,30.115668
dxb2,2,42.171943,7.204094
dyb2,2,44.670343,7.654045
cvz,2,59.882910,10.493253
dzb3,2,176.066332,30.174974
dxb3,2,42.104434,7.200456
dyb3,2,44.707166,7.658775
csxxsyyszz,2,149.854452,24.624758
dyf2,2,44.311302,7.596739
dxf2,2,42.194072,7.240359
csxy,2,41.199643,7.324434
dzf2,2,175.630131,30.140784
dyf3,2,43.994260,7.534994
csyz,2,49.298922,8.727601
dxf3,2,43.708150,7.468873
dzf3,2,176.105839,30.210807
csxz,2,49.110781,8.690441
dxf,3,42.094873,7.226565
dzb,3,176.139888,30.228523
dyb,3,44.376207,7.592311
cvx,3,56.254344,9.674171
dyf,3,44.178895,7.582323
dzb2,3,176.355450,30.246445
dxb,3,42.093261,7.213374
cvy,3,55.345700,9.536816
dzf,3,178.273600,30.526382
dxb2,3,42.147687,7.218989
dyb2,3,44.830947,7.705806
cvz,3,59.804378,10.513805
dzb3,3,175.976223,30.268282
dxb3,3,42.066983,7.217595
dyb3,3,44.652139,7.685264
csxxsyyszz,3,149.990269,24.732625
dyf2,3,44.328637,7.618382
dxf2,3,42.234450,7.265165
csxy,3,41.192794,7.346447
dzf2,3,175.675630,30.234445
dyf3,3,43.954579,7.550175
csyz,3,49.303879,8.741650
dxf3,3,42.087139,7.228705
dzf3,3,175.918412,30.201066
csxz,3,49.123708,8.707297
dxf,4,42.080599,7.226625
dzb,4,176.096132,30.228434
dyb,4,44.404763,7.599368
cvx,4,56.217806,9.672007
dyf,4,46.246770,7.886760
dzb2,4,176.220445,30.218464
dxb,4,42.132898,7.210231
cvy,4,55.364382,9.543192
dzf,4,175.753738,30.155418
dxb2,4,42.062253,7.187507
dyb2,4,44.641851,7.654015
cvz,4,59.941681,10.504779
dzb3,4,176.031399,30.173067
dxb3,4,42.132801,7.206265
dyb3,4,44.574437,7.637612
csxxsyyszz,4,149.604543,24.576261
dyf2,4,44.381474,7.589835
dxf2,4,42.278298,7.254211
csxy,4,41.195869,7.322805
dzf2,4,175.536240,30.119464
dyf3,4,43.965317,7.542006
csyz,4,49.373919,8.741725
dxf3,4,42.071942,7.215577
dzf3,4,175.923377,30.183158
csxz,4,49.114129,8.721676
#========================= OptEWE [OpenMP] =========================
#Source type                                  :  Force monopole
#Grid Size                                    :  512 x 512 x 512
#Iterations                                   :  5
#Compute time                                 :  10.419590
#Total effective MLUPS                        :  64.406434
#===================================================================
#Number of threads                            :  14
