dxf,0,30.796786,5.503722
dzb,0,124.038418,22.859123
dyb,0,29.334568,5.382657
cvx,0,37.674167,7.007999
dyf,0,29.517425,5.433706
dzb2,0,123.828668,22.854190
dxb,0,28.560074,5.232205
cvy,0,376.971291,55.797235
dzf,0,123.476290,22.766558
dxb2,0,28.594775,5.264655
dyb2,0,29.704728,5.490344
cvz,0,43.240255,8.118238
dzb3,0,123.821145,22.840543
dxb3,0,28.586556,5.255400
dyb3,0,29.724163,5.491779
csxxsyyszz,0,97.582928,17.154265
dyf2,0,29.495289,5.453774
dxf2,0,28.803191,5.317909
csxy,0,29.805576,5.636619
dzf2,0,123.385582,22.790057
dyf3,0,29.192683,5.431840
csyz,0,36.103543,6.805993
dxf3,0,28.600023,5.274202
dzf3,0,123.458147,22.827658
csxz,0,35.870927,6.770153
dxf,1,28.605456,5.276038
dzb,1,124.007717,22.897754
dyb,1,29.399106,5.420460
cvx,1,37.581097,7.001406
dyf,1,29.457778,5.446007
dzb2,1,123.861324,22.888210
dxb,1,28.532867,5.271090
cvy,1,37.192483,6.936040
dzf,1,123.327105,22.786532
dxb2,1,28.627000,5.277626
dyb2,1,29.679934,5.495814
cvz,1,43.313933,8.141214
dzb3,1,123.862708,22.866418
dxb3,1,28.709129,5.272671
dyb3,1,29.711570,5.489931
csxxsyyszz,1,97.549316,17.161905
dyf2,1,29.597629,5.467207
dxf2,1,28.773455,5.311460
csxy,1,29.807181,5.643893
dzf2,1,123.522274,22.829510
dyf3,1,29.142657,5.411838
csyz,1,35.981243,6.801670
dxf3,1,28.623004,5.279274
dzf3,1,123.561274,22.866372
csxz,1,35.828645,6.757210
dxf,2,28.612179,5.279066
dzb,2,123.845344,22.899251
dyb,2,29.406957,5.455109
cvx,2,37.605917,7.008441
dyf,2,29.467542,5.470031
dzb2,2,123.982794,22.927394
dxb,2,28.765560,5.296099
cvy,2,37.200498,6.943020
dzf,2,123.402875,22.828050
dxb2,2,28.594538,5.258535
dyb2,2,29.712877,5.504071
cvz,2,43.302476,8.145075
dzb3,2,123.918763,22.899567
dxb3,2,28.579429,5.266950
dyb3,2,29.721574,5.503644
csxxsyyszz,2,97.569825,17.186826
dyf2,2,29.508718,5.470297
dxf2,2,28.839179,5.329841
csxy,2,29.847662,5.653845
dzf2,2,123.412433,22.830065
dyf3,2,29.215784,5.406098
csyz,2,35.978236,6.799643
dxf3,2,28.604451,5.283719
dzf3,2,123.406456,22.844015
csxz,2,35.923779,6.791779
dxf,3,28.652229,5.294932
dzb,3,124.004800,22.923418
dyb,3,29.478861,5.437304
cvx,3,37.586459,7.006019
dyf,3,29.473658,5.451438
dzb2,3,125.811003,23.190583
dxb,3,28.580526,5.285015
cvy,3,37.218828,6.945009
dzf,3,124.898374,23.042758
dxb2,3,28.585584,5.259747
dyb2,3,29.738206,5.510441
cvz,3,43.257442,8.140690
dzb3,3,123.973613,22.916646
dxb3,3,28.690414,5.287165
dyb3,3,29.629172,5.489282
csxxsyyszz,3,97.447155,17.173215
dyf2,3,29.531377,5.478189
dxf2,3,28.909309,5.339188
csxy,3,29.861527,5.657916
dzf2,3,123.301829,22.825634
dyf3,3,29.198737,5.411892
csyz,3,35.999356,6.809716
dxf3,3,28.597077,5.289506
dzf3,3,123.587168,22.885377
csxz,3,35.853910,6.786685
dxf,4,28.628169,5.293587
dzb,4,123.933203,22.930492
dyb,4,29.363151,5.428749
cvx,4,37.648948,7.023580
dyf,4,29.411831,5.447474
dzb2,4,123.936847,22.932158
dxb,4,28.546362,5.286548
cvy,4,37.184267,6.945949
dzf,4,123.355167,22.827243
dxb2,4,28.664922,5.294530
dyb2,4,29.619229,5.490545
cvz,4,43.347571,8.159578
dzb3,4,123.979604,22.922960
dxb3,4,29.940682,5.467434
dyb3,4,29.712393,5.500626
csxxsyyszz,4,97.632738,17.202222
dyf2,4,29.588517,5.494754
dxf2,4,28.848731,5.331726
csxy,4,29.807652,5.650112
dzf2,4,123.457833,22.860069
dyf3,4,29.214395,5.418917
csyz,4,35.986639,6.813875
dxf3,4,28.659021,5.289261
dzf3,4,123.643142,22.895618
csxz,4,35.830251,6.826980
#========================= OptEWE [OpenMP] =========================
#Source type                                  :  Force monopole
#Grid Size                                    :  512 x 512 x 512
#Iterations                                   :  5
#Compute time                                 :  7.389184
#Total effective MLUPS                        :  90.820399
#===================================================================
#Number of threads                            :  24
