dxf,0,147.041881,16.883417
dzb,0,692.211744,77.417124
dyb,0,169.923274,19.407274
cvx,0,221.932331,25.298295
dyf,0,169.354966,19.389534
dzb2,0,693.122673,77.497346
dxb,0,148.003137,16.986566
cvy,0,554.064908,60.573817
dzf,0,689.498124,77.122758
dxb2,0,147.805353,16.970708
dyb2,0,169.885155,19.404535
cvz,0,226.958330,25.895522
dzb3,0,691.426779,77.285399
dxb3,0,148.960325,17.075942
dyb3,0,170.437623,19.826379
csxxsyyszz,0,633.281633,70.819335
dyf2,0,169.567350,19.420543
dxf2,0,147.274297,16.935061
csxy,0,135.780964,15.846233
dzf2,0,693.135174,77.484657
dyf3,0,167.414560,19.213421
csyz,0,168.219135,19.409890
dxf3,0,146.690727,16.899044
dzf3,0,700.206046,78.265105
csxz,0,151.722075,17.589968
dxf,1,147.061347,16.916989
dzb,1,696.546701,78.149195
dyb,1,170.161662,19.510592
cvx,1,222.205139,25.400824
dyf,1,168.434429,19.288838
dzb2,1,696.711147,77.950921
dxb,1,148.262989,17.053703
cvy,1,215.943090,24.732200
dzf,1,693.560624,77.854423
dxb2,1,147.972079,17.009464
dyb2,1,170.309840,19.479435
cvz,1,225.945159,25.842850
dzb3,1,698.264340,78.168571
dxb3,1,149.094246,17.158797
dyb3,1,170.047090,19.502399
csxxsyyszz,1,627.838879,70.310966
dyf2,1,167.702019,19.185631
dxf2,1,147.072968,16.906605
csxy,1,135.826418,15.852157
dzf2,1,694.370926,77.748092
dyf3,1,167.459678,19.247582
csyz,1,168.104160,19.395511
dxf3,1,146.588849,16.890031
dzf3,1,698.719550,78.145292
csxz,1,151.789783,17.599058
dxf,2,146.798369,16.853419
dzb,2,692.449649,77.700781
dyb,2,168.002571,19.245929
cvx,2,222.697329,25.457833
dyf,2,169.299017,19.420131
dzb2,2,686.187983,76.893196
dxb,2,148.096142,17.006126
cvy,2,215.851364,24.711499
dzf,2,698.210708,79.588912
dxb2,2,148.254225,17.327089
dyb2,2,170.103656,19.702107
cvz,2,227.668494,26.351633
dzb3,2,700.111664,78.303922
dxb3,2,149.198336,17.110998
dyb3,2,170.318914,19.394942
csxxsyyszz,2,634.020469,70.745243
dyf2,2,167.881345,19.204284
dxf2,2,147.205906,16.881380
csxy,2,136.080983,15.846038
dzf2,2,693.881370,77.402590
dyf3,2,167.268522,19.191093
csyz,2,168.298062,19.315543
dxf3,2,146.934769,16.904820
dzf3,2,700.090089,78.113647
csxz,2,151.944121,17.578097
dxf,3,146.966590,16.888124
dzb,3,693.334565,77.525527
dyb,3,170.102835,19.454522
cvx,3,222.315489,25.283796
dyf,3,169.464004,19.399540
dzb2,3,685.574110,76.641096
dxb,3,148.255146,16.978302
cvy,3,216.274158,24.651781
dzf,3,698.242321,77.967606
dxb2,3,148.220333,16.990743
dyb2,3,170.151686,19.494486
cvz,3,230.020689,26.189144
dzb3,3,699.781479,78.091893
dxb3,3,149.221321,17.095847
dyb3,3,170.711341,19.491984
csxxsyyszz,3,633.892475,70.719439
dyf2,3,168.100647,19.183497
dxf2,3,147.267869,16.884656
csxy,3,136.085479,15.811185
dzf2,3,693.319166,77.314936
dyf3,3,167.434336,19.171479
csyz,3,168.326914,19.287665
dxf3,3,146.948344,16.906754
dzf3,3,689.081715,76.952151
csxz,3,151.691933,17.568379
dxf,4,146.763330,16.849273
dzb,4,693.006098,77.494906
dyb,4,169.949135,19.389854
cvx,4,221.970383,25.297904
dyf,4,169.327111,19.358990
dzb2,4,685.494599,76.722135
dxb,4,148.266079,17.002906
cvy,4,216.288232,24.639619
dzf,4,687.951895,76.953883
dxb2,4,148.103537,16.959336
dyb2,4,170.129753,19.431142
cvz,4,227.338773,25.891801
dzb3,4,694.353426,77.616690
dxb3,4,149.243701,17.082597
dyb3,4,169.982357,19.463104
csxxsyyszz,4,629.499769,70.259430
dyf2,4,168.180744,19.180271
dxf2,4,147.288257,16.907629
csxy,4,136.176560,15.833362
dzf2,4,692.311778,77.252491
dyf3,4,167.462133,19.181722
csyz,4,168.116160,19.333976
dxf3,4,146.821932,16.879810
dzf3,4,689.701207,77.082592
csxz,4,151.853644,17.610467
#========================= OptEWE [OpenMP] =========================
#Source type                                  :  Force monopole
#Grid Size                                    :  512 x 512 x 512
#Iterations                                   :  5
#Compute time                                 :  39.423737
#Total effective MLUPS                        :  17.022451
#===================================================================
#Number of threads                            :  2
