dxf,0,26.494687,6.216079
dzb,0,97.234736,24.276886
dyb,0,25.280027,6.101849
cvx,0,30.493456,7.660647
dyf,0,25.397742,6.152720
dzb2,0,97.177641,24.314655
dxb,0,24.979543,5.994970
cvy,0,254.412792,50.778705
dzf,0,96.925205,24.239460
dxb2,0,24.964072,6.000739
dyb2,0,25.571431,6.201664
cvz,0,35.416528,8.911803
dzb3,0,96.988775,24.299646
dxb3,0,24.979815,6.008366
dyb3,0,25.585825,6.207050
csxxsyyszz,0,60.349250,14.846158
dyf2,0,25.496655,6.178217
dxf2,0,25.249441,6.076932
csxy,0,24.965527,6.283271
dzf2,0,96.944555,24.308476
dyf3,0,25.211855,6.121462
csyz,0,29.925098,7.532075
dxf3,0,25.051222,6.023775
dzf3,0,97.011509,24.328452
csxz,0,29.716638,7.473495
dxf,1,25.064075,6.030115
dzb,1,97.197064,24.367745
dyb,1,25.271281,6.114012
cvx,1,30.473668,7.688054
dyf,1,25.356611,6.160600
dzb2,1,97.115635,24.357753
dxb,1,24.964269,6.017469
cvy,1,30.336351,7.643812
dzf,1,97.538624,24.435641
dxb2,1,24.989457,6.021618
dyb2,1,25.551970,6.215871
cvz,1,35.421322,8.930481
dzb3,1,97.103606,24.344928
dxb3,1,24.990848,6.020151
dyb3,1,25.556822,6.212911
csxxsyyszz,1,60.340279,14.867431
dyf2,1,25.568059,6.207830
dxf2,1,25.226019,6.077485
csxy,1,24.960082,6.290780
dzf2,1,96.904746,24.328529
dyf3,1,25.191579,6.123653
csyz,1,29.881649,7.528247
dxf3,1,25.064935,6.035311
dzf3,1,97.331078,24.428748
csxz,1,29.694730,7.484748
dxf,2,25.051379,6.033787
dzb,2,97.200879,24.390424
dyb,2,25.308616,6.151165
cvx,2,30.456141,7.688153
dyf,2,25.408719,6.177377
dzb2,2,97.199322,24.399484
dxb,2,24.998609,6.020458
cvy,2,30.333940,7.647233
dzf,2,96.895930,24.342383
dxb2,2,24.970487,6.012365
dyb2,2,25.550770,6.206826
cvz,2,35.415853,8.937717
dzb3,2,97.000051,24.336112
dxb3,2,24.969349,6.013411
dyb3,2,25.472551,6.190419
csxxsyyszz,2,60.352735,14.884615
dyf2,2,25.504419,6.188364
dxf2,2,25.266011,6.107707
csxy,2,24.963409,6.301700
dzf2,2,96.814481,24.331183
dyf3,2,25.290642,6.175834
csyz,2,29.897980,7.533929
dxf3,2,25.064387,6.044230
dzf3,2,96.947105,24.379847
csxz,2,29.697110,7.491455
dxf,3,25.049626,6.036728
dzb,3,97.260427,24.430419
dyb,3,25.298812,6.150422
cvx,3,30.445545,7.690711
dyf,3,25.403245,6.193334
dzb2,3,97.177986,24.420385
dxb,3,24.960846,6.045445
cvy,3,30.345568,7.656447
dzf,3,96.860439,24.351134
dxb2,3,24.967531,6.034340
dyb2,3,25.584612,6.235183
cvz,3,35.422607,8.945165
dzb3,3,97.038613,24.375315
dxb3,3,24.993903,6.035306
dyb3,3,25.502939,6.220946
csxxsyyszz,3,60.288200,14.880367
dyf2,3,25.465088,6.204050
dxf2,3,25.209085,6.128959
csxy,3,25.546464,6.417839
dzf2,3,96.937222,24.368706
dyf3,3,25.219043,6.172944
csyz,3,29.898404,7.534398
dxf3,3,25.041481,6.043692
dzf3,3,97.016243,24.418571
csxz,3,29.736528,7.512550
dxf,4,25.030808,6.040652
dzb,4,97.174483,24.418401
dyb,4,25.242929,6.158340
cvx,4,30.453422,7.695675
dyf,4,25.328486,6.180737
dzb2,4,97.190757,24.418563
dxb,4,24.974571,6.067380
cvy,4,30.342936,7.651516
dzf,4,96.840183,24.356294
dxb2,4,24.981186,6.042564
dyb2,4,25.526001,6.237916
cvz,4,35.428495,8.949046
dzb3,4,97.034944,24.380029
dxb3,4,24.914096,6.028253
dyb3,4,25.596909,6.253348
csxxsyyszz,4,60.109054,14.842694
dyf2,4,25.429573,6.194338
dxf2,4,25.238087,6.129934
csxy,4,24.981801,6.313670
dzf2,4,96.941921,24.384107
dyf3,4,25.227786,6.188749
csyz,4,29.888317,7.542702
dxf3,4,25.052223,6.051851
dzf3,4,97.029286,24.438148
csxz,4,29.709536,7.592245
#========================= OptEWE [OpenMP] =========================
#Source type                                  :  Force monopole
#Grid Size                                    :  512 x 512 x 512
#Iterations                                   :  5
#Compute time                                 :  5.857730
#Total effective MLUPS                        :  114.564617
#===================================================================
#Number of threads                            :  23
