dxf,0,199.936694,22.126824
dzb,0,1108.772883,119.639837
dyb,0,244.028024,26.818406
cvx,0,404.553937,43.965471
dyf,0,242.172904,26.623015
dzb2,0,1112.411419,120.128572
dxb,0,211.600835,23.371461
cvy,0,929.668823,98.858194
dzf,0,1107.945266,119.650718
dxb2,0,208.372895,22.996677
dyb2,0,244.088761,26.858197
cvz,0,405.217297,44.113303
dzb3,0,1107.912724,119.666809
dxb3,0,206.985555,22.905489
dyb3,0,244.980705,26.910532
csxxsyyszz,0,1115.375475,120.078355
dyf2,0,239.086159,26.349700
dxf2,0,199.667318,22.112782
csxy,0,171.553736,19.318512
dzf2,0,1107.841721,119.607194
dyf3,0,237.672544,26.163744
csyz,0,188.360572,21.102580
dxf3,0,202.321199,22.437321
dzf3,0,1106.793589,119.475268
csxz,0,187.286189,21.006771
dxf,1,200.431474,22.199150
dzb,1,1114.536166,120.378517
dyb,1,244.446328,26.846243
cvx,1,405.382854,43.984661
dyf,1,238.887124,26.371396
dzb2,1,1112.159812,120.353110
dxb,1,211.376213,23.358187
cvy,1,399.263629,43.424026
dzf,1,1107.274713,119.518146
dxb2,1,207.996149,22.995641
dyb2,1,243.689916,26.769212
cvz,1,406.328719,44.613124
dzb3,1,1107.519356,119.712204
dxb3,1,207.042668,22.904095
dyb3,1,243.788157,26.824906
csxxsyyszz,1,1104.808419,118.955199
dyf2,1,242.621121,26.726357
dxf2,1,199.456664,22.123688
csxy,1,171.523374,19.261182
dzf2,1,1107.754654,119.679452
dyf3,1,241.170759,26.574188
csyz,1,188.431701,21.088358
dxf3,1,201.715299,22.397850
dzf3,1,1106.641063,119.564049
csxz,1,187.159153,21.056394
dxf,2,199.850674,22.240720
dzb,2,1113.399669,120.345894
dyb,2,244.731622,26.938385
cvx,2,406.038010,44.223808
dyf,2,242.285410,26.739521
dzb2,2,1112.904303,120.485749
dxb,2,211.596746,23.405530
cvy,2,399.259875,43.608561
dzf,2,1107.380599,119.941473
dxb2,2,208.302337,23.018648
dyb2,2,243.376102,26.796453
cvz,2,405.192356,44.124401
dzb3,2,1108.634711,120.010828
dxb3,2,207.413828,22.937339
dyb3,2,248.644005,27.332689
csxxsyyszz,2,1120.852449,121.047816
dyf2,2,242.717967,26.807527
dxf2,2,199.485558,22.094142
csxy,2,171.451001,19.322180
dzf2,2,1103.954852,119.246228
dyf3,2,237.651008,26.162492
csyz,2,188.058721,21.120726
dxf3,2,201.667759,22.367115
dzf3,2,1107.187996,119.658416
csxz,2,187.309626,21.084844
dxf,3,199.882815,22.192959
dzb,3,1113.005930,120.477399
dyb,3,244.389599,26.906822
cvx,3,406.517805,44.317290
dyf,3,238.971403,26.412687
dzb2,3,1111.295848,120.109811
dxb,3,211.412601,23.380819
cvy,3,399.269426,43.602510
dzf,3,1107.314440,119.788030
dxb2,3,209.629775,23.264434
dyb2,3,243.475035,26.759645
cvz,3,407.185712,44.488896
dzb3,3,1104.168296,123.766056
dxb3,3,206.718314,23.400537
dyb3,3,244.542694,26.849495
csxxsyyszz,3,1113.461412,119.656904
dyf2,3,238.672517,26.232844
dxf2,3,198.885769,22.010936
csxy,3,171.036047,19.230432
dzf2,3,1100.897916,118.737132
dyf3,3,240.713516,26.468042
csyz,3,187.907575,21.042914
dxf3,3,201.760854,22.317806
dzf3,3,1103.421260,119.010845
csxz,3,186.876367,20.958855
dxf,4,199.986778,22.146172
dzb,4,1108.073144,119.498448
dyb,4,241.333491,26.526572
cvx,4,405.054107,43.980838
dyf,4,241.816611,26.581043
dzb2,4,1106.577941,119.326276
dxb,4,210.965876,23.283243
cvy,4,400.511797,43.530376
dzf,4,1102.194660,119.235570
dxb2,4,207.597422,22.933555
dyb2,4,244.189730,26.857768
cvz,4,404.141758,43.992223
dzb3,4,1104.640992,119.304470
dxb3,4,207.379274,22.876836
dyb3,4,244.919716,26.884667
csxxsyyszz,4,1117.056075,119.982451
dyf2,4,239.095555,26.251154
dxf2,4,199.360452,22.069251
csxy,4,171.475210,19.251561
dzf2,4,1103.899572,119.178318
dyf3,4,241.323743,26.576273
csyz,4,188.124582,21.033813
dxf3,4,202.163418,22.379688
dzf3,4,1105.768374,119.388769
csxz,4,187.317300,21.015608
#========================= OptEWE [OpenMP] =========================
#Source type                                  :  Force monopole
#Grid Size                                    :  512 x 512 x 512
#Iterations                                   :  5
#Compute time                                 :  61.532413
#Total effective MLUPS                        :  10.906262
#===================================================================
#Number of threads                            :  2
