dxf,0,34.466491,6.411605
dzb,0,138.942689,26.550831
dyb,0,32.728686,6.240831
cvx,0,41.201769,8.003324
dyf,0,33.645763,6.410839
dzb2,0,138.924397,26.588392
dxb,0,32.300522,6.100880
cvy,0,325.513469,51.901106
dzf,0,138.275854,26.457479
dxb2,0,32.316572,6.113891
dyb2,0,32.905491,6.296441
cvz,0,48.316317,9.389793
dzb3,0,138.697854,26.556304
dxb3,0,32.310950,6.135041
dyb3,0,32.907787,6.299421
csxxsyyszz,0,79.528014,15.384375
dyf2,0,32.894140,6.282418
dxf2,0,32.527925,6.180425
csxy,0,33.732131,6.575356
dzf2,0,138.381365,26.532649
dyf3,0,32.642795,6.244735
csyz,0,40.746608,7.915877
dxf3,0,32.396987,6.153641
dzf3,0,138.368450,26.542404
csxz,0,40.629563,7.881772
dxf,1,32.389947,6.157781
dzb,1,140.233583,26.831399
dyb,1,32.596705,6.214466
cvx,1,41.236403,8.030070
dyf,1,32.716034,6.265722
dzb2,1,138.813528,26.625054
dxb,1,32.403711,6.160398
cvy,1,41.110990,7.999195
dzf,1,138.294694,26.518254
dxb2,1,32.340745,6.144860
dyb2,1,32.935029,6.308995
cvz,1,48.329620,9.399507
dzb3,1,138.703318,26.580385
dxb3,1,32.285844,6.129206
dyb3,1,32.919673,6.302786
csxxsyyszz,1,79.300692,15.356921
dyf2,1,32.820076,6.274788
dxf2,1,32.571571,6.196023
csxy,1,33.722029,6.580011
dzf2,1,138.227745,26.526891
dyf3,1,32.599975,6.249727
csyz,1,40.770492,7.922823
dxf3,1,32.361941,6.157454
dzf3,1,138.956197,26.659614
csxz,1,40.633935,7.879960
dxf,2,32.402744,6.162358
dzb,2,138.862014,26.643032
dyb,2,32.636352,6.233783
cvx,2,41.202718,8.030218
dyf,2,32.788480,6.284057
dzb2,2,138.829289,26.638117
dxb,2,32.340474,6.150040
cvy,2,41.117313,8.003891
dzf,2,138.333664,26.547464
dxb2,2,32.278951,6.138815
dyb2,2,32.990164,6.322468
cvz,2,48.293387,9.398255
dzb3,2,138.792710,26.628000
dxb3,2,32.293825,6.128465
dyb3,2,32.979892,6.324258
csxxsyyszz,2,79.319602,15.372457
dyf2,2,32.833870,6.311346
dxf2,2,32.583489,6.226800
csxy,2,33.749894,6.587979
dzf2,2,138.443739,26.585276
dyf3,2,32.591956,6.270476
csyz,2,40.783349,7.939037
dxf3,2,32.359160,6.168703
dzf3,2,138.395397,26.600336
csxz,2,40.628284,7.908731
dxf,3,32.369553,6.169613
dzb,3,139.019519,26.675725
dyb,3,32.624186,6.261325
cvx,3,41.185888,8.038791
dyf,3,32.693604,6.284504
dzb2,3,138.968894,26.675078
dxb,3,32.339012,6.187452
cvy,3,41.099042,8.012879
dzf,3,138.431942,26.574235
dxb2,3,32.358798,6.169228
dyb2,3,32.987111,6.333525
cvz,3,48.281824,9.406868
dzb3,3,138.578685,26.601415
dxb3,3,32.341147,6.166101
dyb3,3,32.954176,6.329746
csxxsyyszz,3,79.296742,15.377327
dyf2,3,32.816663,6.315036
dxf2,3,32.595566,6.219282
csxy,3,33.725310,6.590407
dzf2,3,138.408049,26.588556
dyf3,3,32.595401,6.279528
csyz,3,40.842588,7.947287
dxf3,3,32.344266,6.168479
dzf3,3,138.346967,26.608321
csxz,3,40.639510,7.911762
dxf,4,32.345828,6.170085
dzb,4,138.885932,26.669570
dyb,4,32.665289,6.274858
cvx,4,41.249615,8.055306
dyf,4,32.672350,6.281740
dzb2,4,138.939610,26.675908
dxb,4,32.364025,6.195688
cvy,4,41.084913,8.010841
dzf,4,138.197288,26.540418
dxb2,4,32.290980,6.148345
dyb2,4,32.909060,6.332937
cvz,4,48.302920,9.413152
dzb3,4,138.740932,26.638258
dxb3,4,32.318525,6.167848
dyb3,4,32.975221,6.338031
csxxsyyszz,4,79.276022,15.374165
dyf2,4,32.856311,6.311431
dxf2,4,32.545578,6.215487
csxy,4,33.728480,6.589340
dzf2,4,138.398389,26.580151
dyf3,4,32.609910,6.293233
csyz,4,40.743016,7.929124
dxf3,4,32.366260,6.171841
dzf3,4,138.488037,26.639533
csxz,4,40.632259,7.954416
#========================= OptEWE [OpenMP] =========================
#Source type                                  :  Force monopole
#Grid Size                                    :  512 x 512 x 512
#Iterations                                   :  5
#Compute time                                 :  8.028375
#Total effective MLUPS                        :  83.589601
#===================================================================
#Number of threads                            :  21
