dxf,0,38.172894,6.686698
dzb,0,156.608566,28.007038
dyb,0,36.108156,6.473812
cvx,0,45.885614,8.371195
dyf,0,36.155010,6.510399
dzb2,0,156.628366,28.033998
dxb,0,35.724081,6.366490
cvy,0,333.759241,50.593292
dzf,0,155.776102,28.047511
dxb2,0,35.856864,6.444544
dyb2,0,36.508121,6.622861
cvz,0,53.736285,9.846197
dzb3,0,156.556082,28.177865
dxb3,0,35.793236,6.426095
dyb3,0,36.487743,6.578236
csxxsyyszz,0,87.571351,15.956557
dyf2,0,36.439747,6.584087
dxf2,0,36.101336,6.474133
csxy,0,37.417372,6.847859
dzf2,0,155.856072,27.948492
dyf3,0,36.098114,6.516184
csyz,0,45.291097,8.257073
dxf3,0,35.826240,6.425121
dzf3,0,156.218442,28.033794
csxz,0,45.121340,8.235484
dxf,1,35.863235,6.428121
dzb,1,156.469323,28.056286
dyb,1,36.215102,6.526581
cvx,1,45.799731,8.377696
dyf,1,36.150293,6.527744
dzb2,1,156.588877,28.079953
dxb,1,35.796443,6.415061
cvy,1,45.725090,8.352855
dzf,1,155.735104,27.944531
dxb2,1,35.857720,6.413444
dyb2,1,36.491359,6.594613
cvz,1,53.720325,9.813604
dzb3,1,156.272677,28.017440
dxb3,1,35.755256,6.414807
dyb3,1,36.469919,6.581261
csxxsyyszz,1,86.672986,15.838872
dyf2,1,36.294811,6.564227
dxf2,1,36.090880,6.483180
csxy,1,37.395300,6.852808
dzf2,1,155.871375,27.975436
dyf3,1,36.087524,6.525431
csyz,1,45.284062,8.256031
dxf3,1,35.811639,6.427100
dzf3,1,155.982587,27.992912
csxz,1,45.156036,8.226805
dxf,2,35.830264,6.428506
dzb,2,156.590411,28.082458
dyb,2,36.165284,6.536875
cvx,2,45.871513,8.386923
dyf,2,36.263483,6.550807
dzb2,2,156.621457,28.091123
dxb,2,35.827594,6.425969
cvy,2,45.689790,8.350659
dzf,2,155.909143,27.990035
dxb2,2,35.768884,6.399126
dyb2,2,36.547205,6.598814
cvz,2,53.755626,9.818220
dzb3,2,156.154008,28.020625
dxb3,2,35.793477,6.423599
dyb3,2,36.503399,6.585141
csxxsyyszz,2,87.219348,15.916551
dyf2,2,36.369211,6.565121
dxf2,2,36.036591,6.484452
csxy,2,37.418132,6.859991
dzf2,2,156.044915,28.005370
dyf3,2,36.123091,6.542557
csyz,2,45.297826,8.259263
dxf3,2,35.829447,6.429086
dzf3,2,156.063086,28.028510
csxz,2,45.149919,8.234697
dxf,3,35.806890,6.428909
dzb,3,156.574407,28.080579
dyb,3,36.170570,6.543660
cvx,3,45.866661,8.387133
dyf,3,37.351232,6.725496
dzb2,3,156.509183,28.067643
dxb,3,35.828021,6.437424
cvy,3,45.674824,8.351933
dzf,3,155.858076,27.972677
dxb2,3,35.804462,6.411660
dyb2,3,36.483116,6.594923
cvz,3,53.745607,9.822009
dzb3,3,156.534977,28.081681
dxb3,3,35.794461,6.423654
dyb3,3,36.523011,6.610184
csxxsyyszz,3,87.150137,15.912733
dyf2,3,36.361680,6.569862
dxf2,3,36.029444,6.483996
csxy,3,37.406047,6.859573
dzf2,3,155.935500,27.993898
dyf3,3,36.127946,6.546645
csyz,3,45.304102,8.260287
dxf3,3,35.827443,6.416743
dzf3,3,156.048866,28.013981
csxz,3,45.148719,8.234478
dxf,4,35.852534,6.435893
dzb,4,156.668944,28.102491
dyb,4,36.180882,6.546359
cvx,4,45.873602,8.390599
dyf,4,36.285174,6.555442
dzb2,4,156.438127,28.062821
dxb,4,35.805091,6.433667
cvy,4,45.727020,8.360383
dzf,4,155.768559,27.970377
dxb2,4,35.765599,6.413521
dyb2,4,36.507409,6.607120
cvz,4,53.746102,9.814282
dzb3,4,156.294302,28.041843
dxb3,4,35.776450,6.401688
dyb3,4,36.530746,6.595962
csxxsyyszz,4,87.488974,15.969318
dyf2,4,36.390110,6.568774
dxf2,4,36.030328,6.483681
csxy,4,38.346661,7.002579
dzf2,4,155.773840,27.964256
dyf3,4,36.072108,6.545426
csyz,4,45.344091,8.271196
dxf3,4,35.867180,6.431979
dzf3,4,156.061379,28.040550
csxz,4,45.143561,8.268710
#========================= OptEWE [OpenMP] =========================
#Source type                                  :  Force monopole
#Grid Size                                    :  512 x 512 x 512
#Iterations                                   :  5
#Compute time                                 :  8.946249
#Total effective MLUPS                        :  75.013409
#===================================================================
#Number of threads                            :  20
