dxf,0,49.249077,8.478928
dzb,0,194.607429,34.250658
dyb,0,50.160231,8.684231
cvx,0,59.981744,10.586163
dyf,0,50.404981,8.738236
dzb2,0,194.157028,34.213117
dxb,0,48.941951,8.433554
cvy,0,216.748880,33.461478
dzf,0,194.302333,34.238474
dxb2,0,48.451783,8.354056
dyb2,0,50.672443,8.766211
cvz,0,66.940299,12.015537
dzb3,0,196.222220,34.498937
dxb3,0,48.679243,8.397413
dyb3,0,50.778025,8.791312
csxxsyyszz,0,153.887981,25.958544
dyf2,0,50.588214,8.754558
dxf2,0,48.775141,8.413468
csxy,0,47.294944,8.494510
dzf2,0,201.501299,35.327743
dyf3,0,49.972157,8.671149
csyz,0,55.899900,10.045678
dxf3,0,48.691628,8.434364
dzf3,0,193.856680,34.154812
csxz,0,55.791805,10.036529
dxf,1,48.967899,8.487851
dzb,1,194.616882,34.276277
dyb,1,50.510154,8.728786
cvx,1,59.942620,10.599034
dyf,1,50.126755,8.696028
dzb2,1,194.335517,35.103711
dxb,1,48.914320,8.735241
cvy,1,60.054931,10.992231
dzf,1,193.802049,35.387259
dxb2,1,48.450905,8.643883
dyb2,1,50.785686,8.978567
cvz,1,67.165489,12.023352
dzb3,1,196.104182,34.458871
dxb3,1,48.491869,8.354421
dyb3,1,50.673656,8.753996
csxxsyyszz,1,153.650155,25.920285
dyf2,1,50.268931,8.718759
dxf2,1,48.835380,8.508832
csxy,1,47.265439,8.485955
dzf2,1,201.366102,35.361201
dyf3,1,49.618679,8.630974
csyz,1,55.992409,10.064021
dxf3,1,48.895469,8.464417
dzf3,1,193.836904,34.289623
csxz,1,55.813303,10.037826
dxf,2,48.873686,8.458080
dzb,2,194.623767,34.333717
dyb,2,50.540228,8.751599
cvx,2,60.041948,10.590382
dyf,2,50.533528,8.767324
dzb2,2,194.343264,34.342363
dxb,2,48.855898,8.423245
cvy,2,60.127784,10.606492
dzf,2,194.387477,34.373730
dxb2,2,48.505028,8.366996
dyb2,2,50.638489,8.761310
cvz,2,67.046686,12.009373
dzb3,2,196.070489,34.575742
dxb3,2,48.553535,8.400247
dyb3,2,52.162832,9.005937
csxxsyyszz,2,153.753101,26.017132
dyf2,2,50.252606,8.719068
dxf2,2,48.855952,8.457454
csxy,2,47.289383,8.504127
dzf2,2,201.374160,35.386176
dyf3,2,49.647417,8.619546
csyz,2,55.937726,10.051985
dxf3,2,48.730470,8.432686
dzf3,2,193.837909,34.218106
csxz,2,56.389979,10.122609
dxf,3,48.875964,8.442834
dzb,3,194.523939,34.359403
dyb,3,50.070971,8.671305
cvx,3,60.149787,10.619711
dyf,3,50.366169,8.743373
dzb2,3,194.155896,34.338475
dxb,3,48.876850,8.475490
cvy,3,60.120512,10.640482
dzf,3,194.457646,34.415406
dxb2,3,48.398321,8.392269
dyb2,3,50.807979,8.808467
cvz,3,66.995283,12.108535
dzb3,3,196.024124,34.561626
dxb3,3,48.560187,8.407589
dyb3,3,50.671543,8.824278
csxxsyyszz,3,152.469967,25.802695
dyf2,3,50.315452,8.715579
dxf2,3,48.801782,8.423065
csxy,3,47.285787,8.482129
dzf2,3,201.474278,35.358487
dyf3,3,49.630638,8.646192
csyz,3,55.939515,10.087023
dxf3,3,48.831265,8.457453
dzf3,3,193.900366,34.180905
csxz,3,55.761330,10.044376
dxf,4,48.904999,8.512526
dzb,4,194.655095,34.329312
dyb,4,50.121969,8.700740
cvx,4,60.043377,10.673557
dyf,4,50.082040,8.708978
dzb2,4,194.131642,34.319824
dxb,4,48.848974,8.534160
cvy,4,60.125072,10.643592
dzf,4,194.476346,34.361166
dxb2,4,48.447388,8.444258
dyb2,4,50.637686,8.799271
cvz,4,66.957312,12.029422
dzb3,4,196.072666,34.600140
dxb3,4,48.558364,8.407516
dyb3,4,50.744917,8.776675
csxxsyyszz,4,153.784068,25.942007
dyf2,4,50.647133,8.788008
dxf2,4,48.788518,8.473955
csxy,4,47.322723,8.487789
dzf2,4,201.334681,35.331508
dyf3,4,49.961457,8.742030
csyz,4,55.996836,10.058923
dxf3,4,48.794532,8.429987
dzf3,4,193.903238,34.252385
csxz,4,55.737184,10.075528
#========================= OptEWE [OpenMP] =========================
#Source type                                  :  Force monopole
#Grid Size                                    :  512 x 512 x 512
#Iterations                                   :  5
#Compute time                                 :  11.503411
#Total effective MLUPS                        :  58.338229
#===================================================================
#Number of threads                            :  9
