dxf,0,49.994825,8.130286
dzb,0,194.445633,32.310712
dyb,0,50.558878,8.222380
cvx,0,60.966636,10.202078
dyf,0,50.237323,8.211991
dzb2,0,194.663790,32.345722
dxb,0,49.821245,8.071530
cvy,0,210.447999,30.821573
dzf,0,193.755761,32.230649
dxb2,0,50.000319,8.091277
dyb2,0,50.937906,8.302021
cvz,0,70.953268,11.857572
dzb3,0,194.091381,32.276727
dxb3,0,49.566076,8.040152
dyb3,0,50.969287,8.322329
csxxsyyszz,0,132.889368,21.713403
dyf2,0,50.517165,8.252634
dxf2,0,49.776768,8.078476
csxy,0,49.842222,8.343685
dzf2,0,195.215097,32.528334
dyf3,0,50.254103,8.254236
csyz,0,59.452965,9.947894
dxf3,0,49.678737,8.065854
dzf3,0,194.468858,32.423588
csxz,0,59.327912,9.899372
dxf,1,49.415801,8.023164
dzb,1,194.641986,32.416331
dyb,1,50.561783,8.242421
cvx,1,60.918500,10.197953
dyf,1,50.392667,8.229389
dzb2,1,194.974715,32.494376
dxb,1,49.853833,8.088051
cvy,1,61.148176,10.206043
dzf,1,193.722011,32.285014
dxb2,1,50.027521,8.097844
dyb2,1,51.010082,8.315004
cvz,1,70.986433,11.960967
dzb3,1,194.165468,32.281989
dxb3,1,49.489893,8.040652
dyb3,1,50.891377,8.343861
csxxsyyszz,1,132.229213,21.563106
dyf2,1,50.419746,8.241083
dxf2,1,49.799838,8.084418
csxy,1,49.864044,8.346483
dzf2,1,193.699039,32.266410
dyf3,1,50.321426,8.222230
csyz,1,59.480505,9.961034
dxf3,1,49.659429,8.093391
dzf3,1,194.497239,32.361462
csxz,1,59.333473,9.919754
dxf,2,49.443766,8.081268
dzb,2,194.649634,32.370308
dyb,2,50.522558,8.231169
cvx,2,61.016892,10.225656
dyf,2,50.447882,8.240589
dzb2,2,194.836527,32.421766
dxb,2,49.782713,8.110311
cvy,2,61.110055,10.196649
dzf,2,193.772556,32.259031
dxb2,2,50.000056,8.126451
dyb2,2,50.949116,8.310462
cvz,2,70.927750,11.866729
dzb3,2,194.203695,32.333800
dxb3,2,49.555444,8.033204
dyb3,2,51.071110,8.374216
csxxsyyszz,2,132.935130,21.662597
dyf2,2,50.690739,8.273557
dxf2,2,49.762297,8.100643
csxy,2,49.884218,8.348270
dzf2,2,193.811821,32.260225
dyf3,2,50.285733,8.269344
csyz,2,59.455354,9.926851
dxf3,2,49.669032,8.060018
dzf3,2,194.340943,32.355783
csxz,2,59.328141,9.925792
dxf,3,49.439542,8.027745
dzb,3,194.536412,32.393910
dyb,3,50.554686,8.253660
cvx,3,60.987125,10.207966
dyf,3,50.361414,8.231912
dzb2,3,194.917643,32.465347
dxb,3,49.778685,8.071833
cvy,3,61.118713,10.197123
dzf,3,193.642709,32.289673
dxb2,3,49.948259,8.097494
dyb2,3,50.917717,8.309624
cvz,3,70.942686,11.874894
dzb3,3,194.270217,32.338309
dxb3,3,49.549257,8.034630
dyb3,3,51.015558,8.322394
csxxsyyszz,3,132.247503,21.619135
dyf2,3,50.622906,8.258470
dxf2,3,49.772643,8.071951
csxy,3,49.874964,8.339020
dzf2,3,193.862501,32.325080
dyf3,3,50.240274,8.224550
csyz,3,59.527953,9.932019
dxf3,3,49.959278,8.240342
dzf3,3,194.038925,33.544354
csxz,3,59.169235,10.229124
dxf,4,49.518487,8.343015
dzb,4,194.201814,33.381037
dyb,4,50.579790,8.263838
cvx,4,60.975524,10.215736
dyf,4,50.388818,8.283631
dzb2,4,194.592267,32.432499
dxb,4,49.789665,8.082278
cvy,4,61.092425,10.234193
dzf,4,193.765049,32.361495
dxb2,4,49.893078,8.105424
dyb2,4,50.887888,8.312341
cvz,4,70.984614,11.930098
dzb3,4,194.139552,32.336121
dxb3,4,49.540018,8.035682
dyb3,4,50.893854,8.341453
csxxsyyszz,4,132.922529,21.661784
dyf2,4,50.500791,8.239884
dxf2,4,49.886519,8.093109
csxy,4,49.769858,8.371583
dzf2,4,193.662963,32.260152
dyf3,4,50.336637,8.236816
csyz,4,59.473442,9.947786
dxf3,4,49.717815,8.099982
dzf3,4,194.476959,32.358832
csxz,4,59.354163,9.928902
#========================= OptEWE [OpenMP] =========================
#Source type                                  :  Force monopole
#Grid Size                                    :  512 x 512 x 512
#Iterations                                   :  5
#Compute time                                 :  11.459850
#Total effective MLUPS                        :  58.559983
#===================================================================
#Number of threads                            :  10
