dxf,0,67.928476,9.673408
dzb,0,296.836863,42.317680
dyb,0,67.672271,9.681670
cvx,0,86.232175,12.462999
dyf,0,67.881101,9.725074
dzb2,0,296.710070,42.317775
dxb,0,67.223428,9.598945
cvy,0,275.385375,36.175025
dzf,0,296.457917,42.224983
dxb2,0,66.876550,9.531506
dyb2,0,68.092498,9.748657
cvz,0,101.370238,14.605187
dzb3,0,296.448302,42.217023
dxb3,0,66.986987,9.521387
dyb3,0,68.015107,9.781787
csxxsyyszz,0,155.792340,22.681057
dyf2,0,69.367038,9.925592
dxf2,0,67.329053,9.581217
csxy,0,69.567543,10.056674
dzf2,0,296.481271,42.192617
dyf3,0,67.617712,9.683787
csyz,0,84.380778,12.155738
dxf3,0,67.251781,9.578140
dzf3,0,296.764315,42.229163
csxz,0,84.229873,12.122245
dxf,1,67.164721,9.551383
dzb,1,296.684994,42.228453
dyb,1,67.642637,9.672162
cvx,1,86.224169,12.445920
dyf,1,67.941085,9.736006
dzb2,1,296.627399,42.209058
dxb,1,67.240934,9.550283
cvy,1,86.212611,12.436659
dzf,1,296.332046,42.158080
dxb2,1,66.845698,9.496267
dyb2,1,68.087841,9.739965
cvz,1,101.351545,14.632629
dzb3,1,296.581998,42.270522
dxb3,1,66.961495,9.537458
dyb3,1,68.064947,9.756624
csxxsyyszz,1,155.614273,22.684001
dyf2,1,68.087033,9.761370
dxf2,1,67.260689,9.581967
csxy,1,69.611559,10.083013
dzf2,1,296.639226,42.296099
dyf3,1,67.577923,9.701594
csyz,1,84.415736,12.189730
dxf3,1,67.108317,9.564151
dzf3,1,296.678575,42.375506
csxz,1,84.338259,12.185897
dxf,2,67.076741,9.569129
dzb,2,296.668016,42.349358
dyb,2,67.711131,9.676436
cvx,2,86.260763,12.452917
dyf,2,67.856089,9.715713
dzb2,2,297.384395,42.337367
dxb,2,67.188330,9.559852
cvy,2,86.159485,12.420917
dzf,2,296.509538,42.183704
dxb2,2,66.870041,9.499356
dyb2,2,68.113069,9.746615
cvz,2,101.277228,14.586502
dzb3,2,297.146039,42.285545
dxb3,2,67.034153,9.522978
dyb3,2,68.021793,9.736712
csxxsyyszz,2,155.834576,22.666610
dyf2,2,68.017830,9.733108
dxf2,2,67.421191,9.595794
csxy,2,69.662469,10.107803
dzf2,2,296.409646,42.405104
dyf3,2,67.691903,9.748247
csyz,2,84.344578,12.222363
dxf3,2,67.050381,9.568041
dzf3,2,296.746916,42.359999
csxz,2,84.286728,12.167181
dxf,3,67.183438,9.581794
dzb,3,296.575357,42.336007
dyb,3,67.659460,9.705087
cvx,3,86.222178,12.491315
dyf,3,67.890755,9.754622
dzb2,3,296.799155,42.355006
dxb,3,67.209754,9.588713
cvy,3,86.199181,12.473046
dzf,3,296.426646,42.176885
dxb2,3,66.967285,9.524249
dyb2,3,68.084932,9.742102
cvz,3,101.252902,14.597129
dzb3,3,296.485644,42.195602
dxb3,3,67.008620,9.516195
dyb3,3,68.064529,9.742951
csxxsyyszz,3,155.818974,22.673025
dyf2,3,68.091048,9.747355
dxf2,3,67.289644,9.587189
csxy,3,69.620867,10.086445
dzf2,3,296.732245,42.308242
dyf3,3,67.646257,9.695350
csyz,3,84.364974,12.178476
dxf3,3,67.160705,9.552758
dzf3,3,296.867924,42.314885
csxz,3,84.312355,12.139508
dxf,4,67.173286,9.547368
dzb,4,296.812326,42.293639
dyb,4,67.749484,9.696767
cvx,4,86.183276,12.472948
dyf,4,67.868920,9.724804
dzb2,4,296.791010,42.316745
dxb,4,67.234003,9.568787
cvy,4,86.183606,12.443860
dzf,4,296.596889,42.768549
dxb2,4,66.801027,9.928548
dyb2,4,68.007952,10.160631
cvz,4,101.170580,15.180621
dzb3,4,296.269710,43.203803
dxb3,4,66.964408,9.524210
dyb3,4,68.004564,9.749183
csxxsyyszz,4,155.797745,22.710002
dyf2,4,68.162419,9.759032
dxf2,4,67.266027,9.596985
csxy,4,69.635590,10.103413
dzf2,4,296.583566,42.303713
dyf3,4,67.598271,9.703168
csyz,4,84.407337,12.180420
dxf3,4,67.029490,9.548545
dzf3,4,296.629915,42.301366
csxz,4,84.294607,12.185521
#========================= OptEWE [OpenMP] =========================
#Source type                                  :  Force monopole
#Grid Size                                    :  512 x 512 x 512
#Iterations                                   :  5
#Compute time                                 :  16.480724
#Total effective MLUPS                        :  40.719608
#===================================================================
#Number of threads                            :  10
