dxf,0,44.433629,9.268034
dzb,0,167.724560,36.087824
dyb,0,44.489879,9.363789
cvx,0,52.250654,11.414470
dyf,0,44.578818,9.408674
dzb2,0,167.781164,36.118742
dxb,0,44.018641,9.195948
cvy,0,179.628435,34.446729
dzf,0,166.754642,35.901380
dxb2,0,43.962337,9.192402
dyb2,0,44.806175,9.450206
cvz,0,60.744673,13.243196
dzb3,0,167.596297,36.050557
dxb3,0,43.983510,9.182657
dyb3,0,44.830428,9.450936
csxxsyyszz,0,101.385724,21.818232
dyf2,0,44.721070,9.420347
dxf2,0,44.304546,9.283247
csxy,0,43.066099,9.375011
dzf2,0,166.747545,35.976526
dyf3,0,44.556144,9.416723
csyz,0,51.411786,11.180123
dxf3,0,44.011820,9.245711
dzf3,0,166.922161,36.034072
csxz,0,51.211414,11.133530
dxf,1,44.086111,9.255447
dzb,1,167.792338,36.186675
dyb,1,44.506772,9.389719
cvx,1,52.289311,11.440102
dyf,1,44.535953,9.415965
dzb2,1,169.128751,36.425115
dxb,1,43.971452,9.215805
cvy,1,51.998401,11.383848
dzf,1,166.822796,36.004802
dxb2,1,43.989660,9.227320
dyb2,1,44.809281,9.462916
cvz,1,60.691354,13.252373
dzb3,1,167.809547,36.200192
dxb3,1,44.093337,9.236236
dyb3,1,44.808839,9.459901
csxxsyyszz,1,101.167014,21.814137
dyf2,1,44.736459,9.437326
dxf2,1,44.281657,9.298907
csxy,1,43.068036,9.395172
dzf2,1,166.918198,36.041910
dyf3,1,44.457917,9.383640
csyz,1,51.367603,11.177420
dxf3,1,44.033792,9.250686
dzf3,1,166.848618,36.025024
csxz,1,51.200464,11.144554
dxf,2,44.039395,9.256889
dzb,2,167.898330,36.230273
dyb,2,44.518921,9.378975
cvx,2,53.762894,11.718600
dyf,2,44.616692,9.418365
dzb2,2,167.800750,36.205865
dxb,2,43.986418,9.227861
cvy,2,51.966069,11.377872
dzf,2,166.764794,36.007546
dxb2,2,43.995657,9.237988
dyb2,2,44.781277,9.466859
cvz,2,60.736473,13.266633
dzb3,2,167.595301,36.156082
dxb3,2,43.927963,9.229753
dyb3,2,44.832749,9.478228
csxxsyyszz,2,101.436276,21.867642
dyf2,2,44.767334,9.466953
dxf2,2,44.313500,9.326426
csxy,2,43.061311,9.385212
dzf2,2,166.650271,35.987530
dyf3,2,44.507544,9.441404
csyz,2,51.389889,11.180331
dxf3,2,43.968886,9.234931
dzf3,2,167.028006,36.080890
csxz,2,51.234770,11.164588
dxf,3,44.047962,9.245045
dzb,3,167.794008,36.201929
dyb,3,44.514175,9.422489
cvx,3,52.266010,11.436093
dyf,3,44.585087,9.431563
dzb2,3,167.795130,36.203908
dxb,3,44.018302,9.276259
cvy,3,51.980989,11.372680
dzf,3,166.684280,35.994626
dxb2,3,43.978183,9.229677
dyb2,3,44.814965,9.463508
cvz,3,60.798389,13.276970
dzb3,3,167.516448,36.145266
dxb3,3,44.089036,9.255343
dyb3,3,44.840390,9.483133
csxxsyyszz,3,101.124536,21.805346
dyf2,3,44.681182,9.459540
dxf2,3,44.302981,9.315183
csxy,3,43.039077,9.382997
dzf2,3,166.733072,36.002185
dyf3,3,44.463365,9.419346
csyz,3,51.401381,11.186104
dxf3,3,44.033124,9.246716
dzf3,3,166.911785,36.048970
csxz,3,51.220490,11.165825
dxf,4,43.992753,9.249354
dzb,4,167.848963,36.216392
dyb,4,44.494657,9.408685
cvx,4,52.220289,11.426935
dyf,4,44.579499,9.439466
dzb2,4,167.677074,36.188606
dxb,4,44.001032,9.254565
cvy,4,52.051361,11.381777
dzf,4,166.813283,36.021118
dxb2,4,44.009652,9.239276
dyb2,4,44.878151,9.482216
cvz,4,60.712364,13.260265
dzb3,4,167.542090,36.155879
dxb3,4,43.989127,9.244315
dyb3,4,44.893812,9.481988
csxxsyyszz,4,101.247296,21.832431
dyf2,4,44.753236,9.455702
dxf2,4,44.284728,9.314715
csxy,4,43.028467,9.376859
dzf2,4,166.677263,35.953426
dyf3,4,44.435941,9.408103
csyz,4,51.405962,11.168066
dxf3,4,44.077247,9.241968
dzf3,4,166.863750,36.006192
csxz,4,51.206033,11.188518
#========================= OptEWE [OpenMP] =========================
#Source type                                  :  Force monopole
#Grid Size                                    :  512 x 512 x 512
#Iterations                                   :  5
#Compute time                                 :  9.870650
#Total effective MLUPS                        :  67.988290
#===================================================================
#Number of threads                            :  13
