dxf,0,70.510264,8.875602
dzb,0,332.800100,41.315288
dyb,0,77.285993,9.700126
cvx,0,100.740274,12.594386
dyf,0,75.859587,9.540821
dzb2,0,331.589219,41.174692
dxb,0,70.206504,8.819082
cvy,0,358.353626,40.782881
dzf,0,330.071537,40.908737
dxb2,0,71.691455,8.988070
dyb2,0,76.797115,9.638161
cvz,0,104.005171,13.176523
dzb3,0,332.295380,41.186469
dxb3,0,70.443751,8.853043
dyb3,0,76.903553,9.641783
csxxsyyszz,0,267.758652,32.437243
dyf2,0,76.532038,9.601582
dxf2,0,69.880200,8.809334
csxy,0,72.370443,9.246424
dzf2,0,335.843778,41.666552
dyf3,0,75.801804,9.565055
csyz,0,84.314406,10.791508
dxf3,0,70.838334,8.935714
dzf3,0,330.154212,41.048012
csxz,0,84.068394,10.729351
dxf,1,69.859754,8.818810
dzb,1,332.333462,41.302382
dyb,1,76.301028,9.590697
cvx,1,98.945730,12.406928
dyf,1,76.434592,9.605525
dzb2,1,331.361471,41.147904
dxb,1,70.092922,8.812968
cvy,1,96.726382,12.116089
dzf,1,329.804869,40.906389
dxb2,1,71.642477,8.989536
dyb2,1,76.641058,9.605679
cvz,1,104.070173,13.182426
dzb3,1,332.205598,41.162535
dxb3,1,70.414179,8.846392
dyb3,1,76.686745,9.615952
csxxsyyszz,1,265.089598,32.154027
dyf2,1,75.828241,9.521983
dxf2,1,69.879181,8.815603
csxy,1,72.353603,9.226917
dzf2,1,336.197997,41.650629
dyf3,1,75.756895,9.537129
csyz,1,84.357601,10.758537
dxf3,1,70.740264,8.903080
dzf3,1,330.178667,41.044713
csxz,1,84.114476,10.734743
dxf,2,69.838073,8.811892
dzb,2,332.408113,41.302827
dyb,2,76.312597,9.587259
cvx,2,98.968591,12.409053
dyf,2,75.687296,9.526401
dzb2,2,330.993125,41.179357
dxb,2,70.111328,8.839991
cvy,2,96.535705,12.133577
dzf,2,329.684597,40.923220
dxb2,2,71.654776,8.987521
dyb2,2,76.786747,9.629353
cvz,2,104.075797,13.204985
dzb3,2,332.207656,41.178704
dxb3,2,70.477311,8.856159
dyb3,2,76.816929,9.627968
csxxsyyszz,2,267.931755,32.474897
dyf2,2,76.548311,9.600556
dxf2,2,69.888460,8.796594
csxy,2,72.323934,9.224966
dzf2,2,338.932914,41.931982
dyf3,2,75.871722,9.528306
csyz,2,84.383339,10.764763
dxf3,2,70.791985,8.912907
dzf3,2,330.213684,41.046331
csxz,2,84.107011,10.729512
dxf,3,69.864195,8.811129
dzb,3,332.671404,41.334919
dyb,3,76.254960,9.584539
cvx,3,98.993043,12.420162
dyf,3,75.727290,9.538319
dzb2,3,331.128286,41.192656
dxb,3,70.139879,8.847366
cvy,3,96.420606,12.122677
dzf,3,329.205969,40.975077
dxb2,3,71.666215,9.022703
dyb2,3,76.426792,9.637737
cvz,3,103.923045,13.256497
dzb3,3,331.570594,41.323727
dxb3,3,70.375400,8.879762
dyb3,3,76.621060,9.662726
csxxsyyszz,3,267.295478,32.540367
dyf2,3,78.287399,9.845007
dxf2,3,69.825553,8.810804
csxy,3,72.307564,9.247551
dzf2,3,335.650709,41.666503
dyf3,3,75.760337,9.537685
csyz,3,84.323372,10.760422
dxf3,3,70.788123,8.913896
dzf3,3,330.364497,41.061346
csxz,3,84.154007,10.702359
dxf,4,69.990227,8.808418
dzb,4,333.040787,41.252941
dyb,4,75.970622,9.522967
cvx,4,99.427977,12.423082
dyf,4,75.885156,9.530239
dzb2,4,331.891508,41.141589
dxb,4,70.241088,8.837085
cvy,4,96.691992,12.111535
dzf,4,329.759335,40.898998
dxb2,4,71.750554,8.993883
dyb2,4,76.568376,9.593502
cvz,4,104.002786,13.174994
dzb3,4,332.122796,41.229216
dxb3,4,70.366719,8.863397
dyb3,4,76.510328,9.614307
csxxsyyszz,4,264.674634,32.167793
dyf2,4,75.709140,9.516614
dxf2,4,69.885588,8.819364
csxy,4,72.319738,9.237869
dzf2,4,335.881179,41.649639
dyf3,4,75.151809,9.462174
csyz,4,84.308320,10.763158
dxf3,4,70.767677,8.911813
dzf3,4,330.100348,41.053371
csxz,4,84.078170,10.764031
#========================= OptEWE [OpenMP] =========================
#Source type                                  :  Force monopole
#Grid Size                                    :  512 x 512 x 512
#Iterations                                   :  5
#Compute time                                 :  18.666094
#Total effective MLUPS                        :  35.952280
#===================================================================
#Number of threads                            :  7
