dxf,0,32.416609,7.636733
dzb,0,121.068209,29.943957
dyb,0,31.926999,7.644702
cvx,0,37.768909,9.427458
dyf,0,32.077972,7.719469
dzb2,0,121.005310,29.965661
dxb,0,31.698609,7.528539
cvy,0,205.219529,42.604986
dzf,0,120.642668,29.898862
dxb2,0,31.593960,7.517926
dyb2,0,32.252517,7.772382
cvz,0,43.913248,10.944401
dzb3,0,120.760845,29.936316
dxb3,0,31.573962,7.528596
dyb3,0,32.291606,7.773492
csxxsyyszz,0,72.135169,17.788873
dyf2,0,32.157434,7.737528
dxf2,0,31.886832,7.600903
csxy,0,31.252715,7.781689
dzf2,0,120.665151,29.938062
dyf3,0,31.924334,7.709243
csyz,0,37.329291,9.266278
dxf3,0,31.651497,7.556675
dzf3,0,120.829604,30.016871
csxz,0,37.237605,9.259631
dxf,1,31.657751,7.559847
dzb,1,121.103081,30.045255
dyb,1,31.943308,7.705234
cvx,1,37.777337,9.447240
dyf,1,32.000256,7.713591
dzb2,1,121.206531,30.065131
dxb,1,31.584859,7.566966
cvy,1,37.655074,9.407854
dzf,1,120.666147,29.959697
dxb2,1,31.587217,7.525654
dyb2,1,32.257391,7.781740
cvz,1,43.924581,10.956254
dzb3,1,120.726013,29.971469
dxb3,1,31.570271,7.534532
dyb3,1,32.253938,7.784820
csxxsyyszz,1,71.918119,17.768947
dyf2,1,32.136370,7.751481
dxf2,1,31.978817,7.642695
csxy,1,31.296875,7.808926
dzf2,1,120.689713,29.977667
dyf3,1,31.891710,7.710425
csyz,1,37.338013,9.274906
dxf3,1,31.637442,7.563266
dzf3,1,120.792939,30.032762
csxz,1,37.160805,9.251373
dxf,2,31.635937,7.572493
dzb,2,121.193522,30.078039
dyb,2,31.980064,7.718945
cvx,2,37.766474,9.451544
dyf,2,31.998946,7.729442
dzb2,2,120.991030,30.039741
dxb,2,31.556079,7.531862
cvy,2,37.672079,9.404375
dzf,2,120.657378,29.989910
dxb2,2,31.732408,7.568540
dyb2,2,32.233081,7.785711
cvz,2,43.920025,10.967318
dzb3,2,120.756749,29.998896
dxb3,2,31.556583,7.541784
dyb3,2,32.171340,7.765120
csxxsyyszz,2,71.949144,17.791766
dyf2,2,32.135951,7.758823
dxf2,2,31.890823,7.635194
csxy,2,31.288001,7.812993
dzf2,2,120.679357,29.994507
dyf3,2,31.873532,7.727882
csyz,2,37.308472,9.274862
dxf3,2,31.653359,7.573306
dzf3,2,120.824115,30.033210
csxz,2,37.122110,9.239360
dxf,3,31.655049,7.572991
dzb,3,120.949285,30.053294
dyb,3,31.972699,7.712081
cvx,3,37.811405,9.468969
dyf,3,31.990847,7.738998
dzb2,3,120.903984,30.048603
dxb,3,32.230536,7.722531
cvy,3,37.650208,9.407242
dzf,3,120.657640,29.986266
dxb2,3,31.627332,7.550067
dyb2,3,32.210001,7.795294
cvz,3,43.966930,10.980863
dzb3,3,120.855406,30.023652
dxb3,3,31.552718,7.542056
dyb3,3,32.200421,7.772732
csxxsyyszz,3,71.948924,17.797502
dyf2,3,32.163937,7.770902
dxf2,3,31.881205,7.633616
csxy,3,31.287266,7.810439
dzf2,3,120.604124,29.973460
dyf3,3,31.949059,7.704927
csyz,3,37.408262,9.290557
dxf3,3,31.624189,7.563332
dzf3,3,120.861105,30.072124
csxz,3,37.142268,9.252353
dxf,4,31.641925,7.571289
dzb,4,120.982234,30.073877
dyb,4,31.946469,7.737096
cvx,4,37.799035,9.470112
dyf,4,32.019619,7.743332
dzb2,4,120.987392,30.077514
dxb,4,31.559035,7.596642
cvy,4,37.650384,9.414768
dzf,4,120.624948,30.002365
dxb2,4,31.586572,7.560198
dyb2,4,32.237002,7.814154
cvz,4,43.903758,10.953012
dzb3,4,121.942934,30.264897
dxb3,4,31.577222,7.555568
dyb3,4,32.238442,7.803718
csxxsyyszz,4,71.861756,17.775817
dyf2,4,32.135359,7.766833
dxf2,4,31.913954,7.658503
csxy,4,31.284084,7.805142
dzf2,4,120.625538,29.998433
dyf3,4,31.884894,7.754189
csyz,4,37.314385,9.273940
dxf3,4,31.652066,7.574795
dzf3,4,120.956916,30.120378
csxz,4,37.171481,9.306677
#========================= OptEWE [OpenMP] =========================
#Source type                                  :  Force monopole
#Grid Size                                    :  512 x 512 x 512
#Iterations                                   :  5
#Compute time                                 :  7.193566
#Total effective MLUPS                        :  93.290116
#===================================================================
#Number of threads                            :  18
