dxf,0,39.415567,7.640251
dzb,0,154.400997,31.027671
dyb,0,39.500681,7.800180
cvx,0,47.412651,9.641338
dyf,0,39.488676,7.823934
dzb2,0,154.283806,31.058269
dxb,0,38.926515,7.637747
cvy,0,210.115025,36.615639
dzf,0,153.981396,31.004402
dxb2,0,38.940673,7.654641
dyb2,0,39.722699,7.869575
cvz,0,55.225177,11.201385
dzb3,0,154.061267,31.025938
dxb3,0,38.969679,7.661682
dyb3,0,39.736119,7.869932
csxxsyyszz,0,93.106183,18.705767
dyf2,0,39.680939,7.867351
dxf2,0,39.109084,7.701985
csxy,0,39.486381,8.029339
dzf2,0,153.938166,31.006373
dyf3,0,39.431763,7.830210
csyz,0,46.537713,9.413706
dxf3,0,39.001154,7.666461
dzf3,0,154.134430,31.075007
csxz,0,46.391871,9.390246
dxf,1,38.989608,7.671693
dzb,1,154.412299,31.096013
dyb,1,39.448037,7.820212
cvx,1,47.429593,9.652406
dyf,1,39.501219,7.841233
dzb2,1,154.307930,31.091934
dxb,1,38.842613,7.660370
cvy,1,47.219361,9.611428
dzf,1,153.855767,31.026255
dxb2,1,39.693160,7.777923
dyb2,1,39.775776,7.886881
cvz,1,55.283064,11.220643
dzb3,1,154.041026,31.030873
dxb3,1,38.920746,7.648899
dyb3,1,39.762042,7.873975
csxxsyyszz,1,91.769318,18.476839
dyf2,1,39.516797,7.835651
dxf2,1,39.179918,7.722863
csxy,1,38.793138,7.901556
dzf2,1,154.199156,31.078419
dyf3,1,39.279787,7.780391
csyz,1,46.587865,9.428098
dxf3,1,39.008158,7.665103
dzf3,1,154.230702,31.075879
csxz,1,46.376475,9.398845
dxf,2,38.936827,7.661916
dzb,2,154.243148,31.083454
dyb,2,39.500557,7.819304
cvx,2,47.508831,9.677985
dyf,2,39.471311,7.830362
dzb2,2,154.310405,31.086745
dxb,2,38.884645,7.642291
cvy,2,47.254711,9.609824
dzf,2,153.935695,31.011586
dxb2,2,38.971706,7.662203
dyb2,2,39.830553,7.894221
cvz,2,55.289401,11.218534
dzb3,2,154.334547,31.087899
dxb3,2,38.889079,7.636114
dyb3,2,39.772942,7.880014
csxxsyyszz,2,93.054052,18.682070
dyf2,2,39.697115,7.863659
dxf2,2,39.218656,7.734804
csxy,2,38.730413,7.890232
dzf2,2,153.874084,31.014686
dyf3,2,39.271241,7.814618
csyz,2,46.558692,9.424255
dxf3,2,38.948229,7.674870
dzf3,2,155.179455,31.264459
csxz,2,46.379211,9.399399
dxf,3,38.953666,7.661456
dzb,3,154.326550,31.089379
dyb,3,39.448924,7.803911
cvx,3,47.473774,9.671086
dyf,3,39.528171,7.840678
dzb2,3,154.165464,31.059275
dxb,3,38.953415,7.663354
cvy,3,47.250565,9.611994
dzf,3,153.813300,30.992263
dxb2,3,38.906825,7.649689
dyb2,3,39.757777,7.885494
cvz,3,55.407487,11.240308
dzb3,3,153.974749,31.030009
dxb3,3,38.951264,7.658183
dyb3,3,39.736822,7.871162
csxxsyyszz,3,92.353105,18.575500
dyf2,3,39.494299,7.831430
dxf2,3,39.141084,7.734183
csxy,3,38.754306,7.899823
dzf2,3,153.862046,31.015486
dyf3,3,39.428432,7.813441
csyz,3,46.565191,9.427632
dxf3,3,39.002279,7.674174
dzf3,3,153.988954,31.044172
csxz,3,46.359649,9.379257
dxf,4,39.085002,7.695098
dzb,4,154.544878,31.134353
dyb,4,39.443195,7.802778
cvx,4,47.526536,9.679288
dyf,4,39.473731,7.825908
dzb2,4,154.254705,31.262780
dxb,4,38.905067,7.651532
cvy,4,47.244378,9.614833
dzf,4,153.905751,31.009650
dxb2,4,38.937380,7.657401
dyb2,4,39.825685,7.893013
cvz,4,55.229752,11.209338
dzb3,4,153.975500,31.029539
dxb3,4,38.947224,7.657146
dyb3,4,39.831364,7.886610
csxxsyyszz,4,93.026525,18.682541
dyf2,4,39.668071,7.864437
dxf2,4,39.178563,7.740633
csxy,4,38.765933,7.897832
dzf2,4,153.865792,31.018102
dyf3,4,39.314401,7.796117
csyz,4,46.537652,9.427752
dxf3,4,38.938226,7.665355
dzf3,4,154.116999,31.075568
csxz,4,46.345951,9.408743
#========================= OptEWE [OpenMP] =========================
#Source type                                  :  Force monopole
#Grid Size                                    :  512 x 512 x 512
#Iterations                                   :  5
#Compute time                                 :  9.018426
#Total effective MLUPS                        :  74.413056
#===================================================================
#Number of threads                            :  15
