dxf,0,73.201458,9.616597
dzb,0,414.687120,52.712987
dyb,0,87.304612,11.299326
cvx,0,141.513178,17.888799
dyf,0,86.731605,11.240613
dzb2,0,414.341711,52.724359
dxb,0,75.200412,9.880797
cvy,0,414.629666,49.298071
dzf,0,413.490981,52.642631
dxb2,0,75.364506,9.896363
dyb2,0,88.571629,11.488478
cvz,0,142.617864,18.196529
dzb3,0,414.332608,52.724445
dxb3,0,75.064352,9.824291
dyb3,0,88.280566,11.430739
csxxsyyszz,0,387.915722,47.844517
dyf2,0,87.932459,11.401209
dxf2,0,72.990703,9.592606
csxy,0,63.744508,8.672072
dzf2,0,412.041517,52.537158
dyf3,0,86.343554,11.200500
csyz,0,73.732017,9.972009
dxf3,0,72.844810,9.580938
dzf3,0,412.859058,52.612104
csxz,0,72.459129,9.803157
dxf,1,72.847550,9.571331
dzb,1,414.895079,52.803002
dyb,1,87.327475,11.335891
cvx,1,141.748044,17.907585
dyf,1,87.720051,11.382292
dzb2,1,414.335413,52.792281
dxb,1,75.185392,9.833175
cvy,1,138.905721,17.608780
dzf,1,413.264942,52.591821
dxb2,1,75.484908,9.883499
dyb2,1,88.423635,11.450738
cvz,1,142.635444,18.247803
dzb3,1,414.317896,52.704646
dxb3,1,74.854610,9.815803
dyb3,1,88.420146,11.492654
csxxsyyszz,1,386.657355,47.626743
dyf2,1,87.730166,11.387548
dxf2,1,72.730834,9.578110
csxy,1,63.704614,8.682816
dzf2,1,412.517670,52.551038
dyf3,1,86.465337,11.214947
csyz,1,75.215774,10.188196
dxf3,1,72.821174,9.573524
dzf3,1,412.994341,52.565998
csxz,1,72.394124,9.801944
dxf,2,72.970465,9.633210
dzb,2,416.208258,52.967602
dyb,2,87.536455,11.342241
cvx,2,141.715811,17.970035
dyf,2,86.726903,11.257127
dzb2,2,414.466836,52.731563
dxb,2,75.223154,9.904911
cvy,2,138.884233,17.560299
dzf,2,413.101570,52.590939
dxb2,2,75.458550,9.906262
dyb2,2,88.312118,11.428201
cvz,2,142.784359,18.211822
dzb3,2,414.160485,52.778082
dxb3,2,74.940972,9.820718
dyb3,2,88.528964,11.466837
csxxsyyszz,2,386.551711,47.671887
dyf2,2,86.704481,11.285869
dxf2,2,73.030367,9.598381
csxy,2,63.723948,8.667069
dzf2,2,412.060947,52.458144
dyf3,2,87.138115,11.331749
csyz,2,73.725513,9.960808
dxf3,2,72.853555,9.577043
dzf3,2,412.983977,52.629520
csxz,2,72.499059,9.812723
dxf,3,73.222939,9.631745
dzb,3,414.679041,52.845036
dyb,3,88.257843,11.486513
cvx,3,141.521085,17.909344
dyf,3,86.665597,11.229104
dzb2,3,414.293687,52.750864
dxb,3,75.335796,9.852479
cvy,3,138.844722,17.570055
dzf,3,413.425861,52.679295
dxb2,3,75.436897,9.890193
dyb2,3,88.426214,11.473915
cvz,3,142.480622,18.278210
dzb3,3,414.298352,52.865365
dxb3,3,75.004212,9.840406
dyb3,3,88.155950,11.486598
csxxsyyszz,3,382.258489,47.155540
dyf2,3,87.755838,11.368941
dxf2,3,72.903459,9.589637
csxy,3,63.662825,8.712625
dzf2,3,412.221946,52.532906
dyf3,3,87.400087,11.346912
csyz,3,73.692471,9.982505
dxf3,3,72.433390,9.596200
dzf3,3,413.110239,52.730410
csxz,3,72.416262,9.822312
dxf,4,72.892654,9.666649
dzb,4,416.280973,53.032128
dyb,4,87.536796,11.342654
cvx,4,141.769845,17.958546
dyf,4,87.702488,11.388143
dzb2,4,414.403900,52.721315
dxb,4,75.266658,9.869585
cvy,4,140.570277,17.794142
dzf,4,414.051238,52.830473
dxb2,4,75.511274,9.932061
dyb2,4,88.326958,11.495631
cvz,4,142.760664,18.299389
dzb3,4,414.311406,52.932389
dxb3,4,75.026690,9.873683
dyb3,4,88.444054,11.497481
csxxsyyszz,4,387.776288,47.697853
dyf2,4,87.733225,11.359974
dxf2,4,72.943595,9.641245
csxy,4,63.737821,8.687342
dzf2,4,412.244010,52.683090
dyf3,4,86.215166,11.271041
csyz,4,73.708628,9.993784
dxf3,4,72.458332,9.563153
dzf3,4,413.056076,52.700977
csxz,4,72.511604,9.887748
#========================= OptEWE [OpenMP] =========================
#Source type                                  :  Force monopole
#Grid Size                                    :  512 x 512 x 512
#Iterations                                   :  5
#Compute time                                 :  22.639698
#Total effective MLUPS                        :  29.642120
#===================================================================
#Number of threads                            :  5
