dxf,0,26.633211,6.023386
dzb,0,98.868362,23.782907
dyb,0,25.387536,5.920350
cvx,0,30.930577,7.498611
dyf,0,25.471553,5.955862
dzb2,0,98.723553,23.789167
dxb,0,25.073650,5.788531
cvy,0,262.964904,50.519516
dzf,0,98.474391,23.690353
dxb2,0,25.065829,5.806685
dyb2,0,25.634831,5.999737
cvz,0,35.940636,8.717182
dzb3,0,98.598438,23.769864
dxb3,0,25.103930,5.813187
dyb3,0,25.614358,6.000163
csxxsyyszz,0,62.154135,14.702609
dyf2,0,25.613938,5.991645
dxf2,0,25.361248,5.906705
csxy,0,25.284496,6.125520
dzf2,0,98.441979,23.763278
dyf3,0,25.333304,5.950981
csyz,0,30.283302,7.329624
dxf3,0,25.227045,5.862602
dzf3,0,98.477103,23.806100
csxz,0,30.115301,7.285315
dxf,1,25.172378,5.856074
dzb,1,98.686855,23.859027
dyb,1,25.350424,5.933290
cvx,1,30.863793,7.520035
dyf,1,25.458828,5.978463
dzb2,1,98.780815,23.866926
dxb,1,25.094818,5.818977
cvy,1,30.755204,7.467748
dzf,1,98.392124,23.768339
dxb2,1,25.077509,5.829824
dyb2,1,25.547468,6.001999
cvz,1,35.931836,8.754500
dzb3,1,98.620564,23.819947
dxb3,1,25.102432,5.827599
dyb3,1,25.610676,6.014477
csxxsyyszz,1,61.984353,14.714150
dyf2,1,25.611083,6.011490
dxf2,1,25.295783,5.897431
csxy,1,25.245030,6.129166
dzf2,1,99.472484,23.993550
dyf3,1,25.373118,5.934490
csyz,1,30.272092,7.334005
dxf3,1,25.173280,5.860363
dzf3,1,98.599349,23.836762
csxz,1,30.129175,7.299146
dxf,2,25.158149,5.862897
dzb,2,98.970085,23.941358
dyb,2,25.352583,5.935204
cvx,2,30.893349,7.530495
dyf,2,25.635879,6.017666
dzb2,2,98.721887,23.851701
dxb,2,25.086011,5.848873
cvy,2,30.772950,7.474100
dzf,2,98.368663,23.755908
dxb2,2,25.076676,5.826264
dyb2,2,25.593379,6.007572
cvz,2,36.049922,8.754320
dzb3,2,98.556037,23.819146
dxb3,2,25.062120,5.823810
dyb3,2,25.562895,6.008227
csxxsyyszz,2,62.117442,14.734694
dyf2,2,25.612489,6.008026
dxf2,2,25.298527,5.904278
csxy,2,25.254501,6.130998
dzf2,2,98.370892,23.789155
dyf3,2,25.298138,5.935107
csyz,2,30.301103,7.344821
dxf3,2,25.156068,5.860665
dzf3,2,99.320913,23.994727
csxz,2,30.088600,7.300129
dxf,3,25.126793,5.862453
dzb,3,98.629070,23.866385
dyb,3,25.350012,5.967933
cvx,3,30.902883,7.525697
dyf,3,25.497102,6.010942
dzb2,3,98.759260,23.892333
dxb,3,25.105887,5.888609
cvy,3,34.719744,8.296934
dzf,3,101.014145,24.375301
dxb2,3,25.369453,5.915546
dyb2,3,25.762474,6.073145
cvz,3,36.805496,8.954753
dzb3,3,98.775240,23.892125
dxb3,3,25.059325,5.837082
dyb3,3,25.700082,6.048324
csxxsyyszz,3,62.021843,14.720739
dyf2,3,25.599298,6.020457
dxf2,3,25.304757,5.930099
csxy,3,26.916547,6.501668
dzf2,3,101.546909,24.530726
dyf3,3,25.657324,6.096346
csyz,3,30.291560,7.342863
dxf3,3,25.171041,5.870446
dzf3,3,98.674699,23.903698
csxz,3,32.458312,7.797990
dxf,4,25.519720,5.970197
dzb,4,98.931631,23.951100
dyb,4,25.308534,5.955004
cvx,4,30.854499,7.512106
dyf,4,25.513898,5.999900
dzb2,4,98.798637,23.911863
dxb,4,25.093288,5.891927
cvy,4,30.770010,7.485045
dzf,4,98.349959,23.806959
dxb2,4,25.093148,5.852860
dyb2,4,25.554405,6.025279
cvz,4,35.922925,8.748567
dzb3,4,98.551433,23.855606
dxb3,4,25.119783,5.855351
dyb3,4,25.610705,6.029779
csxxsyyszz,4,62.112770,14.740258
dyf2,4,25.547904,6.016886
dxf2,4,25.433541,5.966167
csxy,4,25.269683,6.142405
dzf2,4,98.416939,23.831046
dyf3,4,25.312919,6.002795
csyz,4,30.241836,7.340615
dxf3,4,25.198436,5.880452
dzf3,4,98.508481,23.864295
csxz,4,30.110046,7.420244
#========================= OptEWE [OpenMP] =========================
#Source type                                  :  Force monopole
#Grid Size                                    :  512 x 512 x 512
#Iterations                                   :  5
#Compute time                                 :  5.955886
#Total effective MLUPS                        :  112.676544
#===================================================================
#Number of threads                            :  23
