dxf,0,25.282902,6.670004
dzb,0,91.649554,26.199084
dyb,0,24.105573,6.602957
cvx,0,28.796016,8.336686
dyf,0,24.189828,6.671159
dzb2,0,91.576084,26.270765
dxb,0,23.865300,6.497566
cvy,0,236.332415,53.928102
dzf,0,91.167848,26.074126
dxb2,0,23.838502,6.507792
dyb2,0,24.525481,6.761486
cvz,0,33.490883,9.647288
dzb3,0,91.288675,26.191260
dxb3,0,23.850398,6.517479
dyb3,0,24.441099,6.745861
csxxsyyszz,0,55.012243,15.585475
dyf2,0,24.340548,6.705821
dxf2,0,24.153879,6.616305
csxy,0,23.840267,6.860513
dzf2,0,91.178069,26.189061
dyf3,0,24.078022,6.676557
csyz,0,28.541530,8.184521
dxf3,0,23.944523,6.552778
dzf3,0,91.272008,26.280081
csxz,0,28.232168,8.132040
dxf,1,23.929724,6.553753
dzb,1,91.575265,26.333427
dyb,1,24.067393,6.677081
cvx,1,28.825462,8.348814
dyf,1,24.215655,6.695396
dzb2,1,91.519547,26.321341
dxb,1,23.848837,6.563081
cvy,1,28.699759,8.285261
dzf,1,91.137660,26.224371
dxb2,1,23.822043,6.530694
dyb2,1,24.390666,6.759029
cvz,1,33.476534,9.673762
dzb3,1,91.318018,26.280196
dxb3,1,24.616129,6.708250
dyb3,1,24.379809,6.758130
csxxsyyszz,1,55.073517,15.646796
dyf2,1,24.345630,6.716233
dxf2,1,24.155173,6.646853
csxy,1,23.834903,6.872079
dzf2,1,91.240157,26.268703
dyf3,1,24.075759,6.703015
csyz,1,28.447536,8.187319
dxf3,1,23.943123,6.566162
dzf3,1,91.381643,26.379325
csxz,1,28.254635,8.154405
dxf,2,23.944921,6.573719
dzb,2,91.515926,26.368271
dyb,2,24.031169,6.695684
cvx,2,28.828328,8.358053
dyf,2,24.178964,6.699200
dzb2,2,91.549840,26.376689
dxb,2,23.856378,6.559192
cvy,2,28.871106,8.356260
dzf,2,91.206530,26.289301
dxb2,2,23.904129,6.559173
dyb2,2,24.401290,6.765023
cvz,2,33.488937,9.701625
dzb3,2,91.419559,26.345789
dxb3,2,23.820211,6.540315
dyb3,2,24.413828,6.774602
csxxsyyszz,2,54.952047,15.649067
dyf2,2,24.353967,6.739492
dxf2,2,24.148729,6.649840
csxy,2,23.821734,6.880312
dzf2,2,91.238217,26.299415
dyf3,2,24.093931,6.713171
csyz,2,28.443825,8.196443
dxf3,2,23.907127,6.566570
dzf3,2,91.367141,26.401542
csxz,2,28.258294,8.164645
dxf,3,23.930781,6.577016
dzb,3,91.461672,26.378209
dyb,3,24.046845,6.705370
cvx,3,28.758258,8.350200
dyf,3,24.175599,6.699895
dzb2,3,93.036543,26.722175
dxb,3,23.836349,6.580382
cvy,3,28.684661,8.308392
dzf,3,91.052163,26.273444
dxb2,3,23.828031,6.548181
dyb2,3,24.387150,6.774938
cvz,3,33.468997,9.707802
dzb3,3,91.292396,26.342764
dxb3,3,23.853568,6.556988
dyb3,3,24.391686,6.778543
csxxsyyszz,3,54.985686,15.686385
dyf2,3,24.328427,6.734529
dxf2,3,24.139992,6.663334
csxy,3,23.835028,6.889753
dzf2,3,91.185493,26.317309
dyf3,3,24.064882,6.721044
csyz,3,28.437835,8.203486
dxf3,3,23.924671,6.579045
dzf3,3,91.322598,26.398245
csxz,3,28.250008,8.168254
dxf,4,23.931077,6.580926
dzb,4,91.537458,26.421474
dyb,4,24.069401,6.685507
cvx,4,28.873316,8.383969
dyf,4,24.203186,6.713359
dzb2,4,91.687517,26.456654
dxb,4,23.834757,6.561947
cvy,4,28.701476,8.327135
dzf,4,91.159338,26.320298
dxb2,4,23.842120,6.558609
dyb2,4,24.417294,6.793994
cvz,4,33.461315,9.710712
dzb3,4,91.364819,26.380731
dxb3,4,23.853830,6.561354
dyb3,4,24.379880,6.788859
csxxsyyszz,4,55.084943,15.692927
dyf2,4,24.319599,6.736763
dxf2,4,24.154439,6.672431
csxy,4,23.843232,6.894986
dzf2,4,91.168989,26.328353
dyf3,4,24.030955,6.724277
csyz,4,28.429975,8.206667
dxf3,4,23.936323,6.588592
dzf3,4,91.340588,26.418300
csxz,4,28.229681,8.262475
#========================= OptEWE [OpenMP] =========================
#Source type                                  :  Force monopole
#Grid Size                                    :  512 x 512 x 512
#Iterations                                   :  5
#Compute time                                 :  5.530474
#Total effective MLUPS                        :  121.343790
#===================================================================
#Number of threads                            :  24
