dxf,0,26.512670,5.558902
dzb,0,111.883481,23.604691
dyb,0,27.397574,5.763883
cvx,0,37.259759,7.727220
dyf,0,27.338053,5.775281
dzb2,0,111.902535,23.646589
dxb,0,25.349651,5.320845
cvy,0,290.537531,48.868884
dzf,0,111.157035,23.506392
dxb2,0,25.382476,5.368041
dyb2,0,27.640818,5.825183
cvz,0,38.498306,8.243931
dzb3,0,111.475059,23.557121
dxb3,0,25.327159,5.341216
dyb3,0,27.629476,5.833630
csxxsyyszz,0,100.245091,19.648037
dyf2,0,27.435114,5.739378
dxf2,0,25.429549,5.391064
csxy,0,24.828357,5.560000
dzf2,0,111.192114,23.536811
dyf3,0,27.101719,5.694632
csyz,0,29.605981,6.637947
dxf3,0,25.283725,5.351370
dzf3,0,111.204120,23.553007
csxz,0,29.344872,6.569465
dxf,1,25.293429,5.359514
dzb,1,111.721716,23.656455
dyb,1,27.373704,5.754495
cvx,1,37.211978,7.741045
dyf,1,27.324264,5.737389
dzb2,1,111.579831,23.627029
dxb,1,25.340421,5.348706
cvy,1,36.706128,7.645258
dzf,1,111.020298,23.489635
dxb2,1,25.391443,5.361003
dyb2,1,27.638818,5.830480
cvz,1,38.499117,8.265279
dzb3,1,111.467844,23.576558
dxb3,1,25.365716,5.354515
dyb3,1,27.787281,5.861559
csxxsyyszz,1,100.278910,19.692393
dyf2,1,27.399502,5.752360
dxf2,1,25.490604,5.413331
csxy,1,24.826522,5.555412
dzf2,1,111.110597,23.535534
dyf3,1,27.086319,5.719066
csyz,1,29.639219,6.645997
dxf3,1,25.293998,5.357760
dzf3,1,111.251797,23.590057
csxz,1,29.365503,6.584385
dxf,2,25.246157,5.354873
dzb,2,111.755990,23.709082
dyb,2,27.365723,5.749397
cvx,2,37.261106,7.751026
dyf,2,27.311983,5.745758
dzb2,2,111.812582,23.703401
dxb,2,25.375018,5.352601
cvy,2,36.678620,7.671019
dzf,2,111.231359,23.546472
dxb2,2,25.352900,5.349814
dyb2,2,27.641139,5.835140
cvz,2,38.525219,8.277023
dzb3,2,111.542484,23.608756
dxb3,2,25.348565,5.350542
dyb3,2,27.644624,5.836590
csxxsyyszz,2,100.240176,19.698054
dyf2,2,27.406936,5.762663
dxf2,2,25.427687,5.404090
csxy,2,24.817621,5.577402
dzf2,2,111.070731,23.545028
dyf3,2,27.099335,5.707914
csyz,2,29.639803,6.667521
dxf3,2,25.292997,5.362818
dzf3,2,111.378467,23.631701
csxz,2,29.394426,6.591107
dxf,3,25.281109,5.362170
dzb,3,111.771098,23.714513
dyb,3,27.419823,5.762181
cvx,3,37.420560,7.780238
dyf,3,27.316936,5.740089
dzb2,3,113.599793,24.008204
dxb,3,25.387339,5.337805
cvy,3,36.693723,7.675144
dzf,3,111.160410,23.541536
dxb2,3,25.377550,5.357835
dyb2,3,27.655132,5.840239
cvz,3,38.552965,8.286719
dzb3,3,111.429216,23.594396
dxb3,3,25.329288,5.352336
dyb3,3,27.605563,5.824179
csxxsyyszz,3,99.730978,19.612195
dyf2,3,27.392137,5.741840
dxf2,3,25.432429,5.404862
csxy,3,24.834586,5.561992
dzf2,3,111.061849,23.550148
dyf3,3,27.081384,5.718374
csyz,3,29.639515,6.653354
dxf3,3,25.327067,5.371449
dzf3,3,111.326473,23.626088
csxz,3,29.383432,6.591486
dxf,4,25.251420,5.358211
dzb,4,111.832935,23.717365
dyb,4,27.370732,5.762247
cvx,4,37.234624,7.752320
dyf,4,28.822806,6.012317
dzb2,4,111.629765,23.631675
dxb,4,25.335426,5.365480
cvy,4,36.690590,7.662781
dzf,4,111.212251,23.572937
dxb2,4,25.363987,5.360960
dyb2,4,27.659433,5.852474
cvz,4,38.498261,8.266779
dzb3,4,111.478466,23.609881
dxb3,4,25.316652,5.354941
dyb3,4,27.650066,5.850611
csxxsyyszz,4,100.221402,19.695716
dyf2,4,27.431172,5.753097
dxf2,4,25.647682,5.441821
csxy,4,24.812632,5.560296
dzf2,4,110.951693,23.556183
dyf3,4,27.125970,5.721475
csyz,4,29.631873,6.654745
dxf3,4,25.271072,5.364019
dzf3,4,111.201830,23.597790
csxz,4,29.371860,6.670952
#========================= OptEWE [OpenMP] =========================
#Source type                                  :  Force monopole
#Grid Size                                    :  512 x 512 x 512
#Iterations                                   :  5
#Compute time                                 :  6.666989
#Total effective MLUPS                        :  100.658424
#===================================================================
#Number of threads                            :  23
