dxf,0,81.973574,10.277437
dzb,0,478.232483,58.075231
dyb,0,99.942300,12.341637
cvx,0,164.792539,19.905027
dyf,0,98.003057,12.112075
dzb2,0,478.446360,58.093479
dxb,0,86.059477,10.722106
cvy,0,481.241031,54.966716
dzf,0,475.612793,57.743829
dxb2,0,84.737988,10.572049
dyb2,0,99.541471,12.296451
cvz,0,165.277830,20.116761
dzb3,0,476.725256,57.878858
dxb3,0,84.167806,10.526114
dyb3,0,99.908752,12.349117
csxxsyyszz,0,449.995806,53.119210
dyf2,0,99.106036,12.273203
dxf2,0,81.782179,10.250854
csxy,0,70.356349,9.107605
dzf2,0,474.846817,57.675432
dyf3,0,98.704285,12.195037
csyz,0,82.895228,10.644265
dxf3,0,81.693379,10.286230
dzf3,0,476.654346,57.840956
csxz,0,81.477192,10.490311
dxf,1,81.829995,10.289012
dzb,1,478.099381,58.048360
dyb,1,99.984169,12.369328
cvx,1,164.774539,19.857317
dyf,1,99.071646,12.295306
dzb2,1,479.749093,58.250490
dxb,1,85.978966,10.718217
cvy,1,161.958822,19.584473
dzf,1,477.139896,57.931282
dxb2,1,84.861471,10.639137
dyb2,1,100.056228,12.362584
cvz,1,165.278237,20.125470
dzb3,1,476.883271,57.930217
dxb3,1,84.193956,10.513965
dyb3,1,99.292887,12.305559
csxxsyyszz,1,449.231238,53.028086
dyf2,1,98.977902,12.237133
dxf2,1,81.879402,10.294855
csxy,1,70.269613,9.097719
dzf2,1,474.798239,57.674145
dyf3,1,97.433250,12.107926
csyz,1,82.843989,10.648781
dxf3,1,81.618768,10.241311
dzf3,1,476.522706,57.901121
csxz,1,81.574926,10.492820
dxf,2,81.885995,10.262140
dzb,2,478.241557,58.076956
dyb,2,100.027806,12.337253
cvx,2,164.774846,19.865667
dyf,2,98.900602,12.230913
dzb2,2,478.449525,58.089128
dxb,2,86.068338,10.729689
cvy,2,162.030587,19.550002
dzf,2,475.812522,57.758477
dxb2,2,84.926922,10.598583
dyb2,2,100.037610,12.361755
cvz,2,165.250355,20.124054
dzb3,2,477.037813,57.941171
dxb3,2,84.251314,10.540843
dyb3,2,99.932061,12.355832
csxxsyyszz,2,449.995431,53.128145
dyf2,2,99.052567,12.251012
dxf2,2,81.789134,10.260471
csxy,2,70.298537,9.110373
dzf2,2,474.702273,57.679316
dyf3,2,97.486585,12.080705
csyz,2,82.849806,10.648296
dxf3,2,81.401458,10.256216
dzf3,2,476.442422,57.893858
csxz,2,81.513116,10.524030
dxf,3,81.825470,10.279817
dzb,3,478.152116,58.048163
dyb,3,100.012134,12.379565
cvx,3,164.780317,19.868684
dyf,3,98.963619,12.271612
dzb2,3,479.693930,58.233196
dxb,3,85.957382,10.717379
cvy,3,161.999444,19.580316
dzf,3,477.477428,57.956563
dxb2,3,84.776236,10.619702
dyb2,3,100.633353,12.588665
cvz,3,165.405087,20.423690
dzb3,3,476.908384,58.617576
dxb3,3,84.199109,10.639683
dyb3,3,99.858456,12.512709
csxxsyyszz,3,450.070808,53.311359
dyf2,3,100.937728,12.473973
dxf2,3,81.704276,10.322055
csxy,3,70.287255,9.112572
dzf2,3,474.986391,57.680160
dyf3,3,98.610043,12.257844
csyz,3,82.837423,10.649786
dxf3,3,81.747731,10.260571
dzf3,3,476.658160,57.942136
csxz,3,81.513593,10.488614
dxf,4,82.099047,10.301964
dzb,4,478.392691,58.162832
dyb,4,99.936208,12.357334
cvx,4,164.833809,19.993174
dyf,4,99.080900,12.305529
dzb2,4,478.170231,58.360924
dxb,4,85.987420,10.764982
cvy,4,162.015629,19.611300
dzf,4,475.942240,57.867765
dxb2,4,84.959210,10.608046
dyb2,4,99.908535,12.408318
cvz,4,165.354093,20.123692
dzb3,4,476.849609,58.110059
dxb3,4,84.223225,10.567076
dyb3,4,99.843365,12.387744
csxxsyyszz,4,450.087018,53.383729
dyf2,4,99.122160,12.274954
dxf2,4,81.727018,10.271141
csxy,4,70.184258,9.093248
dzf2,4,474.925810,57.760106
dyf3,4,98.719103,12.212416
csyz,4,82.832138,10.688674
dxf3,4,81.713808,10.274527
dzf3,4,476.642065,58.099351
csxz,4,81.359969,10.605526
#========================= OptEWE [OpenMP] =========================
#Source type                                  :  Force monopole
#Grid Size                                    :  512 x 512 x 512
#Iterations                                   :  5
#Compute time                                 :  25.995075
#Total effective MLUPS                        :  25.815991
#===================================================================
#Number of threads                            :  5
