dxf,0,34.713040,6.593549
dzb,0,134.954515,26.368226
dyb,0,35.236365,6.716218
cvx,0,41.813520,8.208942
dyf,0,35.064478,6.706674
dzb2,0,135.109738,26.412350
dxb,0,34.180508,6.489312
cvy,0,253.999986,41.062583
dzf,0,134.796804,26.364544
dxb2,0,34.290696,6.515470
dyb2,0,35.449151,6.790309
cvz,0,48.246768,9.510764
dzb3,0,134.538348,26.324381
dxb3,0,34.191828,6.519835
dyb3,0,35.487065,6.793615
csxxsyyszz,0,103.613534,19.348470
dyf2,0,35.163758,6.726613
dxf2,0,34.509145,6.599754
csxy,0,33.807751,6.707578
dzf2,0,134.558137,26.364861
dyf3,0,34.908091,6.688657
csyz,0,40.478612,7.994646
dxf3,0,34.202757,6.536527
dzf3,0,134.798734,26.426003
csxz,0,40.362596,7.979541
dxf,1,34.250557,6.537932
dzb,1,134.976332,26.447793
dyb,1,35.180286,6.720980
cvx,1,41.835153,8.231796
dyf,1,35.045331,6.716035
dzb2,1,134.940864,26.451385
dxb,1,34.222739,6.515035
cvy,1,41.511724,8.171534
dzf,1,134.700691,26.386230
dxb2,1,34.197087,6.529387
dyb2,1,35.541657,6.810790
cvz,1,48.289831,9.539656
dzb3,1,134.809946,26.402676
dxb3,1,34.197133,6.539014
dyb3,1,35.426774,6.790929
csxxsyyszz,1,103.825910,19.404815
dyf2,1,35.003827,6.714704
dxf2,1,34.467345,6.591401
csxy,1,33.797627,6.715105
dzf2,1,134.592936,26.391225
dyf3,1,34.874700,6.698970
csyz,1,40.484843,7.999371
dxf3,1,34.238994,6.541193
dzf3,1,134.655108,26.415792
csxz,1,40.282505,7.950879
dxf,2,34.211717,6.546317
dzb,2,134.982074,26.460208
dyb,2,35.167183,6.741169
cvx,2,41.828278,8.228862
dyf,2,34.916849,6.717977
dzb2,2,135.185404,26.490911
dxb,2,34.245059,6.540925
cvy,2,41.581423,8.186342
dzf,2,134.660957,26.388101
dxb2,2,34.240027,6.518683
dyb2,2,35.558760,6.819834
cvz,2,48.244893,9.523783
dzb3,2,134.658226,26.382244
dxb3,2,34.215746,6.527485
dyb3,2,35.481407,6.799964
csxxsyyszz,2,103.561627,19.355298
dyf2,2,35.229639,6.738739
dxf2,2,34.436799,6.593810
csxy,2,33.784785,6.709779
dzf2,2,134.493037,26.382267
dyf3,2,34.840648,6.690009
csyz,2,40.488666,8.004585
dxf3,2,34.394773,6.577761
dzf3,2,134.692691,26.421308
csxz,2,40.281279,7.970898
dxf,3,34.262124,6.550490
dzb,3,135.004983,26.454571
dyb,3,35.225743,6.731568
cvx,3,41.768283,8.229444
dyf,3,35.075497,6.722645
dzb2,3,134.976935,26.463666
dxb,3,34.215983,6.523728
cvy,3,41.566386,8.192928
dzf,3,134.555872,26.371219
dxb2,3,34.284497,6.553577
dyb2,3,35.496821,6.808914
cvz,3,48.261538,9.531171
dzb3,3,134.884624,26.439369
dxb3,3,34.214611,6.542594
dyb3,3,35.493116,6.804366
csxxsyyszz,3,103.564161,19.356264
dyf2,3,35.196952,6.754247
dxf2,3,34.441498,6.583827
csxy,3,33.798397,6.720208
dzf2,3,134.550759,26.404720
dyf3,3,34.859300,6.701942
csyz,3,40.453808,8.004797
dxf3,3,34.219034,6.542014
dzf3,3,136.113162,26.643041
csxz,3,40.273802,7.976250
dxf,4,34.196045,6.542606
dzb,4,134.935401,26.472390
dyb,4,35.126930,6.734283
cvx,4,42.000156,8.256491
dyf,4,35.040836,6.726420
dzb2,4,135.103066,26.483775
dxb,4,34.239670,6.531098
cvy,4,41.614644,8.208851
dzf,4,134.596829,26.386792
dxb2,4,34.217840,6.543568
dyb2,4,35.524894,6.822100
cvz,4,48.272258,9.535460
dzb3,4,134.725413,26.428469
dxb3,4,34.239455,6.528204
dyb3,4,35.487353,6.806618
csxxsyyszz,4,103.647477,19.380967
dyf2,4,35.156443,6.754194
dxf2,4,34.455299,6.590533
csxy,4,33.788559,6.719096
dzf2,4,134.787650,26.448855
dyf3,4,34.888092,6.708326
csyz,4,40.489909,8.008687
dxf3,4,34.210180,6.541390
dzf3,4,136.229285,26.696620
csxz,4,40.263636,8.023059
#========================= OptEWE [OpenMP] =========================
#Source type                                  :  Force monopole
#Grid Size                                    :  512 x 512 x 512
#Iterations                                   :  5
#Compute time                                 :  8.093613
#Total effective MLUPS                        :  82.915833
#===================================================================
#Number of threads                            :  17
