dxf,0,35.888626,6.656976
dzb,0,143.336310,27.242177
dyb,0,35.915622,6.747890
cvx,0,44.174909,8.457454
dyf,0,35.914102,6.758524
dzb2,0,143.278473,27.260458
dxb,0,35.460437,6.590969
cvy,0,254.850910,40.772909
dzf,0,142.883685,27.168116
dxb2,0,35.316060,6.586206
dyb2,0,36.154296,6.781428
cvz,0,51.505925,9.849779
dzb3,0,143.035350,27.208405
dxb3,0,35.335560,6.589604
dyb3,0,36.166192,6.786276
csxxsyyszz,0,94.727707,17.674858
dyf2,0,36.042363,6.759247
dxf2,0,35.564947,6.633583
csxy,0,35.858833,6.899797
dzf2,0,143.096321,27.241221
dyf3,0,35.830777,6.745144
csyz,0,43.150244,8.256200
dxf3,0,35.446995,6.619487
dzf3,0,143.062819,27.253836
csxz,0,42.999323,8.221666
dxf,1,35.363176,6.601325
dzb,1,143.407641,27.308647
dyb,1,35.871005,6.730661
cvx,1,44.167795,8.472175
dyf,1,35.952171,6.757429
dzb2,1,143.399488,27.292630
dxb,1,35.302652,6.612449
cvy,1,44.044680,8.445447
dzf,1,142.992477,27.243417
dxb2,1,35.274004,6.590995
dyb2,1,36.131709,6.797634
cvz,1,51.450769,9.844449
dzb3,1,143.082174,27.224096
dxb3,1,35.340654,6.577540
dyb3,1,36.144363,6.792049
csxxsyyszz,1,94.715161,17.715064
dyf2,1,36.094194,6.757807
dxf2,1,35.579726,6.642350
csxy,1,35.858596,6.902416
dzf2,1,142.977885,27.248208
dyf3,1,35.790574,6.724154
csyz,1,43.189750,8.266158
dxf3,1,35.336143,6.596876
dzf3,1,142.971969,27.273764
csxz,1,43.075007,8.217275
dxf,2,35.380757,6.606161
dzb,2,143.378015,27.320680
dyb,2,35.661536,6.687984
cvx,2,44.214844,8.494176
dyf,2,35.919437,6.750306
dzb2,2,143.350091,27.313876
dxb,2,35.308868,6.576873
cvy,2,44.038999,8.444717
dzf,2,142.843211,27.234942
dxb2,2,35.271881,6.564025
dyb2,2,36.204609,6.807300
cvz,2,51.443768,9.843352
dzb3,2,143.072754,27.231061
dxb3,2,35.290359,6.567941
dyb3,2,36.253813,6.813212
csxxsyyszz,2,94.747206,17.704280
dyf2,2,35.907116,6.727853
dxf2,2,35.570021,6.648830
csxy,2,35.870795,6.910702
dzf2,2,142.884084,27.250177
dyf3,2,35.757581,6.722183
csyz,2,43.201226,8.275075
dxf3,2,35.389540,6.609116
dzf3,2,143.066441,27.267476
csxz,2,42.984301,8.217694
dxf,3,35.362567,6.606229
dzb,3,143.312622,27.318597
dyb,3,35.899997,6.729187
cvx,3,46.403897,8.822420
dyf,3,35.989931,6.761243
dzb2,3,143.469524,27.337746
dxb,3,35.331886,6.589635
cvy,3,43.998129,8.456807
dzf,3,142.890144,27.236200
dxb2,3,35.319854,6.581544
dyb2,3,36.159693,6.798379
cvz,3,51.507073,9.873444
dzb3,3,143.072017,27.242638
dxb3,3,35.294971,6.570707
dyb3,3,36.171076,6.793737
csxxsyyszz,3,94.736578,17.706241
dyf2,3,36.047710,6.746258
dxf2,3,35.567396,6.642331
csxy,3,35.867149,6.905395
dzf2,3,142.944536,27.246072
dyf3,3,35.659908,6.707436
csyz,3,43.163854,8.261681
dxf3,3,35.389595,6.610561
dzf3,3,143.033979,27.260796
csxz,3,42.975700,8.217881
dxf,4,35.341819,6.601756
dzb,4,143.310401,27.303843
dyb,4,35.745310,6.690532
cvx,4,45.519172,8.700336
dyf,4,35.763878,6.716359
dzb2,4,143.315575,27.316318
dxb,4,35.355225,6.586344
cvy,4,44.027275,8.436726
dzf,4,142.930894,27.237516
dxb2,4,35.518540,6.606808
dyb2,4,36.182496,6.796834
cvz,4,51.459291,9.842803
dzb3,4,143.331374,27.274477
dxb3,4,35.330124,6.585129
dyb3,4,36.149695,6.790910
csxxsyyszz,4,94.730892,17.701972
dyf2,4,36.054500,6.761523
dxf2,4,35.533211,6.636667
csxy,4,35.856184,6.915882
dzf2,4,143.002521,27.268114
dyf3,4,35.771825,6.719302
csyz,4,43.151791,8.260811
dxf3,4,35.347645,6.602367
dzf3,4,143.019773,27.285706
csxz,4,43.005088,8.274152
#========================= OptEWE [OpenMP] =========================
#Source type                                  :  Force monopole
#Grid Size                                    :  512 x 512 x 512
#Iterations                                   :  5
#Compute time                                 :  8.432348
#Total effective MLUPS                        :  79.585024
#===================================================================
#Number of threads                            :  17
