dxf,0,63.488157,8.741464
dzb,0,341.849009,45.690287
dyb,0,75.176016,10.180004
cvx,0,111.782270,14.885095
dyf,0,74.726049,10.156228
dzb2,0,342.007963,45.876042
dxb,0,65.108841,8.956352
cvy,0,337.950793,42.001849
dzf,0,341.698871,45.934962
dxb2,0,64.917244,8.930547
dyb2,0,75.142035,10.222122
cvz,0,112.875691,15.286735
dzb3,0,341.553831,45.827088
dxb3,0,64.554048,8.865056
dyb3,0,75.285829,10.236917
csxxsyyszz,0,306.135119,39.664252
dyf2,0,74.526657,10.267885
dxf2,0,63.356037,8.761409
csxy,0,58.330800,8.304847
dzf2,0,340.993189,45.849749
dyf3,0,73.315783,10.029232
csyz,0,67.410557,9.592449
dxf3,0,62.999202,8.729573
dzf3,0,340.864631,45.804929
csxz,0,65.760384,9.314909
dxf,1,63.307037,8.733206
dzb,1,341.779987,45.797147
dyb,1,74.195884,10.179602
cvx,1,111.777041,14.903935
dyf,1,73.884115,10.057229
dzb2,1,341.932280,45.897429
dxb,1,65.057603,9.008050
cvy,1,109.172619,14.666751
dzf,1,341.703532,45.928864
dxb2,1,64.853099,8.936339
dyb2,1,75.196863,10.280729
cvz,1,113.158905,15.410274
dzb3,1,341.699191,45.825297
dxb3,1,64.548464,8.867589
dyb3,1,75.077437,10.199684
csxxsyyszz,1,303.404453,39.340365
dyf2,1,73.648349,10.191826
dxf2,1,63.245805,8.728529
csxy,1,58.385280,8.292169
dzf2,1,340.955670,45.846075
dyf3,1,74.116421,10.149195
csyz,1,67.360034,9.600757
dxf3,1,62.827268,8.715688
dzf3,1,340.524654,45.826577
csxz,1,65.745398,9.332044
dxf,2,63.156166,8.738263
dzb,2,343.059932,46.015647
dyb,2,74.974568,10.283724
cvx,2,111.633043,14.896960
dyf,2,74.775398,10.180523
dzb2,2,341.821944,45.859200
dxb,2,64.968377,9.065180
cvy,2,109.350132,14.686781
dzf,2,342.755671,46.141115
dxb2,2,64.817963,8.945370
dyb2,2,75.648332,10.976131
cvz,2,112.289525,16.133123
dzb3,2,339.412822,48.075187
dxb3,2,64.049184,9.291134
dyb3,2,74.915664,10.743251
csxxsyyszz,2,305.906097,40.441881
dyf2,2,74.462048,10.211343
dxf2,2,63.152133,8.716087
csxy,2,58.291571,8.281653
dzf2,2,340.372259,45.600427
dyf3,2,73.265141,9.979200
csyz,2,67.377197,9.498354
dxf3,2,62.910691,8.670617
dzf3,2,340.602798,45.540809
csxz,2,65.680727,9.290759
dxf,3,63.253990,8.712750
dzb,3,341.737070,45.667230
dyb,3,74.403444,10.112138
cvx,3,111.715656,14.881909
dyf,3,73.896221,10.050132
dzb2,3,341.728972,45.708864
dxb,3,64.937520,8.933951
cvy,3,109.041190,14.595433
dzf,3,341.041115,45.684967
dxb2,3,64.641136,8.897828
dyb2,3,75.222697,10.238102
cvz,3,112.734723,15.240572
dzb3,3,341.245977,45.698481
dxb3,3,64.516861,8.878277
dyb3,3,75.110717,10.211033
csxxsyyszz,3,303.693313,39.342845
dyf2,3,73.641101,10.041209
dxf2,3,63.184020,8.732517
csxy,3,58.325739,8.292097
dzf2,3,340.526173,45.557945
dyf3,3,74.070561,10.092723
csyz,3,67.363303,9.503107
dxf3,3,62.799222,8.657093
dzf3,3,340.660960,45.546842
csxz,3,65.698228,9.300589
dxf,4,63.171053,8.711288
dzb,4,341.691409,45.658264
dyb,4,73.961596,10.052983
cvx,4,111.751216,14.882690
dyf,4,73.879735,10.048875
dzb2,4,341.866598,45.680303
dxb,4,65.076710,8.942462
cvy,4,109.170624,14.588539
dzf,4,341.414028,45.642973
dxb2,4,64.724877,8.892560
dyb2,4,75.323774,10.240854
cvz,4,112.894857,15.240558
dzb3,4,341.836571,45.674423
dxb3,4,64.588320,8.889824
dyb3,4,75.164137,10.217075
csxxsyyszz,4,303.112431,39.191815
dyf2,4,73.778071,10.044146
dxf2,4,63.265325,8.734386
csxy,4,58.396184,8.287635
dzf2,4,341.960717,45.754193
dyf3,4,74.113894,10.116668
csyz,4,67.379583,9.518220
dxf3,4,62.940215,8.696321
dzf3,4,340.560040,45.593470
csxz,4,65.650770,9.353952
#========================= OptEWE [OpenMP] =========================
#Source type                                  :  Force monopole
#Grid Size                                    :  512 x 512 x 512
#Iterations                                   :  5
#Compute time                                 :  18.772379
#Total effective MLUPS                        :  35.748726
#===================================================================
#Number of threads                            :  5
