dxf,0,49.029536,8.102371
dzb,0,191.671853,32.502778
dyb,0,50.028167,8.314537
cvx,0,59.672503,10.132709
dyf,0,49.654635,8.276502
dzb2,0,191.468972,32.476807
dxb,0,48.934635,8.095012
cvy,0,221.679365,32.844581
dzf,0,191.685482,32.448478
dxb2,0,48.704555,8.064622
dyb2,0,50.205812,8.373991
cvz,0,67.575351,11.617574
dzb3,0,190.182183,32.254080
dxb3,0,48.604920,8.065257
dyb3,0,50.176629,8.342950
csxxsyyszz,0,147.469835,24.028551
dyf2,0,49.987800,8.325664
dxf2,0,48.714266,8.096433
csxy,0,47.576387,8.190056
dzf2,0,192.351963,32.572796
dyf3,0,49.443358,8.265281
csyz,0,56.712404,9.765533
dxf3,0,48.541228,8.055295
dzf3,0,191.054823,32.413613
csxz,0,56.650315,9.768272
dxf,1,48.523693,8.050687
dzb,1,191.784618,32.519292
dyb,1,50.014132,8.328194
cvx,1,59.663395,10.156837
dyf,1,50.004905,8.319566
dzb2,1,191.277700,32.442010
dxb,1,48.866324,8.113520
cvy,1,59.792615,10.157760
dzf,1,191.519212,32.461513
dxb2,1,48.740030,8.095841
dyb2,1,50.286535,8.361587
cvz,1,67.591696,11.618792
dzb3,1,190.266839,32.314394
dxb3,1,48.563333,8.047551
dyb3,1,50.247115,8.352375
csxxsyyszz,1,147.501197,24.028588
dyf2,1,50.017093,8.360549
dxf2,1,48.795821,8.101692
csxy,1,47.649962,8.188014
dzf2,1,192.404062,32.596123
dyf3,1,49.662173,8.319266
csyz,1,56.624790,9.735314
dxf3,1,48.592164,8.059132
dzf3,1,191.175720,32.459259
csxz,1,56.675274,9.757308
dxf,2,48.582587,8.057179
dzb,2,191.637848,32.524566
dyb,2,51.309697,8.530116
cvx,2,59.652309,10.137470
dyf,2,49.974020,8.313937
dzb2,2,191.274924,32.457644
dxb,2,48.873748,8.100946
cvy,2,59.801254,10.155184
dzf,2,191.489068,32.461737
dxb2,2,48.700156,8.068763
dyb2,2,50.204075,8.351858
cvz,2,67.759588,11.647652
dzb3,2,191.520481,32.501050
dxb3,2,48.616714,8.055789
dyb3,2,50.337969,8.366751
csxxsyyszz,2,147.411731,24.037510
dyf2,2,49.968110,8.327528
dxf2,2,48.712535,8.077512
csxy,2,47.653418,8.193713
dzf2,2,192.329065,32.599776
dyf3,2,49.573687,8.268721
csyz,2,56.648393,9.739494
dxf3,2,48.536262,8.052287
dzf3,2,191.085504,32.459288
csxz,2,56.652827,9.748681
dxf,3,48.593334,8.061269
dzb,3,191.683816,32.521691
dyb,3,50.006923,8.323748
cvx,3,59.716101,10.153328
dyf,3,49.865247,8.312585
dzb2,3,191.310418,32.476182
dxb,3,48.867441,8.105764
cvy,3,59.750423,10.159776
dzf,3,191.483666,32.514397
dxb2,3,48.729960,8.074554
dyb2,3,50.138949,8.338493
cvz,3,67.548508,11.620913
dzb3,3,190.097060,32.285559
dxb3,3,48.647444,8.061246
dyb3,3,50.296604,8.359755
csxxsyyszz,3,147.475311,24.090933
dyf2,3,49.999239,8.307226
dxf2,3,48.807916,8.093084
csxy,3,47.645854,8.204324
dzf2,3,192.412765,32.653512
dyf3,3,49.692279,8.275348
csyz,3,56.644999,9.741230
dxf3,3,48.590815,8.070448
dzf3,3,190.890999,32.430590
csxz,3,56.660507,9.745241
dxf,4,48.468719,8.055743
dzb,4,191.646394,32.542028
dyb,4,49.944174,8.286571
cvx,4,59.672892,10.163956
dyf,4,49.929958,8.346747
dzb2,4,191.294861,32.483824
dxb,4,48.901630,8.089919
cvy,4,59.791539,10.181837
dzf,4,191.414792,32.507041
dxb2,4,48.697932,8.050255
dyb2,4,50.455908,8.393267
cvz,4,67.559096,11.626773
dzb3,4,190.200204,32.256393
dxb3,4,48.598234,8.048961
dyb3,4,50.318601,8.374539
csxxsyyszz,4,147.640161,24.079094
dyf2,4,50.000518,8.311865
dxf2,4,48.811584,8.102113
csxy,4,47.628369,8.215043
dzf2,4,192.386347,32.656094
dyf3,4,49.609370,8.266769
csyz,4,56.680127,9.760953
dxf3,4,48.525820,8.089011
dzf3,4,191.092248,32.443354
csxz,4,56.771544,9.774769
#========================= OptEWE [OpenMP] =========================
#Source type                                  :  Force monopole
#Grid Size                                    :  512 x 512 x 512
#Iterations                                   :  5
#Compute time                                 :  11.344336
#Total effective MLUPS                        :  59.156275
#===================================================================
#Number of threads                            :  10
