dxf,0,32.325228,7.234077
dzb,0,120.384106,28.329981
dyb,0,32.035195,7.304378
cvx,0,37.796504,8.944567
dyf,0,32.118079,7.346184
dzb2,0,120.266570,28.336947
dxb,0,31.634138,7.156624
cvy,0,210.867723,41.402683
dzf,0,119.878776,28.241111
dxb2,0,31.593585,7.163247
dyb2,0,32.345485,7.386424
cvz,0,43.900540,10.391867
dzb3,0,120.036952,28.288257
dxb3,0,31.767583,7.192830
dyb3,0,32.323555,7.380584
csxxsyyszz,0,77.429979,17.853490
dyf2,0,32.218561,7.357795
dxf2,0,31.889789,7.234150
csxy,0,31.150168,7.365127
dzf2,0,119.847011,28.292684
dyf3,0,31.987188,7.319735
csyz,0,37.177923,8.770057
dxf3,0,31.656617,7.193247
dzf3,0,120.129491,28.363975
csxz,0,37.016065,8.732232
dxf,1,31.667257,7.198063
dzb,1,120.249746,28.373765
dyb,1,32.008888,7.317090
cvx,1,37.787853,8.961534
dyf,1,32.106854,7.357309
dzb2,1,120.297231,28.386941
dxb,1,31.597597,7.161523
cvy,1,37.691957,8.928282
dzf,1,119.949896,28.323292
dxb2,1,31.634262,7.165999
dyb2,1,32.359518,7.401526
cvz,1,43.850465,10.394996
dzb3,1,120.039066,28.320855
dxb3,1,31.613906,7.167255
dyb3,1,32.247315,7.382264
csxxsyyszz,1,77.056439,17.794185
dyf2,1,32.161085,7.348808
dxf2,1,33.267051,7.510749
csxy,1,31.186669,7.366197
dzf2,1,119.822976,28.312757
dyf3,1,31.974576,7.329081
csyz,1,37.190879,8.781934
dxf3,1,31.648922,7.194255
dzf3,1,120.126407,28.382324
csxz,1,36.988718,8.747223
dxf,2,31.773630,7.232232
dzb,2,120.285993,28.386508
dyb,2,31.998230,7.304323
cvx,2,37.744088,8.945953
dyf,2,32.049194,7.331135
dzb2,2,120.323447,28.375005
dxb,2,31.590081,7.159700
cvy,2,37.593784,8.902617
dzf,2,119.912411,28.316547
dxb2,2,31.634316,7.172721
dyb2,2,32.396207,7.424329
cvz,2,43.881300,10.396089
dzb3,2,120.085389,28.335968
dxb3,2,31.599109,7.168210
dyb3,2,32.273546,7.391710
csxxsyyszz,2,77.350558,17.850477
dyf2,2,32.273723,7.367782
dxf2,2,31.890464,7.240705
csxy,2,31.210553,7.382005
dzf2,2,119.894607,28.327453
dyf3,2,31.954980,7.318901
csyz,2,37.204000,8.782886
dxf3,2,31.682291,7.204001
dzf3,2,121.058100,28.541169
csxz,2,36.993959,8.721812
dxf,3,31.705217,7.209574
dzb,3,120.309721,28.397284
dyb,3,32.024495,7.312887
cvx,3,37.754028,8.961015
dyf,3,32.023205,7.340260
dzb2,3,120.398349,28.421781
dxb,3,31.582436,7.175434
cvy,3,37.648343,8.919640
dzf,3,119.855051,28.320089
dxb2,3,31.587044,7.170139
dyb2,3,32.344744,7.403022
cvz,3,43.795972,10.389256
dzb3,3,119.976205,28.346237
dxb3,3,31.605971,7.172520
dyb3,3,32.323957,7.397076
csxxsyyszz,3,77.399800,17.866617
dyf2,3,32.239119,7.377543
dxf2,3,31.935463,7.257213
csxy,3,31.203071,7.386145
dzf2,3,119.929624,28.335355
dyf3,3,32.019873,7.336906
csyz,3,37.176296,8.773963
dxf3,3,31.671073,7.200010
dzf3,3,119.951399,28.327984
csxz,3,37.003047,8.740191
dxf,4,31.682839,7.205685
dzb,4,120.334228,28.399740
dyb,4,32.033214,7.328304
cvx,4,37.918080,8.999832
dyf,4,32.131367,7.362572
dzb2,4,120.310919,28.404347
dxb,4,31.611263,7.169770
cvy,4,37.597523,8.910492
dzf,4,119.961583,28.344889
dxb2,4,31.566596,7.171356
dyb2,4,32.298464,7.394923
cvz,4,43.808900,10.399624
dzb3,4,120.047338,28.344947
dxb3,4,31.584865,7.165577
dyb3,4,32.289696,7.393628
csxxsyyszz,4,77.049087,17.798704
dyf2,4,32.146810,7.349682
dxf2,4,31.891066,7.247607
csxy,4,31.170448,7.378423
dzf2,4,119.848770,28.333833
dyf3,4,31.965670,7.319654
csyz,4,37.243391,8.792663
dxf3,4,31.616381,7.188056
dzf3,4,119.979705,28.359458
csxz,4,36.978710,8.792877
#========================= OptEWE [OpenMP] =========================
#Source type                                  :  Force monopole
#Grid Size                                    :  512 x 512 x 512
#Iterations                                   :  5
#Compute time                                 :  7.203911
#Total effective MLUPS                        :  93.156156
#===================================================================
#Number of threads                            :  18
