dxf,0,50.096956,7.554163
dzb,0,207.898737,31.675212
dyb,0,52.564675,7.938361
cvx,0,65.698862,9.981569
dyf,0,52.042048,7.865938
dzb2,0,207.935614,31.721124
dxb,0,49.933350,7.543485
cvy,0,260.973518,34.879060
dzf,0,206.765701,31.522574
dxb2,0,50.060948,7.597591
dyb2,0,52.834668,7.984027
cvz,0,70.772130,10.961448
dzb3,0,207.318108,31.644405
dxb3,0,49.653932,7.508575
dyb3,0,52.690039,7.968392
csxxsyyszz,0,174.164052,25.470502
dyf2,0,52.234232,7.915179
dxf2,0,49.977423,7.553940
csxy,0,49.118886,7.651831
dzf2,0,209.986420,32.015713
dyf3,0,51.863449,7.865018
csyz,0,58.638387,9.141358
dxf3,0,49.543639,7.496147
dzf3,0,207.460891,31.680096
csxz,0,58.514619,9.139618
dxf,1,49.777282,7.541014
dzb,1,207.738055,31.643028
dyb,1,52.663151,7.954086
cvx,1,65.719584,9.976134
dyf,1,52.104318,7.882225
dzb2,1,207.980005,31.693813
dxb,1,49.946533,7.542171
cvy,1,64.960660,9.879187
dzf,1,206.954574,31.535324
dxb2,1,50.002048,7.541414
dyb2,1,52.763610,7.969626
cvz,1,70.787105,10.959220
dzb3,1,207.340368,31.595224
dxb3,1,49.629083,7.498735
dyb3,1,52.694110,7.962543
csxxsyyszz,1,172.860936,25.235088
dyf2,1,51.962956,7.875084
dxf2,1,49.961554,7.548970
csxy,1,49.098218,7.648973
dzf2,1,209.168996,31.833216
dyf3,1,51.946580,7.923201
csyz,1,58.662110,9.172798
dxf3,1,49.647266,7.523994
dzf3,1,207.643770,31.790608
csxz,1,58.557368,9.154712
dxf,2,49.550395,7.520487
dzb,2,207.748484,31.793594
dyb,2,52.636229,7.970733
cvx,2,65.757273,10.019642
dyf,2,51.845598,7.872338
dzb2,2,207.844611,31.811910
dxb,2,49.977864,7.550455
cvy,2,64.888564,9.877317
dzf,2,206.782201,31.602881
dxb2,2,50.117030,7.569599
dyb2,2,52.819141,7.986694
cvz,2,70.693380,10.978215
dzb3,2,207.307939,31.613220
dxb3,2,49.644306,7.510161
dyb3,2,52.668221,7.974480
csxxsyyszz,2,174.037065,25.479866
dyf2,2,52.023940,7.899570
dxf2,2,49.922788,7.568931
csxy,2,49.211435,7.712445
dzf2,2,209.330485,32.006854
dyf3,2,51.926201,7.894742
csyz,2,58.653224,9.197558
dxf3,2,49.572114,7.563028
dzf3,2,207.521368,31.735006
csxz,2,58.460176,9.221849
dxf,3,49.578546,7.530471
dzb,3,207.880584,31.748537
dyb,3,52.322121,7.958776
cvx,3,67.517769,10.248023
dyf,3,51.952433,7.875082
dzb2,3,207.698652,31.746589
dxb,3,49.963462,7.576200
cvy,3,64.993145,9.897052
dzf,3,206.664685,31.580946
dxb2,3,50.091278,7.557401
dyb2,3,52.719161,7.971454
cvz,3,70.713553,10.958391
dzb3,3,207.274471,31.715473
dxb3,3,49.713691,7.531502
dyb3,3,52.932663,8.022361
csxxsyyszz,3,174.090068,25.533498
dyf2,3,51.957662,7.893030
dxf2,3,49.975981,7.573688
csxy,3,49.153167,7.677532
dzf2,3,209.249445,32.019131
dyf3,3,51.853870,7.879220
csyz,3,58.626884,9.158374
dxf3,3,49.510600,7.565414
dzf3,3,207.682670,31.748370
csxz,3,58.572257,9.142519
dxf,4,49.571284,7.513694
dzb,4,207.774110,31.745323
dyb,4,52.243301,7.909660
cvx,4,65.808289,10.033922
dyf,4,51.850284,7.910348
dzb2,4,208.050089,31.709929
dxb,4,49.955085,7.567705
cvy,4,64.915403,9.946072
dzf,4,207.065783,31.644159
dxb2,4,50.010267,7.641593
dyb2,4,52.842978,8.009992
cvz,4,70.754642,10.989326
dzb3,4,207.270259,31.741481
dxb3,4,49.700907,7.537849
dyb3,4,52.745913,7.999919
csxxsyyszz,4,172.965638,25.295354
dyf2,4,52.282965,7.947131
dxf2,4,49.965911,7.550976
csxy,4,49.217102,7.667494
dzf2,4,209.256451,31.929087
dyf3,4,51.794758,7.854968
csyz,4,58.733133,9.149276
dxf3,4,49.588807,7.498848
dzf3,4,208.787076,31.896948
csxz,4,59.332948,9.302391
#========================= OptEWE [OpenMP] =========================
#Source type                                  :  Force monopole
#Grid Size                                    :  512 x 512 x 512
#Iterations                                   :  5
#Compute time                                 :  12.205927
#Total effective MLUPS                        :  54.980555
#===================================================================
#Number of threads                            :  10
