dxf,0,49.811657,8.360422
dzb,0,220.468404,37.138746
dyb,0,53.713495,9.001649
cvx,0,70.543683,11.834437
dyf,0,53.034488,8.904972
dzb2,0,219.379318,36.959582
dxb,0,49.632673,8.337559
cvy,0,233.575365,35.069104
dzf,0,219.764118,36.985878
dxb2,0,49.502409,8.315313
dyb2,0,54.204128,9.104599
cvz,0,73.064061,12.480315
dzb3,0,219.220967,36.907982
dxb3,0,50.182205,8.416014
dyb3,0,54.037091,9.053263
csxxsyyszz,0,188.607601,30.356517
dyf2,0,53.421481,8.963639
dxf2,0,50.395227,8.451134
csxy,0,48.018483,8.362539
dzf2,0,220.189282,37.051681
dyf3,0,52.893979,8.887045
csyz,0,57.170586,9.912192
dxf3,0,49.373015,8.313786
dzf3,0,218.786891,36.840479
csxz,0,54.919876,9.600803
dxf,1,49.338432,8.346055
dzb,1,220.501215,37.120683
dyb,1,54.085958,9.091028
cvx,1,70.549584,11.832855
dyf,1,53.450839,8.980227
dzb2,1,219.102567,36.938610
dxb,1,49.802247,8.378007
cvy,1,69.407968,11.663471
dzf,1,219.696067,37.015307
dxb2,1,49.483566,8.316635
dyb2,1,54.343637,9.126092
cvz,1,74.598503,12.713769
dzb3,1,219.245728,36.918971
dxb3,1,50.220236,8.421668
dyb3,1,54.174626,9.074491
csxxsyyszz,1,185.378861,29.904360
dyf2,1,53.241598,8.936602
dxf2,1,50.362475,8.447942
csxy,1,48.033457,8.361424
dzf2,1,220.169769,37.071580
dyf3,1,53.629787,9.022480
csyz,1,57.140554,9.916307
dxf3,1,49.447306,8.325811
dzf3,1,218.504441,36.802479
csxz,1,54.950511,9.656080
dxf,2,49.452242,8.338036
dzb,2,220.369450,37.082991
dyb,2,53.867068,9.065705
cvx,2,70.537481,11.831070
dyf,2,53.376119,8.973375
dzb2,2,219.148938,36.927835
dxb,2,49.828789,8.375755
cvy,2,69.420612,11.662418
dzf,2,219.787222,37.012888
dxb2,2,49.497966,8.308622
dyb2,2,54.186977,9.094824
cvz,2,73.054090,12.480439
dzb3,2,219.082050,36.912846
dxb3,2,50.267342,8.436938
dyb3,2,54.257710,9.092647
csxxsyyszz,2,188.491712,30.355349
dyf2,2,53.397653,8.969956
dxf2,2,50.377709,8.460064
csxy,2,47.937045,8.370028
dzf2,2,220.070458,37.065639
dyf3,2,53.020022,8.932668
csyz,2,57.145989,9.969069
dxf3,2,49.382010,8.306586
dzf3,2,218.653069,36.851117
csxz,2,54.953716,9.642046
dxf,3,49.436401,8.328579
dzb,3,220.638036,37.155270
dyb,3,53.763331,9.072562
cvx,3,70.543921,11.845867
dyf,3,53.091890,8.924746
dzb2,3,218.923877,36.937806
dxb,3,49.721478,8.373072
cvy,3,69.463125,11.671761
dzf,3,219.929262,37.073505
dxb2,3,49.444152,8.301891
dyb2,3,54.309971,9.129894
cvz,3,73.066420,12.489852
dzb3,3,219.130951,36.940668
dxb3,3,50.239281,8.428122
dyb3,3,54.254042,9.090095
csxxsyyszz,3,188.494455,30.333221
dyf2,3,53.393608,8.961146
dxf2,3,50.401277,8.465112
csxy,3,48.021243,8.367581
dzf2,3,220.055088,37.043969
dyf3,3,52.852834,8.897750
csyz,3,57.460197,9.986144
dxf3,3,49.349560,8.303789
dzf3,3,218.691495,36.846907
csxz,3,54.945323,9.640206
dxf,4,49.387013,8.326916
dzb,4,220.538047,37.119309
dyb,4,53.905712,9.072944
cvx,4,70.506615,11.833605
dyf,4,53.177681,8.945332
dzb2,4,219.118224,36.954139
dxb,4,49.934962,8.405229
cvy,4,69.406396,11.661130
dzf,4,219.772126,37.019669
dxb2,4,49.437161,8.307866
dyb2,4,54.372676,9.127327
cvz,4,72.986600,12.488845
dzb3,4,219.122764,36.907932
dxb3,4,50.137552,8.412502
dyb3,4,54.176950,9.078388
csxxsyyszz,4,188.615704,30.341193
dyf2,4,53.198804,8.929661
dxf2,4,50.369316,8.457686
csxy,4,47.910313,8.380149
dzf2,4,220.142411,37.050116
dyf3,4,53.075465,8.936581
csyz,4,57.161613,9.943698
dxf3,4,49.292549,8.289484
dzf3,4,218.612811,36.841847
csxz,4,54.995754,9.649031
#========================= OptEWE [OpenMP] =========================
#Source type                                  :  Force monopole
#Grid Size                                    :  512 x 512 x 512
#Iterations                                   :  5
#Compute time                                 :  12.661681
#Total effective MLUPS                        :  53.001543
#===================================================================
#Number of threads                            :  7
