dxf,0,49.013438,8.062951
dzb,0,193.979352,32.668111
dyb,0,50.505852,8.351434
cvx,0,60.602739,10.176250
dyf,0,50.203580,8.317985
dzb2,0,194.111624,32.689734
dxb,0,48.728943,8.031626
cvy,0,240.914840,35.226701
dzf,0,193.273751,32.512856
dxb2,0,48.671876,8.033780
dyb2,0,50.763222,8.454395
cvz,0,66.857436,11.496898
dzb3,0,193.662272,32.589263
dxb3,0,48.824995,8.112761
dyb3,0,50.832855,8.438987
csxxsyyszz,0,157.908845,25.386453
dyf2,0,50.209555,8.306422
dxf2,0,49.278174,8.139715
csxy,0,47.238235,8.170768
dzf2,0,193.439765,32.577116
dyf3,0,50.041790,8.305614
csyz,0,56.376194,9.715781
dxf3,0,48.448310,8.020254
dzf3,0,193.570761,32.598060
csxz,0,56.291976,9.747247
dxf,1,48.571012,8.049188
dzb,1,194.159586,32.679484
dyb,1,50.484049,8.397220
cvx,1,60.525170,10.199833
dyf,1,49.963514,8.292963
dzb2,1,194.157990,32.765027
dxb,1,48.717803,8.038559
cvy,1,60.414104,10.167840
dzf,1,193.219674,32.593929
dxb2,1,48.708136,8.061805
dyb2,1,50.759474,8.394592
cvz,1,66.878690,11.477317
dzb3,1,193.717786,32.684908
dxb3,1,48.748860,8.055261
dyb3,1,50.704932,8.432376
csxxsyyszz,1,157.840243,25.413892
dyf2,1,50.138969,8.361034
dxf2,1,49.309986,8.150288
csxy,1,47.259227,8.111226
dzf2,1,193.375115,32.634529
dyf3,1,50.033742,8.301512
csyz,1,56.349865,9.693269
dxf3,1,48.432014,8.025184
dzf3,1,193.519421,32.670791
csxz,1,56.227173,9.676527
dxf,2,48.552236,8.046076
dzb,2,194.122612,32.779484
dyb,2,50.468380,8.338201
cvx,2,60.585500,10.188746
dyf,2,50.246733,8.326946
dzb2,2,194.106971,32.762111
dxb,2,48.697628,8.049961
cvy,2,61.885718,10.385381
dzf,2,193.191990,32.628640
dxb2,2,48.680634,8.035347
dyb2,2,50.738276,8.396819
cvz,2,66.974923,11.493463
dzb3,2,193.545340,32.667971
dxb3,2,48.768479,8.049969
dyb3,2,50.764856,8.399875
csxxsyyszz,2,158.266491,25.515031
dyf2,2,50.336676,8.331446
dxf2,2,49.259772,8.132209
csxy,2,47.169401,8.101104
dzf2,2,193.979291,33.289332
dyf3,2,50.006619,8.623497
csyz,2,56.344315,10.028438
dxf3,2,48.504290,8.312786
dzf3,2,193.264748,33.672541
csxz,2,56.150600,9.986578
dxf,3,48.553015,8.321987
dzb,3,193.804359,33.751649
dyb,3,50.387903,8.629292
cvx,3,60.428751,10.508511
dyf,3,49.998274,8.586223
dzb2,3,193.917259,33.287885
dxb,3,48.586848,8.015129
cvy,3,60.489393,10.179535
dzf,3,193.152328,32.514346
dxb2,3,48.651638,8.038588
dyb2,3,50.849204,8.406498
cvz,3,67.041661,11.520720
dzb3,3,193.761310,32.694488
dxb3,3,48.786618,8.100042
dyb3,3,50.754774,8.459088
csxxsyyszz,3,157.853754,25.453048
dyf2,3,50.148691,8.325165
dxf2,3,49.254143,8.209024
csxy,3,47.215170,8.147026
dzf2,3,193.441709,32.611791
dyf3,3,50.082594,8.301069
csyz,3,56.326204,9.729502
dxf3,3,48.466415,8.025190
dzf3,3,193.615896,32.634703
csxz,3,56.246081,9.739906
dxf,4,48.541999,8.045715
dzb,4,194.116772,32.722541
dyb,4,50.405511,8.375312
cvx,4,60.561541,10.199857
dyf,4,50.073592,8.306679
dzb2,4,194.295772,32.789517
dxb,4,48.643884,8.054576
cvy,4,60.441149,10.175072
dzf,4,193.323260,32.632470
dxb2,4,48.755484,8.114131
dyb2,4,50.753622,8.414243
cvz,4,66.903830,11.504630
dzb3,4,193.745348,32.792020
dxb3,4,48.839293,8.089252
dyb3,4,50.734877,8.414184
csxxsyyszz,4,157.890993,25.495547
dyf2,4,50.203840,8.378852
dxf2,4,49.274824,8.160297
csxy,4,47.215433,8.137315
dzf2,4,193.503633,32.758428
dyf3,4,50.012257,8.308887
csyz,4,56.282940,9.708564
dxf3,4,48.428888,8.042827
dzf3,4,193.515967,32.769447
csxz,4,56.218809,9.747977
#========================= OptEWE [OpenMP] =========================
#Source type                                  :  Force monopole
#Grid Size                                    :  512 x 512 x 512
#Iterations                                   :  5
#Compute time                                 :  11.495505
#Total effective MLUPS                        :  58.378350
#===================================================================
#Number of threads                            :  11
