dxf,0,37.007588,6.304575
dzb,0,151.067259,26.072801
dyb,0,34.129012,5.955394
cvx,0,43.844317,7.751066
dyf,0,34.330385,6.002453
dzb2,0,150.896106,26.098821
dxb,0,33.719696,5.849042
cvy,0,436.524407,62.530500
dzf,0,150.538919,26.013273
dxb2,0,33.755928,5.865213
dyb2,0,34.438760,6.039339
cvz,0,51.751635,9.132455
dzb3,0,150.509699,26.038053
dxb3,0,33.762761,5.857959
dyb3,0,34.442800,6.033709
csxxsyyszz,0,99.456841,17.026444
dyf2,0,34.455918,6.034092
dxf2,0,34.096539,5.943453
csxy,0,35.255938,6.269006
dzf2,0,150.295502,26.018178
dyf3,0,34.097929,5.964178
csyz,0,42.948437,7.611390
dxf3,0,33.801079,5.883078
dzf3,0,150.751309,26.109357
csxz,0,42.846864,7.578782
dxf,1,33.779185,5.884575
dzb,1,153.365685,26.493921
dyb,1,34.115243,5.972063
cvx,1,43.825202,7.762539
dyf,1,34.278116,6.030211
dzb2,1,150.959424,26.152230
dxb,1,33.690863,5.889042
cvy,1,44.037896,7.779988
dzf,1,150.259689,26.043117
dxb2,1,33.745109,5.889606
dyb2,1,34.440128,6.057636
cvz,1,51.648704,9.123183
dzb3,1,150.789842,26.120247
dxb3,1,33.814511,5.904255
dyb3,1,34.398915,6.031873
csxxsyyszz,1,99.298088,17.012908
dyf2,1,34.419373,6.043468
dxf2,1,34.043840,5.941005
csxy,1,35.258456,6.267905
dzf2,1,150.264327,26.053189
dyf3,1,34.184682,6.014842
csyz,1,42.921227,7.603641
dxf3,1,33.742089,5.890405
dzf3,1,150.666062,26.127303
csxz,1,42.833552,7.602590
dxf,2,33.863301,5.902131
dzb,2,153.067343,26.457443
dyb,2,34.073211,5.980677
cvx,2,44.073251,7.795576
dyf,2,34.283083,6.012753
dzb2,2,150.883386,26.155436
dxb,2,33.711448,5.898299
cvy,2,43.781832,7.746708
dzf,2,150.273079,26.050258
dxb2,2,33.757789,5.882174
dyb2,2,34.456883,6.052088
cvz,2,51.706760,9.141731
dzb3,2,150.979662,26.153004
dxb3,2,33.759911,5.885799
dyb3,2,34.450650,6.047883
csxxsyyszz,2,99.319541,17.028507
dyf2,2,34.340124,6.034561
dxf2,2,33.961680,5.932741
csxy,2,35.267391,6.276285
dzf2,2,150.433547,26.098240
dyf3,2,34.133699,6.015235
csyz,2,42.925704,7.609191
dxf3,2,33.799069,5.902162
dzf3,2,150.527820,26.118062
csxz,2,42.821073,7.591860
dxf,3,33.836918,5.907080
dzb,3,151.205304,26.204224
dyb,3,34.021587,5.976695
cvx,3,43.843652,7.770313
dyf,3,34.268410,6.024101
dzb2,3,150.945301,26.162445
dxb,3,33.706853,5.881605
cvy,3,43.738521,7.746456
dzf,3,150.475234,26.101141
dxb2,3,33.752332,5.889300
dyb2,3,34.401462,6.050357
cvz,3,51.721966,9.139661
dzb3,3,150.694259,26.124386
dxb3,3,33.734304,5.891937
dyb3,3,34.378881,6.043282
csxxsyyszz,3,98.810125,16.954952
dyf2,3,34.553255,6.075374
dxf2,3,34.029276,5.944016
csxy,3,35.218851,6.270145
dzf2,3,150.268716,26.074958
dyf3,3,34.021337,6.002403
csyz,3,42.961483,7.620293
dxf3,3,33.710261,5.890868
dzf3,3,152.495566,26.409087
csxz,3,42.820498,7.597597
dxf,4,33.769228,5.900811
dzb,4,151.082879,26.193500
dyb,4,34.185484,6.020087
cvx,4,43.922025,7.783959
dyf,4,34.161738,6.012703
dzb2,4,151.002960,26.180631
dxb,4,33.819974,5.908108
cvy,4,43.750040,7.747038
dzf,4,150.294149,26.072326
dxb2,4,33.700775,5.888488
dyb2,4,34.409255,6.057104
cvz,4,51.740422,9.144143
dzb3,4,150.962969,26.169231
dxb3,4,33.728400,5.894760
dyb3,4,34.527160,6.058078
csxxsyyszz,4,99.267148,17.028124
dyf2,4,34.446410,6.049292
dxf2,4,34.042924,5.959285
csxy,4,35.241504,6.279179
dzf2,4,150.133623,26.053492
dyf3,4,34.123144,6.009346
csyz,4,42.937782,7.614381
dxf3,4,33.972587,5.927003
dzf3,4,150.511071,26.110204
csxz,4,42.806422,7.647210
#========================= OptEWE [OpenMP] =========================
#Source type                                  :  Force monopole
#Grid Size                                    :  512 x 512 x 512
#Iterations                                   :  5
#Compute time                                 :  8.765001
#Total effective MLUPS                        :  76.564579
#===================================================================
#Number of threads                            :  24
