dxf,0,34.673994,6.208090
dzb,0,139.830655,25.460459
dyb,0,32.978526,6.011427
cvx,0,41.713747,7.711344
dyf,0,32.941897,6.033332
dzb2,0,140.192053,25.556665
dxb,0,32.496386,5.876350
cvy,0,335.965832,50.642611
dzf,0,139.222826,25.414089
dxb2,0,32.457095,5.896810
dyb2,0,33.217407,6.079853
cvz,0,48.734721,9.037123
dzb3,0,139.589020,25.459156
dxb3,0,32.453552,5.895569
dyb3,0,33.273289,6.082238
csxxsyyszz,0,90.893208,16.397332
dyf2,0,33.112725,6.073228
dxf2,0,32.729495,5.961340
csxy,0,33.942282,6.319447
dzf2,0,139.135115,25.405479
dyf3,0,32.814957,5.999587
csyz,0,40.909689,7.590573
dxf3,0,32.575291,5.917685
dzf3,0,139.219007,25.458935
csxz,0,40.764209,7.573771
dxf,1,32.483016,5.912148
dzb,1,139.866479,25.537039
dyb,1,32.929768,6.024937
cvx,1,41.700994,7.727049
dyf,1,33.008096,6.053213
dzb2,1,139.892388,25.547475
dxb,1,33.127246,6.024190
cvy,1,42.843471,7.888432
dzf,1,139.441682,25.485810
dxb2,1,32.438815,5.894920
dyb2,1,33.265010,6.115059
cvz,1,48.801911,9.054950
dzb3,1,139.660857,25.510887
dxb3,1,32.459853,5.886332
dyb3,1,33.209582,6.081860
csxxsyyszz,1,90.557019,16.358953
dyf2,1,32.989113,6.063690
dxf2,1,32.732227,5.972669
csxy,1,33.897408,6.317629
dzf2,1,139.266454,25.462796
dyf3,1,32.776517,6.008225
csyz,1,40.886410,7.597206
dxf3,1,32.507578,5.915901
dzf3,1,139.293418,25.505760
csxz,1,40.833585,7.592738
dxf,2,32.566643,5.931080
dzb,2,139.798336,25.546658
dyb,2,32.910136,6.030056
cvx,2,41.739619,7.743670
dyf,2,32.944873,6.054589
dzb2,2,139.854613,25.566985
dxb,2,32.454313,5.930548
cvy,2,41.562843,7.706403
dzf,2,139.297648,25.479861
dxb2,2,32.475598,5.910200
dyb2,2,33.183463,6.083714
cvz,2,48.697128,9.044396
dzb3,2,139.579410,25.501083
dxb3,2,32.445001,5.908926
dyb3,2,33.250789,6.088813
csxxsyyszz,2,91.112782,16.457246
dyf2,2,33.097733,6.076389
dxf2,2,32.714987,5.964471
csxy,2,33.898183,6.327217
dzf2,2,139.157423,25.446069
dyf3,2,32.692630,6.027703
csyz,2,40.924889,7.605330
dxf3,2,32.521517,5.919633
dzf3,2,140.165084,25.814928
csxz,2,40.753625,7.645914
dxf,3,32.516277,5.975224
dzb,3,139.786784,25.627700
dyb,3,32.783365,6.012011
cvx,3,41.682005,7.735162
dyf,3,32.884887,6.028090
dzb2,3,140.015505,25.573412
dxb,3,32.466071,5.900589
cvy,3,41.485396,7.694817
dzf,3,139.198314,25.440095
dxb2,3,32.422541,5.915087
dyb2,3,33.147800,6.102510
cvz,3,48.771869,9.051815
dzb3,3,139.526930,25.500154
dxb3,3,32.489849,5.897982
dyb3,3,33.225003,6.088838
csxxsyyszz,3,90.518942,16.359576
dyf2,3,32.998703,6.063026
dxf2,3,32.718760,5.967926
csxy,3,33.905967,6.321767
dzf2,3,139.056542,25.439703
dyf3,3,32.668613,5.998053
csyz,3,40.864812,7.602193
dxf3,3,32.450397,5.914801
dzf3,3,139.586626,25.534205
csxz,3,40.754483,7.584215
dxf,4,32.525373,5.927032
dzb,4,139.869565,25.566990
dyb,4,32.963036,6.038174
cvx,4,41.638055,7.728822
dyf,4,32.997918,6.061305
dzb2,4,139.874620,25.579322
dxb,4,32.461871,5.932645
cvy,4,41.565986,7.707832
dzf,4,139.013409,25.444383
dxb2,4,32.444301,5.914166
dyb2,4,33.244619,6.106443
cvz,4,48.757696,9.047965
dzb3,4,139.711774,25.545826
dxb3,4,32.460236,5.915162
dyb3,4,33.225523,6.091781
csxxsyyszz,4,90.871128,16.435821
dyf2,4,33.133389,6.069208
dxf2,4,32.738026,5.977217
csxy,4,33.908530,6.325878
dzf2,4,139.243122,25.483589
dyf3,4,32.777806,6.019547
csyz,4,40.886823,7.603002
dxf3,4,32.480331,5.916316
dzf3,4,139.454800,25.547797
csxz,4,40.786280,7.636185
#========================= OptEWE [OpenMP] =========================
#Source type                                  :  Force monopole
#Grid Size                                    :  512 x 512 x 512
#Iterations                                   :  5
#Compute time                                 :  8.144037
#Total effective MLUPS                        :  82.402452
#===================================================================
#Number of threads                            :  21
