dxf,0,65.168309,10.262549
dzb,0,353.490325,54.230269
dyb,0,77.455374,12.066125
cvx,0,117.957033,18.037018
dyf,0,76.882129,12.022196
dzb2,0,353.100725,54.308258
dxb,0,67.722542,10.654645
cvy,0,324.706466,46.279012
dzf,0,354.656714,54.572800
dxb2,0,66.665996,10.510066
dyb2,0,77.706260,12.109020
cvz,0,119.170538,18.364696
dzb3,0,354.054652,54.420735
dxb3,0,67.643927,10.672790
dyb3,0,77.848811,12.120764
csxxsyyszz,0,326.322060,48.294296
dyf2,0,76.731023,11.942987
dxf2,0,67.400820,10.631502
csxy,0,58.183659,9.517028
dzf2,0,353.341508,54.267656
dyf3,0,76.745799,11.944918
csyz,0,65.319214,10.635089
dxf3,0,67.337215,10.620494
dzf3,0,353.843282,54.337992
csxz,0,63.612727,10.409366
dxf,1,64.936559,10.281868
dzb,1,352.949951,54.275152
dyb,1,77.479758,12.068453
cvx,1,118.112328,18.050885
dyf,1,76.554688,11.956762
dzb2,1,353.301786,54.288052
dxb,1,67.864635,10.662124
cvy,1,115.596025,17.709039
dzf,1,352.977904,54.374799
dxb2,1,66.875590,10.552697
dyb2,1,77.677944,12.145167
cvz,1,118.760416,18.344649
dzb3,1,353.370139,54.281882
dxb3,1,67.694024,10.642923
dyb3,1,77.421648,12.069079
csxxsyyszz,1,324.109292,47.982714
dyf2,1,76.814594,12.010405
dxf2,1,67.459901,10.636300
csxy,1,58.109027,9.541623
dzf2,1,353.037701,54.422625
dyf3,1,76.621020,11.985664
csyz,1,65.307937,10.685767
dxf3,1,67.164950,10.613400
dzf3,1,353.290229,54.403833
csxz,1,63.623293,10.406323
dxf,2,65.276462,10.336820
dzb,2,353.498465,54.324622
dyb,2,77.504567,12.065204
cvx,2,118.084501,18.036423
dyf,2,76.576650,11.957370
dzb2,2,353.749373,54.392826
dxb,2,67.869417,10.687835
cvy,2,115.696363,17.759391
dzf,2,353.029191,54.393841
dxb2,2,66.644682,10.520059
dyb2,2,77.691692,12.154324
cvz,2,118.722123,18.379421
dzb3,2,353.245235,54.283592
dxb3,2,67.462089,10.612935
dyb3,2,77.674686,12.116145
csxxsyyszz,2,325.593418,48.204752
dyf2,2,76.947280,11.998843
dxf2,2,67.375470,10.610660
csxy,2,58.077370,9.524204
dzf2,2,353.031702,54.389007
dyf3,2,76.423946,11.964879
csyz,2,65.334388,10.705210
dxf3,2,66.814387,10.553971
dzf3,2,353.416436,54.422396
csxz,2,65.201250,10.666608
dxf,3,65.009793,10.294106
dzb,3,353.488006,54.328616
dyb,3,77.568336,12.089246
cvx,3,118.056459,18.054890
dyf,3,76.750096,11.991341
dzb2,3,354.624612,54.485680
dxb,3,67.742342,10.657024
cvy,3,115.734447,17.763506
dzf,3,353.033909,54.386613
dxb2,3,66.662813,10.519490
dyb2,3,77.402261,12.107452
cvz,3,119.017149,18.422330
dzb3,3,353.317826,54.356826
dxb3,3,67.413416,10.605644
dyb3,3,77.479409,12.072444
csxxsyyszz,3,325.558091,48.158453
dyf2,3,76.025391,11.850336
dxf2,3,67.487745,10.621373
csxy,3,58.143121,9.513789
dzf2,3,352.778621,54.286425
dyf3,3,76.608758,11.984851
csyz,3,65.228824,10.675135
dxf3,3,67.031867,10.598321
dzf3,3,353.121525,54.366166
csxz,3,63.623580,10.404657
dxf,4,65.047421,10.301157
dzb,4,353.227439,54.287076
dyb,4,77.478886,12.064639
cvx,4,118.100758,18.050593
dyf,4,76.550599,11.959313
dzb2,4,353.503805,54.321584
dxb,4,67.759446,10.646457
cvy,4,115.627654,17.745262
dzf,4,353.064644,54.372327
dxb2,4,66.550371,10.492326
dyb2,4,77.392541,12.106912
cvz,4,118.905543,18.404596
dzb3,4,353.650034,54.462353
dxb3,4,67.488304,10.607890
dyb3,4,77.512541,12.078342
csxxsyyszz,4,324.120212,47.958108
dyf2,4,76.565559,11.936865
dxf2,4,67.392319,10.601349
csxy,4,58.162000,9.520998
dzf2,4,352.488499,54.192492
dyf3,4,76.773382,12.004453
csyz,4,65.332917,10.689854
dxf3,4,67.101805,10.593819
dzf3,4,353.241776,54.403088
csxz,4,63.581562,10.427248
#========================= OptEWE [OpenMP] =========================
#Source type                                  :  Force monopole
#Grid Size                                    :  512 x 512 x 512
#Iterations                                   :  5
#Compute time                                 :  19.457106
#Total effective MLUPS                        :  34.490671
#===================================================================
#Number of threads                            :  4
