dxf,0,25.962705,6.433702
dzb,0,93.421784,24.569068
dyb,0,24.878194,6.268826
cvx,0,29.720077,7.842026
dyf,0,24.976806,6.330059
dzb2,0,93.380293,24.617379
dxb,0,24.572044,6.157187
cvy,0,225.901334,47.076046
dzf,0,93.019554,24.524238
dxb2,0,24.554491,6.179940
dyb2,0,25.170008,6.368361
cvz,0,34.440003,9.125524
dzb3,0,93.074381,24.563798
dxb3,0,24.648349,6.202378
dyb3,0,25.192968,6.364723
csxxsyyszz,0,63.222913,15.984454
dyf2,0,25.161091,6.357485
dxf2,0,24.870588,6.259138
csxy,0,24.337476,6.428019
dzf2,0,92.988544,24.590770
dyf3,0,24.887834,6.317561
csyz,0,29.066648,7.687542
dxf3,0,24.670677,6.216299
dzf3,0,93.165619,24.654319
csxz,0,28.830860,7.678018
dxf,1,24.681182,6.237219
dzb,1,93.365580,24.726890
dyb,1,24.825521,6.297447
cvx,1,29.727844,7.872844
dyf,1,24.988250,6.347856
dzb2,1,93.282132,24.658885
dxb,1,24.595890,6.209398
cvy,1,29.610325,7.833363
dzf,1,92.964041,24.605801
dxb2,1,24.586289,6.201182
dyb2,1,25.191709,6.408374
cvz,1,34.357607,9.136260
dzb3,1,93.224974,24.648560
dxb3,1,24.636299,6.205505
dyb3,1,25.157672,6.379916
csxxsyyszz,1,63.050838,15.980113
dyf2,1,25.087173,6.353443
dxf2,1,24.872344,6.275125
csxy,1,24.325167,6.437164
dzf2,1,92.954795,24.621277
dyf3,1,24.859946,6.317056
csyz,1,29.082678,7.702453
dxf3,1,24.717675,6.237291
dzf3,1,93.197211,24.678989
csxz,1,28.838958,7.669480
dxf,2,24.707871,6.236480
dzb,2,93.376704,24.714724
dyb,2,24.884539,6.304402
cvx,2,29.719905,7.878531
dyf,2,25.000480,6.348733
dzb2,2,93.387630,24.706065
dxb,2,24.609679,6.199628
cvy,2,29.603834,7.836302
dzf,2,93.194483,24.654109
dxb2,2,24.579749,6.202841
dyb2,2,25.141272,6.378084
cvz,2,34.480633,9.167418
dzb3,2,93.137554,24.643216
dxb3,2,24.600824,6.206149
dyb3,2,25.137459,6.390268
csxxsyyszz,2,63.146332,16.019738
dyf2,2,25.120024,6.371996
dxf2,2,24.895502,6.282523
csxy,2,24.312556,6.440840
dzf2,2,92.970876,24.643834
dyf3,2,24.855256,6.325423
csyz,2,29.081605,7.707094
dxf3,2,24.656185,6.228057
dzf3,2,93.195968,24.707967
csxz,2,28.840208,7.679306
dxf,3,24.686952,6.239271
dzb,3,93.352907,24.722920
dyb,3,24.863946,6.312693
cvx,3,29.665391,7.877238
dyf,3,25.048212,6.356447
dzb2,3,93.269707,24.706408
dxb,3,24.596249,6.224033
cvy,3,29.809267,7.895729
dzf,3,92.978812,24.642228
dxb2,3,24.585994,6.204063
dyb2,3,25.162936,6.406180
cvz,3,34.452603,9.167981
dzb3,3,93.208823,24.671516
dxb3,3,24.589324,6.215424
dyb3,3,25.154249,6.387898
csxxsyyszz,3,63.231748,16.040556
dyf2,3,25.133281,6.387344
dxf2,3,24.855312,6.289589
csxy,3,24.315767,6.449640
dzf2,3,93.020971,24.645906
dyf3,3,24.863738,6.339416
csyz,3,29.043162,7.706041
dxf3,3,24.666407,6.235027
dzf3,3,93.208003,24.728941
csxz,3,28.846579,7.683647
dxf,4,24.648084,6.232292
dzb,4,93.336324,24.724423
dyb,4,24.813925,6.317052
cvx,4,29.716116,7.892504
dyf,4,25.000424,6.351496
dzb2,4,93.501743,24.766027
dxb,4,24.608404,6.233734
cvy,4,29.602675,7.848767
dzf,4,92.990878,24.664469
dxb2,4,24.599593,6.215891
dyb2,4,25.160759,6.387455
cvz,4,34.440274,9.174386
dzb3,4,93.188806,24.683384
dxb3,4,24.625250,6.215152
dyb3,4,25.184059,6.399666
csxxsyyszz,4,63.248268,16.050707
dyf2,4,25.117359,6.363297
dxf2,4,24.866418,6.280325
csxy,4,24.335956,6.449847
dzf2,4,92.986267,24.672768
dyf3,4,24.862530,6.381900
csyz,4,29.063135,7.714621
dxf3,4,24.712461,6.252134
dzf3,4,93.205563,24.759567
csxz,4,28.864585,7.794240
#========================= OptEWE [OpenMP] =========================
#Source type                                  :  Force monopole
#Grid Size                                    :  512 x 512 x 512
#Iterations                                   :  5
#Compute time                                 :  5.680613
#Total effective MLUPS                        :  118.136658
#===================================================================
#Number of threads                            :  23
