dxf,0,41.058524,9.042543
dzb,0,153.549926,35.210235
dyb,0,40.991245,9.150197
cvx,0,48.040505,11.165334
dyf,0,41.216910,9.270689
dzb2,0,153.556603,35.276285
dxb,0,40.596414,9.015062
cvy,0,179.886560,36.270620
dzf,0,153.319510,35.197955
dxb2,0,40.555918,9.013432
dyb2,0,41.392929,9.281281
cvz,0,55.857427,12.990526
dzb3,0,153.171734,35.220357
dxb3,0,40.570061,9.023095
dyb3,0,41.395064,9.283445
csxxsyyszz,0,92.813219,21.303842
dyf2,0,41.283143,9.249584
dxf2,0,40.850935,9.107935
csxy,0,39.807344,9.244770
dzf2,0,153.196361,35.253570
dyf3,0,41.017370,9.202914
csyz,0,47.480208,11.000510
dxf3,0,40.672728,9.077039
dzf3,0,153.497237,35.345090
csxz,0,47.249411,10.942337
dxf,1,40.642219,9.075915
dzb,1,153.516226,35.348348
dyb,1,41.077602,9.193143
cvx,1,48.024169,11.206800
dyf,1,41.193064,9.264847
dzb2,1,153.457510,35.354258
dxb,1,40.580140,9.041279
cvy,1,47.880597,11.169004
dzf,1,153.196368,35.295577
dxb2,1,40.528862,9.028407
dyb2,1,41.354680,9.284366
cvz,1,55.782694,12.983177
dzb3,1,153.525725,35.386936
dxb3,1,40.545376,9.032930
dyb3,1,41.391566,9.293369
csxxsyyszz,1,92.477137,21.245761
dyf2,1,41.240375,9.246715
dxf2,1,40.871114,9.141384
csxy,1,39.769062,9.251157
dzf2,1,153.186253,35.306095
dyf3,1,40.940558,9.216012
csyz,1,47.461428,11.003302
dxf3,1,40.627375,9.072721
dzf3,1,153.408235,35.351195
csxz,1,47.274519,10.970341
dxf,2,40.658879,9.084718
dzb,2,153.521380,35.385191
dyb,2,41.114451,9.235333
cvx,2,47.951424,11.211092
dyf,2,41.087008,9.247324
dzb2,2,153.364087,35.358337
dxb,2,40.601612,9.082073
cvy,2,47.919263,11.185847
dzf,2,153.122297,35.298763
dxb2,2,40.570707,9.050769
dyb2,2,41.467015,9.319229
cvz,2,55.788501,12.989422
dzb3,2,153.344127,35.338277
dxb3,2,40.614715,9.071103
dyb3,2,41.449850,9.321035
csxxsyyszz,2,92.999859,21.356081
dyf2,2,41.239222,9.281942
dxf2,2,40.876906,9.144383
csxy,2,39.749274,9.251643
dzf2,2,153.204214,35.315053
dyf3,2,41.040364,9.268441
csyz,2,47.455544,11.002422
dxf3,2,40.672597,9.095530
dzf3,2,153.373475,35.377817
csxz,2,47.278469,10.976203
dxf,3,40.643898,9.086209
dzb,3,153.401241,35.369377
dyb,3,41.017910,9.235945
cvx,3,48.022584,11.205830
dyf,3,41.083316,9.249837
dzb2,3,153.605675,35.401028
dxb,3,40.617151,9.062943
cvy,3,47.856362,11.168722
dzf,3,153.227201,35.324182
dxb2,3,40.572096,9.057358
dyb2,3,42.334377,9.506112
cvz,3,55.776894,12.988799
dzb3,3,153.296652,35.346004
dxb3,3,40.551635,9.058342
dyb3,3,41.476212,9.334077
csxxsyyszz,3,92.796813,21.318340
dyf2,3,41.325124,9.300675
dxf2,3,40.899619,9.143621
csxy,3,39.772262,9.268149
dzf2,3,153.267453,35.345204
dyf3,3,40.997060,9.241786
csyz,3,47.500028,11.019400
dxf3,3,40.713406,9.096174
dzf3,3,153.562542,35.408054
csxz,3,47.244639,10.980883
dxf,4,40.651244,9.093054
dzb,4,153.465558,35.393117
dyb,4,41.130954,9.237247
cvx,4,48.071917,11.222869
dyf,4,41.140988,9.269040
dzb2,4,153.443328,35.380194
dxb,4,40.568941,9.061725
cvy,4,47.994968,11.199846
dzf,4,153.162754,35.313031
dxb2,4,41.681158,9.276360
dyb2,4,41.431391,9.320858
cvz,4,55.823667,13.004710
dzb3,4,153.154870,35.318377
dxb3,4,40.573887,9.062950
dyb3,4,41.338215,9.303141
csxxsyyszz,4,92.515180,21.262251
dyf2,4,41.238029,9.270285
dxf2,4,40.915436,9.156290
csxy,4,39.765142,9.251821
dzf2,4,153.111018,35.312586
dyf3,4,40.974153,9.250403
csyz,4,47.540215,11.030906
dxf3,4,40.663865,9.086679
dzf3,4,153.439702,35.409304
csxz,4,47.290186,11.005505
#========================= OptEWE [OpenMP] =========================
#Source type                                  :  Force monopole
#Grid Size                                    :  512 x 512 x 512
#Iterations                                   :  5
#Compute time                                 :  9.086495
#Total effective MLUPS                        :  73.855608
#===================================================================
#Number of threads                            :  14
