dxf,0,66.516007,10.764955
dzb,0,363.610473,57.210744
dyb,0,79.822100,12.735936
cvx,0,123.328114,19.269894
dyf,0,78.623456,12.589089
dzb2,0,366.184638,57.761521
dxb,0,68.362392,11.075440
cvy,0,332.015111,49.002919
dzf,0,363.679323,57.507788
dxb2,0,70.441520,11.380708
dyb2,0,79.573814,12.771965
cvz,0,124.219753,19.707562
dzb3,0,364.687735,57.662635
dxb3,0,70.296133,11.361978
dyb3,0,79.742567,12.814187
csxxsyyszz,0,337.758121,51.249189
dyf2,0,78.679536,12.601019
dxf2,0,66.218789,10.741564
csxy,0,58.477950,9.819909
dzf2,0,363.635948,57.206658
dyf3,0,78.212907,12.537529
csyz,0,65.532670,10.963395
dxf3,0,70.988631,11.412655
dzf3,0,362.909944,57.118435
csxz,0,63.938837,10.741970
dxf,1,66.392183,10.757242
dzb,1,364.150361,57.303062
dyb,1,79.845155,12.737889
cvx,1,123.725293,19.287288
dyf,1,78.876185,12.591104
dzb2,1,365.256834,57.343704
dxb,1,68.273627,10.998393
cvy,1,121.244231,18.929132
dzf,1,363.665026,57.096529
dxb2,1,70.348908,11.290999
dyb2,1,79.510519,12.672479
cvz,1,124.285157,19.559993
dzb3,1,364.892376,57.284737
dxb3,1,70.305212,11.280935
dyb3,1,79.897260,12.729433
csxxsyyszz,1,336.916348,51.114844
dyf2,1,78.744838,12.600527
dxf2,1,66.276517,10.740938
csxy,1,58.514013,9.833889
dzf2,1,364.843125,57.394632
dyf3,1,78.227529,12.523127
csyz,1,65.588878,10.968638
dxf3,1,70.958634,11.402165
dzf3,1,364.223718,57.320328
csxz,1,64.046855,10.742404
dxf,2,66.344693,10.750401
dzb,2,363.851961,57.245625
dyb,2,79.555057,12.710639
cvx,2,123.679292,19.277272
dyf,2,78.670514,12.556428
dzb2,2,365.214763,57.318938
dxb,2,68.254175,10.991725
cvy,2,121.223937,18.926826
dzf,2,363.726464,57.107420
dxb2,2,70.414935,11.307465
dyb2,2,79.678462,12.691008
cvz,2,124.240545,19.548534
dzb3,2,364.721508,57.251186
dxb3,2,70.257099,11.277118
dyb3,2,79.756725,12.705197
csxxsyyszz,2,337.788314,51.236208
dyf2,2,78.732457,12.609372
dxf2,2,66.203633,10.743730
csxy,2,58.465835,9.837851
dzf2,2,363.439131,57.203451
dyf3,2,78.322493,12.546651
csyz,2,65.556455,10.962971
dxf3,2,70.909797,11.398750
dzf3,2,363.126035,57.147456
csxz,2,64.052818,10.760145
dxf,3,66.555368,10.776097
dzb,3,363.961673,57.285322
dyb,3,79.641382,12.741269
cvx,3,123.721080,19.294673
dyf,3,78.808080,12.582695
dzb2,3,365.234282,57.329217
dxb,3,68.304943,11.003072
cvy,3,121.235391,18.924795
dzf,3,363.690604,57.114992
dxb2,3,70.317774,11.286979
dyb2,3,79.661542,12.688805
cvz,3,124.305388,19.553804
dzb3,3,365.270278,58.648645
dxb3,3,70.397048,11.634701
dyb3,3,79.731608,13.029104
csxxsyyszz,3,338.104281,51.691917
dyf2,3,78.785449,12.606041
dxf2,3,66.490312,10.759941
csxy,3,58.552550,9.849880
dzf2,3,363.986915,57.311733
dyf3,3,78.410637,12.543741
csyz,3,65.531283,10.951549
dxf3,3,71.140562,11.417207
dzf3,3,363.552537,57.236614
csxz,3,63.984877,10.733217
dxf,4,66.381070,10.750316
dzb,4,364.792437,57.381176
dyb,4,79.646049,12.726529
cvx,4,123.654957,19.357565
dyf,4,77.903023,12.463004
dzb2,4,365.124384,57.447769
dxb,4,69.606147,11.217006
cvy,4,121.145019,18.978524
dzf,4,363.745038,57.233536
dxb2,4,70.361160,11.306159
dyb2,4,79.660132,12.742056
cvz,4,124.289976,19.579123
dzb3,4,366.231582,57.574365
dxb3,4,70.275627,11.298881
dyb3,4,79.820790,12.804215
csxxsyyszz,4,338.014231,51.306582
dyf2,4,77.792351,12.446653
dxf2,4,66.357740,10.744220
csxy,4,58.619879,9.832019
dzf2,4,364.491792,57.400111
dyf3,4,78.332430,12.541022
csyz,4,65.497287,10.946112
dxf3,4,70.938669,11.388366
dzf3,4,363.593360,57.235072
csxz,4,64.014067,10.812915
#========================= OptEWE [OpenMP] =========================
#Source type                                  :  Force monopole
#Grid Size                                    :  512 x 512 x 512
#Iterations                                   :  5
#Compute time                                 :  20.052763
#Total effective MLUPS                        :  33.466143
#===================================================================
#Number of threads                            :  4
