dxf,0,44.674339,8.652982
dzb,0,168.937887,33.722113
dyb,0,44.916288,8.782233
cvx,0,52.723059,10.690210
dyf,0,44.829376,8.790577
dzb2,0,169.082770,33.774035
dxb,0,44.225573,8.591058
cvy,0,195.142565,34.345462
dzf,0,168.811401,33.716725
dxb2,0,44.204633,8.595639
dyb2,0,45.176026,8.849214
cvz,0,61.360854,12.420581
dzb3,0,168.791408,33.752199
dxb3,0,44.243229,8.619014
dyb3,0,45.110189,8.842917
csxxsyyszz,0,105.016307,20.871990
dyf2,0,45.056206,8.828500
dxf2,0,44.417685,8.666156
csxy,0,43.365191,8.787835
dzf2,0,168.858115,33.808622
dyf3,0,44.772775,8.790428
csyz,0,51.804603,10.477847
dxf3,0,44.245389,8.643000
dzf3,0,168.925318,33.820214
csxz,0,51.696911,10.468258
dxf,1,44.232612,8.645071
dzb,1,168.897498,33.825076
dyb,1,44.804267,8.791011
cvx,1,52.808664,10.734705
dyf,1,44.876227,8.815252
dzb2,1,169.013274,33.832058
dxb,1,44.189176,8.623854
cvy,1,52.938950,10.752734
dzf,1,168.877434,33.802680
dxb2,1,44.191397,8.614080
dyb2,1,45.173163,8.860668
cvz,1,62.685423,12.668822
dzb3,1,169.732816,34.347196
dxb3,1,44.268246,8.859664
dyb3,1,45.160968,9.033394
csxxsyyszz,1,104.529362,21.150678
dyf2,1,44.870561,8.957285
dxf2,1,44.463316,8.833097
csxy,1,43.389086,8.937910
dzf2,1,168.967766,34.263804
dyf3,1,44.682091,8.799700
csyz,1,51.834663,10.499820
dxf3,1,44.272697,8.655673
dzf3,1,168.943277,33.867909
csxz,1,51.676833,10.465777
dxf,2,44.243671,8.652282
dzb,2,168.897832,33.865505
dyb,2,44.898368,8.802032
cvx,2,52.774316,10.733465
dyf,2,44.775522,8.810070
dzb2,2,169.076926,33.882867
dxb,2,44.134729,8.632537
cvy,2,52.542168,10.679074
dzf,2,168.863878,33.845908
dxb2,2,44.220314,8.630051
dyb2,2,45.164508,8.873745
cvz,2,61.369337,12.452617
dzb3,2,168.893942,33.845600
dxb3,2,44.226566,8.635958
dyb3,2,45.095039,8.858416
csxxsyyszz,2,105.090494,20.927863
dyf2,2,45.018404,8.836418
dxf2,2,44.484460,8.694173
csxy,2,43.384703,8.806130
dzf2,2,168.790547,33.843993
dyf3,2,46.107530,9.035515
csyz,2,51.801564,10.478821
dxf3,2,44.273699,8.654305
dzf3,2,169.031874,33.882364
csxz,2,51.705448,10.473524
dxf,3,44.232411,8.644311
dzb,3,169.047093,33.887268
dyb,3,44.765485,8.784010
cvx,3,52.765360,10.734941
dyf,3,44.849123,8.831377
dzb2,3,169.028195,33.880391
dxb,3,44.199880,8.647442
cvy,3,52.517785,10.677400
dzf,3,168.923974,33.869753
dxb2,3,44.220003,8.630110
dyb2,3,45.131088,8.867418
cvz,3,61.383413,12.456448
dzb3,3,168.826501,33.842885
dxb3,3,44.241159,8.640731
dyb3,3,45.151355,8.869839
csxxsyyszz,3,104.991113,20.923936
dyf2,3,45.081663,8.850034
dxf2,3,44.434749,8.686631
csxy,3,43.371867,8.803886
dzf2,3,168.856296,33.859784
dyf3,3,44.717012,8.807307
csyz,3,51.925864,10.520621
dxf3,3,44.270555,8.652367
dzf3,3,168.905955,33.861545
csxz,3,51.688592,10.482300
dxf,4,44.279691,8.659928
dzb,4,169.055948,33.891268
dyb,4,44.814220,8.805872
cvx,4,52.764614,10.736377
dyf,4,44.919054,8.833307
dzb2,4,168.936881,33.871844
dxb,4,44.174003,8.625214
cvy,4,52.503483,10.677652
dzf,4,168.884259,33.858188
dxb2,4,44.220488,8.633810
dyb2,4,45.131200,8.868641
cvz,4,61.381567,12.457900
dzb3,4,168.722995,33.828960
dxb3,4,44.259408,8.639965
dyb3,4,45.124628,8.869629
csxxsyyszz,4,105.120230,20.938451
dyf2,4,44.974151,8.839498
dxf2,4,44.488307,8.698673
csxy,4,43.350459,8.801468
dzf2,4,168.766225,33.839985
dyf3,4,44.576690,8.760894
csyz,4,51.933231,10.525420
dxf3,4,44.280036,8.654822
dzf3,4,168.903197,33.870679
csxz,4,51.678222,10.490679
#========================= OptEWE [OpenMP] =========================
#Source type                                  :  Force monopole
#Grid Size                                    :  512 x 512 x 512
#Iterations                                   :  5
#Compute time                                 :  9.983925
#Total effective MLUPS                        :  67.216916
#===================================================================
#Number of threads                            :  13
