dxf,0,36.987809,6.689683
dzb,0,149.948889,27.666190
dyb,0,33.956097,6.301039
cvx,0,43.286637,8.173238
dyf,0,34.132619,6.355304
dzb2,0,149.956520,27.688204
dxb,0,33.674029,6.206604
cvy,0,412.701392,63.866286
dzf,0,149.185518,27.546463
dxb2,0,33.686334,6.220181
dyb2,0,34.243975,6.380080
cvz,0,51.037234,9.608963
dzb3,0,149.498907,27.624873
dxb3,0,33.651018,6.223635
dyb3,0,34.278768,6.395251
csxxsyyszz,0,78.502506,14.965030
dyf2,0,34.273938,6.370192
dxf2,0,33.981767,6.293909
csxy,0,35.212507,6.664918
dzf2,0,149.128280,27.588731
dyf3,0,34.028969,6.344867
csyz,0,42.816474,8.067864
dxf3,0,33.719505,6.245454
dzf3,0,149.512754,27.681147
csxz,0,42.737752,8.050724
dxf,1,33.767972,6.252381
dzb,1,150.017796,27.742682
dyb,1,33.903873,6.328884
cvx,1,43.262587,8.189607
dyf,1,34.144104,6.367757
dzb2,1,149.854344,27.715486
dxb,1,33.711995,6.243702
cvy,1,43.139520,8.152051
dzf,1,149.118195,27.588840
dxb2,1,33.676331,6.233729
dyb2,1,34.253185,6.387267
cvz,1,51.070498,9.622814
dzb3,1,149.826049,27.713353
dxb3,1,33.673799,6.236989
dyb3,1,34.285159,6.390373
csxxsyyszz,1,78.553469,14.986774
dyf2,1,34.253069,6.373568
dxf2,1,33.943328,6.291517
csxy,1,35.190412,6.662757
dzf2,1,149.301843,27.635795
dyf3,1,33.938128,6.339157
csyz,1,42.806234,8.071407
dxf3,1,33.736440,6.252688
dzf3,1,149.383970,27.669299
csxz,1,42.735440,8.064493
dxf,2,33.738768,6.250107
dzb,2,149.729194,27.727169
dyb,2,34.107208,6.357441
cvx,2,43.292303,8.196195
dyf,2,34.128436,6.364479
dzb2,2,149.756880,27.736883
dxb,2,33.746568,6.247092
cvy,2,43.200348,8.168826
dzf,2,149.124036,27.606093
dxb2,2,33.659055,6.228127
dyb2,2,34.227174,6.390736
cvz,2,51.025883,9.622109
dzb3,2,149.658188,27.684906
dxb3,2,33.696558,6.238436
dyb3,2,34.249101,6.399468
csxxsyyszz,2,78.408914,14.976102
dyf2,2,34.147490,6.362223
dxf2,2,34.004538,6.307605
csxy,2,35.225034,6.674192
dzf2,2,149.314205,27.658107
dyf3,2,33.954782,6.347119
csyz,2,42.857008,8.085607
dxf3,2,35.834821,6.590459
dzf3,2,175.799207,31.785514
csxz,2,43.381650,8.149845
dxf,3,34.206881,6.328629
dzb,3,153.342756,28.301136
dyb,3,34.841469,6.463213
cvx,3,44.697060,8.415922
dyf,3,35.074971,6.518257
dzb2,3,153.088968,28.247753
dxb,3,33.765112,6.250646
cvy,3,43.185858,8.167645
dzf,3,149.112542,27.610877
dxb2,3,33.688631,6.233359
dyb2,3,34.265551,6.398497
cvz,3,51.083746,9.632900
dzb3,3,149.650470,27.706396
dxb3,3,33.727076,6.247820
dyb3,3,34.328127,6.414711
csxxsyyszz,3,78.535697,15.001422
dyf2,3,34.304385,6.384903
dxf2,3,33.984327,6.302151
csxy,3,35.197361,6.671208
dzf2,3,149.065976,27.618914
dyf3,3,33.992396,6.352207
csyz,3,42.806372,8.078973
dxf3,3,33.710317,6.251939
dzf3,3,149.427220,27.698462
csxz,3,42.737938,8.066907
dxf,4,33.769338,6.264453
dzb,4,149.829197,27.762928
dyb,4,33.947351,6.328392
cvx,4,43.331195,8.211622
dyf,4,34.039447,6.359821
dzb2,4,149.736269,27.744221
dxb,4,33.682113,6.238649
cvy,4,43.166380,8.169837
dzf,4,149.201705,27.643197
dxb2,4,33.717767,6.260667
dyb2,4,34.195548,6.404304
cvz,4,51.119838,9.648990
dzb3,4,149.754113,27.754965
dxb3,4,33.655003,6.250816
dyb3,4,34.291750,6.428155
csxxsyyszz,4,78.437077,14.993369
dyf2,4,34.243532,6.401757
dxf2,4,33.987830,6.320401
csxy,4,35.205536,6.675493
dzf2,4,149.015643,27.634259
dyf3,4,34.438699,6.451277
csyz,4,42.793642,8.082527
dxf3,4,33.742472,6.264531
dzf3,4,149.325327,27.697499
csxz,4,42.729594,8.117971
#========================= OptEWE [OpenMP] =========================
#Source type                                  :  Force monopole
#Grid Size                                    :  512 x 512 x 512
#Iterations                                   :  5
#Compute time                                 :  8.619737
#Total effective MLUPS                        :  77.854889
#===================================================================
#Number of threads                            :  24
