dxf,0,32.619899,7.178776
dzb,0,123.702417,28.337378
dyb,0,32.207629,7.179341
cvx,0,38.346822,8.855240
dyf,0,32.290566,7.230594
dzb2,0,123.590476,28.349801
dxb,0,31.863363,7.036251
cvy,0,217.270212,41.718856
dzf,0,123.402979,28.295685
dxb2,0,31.832322,7.042057
dyb2,0,32.442694,7.264181
cvz,0,44.672013,10.313651
dzb3,0,123.465161,28.341180
dxb3,0,31.860085,7.042285
dyb3,0,32.572393,7.286516
csxxsyyszz,0,74.612476,17.024039
dyf2,0,32.382279,7.232082
dxf2,0,32.091149,7.136033
csxy,0,31.632604,7.313602
dzf2,0,123.226236,28.332052
dyf3,0,32.173021,7.225327
csyz,0,37.841005,8.719441
dxf3,0,31.902983,7.090800
dzf3,0,124.430537,28.577176
csxz,0,37.710347,8.673984
dxf,1,31.906756,7.096232
dzb,1,123.619586,28.415321
dyb,1,32.159998,7.180429
cvx,1,38.410442,8.901140
dyf,1,32.624111,7.324473
dzb2,1,123.487115,28.394873
dxb,1,31.828489,7.052060
cvy,1,38.191419,8.836539
dzf,1,123.261210,28.348229
dxb2,1,31.848563,7.050475
dyb2,1,32.450136,7.276943
cvz,1,44.636479,10.330919
dzb3,1,123.407893,28.380976
dxb3,1,31.823469,7.068667
dyb3,1,32.490089,7.296772
csxxsyyszz,1,74.640289,17.055428
dyf2,1,32.363233,7.259596
dxf2,1,32.126346,7.152718
csxy,1,31.668021,7.331866
dzf2,1,123.299662,28.376060
dyf3,1,32.090782,7.193880
csyz,1,37.835847,8.729166
dxf3,1,31.916978,7.104671
dzf3,1,123.447793,28.421261
csxz,1,37.668040,8.702283
dxf,2,31.903597,7.105076
dzb,2,123.604907,28.448905
dyb,2,32.202158,7.223228
cvx,2,38.381267,8.894618
dyf,2,32.282231,7.267418
dzb2,2,123.666008,28.466554
dxb,2,31.816018,7.096900
cvy,2,38.157499,8.842881
dzf,2,123.360609,28.405506
dxb2,2,31.840090,7.097807
dyb2,2,32.544737,7.313353
cvz,2,44.575099,10.318287
dzb3,2,123.333489,28.409498
dxb3,2,31.908264,7.109862
dyb3,2,32.493944,7.310181
csxxsyyszz,2,74.669686,17.076392
dyf2,2,32.396119,7.294248
dxf2,2,32.091834,7.172879
csxy,2,31.638048,7.337510
dzf2,2,123.335328,28.411279
dyf3,2,32.092475,7.241336
csyz,2,37.856224,8.735687
dxf3,2,31.941987,7.120643
dzf3,2,123.458551,28.456208
csxz,2,37.650899,8.712080
dxf,3,31.924099,7.112665
dzb,3,123.621089,28.466104
dyb,3,32.270617,7.272516
cvx,3,38.363399,8.901507
dyf,3,32.282925,7.268287
dzb2,3,123.608248,28.467844
dxb,3,31.901431,7.136132
cvy,3,38.224605,8.859866
dzf,3,123.226846,28.397379
dxb2,3,31.793877,7.088107
dyb2,3,32.472128,7.321987
cvz,3,44.538238,10.320768
dzb3,3,123.484516,28.447992
dxb3,3,31.783401,7.088782
dyb3,3,32.542348,7.324062
csxxsyyszz,3,74.676874,17.076193
dyf2,3,32.402898,7.282551
dxf2,3,32.136351,7.199015
csxy,3,31.662782,7.339289
dzf2,3,123.305274,28.407685
dyf3,3,32.138076,7.283528
csyz,3,37.846611,8.741718
dxf3,3,31.887824,7.109897
dzf3,3,123.452426,28.493189
csxz,3,37.649246,8.715680
dxf,4,31.919227,7.117262
dzb,4,123.436723,28.450806
dyb,4,32.197856,7.266890
cvx,4,38.361893,8.909310
dyf,4,32.242778,7.266005
dzb2,4,123.562808,28.474678
dxb,4,31.840341,7.103893
cvy,4,38.226339,8.865882
dzf,4,123.349403,28.441534
dxb2,4,31.818063,7.100490
dyb2,4,32.509133,7.336188
cvz,4,44.576467,10.332534
dzb3,4,123.434407,28.450025
dxb3,4,31.783804,7.086103
dyb3,4,32.564371,7.330216
csxxsyyszz,4,74.601993,17.072445
dyf2,4,32.462856,7.306768
dxf2,4,32.103136,7.197830
csxy,4,31.643764,7.342791
dzf2,4,123.284301,28.421592
dyf3,4,32.113407,7.282069
csyz,4,37.845297,8.745175
dxf3,4,31.863146,7.109947
dzf3,4,124.445847,28.714150
csxz,4,37.678570,8.763669
#========================= OptEWE [OpenMP] =========================
#Source type                                  :  Force monopole
#Grid Size                                    :  512 x 512 x 512
#Iterations                                   :  5
#Compute time                                 :  7.328029
#Total effective MLUPS                        :  91.578331
#===================================================================
#Number of threads                            :  18
