dxf,0,51.321937,9.087009
dzb,0,221.994694,39.610373
dyb,0,50.910739,9.100906
cvx,0,64.716590,11.764324
dyf,0,50.975416,9.128520
dzb2,0,222.191790,39.681444
dxb,0,50.364266,8.947769
cvy,0,263.538747,42.641563
dzf,0,221.252843,39.506034
dxb2,0,50.369893,8.952037
dyb2,0,51.073674,9.157244
cvz,0,75.578905,13.673647
dzb3,0,221.774276,39.609457
dxb3,0,50.362236,8.960604
dyb3,0,51.212086,9.182907
csxxsyyszz,0,114.672203,20.960422
dyf2,0,50.897190,9.124789
dxf2,0,50.697813,9.033229
csxy,0,52.167445,9.501599
dzf2,0,221.322881,39.562084
dyf3,0,50.721598,9.088310
csyz,0,63.484849,11.472811
dxf3,0,50.435390,8.984167
dzf3,0,221.558660,39.605348
csxz,0,63.375776,11.453952
dxf,1,50.515335,8.994401
dzb,1,222.067767,39.676768
dyb,1,50.872893,9.119577
cvx,1,64.041434,11.667912
dyf,1,50.940827,9.137878
dzb2,1,221.875258,39.664803
dxb,1,50.363803,8.958703
cvy,1,63.867543,11.628683
dzf,1,221.287828,39.562517
dxb2,1,50.331926,8.974690
dyb2,1,51.144865,9.183519
cvz,1,75.598989,13.692376
dzb3,1,221.694231,39.640394
dxb3,1,50.374668,8.984249
dyb3,1,51.214910,9.198149
csxxsyyszz,1,114.674028,20.968170
dyf2,1,51.089193,9.171353
dxf2,1,50.733765,9.052318
csxy,1,52.163704,9.507439
dzf2,1,221.448934,39.589209
dyf3,1,50.882663,9.140777
csyz,1,63.461716,11.464115
dxf3,1,50.478689,8.996249
dzf3,1,221.419641,39.582980
csxz,1,63.360046,11.459030
dxf,2,50.453384,8.989434
dzb,2,222.009095,39.642126
dyb,2,50.844350,9.116538
cvx,2,64.102911,11.667094
dyf,2,50.964233,9.142934
dzb2,2,222.035178,39.664502
dxb,2,50.347501,8.975168
cvy,2,63.852753,11.617271
dzf,2,221.171722,39.538660
dxb2,2,50.364246,8.974763
dyb2,2,51.170563,9.189823
cvz,2,75.580782,13.692268
dzb3,2,221.727171,39.650634
dxb3,2,50.394694,8.996664
dyb3,2,51.314942,9.217809
csxxsyyszz,2,114.554524,20.960021
dyf2,2,51.021691,9.171389
dxf2,2,50.662282,9.053812
csxy,2,52.161359,9.507373
dzf2,2,221.323435,39.597168
dyf3,2,50.829804,9.142155
csyz,2,63.511254,11.487720
dxf3,2,50.403393,8.985374
dzf3,2,221.467987,39.633955
csxz,2,63.341108,11.455239
dxf,3,50.522315,9.008031
dzb,3,222.855953,39.852663
dyb,3,50.854107,9.137358
cvx,3,64.035263,11.675035
dyf,3,50.940729,9.160147
dzb2,3,222.337172,40.482734
dxb,3,50.313834,9.154457
cvy,3,63.884289,11.842673
dzf,3,221.142416,40.215442
dxb2,3,50.447686,9.008307
dyb2,3,51.167570,9.201715
cvz,3,75.659690,13.724250
dzb3,3,221.752067,39.707665
dxb3,3,50.369786,8.998029
dyb3,3,51.166232,9.211852
csxxsyyszz,3,114.553199,20.978418
dyf2,3,51.114460,9.188909
dxf2,3,50.651376,9.056855
csxy,3,52.196444,9.518480
dzf2,3,221.361138,39.598082
dyf3,3,50.891860,9.147934
csyz,3,63.507461,11.472623
dxf3,3,50.426236,8.980355
dzf3,3,221.418118,39.607406
csxz,3,63.386144,11.464603
dxf,4,50.432139,9.004925
dzb,4,222.013814,39.702313
dyb,4,50.846088,9.133717
cvx,4,64.029159,11.671254
dyf,4,51.738069,9.290888
dzb2,4,222.082360,39.727584
dxb,4,50.403557,9.017148
cvy,4,63.893738,11.641930
dzf,4,221.084666,39.563125
dxb2,4,50.342341,8.986229
dyb2,4,51.224893,9.216252
cvz,4,75.622943,13.702975
dzb3,4,221.719974,39.658295
dxb3,4,50.344100,8.983517
dyb3,4,51.266458,9.223972
csxxsyyszz,4,114.758167,20.999260
dyf2,4,51.079376,9.184650
dxf2,4,50.749218,9.071788
csxy,4,52.157128,9.508775
dzf2,4,221.274264,39.579441
dyf3,4,50.842508,9.159351
csyz,4,63.490023,11.484002
dxf3,4,50.442778,8.998943
dzf3,4,221.485132,39.658377
csxz,4,63.312925,11.489764
#========================= OptEWE [OpenMP] =========================
#Source type                                  :  Force monopole
#Grid Size                                    :  512 x 512 x 512
#Iterations                                   :  5
#Compute time                                 :  12.382610
#Total effective MLUPS                        :  54.196056
#===================================================================
#Number of threads                            :  15
