dxf,0,36.831002,7.083304
dzb,0,149.454331,29.530715
dyb,0,33.866977,6.709774
cvx,0,43.237365,8.751242
dyf,0,34.012035,6.751389
dzb2,0,149.551070,29.584123
dxb,0,33.641499,6.630139
cvy,0,406.817646,68.258615
dzf,0,148.843130,29.449481
dxb2,0,33.694187,6.640282
dyb2,0,34.193277,6.809686
cvz,0,51.073684,10.302188
dzb3,0,149.305836,29.551431
dxb3,0,33.682516,6.647966
dyb3,0,34.219174,6.820665
csxxsyyszz,0,76.898399,15.695406
dyf2,0,34.163397,6.783451
dxf2,0,33.971940,6.725352
csxy,0,35.235909,7.129796
dzf2,0,148.645344,29.458038
dyf3,0,34.031245,6.773045
csyz,0,42.832563,8.636845
dxf3,0,33.740541,6.674481
dzf3,0,149.064688,29.557626
csxz,0,42.773159,8.610528
dxf,1,33.678572,6.660298
dzb,1,149.404047,29.604634
dyb,1,33.873059,6.727915
cvx,1,43.269808,8.769828
dyf,1,33.942518,6.759410
dzb2,1,149.442639,29.632817
dxb,1,33.664709,6.649621
cvy,1,43.151069,8.735334
dzf,1,148.732318,29.488164
dxb2,1,33.688828,6.651378
dyb2,1,34.186646,6.812283
cvz,1,51.106451,10.315186
dzb3,1,150.289089,29.745250
dxb3,1,33.722531,6.657911
dyb3,1,34.198008,6.820009
csxxsyyszz,1,77.171019,15.764134
dyf2,1,34.232487,6.798833
dxf2,1,33.999947,6.735996
csxy,1,35.234078,7.134305
dzf2,1,148.680949,29.490741
dyf3,1,34.022923,6.769853
csyz,1,42.848769,8.644130
dxf3,1,33.762360,6.680003
dzf3,1,148.943846,29.575779
csxz,1,42.746286,8.610462
dxf,2,33.710306,6.670908
dzb,2,149.465909,29.637060
dyb,2,33.842661,6.726350
cvx,2,43.355655,8.795899
dyf,2,34.007104,6.769539
dzb2,2,149.417142,29.630977
dxb,2,33.682378,6.659968
cvy,2,43.158409,8.732864
dzf,2,148.660131,29.490081
dxb2,2,33.696805,6.657887
dyb2,2,34.162980,6.814447
cvz,2,51.057348,10.313343
dzb3,2,149.183806,29.568032
dxb3,2,33.705940,6.664868
dyb3,2,34.170480,6.818790
csxxsyyszz,2,76.985880,15.760391
dyf2,2,34.153185,6.783083
dxf2,2,33.961061,6.730233
csxy,2,35.225726,7.136065
dzf2,2,148.885052,29.546858
dyf3,2,33.948060,6.766939
csyz,2,42.862118,8.650233
dxf3,2,33.706397,6.674348
dzf3,2,148.836705,29.559093
csxz,2,42.774444,8.622331
dxf,3,33.710626,6.672777
dzb,3,149.507745,29.654143
dyb,3,33.877085,6.737789
cvx,3,43.232758,8.771086
dyf,3,34.036525,6.777996
dzb2,3,149.514477,29.664761
dxb,3,33.676573,6.658580
cvy,3,43.146886,8.746832
dzf,3,148.746433,29.508193
dxb2,3,33.677231,6.654500
dyb2,3,34.166292,6.813328
cvz,3,51.116292,10.324406
dzb3,3,149.172642,29.577921
dxb3,3,33.653788,6.649628
dyb3,3,34.125599,6.813863
csxxsyyszz,3,76.614348,15.692190
dyf2,3,34.128331,6.785020
dxf2,3,33.984975,6.744318
csxy,3,35.194364,7.134706
dzf2,3,149.900989,29.728666
dyf3,3,33.958662,6.753771
csyz,3,42.835053,8.654384
dxf3,3,33.713441,6.675502
dzf3,3,148.837562,29.557403
csxz,3,42.800197,8.633845
dxf,4,33.651647,6.663507
dzb,4,149.601225,29.684573
dyb,4,33.853941,6.739110
cvx,4,43.192594,8.776975
dyf,4,33.968229,6.774720
dzb2,4,149.495573,29.664104
dxb,4,33.667448,6.654732
cvy,4,43.175037,8.737068
dzf,4,148.770918,29.520488
dxb2,4,33.702614,6.666738
dyb2,4,34.117203,6.813963
cvz,4,51.055521,10.305388
dzb3,4,149.282721,29.602219
dxb3,4,33.634810,6.652244
dyb3,4,34.267059,6.833422
csxxsyyszz,4,77.182746,15.761889
dyf2,4,34.167267,6.791575
dxf2,4,34.006250,6.744218
csxy,4,35.214059,7.142862
dzf2,4,149.923949,29.751712
dyf3,4,33.945455,6.751993
csyz,4,42.850928,8.666600
dxf3,4,33.782151,6.688504
dzf3,4,148.841386,29.563619
csxz,4,42.729796,8.644446
#========================= OptEWE [OpenMP] =========================
#Source type                                  :  Force monopole
#Grid Size                                    :  512 x 512 x 512
#Iterations                                   :  5
#Compute time                                 :  8.554421
#Total effective MLUPS                        :  78.449331
#===================================================================
#Number of threads                            :  24
