dxf,0,27.300588,6.104623
dzb,0,105.913950,24.575253
dyb,0,27.201352,6.195928
cvx,0,34.187609,7.838103
dyf,0,27.166685,6.191428
dzb2,0,107.439450,24.879748
dxb,0,26.105130,5.893233
cvy,0,254.715836,47.202649
dzf,0,105.225990,24.427057
dxb2,0,26.153707,5.950785
dyb2,0,27.453955,6.268377
cvz,0,36.988980,8.726114
dzb3,0,105.458785,24.524957
dxb3,0,26.066220,5.941469
dyb3,0,27.403088,6.253101
csxxsyyszz,0,89.795999,19.445644
dyf2,0,27.237756,6.210208
dxf2,0,26.308265,5.998871
csxy,0,25.601602,6.163823
dzf2,0,105.163946,24.509464
dyf3,0,26.871577,6.149872
csyz,0,30.697667,7.396699
dxf3,0,26.193554,5.976106
dzf3,0,105.461379,24.590611
csxz,0,30.327560,7.334412
dxf,1,26.174882,5.975936
dzb,1,105.912133,24.679506
dyb,1,27.186586,6.202526
cvx,1,34.171916,7.856930
dyf,1,27.107458,6.181669
dzb2,1,105.650608,24.639054
dxb,1,26.059960,5.948535
cvy,1,33.687607,7.767159
dzf,1,105.233087,24.541068
dxb2,1,26.130925,5.954118
dyb2,1,27.419469,6.267121
cvz,1,36.961581,8.742751
dzb3,1,105.606175,24.621660
dxb3,1,26.088363,5.938247
dyb3,1,27.429129,6.261408
csxxsyyszz,1,89.992037,19.513561
dyf2,1,27.230342,6.219316
dxf2,1,26.316092,6.014167
csxy,1,25.600842,6.159965
dzf2,1,105.115012,24.539443
dyf3,1,26.901581,6.167307
csyz,1,30.541648,7.369365
dxf3,1,26.194227,5.994736
dzf3,1,105.216775,24.600198
csxz,1,30.310600,7.336704
dxf,2,26.107915,5.966474
dzb,2,105.790088,24.683200
dyb,2,27.096817,6.187184
cvx,2,34.279401,7.883786
dyf,2,27.138863,6.222286
dzb2,2,105.747049,24.674640
dxb,2,26.132982,5.954003
cvy,2,33.678927,7.782478
dzf,2,105.187810,24.541937
dxb2,2,26.142816,5.952859
dyb2,2,27.414938,6.291019
cvz,2,37.134545,8.768632
dzb3,2,105.578324,24.617140
dxb3,2,26.068325,5.956147
dyb3,2,27.436389,6.276902
csxxsyyszz,2,89.779810,19.488261
dyf2,2,27.220794,6.221359
dxf2,2,26.337034,6.021657
csxy,2,25.605448,6.178025
dzf2,2,105.103952,24.549385
dyf3,2,26.835591,6.152418
csyz,2,30.572775,7.376995
dxf3,2,26.175114,5.989777
dzf3,2,105.466944,24.644396
csxz,2,30.305514,7.319610
dxf,3,26.199989,5.996990
dzb,3,105.827804,24.705105
dyb,3,27.174213,6.222660
cvx,3,34.157070,7.872611
dyf,3,27.115686,6.206687
dzb2,3,105.601866,24.662846
dxb,3,26.311412,6.016504
cvy,3,33.673946,7.771465
dzf,3,105.233465,24.587135
dxb2,3,26.157779,5.967593
dyb2,3,27.425417,6.278884
cvz,3,36.944144,8.755640
dzb3,3,105.663749,24.674953
dxb3,3,26.112350,5.953849
dyb3,3,27.468785,6.277683
csxxsyyszz,3,89.784408,19.499989
dyf2,3,27.238983,6.240427
dxf2,3,26.289025,6.026407
csxy,3,25.608899,6.172456
dzf2,3,105.117512,24.571463
dyf3,3,26.925982,6.184922
csyz,3,30.531513,7.376103
dxf3,3,26.156980,5.978855
dzf3,3,105.302921,24.607914
csxz,3,30.307963,7.343406
dxf,4,26.126549,5.981113
dzb,4,106.042809,24.749458
dyb,4,27.102394,6.191612
cvx,4,34.323226,7.903399
dyf,4,27.165038,6.230629
dzb2,4,105.752852,24.697244
dxb,4,26.114441,5.985686
cvy,4,33.666446,7.785005
dzf,4,105.229559,24.575035
dxb2,4,26.134740,5.979838
dyb2,4,27.448937,6.299886
cvz,4,36.948797,8.751760
dzb3,4,105.639100,24.654635
dxb3,4,26.097590,5.961668
dyb3,4,27.435629,6.276846
csxxsyyszz,4,89.766481,19.498562
dyf2,4,27.246594,6.222676
dxf2,4,26.277055,6.006888
csxy,4,25.580825,6.177769
dzf2,4,105.118323,24.570179
dyf3,4,26.832988,6.159009
csyz,4,30.566437,7.384541
dxf3,4,26.155889,5.992151
dzf3,4,105.450420,24.667144
csxz,4,30.308522,7.416051
#========================= OptEWE [OpenMP] =========================
#Source type                                  :  Force monopole
#Grid Size                                    :  512 x 512 x 512
#Iterations                                   :  5
#Compute time                                 :  6.396338
#Total effective MLUPS                        :  104.917625
#===================================================================
#Number of threads                            :  22
