dxf,0,133.722265,18.437576
dzb,0,765.744936,101.831220
dyb,0,164.575827,22.430891
cvx,0,270.514820,36.306295
dyf,0,162.467719,22.201114
dzb2,0,767.577424,104.440185
dxb,0,137.604965,19.961877
cvy,0,603.762782,82.504057
dzf,0,764.419571,102.653637
dxb2,0,137.967945,18.902104
dyb2,0,163.680725,22.370318
cvz,0,270.867413,36.508346
dzb3,0,767.419514,101.838263
dxb3,0,138.158866,18.958480
dyb3,0,163.780998,22.313423
csxxsyyszz,0,745.316317,98.426400
dyf2,0,160.729450,21.904596
dxf2,0,133.833313,18.410135
csxy,0,113.878740,16.064205
dzf2,0,763.335420,101.135330
dyf3,0,161.062530,21.962679
csyz,0,126.681315,17.693198
dxf3,0,133.899218,18.372708
dzf3,0,762.990389,100.942053
csxz,0,123.488110,17.284136
dxf,1,133.950672,18.396636
dzb,1,766.230875,101.532946
dyb,1,164.706622,22.417464
cvx,1,270.804376,36.304337
dyf,1,160.882936,21.927499
dzb2,1,775.198189,102.671855
dxb,1,138.008960,18.927189
cvy,1,266.029323,35.682547
dzf,1,772.414140,102.261667
dxb2,1,137.779597,18.925985
dyb2,1,163.440063,22.272918
cvz,1,270.709852,36.348022
dzb3,1,767.463173,101.787296
dxb3,1,138.224419,18.958836
dyb3,1,163.823091,22.355522
csxxsyyszz,1,745.663401,98.452771
dyf2,1,160.782365,21.933766
dxf2,1,133.756214,18.406341
csxy,1,113.683942,16.041422
dzf2,1,763.745501,101.474444
dyf3,1,160.352061,21.864052
csyz,1,126.596740,17.720576
dxf3,1,133.785839,18.401622
dzf3,1,764.247728,101.269930
csxz,1,123.631518,17.311503
dxf,2,134.242121,18.483215
dzb,2,767.144589,101.638301
dyb,2,164.956934,22.444825
cvx,2,271.317748,36.362292
dyf,2,161.103890,21.940644
dzb2,2,772.485106,102.305245
dxb,2,138.359151,18.954462
cvy,2,266.511284,35.803006
dzf,2,768.937225,101.891669
dxb2,2,139.985451,19.196870
dyb2,2,164.944196,22.447936
cvz,2,270.931707,36.405451
dzb3,2,769.681221,102.124142
dxb3,2,138.187292,18.971264
dyb3,2,163.900544,22.406942
csxxsyyszz,2,737.242768,97.559213
dyf2,2,163.198748,22.240032
dxf2,2,133.970061,18.423612
csxy,2,113.969033,16.105558
dzf2,2,765.856966,101.541822
dyf3,2,162.592503,22.177518
csyz,2,126.689329,17.789581
dxf3,2,133.949686,18.440530
dzf3,2,764.057748,101.371683
csxz,2,123.653431,17.329904
dxf,3,133.934283,18.430349
dzb,3,766.164239,101.767783
dyb,3,164.953834,22.508000
cvx,3,271.300088,36.438433
dyf,3,161.147816,21.948604
dzb2,3,772.695762,105.857570
dxb,3,138.333538,18.958240
cvy,3,266.609397,35.797533
dzf,3,764.063009,101.371134
dxb2,3,138.094112,19.002736
dyb2,3,163.608782,22.276698
cvz,3,270.905300,36.413357
dzb3,3,767.985508,101.864437
dxb3,3,138.382081,19.008508
dyb3,3,163.961179,22.368652
csxxsyyszz,3,733.828826,96.999064
dyf2,3,160.977038,21.970011
dxf2,3,133.989086,18.425980
csxy,3,115.106723,16.201886
dzf2,3,765.951864,101.725295
dyf3,3,162.587064,22.185946
csyz,3,126.687130,17.792366
dxf3,3,133.810268,18.378344
dzf3,3,764.005227,101.372694
csxz,3,123.673467,17.347924
dxf,4,133.998633,18.489950
dzb,4,767.681448,101.844197
dyb,4,164.922203,22.489899
cvx,4,273.021244,36.571567
dyf,4,161.043206,21.987584
dzb2,4,771.231794,102.099040
dxb,4,138.225214,18.987084
cvy,4,266.547033,35.764668
dzf,4,764.342491,101.337617
dxb2,4,138.188795,18.973321
dyb2,4,163.809781,22.296993
cvz,4,270.507246,36.338346
dzb3,4,767.527863,101.643543
dxb3,4,138.356889,18.962429
dyb3,4,163.910379,22.278773
csxxsyyszz,4,731.051509,96.476357
dyf2,4,160.793658,21.910369
dxf2,4,133.954021,18.395980
csxy,4,114.080188,16.044985
dzf2,4,767.336469,101.440706
dyf3,4,160.578969,21.866865
csyz,4,126.793238,17.704867
dxf3,4,133.943397,18.386707
dzf3,4,764.553939,101.350805
csxz,4,123.452462,17.337418
#========================= OptEWE [OpenMP] =========================
#Source type                                  :  Force monopole
#Grid Size                                    :  512 x 512 x 512
#Iterations                                   :  5
#Compute time                                 :  41.874352
#Total effective MLUPS                        :  16.026246
#===================================================================
#Number of threads                            :  2
