dxf,0,50.911461,8.038871
dzb,0,228.769868,36.126740
dyb,0,55.394797,8.747033
cvx,0,73.556120,11.576262
dyf,0,54.825517,8.677729
dzb2,0,230.362122,36.385671
dxb,0,51.521138,8.130619
cvy,0,248.486915,35.081630
dzf,0,228.550938,36.062480
dxb2,0,50.787641,8.022372
dyb2,0,55.431894,8.770030
cvz,0,75.034296,12.056769
dzb3,0,229.945265,36.327867
dxb3,0,52.895579,8.318687
dyb3,0,55.343051,8.725147
csxxsyyszz,0,200.786220,30.297969
dyf2,0,54.939676,8.673969
dxf2,0,51.945291,8.216177
csxy,0,49.316779,8.057129
dzf2,0,230.806973,36.396990
dyf3,0,54.397035,8.592424
csyz,0,57.161059,9.608628
dxf3,0,50.532292,8.477156
dzf3,0,227.611848,37.381269
csxz,0,56.095491,9.443869
dxf,1,50.611065,8.237194
dzb,1,228.643980,37.050016
dyb,1,55.326612,8.958664
cvx,1,73.500170,11.868807
dyf,1,54.986361,8.913068
dzb2,1,230.429354,37.164430
dxb,1,51.501813,8.196440
cvy,1,72.094306,11.469570
dzf,1,228.389930,36.427572
dxb2,1,50.685966,8.087457
dyb2,1,55.608242,8.884880
cvz,1,75.089058,12.146142
dzb3,1,228.550018,36.105064
dxb3,1,52.905155,8.361341
dyb3,1,55.422987,8.771903
csxxsyyszz,1,200.910591,30.320963
dyf2,1,55.202521,8.780348
dxf2,1,51.907549,8.204453
csxy,1,49.292456,8.050980
dzf2,1,230.861331,36.468377
dyf3,1,54.637303,8.637328
csyz,1,56.752975,9.295012
dxf3,1,50.511056,8.017294
dzf3,1,228.207074,36.117117
csxz,1,56.201227,9.213246
dxf,2,50.585636,8.035698
dzb,2,228.573726,36.172537
dyb,2,55.163976,8.713730
cvx,2,73.651887,11.596367
dyf,2,54.851165,8.708724
dzb2,2,230.440206,36.423954
dxb,2,51.447449,8.168738
cvy,2,72.142039,11.432319
dzf,2,228.426596,36.172592
dxb2,2,50.781512,8.124309
dyb2,2,55.419484,8.793954
cvz,2,75.191173,12.113346
dzb3,2,228.465942,36.239540
dxb3,2,52.878679,8.345773
dyb3,2,55.513794,8.783840
csxxsyyszz,2,200.894200,30.361130
dyf2,2,55.106095,8.704588
dxf2,2,51.946930,8.217416
csxy,2,49.345880,8.061520
dzf2,2,230.913139,36.495846
dyf3,2,54.602620,8.635502
csyz,2,56.651380,9.283989
dxf3,2,50.492177,8.040879
dzf3,2,228.259605,36.089703
csxz,2,56.218999,9.247419
dxf,3,50.593320,8.065256
dzb,3,228.679622,36.245471
dyb,3,55.068058,8.780215
cvx,3,73.620295,11.632620
dyf,3,54.863101,8.706333
dzb2,3,230.357797,36.511958
dxb,3,51.437503,8.141076
cvy,3,72.159701,11.406352
dzf,3,228.433933,36.149917
dxb2,3,50.782507,8.034378
dyb2,3,55.365600,8.768769
cvz,3,75.102205,12.067802
dzb3,3,228.494411,36.153279
dxb3,3,53.049600,8.343737
dyb3,3,55.483067,8.797838
csxxsyyszz,3,200.879629,30.374715
dyf2,3,55.000389,8.689820
dxf2,3,51.938041,8.221155
csxy,3,49.361106,8.124741
dzf2,3,231.123666,36.534277
dyf3,3,54.403932,8.685442
csyz,3,56.768301,9.323948
dxf3,3,50.462271,8.028353
dzf3,3,228.030958,36.266960
csxz,3,56.172885,9.243466
dxf,4,50.628761,8.068472
dzb,4,230.043021,36.523419
dyb,4,55.189921,8.741188
cvx,4,73.617859,11.637143
dyf,4,54.974137,8.720886
dzb2,4,230.229526,36.514576
dxb,4,51.472634,8.151614
cvy,4,72.079767,11.416972
dzf,4,229.112049,36.294794
dxb2,4,50.790260,8.036215
dyb2,4,55.370301,8.837877
cvz,4,75.132961,12.111774
dzb3,4,228.506947,36.131791
dxb3,4,52.944763,8.392970
dyb3,4,55.411598,8.759164
csxxsyyszz,4,200.849280,30.409276
dyf2,4,55.090689,8.730424
dxf2,4,52.034008,8.239079
csxy,4,49.329125,8.073654
dzf2,4,230.839095,36.479665
dyf3,4,54.659577,8.669033
csyz,4,56.780282,9.296058
dxf3,4,50.560006,8.019959
dzf3,4,228.160233,36.186336
csxz,4,56.070764,9.231688
#========================= OptEWE [OpenMP] =========================
#Source type                                  :  Force monopole
#Grid Size                                    :  512 x 512 x 512
#Iterations                                   :  5
#Compute time                                 :  13.169520
#Total effective MLUPS                        :  50.957713
#===================================================================
#Number of threads                            :  7
