dxf,0,50.813626,7.969799
dzb,0,223.520826,35.165413
dyb,0,54.640242,8.561565
cvx,0,68.523623,10.822082
dyf,0,53.932940,8.484754
dzb2,0,223.351653,35.141652
dxb,0,51.907395,8.116162
cvy,0,234.057157,32.915899
dzf,0,225.483956,35.489634
dxb2,0,50.349407,7.904978
dyb2,0,54.613386,8.595269
cvz,0,71.970686,11.573354
dzb3,0,224.646339,35.340173
dxb3,0,51.606227,8.063960
dyb3,0,54.450635,8.541943
csxxsyyszz,0,184.706669,27.994480
dyf2,0,54.073666,8.491617
dxf2,0,51.177747,8.031526
csxy,0,49.718297,8.082148
dzf2,0,223.490313,35.148941
dyf3,0,53.570744,8.427774
csyz,0,57.420141,9.326271
dxf3,0,50.259036,7.906374
dzf3,0,224.381027,35.282923
csxz,0,56.913801,9.245671
dxf,1,50.425165,7.944388
dzb,1,223.783684,35.181032
dyb,1,54.196913,8.548353
cvx,1,68.697374,10.873077
dyf,1,53.731820,8.455190
dzb2,1,223.499558,35.181437
dxb,1,51.875448,8.107496
cvy,1,67.457074,10.656995
dzf,1,222.723417,35.056690
dxb2,1,50.322807,7.902495
dyb2,1,54.452609,8.574827
cvz,1,72.029797,11.593755
dzb3,1,223.404402,35.172664
dxb3,1,51.673822,8.083297
dyb3,1,54.541964,8.585611
csxxsyyszz,1,181.024137,27.470041
dyf2,1,53.691880,8.440363
dxf2,1,51.302548,8.061518
csxy,1,49.665394,8.070870
dzf2,1,223.663011,35.162931
dyf3,1,53.100255,8.341929
csyz,1,57.326906,9.309185
dxf3,1,50.415662,7.935619
dzf3,1,223.133028,35.136261
csxz,1,56.804706,9.227214
dxf,2,50.378178,7.935895
dzb,2,223.606259,35.202084
dyb,2,54.323350,8.534222
cvx,2,68.535076,10.826584
dyf,2,53.750492,8.466557
dzb2,2,223.394468,35.182518
dxb,2,51.865441,8.107767
cvy,2,67.425777,10.651440
dzf,2,222.728088,35.058917
dxb2,2,50.323477,7.889414
dyb2,2,54.529829,8.576763
cvz,2,72.073548,11.591179
dzb3,2,223.270919,35.164921
dxb3,2,51.588434,8.078578
dyb3,2,54.562524,8.574720
csxxsyyszz,2,184.258742,27.938974
dyf2,2,53.566283,8.432063
dxf2,2,51.279900,8.079849
csxy,2,49.732148,8.054901
dzf2,2,223.734272,35.173513
dyf3,2,53.168925,8.366493
csyz,2,57.543241,9.332733
dxf3,2,50.337559,7.925503
dzf3,2,223.111027,35.256375
csxz,2,56.895937,9.229771
dxf,3,50.411400,7.939068
dzb,3,223.545698,35.298610
dyb,3,54.714331,8.580624
cvx,3,68.600996,10.853535
dyf,3,53.980554,8.499115
dzb2,3,223.241450,35.183596
dxb,3,51.957645,8.133087
cvy,3,67.487274,10.678027
dzf,3,222.680122,35.097592
dxb2,3,50.339012,7.907944
dyb2,3,54.494352,8.607796
cvz,3,72.079318,11.631434
dzb3,3,223.502816,35.177728
dxb3,3,51.625921,8.131448
dyb3,3,54.475525,8.572721
csxxsyyszz,3,181.104014,27.492306
dyf2,3,53.630381,8.505413
dxf2,3,51.343258,8.115383
csxy,3,49.742111,8.073827
dzf2,3,223.540062,35.215383
dyf3,3,53.535155,8.457459
csyz,3,57.390542,9.298119
dxf3,3,50.284183,7.911660
dzf3,3,223.176314,35.213874
csxz,3,56.845327,9.241653
dxf,4,50.398558,7.934623
dzb,4,223.634521,35.277599
dyb,4,54.680180,8.587107
cvx,4,68.549192,10.841789
dyf,4,53.943513,8.490586
dzb2,4,223.215256,35.192116
dxb,4,52.040057,8.168120
cvy,4,67.510289,10.761898
dzf,4,222.636240,35.070177
dxb2,4,50.401937,7.948240
dyb2,4,54.577172,8.661568
cvz,4,72.090444,11.603760
dzb3,4,224.572214,35.441047
dxb3,4,51.654850,8.120898
dyb3,4,54.531585,8.592254
csxxsyyszz,4,181.000582,27.521237
dyf2,4,53.670479,8.474812
dxf2,4,51.256565,8.053688
csxy,4,49.763887,8.069434
dzf2,4,223.485784,35.201866
dyf3,4,53.230305,8.418977
csyz,4,57.343196,9.296522
dxf3,4,51.874233,8.146334
dzf3,4,223.018198,35.173438
csxz,4,56.927591,9.267682
#========================= OptEWE [OpenMP] =========================
#Source type                                  :  Force monopole
#Grid Size                                    :  512 x 512 x 512
#Iterations                                   :  5
#Compute time                                 :  12.798647
#Total effective MLUPS                        :  52.434343
#===================================================================
#Number of threads                            :  7
