dxf,0,32.886898,6.138847
dzb,0,129.974032,25.064276
dyb,0,32.443676,6.155949
cvx,0,39.092141,7.619153
dyf,0,32.426509,6.194298
dzb2,0,129.932740,25.084581
dxb,0,31.791601,6.004277
cvy,0,269.767738,42.903148
dzf,0,129.509156,24.973517
dxb2,0,31.762519,5.996619
dyb2,0,32.768581,6.244944
cvz,0,45.654610,8.910055
dzb3,0,129.795927,25.050118
dxb3,0,31.740993,5.993156
dyb3,0,32.761926,6.238617
csxxsyyszz,0,86.422029,16.350090
dyf2,0,32.552605,6.207375
dxf2,0,31.986226,6.056907
csxy,0,33.080742,6.426407
dzf2,0,130.229646,25.099174
dyf3,0,32.331927,6.204758
csyz,0,38.573003,7.521856
dxf3,0,31.824816,6.043701
dzf3,0,129.490569,25.015279
csxz,0,38.431775,7.512931
dxf,1,31.844474,6.042971
dzb,1,129.896761,25.078255
dyb,1,32.462964,6.189326
cvx,1,39.055044,7.645382
dyf,1,32.307028,6.193210
dzb2,1,130.242587,25.166789
dxb,1,31.803805,6.022604
cvy,1,39.022376,7.618643
dzf,1,129.377014,24.997046
dxb2,1,31.757797,6.007276
dyb2,1,32.733702,6.244435
cvz,1,45.640882,8.916602
dzb3,1,129.682588,25.060169
dxb3,1,31.792975,6.018627
dyb3,1,32.764428,6.245478
csxxsyyszz,1,86.348530,16.359366
dyf2,1,32.565672,6.220881
dxf2,1,32.028393,6.099996
csxy,1,32.115444,6.297815
dzf2,1,129.334568,24.995262
dyf3,1,32.307012,6.182279
csyz,1,38.645930,7.533662
dxf3,1,31.808600,6.036043
dzf3,1,129.670195,25.076705
csxz,1,38.407435,7.522216
dxf,2,31.830808,6.044960
dzb,2,129.795670,25.095398
dyb,2,32.284543,6.187000
cvx,2,39.170471,7.665231
dyf,2,32.353623,6.197027
dzb2,2,129.890055,25.114018
dxb,2,31.783862,6.022440
cvy,2,38.931918,7.615813
dzf,2,129.376669,25.032656
dxb2,2,31.808736,6.022092
dyb2,2,32.732836,6.248361
cvz,2,45.674185,8.926023
dzb3,2,131.593045,25.382739
dxb3,2,31.769785,6.021216
dyb3,2,32.667077,6.234247
csxxsyyszz,2,86.429119,16.391577
dyf2,2,32.582435,6.225042
dxf2,2,32.035926,6.103433
csxy,2,32.107402,6.300959
dzf2,2,129.375175,25.041009
dyf3,2,32.337293,6.195682
csyz,2,38.603960,7.549607
dxf3,2,31.818748,6.046044
dzf3,2,129.621743,25.081930
csxz,2,38.402313,7.522293
dxf,3,31.796350,6.044679
dzb,3,129.923906,25.125646
dyb,3,32.498673,6.216805
cvx,3,39.051321,7.638343
dyf,3,32.502720,6.220686
dzb2,3,129.986261,25.134728
dxb,3,31.779409,6.042782
cvy,3,38.967214,7.628806
dzf,3,129.419709,25.043577
dxb2,3,31.757507,6.027190
dyb2,3,32.736084,6.263785
cvz,3,45.651283,8.936238
dzb3,3,129.772193,25.098783
dxb3,3,31.778618,6.034808
dyb3,3,32.740552,6.260427
csxxsyyszz,3,86.413660,16.399446
dyf2,3,32.562553,6.235010
dxf2,3,32.035443,6.078372
csxy,3,32.115796,6.308156
dzf2,3,129.354615,25.040979
dyf3,3,32.286681,6.199636
csyz,3,38.599883,7.542899
dxf3,3,31.952991,6.072763
dzf3,3,129.582175,25.098014
csxz,3,38.404717,7.504402
dxf,4,31.793981,6.050129
dzb,4,129.965208,25.147151
dyb,4,32.273159,6.195853
cvx,4,39.100113,7.659330
dyf,4,32.303552,6.197294
dzb2,4,129.879849,25.118613
dxb,4,31.826748,6.039366
cvy,4,39.025331,7.630880
dzf,4,129.362082,25.035142
dxb2,4,31.779294,6.020972
dyb2,4,32.734441,6.253843
cvz,4,45.687324,8.936489
dzb3,4,129.734929,25.105936
dxb3,4,31.802291,6.029305
dyb3,4,32.679533,6.240589
csxxsyyszz,4,86.226802,16.368149
dyf2,4,32.468712,6.221817
dxf2,4,32.014386,6.116160
csxy,4,32.120022,6.308868
dzf2,4,129.449019,25.051472
dyf3,4,32.396583,6.207638
csyz,4,38.834060,7.589389
dxf3,4,31.809104,6.034331
dzf3,4,129.568126,25.075635
csxz,4,38.418814,7.579445
#========================= OptEWE [OpenMP] =========================
#Source type                                  :  Force monopole
#Grid Size                                    :  512 x 512 x 512
#Iterations                                   :  5
#Compute time                                 :  7.653228
#Total effective MLUPS                        :  87.687007
#===================================================================
#Number of threads                            :  19
