dxf,0,43.338509,8.255625
dzb,0,182.063860,35.594844
dyb,0,42.296882,8.263513
cvx,0,53.409951,10.645817
dyf,0,42.411929,8.310328
dzb2,0,181.853211,35.617143
dxb,0,41.930935,8.142646
cvy,0,298.293695,51.500529
dzf,0,181.228170,35.459940
dxb2,0,41.857462,8.122659
dyb2,0,42.586908,8.355866
cvz,0,62.804577,12.466218
dzb3,0,181.615450,35.570080
dxb3,0,41.865453,8.133824
dyb3,0,42.603935,8.366105
csxxsyyszz,0,96.286570,19.217276
dyf2,0,42.442422,8.331616
dxf2,0,42.151452,8.212228
csxy,0,43.578483,8.692333
dzf2,0,181.245739,35.537658
dyf3,0,42.283059,8.297810
csyz,0,52.881159,10.469735
dxf3,0,41.925520,8.170479
dzf3,0,181.471907,35.614604
csxz,0,52.734959,10.438958
dxf,1,41.891826,8.163426
dzb,1,181.923536,35.677764
dyb,1,42.360582,8.328427
cvx,1,53.390440,10.650300
dyf,1,42.448798,8.341550
dzb2,1,181.965959,35.678751
dxb,1,41.862649,8.161878
cvy,1,53.236742,10.605001
dzf,1,181.262399,35.530772
dxb2,1,41.889681,8.148030
dyb2,1,42.513144,8.355282
cvz,1,62.850707,12.480652
dzb3,1,181.555895,35.604053
dxb3,1,41.927811,8.173485
dyb3,1,42.545192,8.360493
csxxsyyszz,1,95.446971,19.091239
dyf2,1,42.486457,8.352572
dxf2,1,42.147685,8.221073
csxy,1,43.585428,8.703768
dzf2,1,182.238412,35.728508
dyf3,1,42.234899,8.296398
csyz,1,52.883642,10.476470
dxf3,1,41.900092,8.171736
dzf3,1,182.434613,35.809608
csxz,1,52.717686,10.442861
dxf,2,42.006809,8.191686
dzb,2,181.907309,35.679676
dyb,2,42.309501,8.329442
cvx,2,53.419568,10.662303
dyf,2,42.490261,8.350302
dzb2,2,181.854345,35.677238
dxb,2,41.893319,8.175043
cvy,2,53.203262,10.607158
dzf,2,181.138359,35.545927
dxb2,2,41.887802,8.158989
dyb2,2,42.645092,8.374672
cvz,2,62.749622,12.456167
dzb3,2,181.633569,35.625488
dxb3,2,41.930803,8.172606
dyb3,2,42.639917,8.377411
csxxsyyszz,2,96.767955,19.317796
dyf2,2,43.917266,8.597415
dxf2,2,42.123824,8.217137
csxy,2,43.627528,8.713144
dzf2,2,181.104860,35.540220
dyf3,2,42.242850,8.319561
csyz,2,52.840988,10.474625
dxf3,2,41.895616,8.170863
dzf3,2,181.437156,35.633810
csxz,2,52.760396,10.455962
dxf,3,41.873101,8.165620
dzb,3,181.823867,35.686659
dyb,3,42.296686,8.324156
cvx,3,53.370843,10.654639
dyf,3,42.396264,8.351221
dzb2,3,181.881690,35.692169
dxb,3,41.806357,8.160139
cvy,3,53.232046,10.619551
dzf,3,181.189328,35.566573
dxb2,3,41.845226,8.155805
dyb2,3,42.660598,8.385110
cvz,3,62.776808,12.474438
dzb3,3,181.609242,35.612901
dxb3,3,41.859716,8.157777
dyb3,3,42.603712,8.379375
csxxsyyszz,3,96.357368,19.260412
dyf2,3,42.543395,8.368479
dxf2,3,42.153128,8.228602
csxy,3,43.590428,8.711789
dzf2,3,181.254514,35.583331
dyf3,3,42.237422,8.303853
csyz,3,52.875883,10.479584
dxf3,3,41.885468,8.165353
dzf3,3,181.615735,35.665409
csxz,3,52.724401,10.451392
dxf,4,41.911268,8.173428
dzb,4,181.965268,35.711180
dyb,4,42.262309,8.332518
cvx,4,53.465437,10.684946
dyf,4,42.345650,8.327176
dzb2,4,181.911574,35.705364
dxb,4,41.869013,8.179063
cvy,4,53.244409,10.617419
dzf,4,181.186575,35.570736
dxb2,4,41.826369,8.158573
dyb2,4,42.715528,8.408163
cvz,4,62.772475,12.475048
dzb3,4,181.684256,35.654541
dxb3,4,41.816787,8.156461
dyb3,4,42.575969,8.374403
csxxsyyszz,4,96.487896,19.283795
dyf2,4,42.580818,8.362534
dxf2,4,42.150442,8.222090
csxy,4,43.619065,8.717876
dzf2,4,181.189672,35.585576
dyf3,4,42.327059,8.319071
csyz,4,52.886651,10.485758
dxf3,4,41.867653,8.172590
dzf3,4,181.770159,35.705047
csxz,4,52.737291,10.482958
#========================= OptEWE [OpenMP] =========================
#Source type                                  :  Force monopole
#Grid Size                                    :  512 x 512 x 512
#Iterations                                   :  5
#Compute time                                 :  10.303461
#Total effective MLUPS                        :  65.132351
#===================================================================
#Number of threads                            :  17
