dxf,0,49.163303,8.437411
dzb,0,188.389189,33.414416
dyb,0,50.055406,8.633354
cvx,0,58.203549,10.387757
dyf,0,49.698319,8.634108
dzb2,0,189.175937,33.560528
dxb,0,49.114108,8.433663
cvy,0,193.210832,30.222384
dzf,0,186.686946,33.145745
dxb2,0,48.765986,8.414449
dyb2,0,50.654165,8.790080
cvz,0,67.262389,12.056783
dzb3,0,186.940348,33.212736
dxb3,0,48.844172,8.433679
dyb3,0,50.715141,8.788105
csxxsyyszz,0,131.644958,22.793631
dyf2,0,49.710633,8.648553
dxf2,0,48.829745,8.428380
csxy,0,47.792028,8.578669
dzf2,0,186.945944,33.229765
dyf3,0,49.663114,8.642234
csyz,0,56.536473,10.144032
dxf3,0,48.589537,8.400402
dzf3,0,187.781500,33.342393
csxz,0,56.399996,10.098759
dxf,1,48.620119,8.399612
dzb,1,188.373468,33.444097
dyb,1,50.336254,8.707930
cvx,1,58.243683,10.430958
dyf,1,49.761908,8.652961
dzb2,1,189.055697,33.523608
dxb,1,49.126955,8.476928
cvy,1,58.702353,10.480204
dzf,1,186.753350,33.222849
dxb2,1,48.755472,8.415194
dyb2,1,50.701931,8.793250
cvz,1,67.275892,12.070172
dzb3,1,187.227455,33.300482
dxb3,1,48.946863,8.445414
dyb3,1,50.844602,8.806505
csxxsyyszz,1,131.741458,22.809968
dyf2,1,49.680685,8.641395
dxf2,1,48.765873,8.455758
csxy,1,47.790986,8.573483
dzf2,1,186.984938,33.241793
dyf3,1,49.606406,8.645253
csyz,1,56.535366,10.135061
dxf3,1,48.479518,8.373140
dzf3,1,187.727870,33.373098
csxz,1,56.383011,10.111515
dxf,2,48.590991,8.401382
dzb,2,189.470869,33.599830
dyb,2,50.404452,8.742507
cvx,2,58.254547,10.402563
dyf,2,49.353769,8.604249
dzb2,2,188.964796,33.549082
dxb,2,49.104535,8.454525
cvy,2,58.645393,10.475655
dzf,2,186.674221,33.193505
dxb2,2,48.856955,8.459337
dyb2,2,50.605067,8.774748
cvz,2,67.229535,12.062708
dzb3,2,188.195404,33.432294
dxb3,2,48.844681,8.411542
dyb3,2,50.681551,8.780700
csxxsyyszz,2,131.697568,22.821430
dyf2,2,49.619165,8.644801
dxf2,2,48.827197,8.443321
csxy,2,47.738776,8.558515
dzf2,2,186.769800,33.211370
dyf3,2,49.707468,8.686136
csyz,2,56.608342,10.126549
dxf3,2,48.593395,8.404227
dzf3,2,187.711443,33.385448
csxz,2,56.423241,10.107299
dxf,3,48.610040,8.397384
dzb,3,188.239337,33.422017
dyb,3,50.350833,8.735506
cvx,3,58.187714,10.398144
dyf,3,49.814904,8.673409
dzb2,3,189.035178,33.559063
dxb,3,49.090085,8.452639
cvy,3,58.570498,10.459348
dzf,3,186.780582,33.228314
dxb2,3,48.839460,8.437505
dyb2,3,50.591814,8.771599
cvz,3,67.263815,12.068493
dzb3,3,187.023884,33.277386
dxb3,3,48.804844,8.410539
dyb3,3,50.676524,8.787260
csxxsyyszz,3,131.744453,22.817916
dyf2,3,49.733238,8.667479
dxf2,3,48.850700,8.430531
csxy,3,47.783650,8.563878
dzf2,3,186.995455,33.278103
dyf3,3,49.711347,8.673533
csyz,3,56.560122,10.107196
dxf3,3,48.491953,8.383531
dzf3,3,187.729096,33.389580
csxz,3,56.410832,10.107265
dxf,4,48.569461,8.386367
dzb,4,188.311131,33.452604
dyb,4,50.048913,8.671094
cvx,4,58.172016,10.401520
dyf,4,49.693845,8.643440
dzb2,4,189.040164,33.552896
dxb,4,49.015284,8.438197
cvy,4,58.556324,10.447790
dzf,4,186.742848,33.227685
dxb2,4,48.737697,8.399698
dyb2,4,50.632355,8.781792
cvz,4,67.281820,12.083546
dzb3,4,187.005526,33.239860
dxb3,4,48.847340,8.424212
dyb3,4,50.535163,8.760805
csxxsyyszz,4,131.656391,22.817388
dyf2,4,49.680039,8.698999
dxf2,4,48.848262,8.431943
csxy,4,47.753494,8.563712
dzf2,4,186.969271,33.281275
dyf3,4,49.582702,8.648535
csyz,4,56.464591,10.091585
dxf3,4,48.461565,8.376824
dzf3,4,187.742557,33.381545
csxz,4,56.387152,10.088558
#========================= OptEWE [OpenMP] =========================
#Source type                                  :  Force monopole
#Grid Size                                    :  512 x 512 x 512
#Iterations                                   :  5
#Compute time                                 :  11.115847
#Total effective MLUPS                        :  60.372247
#===================================================================
#Number of threads                            :  9
