dxf,0,44.613699,8.832542
dzb,0,169.030916,34.280161
dyb,0,45.357888,9.015966
cvx,0,52.564860,10.798063
dyf,0,45.162872,9.007711
dzb2,0,168.896126,34.301188
dxb,0,44.222783,8.760677
cvy,0,225.154095,39.707461
dzf,0,168.515866,34.219004
dxb2,0,44.235600,8.790864
dyb2,0,45.458418,9.049610
cvz,0,61.429643,12.674983
dzb3,0,168.733620,34.288284
dxb3,0,44.229928,8.796467
dyb3,0,45.483350,9.060017
csxxsyyszz,0,125.605643,24.658637
dyf2,0,45.087267,9.001145
dxf2,0,44.433250,8.846442
csxy,0,42.924411,8.887426
dzf2,0,168.587327,34.290165
dyf3,0,44.956629,8.978498
csyz,0,52.277128,10.766789
dxf3,0,44.221144,8.787390
dzf3,0,168.859013,34.339093
csxz,0,51.181319,10.584755
dxf,1,44.233125,8.800949
dzb,1,169.138144,34.388578
dyb,1,45.167016,9.007216
cvx,1,52.550684,10.818872
dyf,1,45.113592,9.019119
dzb2,1,168.830513,34.352291
dxb,1,44.260472,8.826356
cvy,1,54.741876,11.469889
dzf,1,170.545856,35.028581
dxb2,1,44.209901,8.790802
dyb2,1,45.507961,9.069276
cvz,1,61.471627,12.704502
dzb3,1,168.759508,34.308683
dxb3,1,44.267255,8.798718
dyb3,1,45.451753,9.051547
csxxsyyszz,1,125.194202,24.602508
dyf2,1,45.121248,9.008889
dxf2,1,44.410811,8.840889
csxy,1,42.941053,8.896483
dzf2,1,168.703353,34.333116
dyf3,1,44.744739,8.943962
csyz,1,52.336317,10.783583
dxf3,1,44.271731,8.798164
dzf3,1,168.872223,34.359288
csxz,1,51.141132,10.587541
dxf,2,44.230994,8.816271
dzb,2,169.179183,34.436991
dyb,2,45.105767,9.003159
cvx,2,52.624115,10.841298
dyf,2,45.187268,9.037814
dzb2,2,168.865186,34.379958
dxb,2,44.250175,8.826106
cvy,2,52.705819,10.864719
dzf,2,168.584476,34.413669
dxb2,2,44.276081,8.823212
dyb2,2,45.335598,9.074233
cvz,2,61.381376,12.728475
dzb3,2,168.772143,34.418720
dxb3,2,44.245129,8.824378
dyb3,2,45.467622,9.068735
csxxsyyszz,2,127.870966,25.083649
dyf2,2,45.313730,9.056238
dxf2,2,44.492474,8.861861
csxy,2,42.878590,8.890242
dzf2,2,168.605857,34.355426
dyf3,2,44.961791,8.998345
csyz,2,52.314189,10.789922
dxf3,2,44.235320,8.801987
dzf3,2,168.959085,34.412616
csxz,2,51.087164,10.585405
dxf,3,44.249983,8.827631
dzb,3,169.191779,34.451428
dyb,3,44.958752,8.964384
cvx,3,52.590272,10.835422
dyf,3,44.943768,8.994371
dzb2,3,168.963438,34.387662
dxb,3,44.255740,8.805449
cvy,3,52.749199,10.866701
dzf,3,168.449721,34.275678
dxb2,3,44.204583,8.799114
dyb2,3,45.317050,9.038461
cvz,3,61.612207,12.734901
dzb3,3,168.753914,34.342289
dxb3,3,44.181334,8.798808
dyb3,3,45.467325,9.060815
csxxsyyszz,3,125.615950,24.676981
dyf2,3,45.112758,9.009114
dxf2,3,44.451297,8.855230
csxy,3,42.924281,8.900691
dzf2,3,168.605164,34.335449
dyf3,3,44.780821,8.956407
csyz,3,52.277992,10.781367
dxf3,3,44.212082,8.796642
dzf3,3,170.087813,34.586046
csxz,3,51.157987,10.609249
dxf,4,44.215011,8.811523
dzb,4,169.168701,34.422367
dyb,4,45.140829,9.001873
cvx,4,52.613660,10.832689
dyf,4,44.929829,8.986942
dzb2,4,168.938569,34.376389
dxb,4,44.214085,8.819028
cvy,4,52.697900,10.852230
dzf,4,168.640280,34.322140
dxb2,4,44.211026,8.787422
dyb2,4,45.492180,9.062865
cvz,4,61.462870,12.701594
dzb3,4,168.645015,34.298055
dxb3,4,44.252278,8.799229
dyb3,4,45.495964,9.057448
csxxsyyszz,4,125.636297,24.669972
dyf2,4,45.288011,9.024359
dxf2,4,44.484324,8.862897
csxy,4,42.898219,8.887974
dzf2,4,168.647190,34.323050
dyf3,4,44.887383,8.979672
csyz,4,52.278973,10.777092
dxf3,4,44.269251,8.806212
dzf3,4,169.024851,34.503309
csxz,4,51.149277,10.684316
#========================= OptEWE [OpenMP] =========================
#Source type                                  :  Force monopole
#Grid Size                                    :  512 x 512 x 512
#Iterations                                   :  5
#Compute time                                 :  10.122342
#Total effective MLUPS                        :  66.297763
#===================================================================
#Number of threads                            :  13
