dxf,0,39.847742,6.675833
dzb,0,163.985857,27.827654
dyb,0,37.293465,6.380529
cvx,0,47.721662,8.267047
dyf,0,37.331988,6.406743
dzb2,0,163.936211,27.836492
dxb,0,36.737824,6.257998
cvy,0,409.376793,58.535153
dzf,0,163.091988,27.706610
dxb2,0,36.783352,6.274586
dyb2,0,37.542351,6.458126
cvz,0,56.188916,9.715112
dzb3,0,163.359926,27.747549
dxb3,0,36.755832,6.275333
dyb3,0,37.480404,6.443746
csxxsyyszz,0,101.085522,17.187851
dyf2,0,37.455078,6.436391
dxf2,0,36.898624,6.310271
csxy,0,38.307822,6.674180
dzf2,0,163.082196,27.735339
dyf3,0,37.137202,6.393907
csyz,0,46.649108,8.095685
dxf3,0,36.790502,6.291902
dzf3,0,163.142774,27.751697
csxz,0,46.481813,8.071736
dxf,1,36.742296,6.278581
dzb,1,163.647714,27.830525
dyb,1,37.013905,6.348596
cvx,1,47.733534,8.282011
dyf,1,37.280017,6.406547
dzb2,1,163.910547,27.878576
dxb,1,36.772569,6.266699
cvy,1,47.511250,8.232536
dzf,1,162.955781,27.726081
dxb2,1,36.756535,6.282103
dyb2,1,37.541013,6.456813
cvz,1,56.192388,9.726369
dzb3,1,163.269719,27.768715
dxb3,1,36.738608,6.262603
dyb3,1,37.420521,6.439448
csxxsyyszz,1,100.187969,17.073454
dyf2,1,37.319077,6.425938
dxf2,1,36.901711,6.315533
csxy,1,38.265006,6.672939
dzf2,1,163.128887,27.768120
dyf3,1,37.122290,6.451663
csyz,1,46.753101,8.152694
dxf3,1,36.841676,6.293140
dzf3,1,163.295446,27.788554
csxz,1,46.491480,8.054649
dxf,2,36.794089,6.291789
dzb,2,163.711677,27.851448
dyb,2,37.251158,6.384156
cvx,2,47.652461,8.271956
dyf,2,37.253178,6.404920
dzb2,2,163.724268,27.850614
dxb,2,36.785698,6.271235
cvy,2,47.577573,8.247062
dzf,2,162.989547,27.743255
dxb2,2,36.789408,6.288447
dyb2,2,37.528716,6.452413
cvz,2,56.078747,9.712379
dzb3,2,163.448774,27.790501
dxb3,2,36.730590,6.280689
dyb3,2,37.454795,6.443665
csxxsyyszz,2,103.061883,17.491441
dyf2,2,37.426253,6.438395
dxf2,2,37.003917,6.329923
csxy,2,38.254091,6.668644
dzf2,2,162.923883,27.733568
dyf3,2,37.122003,6.375466
csyz,2,46.685252,8.108158
dxf3,2,36.784342,6.286371
dzf3,2,163.234842,27.781209
csxz,2,46.502309,8.060521
dxf,3,38.552918,6.545442
dzb,3,163.825433,27.849330
dyb,3,37.198903,6.381996
cvx,3,47.646600,8.266320
dyf,3,37.326021,6.419358
dzb2,3,163.845730,27.873758
dxb,3,36.763443,6.272520
cvy,3,47.466377,8.234811
dzf,3,163.091894,27.738347
dxb2,3,36.712354,6.279262
dyb2,3,37.508128,6.455004
cvz,3,56.292640,9.749060
dzb3,3,163.386198,27.790506
dxb3,3,36.701277,6.257326
dyb3,3,37.459217,6.445747
csxxsyyszz,3,101.033275,17.200056
dyf2,3,37.541470,6.459058
dxf2,3,36.929305,6.316490
csxy,3,38.253944,6.673161
dzf2,3,162.930903,27.745195
dyf3,3,37.071076,6.373492
csyz,3,46.647691,8.102121
dxf3,3,36.806594,6.290537
dzf3,3,163.233872,27.796873
csxz,3,46.475551,8.061813
dxf,4,36.767334,6.294592
dzb,4,163.852499,27.876647
dyb,4,37.075118,6.369553
cvx,4,47.892611,8.310834
dyf,4,37.398862,6.426131
dzb2,4,163.650986,27.847198
dxb,4,36.762257,6.273406
cvy,4,47.463257,8.236449
dzf,4,163.084667,27.767017
dxb2,4,36.763382,6.288473
dyb2,4,37.484535,6.449142
cvz,4,56.122553,9.724804
dzb3,4,165.321291,28.071208
dxb3,4,36.875701,6.287913
dyb3,4,37.415304,6.442507
csxxsyyszz,4,100.275086,17.092355
dyf2,4,37.524647,6.453999
dxf2,4,36.997533,6.325604
csxy,4,38.229521,6.666511
dzf2,4,162.929326,27.747658
dyf3,4,37.142654,6.414250
csyz,4,46.644584,8.105104
dxf3,4,36.801750,6.293946
dzf3,4,163.132866,27.778931
csxz,4,46.531105,8.113086
#========================= OptEWE [OpenMP] =========================
#Source type                                  :  Force monopole
#Grid Size                                    :  512 x 512 x 512
#Iterations                                   :  5
#Compute time                                 :  9.414491
#Total effective MLUPS                        :  71.282522
#===================================================================
#Number of threads                            :  22
