dxf,0,53.338992,7.603958
dzb,0,234.286377,33.356894
dyb,0,55.905180,7.966365
cvx,0,71.463738,10.199246
dyf,0,56.071115,7.994001
dzb2,0,234.043103,33.265235
dxb,0,53.706661,7.639650
cvy,0,279.918387,35.455747
dzf,0,232.840995,33.197130
dxb2,0,53.070471,7.559888
dyb2,0,56.541396,8.048984
cvz,0,77.200624,11.196900
dzb3,0,233.288917,33.238954
dxb3,0,52.900604,7.550949
dyb3,0,56.726134,8.104379
csxxsyyszz,0,190.392428,26.175983
dyf2,0,56.285525,8.015107
dxf2,0,53.031397,7.552635
csxy,0,53.089091,7.799873
dzf2,0,233.569876,33.257492
dyf3,0,55.579233,7.951121
csyz,0,65.519059,9.512487
dxf3,0,52.810229,7.527291
dzf3,0,232.462405,33.145636
csxz,0,63.474094,9.266485
dxf,1,52.894327,7.540747
dzb,1,234.560050,33.390144
dyb,1,56.440692,8.030878
cvx,1,71.737786,10.247079
dyf,1,56.015259,7.990021
dzb2,1,234.154338,33.355086
dxb,1,53.772371,7.658652
cvy,1,70.301724,10.093545
dzf,1,234.681427,33.419853
dxb2,1,53.038355,7.570622
dyb2,1,56.538652,8.061997
cvz,1,77.420174,11.224332
dzb3,1,233.101861,33.230529
dxb3,1,52.813783,7.530121
dyb3,1,56.729283,8.083923
csxxsyyszz,1,191.311637,26.317492
dyf2,1,55.757781,7.953554
dxf2,1,53.099683,7.572618
csxy,1,53.113005,7.767535
dzf2,1,233.661677,33.297037
dyf3,1,55.640134,7.947144
csyz,1,65.491206,9.515285
dxf3,1,52.892037,7.561112
dzf3,1,232.714129,33.159401
csxz,1,63.414124,9.276632
dxf,2,52.821397,7.569233
dzb,2,234.670127,33.393136
dyb,2,56.478678,8.059166
cvx,2,71.536594,10.213931
dyf,2,56.078230,8.010606
dzb2,2,234.106356,33.350607
dxb,2,53.881050,7.666294
cvy,2,70.414140,10.063354
dzf,2,232.670636,33.173463
dxb2,2,52.973272,7.552124
dyb2,2,56.580486,8.058695
cvz,2,77.178280,11.209412
dzb3,2,233.075948,33.222248
dxb3,2,52.797755,7.533457
dyb3,2,56.766640,8.122401
csxxsyyszz,2,190.426802,26.154550
dyf2,2,56.292039,8.024891
dxf2,2,53.004140,7.586458
csxy,2,53.046110,7.756064
dzf2,2,233.572013,33.253696
dyf3,2,55.115683,7.926143
csyz,2,65.666713,9.534292
dxf3,2,52.790833,7.524038
dzf3,2,232.509260,33.145610
csxz,2,63.386074,9.267288
dxf,3,52.928474,7.549781
dzb,3,234.536920,33.414057
dyb,3,56.516235,8.057339
cvx,3,71.554248,10.215104
dyf,3,56.004369,8.016953
dzb2,3,234.225060,33.360322
dxb,3,53.745393,7.646870
cvy,3,70.305098,10.086828
dzf,3,232.767979,33.178762
dxb2,3,53.123664,7.591613
dyb2,3,56.698489,8.069759
cvz,3,77.143876,11.185618
dzb3,3,233.017804,33.216563
dxb3,3,52.863728,7.541525
dyb3,3,56.583639,8.067071
csxxsyyszz,3,191.309997,26.301407
dyf2,3,55.777527,7.955759
dxf2,3,53.053731,7.563894
csxy,3,53.072534,7.760410
dzf2,3,233.489693,33.315004
dyf3,3,55.144248,7.896874
csyz,3,65.759504,9.549727
dxf3,3,52.866989,7.575399
dzf3,3,232.482188,33.117037
csxz,3,63.398184,9.288443
dxf,4,52.828350,7.554698
dzb,4,234.615347,33.386086
dyb,4,56.461166,8.075772
cvx,4,71.586663,10.215318
dyf,4,56.136635,8.013262
dzb2,4,234.118320,33.331975
dxb,4,53.636220,7.631946
cvy,4,70.320869,10.050512
dzf,4,232.804618,33.213458
dxb2,4,53.128925,7.567249
dyb2,4,56.493097,8.047831
cvz,4,77.237524,11.222050
dzb3,4,233.052673,33.206162
dxb3,4,52.802598,7.532315
dyb3,4,56.524467,8.066309
csxxsyyszz,4,188.693785,25.946388
dyf2,4,55.795528,7.959061
dxf2,4,53.012429,7.591862
csxy,4,53.092233,7.778615
dzf2,4,233.469362,33.285900
dyf3,4,55.653300,7.963670
csyz,4,65.482368,9.510214
dxf3,4,52.850101,7.537990
dzf3,4,232.538005,33.164242
csxz,4,63.451225,9.295988
#========================= OptEWE [OpenMP] =========================
#Source type                                  :  Force monopole
#Grid Size                                    :  512 x 512 x 512
#Iterations                                   :  5
#Compute time                                 :  13.451273
#Total effective MLUPS                        :  49.890344
#===================================================================
#Number of threads                            :  9
