dxf,0,41.645894,7.250744
dzb,0,169.090205,30.143047
dyb,0,41.755338,7.355373
cvx,0,51.593376,9.305303
dyf,0,41.779990,7.386435
dzb2,0,168.883366,30.164928
dxb,0,41.177329,7.211898
cvy,0,248.176208,38.300785
dzf,0,168.427261,30.054977
dxb2,0,41.167857,7.239798
dyb2,0,42.146189,7.459995
cvz,0,60.126161,10.812768
dzb3,0,168.668599,30.113793
dxb3,0,41.115050,7.234097
dyb3,0,42.050817,7.440486
csxxsyyszz,0,107.251207,18.978051
dyf2,0,41.907863,7.420006
dxf2,0,41.423113,7.295766
csxy,0,41.934677,7.587494
dzf2,0,168.364940,30.098080
dyf3,0,41.659855,7.386026
csyz,0,50.529607,9.081968
dxf3,0,41.165881,7.243879
dzf3,0,168.689777,30.155405
csxz,0,50.354001,9.043143
dxf,1,41.159441,7.242506
dzb,1,168.852650,30.177196
dyb,1,41.747026,7.398447
cvx,1,51.575718,9.314404
dyf,1,41.715559,7.402693
dzb2,1,169.158815,30.229965
dxb,1,41.193137,7.267475
cvy,1,51.319796,9.266370
dzf,1,168.345311,30.082564
dxb2,1,41.119954,7.244284
dyb2,1,42.035408,7.454478
cvz,1,60.145152,10.830250
dzb3,1,168.805663,30.160110
dxb3,1,41.152633,7.247170
dyb3,1,41.998522,7.436180
csxxsyyszz,1,107.165402,18.980319
dyf2,1,41.915958,7.431187
dxf2,1,41.432766,7.305415
csxy,1,41.982652,7.596663
dzf2,1,169.819872,30.332832
dyf3,1,41.717828,7.397880
csyz,1,50.532541,9.084925
dxf3,1,41.178077,7.246144
dzf3,1,168.514492,30.155048
csxz,1,50.388161,9.055697
dxf,2,41.218368,7.266534
dzb,2,168.826613,30.184832
dyb,2,41.791230,7.406766
cvx,2,51.519257,9.307124
dyf,2,41.714294,7.397496
dzb2,2,168.900750,30.193616
dxb,2,41.176251,7.272157
cvy,2,51.539547,9.308358
dzf,2,168.339530,30.094032
dxb2,2,41.123345,7.250500
dyb2,2,42.041324,7.460424
cvz,2,60.162451,10.838217
dzb3,2,168.830758,30.188925
dxb3,2,41.128489,7.248776
dyb3,2,42.874116,7.573980
csxxsyyszz,2,107.198657,18.986947
dyf2,2,41.925806,7.435980
dxf2,2,41.459285,7.311296
csxy,2,41.945223,7.592573
dzf2,2,168.449312,30.141526
dyf3,2,41.623895,7.394170
csyz,2,50.550238,9.089564
dxf3,2,41.214476,7.262254
dzf3,2,168.858603,30.205203
csxz,2,50.346954,9.053980
dxf,3,41.118884,7.242063
dzb,3,169.085019,30.239520
dyb,3,41.577177,7.380070
cvx,3,51.642753,9.338325
dyf,3,41.777062,7.412271
dzb2,3,168.880563,30.206026
dxb,3,41.167582,7.272181
cvy,3,51.409579,9.293251
dzf,3,168.501103,30.136298
dxb2,3,41.160951,7.260480
dyb2,3,42.033967,7.457088
cvz,3,60.094672,10.829762
dzb3,3,168.820885,30.189394
dxb3,3,41.187747,7.262094
dyb3,3,41.987572,7.439978
csxxsyyszz,3,107.208906,18.989377
dyf2,3,41.898836,7.429857
dxf2,3,41.376442,7.300416
csxy,3,41.947500,7.593107
dzf2,3,168.423159,30.123596
dyf3,3,41.637301,7.404903
csyz,3,50.645482,9.101821
dxf3,3,41.151146,7.249899
dzf3,3,168.555301,30.166069
csxz,3,50.340894,9.063297
dxf,4,41.147084,7.252173
dzb,4,169.122487,30.239669
dyb,4,41.743251,7.385522
cvx,4,51.543586,9.320515
dyf,4,41.767046,7.423485
dzb2,4,168.937746,30.217124
dxb,4,41.152547,7.241413
cvy,4,51.418754,9.295880
dzf,4,168.522092,30.145008
dxb2,4,41.186072,7.262158
dyb2,4,42.024648,7.461046
cvz,4,60.120843,10.840660
dzb3,4,168.945177,30.212490
dxb3,4,41.112098,7.261424
dyb3,4,42.125059,7.482703
csxxsyyszz,4,107.196573,19.003911
dyf2,4,41.907155,7.445464
dxf2,4,41.401820,7.333177
csxy,4,41.934701,7.591644
dzf2,4,168.306360,30.124734
dyf3,4,41.688800,7.434300
csyz,4,50.538911,9.102957
dxf3,4,41.130941,7.265589
dzf3,4,168.640145,30.198737
csxz,4,50.358546,9.108602
#========================= OptEWE [OpenMP] =========================
#Source type                                  :  Force monopole
#Grid Size                                    :  512 x 512 x 512
#Iterations                                   :  5
#Compute time                                 :  9.818913
#Total effective MLUPS                        :  68.346534
#===================================================================
#Number of threads                            :  15
