dxf,0,139.784521,17.007984
dzb,0,735.852067,86.546984
dyb,0,166.485224,20.059982
cvx,0,260.138107,30.937445
dyf,0,163.364022,19.708879
dzb2,0,740.309662,87.017562
dxb,0,141.728839,17.215593
cvy,0,606.660340,69.893156
dzf,0,737.198981,86.705671
dxb2,0,141.527914,17.192425
dyb2,0,166.937445,20.106522
cvz,0,259.848363,30.971112
dzb3,0,748.400565,87.887046
dxb3,0,142.060103,17.240818
dyb3,0,166.543559,20.052761
csxxsyyszz,0,727.640600,85.187223
dyf2,0,163.292947,19.686572
dxf2,0,142.426852,17.316855
csxy,0,119.338215,14.811130
dzf2,0,733.596804,86.158073
dyf3,0,166.282473,20.066731
csyz,0,136.262788,16.744030
dxf3,0,143.101551,17.351063
dzf3,0,740.125981,86.942607
csxz,0,131.196345,16.188321
dxf,1,140.332896,17.035375
dzb,1,739.286326,86.878238
dyb,1,166.830269,20.107516
cvx,1,260.120927,30.960222
dyf,1,163.445822,19.701288
dzb2,1,740.824517,87.456229
dxb,1,141.738886,17.206654
cvy,1,255.242874,30.448513
dzf,1,734.323882,86.489333
dxb2,1,141.332636,17.210831
dyb2,1,166.512162,20.061122
cvz,1,260.043580,31.067391
dzb3,1,748.686829,88.088993
dxb3,1,142.109977,17.252052
dyb3,1,166.499063,20.103151
csxxsyyszz,1,722.890920,84.723513
dyf2,1,163.366230,19.723625
dxf2,1,142.302084,17.333307
csxy,1,119.322253,14.813586
dzf2,1,728.679835,85.843224
dyf3,1,162.598019,19.633462
csyz,1,136.222405,16.830500
dxf3,1,143.127186,17.365769
dzf3,1,741.637166,87.307187
csxz,1,131.187293,16.235907
dxf,2,140.427889,17.057909
dzb,2,737.045146,86.838801
dyb,2,163.804982,19.739120
cvx,2,260.046450,30.983740
dyf,2,165.670036,20.055374
dzb2,2,738.399870,86.879603
dxb,2,141.709221,17.214697
cvy,2,255.102003,30.395601
dzf,2,737.093651,86.828932
dxb2,2,141.764760,17.197155
dyb2,2,166.394358,20.071566
cvz,2,259.834133,31.002641
dzb3,2,748.616775,87.970080
dxb3,2,142.441379,17.274355
dyb3,2,166.502154,20.077508
csxxsyyszz,2,722.828234,84.647277
dyf2,2,165.558776,19.992957
dxf2,2,142.411756,17.275089
csxy,2,119.245782,14.827621
dzf2,2,732.711520,87.740081
dyf3,2,162.497470,20.182755
csyz,2,136.268814,17.042242
dxf3,2,143.111788,17.352674
dzf3,2,731.988149,86.212199
csxz,2,131.111340,16.223919
dxf,3,140.076371,17.045050
dzb,3,743.470983,87.502291
dyb,3,166.250459,20.071526
cvx,3,259.631182,30.918616
dyf,3,163.132184,19.726759
dzb2,3,741.366301,87.287897
dxb,3,141.469618,17.198080
cvy,3,256.322632,30.575663
dzf,3,736.887336,86.925619
dxb2,3,141.219921,17.224756
dyb2,3,166.330323,20.137602
cvz,3,259.415630,31.055827
dzb3,3,746.450484,87.847764
dxb3,3,142.202559,17.284400
dyb3,3,166.229658,20.066789
csxxsyyszz,3,722.165691,84.630785
dyf2,3,163.130875,19.758485
dxf2,3,142.262301,17.329697
csxy,3,119.098062,14.821310
dzf2,3,728.496885,85.816931
dyf3,3,162.339562,19.661770
csyz,3,136.064670,16.824569
dxf3,3,143.096201,17.419248
dzf3,3,742.345633,87.597406
csxz,3,130.912740,16.206774
dxf,4,140.099887,17.051611
dzb,4,733.413717,86.433677
dyb,4,166.758827,20.185014
cvx,4,259.757530,31.033435
dyf,4,163.257020,19.786503
dzb2,4,740.396106,87.290029
dxb,4,141.395398,17.206361
cvy,4,254.642203,30.388711
dzf,4,737.547650,87.083641
dxb2,4,142.867786,17.403454
dyb2,4,166.329382,20.118182
cvz,4,259.855119,31.104707
dzb3,4,746.156888,87.834160
dxb3,4,141.792162,17.260468
dyb3,4,166.458338,20.130559
csxxsyyszz,4,722.504967,84.900818
dyf2,4,165.386012,20.030399
dxf2,4,142.211977,17.305666
csxy,4,119.053542,14.803840
dzf2,4,726.260047,85.555900
dyf3,4,162.354664,19.672262
csyz,4,135.881206,16.797818
dxf3,4,143.293179,17.458791
dzf3,4,743.170454,87.595479
csxz,4,130.842754,16.200031
#========================= OptEWE [OpenMP] =========================
#Source type                                  :  Force monopole
#Grid Size                                    :  512 x 512 x 512
#Iterations                                   :  5
#Compute time                                 :  41.143959
#Total effective MLUPS                        :  16.310745
#===================================================================
#Number of threads                            :  2
