dxf,0,56.221516,8.458309
dzb,0,297.254222,43.517793
dyb,0,65.894298,9.778664
cvx,0,102.345203,14.822586
dyf,0,65.306392,9.700314
dzb2,0,299.852505,43.857163
dxb,0,57.536660,8.607947
cvy,0,354.881874,47.126393
dzf,0,295.246071,43.240998
dxb2,0,57.515250,8.614127
dyb2,0,66.071128,9.817878
cvz,0,102.998052,15.187137
dzb3,0,296.494511,43.420650
dxb3,0,57.477378,8.608211
dyb3,0,65.891907,9.800560
csxxsyyszz,0,276.589197,38.865880
dyf2,0,65.551661,9.723659
dxf2,0,55.796298,8.395630
csxy,0,49.554178,7.813528
dzf2,0,297.743977,43.607542
dyf3,0,65.070379,9.667321
csyz,0,57.963038,9.123284
dxf3,0,55.397103,8.366420
dzf3,0,297.553739,43.585526
csxz,0,57.604518,9.070515
dxf,1,55.709639,8.409590
dzb,1,296.950763,43.505901
dyb,1,65.830353,9.808354
cvx,1,102.448215,14.810785
dyf,1,65.365254,9.703813
dzb2,1,297.322308,43.533852
dxb,1,57.403503,8.607363
cvy,1,101.062878,14.656325
dzf,1,295.539442,43.275755
dxb2,1,57.540566,8.629622
dyb2,1,66.040897,9.821641
cvz,1,103.103110,15.178987
dzb3,1,296.494196,43.431921
dxb3,1,57.545273,8.614844
dyb3,1,65.967281,9.820756
csxxsyyszz,1,276.600952,38.843528
dyf2,1,65.406451,9.726403
dxf2,1,55.767661,8.395601
csxy,1,49.549841,7.792684
dzf2,1,297.705820,43.583036
dyf3,1,65.036338,9.650494
csyz,1,58.008464,9.114217
dxf3,1,55.354384,8.375507
dzf3,1,297.570430,43.564086
csxz,1,57.646532,9.088733
dxf,2,55.713953,8.405232
dzb,2,296.938777,43.493558
dyb,2,65.892665,9.782848
cvx,2,102.450243,14.810709
dyf,2,65.336661,9.721266
dzb2,2,297.274360,43.520866
dxb,2,57.470857,8.619411
cvy,2,101.098249,14.629677
dzf,2,295.457263,43.273048
dxb2,2,57.526603,8.613755
dyb2,2,66.130299,9.817188
cvz,2,103.052536,15.192520
dzb3,2,296.676229,43.439546
dxb3,2,57.492514,8.605119
dyb3,2,66.009048,9.796883
csxxsyyszz,2,276.570536,38.874450
dyf2,2,65.230747,9.681046
dxf2,2,55.940213,8.428080
csxy,2,49.535560,7.793959
dzf2,2,298.075837,43.644139
dyf3,2,64.913010,9.667366
csyz,2,57.969069,9.122022
dxf3,2,55.386580,8.356936
dzf3,2,297.343498,43.773263
csxz,2,57.618301,9.082939
dxf,3,55.750274,8.415112
dzb,3,296.915769,43.544739
dyb,3,65.824376,9.785849
cvx,3,102.392111,14.847102
dyf,3,65.441132,9.722525
dzb2,3,298.960207,43.802901
dxb,3,57.446723,8.620903
cvy,3,101.146725,14.695980
dzf,3,296.204888,43.485337
dxb2,3,57.504738,8.673956
dyb2,3,65.987301,9.841095
cvz,3,103.203631,15.218235
dzb3,3,296.552880,43.531449
dxb3,3,57.596128,8.644544
dyb3,3,65.946493,9.850019
csxxsyyszz,3,276.531753,38.851218
dyf2,3,65.198862,9.733849
dxf2,3,55.722627,8.389310
csxy,3,49.569254,7.803634
dzf2,3,297.851379,43.656145
dyf3,3,64.959732,9.659192
csyz,3,58.046835,9.121455
dxf3,3,55.303693,8.439634
dzf3,3,297.441872,43.654443
csxz,3,57.693030,9.139578
dxf,4,55.637837,8.403387
dzb,4,296.825225,43.588360
dyb,4,65.742256,9.778179
cvx,4,102.481287,14.840817
dyf,4,65.003846,9.708615
dzb2,4,297.279341,43.565093
dxb,4,57.466704,8.644843
cvy,4,101.173161,14.643464
dzf,4,295.757656,43.351275
dxb2,4,57.556855,8.623285
dyb2,4,65.907473,9.795129
cvz,4,103.125703,15.231911
dzb3,4,296.382757,43.446678
dxb3,4,57.664494,8.638923
dyb3,4,66.033131,9.810775
csxxsyyszz,4,277.492797,39.119646
dyf2,4,65.486129,9.765863
dxf2,4,55.821711,8.422957
csxy,4,49.556176,7.801089
dzf2,4,297.892383,43.613461
dyf3,4,64.832857,9.683057
csyz,4,57.956714,9.127937
dxf3,4,55.417940,8.363612
dzf3,4,297.433623,43.560844
csxz,4,57.595302,9.113671
#========================= OptEWE [OpenMP] =========================
#Source type                                  :  Force monopole
#Grid Size                                    :  512 x 512 x 512
#Iterations                                   :  5
#Compute time                                 :  16.575062
#Total effective MLUPS                        :  40.487851
#===================================================================
#Number of threads                            :  8
