dxf,0,55.586303,7.776962
dzb,0,263.527625,36.522069
dyb,0,60.800301,8.489977
cvx,0,81.817401,11.352411
dyf,0,60.275849,8.431084
dzb2,0,261.076241,36.188715
dxb,0,55.210561,7.723303
cvy,0,287.189480,35.927751
dzf,0,262.666662,36.337295
dxb2,0,55.925275,7.823283
dyb2,0,60.769265,8.518846
cvz,0,83.595178,11.823677
dzb3,0,261.519702,36.252298
dxb3,0,55.627027,7.785954
dyb3,0,60.958041,8.522204
csxxsyyszz,0,220.861327,29.595417
dyf2,0,60.694057,8.475509
dxf2,0,56.461711,7.890281
csxy,0,55.870412,8.003559
dzf2,0,262.053330,36.287065
dyf3,0,59.865581,8.375783
csyz,0,64.452198,9.275135
dxf3,0,55.031231,7.714509
dzf3,0,261.317412,36.198422
csxz,0,64.294217,9.213312
dxf,1,55.368800,7.766324
dzb,1,263.294774,36.448938
dyb,1,60.510411,8.445106
cvx,1,82.017315,11.376973
dyf,1,60.247958,8.428398
dzb2,1,261.145839,36.164850
dxb,1,55.172106,7.736799
cvy,1,79.796378,11.140461
dzf,1,262.737589,36.383184
dxb2,1,55.912858,7.832459
dyb2,1,60.882237,8.508538
cvz,1,83.573060,11.825956
dzb3,1,261.494171,36.219925
dxb3,1,55.614182,7.794766
dyb3,1,60.832316,8.506835
csxxsyyszz,1,219.128892,29.346415
dyf2,1,60.306331,8.442157
dxf2,1,56.412138,7.908884
csxy,1,55.877305,8.013614
dzf2,1,262.062923,36.271270
dyf3,1,59.882136,8.414299
csyz,1,64.511695,9.249731
dxf3,1,55.096555,7.720405
dzf3,1,261.338489,36.225811
csxz,1,64.338137,9.231182
dxf,2,55.216423,7.743619
dzb,2,263.388984,36.478628
dyb,2,60.818284,8.507938
cvx,2,81.788981,11.385174
dyf,2,60.422872,8.451649
dzb2,2,260.983977,36.172553
dxb,2,55.238611,7.754241
cvy,2,79.844047,11.109165
dzf,2,262.701509,36.379058
dxb2,2,55.858644,7.816168
dyb2,2,62.552510,8.717156
cvz,2,85.403658,12.085722
dzb3,2,261.466800,36.193889
dxb3,2,55.614146,7.812568
dyb3,2,60.790560,8.494132
csxxsyyszz,2,220.715761,29.551429
dyf2,2,60.224536,8.433013
dxf2,2,56.439989,7.911694
csxy,2,55.939364,8.020061
dzf2,2,262.061031,36.298430
dyf3,2,59.849025,8.390514
csyz,2,64.523902,9.235105
dxf3,2,55.665064,8.110986
dzf3,2,261.185645,37.520360
csxz,2,64.259064,9.524094
dxf,3,55.201327,8.002134
dzb,3,263.196105,37.690550
dyb,3,60.835989,8.717454
cvx,3,81.824779,11.578576
dyf,3,60.521207,8.622441
dzb2,3,260.879755,36.516195
dxb,3,55.280443,7.770539
cvy,3,79.787533,11.153632
dzf,3,262.966366,36.441883
dxb2,3,55.895502,7.856015
dyb2,3,60.767661,8.499876
cvz,3,83.559383,11.828568
dzb3,3,261.498801,36.299239
dxb3,3,55.651484,7.801581
dyb3,3,61.002190,8.525056
csxxsyyszz,3,220.640170,29.569012
dyf2,3,60.727747,8.494416
dxf2,3,56.419306,7.889705
csxy,3,55.850120,8.053685
dzf2,3,262.062914,36.322266
dyf3,3,59.836744,8.468984
csyz,3,64.590583,9.253335
dxf3,3,54.950961,7.716439
dzf3,3,261.429748,36.232249
csxz,3,64.254340,9.213074
dxf,4,55.169193,7.740746
dzb,4,263.414483,36.486384
dyb,4,60.529787,8.457939
cvx,4,82.064272,11.396920
dyf,4,60.214702,8.444262
dzb2,4,260.947356,36.166979
dxb,4,55.203384,7.751233
cvy,4,79.764881,11.103567
dzf,4,262.744006,36.385939
dxb2,4,55.868970,7.825944
dyb2,4,60.715986,8.501095
cvz,4,83.588296,11.824793
dzb3,4,261.477903,36.233454
dxb3,4,55.656379,7.823383
dyb3,4,60.905316,8.541111
csxxsyyszz,4,220.710471,29.533446
dyf2,4,60.205882,8.468030
dxf2,4,56.445642,7.902511
csxy,4,55.888491,8.008722
dzf2,4,262.173480,36.311895
dyf3,4,59.813105,8.380698
csyz,4,64.497455,9.235596
dxf3,4,55.091401,7.727173
dzf3,4,261.221354,36.227577
csxz,4,64.278422,9.264893
#========================= OptEWE [OpenMP] =========================
#Source type                                  :  Force monopole
#Grid Size                                    :  512 x 512 x 512
#Iterations                                   :  5
#Compute time                                 :  14.806660
#Total effective MLUPS                        :  45.323432
#===================================================================
#Number of threads                            :  7
