dxf,0,42.119504,6.925427
dzb,0,177.865947,29.466126
dyb,0,40.355277,6.747138
cvx,0,50.651189,8.576610
dyf,0,40.456083,6.784581
dzb2,0,177.875701,29.504883
dxb,0,39.843960,6.625880
cvy,0,353.188084,50.248341
dzf,0,177.145415,29.389685
dxb2,0,39.868987,6.646695
dyb2,0,40.752197,6.846490
cvz,0,59.452138,10.066173
dzb3,0,177.767114,29.515547
dxb3,0,39.807828,6.627154
dyb3,0,40.750785,6.842857
csxxsyyszz,0,105.387967,17.624660
dyf2,0,40.648341,6.827590
dxf2,0,40.052724,6.681056
csxy,0,41.402285,7.058849
dzf2,0,176.868700,29.409140
dyf3,0,40.405443,6.771399
csyz,0,49.947704,8.468706
dxf3,0,39.858414,6.661702
dzf3,0,177.278748,29.471477
csxz,0,49.735988,8.435004
dxf,1,39.837239,6.660956
dzb,1,177.869297,29.558473
dyb,1,40.255620,6.738263
cvx,1,50.616768,8.592439
dyf,1,40.279599,6.767931
dzb2,1,178.117125,29.587975
dxb,1,39.828267,6.647678
cvy,1,50.463400,8.561188
dzf,1,176.909484,29.422879
dxb2,1,39.797174,6.641032
dyb2,1,40.745780,6.848565
cvz,1,59.498247,10.080807
dzb3,1,177.660789,29.519605
dxb3,1,39.769483,6.642716
dyb3,1,40.725928,6.842319
csxxsyyszz,1,105.371935,17.627764
dyf2,1,40.692818,6.831428
dxf2,1,40.037469,6.684351
csxy,1,41.175785,7.019274
dzf2,1,177.169980,29.459086
dyf3,1,40.250566,6.779944
csyz,1,49.948047,8.475008
dxf3,1,39.851705,6.662889
dzf3,1,177.380500,29.508583
csxz,1,49.752014,8.438453
dxf,2,39.841369,6.663347
dzb,2,178.791429,29.697007
dyb,2,40.383670,6.761741
cvx,2,50.608334,8.592711
dyf,2,40.486852,6.804321
dzb2,2,178.015456,29.568614
dxb,2,39.853560,6.645945
cvy,2,50.669571,8.594704
dzf,2,176.940946,29.430845
dxb2,2,39.814603,6.655108
dyb2,2,40.783089,6.864668
cvz,2,59.472533,10.095218
dzb3,2,177.657544,29.527254
dxb3,2,39.788391,6.657520
dyb3,2,40.665512,6.845361
csxxsyyszz,2,105.334391,17.654954
dyf2,2,40.726915,6.862727
dxf2,2,40.136804,6.738802
csxy,2,41.132163,7.037306
dzf2,2,177.208345,29.489473
dyf3,2,40.266506,6.802762
csyz,2,49.911673,8.477033
dxf3,2,39.791032,6.659539
dzf3,2,179.098028,29.766512
csxz,2,49.784654,8.464733
dxf,3,39.805359,6.667155
dzb,3,177.956390,29.591711
dyb,3,40.461063,6.827082
cvx,3,50.574275,8.598478
dyf,3,40.486838,6.832756
dzb2,3,178.011112,29.603618
dxb,3,40.084599,6.705103
cvy,3,50.494272,8.574680
dzf,3,176.886708,29.439090
dxb2,3,39.814578,6.669549
dyb2,3,40.705051,6.872490
cvz,3,59.512608,10.091411
dzb3,3,177.730356,29.568025
dxb3,3,39.778963,6.671708
dyb3,3,40.702926,6.844512
csxxsyyszz,3,105.015005,17.609642
dyf2,3,40.480643,6.830626
dxf2,3,40.089897,6.739279
csxy,3,41.134220,7.039452
dzf2,3,177.076221,29.483685
dyf3,3,40.327047,6.821872
csyz,3,49.940410,8.487299
dxf3,3,39.825462,6.671129
dzf3,3,177.456870,29.547435
csxz,3,49.734181,8.453835
dxf,4,39.883238,6.681537
dzb,4,177.810369,29.586055
dyb,4,40.407220,6.820282
cvx,4,50.664869,8.616316
dyf,4,40.278766,6.809749
dzb2,4,177.999945,29.620334
dxb,4,39.829899,6.671872
cvy,4,50.708942,8.619910
dzf,4,177.087327,29.564184
dxb2,4,39.820723,6.713798
dyb2,4,40.718046,6.887409
cvz,4,59.600453,10.108627
dzb3,4,177.666212,29.570009
dxb3,4,39.827889,6.677243
dyb3,4,40.732471,6.868270
csxxsyyszz,4,105.444044,17.664217
dyf2,4,40.583254,6.841056
dxf2,4,40.018734,6.700994
csxy,4,41.144475,7.024940
dzf2,4,177.312877,29.485694
dyf3,4,40.302820,6.814295
csyz,4,49.942338,8.483954
dxf3,4,39.841011,6.671061
dzf3,4,177.282351,29.515777
csxz,4,49.741431,8.489981
#========================= OptEWE [OpenMP] =========================
#Source type                                  :  Force monopole
#Grid Size                                    :  512 x 512 x 512
#Iterations                                   :  5
#Compute time                                 :  10.079977
#Total effective MLUPS                        :  66.576405
#===================================================================
#Number of threads                            :  19
