dxf,0,54.871285,7.661036
dzb,0,247.002462,34.391992
dyb,0,58.407805,8.162125
cvx,0,75.483318,10.551979
dyf,0,57.821753,8.103008
dzb2,0,245.664782,34.218890
dxb,0,54.519760,7.614755
cvy,0,281.933094,35.124205
dzf,0,244.592265,34.067923
dxb2,0,54.539750,7.628017
dyb2,0,58.457372,8.176968
cvz,0,80.475980,11.460712
dzb3,0,245.848659,34.210661
dxb3,0,54.491044,7.637503
dyb3,0,58.726542,8.256829
csxxsyyszz,0,201.522883,27.133368
dyf2,0,58.242660,8.170353
dxf2,0,58.403283,8.105524
csxy,0,56.405985,8.051346
dzf2,0,249.315111,34.722095
dyf3,0,57.757278,8.077331
csyz,0,65.366528,9.332657
dxf3,0,54.350672,7.602664
dzf3,0,248.065982,34.547156
csxz,0,65.209017,9.314183
dxf,1,54.530240,7.633260
dzb,1,246.975251,34.398772
dyb,1,58.160413,8.141246
cvx,1,75.666530,10.610634
dyf,1,57.801417,8.104567
dzb2,1,245.589557,34.241969
dxb,1,54.598985,7.635205
cvy,1,74.212749,10.385146
dzf,1,244.651971,34.133549
dxb2,1,54.490547,7.614810
dyb2,1,58.480866,8.183666
cvz,1,80.586460,11.442540
dzb3,1,245.815502,34.263396
dxb3,1,54.557370,7.651793
dyb3,1,58.589477,8.198743
csxxsyyszz,1,202.806865,27.290944
dyf2,1,58.149587,8.178981
dxf2,1,58.384346,8.117492
csxy,1,55.490399,7.925513
dzf2,1,249.410030,34.707740
dyf3,1,57.835476,8.098559
csyz,1,65.384831,9.338076
dxf3,1,54.222197,7.586387
dzf3,1,248.305840,34.566034
csxz,1,65.198918,9.317728
dxf,2,54.447921,7.622952
dzb,2,246.925101,34.418297
dyb,2,58.451473,8.168471
cvx,2,75.485794,10.607714
dyf,2,58.102262,8.139037
dzb2,2,245.951788,34.334296
dxb,2,54.555961,7.632963
cvy,2,74.238368,10.404483
dzf,2,244.583940,34.159229
dxb2,2,54.478594,7.633448
dyb2,2,58.467683,8.197656
cvz,2,80.621818,11.466610
dzb3,2,245.770784,34.294725
dxb3,2,54.517301,7.628771
dyb3,2,58.593340,8.240787
csxxsyyszz,2,202.836417,27.298898
dyf2,2,57.850469,8.096737
dxf2,2,58.425470,8.152787
csxy,2,55.469508,7.917056
dzf2,2,249.421060,34.740825
dyf3,2,57.749885,8.089755
csyz,2,65.416173,9.338525
dxf3,2,54.343463,7.603111
dzf3,2,248.193487,34.621377
csxz,2,65.200633,9.325272
dxf,3,54.528691,7.639737
dzb,3,246.980490,34.466351
dyb,3,58.447336,8.183723
cvx,3,75.567562,10.604484
dyf,3,57.709017,8.101148
dzb2,3,245.820129,34.332214
dxb,3,54.599490,7.642832
cvy,3,74.198994,10.388713
dzf,3,244.489945,34.125478
dxb2,3,54.461051,7.619198
dyb2,3,58.437850,8.181542
cvz,3,80.538575,11.429725
dzb3,3,245.918880,34.287139
dxb3,3,54.430958,7.617661
dyb3,3,58.569589,8.241595
csxxsyyszz,3,202.804229,27.317679
dyf2,3,57.786162,8.101938
dxf2,3,58.391627,8.161324
csxy,3,55.492208,7.938671
dzf2,3,249.425861,34.754661
dyf3,3,57.513065,8.095086
csyz,3,65.401473,9.361196
dxf3,3,54.376883,7.618225
dzf3,3,248.085204,34.569556
csxz,3,65.137344,9.319379
dxf,4,54.390420,7.624735
dzb,4,246.902811,34.416185
dyb,4,58.457819,8.181172
cvx,4,75.471957,10.614714
dyf,4,57.762965,8.101256
dzb2,4,245.564665,34.259377
dxb,4,54.529941,7.622628
cvy,4,74.230275,10.386378
dzf,4,246.711850,34.408468
dxb2,4,54.589274,7.637746
dyb2,4,58.574763,8.203639
cvz,4,80.532657,11.448650
dzb3,4,245.920847,34.340058
dxb3,4,54.534135,7.635509
dyb3,4,58.563611,8.235508
csxxsyyszz,4,202.755016,27.325959
dyf2,4,57.886914,8.113979
dxf2,4,58.432980,8.158705
csxy,4,55.420251,7.928013
dzf2,4,249.571499,34.714922
dyf3,4,57.572384,8.060865
csyz,4,65.363990,9.336441
dxf3,4,54.272393,7.588807
dzf3,4,248.033523,34.580089
csxz,4,65.164418,9.343465
#========================= OptEWE [OpenMP] =========================
#Source type                                  :  Force monopole
#Grid Size                                    :  512 x 512 x 512
#Iterations                                   :  5
#Compute time                                 :  14.108331
#Total effective MLUPS                        :  47.566835
#===================================================================
#Number of threads                            :  8
