dxf,0,43.483436,7.015811
dzb,0,185.194842,29.889778
dyb,0,43.163522,7.009756
cvx,0,54.362164,8.927893
dyf,0,43.087572,7.028540
dzb2,0,185.134930,29.912903
dxb,0,42.306933,6.828603
cvy,0,336.322161,46.778755
dzf,0,184.647057,29.842587
dxb2,0,42.276969,6.837219
dyb2,0,43.394309,7.074357
cvz,0,63.998629,10.473006
dzb3,0,185.055761,29.902462
dxb3,0,42.239689,6.840069
dyb3,0,43.354898,7.057334
csxxsyyszz,0,127.857409,20.321646
dyf2,0,43.328527,7.069290
dxf2,0,42.501800,6.893985
csxy,0,43.867749,7.246343
dzf2,0,184.521264,29.818536
dyf3,0,43.093635,7.042218
csyz,0,53.226786,8.729193
dxf3,0,42.268104,6.848153
dzf3,0,184.577402,29.843858
csxz,0,53.085213,8.705975
dxf,1,42.296799,6.854124
dzb,1,185.175730,29.925684
dyb,1,42.987882,7.009711
cvx,1,54.339019,8.933068
dyf,1,44.147350,7.176224
dzb2,1,185.035850,29.902460
dxb,1,42.243752,6.844328
cvy,1,54.389205,8.917887
dzf,1,184.966778,29.931925
dxb2,1,42.203983,6.849275
dyb2,1,43.365423,7.071575
cvz,1,63.965056,10.470710
dzb3,1,184.831991,29.867632
dxb3,1,42.238021,6.848679
dyb3,1,43.597676,7.106542
csxxsyyszz,1,128.149750,20.392198
dyf2,1,43.295573,7.058501
dxf2,1,42.509292,6.892423
csxy,1,43.873619,7.260596
dzf2,1,184.536915,29.877369
dyf3,1,43.015959,7.021399
csyz,1,53.243230,8.739029
dxf3,1,42.233786,6.867549
dzf3,1,184.688472,29.906499
csxz,1,53.069834,8.728419
dxf,2,42.317938,6.876424
dzb,2,185.399167,29.996742
dyb,2,43.202957,7.035001
cvx,2,54.382817,8.951193
dyf,2,43.131153,7.046552
dzb2,2,185.274047,29.979965
dxb,2,42.326698,6.863298
cvy,2,54.361386,8.940506
dzf,2,184.651790,29.889019
dxb2,2,42.240880,6.860663
dyb2,2,43.462115,7.088309
cvz,2,65.172371,10.642307
dzb3,2,185.252211,29.985224
dxb3,2,42.261956,6.861565
dyb3,2,43.363780,7.072030
csxxsyyszz,2,128.040305,20.397805
dyf2,2,43.288682,7.080826
dxf2,2,42.543401,6.916445
csxy,2,43.898654,7.260959
dzf2,2,184.545460,29.878008
dyf3,2,43.002793,7.042066
csyz,2,53.227093,8.746542
dxf3,2,42.271022,6.859674
dzf3,2,184.628749,29.882063
csxz,2,53.035951,8.710552
dxf,3,42.253940,6.858823
dzb,3,185.188421,29.949275
dyb,3,43.149206,7.021334
cvx,3,54.346771,8.941621
dyf,3,43.097326,7.039948
dzb2,3,185.235802,29.957804
dxb,3,42.275503,6.852475
cvy,3,54.339246,8.933105
dzf,3,184.605705,29.874115
dxb2,3,42.228171,6.863397
dyb2,3,43.428015,7.089623
cvz,3,63.990903,10.483556
dzb3,3,185.253350,29.967205
dxb3,3,42.271793,6.849712
dyb3,3,43.331339,7.069026
csxxsyyszz,3,127.723531,20.334155
dyf2,3,43.351447,7.081940
dxf2,3,42.452496,6.896480
csxy,3,43.858515,7.268574
dzf2,3,184.626471,29.888518
dyf3,3,42.995089,7.024200
csyz,3,53.207861,8.739270
dxf3,3,42.336839,6.864581
dzf3,3,184.563558,29.900040
csxz,3,53.163011,8.725983
dxf,4,42.249388,6.851722
dzb,4,185.173856,29.979473
dyb,4,43.141029,7.039777
cvx,4,54.380134,8.944197
dyf,4,43.093881,7.031006
dzb2,4,185.082161,29.946812
dxb,4,42.285587,6.878375
cvy,4,54.387603,8.939962
dzf,4,184.516410,29.868841
dxb2,4,42.246869,6.865476
dyb2,4,43.350531,7.094194
cvz,4,64.003180,10.505855
dzb3,4,184.965192,29.944596
dxb3,4,42.275573,6.878067
dyb3,4,43.462456,7.090899
csxxsyyszz,4,128.021735,20.392754
dyf2,4,43.320898,7.086577
dxf2,4,42.532688,6.930532
csxy,4,43.919444,7.276232
dzf2,4,184.592874,29.904913
dyf3,4,43.008842,7.057153
csyz,4,53.208594,8.751604
dxf3,4,42.324037,6.889559
dzf3,4,184.973958,29.963667
csxz,4,53.060775,8.767122
#========================= OptEWE [OpenMP] =========================
#Source type                                  :  Force monopole
#Grid Size                                    :  512 x 512 x 512
#Iterations                                   :  5
#Compute time                                 :  10.653459
#Total effective MLUPS                        :  62.992561
#===================================================================
#Number of threads                            :  17
