dxf,0,31.903887,6.344644
dzb,0,126.763808,26.170041
dyb,0,29.827564,6.116214
cvx,0,37.934977,7.968534
dyf,0,29.961501,6.171465
dzb2,0,126.666877,26.180954
dxb,0,29.547121,6.017843
cvy,0,335.742604,57.413105
dzf,0,125.961608,26.033015
dxb2,0,29.501312,6.015769
dyb2,0,30.007626,6.179695
cvz,0,44.468234,9.316699
dzb3,0,126.439110,26.131901
dxb3,0,29.517441,6.035007
dyb3,0,30.009509,6.206459
csxxsyyszz,0,71.292911,14.907909
dyf2,0,29.963581,6.185305
dxf2,0,29.776784,6.102079
csxy,0,30.900469,6.496582
dzf2,0,126.223539,26.120260
dyf3,0,29.677722,6.138621
csyz,0,37.389978,7.829964
dxf3,0,29.583635,6.059516
dzf3,0,126.379573,26.185625
csxz,0,37.217025,7.793507
dxf,1,29.575159,6.057183
dzb,1,126.642288,26.211243
dyb,1,29.827653,6.141490
cvx,1,37.963581,7.984155
dyf,1,29.902258,6.181207
dzb2,1,126.813030,26.255622
dxb,1,29.519974,6.056594
cvy,1,37.789891,7.938784
dzf,1,126.057201,26.105412
dxb2,1,29.554034,6.045349
dyb2,1,30.069589,6.220294
cvz,1,44.458563,9.323492
dzb3,1,126.437416,26.172297
dxb3,1,29.563420,6.058951
dyb3,1,30.116757,6.219110
csxxsyyszz,1,71.245765,14.915862
dyf2,1,30.030961,6.198461
dxf2,1,29.738338,6.106792
csxy,1,30.927861,6.509469
dzf2,1,126.061802,26.129509
dyf3,1,29.735961,6.169253
csyz,1,37.372992,7.834673
dxf3,1,29.577761,6.072147
dzf3,1,126.392576,26.200168
csxz,1,37.178303,7.803988
dxf,2,29.571671,6.067677
dzb,2,126.598755,26.227824
dyb,2,29.788783,6.148381
cvx,2,37.929841,7.983867
dyf,2,29.811393,6.173122
dzb2,2,126.693535,26.253523
dxb,2,29.523250,6.048457
cvy,2,37.810426,7.947824
dzf,2,125.986633,26.128213
dxb2,2,29.556817,6.064749
dyb2,2,30.051725,6.216716
cvz,2,44.432279,9.325587
dzb3,2,126.450015,26.207876
dxb3,2,29.535653,6.052903
dyb3,2,30.040416,6.226815
csxxsyyszz,2,73.578457,15.337797
dyf2,2,30.058954,6.201773
dxf2,2,29.711249,6.098713
csxy,2,30.879815,6.505388
dzf2,2,126.293641,26.182866
dyf3,2,29.775741,6.159136
csyz,2,37.390451,7.839531
dxf3,2,29.546251,6.058054
dzf3,2,126.235164,26.194535
csxz,2,37.195388,7.799110
dxf,3,29.559838,6.065130
dzb,3,126.624424,26.257874
dyb,3,29.779149,6.168847
cvx,3,37.900677,7.985502
dyf,3,29.864732,6.178387
dzb2,3,126.662977,26.255478
dxb,3,29.488768,6.064936
cvy,3,37.870507,7.963002
dzf,3,126.073044,26.140949
dxb2,3,29.508061,6.049271
dyb2,3,30.068083,6.235016
cvz,3,44.432218,9.335716
dzb3,3,126.423721,26.205760
dxb3,3,29.530331,6.063125
dyb3,3,30.039950,6.218152
csxxsyyszz,3,71.238682,14.937190
dyf2,3,30.069423,6.220964
dxf2,3,29.786627,6.129559
csxy,3,30.934381,6.517971
dzf2,3,127.035684,26.321128
dyf3,3,29.837447,6.167448
csyz,3,37.361058,7.836601
dxf3,3,29.533781,6.067763
dzf3,3,126.227511,26.202316
csxz,3,37.209302,7.804412
dxf,4,29.594518,6.078809
dzb,4,126.712544,26.280230
dyb,4,29.923017,6.188635
cvx,4,37.968624,8.004199
dyf,4,29.909352,6.199678
dzb2,4,126.649597,26.276699
dxb,4,29.552683,6.059015
cvy,4,37.848109,7.963751
dzf,4,126.059546,26.159694
dxb2,4,29.534657,6.063536
dyb2,4,30.081324,6.222721
cvz,4,44.424626,9.330620
dzb3,4,126.468483,26.226277
dxb3,4,29.518772,6.050396
dyb3,4,30.068340,6.232133
csxxsyyszz,4,71.213728,14.932689
dyf2,4,30.069954,6.213674
dxf2,4,29.790706,6.121870
csxy,4,30.922378,6.519790
dzf2,4,126.233735,26.189924
dyf3,4,29.830499,6.174793
csyz,4,37.356746,7.836894
dxf3,4,29.590710,6.069556
dzf3,4,127.795878,26.470463
csxz,4,37.220530,7.891417
#========================= OptEWE [OpenMP] =========================
#Source type                                  :  Force monopole
#Grid Size                                    :  512 x 512 x 512
#Iterations                                   :  5
#Compute time                                 :  7.367601
#Total effective MLUPS                        :  91.086448
#===================================================================
#Number of threads                            :  23
