dxf,0,35.211482,6.530659
dzb,0,140.479119,26.773267
dyb,0,34.627586,6.519845
cvx,0,43.058117,8.283903
dyf,0,34.746310,6.571396
dzb2,0,140.562898,26.818930
dxb,0,34.269739,6.393091
cvy,0,265.328073,42.455969
dzf,0,139.806385,26.652946
dxb2,0,34.267394,6.402529
dyb2,0,35.040413,6.633055
cvz,0,50.358608,9.669458
dzb3,0,140.181648,26.738415
dxb3,0,34.275344,6.404610
dyb3,0,35.020823,6.606749
csxxsyyszz,0,88.991097,16.817586
dyf2,0,34.911256,6.580408
dxf2,0,34.505681,6.471253
csxy,0,35.249721,6.796051
dzf2,0,139.880987,26.726444
dyf3,0,34.557174,6.528306
csyz,0,42.366394,8.137958
dxf3,0,34.317046,6.453392
dzf3,0,139.978563,26.761468
csxz,0,42.198510,8.113502
dxf,1,34.305944,6.446182
dzb,1,140.652170,26.877069
dyb,1,34.697742,6.558716
cvx,1,43.000245,8.291164
dyf,1,34.829443,6.603445
dzb2,1,140.278777,26.807199
dxb,1,34.241375,6.447246
cvy,1,42.891355,8.267674
dzf,1,139.859312,26.732842
dxb2,1,34.257366,6.439314
dyb2,1,34.980255,6.637382
cvz,1,50.204836,9.665396
dzb3,1,140.192464,26.799344
dxb3,1,34.241090,6.444696
dyb3,1,35.004157,6.631277
csxxsyyszz,1,88.926487,16.823409
dyf2,1,34.908807,6.622249
dxf2,1,34.482013,6.504768
csxy,1,35.368720,6.825565
dzf2,1,141.246233,26.981363
dyf3,1,34.703846,6.593369
csyz,1,42.326061,8.138989
dxf3,1,34.311387,6.455544
dzf3,1,140.094034,26.811975
csxz,1,42.220358,8.136175
dxf,2,34.349715,6.466214
dzb,2,140.548025,26.860880
dyb,2,34.725360,6.589619
cvx,2,43.013812,8.294974
dyf,2,34.785067,6.593582
dzb2,2,140.353387,26.832206
dxb,2,34.259051,6.474009
cvy,2,42.896298,8.271186
dzf,2,140.022366,26.794684
dxb2,2,34.223681,6.449857
dyb2,2,34.991191,6.639821
cvz,2,50.159729,9.664791
dzb3,2,140.269964,26.829717
dxb3,2,34.263154,6.442306
dyb3,2,34.953138,6.626411
csxxsyyszz,2,89.072998,16.870523
dyf2,2,34.939263,6.635912
dxf2,2,34.498337,6.519587
csxy,2,35.244851,6.816306
dzf2,2,139.961033,26.782933
dyf3,2,34.689044,6.585257
csyz,2,42.362069,8.152050
dxf3,2,34.347396,6.462439
dzf3,2,140.260810,26.880934
csxz,2,42.219083,8.133170
dxf,3,34.331527,6.464579
dzb,3,140.411811,26.856107
dyb,3,34.726088,6.587828
cvx,3,43.082937,8.313331
dyf,3,34.783235,6.609901
dzb2,3,140.446861,26.869734
dxb,3,34.277910,6.466385
cvy,3,42.939142,8.278959
dzf,3,139.843217,26.757908
dxb2,3,34.251926,6.446855
dyb2,3,34.990375,6.629704
cvz,3,50.199420,9.666284
dzb3,3,140.144486,26.816203
dxb3,3,34.292157,6.464190
dyb3,3,35.168204,6.662117
csxxsyyszz,3,89.069614,16.861073
dyf2,3,34.876980,6.620813
dxf2,3,34.499060,6.509661
csxy,3,35.254130,6.819411
dzf2,3,139.937044,26.784049
dyf3,3,34.727828,6.609381
csyz,3,42.354904,8.155244
dxf3,3,34.347785,6.471456
dzf3,3,140.016891,26.824943
csxz,3,42.211995,8.129646
dxf,4,34.323321,6.469231
dzb,4,140.442849,26.865381
dyb,4,34.604102,6.561803
cvx,4,43.133094,8.327443
dyf,4,34.842249,6.617124
dzb2,4,140.486618,26.877587
dxb,4,34.289547,6.458817
cvy,4,42.917469,8.284412
dzf,4,139.858336,26.778531
dxb2,4,34.181589,6.431479
dyb2,4,34.981446,6.643317
cvz,4,50.180104,9.668717
dzb3,4,140.392576,26.859101
dxb3,4,34.308810,6.456727
dyb3,4,35.055376,6.648678
csxxsyyszz,4,89.060063,16.860611
dyf2,4,34.861899,6.623640
dxf2,4,34.483468,6.521446
csxy,4,35.250169,6.820074
dzf2,4,139.949302,26.789497
dyf3,4,34.669343,6.593796
csyz,4,42.388290,8.157458
dxf3,4,34.301885,6.459235
dzf3,4,140.186409,26.865071
csxz,4,42.207847,8.170911
#========================= OptEWE [OpenMP] =========================
#Source type                                  :  Force monopole
#Grid Size                                    :  512 x 512 x 512
#Iterations                                   :  5
#Compute time                                 :  8.230838
#Total effective MLUPS                        :  81.533454
#===================================================================
#Number of threads                            :  18
