dxf,0,29.407426,6.353783
dzb,0,111.372224,25.172709
dyb,0,28.201861,6.207347
cvx,0,34.459075,7.848892
dyf,0,28.349124,6.274724
dzb2,0,111.293463,25.187040
dxb,0,27.994523,6.131162
cvy,0,262.434483,48.396049
dzf,0,110.654298,25.013058
dxb2,0,28.022954,6.134925
dyb2,0,28.545867,6.312205
cvz,0,40.146672,9.143165
dzb3,0,111.063088,25.124092
dxb3,0,27.973458,6.135230
dyb3,0,28.573530,6.325941
csxxsyyszz,0,68.247294,15.301896
dyf2,0,28.423849,6.271841
dxf2,0,28.245328,6.207852
csxy,0,28.362886,6.462365
dzf2,0,110.812789,25.137188
dyf3,0,28.208356,6.234869
csyz,0,34.018776,7.729704
dxf3,0,28.029858,6.149984
dzf3,0,111.090620,25.169767
csxz,0,33.855809,7.698327
dxf,1,28.047461,6.158404
dzb,1,111.479872,25.261166
dyb,1,28.277012,6.238969
cvx,1,34.521765,7.875757
dyf,1,28.363193,6.289302
dzb2,1,111.321983,25.223172
dxb,1,27.988966,6.136098
cvy,1,34.350615,7.828958
dzf,1,110.810198,25.136353
dxb2,1,27.988971,6.148163
dyb2,1,28.462161,6.313382
cvz,1,40.148560,9.158054
dzb3,1,110.970716,25.163105
dxb3,1,28.002654,6.132464
dyb3,1,28.508355,6.314600
csxxsyyszz,1,68.193662,15.302292
dyf2,1,28.404245,6.285149
dxf2,1,28.242719,6.209985
csxy,1,28.342680,6.465674
dzf2,1,110.779585,25.141525
dyf3,1,28.210678,6.256776
csyz,1,34.112754,7.762310
dxf3,1,28.054506,6.162172
dzf3,1,111.000287,25.170665
csxz,1,33.836488,7.698405
dxf,2,28.054306,6.167505
dzb,2,111.351132,25.240492
dyb,2,28.180102,6.220053
cvx,2,34.505110,7.874593
dyf,2,28.337683,6.281520
dzb2,2,111.269960,25.214954
dxb,2,27.936918,6.129986
cvy,2,34.372421,7.834047
dzf,2,111.339533,25.220867
dxb2,2,28.418004,6.198914
dyb2,2,28.540280,6.325596
cvz,2,40.133569,9.155231
dzb3,2,110.970113,25.176096
dxb3,2,27.954287,6.133797
dyb3,2,28.553991,6.326256
csxxsyyszz,2,68.402723,15.347616
dyf2,2,28.445804,6.279885
dxf2,2,28.231315,6.214536
csxy,2,28.430523,6.486897
dzf2,2,110.837237,25.157702
dyf3,2,28.226827,6.245303
csyz,2,34.001521,7.733103
dxf3,2,28.066791,6.174460
dzf3,2,111.087839,25.210303
csxz,2,33.882799,7.717775
dxf,3,28.012408,6.164013
dzb,3,111.359143,25.260663
dyb,3,28.199245,6.236028
cvx,3,34.578527,7.904075
dyf,3,28.355319,6.296535
dzb2,3,111.390255,25.276715
dxb,3,27.986900,6.136128
cvy,3,34.400556,7.846313
dzf,3,110.774564,25.161279
dxb2,3,28.023624,6.153404
dyb2,3,28.528186,6.331355
cvz,3,40.173629,9.173935
dzb3,3,111.160094,25.211699
dxb3,3,27.959869,6.146109
dyb3,3,28.586112,6.340876
csxxsyyszz,3,68.243935,15.328806
dyf2,3,28.461628,6.291561
dxf2,3,28.268180,6.226655
csxy,3,28.346111,6.472244
dzf2,3,112.016660,25.391056
dyf3,3,28.257558,6.236561
csyz,3,34.009099,7.741911
dxf3,3,28.085086,6.181527
dzf3,3,111.122426,25.225773
csxz,3,33.858783,7.709282
dxf,4,28.045019,6.170255
dzb,4,111.324122,25.257275
dyb,4,28.215238,6.239094
cvx,4,34.504162,7.887915
dyf,4,28.376416,6.303348
dzb2,4,111.549847,25.310092
dxb,4,27.989620,6.146376
cvy,4,34.382829,7.843105
dzf,4,110.873685,25.175379
dxb2,4,28.019513,6.142461
dyb2,4,28.463185,6.313371
cvz,4,40.154662,9.172591
dzb3,4,111.206419,25.218761
dxb3,4,28.001122,6.142163
dyb3,4,28.561852,6.334543
csxxsyyszz,4,68.137044,15.313192
dyf2,4,28.527332,6.323202
dxf2,4,28.210029,6.209262
csxy,4,28.341027,6.466359
dzf2,4,110.881651,25.175208
dyf3,4,28.249772,6.274156
csyz,4,34.006247,7.738664
dxf3,4,28.084512,6.174614
dzf3,4,111.031492,25.200218
csxz,4,33.930749,7.791481
#========================= OptEWE [OpenMP] =========================
#Source type                                  :  Force monopole
#Grid Size                                    :  512 x 512 x 512
#Iterations                                   :  5
#Compute time                                 :  6.625396
#Total effective MLUPS                        :  101.290340
#===================================================================
#Number of threads                            :  21
