dxf,0,45.599281,8.186526
dzb,0,196.556089,35.029669
dyb,0,48.791041,8.732376
cvx,0,64.729944,11.524749
dyf,0,48.450970,8.693800
dzb2,0,196.630457,35.062288
dxb,0,45.398669,8.141816
cvy,0,299.991105,47.139091
dzf,0,196.003176,34.946103
dxb2,0,45.496488,8.166014
dyb2,0,48.988190,8.791665
cvz,0,66.926804,12.175142
dzb3,0,196.493439,35.055098
dxb3,0,45.546151,8.178320
dyb3,0,48.978308,8.780708
csxxsyyszz,0,173.574605,29.715600
dyf2,0,48.639500,8.711577
dxf2,0,45.456183,8.176672
csxy,0,43.362352,8.127670
dzf2,0,195.779203,34.956897
dyf3,0,48.345151,8.695359
csyz,0,51.746799,9.700206
dxf3,0,45.268409,8.161677
dzf3,0,196.113273,35.043856
csxz,0,51.557747,9.676076
dxf,1,45.146840,8.142280
dzb,1,196.403227,35.066902
dyb,1,48.930191,8.774651
cvx,1,64.660353,11.527055
dyf,1,48.126604,8.654005
dzb2,1,196.779881,35.124835
dxb,1,45.421052,8.175427
cvy,1,63.716938,11.377149
dzf,1,196.126724,35.027811
dxb2,1,45.510307,8.179630
dyb2,1,49.135956,8.811353
cvz,1,66.863888,12.166277
dzb3,1,200.171688,36.213238
dxb3,1,45.685933,8.254938
dyb3,1,49.073377,8.797966
csxxsyyszz,1,173.593052,29.741573
dyf2,1,48.554707,8.716784
dxf2,1,45.326434,8.182506
csxy,1,43.456896,8.153721
dzf2,1,195.927636,35.019205
dyf3,1,48.375105,8.679824
csyz,1,51.726050,9.704612
dxf3,1,45.139027,8.144473
dzf3,1,196.417673,35.106434
csxz,1,51.542250,9.686539
dxf,2,45.170718,8.155597
dzb,2,196.543823,35.115084
dyb,2,48.947765,8.773520
cvx,2,64.632391,11.524885
dyf,2,48.548438,8.722212
dzb2,2,196.838421,35.145101
dxb,2,45.374796,8.155395
cvy,2,63.728186,11.392638
dzf,2,195.992797,35.014684
dxb2,2,45.453373,8.169518
dyb2,2,49.177109,8.836692
cvz,2,66.912942,12.175818
dzb3,2,196.422988,35.073531
dxb3,2,45.504111,8.174402
dyb3,2,49.038366,8.792290
csxxsyyszz,2,173.535908,29.741947
dyf2,2,48.788078,8.748068
dxf2,2,45.437088,8.178313
csxy,2,43.380144,8.143778
dzf2,2,198.039554,35.339539
dyf3,2,48.299709,8.676439
csyz,2,51.700156,9.700120
dxf3,2,45.175807,8.151590
dzf3,2,195.788857,35.001108
csxz,2,51.544106,9.683727
dxf,3,45.267300,8.169905
dzb,3,196.628922,35.124082
dyb,3,48.892338,8.770063
cvx,3,64.838138,11.565257
dyf,3,48.437828,8.702582
dzb2,3,196.799426,35.141742
dxb,3,45.391173,8.153993
cvy,3,63.759487,11.397008
dzf,3,195.861170,35.003721
dxb2,3,45.513167,8.177844
dyb2,3,49.139921,8.825554
cvz,3,66.937159,12.180840
dzb3,3,196.353977,35.065919
dxb3,3,45.655861,8.199598
dyb3,3,48.942337,8.787963
csxxsyyszz,3,173.228478,29.700269
dyf2,3,48.663521,8.734737
dxf2,3,45.368223,8.181966
csxy,3,43.372702,8.138767
dzf2,3,195.665261,34.980379
dyf3,3,48.374908,8.685714
csyz,3,51.731321,9.707065
dxf3,3,45.190582,8.154136
dzf3,3,195.847184,35.009423
csxz,3,52.375877,9.826781
dxf,4,45.401883,8.179463
dzb,4,196.677853,35.125745
dyb,4,48.820453,8.761806
cvx,4,64.743377,11.552401
dyf,4,48.503696,8.724602
dzb2,4,196.646412,35.123357
dxb,4,45.420034,8.182008
cvy,4,63.765315,11.396333
dzf,4,195.925234,35.004479
dxb2,4,45.467947,8.187012
dyb2,4,49.052239,8.808724
cvz,4,67.038439,12.189580
dzb3,4,196.411096,35.064588
dxb3,4,45.632676,8.208177
dyb3,4,49.119885,8.804137
csxxsyyszz,4,173.632524,29.768675
dyf2,4,48.602094,8.723833
dxf2,4,45.457835,8.198006
csxy,4,43.375932,8.140337
dzf2,4,195.741960,34.991110
dyf3,4,48.359194,8.682168
csyz,4,51.752840,9.712690
dxf3,4,45.247243,8.168090
dzf3,4,196.192337,35.048571
csxz,4,51.607566,9.719640
#========================= OptEWE [OpenMP] =========================
#Source type                                  :  Force monopole
#Grid Size                                    :  512 x 512 x 512
#Iterations                                   :  5
#Compute time                                 :  11.533545
#Total effective MLUPS                        :  58.185811
#===================================================================
#Number of threads                            :  13
