dxf,0,49.754515,7.796581
dzb,0,212.015842,33.416148
dyb,0,52.707267,8.267232
cvx,0,68.780474,10.753458
dyf,0,52.372734,8.218518
dzb2,0,211.188779,33.354317
dxb,0,50.022235,7.815373
cvy,0,270.443752,37.422529
dzf,0,210.744468,33.221702
dxb2,0,49.635538,7.778789
dyb2,0,53.162362,8.328730
cvz,0,71.737191,11.464438
dzb3,0,211.153008,33.291294
dxb3,0,51.105931,7.979516
dyb3,0,53.003378,8.286957
csxxsyyszz,0,183.718719,27.635019
dyf2,0,52.484067,8.215457
dxf2,0,49.515059,7.774835
csxy,0,47.957657,7.820768
dzf2,0,212.232128,33.452593
dyf3,0,52.181228,8.202357
csyz,0,57.131948,9.298829
dxf3,0,49.525453,7.773918
dzf3,0,210.810319,33.287520
csxz,0,57.007614,9.288497
dxf,1,49.296909,7.748676
dzb,1,211.698509,33.415814
dyb,1,52.957326,8.290763
cvx,1,68.692501,10.738478
dyf,1,52.468735,8.262368
dzb2,1,211.411232,33.324191
dxb,1,50.048299,7.856500
cvy,1,67.630913,10.576641
dzf,1,210.805973,33.222946
dxb2,1,49.674135,7.815154
dyb2,1,53.153237,8.330078
cvz,1,71.655478,11.455551
dzb3,1,211.287885,33.323967
dxb3,1,50.961302,7.958416
dyb3,1,53.126654,8.300919
csxxsyyszz,1,183.669467,27.654292
dyf2,1,52.577033,8.239137
dxf2,1,49.560789,7.783959
csxy,1,47.936604,7.815501
dzf2,1,212.264804,33.471134
dyf3,1,52.161332,8.177737
csyz,1,57.117204,9.303085
dxf3,1,49.447186,7.778357
dzf3,1,211.113128,33.332086
csxz,1,57.014620,9.290363
dxf,2,49.305584,7.745448
dzb,2,211.904104,33.429364
dyb,2,52.919809,8.280480
cvx,2,68.690637,10.737941
dyf,2,52.322868,8.226560
dzb2,2,211.322042,33.306784
dxb,2,50.018434,7.837383
cvy,2,67.687053,10.610191
dzf,2,210.649445,33.192067
dxb2,2,49.588902,7.767469
dyb2,2,52.941378,8.321110
cvz,2,71.720213,11.476707
dzb3,2,211.207151,33.280867
dxb3,2,50.974564,7.962937
dyb3,2,53.009654,8.277939
csxxsyyszz,2,183.821462,27.613088
dyf2,2,52.614732,8.289865
dxf2,2,49.607024,7.800947
csxy,2,47.995707,7.825994
dzf2,2,212.137947,33.430437
dyf3,2,52.154468,8.193201
csyz,2,57.080447,9.290205
dxf3,2,49.467790,7.765958
dzf3,2,210.617939,33.258633
csxz,2,57.015420,9.292668
dxf,3,49.266774,7.744181
dzb,3,211.739997,33.412794
dyb,3,52.779408,8.267185
cvx,3,68.750097,10.744412
dyf,3,52.419040,8.213408
dzb2,3,211.269848,33.351623
dxb,3,49.934984,7.823270
cvy,3,67.691616,10.587361
dzf,3,210.583528,33.228987
dxb2,3,49.642454,7.776709
dyb2,3,53.013701,8.305680
cvz,3,71.821993,11.505785
dzb3,3,211.552999,33.342440
dxb3,3,51.058083,7.969757
dyb3,3,52.982413,8.303889
csxxsyyszz,3,183.185663,27.532185
dyf2,3,52.518115,8.233795
dxf2,3,49.548259,7.812351
csxy,3,48.001802,7.833414
dzf2,3,212.127221,33.412515
dyf3,3,52.117733,8.205527
csyz,3,57.153969,9.308347
dxf3,3,49.490797,7.773573
dzf3,3,210.819051,33.274356
csxz,3,57.071404,9.296230
dxf,4,49.298136,7.745365
dzb,4,211.875431,33.426084
dyb,4,52.897104,8.283050
cvx,4,68.671908,10.738569
dyf,4,52.499024,8.230316
dzb2,4,211.065582,33.313307
dxb,4,50.047438,7.848785
cvy,4,67.686257,10.580514
dzf,4,212.256340,33.725449
dxb2,4,50.737110,7.942187
dyb2,4,53.023172,8.311261
cvz,4,71.822265,11.494145
dzb3,4,211.127964,33.372342
dxb3,4,51.017905,7.979369
dyb3,4,53.132941,8.349600
csxxsyyszz,4,183.799427,27.688514
dyf2,4,52.555045,8.260388
dxf2,4,49.591739,7.800002
csxy,4,48.021099,7.903552
dzf2,4,212.200689,33.477757
dyf3,4,52.045415,8.202454
csyz,4,57.094330,9.324520
dxf3,4,49.514347,7.776058
dzf3,4,210.778510,33.263483
csxz,4,57.067639,9.357691
#========================= OptEWE [OpenMP] =========================
#Source type                                  :  Force monopole
#Grid Size                                    :  512 x 512 x 512
#Iterations                                   :  5
#Compute time                                 :  12.391700
#Total effective MLUPS                        :  54.156302
#===================================================================
#Number of threads                            :  10
