dxf,0,31.232810,6.205628
dzb,0,125.173329,25.352157
dyb,0,31.885330,6.353635
cvx,0,38.590203,7.819340
dyf,0,31.722192,6.370393
dzb2,0,125.189109,25.383447
dxb,0,30.465538,6.050741
cvy,0,269.052492,44.436599
dzf,0,124.619607,25.298769
dxb2,0,30.439806,6.089031
dyb2,0,32.137963,6.428301
cvz,0,41.871590,8.698457
dzb3,0,124.759366,25.334072
dxb3,0,30.483124,6.092219
dyb3,0,32.109936,6.405814
csxxsyyszz,0,101.995047,19.532051
dyf2,0,31.872299,6.369389
dxf2,0,30.684546,6.122286
csxy,0,29.575203,6.191592
dzf2,0,124.353779,25.295137
dyf3,0,31.478952,6.319638
csyz,0,35.321595,7.376605
dxf3,0,30.471708,6.110887
dzf3,0,124.665932,25.339092
csxz,0,35.151849,7.370725
dxf,1,30.441009,6.100568
dzb,1,125.316847,25.463248
dyb,1,31.883643,6.372743
cvx,1,38.576696,7.842280
dyf,1,31.701075,6.359788
dzb2,1,125.138032,25.417800
dxb,1,30.445524,6.083039
cvy,1,37.979479,7.747083
dzf,1,124.435728,25.322300
dxb2,1,30.424822,6.081042
dyb2,1,32.152791,6.427485
cvz,1,41.885368,8.729568
dzb3,1,124.719405,25.362086
dxb3,1,30.468238,6.083174
dyb3,1,32.050351,6.410541
csxxsyyszz,1,101.654268,19.498374
dyf2,1,31.591573,6.330401
dxf2,1,30.652378,6.135385
csxy,1,29.606124,6.213227
dzf2,1,124.517145,25.326391
dyf3,1,31.527879,6.348926
csyz,1,35.350145,7.387583
dxf3,1,30.474321,6.116886
dzf3,1,124.744345,25.368890
csxz,1,35.164074,7.379585
dxf,2,30.468292,6.107702
dzb,2,125.015145,25.431722
dyb,2,31.712218,6.367309
cvx,2,38.575818,7.837401
dyf,2,31.709371,6.375025
dzb2,2,125.194963,25.460909
dxb,2,30.446748,6.101481
cvy,2,37.955944,7.731820
dzf,2,124.525144,25.336542
dxb2,2,30.395119,6.093628
dyb2,2,32.048003,6.431162
cvz,2,42.140692,8.759038
dzb3,2,124.783222,25.380510
dxb3,2,30.464002,6.092562
dyb3,2,32.180836,6.442674
csxxsyyszz,2,102.012872,19.583406
dyf2,2,31.822263,6.388199
dxf2,2,30.684179,6.160328
csxy,2,29.571620,6.196685
dzf2,2,124.472955,25.348521
dyf3,2,31.365855,6.296576
csyz,2,35.344322,7.415382
dxf3,2,30.478620,6.116202
dzf3,2,124.541406,25.349488
csxz,2,35.138080,7.375910
dxf,3,30.428001,6.107232
dzb,3,125.022334,25.443767
dyb,3,31.750776,6.375051
cvx,3,38.589988,7.839435
dyf,3,31.734425,6.377898
dzb2,3,125.126830,25.453210
dxb,3,30.435513,6.101369
cvy,3,37.956418,7.738973
dzf,3,124.551325,25.348912
dxb2,3,30.436251,6.100090
dyb2,3,32.241533,6.453522
cvz,3,41.862423,8.714199
dzb3,3,124.944682,25.418557
dxb3,3,30.441541,6.080460
dyb3,3,32.137548,6.429872
csxxsyyszz,3,102.000400,19.571326
dyf2,3,31.840608,6.386936
dxf2,3,30.628469,6.145195
csxy,3,29.578373,6.197981
dzf2,3,124.253223,25.319552
dyf3,3,31.496101,6.328091
csyz,3,35.435375,7.429337
dxf3,3,30.490376,6.115583
dzf3,3,124.828048,25.427770
csxz,3,35.160967,7.360521
dxf,4,30.410556,6.114303
dzb,4,125.096498,25.453443
dyb,4,31.681013,6.345083
cvx,4,38.581679,7.853903
dyf,4,31.563336,6.351404
dzb2,4,125.137716,25.453208
dxb,4,30.514700,6.100794
cvy,4,37.941915,7.744893
dzf,4,124.547209,25.372045
dxb2,4,30.409068,6.084545
dyb2,4,32.187106,6.473987
cvz,4,41.857199,8.729659
dzb3,4,124.911936,25.431475
dxb3,4,30.437214,6.074364
dyb3,4,32.148679,6.432336
csxxsyyszz,4,101.973763,19.559780
dyf2,4,31.836095,6.384222
dxf2,4,30.679593,6.148742
csxy,4,29.587569,6.218281
dzf2,4,124.456995,25.342555
dyf3,4,31.557494,6.361943
csyz,4,36.102312,7.524600
dxf3,4,30.449420,6.089408
dzf3,4,124.752922,25.415189
csxz,4,35.146732,7.454435
#========================= OptEWE [OpenMP] =========================
#Source type                                  :  Force monopole
#Grid Size                                    :  512 x 512 x 512
#Iterations                                   :  5
#Compute time                                 :  7.449037
#Total effective MLUPS                        :  90.090656
#===================================================================
#Number of threads                            :  19
