dxf,0,34.091000,7.447463
dzb,0,128.982920,29.496781
dyb,0,34.150847,7.587180
cvx,0,40.485804,9.302457
dyf,0,34.219580,7.604470
dzb2,0,128.710009,29.496373
dxb,0,33.659179,7.423171
cvy,0,213.109658,41.046778
dzf,0,128.449945,29.433439
dxb2,0,33.651861,7.422999
dyb2,0,34.461850,7.668120
cvz,0,47.059240,10.814381
dzb3,0,128.532240,29.500373
dxb3,0,33.608771,7.427298
dyb3,0,34.583235,7.694529
csxxsyyszz,0,85.686382,19.100060
dyf2,0,34.374145,7.652305
dxf2,0,33.895223,7.509971
csxy,0,33.143672,7.635947
dzf2,0,128.395719,29.507434
dyf3,0,34.124214,7.624747
csyz,0,39.619999,9.105352
dxf3,0,33.733384,7.481342
dzf3,0,128.554482,29.549977
csxz,0,39.379357,9.058573
dxf,1,33.679544,7.470724
dzb,1,128.883350,29.614791
dyb,1,34.141846,7.610549
cvx,1,40.482279,9.333093
dyf,1,34.129909,7.606229
dzb2,1,129.019478,29.656505
dxb,1,33.665202,7.472112
cvy,1,40.356076,9.296550
dzf,1,128.338711,29.512843
dxb2,1,33.615867,7.444714
dyb2,1,34.451012,7.692145
cvz,1,47.142159,10.858450
dzb3,1,128.641913,29.564385
dxb3,1,33.656275,7.462558
dyb3,1,34.512987,7.693160
csxxsyyszz,1,85.645298,19.122281
dyf2,1,34.444161,7.692170
dxf2,1,33.899044,7.519050
csxy,1,33.100128,7.641637
dzf2,1,128.388216,29.543856
dyf3,1,34.133227,7.607798
csyz,1,39.624279,9.119020
dxf3,1,33.681888,7.474372
dzf3,1,128.701411,29.611471
csxz,1,39.374356,9.073148
dxf,2,33.689930,7.476638
dzb,2,128.803955,29.626890
dyb,2,34.143863,7.590252
cvx,2,40.520580,9.350606
dyf,2,34.219841,7.636015
dzb2,2,128.838527,29.640169
dxb,2,33.625007,7.443856
cvy,2,40.346077,9.304814
dzf,2,128.344786,29.523866
dxb2,2,33.622538,7.467205
dyb2,2,34.499839,7.701490
cvz,2,47.056167,10.857250
dzb3,2,128.605204,29.586863
dxb3,2,33.658868,7.455439
dyb3,2,34.582162,7.716385
csxxsyyszz,2,85.922626,19.194201
dyf2,2,34.234562,7.625273
dxf2,2,33.886707,7.529626
csxy,2,33.176336,7.665155
dzf2,2,128.417080,29.557536
dyf3,2,34.078074,7.609350
csyz,2,39.586385,9.110541
dxf3,2,33.684603,7.483876
dzf3,2,128.725391,29.639020
csxz,2,39.345731,9.053356
dxf,3,33.672670,7.482909
dzb,3,128.912861,29.675492
dyb,3,34.038160,7.581409
cvx,3,40.542385,9.359740
dyf,3,34.122741,7.629513
dzb2,3,128.988360,29.683446
dxb,3,33.599136,7.447488
cvy,3,40.349064,9.313068
dzf,3,128.424579,29.548766
dxb2,3,33.670459,7.455842
dyb2,3,34.517942,7.703494
cvz,3,47.021311,10.852446
dzb3,3,128.582752,29.587014
dxb3,3,33.674460,7.458051
dyb3,3,34.453617,7.688061
csxxsyyszz,3,85.252405,19.066038
dyf2,3,34.263291,7.663913
dxf2,3,33.902909,7.529230
csxy,3,33.119291,7.653040
dzf2,3,128.414808,29.568373
dyf3,3,34.130494,7.623306
csyz,3,39.616441,9.121444
dxf3,3,33.772948,7.501092
dzf3,3,128.744373,29.614671
csxz,3,39.387825,9.052715
dxf,4,33.674945,7.473913
dzb,4,128.916210,29.642422
dyb,4,34.057842,7.571011
cvx,4,40.544450,9.358890
dyf,4,34.122863,7.616744
dzb2,4,128.873621,29.634240
dxb,4,33.622720,7.443830
cvy,4,40.393206,9.310393
dzf,4,128.361388,29.539534
dxb2,4,33.599307,7.440566
dyb2,4,34.497290,7.698765
cvz,4,47.071835,10.862786
dzb3,4,128.636383,29.612837
dxb3,4,33.648556,7.454477
dyb3,4,34.579103,7.716663
csxxsyyszz,4,85.628519,19.143879
dyf2,4,34.383976,7.666671
dxf2,4,33.947258,7.541868
csxy,4,33.122446,7.645488
dzf2,4,128.387571,29.568644
dyf3,4,34.124647,7.633020
csyz,4,39.569879,9.113257
dxf3,4,33.673084,7.488413
dzf3,4,128.475924,29.589857
csxz,4,39.395217,9.139424
#========================= OptEWE [OpenMP] =========================
#Source type                                  :  Force monopole
#Grid Size                                    :  512 x 512 x 512
#Iterations                                   :  5
#Compute time                                 :  7.700829
#Total effective MLUPS                        :  87.144986
#===================================================================
#Number of threads                            :  17
