dxf,0,46.093945,7.722416
dzb,0,198.902029,33.221984
dyb,0,49.266575,8.248287
cvx,0,64.854813,10.830631
dyf,0,49.016255,8.235812
dzb2,0,198.807920,33.199058
dxb,0,45.745306,7.696526
cvy,0,307.039339,45.058891
dzf,0,198.368711,33.107985
dxb2,0,45.759901,7.702267
dyb2,0,49.336498,8.301712
cvz,0,67.244551,11.467876
dzb3,0,198.476249,33.144168
dxb3,0,45.783480,7.704897
dyb3,0,49.460070,8.321899
csxxsyyszz,0,174.507329,28.015118
dyf2,0,49.079596,8.240801
dxf2,0,45.776426,7.732076
csxy,0,44.048569,7.722863
dzf2,0,198.234482,33.155336
dyf3,0,48.994821,8.237499
csyz,0,52.681186,9.225061
dxf3,0,45.502810,7.689854
dzf3,0,198.317075,33.164564
csxz,0,52.445279,9.187757
dxf,1,45.567767,7.708466
dzb,1,198.933865,33.247692
dyb,1,49.298211,8.270741
cvx,1,64.817760,10.837824
dyf,1,48.946886,8.236904
dzb2,1,198.891394,33.238978
dxb,1,45.798250,7.713351
cvy,1,63.910657,10.711303
dzf,1,198.314442,33.142805
dxb2,1,45.788270,7.713618
dyb2,1,50.754444,8.502223
cvz,1,67.315351,11.474462
dzb3,1,198.382307,33.158734
dxb3,1,45.817702,7.713215
dyb3,1,49.412992,8.302472
csxxsyyszz,1,174.402669,28.003395
dyf2,1,48.853273,8.222250
dxf2,1,45.879062,7.749047
csxy,1,44.081047,7.735385
dzf2,1,198.116081,33.149401
dyf3,1,48.631637,8.187865
csyz,1,52.692179,9.241013
dxf3,1,45.535956,7.702479
dzf3,1,198.116895,33.157214
csxz,1,52.509205,9.209774
dxf,2,45.551033,7.704666
dzb,2,198.930378,33.261780
dyb,2,49.245743,8.272560
cvx,2,64.924748,10.861000
dyf,2,48.982073,8.244540
dzb2,2,198.924289,33.246837
dxb,2,45.690196,7.699405
cvy,2,63.898123,10.723948
dzf,2,198.208464,33.129057
dxb2,2,45.816397,7.707146
dyb2,2,49.343375,8.302144
cvz,2,67.273361,11.481929
dzb3,2,198.722929,33.204117
dxb3,2,45.764604,7.712674
dyb3,2,51.761882,8.662302
csxxsyyszz,2,174.537216,28.006652
dyf2,2,51.051608,8.534287
dxf2,2,45.780830,7.712974
csxy,2,43.995196,7.721157
dzf2,2,198.410522,33.176595
dyf3,2,48.596391,8.170997
csyz,2,52.663470,9.225738
dxf3,2,45.581037,7.712166
dzf3,2,198.381048,33.174642
csxz,2,52.555859,9.205548
dxf,3,45.639457,7.713918
dzb,3,198.956376,33.284406
dyb,3,49.241620,8.257868
cvx,3,64.827588,10.850517
dyf,3,48.785760,8.219547
dzb2,3,198.914602,33.277169
dxb,3,45.718604,7.700545
cvy,3,63.832745,10.706961
dzf,3,198.207059,33.142945
dxb2,3,45.789496,7.714068
dyb2,3,49.328021,8.303671
cvz,3,67.383591,11.503062
dzb3,3,198.504660,33.181666
dxb3,3,45.871793,7.728055
dyb3,3,49.306805,8.292244
csxxsyyszz,3,174.035963,27.960335
dyf2,3,48.885683,8.227949
dxf2,3,45.775423,7.732881
csxy,3,44.019535,7.722079
dzf2,3,198.025769,33.134908
dyf3,3,48.309586,8.133643
csyz,3,52.664677,9.242894
dxf3,3,45.467110,7.691560
dzf3,3,198.120629,33.161554
csxz,3,52.511309,9.197137
dxf,4,45.581400,7.713076
dzb,4,198.889684,33.276729
dyb,4,49.275577,8.269722
cvx,4,64.795759,10.845558
dyf,4,48.503188,8.179699
dzb2,4,198.916587,33.284339
dxb,4,45.694800,7.701032
cvy,4,63.835376,10.711821
dzf,4,198.221950,33.163027
dxb2,4,45.789555,7.717488
dyb2,4,49.370034,8.310743
cvz,4,67.282916,11.485267
dzb3,4,198.706406,33.227560
dxb3,4,47.090558,7.948574
dyb3,4,50.809850,8.534100
csxxsyyszz,4,177.214983,28.600418
dyf2,4,49.220593,8.264837
dxf2,4,46.086896,7.770923
csxy,4,45.568089,8.018893
dzf2,4,207.775374,34.742353
dyf3,4,48.687747,8.191226
csyz,4,52.648433,9.229684
dxf3,4,45.601506,7.715629
dzf3,4,198.337486,33.187687
csxz,4,52.450203,9.215423
#========================= OptEWE [OpenMP] =========================
#Source type                                  :  Force monopole
#Grid Size                                    :  512 x 512 x 512
#Iterations                                   :  5
#Compute time                                 :  11.664118
#Total effective MLUPS                        :  57.534453
#===================================================================
#Number of threads                            :  13
