dxf,0,118.091202,16.917425
dzb,0,624.879660,86.267829
dyb,0,141.796561,20.097555
cvx,0,223.523873,31.233735
dyf,0,137.225100,19.504598
dzb2,0,624.320980,86.235580
dxb,0,119.659247,17.103113
cvy,0,508.118472,68.462735
dzf,0,625.426922,86.348439
dxb2,0,119.610651,17.102222
dyb2,0,141.080246,20.004044
cvz,0,223.574927,31.324213
dzb3,0,623.710745,86.066717
dxb3,0,119.036694,17.020156
dyb3,0,141.327165,20.047703
csxxsyyszz,0,613.737168,84.181535
dyf2,0,137.605245,19.561352
dxf2,0,118.415399,16.956098
csxy,0,99.341981,14.639295
dzf2,0,623.899724,86.102277
dyf3,0,138.548700,19.708428
csyz,0,111.429035,16.284909
dxf3,0,116.253603,16.664535
dzf3,0,620.201581,85.702608
csxz,0,111.071415,16.241122
dxf,1,117.993888,16.882669
dzb,1,624.391358,86.202287
dyb,1,139.118054,19.762040
cvx,1,223.478738,31.233636
dyf,1,139.227129,19.783952
dzb2,1,624.116115,86.314210
dxb,1,119.634269,17.124879
cvy,1,219.050144,30.664665
dzf,1,625.657093,86.376724
dxb2,1,119.490480,17.101457
dyb2,1,141.675503,20.099964
cvz,1,223.365177,31.315549
dzb3,1,623.070187,86.138579
dxb3,1,119.031403,17.027393
dyb3,1,141.288487,20.033077
csxxsyyszz,1,601.139389,82.460023
dyf2,1,139.654855,19.844855
dxf2,1,118.432035,16.973654
csxy,1,99.360835,14.642319
dzf2,1,619.919225,85.676753
dyf3,1,136.732663,19.494436
csyz,1,111.293258,16.271222
dxf3,1,116.217822,16.670978
dzf3,1,622.866136,85.994828
csxz,1,111.065101,16.265262
dxf,2,118.174828,16.915372
dzb,2,624.400943,86.234406
dyb,2,143.394677,20.328173
cvx,2,223.553820,31.220781
dyf,2,137.233203,19.495383
dzb2,2,623.865151,86.146292
dxb,2,119.672573,17.112807
cvy,2,219.082113,30.638038
dzf,2,624.968692,86.253789
dxb2,2,119.380871,17.060241
dyb2,2,141.062794,20.018586
cvz,2,223.752801,31.325889
dzb3,2,623.515578,86.000005
dxb3,2,119.331924,17.075560
dyb3,2,141.258665,20.024280
csxxsyyszz,2,612.130687,83.882713
dyf2,2,137.599251,19.542187
dxf2,2,118.476878,16.978600
csxy,2,99.130253,14.600242
dzf2,2,619.927610,85.552254
dyf3,2,136.663089,19.433392
csyz,2,111.373853,16.275120
dxf3,2,116.169540,16.646455
dzf3,2,622.380825,85.902017
csxz,2,111.183530,16.260960
dxf,3,118.016671,16.894455
dzb,3,625.603545,86.310588
dyb,3,139.039290,19.719296
cvx,3,225.655594,32.241909
dyf,3,136.540362,21.446112
dzb2,3,622.093872,90.401503
dxb,3,119.759725,17.126259
cvy,3,219.368115,30.763151
dzf,3,626.166504,86.407984
dxb2,3,119.654664,17.108268
dyb2,3,141.437209,20.045386
cvz,3,224.138258,31.415555
dzb3,3,624.188547,86.229626
dxb3,3,119.459112,17.054515
dyb3,3,141.434998,20.084016
csxxsyyszz,3,601.937496,82.580482
dyf2,3,139.370421,19.762799
dxf2,3,118.601056,16.937095
csxy,3,99.157611,14.642069
dzf2,3,620.529487,85.639178
dyf3,3,138.873865,19.721204
csyz,3,111.507874,16.290510
dxf3,3,116.171215,16.656417
dzf3,3,621.971126,85.874069
csxz,3,111.232939,16.246284
dxf,4,118.209251,16.930027
dzb,4,624.235956,86.207008
dyb,4,140.872462,19.995085
cvx,4,223.376627,31.239096
dyf,4,139.386399,19.829198
dzb2,4,622.884089,86.119712
dxb,4,119.558152,17.110278
cvy,4,218.998238,30.684888
dzf,4,624.802056,86.350187
dxb2,4,119.584560,17.123323
dyb2,4,141.069086,20.024904
cvz,4,223.461136,31.342037
dzb3,4,622.913424,85.967790
dxb3,4,119.277137,17.074867
dyb3,4,141.341708,20.072375
csxxsyyszz,4,615.051111,84.350470
dyf2,4,137.881190,19.571565
dxf2,4,118.576271,16.986915
csxy,4,99.314519,14.610665
dzf2,4,618.736057,85.729371
dyf3,4,136.667050,19.449677
csyz,4,111.197307,16.261868
dxf3,4,116.127776,16.649327
dzf3,4,620.731149,85.781151
csxz,4,111.000773,16.281089
#========================= OptEWE [OpenMP] =========================
#Source type                                  :  Force monopole
#Grid Size                                    :  512 x 512 x 512
#Iterations                                   :  5
#Compute time                                 :  34.714466
#Total effective MLUPS                        :  19.331671
#===================================================================
#Number of threads                            :  2
