dxf,0,51.353916,9.440036
dzb,0,221.584122,41.234643
dyb,0,50.914936,9.476175
cvx,0,63.944729,12.152572
dyf,0,51.058931,9.524658
dzb2,0,221.489971,41.273116
dxb,0,50.378422,9.320613
cvy,0,258.462211,43.763367
dzf,0,220.741696,41.136382
dxb2,0,50.368682,9.325592
dyb2,0,51.248385,9.577163
cvz,0,75.504183,14.264407
dzb3,0,221.251923,41.246864
dxb3,0,50.385090,9.339651
dyb3,0,51.175435,9.565702
csxxsyyszz,0,114.616517,21.790971
dyf2,0,51.138350,9.553584
dxf2,0,50.903017,9.453889
csxy,0,52.214566,9.917625
dzf2,0,220.831704,41.200406
dyf3,0,50.905379,9.516369
csyz,0,64.140223,12.079499
dxf3,0,50.984771,9.506821
dzf3,0,221.127567,41.530334
csxz,0,63.381169,11.940524
dxf,1,50.502729,9.374083
dzb,1,221.594013,41.347777
dyb,1,50.784513,9.466917
cvx,1,63.972190,12.183257
dyf,1,50.922381,9.515997
dzb2,1,221.366918,41.305775
dxb,1,50.373131,9.365527
cvy,1,63.817340,12.143089
dzf,1,220.782659,41.250802
dxb2,1,50.366035,9.355975
dyb2,1,51.278878,9.594108
cvz,1,75.472395,14.281558
dzb3,1,221.429331,41.344231
dxb3,1,51.084778,9.468395
dyb3,1,51.247957,9.589290
csxxsyyszz,1,114.811199,21.865347
dyf2,1,51.173279,9.567110
dxf2,1,50.697785,9.429300
csxy,1,52.214457,9.939239
dzf2,1,220.757347,41.280504
dyf3,1,50.650685,9.477522
csyz,1,63.494526,11.987278
dxf3,1,50.471846,9.379270
dzf3,1,221.139613,41.360296
csxz,1,63.366523,11.963112
dxf,2,50.464580,9.380831
dzb,2,221.471743,41.392373
dyb,2,50.850772,9.502249
cvx,2,63.983179,12.192487
dyf,2,50.993280,9.546653
dzb2,2,221.457908,41.399594
dxb,2,50.390527,9.386447
cvy,2,63.839361,12.152068
dzf,2,220.789980,41.284493
dxb2,2,50.396152,9.370171
dyb2,2,51.323030,9.615200
cvz,2,75.445819,14.287062
dzb3,2,221.276931,41.367870
dxb3,2,50.327878,9.365219
dyb3,2,51.192906,9.591063
csxxsyyszz,2,114.747231,21.853906
dyf2,2,51.086420,9.559185
dxf2,2,50.675044,9.430796
csxy,2,52.206983,9.939629
dzf2,2,220.953539,41.325153
dyf3,2,50.808191,9.547176
csyz,2,63.497111,12.022079
dxf3,2,50.483891,9.416338
dzf3,2,220.966623,41.448037
csxz,2,63.326940,11.995218
dxf,3,50.426610,9.395714
dzb,3,221.546551,41.529049
dyb,3,50.811570,9.536330
cvx,3,63.957236,12.199965
dyf,3,51.065898,9.564016
dzb2,3,221.484410,41.411873
dxb,3,50.395462,9.405901
cvy,3,63.813099,12.149646
dzf,3,220.745993,41.292923
dxb2,3,50.350342,9.369884
dyb2,3,51.186922,9.600566
cvz,3,75.395969,14.277866
dzb3,3,221.380368,41.390930
dxb3,3,50.478283,9.412743
dyb3,3,51.257170,9.624863
csxxsyyszz,3,114.912881,21.943902
dyf2,3,51.183022,9.616734
dxf2,3,50.634845,9.464577
csxy,3,52.155578,9.957127
dzf2,3,220.827487,41.414105
dyf3,3,50.784049,9.547767
csyz,3,63.469419,12.017324
dxf3,3,51.027756,9.705383
dzf3,3,222.695525,43.364236
csxz,3,63.409338,12.163374
dxf,4,50.438164,9.528933
dzb,4,221.458318,42.039218
dyb,4,50.853118,9.695220
cvx,4,63.933786,12.361597
dyf,4,50.927894,9.696744
dzb2,4,221.515754,42.060924
dxb,4,50.331041,9.534586
cvy,4,63.778162,12.323044
dzf,4,220.767473,41.638286
dxb2,4,50.338408,9.368752
dyb2,4,51.311995,9.621483
cvz,4,75.445567,14.287381
dzb3,4,221.260819,41.379865
dxb3,4,50.362654,9.377623
dyb3,4,51.259629,9.616983
csxxsyyszz,4,114.772558,21.867635
dyf2,4,51.180028,9.590702
dxf2,4,50.678162,9.446604
csxy,4,52.226107,9.939885
dzf2,4,220.876322,41.316681
dyf3,4,50.850227,9.559476
csyz,4,63.516904,11.999198
dxf3,4,50.506200,9.399981
dzf3,4,221.813843,41.493611
csxz,4,63.365540,12.007769
#========================= OptEWE [OpenMP] =========================
#Source type                                  :  Force monopole
#Grid Size                                    :  512 x 512 x 512
#Iterations                                   :  5
#Compute time                                 :  12.366573
#Total effective MLUPS                        :  54.266337
#===================================================================
#Number of threads                            :  15
