dxf,0,62.858444,10.538611
dzb,0,272.045527,45.802562
dyb,0,62.413536,10.568245
cvx,0,78.235130,13.482113
dyf,0,62.687894,10.629516
dzb2,0,272.835071,45.986026
dxb,0,61.895467,10.427667
cvy,0,270.847670,42.423756
dzf,0,271.743291,45.801808
dxb2,0,61.764492,10.411606
dyb2,0,62.920272,10.664863
cvz,0,92.533510,15.872450
dzb3,0,271.726490,45.822242
dxb3,0,61.843968,10.432488
dyb3,0,62.920688,10.668866
csxxsyyszz,0,139.268011,24.031263
dyf2,0,62.828389,10.655793
dxf2,0,62.223511,10.500217
csxy,0,63.924092,11.037355
dzf2,0,271.725675,45.821731
dyf3,0,62.460968,10.606165
csyz,0,77.747603,13.320058
dxf3,0,61.974140,10.457152
dzf3,0,271.898408,45.854719
csxz,0,77.665715,13.310330
dxf,1,61.957656,10.455354
dzb,1,272.087690,45.899156
dyb,1,62.392443,10.571497
cvx,1,78.288271,13.505460
dyf,1,62.688182,10.640829
dzb2,1,272.271149,46.447320
dxb,1,61.893113,10.535706
cvy,1,78.006261,13.560047
dzf,1,271.740723,46.258133
dxb2,1,61.881841,10.535751
dyb2,1,62.780599,10.748725
cvz,1,92.533117,16.032593
dzb3,1,271.728249,46.259867
dxb3,1,61.857989,10.531691
dyb3,1,62.777193,10.754640
csxxsyyszz,1,137.819714,24.065899
dyf2,1,62.750884,10.748907
dxf2,1,62.238616,10.545798
csxy,1,63.938023,11.035457
dzf2,1,271.750774,45.847490
dyf3,1,62.433685,10.609092
csyz,1,77.774160,13.338637
dxf3,1,61.968150,10.461305
dzf3,1,271.899961,45.888222
csxz,1,77.627424,13.307698
dxf,2,61.997540,10.459378
dzb,2,271.971197,45.893395
dyb,2,62.507766,10.589938
cvx,2,78.281622,13.507616
dyf,2,62.656954,10.634182
dzb2,2,272.035669,45.905149
dxb,2,61.937645,10.454189
cvy,2,78.126876,13.464434
dzf,2,271.606360,45.809819
dxb2,2,61.900515,10.437974
dyb2,2,62.807596,10.648831
cvz,2,92.531261,15.876001
dzb3,2,271.656984,45.805173
dxb3,2,61.876687,10.433465
dyb3,2,62.780654,10.642792
csxxsyyszz,2,139.090263,23.997509
dyf2,2,62.886092,10.651209
dxf2,2,62.273121,10.500197
csxy,2,63.869077,11.003413
dzf2,2,271.846238,45.838453
dyf3,2,62.380748,10.576461
csyz,2,77.742245,13.316926
dxf3,2,61.962676,10.446243
dzf3,2,272.879600,45.999507
csxz,2,77.678859,13.306192
dxf,3,61.909575,10.432377
dzb,3,271.979858,45.930597
dyb,3,62.556309,10.616856
cvx,3,78.283740,13.523760
dyf,3,62.680196,10.652083
dzb2,3,272.027617,45.948839
dxb,3,61.932306,10.457712
cvy,3,77.992282,13.467366
dzf,3,271.693493,45.886467
dxb2,3,61.863493,10.451002
dyb2,3,62.856090,10.677678
cvz,3,92.560848,15.906434
dzb3,3,272.635982,46.111549
dxb3,3,61.977471,10.643770
dyb3,3,62.821607,10.671329
csxxsyyszz,3,138.324911,23.926504
dyf2,3,62.730576,10.650965
dxf2,3,62.244748,10.527143
csxy,3,63.937954,11.047863
dzf2,3,271.717745,45.906115
dyf3,3,62.379672,10.605275
csyz,3,77.750838,13.339927
dxf3,3,61.882164,10.459436
dzf3,3,271.890634,45.947151
csxz,3,77.644774,13.334875
dxf,4,61.958812,10.470916
dzb,4,272.600446,46.069101
dyb,4,62.494478,10.615273
cvx,4,78.294523,13.532229
dyf,4,62.663359,10.657054
dzb2,4,271.990130,45.990491
dxb,4,61.949450,10.466630
cvy,4,78.050718,13.478871
dzf,4,271.803945,45.925532
dxb2,4,61.884536,10.451733
dyb2,4,62.819597,10.671601
cvz,4,92.582740,15.914135
dzb3,4,271.620783,45.893340
dxb3,4,61.900711,10.460974
dyb3,4,62.901615,10.679637
csxxsyyszz,4,139.561465,24.117903
dyf2,4,62.813649,10.654029
dxf2,4,62.269251,10.516571
csxy,4,63.834440,11.018192
dzf2,4,271.799948,45.926972
dyf3,4,62.450454,10.618406
csyz,4,77.750824,13.341155
dxf3,4,61.921858,10.469954
dzf3,4,271.964769,45.968271
csxz,4,77.649567,13.338867
#========================= OptEWE [OpenMP] =========================
#Source type                                  :  Force monopole
#Grid Size                                    :  512 x 512 x 512
#Iterations                                   :  5
#Compute time                                 :  15.127752
#Total effective MLUPS                        :  44.361424
#===================================================================
#Number of threads                            :  13
