dxf,0,48.195284,9.125415
dzb,0,184.636024,36.395010
dyb,0,48.857262,9.341997
cvx,0,56.522430,11.201673
dyf,0,48.751200,9.358158
dzb2,0,181.609150,35.748346
dxb,0,47.632600,9.065869
cvy,0,179.826169,31.268765
dzf,0,181.495849,35.747491
dxb2,0,47.670895,9.052484
dyb2,0,49.173348,9.423325
cvz,0,65.175221,12.955520
dzb3,0,181.514180,35.793628
dxb3,0,47.561502,9.056219
dyb3,0,49.190070,9.429061
csxxsyyszz,0,125.931096,24.071803
dyf2,0,48.629559,9.305266
dxf2,0,48.479967,9.230585
csxy,0,46.783013,9.260722
dzf2,0,181.403611,35.776038
dyf3,0,48.258219,9.274023
csyz,0,55.198789,10.936139
dxf3,0,47.663539,9.094373
dzf3,0,181.657484,35.819902
csxz,0,54.993070,10.924594
dxf,1,47.701544,9.093958
dzb,1,181.607367,35.815105
dyb,1,48.569829,9.315693
cvx,1,56.507294,11.212800
dyf,1,48.505769,9.325719
dzb2,1,182.684906,36.006673
dxb,1,47.714792,9.071775
cvy,1,56.336649,11.155020
dzf,1,181.418956,35.791580
dxb2,1,47.646556,9.076182
dyb2,1,49.026904,9.406917
cvz,1,65.427378,13.028715
dzb3,1,181.442173,35.841893
dxb3,1,47.612526,9.065085
dyb3,1,49.068673,9.473381
csxxsyyszz,1,125.926721,24.218831
dyf2,1,48.570684,9.371106
dxf2,1,47.964119,9.149155
csxy,1,46.807577,9.277286
dzf2,1,181.415219,35.795427
dyf3,1,48.573430,9.385115
csyz,1,55.200201,10.932666
dxf3,1,47.741993,9.120304
dzf3,1,181.650722,35.883089
csxz,1,54.943015,10.945065
dxf,2,47.727337,9.127122
dzb,2,181.707953,35.924679
dyb,2,48.868954,9.426699
cvx,2,56.442470,11.214291
dyf,2,48.766929,9.414333
dzb2,2,181.628732,35.909389
dxb,2,47.643649,9.073563
cvy,2,56.335671,11.167939
dzf,2,181.496761,35.790069
dxb2,2,47.656129,9.104144
dyb2,2,49.204110,9.447309
cvz,2,65.189941,12.978879
dzb3,2,181.473165,35.827066
dxb3,2,47.654724,9.083087
dyb3,2,49.178006,9.440489
csxxsyyszz,2,126.523954,24.171017
dyf2,2,48.656872,9.339686
dxf2,2,47.969822,9.188301
csxy,2,46.737558,9.265355
dzf2,2,181.473056,35.787378
dyf3,2,48.376378,9.288143
csyz,2,55.261556,11.037526
dxf3,2,47.734799,9.131228
dzf3,2,181.614809,35.903907
csxz,2,54.918313,10.958042
dxf,3,47.753307,9.143540
dzb,3,181.700681,35.906610
dyb,3,48.570484,9.374467
cvx,3,56.480810,11.241385
dyf,3,48.508763,9.361100
dzb2,3,181.604889,35.902938
dxb,3,47.731025,9.157294
cvy,3,56.317259,11.192327
dzf,3,181.478235,35.799928
dxb2,3,47.620788,9.067144
dyb2,3,49.135289,9.479257
cvz,3,65.166506,12.970201
dzb3,3,181.496492,35.787413
dxb3,3,47.672146,9.114136
dyb3,3,49.057687,9.417272
csxxsyyszz,3,125.892622,24.079813
dyf2,3,48.718174,9.355351
dxf2,3,47.933133,9.161831
csxy,3,46.798538,9.281832
dzf2,3,181.489187,35.807915
dyf3,3,48.481963,9.341747
csyz,3,55.172902,10.987756
dxf3,3,47.694208,9.124072
dzf3,3,181.592027,35.894318
csxz,3,54.908452,10.942470
dxf,4,47.850011,9.426330
dzb,4,181.782954,35.871463
dyb,4,48.611726,9.340014
cvx,4,56.523357,11.256675
dyf,4,48.577946,9.324172
dzb2,4,181.674904,35.813161
dxb,4,47.749240,9.090018
cvy,4,56.283080,11.174496
dzf,4,181.580829,35.797717
dxb2,4,47.672729,9.082263
dyb2,4,49.110490,9.438241
cvz,4,65.232997,12.999135
dzb3,4,181.459241,35.770276
dxb3,4,47.683876,9.079764
dyb3,4,49.048144,9.454029
csxxsyyszz,4,125.904270,24.084148
dyf2,4,48.629905,9.337185
dxf2,4,47.902527,9.132763
csxy,4,46.745217,9.297307
dzf2,4,181.542815,35.824696
dyf3,4,48.308967,9.298751
csyz,4,55.214506,10.937557
dxf3,4,47.723294,9.122088
dzf3,4,181.666748,35.821480
csxz,4,54.878900,10.919477
#========================= OptEWE [OpenMP] =========================
#Source type                                  :  Force monopole
#Grid Size                                    :  512 x 512 x 512
#Iterations                                   :  5
#Compute time                                 :  10.775849
#Total effective MLUPS                        :  62.277099
#===================================================================
#Number of threads                            :  9
