dxf,0,59.619513,9.618655
dzb,0,253.707893,41.556606
dyb,0,59.625801,9.702266
cvx,0,76.477400,12.684953
dyf,0,59.648778,9.728373
dzb2,0,253.725374,41.615189
dxb,0,59.362999,9.605249
cvy,0,233.669548,35.262225
dzf,0,253.331859,41.516620
dxb2,0,59.196651,9.583792
dyb2,0,60.026829,9.806762
cvz,0,88.090027,14.624657
dzb3,0,253.382379,41.513224
dxb3,0,59.303233,9.615144
dyb3,0,60.175950,9.842043
csxxsyyszz,0,133.933130,22.359515
dyf2,0,59.838412,9.761876
dxf2,0,59.545532,9.690181
csxy,0,61.444922,10.196443
dzf2,0,253.314711,41.566832
dyf3,0,59.628680,9.738170
csyz,0,74.204919,12.271638
dxf3,0,59.002820,9.577681
dzf3,0,253.677965,41.650066
csxz,0,74.286549,12.254348
dxf,1,59.100812,9.613934
dzb,1,253.593068,41.610022
dyb,1,59.711748,9.748554
cvx,1,75.203478,12.507950
dyf,1,59.661127,9.751293
dzb2,1,253.763735,41.628447
dxb,1,59.319460,9.608780
cvy,1,74.987253,12.453927
dzf,1,253.262375,41.556134
dxb2,1,59.128838,9.581416
dyb2,1,60.023861,9.807850
cvz,1,88.070347,14.634233
dzb3,1,253.375630,41.574469
dxb3,1,59.307807,9.618802
dyb3,1,60.171802,9.816738
csxxsyyszz,1,135.065426,22.651186
dyf2,1,59.617543,10.080129
dxf2,1,59.455759,9.987349
csxy,1,61.365587,10.526390
dzf2,1,252.937796,42.925983
dyf3,1,59.784917,10.147142
csyz,1,74.264338,12.273159
dxf3,1,59.152600,9.590721
dzf3,1,253.562515,41.636207
csxz,1,74.318865,12.271413
dxf,2,59.090895,9.627214
dzb,2,253.620268,41.589247
dyb,2,59.727723,9.776743
cvx,2,75.132642,12.479702
dyf,2,59.574401,9.744687
dzb2,2,253.559313,41.622630
dxb,2,59.359550,9.624397
cvy,2,74.996911,12.443443
dzf,2,253.299798,41.589963
dxb2,2,59.170567,9.592422
dyb2,2,60.042410,9.815844
cvz,2,88.103261,14.636399
dzb3,2,253.430642,41.587470
dxb3,2,59.297526,9.607171
dyb3,2,60.026600,9.800673
csxxsyyszz,2,133.809724,22.347586
dyf2,2,59.715558,9.797022
dxf2,2,59.344249,9.627874
csxy,2,61.486601,10.202140
dzf2,2,253.337536,41.593800
dyf3,2,59.866668,9.790285
csyz,2,74.236942,12.255444
dxf3,2,59.106593,9.586532
dzf3,2,254.597773,41.786480
csxz,2,74.251784,12.309920
dxf,3,59.161487,9.595556
dzb,3,256.013128,42.640449
dyb,3,63.902671,10.668182
cvx,3,75.137279,12.590739
dyf,3,59.627009,9.742418
dzb2,3,254.369858,41.756401
dxb,3,59.191198,9.604742
cvy,3,74.898594,12.453369
dzf,3,253.319457,41.562023
dxb2,3,59.160885,9.604187
dyb2,3,60.100411,9.836595
cvz,3,88.113814,14.588465
dzb3,3,253.396672,41.574319
dxb3,3,59.245948,9.598815
dyb3,3,60.134849,9.817378
csxxsyyszz,3,134.069550,22.396761
dyf2,3,59.889754,9.795165
dxf2,3,59.434939,9.641613
csxy,3,61.528483,10.205060
dzf2,3,253.405462,41.606195
dyf3,3,59.884762,9.788213
csyz,3,74.203024,12.253872
dxf3,3,59.040537,9.620704
dzf3,3,253.762429,41.623008
csxz,3,74.296079,12.306510
dxf,4,59.150432,9.596794
dzb,4,253.733057,41.628141
dyb,4,59.847654,9.764120
cvx,4,75.143712,12.473002
dyf,4,59.680191,9.751841
dzb2,4,253.750917,41.660053
dxb,4,59.284047,9.626368
cvy,4,75.002310,12.464385
dzf,4,253.253299,41.551541
dxb2,4,59.153530,9.624691
dyb2,4,60.157140,9.825019
cvz,4,88.119628,14.598852
dzb3,4,253.431850,41.615124
dxb3,4,59.279312,9.611994
dyb3,4,60.103754,9.818845
csxxsyyszz,4,133.844712,22.388502
dyf2,4,59.822122,9.783246
dxf2,4,59.522798,9.655134
csxy,4,61.466335,10.193655
dzf2,4,253.286972,41.575193
dyf3,4,59.819497,9.777668
csyz,4,74.209114,12.258174
dxf3,4,59.053871,9.612832
dzf3,4,253.648515,41.614768
csxz,4,74.293799,12.291807
#========================= OptEWE [OpenMP] =========================
#Source type                                  :  Force monopole
#Grid Size                                    :  512 x 512 x 512
#Iterations                                   :  5
#Compute time                                 :  14.258459
#Total effective MLUPS                        :  47.066000
#===================================================================
#Number of threads                            :  12
