dxf,0,33.503437,6.793659
dzb,0,129.635976,27.281692
dyb,0,32.826634,6.769769
cvx,0,40.014214,8.500043
dyf,0,33.010235,6.842550
dzb2,0,129.633768,27.329222
dxb,0,32.557918,6.661326
cvy,0,238.953971,42.187820
dzf,0,129.291170,27.231829
dxb2,0,32.571081,6.685933
dyb2,0,33.249560,6.890140
cvz,0,46.607200,9.888130
dzb3,0,129.254603,27.243984
dxb3,0,32.541709,6.675836
dyb3,0,33.181961,6.882650
csxxsyyszz,0,79.114406,16.580816
dyf2,0,33.077193,6.856429
dxf2,0,32.796512,6.745471
csxy,0,32.996970,7.022653
dzf2,0,129.286844,27.272738
dyf3,0,32.860678,6.803006
csyz,0,39.479520,8.358825
dxf3,0,32.585750,6.705955
dzf3,0,129.283259,27.289376
csxz,0,39.323403,8.305870
dxf,1,32.596625,6.713586
dzb,1,129.541322,27.327409
dyb,1,32.968581,6.820375
cvx,1,39.991067,8.514805
dyf,1,32.925484,6.839059
dzb2,1,129.748907,27.368476
dxb,1,32.554112,6.693460
cvy,1,39.878178,8.481529
dzf,1,129.412617,27.317052
dxb2,1,32.553643,6.669547
dyb2,1,33.140264,6.883351
cvz,1,46.563489,9.889163
dzb3,1,129.400242,27.297277
dxb3,1,32.560326,6.679775
dyb3,1,33.165004,6.883633
csxxsyyszz,1,78.889158,16.555382
dyf2,1,33.027286,6.858470
dxf2,1,32.820961,6.756050
csxy,1,32.941778,7.013692
dzf2,1,129.142546,27.263864
dyf3,1,32.800160,6.815921
csyz,1,39.931283,8.455814
dxf3,1,32.611484,6.695545
dzf3,1,129.331932,27.299650
csxz,1,39.314003,8.303285
dxf,2,32.584265,6.709603
dzb,2,129.684108,27.369286
dyb,2,33.012077,6.832674
cvx,2,40.014789,8.507072
dyf,2,33.000857,6.848738
dzb2,2,129.647574,27.363678
dxb,2,32.552635,6.696149
cvy,2,39.865457,8.483685
dzf,2,129.218398,27.286289
dxb2,2,32.573841,6.678715
dyb2,2,33.180895,6.887287
cvz,2,46.642454,9.909092
dzb3,2,129.445590,27.313513
dxb3,2,32.564632,6.679221
dyb3,2,33.245450,6.900330
csxxsyyszz,2,79.113402,16.591716
dyf2,2,33.116178,6.856468
dxf2,2,32.823044,6.750566
csxy,2,32.913537,7.008889
dzf2,2,129.324249,27.301360
dyf3,2,32.904018,6.815607
csyz,2,39.452231,8.354250
dxf3,2,32.636691,6.718839
dzf3,2,129.340487,27.304911
csxz,2,39.298665,8.323409
dxf,3,33.984142,6.957039
dzb,3,129.575814,27.331099
dyb,3,32.800251,6.778075
cvx,3,40.050759,8.522110
dyf,3,32.859974,6.827505
dzb2,3,129.529966,27.351957
dxb,3,32.593101,6.696684
cvy,3,39.931599,8.495934
dzf,3,129.256419,27.290617
dxb2,3,32.565574,6.694380
dyb2,3,33.202340,6.891976
cvz,3,46.582506,9.894051
dzb3,3,129.312049,27.293232
dxb3,3,32.519651,6.675973
dyb3,3,33.208664,6.895423
csxxsyyszz,3,78.802555,16.545704
dyf2,3,33.042898,6.862302
dxf2,3,32.847861,6.774147
csxy,3,32.905246,7.010148
dzf2,3,129.227287,27.289646
dyf3,3,32.790265,6.805547
csyz,3,39.454398,8.359400
dxf3,3,32.599543,6.716584
dzf3,3,129.291874,27.359171
csxz,3,39.319930,8.344696
dxf,4,32.649452,6.728428
dzb,4,129.618958,27.377799
dyb,4,32.926586,6.866282
cvx,4,39.988405,8.526186
dyf,4,33.048445,6.874430
dzb2,4,129.572171,27.366680
dxb,4,32.582485,6.727205
cvy,4,39.917133,8.495534
dzf,4,129.226910,27.311145
dxb2,4,32.516375,6.704470
dyb2,4,33.228762,6.915617
cvz,4,46.645204,9.914414
dzb3,4,129.464991,27.338360
dxb3,4,32.588901,6.720862
dyb3,4,33.190625,6.899382
csxxsyyszz,4,78.858592,16.554389
dyf2,4,33.045408,6.866009
dxf2,4,32.804694,6.765365
csxy,4,32.952751,7.021965
dzf2,4,129.298586,27.308280
dyf3,4,32.901540,6.842311
csyz,4,39.479619,8.365707
dxf3,4,32.616776,6.721094
dzf3,4,129.374940,27.333048
csxz,4,39.334880,8.390688
#========================= OptEWE [OpenMP] =========================
#Source type                                  :  Force monopole
#Grid Size                                    :  512 x 512 x 512
#Iterations                                   :  5
#Compute time                                 :  7.640121
#Total effective MLUPS                        :  87.837431
#===================================================================
#Number of threads                            :  18
