dxf,0,43.938875,7.769369
dzb,0,184.805613,32.970165
dyb,0,42.305842,7.603153
cvx,0,53.398679,9.720016
dyf,0,42.293204,7.605327
dzb2,0,185.892135,33.160870
dxb,0,41.899456,7.468456
cvy,0,323.495163,50.516879
dzf,0,183.612927,32.831851
dxb2,0,41.810747,7.476466
dyb2,0,42.574143,7.662257
cvz,0,62.942736,11.433941
dzb3,0,184.393009,32.966941
dxb3,0,41.845806,7.469233
dyb3,0,42.547835,7.657643
csxxsyyszz,0,96.290148,17.671944
dyf2,0,42.457464,7.635830
dxf2,0,42.203106,7.559871
csxy,0,43.600410,7.958407
dzf2,0,183.559739,32.840449
dyf3,0,42.231098,7.608556
csyz,0,52.921033,9.596102
dxf3,0,41.900136,7.492329
dzf3,0,183.857039,32.910285
csxz,0,52.868344,9.586058
dxf,1,41.903173,7.497379
dzb,1,184.748996,33.046231
dyb,1,42.148255,7.567048
cvx,1,53.510222,9.760872
dyf,1,42.314165,7.622199
dzb2,1,184.652691,33.041414
dxb,1,41.912856,7.488146
cvy,1,53.274436,9.708176
dzf,1,183.613702,32.881863
dxb2,1,42.011900,7.508791
dyb2,1,42.512969,7.661875
cvz,1,62.947715,11.442837
dzb3,1,184.330080,32.985049
dxb3,1,41.789527,7.481783
dyb3,1,42.567708,7.665452
csxxsyyszz,1,96.252079,17.672446
dyf2,1,42.452103,7.642705
dxf2,1,42.126135,7.557572
csxy,1,43.587682,7.966617
dzf2,1,183.693705,32.905003
dyf3,1,42.247071,7.609993
csyz,1,52.939879,9.615818
dxf3,1,41.919507,7.509319
dzf3,1,183.849869,32.950368
csxz,1,52.866742,9.597516
dxf,2,41.908359,7.508418
dzb,2,184.792004,33.094409
dyb,2,42.230432,7.624872
cvx,2,53.463795,9.767714
dyf,2,42.274870,7.622327
dzb2,2,184.627486,33.052538
dxb,2,41.858460,7.478549
cvy,2,53.279069,9.713137
dzf,2,183.714519,32.920275
dxb2,2,41.951510,7.496271
dyb2,2,42.584410,7.674267
cvz,2,62.893796,11.441020
dzb3,2,184.551824,33.048543
dxb3,2,41.861133,7.484868
dyb3,2,42.562905,7.673535
csxxsyyszz,2,96.356395,17.697253
dyf2,2,42.519908,7.659019
dxf2,2,42.145131,7.562177
csxy,2,43.580700,7.968368
dzf2,2,183.579637,32.881345
dyf3,2,42.289480,7.632170
csyz,2,52.937118,9.612988
dxf3,2,41.903022,7.503321
dzf3,2,183.765577,32.930666
csxz,2,52.897772,9.608415
dxf,3,41.881965,7.505759
dzb,3,184.659065,33.073828
dyb,3,42.301148,7.614327
cvx,3,53.439606,9.752485
dyf,3,42.375842,7.644024
dzb2,3,184.758616,33.076013
dxb,3,41.860890,7.515246
cvy,3,53.312051,9.721937
dzf,3,183.736924,32.913365
dxb2,3,41.837132,7.498941
dyb2,3,42.576676,7.695734
cvz,3,62.903867,11.439903
dzb3,3,184.373946,33.004670
dxb3,3,41.824589,7.500462
dyb3,3,42.556133,7.693109
csxxsyyszz,3,96.645934,17.736008
dyf2,3,42.490754,7.669219
dxf2,3,42.149612,7.566454
csxy,3,43.630397,7.974667
dzf2,3,183.495875,32.865102
dyf3,3,42.289113,7.660216
csyz,3,52.942295,9.608659
dxf3,3,41.884998,7.513487
dzf3,3,183.753563,32.960794
csxz,3,52.837045,9.603500
dxf,4,41.917348,7.512222
dzb,4,184.594463,33.068211
dyb,4,42.281087,7.652997
cvx,4,53.401301,9.750592
dyf,4,42.276463,7.636907
dzb2,4,185.841966,33.250307
dxb,4,41.896571,7.530665
cvy,4,53.237191,9.713367
dzf,4,183.769474,32.938442
dxb2,4,41.816041,7.500144
dyb2,4,42.623307,7.695565
cvz,4,62.890724,11.430389
dzb3,4,184.372756,33.009289
dxb3,4,41.874836,7.502777
dyb3,4,42.648105,7.699800
csxxsyyszz,4,96.258049,17.685574
dyf2,4,42.439808,7.666293
dxf2,4,42.170577,7.577046
csxy,4,43.626335,7.980832
dzf2,4,183.648719,32.935908
dyf3,4,42.315381,7.671466
csyz,4,52.951747,9.628760
dxf3,4,41.982674,7.528567
dzf3,4,183.723608,32.964483
csxz,4,52.866602,9.642583
#========================= OptEWE [OpenMP] =========================
#Source type                                  :  Force monopole
#Grid Size                                    :  512 x 512 x 512
#Iterations                                   :  5
#Compute time                                 :  10.406888
#Total effective MLUPS                        :  64.485045
#===================================================================
#Number of threads                            :  18
