dxf,0,46.169243,8.768669
dzb,0,194.987836,37.515758
dyb,0,44.822322,8.637554
cvx,0,56.691587,11.113139
dyf,0,44.923150,8.679323
dzb2,0,195.025648,37.554563
dxb,0,44.293203,8.474806
cvy,0,316.742765,54.233108
dzf,0,194.254629,37.416439
dxb2,0,44.297720,8.494930
dyb2,0,45.134897,8.729041
cvz,0,66.729613,13.026871
dzb3,0,194.804260,37.538457
dxb3,0,44.346302,8.504006
dyb3,0,45.130156,8.719482
csxxsyyszz,0,101.929939,20.012038
dyf2,0,45.014392,8.683946
dxf2,0,44.641659,8.576293
csxy,0,46.134040,9.057169
dzf2,0,194.272957,37.462838
dyf3,0,44.778452,8.677772
csyz,0,56.155161,10.937670
dxf3,0,44.493278,8.541742
dzf3,0,194.348056,37.492193
csxz,0,55.999033,10.915636
dxf,1,44.329390,8.508472
dzb,1,195.234308,37.644419
dyb,1,44.873109,8.673191
cvx,1,56.610586,11.126298
dyf,1,44.946279,8.689654
dzb2,1,195.001752,37.587082
dxb,1,44.365392,8.506581
cvy,1,56.452142,11.081044
dzf,1,194.274160,37.468893
dxb2,1,44.336121,8.514704
dyb2,1,45.164973,8.751074
cvz,1,66.779967,13.053274
dzb3,1,194.911527,37.580135
dxb3,1,44.328309,8.515010
dyb3,1,45.026854,8.713175
csxxsyyszz,1,100.921998,19.853187
dyf2,1,44.980434,8.699925
dxf2,1,44.625080,8.580627
csxy,1,46.163174,9.070462
dzf2,1,194.394950,37.501240
dyf3,1,44.768194,8.660942
csyz,1,56.153485,10.944483
dxf3,1,44.431593,8.527606
dzf3,1,194.376913,37.524536
csxz,1,55.998971,10.922132
dxf,2,44.380197,8.524616
dzb,2,195.041928,37.613389
dyb,2,44.860300,8.659500
cvx,2,56.599145,11.120146
dyf,2,44.929647,8.705363
dzb2,2,195.051993,37.601345
dxb,2,44.325679,8.524502
cvy,2,56.438549,11.072538
dzf,2,194.234096,37.480243
dxb2,2,44.339447,8.516306
dyb2,2,45.113787,8.743556
cvz,2,66.713584,13.044713
dzb3,2,194.744147,37.563636
dxb3,2,44.322025,8.514285
dyb3,2,45.088813,8.735238
csxxsyyszz,2,101.556453,19.973220
dyf2,2,44.947073,8.702999
dxf2,2,44.646165,8.591353
csxy,2,46.168806,9.075056
dzf2,2,194.295068,37.490273
dyf3,2,44.770996,8.655888
csyz,2,56.140205,10.944678
dxf3,2,44.390089,8.523982
dzf3,2,194.536827,37.553423
csxz,2,56.003739,10.906728
dxf,3,44.362369,8.520106
dzb,3,195.113423,37.646614
dyb,3,44.808029,8.648802
cvx,3,56.591168,11.128458
dyf,3,44.933784,8.694931
dzb2,3,195.019328,37.601235
dxb,3,44.327608,8.504155
cvy,3,56.468781,11.079321
dzf,3,194.216030,37.464866
dxb2,3,44.319731,8.498790
dyb2,3,45.140659,8.727034
cvz,3,66.733492,13.041858
dzb3,3,194.811609,37.548694
dxb3,3,44.308452,8.495182
dyb3,3,45.095514,8.719745
csxxsyyszz,3,100.720502,19.816388
dyf2,3,44.904110,8.677475
dxf2,3,44.649389,8.575594
csxy,3,46.212025,9.081866
dzf2,3,194.312835,37.483044
dyf3,3,44.857825,8.669506
csyz,3,56.099238,10.929316
dxf3,3,44.335999,8.508536
dzf3,3,194.423767,37.505807
csxz,3,56.010032,10.899986
dxf,4,44.359678,8.508740
dzb,4,195.012948,37.592828
dyb,4,44.890922,8.653335
cvx,4,56.626045,11.120549
dyf,4,45.632765,8.802026
dzb2,4,195.015185,37.592269
dxb,4,44.367332,8.507797
cvy,4,56.586008,11.122931
dzf,4,194.398327,37.633680
dxb2,4,44.338452,8.529489
dyb2,4,45.157150,8.772136
cvz,4,66.718041,13.098934
dzb3,4,194.780309,37.712970
dxb3,4,44.333122,8.515332
dyb3,4,45.205603,8.751011
csxxsyyszz,4,101.909217,20.049648
dyf2,4,45.024995,8.692099
dxf2,4,44.640295,8.574090
csxy,4,46.161367,9.075036
dzf2,4,194.413008,37.539068
dyf3,4,44.797371,8.657822
csyz,4,56.155207,10.955106
dxf3,4,44.386751,8.523341
dzf3,4,194.418704,37.542399
csxz,4,56.626044,11.061511
#========================= OptEWE [OpenMP] =========================
#Source type                                  :  Force monopole
#Grid Size                                    :  512 x 512 x 512
#Iterations                                   :  5
#Compute time                                 :  10.982528
#Total effective MLUPS                        :  61.105117
#===================================================================
#Number of threads                            :  17
