dxf,0,64.534541,8.528093
dzb,0,317.060861,41.050435
dyb,0,71.606401,9.382768
cvx,0,95.797876,12.492487
dyf,0,71.372349,9.391574
dzb2,0,320.017557,41.387363
dxb,0,64.905363,8.547225
cvy,0,327.679165,38.936799
dzf,0,317.220505,41.029215
dxb2,0,65.080671,8.573407
dyb2,0,72.116169,9.469876
cvz,0,99.723324,13.171130
dzb3,0,316.378592,40.961824
dxb3,0,66.309054,8.711839
dyb3,0,72.087286,9.444408
csxxsyyszz,0,262.539683,33.100137
dyf2,0,71.814098,9.418345
dxf2,0,64.335215,8.501996
csxy,0,65.877385,8.821547
dzf2,0,314.127059,40.633477
dyf3,0,70.470041,9.252863
csyz,0,79.430442,10.531275
dxf3,0,65.558880,8.613776
dzf3,0,315.071646,40.745372
csxz,0,75.619126,10.101045
dxf,1,64.169855,8.459726
dzb,1,317.111860,41.004476
dyb,1,71.465092,9.378080
cvx,1,95.802390,12.489249
dyf,1,71.750732,9.452544
dzb2,1,319.937438,41.399879
dxb,1,64.969926,8.566801
cvy,1,93.240883,12.182166
dzf,1,316.945411,41.068973
dxb2,1,65.082356,8.591235
dyb2,1,72.029609,9.483939
cvz,1,100.167059,13.198237
dzb3,1,316.469612,40.970747
dxb3,1,66.270505,8.716764
dyb3,1,71.966336,9.469858
csxxsyyszz,1,262.373435,33.039548
dyf2,1,70.957547,9.428237
dxf2,1,64.376601,8.498199
csxy,1,65.793664,8.821997
dzf2,1,314.012436,40.739883
dyf3,1,70.588286,9.272310
csyz,1,79.820150,10.635296
dxf3,1,65.499774,8.640593
dzf3,1,314.745665,40.884564
csxz,1,75.562355,10.106833
dxf,2,64.235505,8.484074
dzb,2,316.778694,41.070655
dyb,2,71.758366,9.428975
cvx,2,95.687356,12.562171
dyf,2,71.752605,9.423672
dzb2,2,319.517742,41.592176
dxb,2,64.878343,8.552759
cvy,2,93.146515,12.240310
dzf,2,316.668160,41.067901
dxb2,2,65.181998,8.602078
dyb2,2,71.853404,9.424853
cvz,2,100.134681,13.199739
dzb3,2,316.361301,40.936579
dxb3,2,66.353204,8.714103
dyb3,2,71.918582,9.422442
csxxsyyszz,2,262.343078,32.996225
dyf2,2,71.132758,9.323507
dxf2,2,64.130224,8.458752
csxy,2,65.753970,8.807474
dzf2,2,316.549213,40.908385
dyf3,2,72.118634,9.524654
csyz,2,79.755015,10.574185
dxf3,2,65.415307,8.613585
dzf3,2,314.998190,40.795130
csxz,2,75.596670,10.095469
dxf,3,64.105721,8.461105
dzb,3,316.963320,41.008873
dyb,3,71.331472,9.389615
cvx,3,95.806831,12.475012
dyf,3,71.087079,9.336387
dzb2,3,319.822633,41.337946
dxb,3,64.882243,8.559172
cvy,3,93.008962,12.163247
dzf,3,316.458254,40.943651
dxb2,3,65.217672,8.589386
dyb2,3,71.769155,9.410484
cvz,3,100.109966,13.204332
dzb3,3,316.459247,40.955846
dxb3,3,66.443608,8.731349
dyb3,3,71.942291,9.427150
csxxsyyszz,3,262.336922,33.114694
dyf2,3,70.902970,9.336419
dxf2,3,64.312235,8.492503
csxy,3,65.755925,8.846871
dzf2,3,313.725495,40.830252
dyf3,3,71.000130,9.358400
csyz,3,79.421473,10.546019
dxf3,3,65.444746,8.626130
dzf3,3,314.998595,40.878169
csxz,3,75.566394,10.132275
dxf,4,64.172558,8.550750
dzb,4,317.016267,41.095593
dyb,4,71.536218,9.410932
cvx,4,95.804901,12.519947
dyf,4,71.121706,9.443355
dzb2,4,319.643615,41.537239
dxb,4,64.696020,8.759326
cvy,4,93.138852,12.203028
dzf,4,316.690859,41.171927
dxb2,4,65.192938,8.599873
dyb2,4,72.082408,9.564069
cvz,4,99.621539,13.164222
dzb3,4,316.202023,41.275674
dxb3,4,66.457974,8.754616
dyb3,4,72.100979,9.466663
csxxsyyszz,4,262.345563,33.161870
dyf2,4,71.600550,9.441219
dxf2,4,64.269351,8.557439
csxy,4,65.751407,8.846140
dzf2,4,313.922899,40.864539
dyf3,4,70.593073,9.324781
csyz,4,79.421435,10.578739
dxf3,4,65.427402,8.713807
dzf3,4,314.925909,40.998170
csxz,4,75.546013,10.159904
#========================= OptEWE [OpenMP] =========================
#Source type                                  :  Force monopole
#Grid Size                                    :  512 x 512 x 512
#Iterations                                   :  5
#Compute time                                 :  17.690630
#Total effective MLUPS                        :  37.934694
#===================================================================
#Number of threads                            :  6
