dxf,0,74.206525,11.103883
dzb,0,431.743336,62.711715
dyb,0,89.900031,13.289151
cvx,0,150.759269,21.682802
dyf,0,88.460857,13.067511
dzb2,0,428.907108,62.381046
dxb,0,79.701835,11.834246
cvy,0,426.767037,58.029223
dzf,0,429.893631,62.516980
dxb2,0,75.870190,11.332740
dyb2,0,89.472055,13.239652
cvz,0,150.856119,21.974749
dzb3,0,426.025688,61.992459
dxb3,0,76.060669,11.349007
dyb3,0,89.656944,13.345707
csxxsyyszz,0,409.775000,57.638691
dyf2,0,89.229998,13.182261
dxf2,0,75.642566,11.361243
csxy,0,61.386985,9.610595
dzf2,0,424.240326,61.778129
dyf3,0,87.891499,13.004732
csyz,0,70.828343,11.100744
dxf3,0,74.774808,11.214007
dzf3,0,425.332996,61.923303
csxz,0,70.261167,10.927441
dxf,1,74.068086,11.135552
dzb,1,428.633305,62.338732
dyb,1,90.137109,13.309307
cvx,1,150.773707,21.709677
dyf,1,89.279361,13.196053
dzb2,1,428.746560,62.370782
dxb,1,79.793926,11.871809
cvy,1,149.018956,21.439238
dzf,1,428.287383,62.323034
dxb2,1,75.862383,11.332189
dyb2,1,89.413651,13.222657
cvz,1,151.114838,21.992887
dzb3,1,426.094265,61.985265
dxb3,1,76.283544,11.382751
dyb3,1,89.989246,13.356851
csxxsyyszz,1,409.786268,57.599023
dyf2,1,89.183792,13.171147
dxf2,1,75.774902,11.326133
csxy,1,61.409739,9.619519
dzf2,1,423.981577,61.708646
dyf3,1,88.035023,13.018179
csyz,1,70.872630,11.045425
dxf3,1,74.623547,11.204701
dzf3,1,424.572545,61.768078
csxz,1,70.256304,10.928270
dxf,2,73.929346,11.152858
dzb,2,427.974229,62.223112
dyb,2,89.913718,13.288086
cvx,2,152.431592,21.925403
dyf,2,89.786646,13.254383
dzb2,2,428.715256,62.358626
dxb,2,79.528444,11.844706
cvy,2,149.013069,21.400151
dzf,2,428.502875,62.326987
dxb2,2,76.140033,11.391720
dyb2,2,90.046733,13.309910
cvz,2,150.912855,21.949132
dzb3,2,425.638494,61.929278
dxb3,2,76.098873,11.363732
dyb3,2,89.761067,13.277979
csxxsyyszz,2,409.668127,57.620543
dyf2,2,88.321243,13.048850
dxf2,2,75.666746,11.310827
csxy,2,61.198115,9.564027
dzf2,2,423.857482,61.730477
dyf3,2,88.934605,13.156516
csyz,2,70.846521,11.031762
dxf3,2,74.852211,11.260949
dzf3,2,424.666424,61.829835
csxz,2,70.231341,10.930728
dxf,3,73.766071,11.071058
dzb,3,428.027043,62.351469
dyb,3,89.114249,13.174709
cvx,3,150.752665,21.729459
dyf,3,88.289744,13.080861
dzb2,3,428.649837,62.384250
dxb,3,79.708452,11.890090
cvy,3,148.896148,21.837233
dzf,3,428.259368,62.362032
dxb2,3,76.372167,11.987615
dyb2,3,89.107089,13.907315
cvz,3,150.556423,23.096048
dzb3,3,424.711880,63.461400
dxb3,3,76.152038,11.371915
dyb3,3,89.687439,13.278052
csxxsyyszz,3,405.286802,57.141828
dyf2,3,88.202704,13.043465
dxf2,3,75.640880,11.323783
csxy,3,61.272216,9.580227
dzf2,3,423.652365,61.768264
dyf3,3,88.055800,13.039963
csyz,3,70.772528,11.033388
dxf3,3,74.804388,11.223119
dzf3,3,425.029612,62.050091
csxz,3,70.226100,10.935154
dxf,4,74.001707,11.108289
dzb,4,428.486505,62.467227
dyb,4,89.092274,13.166075
cvx,4,150.877159,21.737601
dyf,4,88.328502,13.071514
dzb2,4,428.491565,62.404065
dxb,4,79.618297,11.836955
cvy,4,150.576333,21.701194
dzf,4,429.890604,62.593467
dxb2,4,75.827030,11.394857
dyb2,4,89.586468,13.272579
cvz,4,151.035763,21.962006
dzb3,4,425.691761,62.110869
dxb3,4,76.100332,11.376755
dyb3,4,89.969631,13.307225
csxxsyyszz,4,409.658671,57.676775
dyf2,4,88.347300,13.069142
dxf2,4,75.634714,11.313774
csxy,4,61.253952,9.576034
dzf2,4,423.752028,61.843740
dyf3,4,87.979478,13.016514
csyz,4,70.879412,11.043898
dxf3,4,74.673011,11.223673
dzf3,4,424.612031,61.942023
csxz,4,70.222965,10.936590
#========================= OptEWE [OpenMP] =========================
#Source type                                  :  Force monopole
#Grid Size                                    :  512 x 512 x 512
#Iterations                                   :  5
#Compute time                                 :  23.350304
#Total effective MLUPS                        :  28.740039
#===================================================================
#Number of threads                            :  5
