dxf,0,132.787977,15.434744
dzb,0,773.436562,87.710324
dyb,0,161.403387,18.551363
cvx,0,271.250258,30.652520
dyf,0,161.452118,18.571946
dzb2,0,774.812276,87.853326
dxb,0,139.471657,16.142731
cvy,0,677.974089,74.064424
dzf,0,772.896253,87.635848
dxb2,0,137.409809,15.905185
dyb2,0,163.121855,18.778291
cvz,0,271.925097,30.831499
dzb3,0,776.528390,87.979766
dxb3,0,139.446700,16.118827
dyb3,0,162.297026,18.663292
csxxsyyszz,0,743.442242,82.824827
dyf2,0,160.594094,18.493971
dxf2,0,133.613287,15.508667
csxy,0,112.171534,13.340663
dzf2,0,773.736740,87.698190
dyf3,0,160.723752,18.511382
csyz,0,131.327657,15.430876
dxf3,0,136.318916,15.806943
dzf3,0,773.901011,87.713938
csxz,0,130.163784,15.313103
dxf,1,133.530538,15.517855
dzb,1,776.774544,87.989059
dyb,1,163.231851,18.785389
cvx,1,271.890718,30.740208
dyf,1,161.685267,18.589961
dzb2,1,776.872318,88.006126
dxb,1,139.823146,16.160977
cvy,1,267.488064,30.280468
dzf,1,775.988352,87.927617
dxb2,1,139.126683,16.124511
dyb2,1,162.810347,18.713510
cvz,1,272.066971,30.826602
dzb3,1,776.416994,88.392777
dxb3,1,139.384423,16.149316
dyb3,1,162.177519,18.669574
csxxsyyszz,1,746.997861,83.227344
dyf2,1,160.598190,18.534344
dxf2,1,133.666446,15.520407
csxy,1,112.117959,13.358756
dzf2,1,773.725226,87.748924
dyf3,1,160.791353,18.532816
csyz,1,131.308321,15.423544
dxf3,1,136.552226,15.842779
dzf3,1,774.459429,87.851492
csxz,1,130.104202,15.305478
dxf,2,133.496336,15.569628
dzb,2,776.500868,87.998106
dyb,2,163.134271,18.794674
cvx,2,271.767818,30.768994
dyf,2,161.885734,18.616735
dzb2,2,775.830874,88.033088
dxb,2,139.892634,16.184883
cvy,2,267.505780,30.303233
dzf,2,774.096245,87.832364
dxb2,2,137.210032,15.902297
dyb2,2,162.304277,18.698763
cvz,2,271.856516,30.823474
dzb3,2,777.265620,88.183601
dxb3,2,139.420232,16.132329
dyb3,2,162.086154,18.681664
csxxsyyszz,2,746.958512,85.850920
dyf2,2,160.061982,19.694910
dxf2,2,133.157636,16.416487
csxy,2,111.567906,13.983383
dzf2,2,775.276904,89.038106
dyf3,2,160.853300,18.606357
csyz,2,131.230744,15.413445
dxf3,2,136.660745,15.834326
dzf3,2,774.520267,87.823460
csxz,2,130.204118,15.309587
dxf,3,133.089657,15.491266
dzb,3,776.312566,88.007824
dyb,3,161.797626,18.573598
cvx,3,272.008409,30.713868
dyf,3,160.662962,18.469174
dzb2,3,776.075596,87.818986
dxb,3,139.916669,16.168313
cvy,3,267.573906,30.232618
dzf,3,773.723636,88.067343
dxb2,3,137.467516,15.966629
dyb2,3,162.343950,18.765450
cvz,3,271.928697,30.849837
dzb3,3,775.937296,88.136289
dxb3,3,139.375759,16.180561
dyb3,3,162.179455,18.745571
csxxsyyszz,3,738.265761,82.448820
dyf2,3,160.700549,18.543429
dxf2,3,135.391738,15.717053
csxy,3,111.707335,13.333951
dzf2,3,774.966055,88.019189
dyf3,3,159.813360,18.530160
csyz,3,131.271941,15.481576
dxf3,3,136.638766,15.891806
dzf3,3,774.455062,88.041242
csxz,3,130.114250,15.310110
dxf,4,133.052245,15.511058
dzb,4,776.245018,88.193978
dyb,4,161.670002,18.644121
cvx,4,271.977909,30.860277
dyf,4,160.779428,18.503404
dzb2,4,775.712195,88.035595
dxb,4,139.717050,16.190580
cvy,4,267.544200,30.391877
dzf,4,773.727508,87.991035
dxb2,4,137.313117,15.924617
dyb2,4,162.357658,18.696127
cvz,4,271.872899,30.856702
dzb3,4,775.655787,88.219363
dxb3,4,139.429715,16.177184
dyb3,4,162.977117,18.853669
csxxsyyszz,4,747.288824,83.395784
dyf2,4,160.661898,18.528184
dxf2,4,133.633081,15.523833
csxy,4,111.812272,13.352166
dzf2,4,773.098719,87.966537
dyf3,4,160.824358,18.591221
csyz,4,131.219799,15.457914
dxf3,4,136.699131,15.872453
dzf3,4,776.001353,88.111934
csxz,4,130.192051,15.332911
#========================= OptEWE [OpenMP] =========================
#Source type                                  :  Force monopole
#Grid Size                                    :  512 x 512 x 512
#Iterations                                   :  5
#Compute time                                 :  42.262306
#Total effective MLUPS                        :  15.879130
#===================================================================
#Number of threads                            :  3
