dxf,0,35.013241,7.485854
dzb,0,139.918545,30.930680
dyb,0,32.710990,7.197380
cvx,0,41.350455,9.318277
dyf,0,32.802045,7.241292
dzb2,0,139.817341,30.962227
dxb,0,32.421969,7.087418
cvy,0,336.775086,63.480981
dzf,0,139.306706,30.835810
dxb2,0,32.397366,7.088115
dyb2,0,32.944562,7.275661
cvz,0,48.579430,10.912519
dzb3,0,139.660224,30.937710
dxb3,0,32.436688,7.099103
dyb3,0,32.972577,7.291303
csxxsyyszz,0,74.632811,16.832399
dyf2,0,32.890593,7.272207
dxf2,0,32.684542,7.164163
csxy,0,33.880596,7.633298
dzf2,0,139.558275,30.940984
dyf3,0,32.726893,7.254060
csyz,0,41.053217,9.191147
dxf3,0,32.512076,7.119786
dzf3,0,139.458156,30.951797
csxz,0,40.896104,9.179593
dxf,1,32.453759,7.115606
dzb,1,139.901215,31.036116
dyb,1,32.697937,7.241872
cvx,1,41.320269,9.326129
dyf,1,32.776968,7.256242
dzb2,1,140.751143,31.203264
dxb,1,32.434930,7.112193
cvy,1,41.264160,9.295232
dzf,1,139.323123,30.919975
dxb2,1,32.479667,7.115077
dyb2,1,32.968283,7.297141
cvz,1,48.593744,10.933349
dzb3,1,139.592025,30.967648
dxb3,1,32.383817,7.101699
dyb3,1,32.916720,7.281372
csxxsyyszz,1,74.694682,16.861095
dyf2,1,32.929400,7.278608
dxf2,1,32.633504,7.170013
csxy,1,33.867451,7.636747
dzf2,1,139.363088,30.931809
dyf3,1,32.621687,7.241055
csyz,1,40.995962,9.205301
dxf3,1,32.505143,7.127828
dzf3,1,139.450531,30.978044
csxz,1,40.881592,9.183757
dxf,2,32.451478,7.117134
dzb,2,140.095673,31.073861
dyb,2,32.696279,7.244510
cvx,2,41.322997,9.337916
dyf,2,32.804826,7.266148
dzb2,2,139.928193,31.064802
dxb,2,32.420753,7.110038
cvy,2,41.235530,9.294776
dzf,2,140.246205,31.108114
dxb2,2,32.407953,7.096031
dyb2,2,32.835976,7.272806
cvz,2,48.594216,10.934792
dzb3,2,139.682950,30.996983
dxb3,2,32.380152,7.100777
dyb3,2,32.915218,7.288058
csxxsyyszz,2,74.720902,16.881639
dyf2,2,32.916846,7.282368
dxf2,2,32.764664,7.196301
csxy,2,33.872792,7.641944
dzf2,2,139.281324,30.929096
dyf3,2,32.675947,7.252739
csyz,2,41.047094,9.205765
dxf3,2,32.446846,7.115283
dzf3,2,139.519609,30.996977
csxz,2,40.892205,9.190523
dxf,3,32.484228,7.129452
dzb,3,139.895063,31.044425
dyb,3,32.674926,7.234733
cvx,3,41.476399,9.364261
dyf,3,32.803350,7.263168
dzb2,3,140.027976,31.072034
dxb,3,32.427249,7.131610
cvy,3,41.210630,9.294195
dzf,3,139.317537,30.940596
dxb2,3,32.445743,7.118023
dyb2,3,32.925486,7.289969
cvz,3,48.595751,10.939025
dzb3,3,139.753315,31.028952
dxb3,3,32.472583,7.118539
dyb3,3,32.971986,7.305355
csxxsyyszz,3,74.534774,16.850375
dyf2,3,32.930057,7.282264
dxf2,3,32.669104,7.175793
csxy,3,33.895896,7.653814
dzf2,3,139.280746,30.942056
dyf3,3,32.749094,7.255730
csyz,3,41.052127,9.206417
dxf3,3,32.498924,7.132199
dzf3,3,139.559515,31.026752
csxz,3,40.981752,9.212112
dxf,4,32.431498,7.115733
dzb,4,140.065342,31.092532
dyb,4,32.706458,7.251935
cvx,4,41.388313,9.350871
dyf,4,32.687212,7.239857
dzb2,4,139.991284,31.096060
dxb,4,32.398415,7.116931
cvy,4,41.207568,9.296259
dzf,4,139.282835,30.944990
dxb2,4,32.441880,7.115029
dyb2,4,32.965123,7.301775
cvz,4,48.627020,10.941930
dzb3,4,139.702090,31.004946
dxb3,4,32.384811,7.101441
dyb3,4,32.937322,7.289683
csxxsyyszz,4,74.436961,16.825936
dyf2,4,32.956100,7.295051
dxf2,4,32.658924,7.176198
csxy,4,33.877498,7.647119
dzf2,4,139.349806,30.958140
dyf3,4,32.668145,7.255451
csyz,4,41.051684,9.205721
dxf3,4,32.494866,7.129158
dzf3,4,139.477805,31.027752
csxz,4,40.913797,9.245600
#========================= OptEWE [OpenMP] =========================
#Source type                                  :  Force monopole
#Grid Size                                    :  512 x 512 x 512
#Iterations                                   :  5
#Compute time                                 :  8.056610
#Total effective MLUPS                        :  83.296651
#===================================================================
#Number of threads                            :  22
