dxf,0,48.787136,8.732531
dzb,0,198.301861,36.119816
dyb,0,50.972692,9.132199
cvx,0,60.766941,11.113734
dyf,0,50.017089,9.033856
dzb2,0,198.264412,36.116960
dxb,0,49.150822,8.766434
cvy,0,211.144328,33.964373
dzf,0,197.846250,36.091032
dxb2,0,48.281978,8.645854
dyb2,0,51.190060,9.190306
cvz,0,66.864295,12.413774
dzb3,0,198.102278,36.122092
dxb3,0,48.257354,8.654112
dyb3,0,51.101502,9.171876
csxxsyyszz,0,157.915057,27.591559
dyf2,0,50.278297,9.032327
dxf2,0,48.479238,8.700205
csxy,0,47.183348,8.794518
dzf2,0,199.200733,36.305076
dyf3,0,49.961544,8.994792
csyz,0,55.218117,10.290065
dxf3,0,48.276004,8.658784
dzf3,0,197.868027,36.102587
csxz,0,54.949710,10.282710
dxf,1,48.360488,8.676234
dzb,1,198.349811,36.191897
dyb,1,50.688757,9.082426
cvx,1,60.718630,11.102695
dyf,1,50.197444,9.040125
dzb2,1,198.298059,36.171300
dxb,1,49.135367,8.787523
cvy,1,60.039253,10.980646
dzf,1,197.382638,36.062749
dxb2,1,48.325841,8.681012
dyb2,1,51.335367,9.239518
cvz,1,66.724839,12.427378
dzb3,1,198.010677,36.105266
dxb3,1,48.328588,8.674981
dyb3,1,51.125481,9.208254
csxxsyyszz,1,157.423129,27.505607
dyf2,1,50.290089,9.042303
dxf2,1,48.492849,8.694768
csxy,1,47.207603,8.835288
dzf2,1,199.205887,36.307998
dyf3,1,49.984657,9.002751
csyz,1,55.095097,10.320060
dxf3,1,48.384902,8.709766
dzf3,1,197.938822,36.095237
csxz,1,54.885377,10.344301
dxf,2,48.338617,8.678836
dzb,2,198.460249,36.179551
dyb,2,50.933376,9.147683
cvx,2,60.734067,11.141885
dyf,2,50.089633,9.022997
dzb2,2,198.315048,36.148866
dxb,2,49.219875,8.872365
cvy,2,60.329736,11.040828
dzf,2,197.622411,36.051565
dxb2,2,48.267382,8.705987
dyb2,2,51.123961,9.192787
cvz,2,66.786521,12.416522
dzb3,2,197.995913,36.153530
dxb3,2,48.279296,8.661668
dyb3,2,51.067737,9.176294
csxxsyyszz,2,157.968185,27.615868
dyf2,2,50.268617,9.077956
dxf2,2,48.470323,8.709753
csxy,2,47.185081,8.797730
dzf2,2,199.451978,36.376542
dyf3,2,49.924019,9.019483
csyz,2,55.109256,10.275821
dxf3,2,48.278583,8.662988
dzf3,2,198.082430,36.188793
csxz,2,54.978655,10.289721
dxf,3,48.346505,8.691009
dzb,3,198.459522,36.226056
dyb,3,50.859722,9.128831
cvx,3,60.753599,11.107374
dyf,3,50.070517,9.050848
dzb2,3,198.304078,36.200037
dxb,3,49.123652,8.799876
cvy,3,60.263824,11.017345
dzf,3,197.683554,36.117852
dxb2,3,48.239466,8.658381
dyb2,3,51.092160,9.185864
cvz,3,66.668741,12.390459
dzb3,3,198.021205,36.080205
dxb3,3,48.198883,8.636758
dyb3,3,50.972391,9.151627
csxxsyyszz,3,157.334709,27.472346
dyf2,3,50.118888,9.002725
dxf2,3,48.526476,8.704436
csxy,3,47.195240,8.792401
dzf2,3,199.360077,36.340812
dyf3,3,50.028129,9.040059
csyz,3,55.167114,10.275480
dxf3,3,48.267243,8.663608
dzf3,3,198.007779,36.129365
csxz,3,54.864063,10.267295
dxf,4,48.381578,8.686549
dzb,4,198.400589,36.201411
dyb,4,50.816233,9.132141
cvx,4,60.802326,11.119225
dyf,4,51.474027,9.279771
dzb2,4,198.210942,36.132739
dxb,4,49.103923,8.789482
cvy,4,60.162132,11.010155
dzf,4,198.006591,36.094620
dxb2,4,48.236947,8.642372
dyb2,4,51.088796,9.217672
cvz,4,66.731585,12.399317
dzb3,4,198.037614,36.083442
dxb3,4,48.245658,8.661302
dyb3,4,50.982932,9.162589
csxxsyyszz,4,157.293165,27.485372
dyf2,4,50.054960,9.013141
dxf2,4,48.415820,8.710490
csxy,4,47.191422,8.807219
dzf2,4,199.208512,36.287415
dyf3,4,49.897488,9.012000
csyz,4,55.108236,10.297385
dxf3,4,48.213850,8.660171
dzf3,4,198.019264,36.121188
csxz,4,54.955018,10.311453
#========================= OptEWE [OpenMP] =========================
#Source type                                  :  Force monopole
#Grid Size                                    :  512 x 512 x 512
#Iterations                                   :  5
#Compute time                                 :  11.584911
#Total effective MLUPS                        :  57.927818
#===================================================================
#Number of threads                            :  8
