dxf,0,33.874818,8.034986
dzb,0,127.386447,31.818344
dyb,0,33.803560,8.154384
cvx,0,40.036672,10.050515
dyf,0,33.858060,8.216988
dzb2,0,127.617520,31.933068
dxb,0,33.386320,8.002104
cvy,0,192.886254,40.948682
dzf,0,126.938954,31.759530
dxb2,0,33.326582,8.010639
dyb2,0,34.060643,8.270231
cvz,0,46.624012,11.717682
dzb3,0,127.191257,31.842799
dxb3,0,33.375116,8.018133
dyb3,0,35.334399,8.532541
csxxsyyszz,0,77.865037,19.272335
dyf2,0,34.033429,8.218246
dxf2,0,33.693793,8.121167
csxy,0,32.932409,8.282137
dzf2,0,127.130615,31.879110
dyf3,0,33.771882,8.192817
csyz,0,39.355097,9.855932
dxf3,0,33.464115,8.073337
dzf3,0,127.246849,31.919353
csxz,0,39.123807,9.785126
dxf,1,33.423268,8.067064
dzb,1,127.467080,31.972004
dyb,1,33.720309,8.172839
cvx,1,40.184883,10.128384
dyf,1,33.879809,8.243804
dzb2,1,127.485879,31.990802
dxb,1,33.379664,8.021252
cvy,1,39.898954,10.063416
dzf,1,126.970577,31.878914
dxb2,1,33.406402,8.044739
dyb2,1,34.164254,8.305947
cvz,1,46.637309,11.746043
dzb3,1,127.126472,31.887556
dxb3,1,33.381012,8.034929
dyb3,1,34.184413,8.307762
csxxsyyszz,1,77.828074,19.337074
dyf2,1,34.054008,8.234566
dxf2,1,33.658239,8.126661
csxy,1,32.928064,8.296419
dzf2,1,127.070467,31.905645
dyf3,1,33.921621,8.244407
csyz,1,39.381217,9.873879
dxf3,1,33.467275,8.084857
dzf3,1,127.294025,31.959064
csxz,1,39.141318,9.796905
dxf,2,33.460287,8.085200
dzb,2,127.351913,31.979150
dyb,2,33.753439,8.187740
cvx,2,40.073170,10.104760
dyf,2,33.827512,8.239898
dzb2,2,127.387501,31.986976
dxb,2,33.362068,8.025484
cvy,2,39.939376,10.096503
dzf,2,127.014738,31.896452
dxb2,2,33.413497,8.039406
dyb2,2,34.068488,8.299225
cvz,2,46.544032,11.735156
dzb3,2,127.415715,31.996036
dxb3,2,33.344491,8.029115
dyb3,2,34.066610,8.286939
csxxsyyszz,2,77.792948,19.332901
dyf2,2,34.053673,8.252340
dxf2,2,33.683699,8.135215
csxy,2,32.908782,8.297489
dzf2,2,127.127948,31.938432
dyf3,2,33.830633,8.227610
csyz,2,39.364944,9.874600
dxf3,2,33.408863,8.075638
dzf3,2,127.274876,31.984718
csxz,2,39.137051,9.810752
dxf,3,33.413663,8.074173
dzb,3,127.371626,32.009155
dyb,3,33.792197,8.202935
cvx,3,40.150924,10.140856
dyf,3,33.875396,8.251683
dzb2,3,127.352766,32.004169
dxb,3,33.421298,8.048326
cvy,3,39.957261,10.098223
dzf,3,126.963866,31.927320
dxb2,3,33.347008,8.030436
dyb2,3,34.103340,8.311386
cvz,3,46.606868,11.751363
dzb3,3,127.272046,31.963412
dxb3,3,33.339837,8.038949
dyb3,3,34.068485,8.287750
csxxsyyszz,3,77.909822,19.354303
dyf2,3,34.045498,8.256506
dxf2,3,33.646000,8.124547
csxy,3,32.940678,8.301293
dzf2,3,127.006912,31.917747
dyf3,3,33.707768,8.212416
csyz,3,39.419440,9.896082
dxf3,3,33.458110,8.086227
dzf3,3,127.177986,31.967394
csxz,3,39.113198,9.801195
dxf,4,33.419672,8.082547
dzb,4,127.424280,32.025845
dyb,4,33.765331,8.193760
cvx,4,40.178361,10.144916
dyf,4,33.878677,8.258653
dzb2,4,127.401543,32.020624
dxb,4,33.354386,8.049247
cvy,4,39.918321,10.082053
dzf,4,126.977376,31.916829
dxb2,4,33.394643,8.051925
dyb2,4,34.052516,8.290132
cvz,4,46.507189,11.728774
dzb3,4,127.335267,31.982744
dxb3,4,33.357750,8.035763
dyb3,4,34.122373,8.306546
csxxsyyszz,4,77.716742,19.303879
dyf2,4,34.020906,8.253731
dxf2,4,33.637456,8.134378
csxy,4,32.916512,8.304037
dzf2,4,127.058996,31.942409
dyf3,4,33.749479,8.215587
csyz,4,39.365876,9.881195
dxf3,4,33.411344,8.076834
dzf3,4,127.192920,31.976694
csxz,4,39.124458,9.876943
#========================= OptEWE [OpenMP] =========================
#Source type                                  :  Force monopole
#Grid Size                                    :  512 x 512 x 512
#Iterations                                   :  5
#Compute time                                 :  7.573070
#Total effective MLUPS                        :  88.615142
#===================================================================
#Number of threads                            :  17
