dxf,0,36.037138,7.538637
dzb,0,136.121520,29.749456
dyb,0,36.038636,7.671487
cvx,0,42.610812,9.380189
dyf,0,36.106278,7.691943
dzb2,0,136.252608,29.823646
dxb,0,35.547168,7.486762
cvy,0,207.772058,38.356684
dzf,0,135.820209,29.728019
dxb2,0,35.538699,7.510912
dyb2,0,36.335907,7.730225
cvz,0,49.592813,10.898507
dzb3,0,135.930198,29.783471
dxb3,0,35.620921,7.517940
dyb3,0,36.380334,7.740155
csxxsyyszz,0,86.238568,18.529899
dyf2,0,36.257811,7.707051
dxf2,0,35.882151,7.598773
csxy,0,35.184059,7.747981
dzf2,0,135.768435,29.780236
dyf3,0,35.928072,7.649766
csyz,0,42.086985,9.220636
dxf3,0,35.606128,7.544289
dzf3,0,135.996945,29.831103
csxz,0,41.895087,9.179286
dxf,1,35.614849,7.540842
dzb,1,136.380429,29.906720
dyb,1,36.110215,7.677459
cvx,1,42.511859,9.381956
dyf,1,36.046364,7.698151
dzb2,1,136.196898,29.876590
dxb,1,35.591493,7.528923
cvy,1,42.433927,9.354390
dzf,1,135.760801,29.797141
dxb2,1,35.534578,7.524327
dyb2,1,36.405469,7.756520
cvz,1,49.452563,10.886594
dzb3,1,135.905493,29.813771
dxb3,1,35.553502,7.518124
dyb3,1,36.346384,7.748355
csxxsyyszz,1,85.823159,18.477504
dyf2,1,36.133570,7.707385
dxf2,1,36.078235,7.655350
csxy,1,35.252135,7.757137
dzf2,1,135.836911,29.816821
dyf3,1,35.958411,7.674205
csyz,1,42.062883,9.226230
dxf3,1,35.622382,7.548575
dzf3,1,135.935915,29.846863
csxz,1,41.856650,9.193375
dxf,2,35.592819,7.548563
dzb,2,137.832379,30.176242
dyb,2,36.083388,7.685287
cvx,2,42.607984,9.404744
dyf,2,36.049309,7.705421
dzb2,2,136.196129,29.888511
dxb,2,35.535808,7.526988
cvy,2,42.428489,9.362473
dzf,2,136.009857,29.844061
dxb2,2,35.612060,7.536402
dyb2,2,36.418867,7.752906
cvz,2,49.529613,10.904405
dzb3,2,135.851080,29.819931
dxb3,2,35.623023,7.530177
dyb3,2,36.399342,7.756891
csxxsyyszz,2,86.144273,18.539985
dyf2,2,36.188857,7.708107
dxf2,2,35.911391,7.612851
csxy,2,35.183166,7.753965
dzf2,2,135.843779,29.818204
dyf3,2,36.005495,7.719625
csyz,2,42.031913,9.221587
dxf3,2,35.618682,7.549476
dzf3,2,136.110161,29.884933
csxz,2,41.877179,9.180597
dxf,3,35.641517,7.557446
dzb,3,136.240399,29.902175
dyb,3,35.873300,7.629378
cvx,3,42.577659,9.402768
dyf,3,36.082834,7.713536
dzb2,3,136.840558,30.011712
dxb,3,35.501209,7.531653
cvy,3,42.421606,9.355290
dzf,3,135.742417,29.797689
dxb2,3,35.602815,7.525665
dyb2,3,36.356075,7.760348
cvz,3,49.496604,10.898473
dzb3,3,135.867207,29.831157
dxb3,3,35.549443,7.541886
dyb3,3,36.473290,7.773370
csxxsyyszz,3,86.238150,18.568519
dyf2,3,36.151417,7.718565
dxf2,3,35.886469,7.609629
csxy,3,35.202353,7.754745
dzf2,3,135.837971,29.828208
dyf3,3,35.989042,7.687673
csyz,3,42.047945,9.228568
dxf3,3,35.625795,7.558686
dzf3,3,136.015629,29.897195
csxz,3,41.842999,9.199499
dxf,4,35.620319,7.551146
dzb,4,136.159833,29.890289
dyb,4,36.057777,7.676985
cvx,4,42.628063,9.413051
dyf,4,35.993205,7.693061
dzb2,4,136.355810,29.938128
dxb,4,35.585625,7.526720
cvy,4,42.405169,9.361543
dzf,4,135.659478,29.799163
dxb2,4,35.594227,7.537438
dyb2,4,36.370211,7.774850
cvz,4,49.548394,10.916677
dzb3,4,135.969561,29.865664
dxb3,4,35.581435,7.521146
dyb3,4,36.376461,7.756682
csxxsyyszz,4,86.173550,18.557547
dyf2,4,36.264651,7.748825
dxf2,4,35.846911,7.602936
csxy,4,35.174429,7.755248
dzf2,4,135.939593,29.862802
dyf3,4,35.912128,7.687015
csyz,4,42.133262,9.249927
dxf3,4,35.662174,7.562790
dzf3,4,136.018952,29.914805
csxz,4,41.849941,9.238508
#========================= OptEWE [OpenMP] =========================
#Source type                                  :  Force monopole
#Grid Size                                    :  512 x 512 x 512
#Iterations                                   :  5
#Compute time                                 :  8.102046
#Total effective MLUPS                        :  82.829527
#===================================================================
#Number of threads                            :  16
