dxf,0,28.628728,6.080384
dzb,0,115.692782,25.132279
dyb,0,29.235791,6.291943
cvx,0,37.744050,8.107107
dyf,0,29.072713,6.277830
dzb2,0,115.411214,25.126845
dxb,0,27.651732,5.932369
cvy,0,271.948876,47.934475
dzf,0,114.773456,24.994022
dxb2,0,27.640655,5.957633
dyb2,0,29.500354,6.353639
cvz,0,39.725280,8.781467
dzb3,0,115.243255,25.089786
dxb3,0,27.633526,5.962171
dyb3,0,30.156136,6.470022
csxxsyyszz,0,100.426251,20.439326
dyf2,0,29.234575,6.305473
dxf2,0,27.839131,6.000893
csxy,0,27.071091,6.115266
dzf2,0,114.882646,25.066823
dyf3,0,28.837380,6.239568
csyz,0,32.222168,7.298202
dxf3,0,27.635265,5.971004
dzf3,0,115.082185,25.154309
csxz,0,32.010961,7.271195
dxf,1,27.628219,5.975079
dzb,1,115.484349,25.194465
dyb,1,29.216193,6.307045
cvx,1,37.707731,8.121181
dyf,1,29.098387,6.294990
dzb2,1,115.324995,25.168571
dxb,1,27.678824,5.964428
cvy,1,37.167657,8.025831
dzf,1,114.771968,25.062709
dxb2,1,27.586181,5.954810
dyb2,1,29.519702,6.390182
cvz,1,39.759581,8.797656
dzb3,1,115.171890,25.145493
dxb3,1,27.610290,5.962037
dyb3,1,29.550864,6.377982
csxxsyyszz,1,100.483345,20.481485
dyf2,1,29.212705,6.322077
dxf2,1,27.812634,6.019757
csxy,1,27.062261,6.132751
dzf2,1,114.875175,25.100349
dyf3,1,28.823800,6.258968
csyz,1,32.196453,7.288353
dxf3,1,27.637043,5.982348
dzf3,1,115.097862,25.157490
csxz,1,31.972035,7.264676
dxf,2,27.626963,5.973854
dzb,2,115.751252,25.263452
dyb,2,29.230191,6.319732
cvx,2,37.734705,8.138602
dyf,2,29.093044,6.305331
dzb2,2,115.326648,25.187660
dxb,2,27.651212,5.967775
cvy,2,37.135356,8.031830
dzf,2,114.840376,25.096705
dxb2,2,27.669834,5.979904
dyb2,2,29.540369,6.375598
cvz,2,39.752695,8.806555
dzb3,2,115.226978,25.174755
dxb3,2,27.624510,5.967847
dyb3,2,29.512434,6.370997
csxxsyyszz,2,100.350888,20.463587
dyf2,2,29.169105,6.284178
dxf2,2,27.834553,6.031460
csxy,2,27.109056,6.128049
dzf2,2,114.713070,25.089281
dyf3,2,29.008833,6.280880
csyz,2,32.185594,7.291102
dxf3,2,27.679880,5.984700
dzf3,2,115.076280,25.165067
csxz,2,31.972040,7.272065
dxf,3,27.679457,5.990932
dzb,3,115.558396,25.249138
dyb,3,29.222011,6.298168
cvx,3,37.726869,8.147794
dyf,3,29.147728,6.294969
dzb2,3,115.335027,25.212778
dxb,3,27.680235,5.985015
cvy,3,37.213480,8.052782
dzf,3,114.714210,25.089530
dxb2,3,27.633929,5.982865
dyb2,3,30.477708,6.550445
cvz,3,39.759155,8.815380
dzb3,3,115.276848,25.167177
dxb3,3,27.621341,5.976091
dyb3,3,29.555743,6.380703
csxxsyyszz,3,100.397042,20.486287
dyf2,3,29.224212,6.302178
dxf2,3,27.855811,6.010251
csxy,3,27.062355,6.123791
dzf2,3,114.834370,25.106406
dyf3,3,28.887329,6.247727
csyz,3,32.208785,7.301329
dxf3,3,27.653167,5.981785
dzf3,3,115.074709,25.181075
csxz,3,32.005763,7.273309
dxf,4,27.615487,5.977562
dzb,4,115.623806,25.258119
dyb,4,29.244781,6.301661
cvx,4,37.711144,8.141981
dyf,4,29.102128,6.289463
dzb2,4,115.334102,25.187686
dxb,4,27.640057,5.982285
cvy,4,37.136227,8.022972
dzf,4,114.828719,25.110615
dxb2,4,27.624594,5.953933
dyb2,4,29.507843,6.386068
cvz,4,39.788664,8.824106
dzb3,4,115.246159,25.162324
dxb3,4,27.579600,5.970864
dyb3,4,29.482455,6.367497
csxxsyyszz,4,100.329399,20.489451
dyf2,4,31.435532,6.724822
dxf2,4,27.793399,6.032006
csxy,4,27.087861,6.144975
dzf2,4,114.935510,25.139046
dyf3,4,28.865733,6.287197
csyz,4,32.241587,7.322515
dxf3,4,27.675971,5.998528
dzf3,4,115.252629,25.247097
csxz,4,31.980796,7.362645
#========================= OptEWE [OpenMP] =========================
#Source type                                  :  Force monopole
#Grid Size                                    :  512 x 512 x 512
#Iterations                                   :  5
#Compute time                                 :  6.933884
#Total effective MLUPS                        :  96.783948
#===================================================================
#Number of threads                            :  21
