dxf,0,31.352874,6.337675
dzb,0,122.042928,25.415193
dyb,0,31.576118,6.424903
cvx,0,37.213587,7.788016
dyf,0,31.402890,6.442945
dzb2,0,122.208427,25.474543
dxb,0,30.489772,6.187280
cvy,0,260.651743,44.135825
dzf,0,121.506218,25.354914
dxb2,0,30.568654,6.208302
dyb2,0,31.821810,6.506234
cvz,0,41.826713,8.910427
dzb3,0,121.912491,25.475002
dxb3,0,30.470395,6.195250
dyb3,0,31.859670,6.513492
csxxsyyszz,0,95.423078,18.887252
dyf2,0,31.413538,6.434659
dxf2,0,30.608585,6.262205
csxy,0,29.725167,6.345005
dzf2,0,121.501283,25.416364
dyf3,0,31.208674,6.384183
csyz,0,35.552685,7.585453
dxf3,0,32.237173,6.527198
dzf3,0,121.865808,25.462275
csxz,0,35.299170,7.524924
dxf,1,30.452899,6.241060
dzb,1,122.042569,25.515262
dyb,1,31.771345,6.479429
cvx,1,37.200060,7.801878
dyf,1,31.387182,6.452681
dzb2,1,123.959847,25.847487
dxb,1,30.534853,6.207044
cvy,1,36.742831,7.727597
dzf,1,121.497048,25.432764
dxb2,1,30.426747,6.197904
dyb2,1,31.787772,6.512760
cvz,1,41.833201,8.915579
dzb3,1,121.735162,25.469742
dxb3,1,30.442341,6.209048
dyb3,1,31.792031,6.513633
csxxsyyszz,1,95.380170,18.891050
dyf2,1,31.524580,6.470539
dxf2,1,30.655927,6.256683
csxy,1,29.735490,6.360157
dzf2,1,121.508752,25.453860
dyf3,1,31.284982,6.419465
csyz,1,35.518763,7.573296
dxf3,1,30.500033,6.245716
dzf3,1,121.795628,25.493780
csxz,1,35.322397,7.540735
dxf,2,30.537700,6.259035
dzb,2,121.984345,25.535265
dyb,2,31.526671,6.449712
cvx,2,37.190995,7.823102
dyf,2,31.392560,6.466986
dzb2,2,122.211380,25.568542
dxb,2,30.477135,6.209835
cvy,2,36.745147,7.734370
dzf,2,121.594173,25.469654
dxb2,2,30.464964,6.208783
dyb2,2,31.763997,6.515108
cvz,2,41.825723,8.917025
dzb3,2,121.937100,25.532067
dxb3,2,30.487236,6.214037
dyb3,2,31.823149,6.518803
csxxsyyszz,2,95.385860,18.907296
dyf2,2,31.502859,6.470257
dxf2,2,30.604789,6.255451
csxy,2,29.747888,6.364488
dzf2,2,121.676794,25.489927
dyf3,2,31.204503,6.393732
csyz,2,35.495837,7.587115
dxf3,2,30.490591,6.250095
dzf3,2,121.823724,25.520460
csxz,2,35.359446,7.540282
dxf,3,30.497638,6.252016
dzb,3,122.003144,25.533216
dyb,3,31.550730,6.444714
cvx,3,37.202307,7.811888
dyf,3,31.352784,6.458911
dzb2,3,122.246133,25.565461
dxb,3,30.502728,6.239952
cvy,3,36.743947,7.735447
dzf,3,121.510534,25.459914
dxb2,3,30.429538,6.196809
dyb2,3,31.819503,6.526975
cvz,3,41.816344,8.933502
dzb3,3,121.915231,25.539630
dxb3,3,30.417775,6.197384
dyb3,3,31.825476,6.519641
csxxsyyszz,3,95.428404,18.930117
dyf2,3,31.479943,6.459231
dxf2,3,30.669319,6.284215
csxy,3,29.740633,6.361617
dzf2,3,121.566985,25.486444
dyf3,3,31.200509,6.443850
csyz,3,35.492030,7.589779
dxf3,3,30.410601,6.240231
dzf3,3,121.952227,25.563491
csxz,3,35.312264,7.567442
dxf,4,30.473673,6.252936
dzb,4,122.039519,25.552270
dyb,4,31.566802,6.447280
cvx,4,37.239975,7.814188
dyf,4,31.387780,6.458511
dzb2,4,122.075886,25.575759
dxb,4,30.506713,6.243270
cvy,4,36.757446,7.737200
dzf,4,121.600480,25.484568
dxb2,4,30.467619,6.236341
dyb2,4,31.798175,6.522239
cvz,4,41.887023,8.947506
dzb3,4,121.804432,25.523227
dxb3,4,30.473887,6.241909
dyb3,4,31.837418,6.530288
csxxsyyszz,4,95.481400,18.945798
dyf2,4,31.535345,6.466537
dxf2,4,30.650099,6.271537
csxy,4,29.747921,6.379250
dzf2,4,121.530248,25.488993
dyf3,4,31.129665,6.417192
csyz,4,35.516088,7.591924
dxf3,4,30.458834,6.258100
dzf3,4,121.807557,25.529947
csxz,4,35.298477,7.623535
#========================= OptEWE [OpenMP] =========================
#Source type                                  :  Force monopole
#Grid Size                                    :  512 x 512 x 512
#Iterations                                   :  5
#Compute time                                 :  7.304413
#Total effective MLUPS                        :  91.874412
#===================================================================
#Number of threads                            :  19
