dxf,0,63.434485,9.227034
dzb,0,347.233381,48.958537
dyb,0,75.833890,10.860742
cvx,0,116.977229,16.366279
dyf,0,75.008713,10.762411
dzb2,0,346.118484,48.827694
dxb,0,64.716823,9.376095
cvy,0,343.031952,44.711977
dzf,0,352.904912,49.704637
dxb2,0,64.481303,9.344049
dyb2,0,75.386060,10.836379
cvz,0,117.869907,16.733193
dzb3,0,347.529392,49.003137
dxb3,0,64.643687,9.382639
dyb3,0,75.367123,10.821177
csxxsyyszz,0,319.972011,43.514199
dyf2,0,74.406810,10.671380
dxf2,0,62.752106,9.130309
csxy,0,56.317630,8.483692
dzf2,0,345.454799,48.756663
dyf3,0,73.672629,10.606157
csyz,0,64.353033,9.664777
dxf3,0,63.441464,9.223169
dzf3,0,345.045550,48.708225
csxz,0,63.118984,9.484598
dxf,1,63.261423,9.196386
dzb,1,347.154012,48.991860
dyb,1,75.720540,10.853359
cvx,1,116.920380,16.359811
dyf,1,75.026607,10.766561
dzb2,1,346.293912,48.876325
dxb,1,64.435141,9.349929
cvy,1,114.653653,16.074491
dzf,1,350.230134,49.373120
dxb2,1,64.452405,9.343645
dyb2,1,75.618812,10.870818
cvz,1,117.651010,16.671840
dzb3,1,347.414839,48.999552
dxb3,1,64.664187,9.365407
dyb3,1,75.407719,10.818681
csxxsyyszz,1,314.299064,42.799749
dyf2,1,74.271548,10.645385
dxf2,1,62.853758,9.155288
csxy,1,56.273695,8.488474
dzf2,1,345.492292,48.756603
dyf3,1,73.652096,10.593749
csyz,1,64.461678,9.670716
dxf3,1,63.434396,9.225435
dzf3,1,344.689329,49.000426
csxz,1,63.044406,9.480666
dxf,2,62.956034,9.218632
dzb,2,346.659501,48.970136
dyb,2,74.904986,10.730632
cvx,2,116.919507,16.370341
dyf,2,74.138918,10.712708
dzb2,2,346.100011,48.886501
dxb,2,64.644761,9.370429
cvy,2,114.676966,16.084556
dzf,2,350.471197,49.455393
dxb2,2,64.351555,9.393499
dyb2,2,75.462630,10.828152
cvz,2,117.285221,16.640210
dzb3,2,347.213810,49.044074
dxb3,2,64.614942,9.401229
dyb3,2,75.754279,10.877011
csxxsyyszz,2,320.056414,43.609425
dyf2,2,74.389415,10.678674
dxf2,2,62.776069,9.143359
csxy,2,56.206242,8.494047
dzf2,2,345.322372,48.826791
dyf3,2,74.482417,10.699619
csyz,2,64.330446,9.651272
dxf3,2,63.355809,9.219610
dzf3,2,344.935403,48.719009
csxz,2,63.015949,9.527648
dxf,3,64.723579,9.401222
dzb,3,347.943237,49.138881
dyb,3,75.592783,10.822776
cvx,3,116.914790,16.409065
dyf,3,75.001652,10.787940
dzb2,3,346.007572,49.990387
dxb,3,65.524740,9.964283
cvy,3,114.228881,16.721360
dzf,3,348.304380,51.236941
dxb2,3,64.133941,9.700380
dyb2,3,75.265219,11.253372
cvz,3,116.925027,17.299454
dzb3,3,345.067479,50.562080
dxb3,3,64.394433,9.669287
dyb3,3,75.155450,11.172297
csxxsyyszz,3,319.392319,43.866196
dyf2,3,74.322385,10.656094
dxf2,3,62.662110,9.139244
csxy,3,56.225104,8.492899
dzf2,3,345.374881,48.788804
dyf3,3,74.338800,10.669696
csyz,3,64.326321,9.646755
dxf3,3,63.494094,9.234483
dzf3,3,345.027078,48.724012
csxz,3,62.968494,9.484014
dxf,4,63.031137,9.172242
dzb,4,346.876282,48.907810
dyb,4,75.625160,10.822991
cvx,4,116.924068,16.361937
dyf,4,75.058995,10.778886
dzb2,4,346.457582,48.830606
dxb,4,64.569256,9.355449
cvy,4,114.603384,16.082510
dzf,4,349.588808,49.326880
dxb2,4,64.344398,9.347120
dyb2,4,75.339647,10.818455
cvz,4,117.359010,16.627503
dzb3,4,347.100529,48.914445
dxb3,4,64.600579,9.361945
dyb3,4,75.505636,10.818266
csxxsyyszz,4,319.511480,43.446344
dyf2,4,74.286918,10.669336
dxf2,4,62.720350,9.167951
csxy,4,56.213367,8.474407
dzf2,4,345.243357,48.747092
dyf3,4,73.896391,10.604132
csyz,4,64.220897,9.643230
dxf3,4,63.513847,9.254944
dzf3,4,344.954657,48.691695
csxz,4,62.999349,9.502703
#========================= OptEWE [OpenMP] =========================
#Source type                                  :  Force monopole
#Grid Size                                    :  512 x 512 x 512
#Iterations                                   :  5
#Compute time                                 :  19.053816
#Total effective MLUPS                        :  35.220695
#===================================================================
#Number of threads                            :  5
