dxf,0,48.940010,8.531589
dzb,0,185.454623,33.450385
dyb,0,50.032389,8.800889
cvx,0,57.581449,10.487753
dyf,0,49.645796,8.761631
dzb2,0,185.325005,33.409167
dxb,0,48.775061,8.529904
cvy,0,188.563779,29.996899
dzf,0,184.898752,33.350614
dxb2,0,48.479705,8.458133
dyb2,0,50.116458,8.803028
cvz,0,66.592516,12.117634
dzb3,0,185.067377,33.354064
dxb3,0,48.731130,8.513328
dyb3,0,50.138139,8.809367
csxxsyyszz,0,128.044605,22.543114
dyf2,0,49.345570,8.697640
dxf2,0,48.736326,8.531050
csxy,0,47.417470,8.614859
dzf2,0,188.444101,33.935186
dyf3,0,49.085603,8.682738
csyz,0,56.058072,10.175748
dxf3,0,48.426690,8.480724
dzf3,0,185.826497,33.563792
csxz,0,56.110919,10.174699
dxf,1,48.518346,8.486950
dzb,1,185.325743,33.410539
dyb,1,49.923641,8.761599
cvx,1,57.602426,10.457525
dyf,1,49.457574,8.738232
dzb2,1,185.314134,33.573073
dxb,1,48.726801,8.504045
cvy,1,57.960778,10.515829
dzf,1,184.760219,33.408694
dxb2,1,48.564099,8.499324
dyb2,1,50.357702,8.856176
cvz,1,66.588826,12.132263
dzb3,1,184.905627,33.465557
dxb3,1,48.615967,8.493695
dyb3,1,50.253940,8.834787
csxxsyyszz,1,128.031733,22.598216
dyf2,1,49.345834,8.691035
dxf2,1,48.713400,8.521313
csxy,1,47.375165,8.610919
dzf2,1,188.216965,33.947653
dyf3,1,49.494164,8.723589
csyz,1,56.125704,10.184880
dxf3,1,48.566267,8.521437
dzf3,1,185.616881,33.690083
csxz,1,56.178370,10.227853
dxf,2,48.550180,8.514366
dzb,2,185.124890,33.597197
dyb,2,49.912068,8.793209
cvx,2,57.649923,10.513172
dyf,2,49.173019,8.706878
dzb2,2,185.343550,33.586456
dxb,2,48.769682,8.552129
cvy,2,58.215337,10.574452
dzf,2,184.830267,33.486573
dxb2,2,48.494141,8.472047
dyb2,2,50.122924,8.811875
cvz,2,66.771669,12.161772
dzb3,2,184.836853,33.464289
dxb3,2,48.585119,8.496201
dyb3,2,50.297912,8.845782
csxxsyyszz,2,128.013808,22.618193
dyf2,2,49.813111,8.781636
dxf2,2,48.727271,8.513994
csxy,2,47.252400,8.591137
dzf2,2,188.319927,33.999427
dyf3,2,49.339935,8.742238
csyz,2,56.002898,10.203510
dxf3,2,48.470670,8.522719
dzf3,2,185.751183,33.723399
csxz,2,56.045705,10.180026
dxf,3,48.549356,8.544080
dzb,3,186.192159,33.738291
dyb,3,50.079771,8.796584
cvx,3,57.571243,10.506874
dyf,3,49.455086,8.769429
dzb2,3,185.425911,33.634970
dxb,3,48.714472,8.524423
cvy,3,58.194892,10.592925
dzf,3,184.696607,33.509524
dxb2,3,48.515635,8.483322
dyb2,3,50.219699,8.852791
cvz,3,66.582068,12.176318
dzb3,3,184.868624,33.488428
dxb3,3,48.701638,8.486382
dyb3,3,50.899871,8.944306
csxxsyyszz,3,127.373918,22.512969
dyf2,3,49.409717,8.695141
dxf2,3,48.775214,8.539564
csxy,3,47.402815,8.618726
dzf2,3,188.239411,33.968668
dyf3,3,49.534841,8.710483
csyz,3,55.959135,10.169591
dxf3,3,48.431423,8.489786
dzf3,3,185.651669,33.627771
csxz,3,56.090122,10.167906
dxf,4,48.526826,8.504569
dzb,4,185.255716,33.523358
dyb,4,49.713057,8.723057
cvx,4,57.503902,10.473751
dyf,4,49.474200,8.750385
dzb2,4,185.312942,33.551056
dxb,4,48.675636,8.491464
cvy,4,58.007188,10.532171
dzf,4,184.741563,33.447409
dxb2,4,48.561261,8.463256
dyb2,4,50.102467,8.807556
cvz,4,66.550393,12.124282
dzb3,4,184.927270,33.400623
dxb3,4,48.585066,8.465340
dyb3,4,50.261650,8.832881
csxxsyyszz,4,128.045693,22.605235
dyf2,4,49.515571,8.723964
dxf2,4,48.712741,8.516935
csxy,4,47.409492,8.625746
dzf2,4,188.253753,33.982774
dyf3,4,49.154130,8.642091
csyz,4,56.151713,10.214287
dxf3,4,48.516378,8.507347
dzf3,4,185.660140,33.552361
csxz,4,56.077909,10.176063
#========================= OptEWE [OpenMP] =========================
#Source type                                  :  Force monopole
#Grid Size                                    :  512 x 512 x 512
#Iterations                                   :  5
#Compute time                                 :  11.004468
#Total effective MLUPS                        :  60.983288
#===================================================================
#Number of threads                            :  9
