dxf,0,51.295074,8.727421
dzb,0,242.236643,41.015552
dyb,0,57.331874,9.712651
cvx,0,80.072874,13.471162
dyf,0,56.579758,9.619778
dzb2,0,242.299203,41.006532
dxb,0,51.633290,8.802014
cvy,0,262.802080,40.046706
dzf,0,240.967732,40.763873
dxb2,0,51.459161,8.790414
dyb2,0,57.318581,9.772332
cvz,0,80.618520,13.809485
dzb3,0,243.000722,41.126383
dxb3,0,51.405257,8.781206
dyb3,0,57.484274,9.784140
csxxsyyszz,0,218.999196,35.398233
dyf2,0,56.546670,9.621221
dxf2,0,52.390055,8.934687
csxy,0,48.888694,8.648043
dzf2,0,242.247697,41.003648
dyf3,0,56.199992,9.589850
csyz,0,55.854389,9.915869
dxf3,0,50.822664,8.707535
dzf3,0,240.860893,40.793573
csxz,0,55.215166,9.851548
dxf,1,50.742541,8.698564
dzb,1,242.054369,40.996470
dyb,1,57.226730,9.736788
cvx,1,80.171193,13.480981
dyf,1,56.528893,9.622216
dzb2,1,242.421496,41.029713
dxb,1,51.646673,8.814649
cvy,1,78.621806,13.222468
dzf,1,239.878559,42.160024
dxb2,1,51.151350,9.075383
dyb2,1,56.990997,10.075983
cvz,1,80.475682,14.297805
dzb3,1,241.327257,42.356781
dxb3,1,51.395237,9.092714
dyb3,1,57.166649,10.077438
csxxsyyszz,1,218.574675,36.661678
dyf2,1,56.567620,9.753891
dxf2,1,51.492843,8.801147
csxy,1,48.783183,8.634501
dzf2,1,242.095838,40.940737
dyf3,1,56.372730,9.594663
csyz,1,55.825970,9.894173
dxf3,1,50.796615,8.717236
dzf3,1,240.896928,40.788602
csxz,1,55.197571,9.811489
dxf,2,50.904626,8.727206
dzb,2,241.472787,40.958951
dyb,2,56.659899,9.671136
cvx,2,79.817770,13.447569
dyf,2,56.419311,9.634327
dzb2,2,241.573988,41.023711
dxb,2,51.619154,8.812022
cvy,2,78.585831,13.220961
dzf,2,240.811243,40.769367
dxb2,2,51.153991,8.734544
dyb2,2,57.096179,9.732721
cvz,2,80.591360,13.829772
dzb3,2,242.647682,41.114361
dxb3,2,51.224741,8.770545
dyb3,2,57.010398,9.708436
csxxsyyszz,2,218.873204,35.416917
dyf2,2,56.458826,9.629880
dxf2,2,51.489177,8.814000
csxy,2,48.820883,8.653257
dzf2,2,242.023916,41.012266
dyf3,2,56.331283,9.619538
csyz,2,55.950402,9.924693
dxf3,2,50.676221,8.694748
dzf3,2,240.607161,40.813610
csxz,2,55.162565,9.816517
dxf,3,50.919708,8.743624
dzb,3,241.883390,40.995128
dyb,3,56.837039,9.676628
cvx,3,80.014610,13.458189
dyf,3,56.585521,9.652587
dzb2,3,242.056399,41.015538
dxb,3,51.660632,8.836526
cvy,3,78.517418,13.223069
dzf,3,240.873920,40.810959
dxb2,3,51.362253,8.775071
dyb2,3,57.227135,9.733705
cvz,3,80.750834,13.829934
dzb3,3,242.815088,41.078540
dxb3,3,51.429373,8.784840
dyb3,3,57.222647,9.728698
csxxsyyszz,3,215.219010,34.826055
dyf2,3,56.514664,9.622108
dxf2,3,51.495921,8.799001
csxy,3,48.787510,8.634657
dzf2,3,242.146193,40.948880
dyf3,3,56.240566,9.594228
csyz,3,55.958131,9.913915
dxf3,3,50.801606,8.703683
dzf3,3,240.936388,40.800510
csxz,3,55.213100,9.823330
dxf,4,50.874760,8.717317
dzb,4,241.964609,40.972797
dyb,4,57.177206,9.738174
cvx,4,80.032985,13.460425
dyf,4,56.338737,9.610490
dzb2,4,242.166222,41.031790
dxb,4,51.701948,8.836399
cvy,4,78.513161,13.221493
dzf,4,241.272892,40.909158
dxb2,4,51.312157,8.784907
dyb2,4,57.293424,9.769014
cvz,4,80.538657,13.825516
dzb3,4,242.642620,41.117482
dxb3,4,51.322566,8.783421
dyb3,4,57.280889,9.748552
csxxsyyszz,4,214.889411,34.821535
dyf2,4,56.483800,9.626592
dxf2,4,51.388078,8.807359
csxy,4,48.761552,8.642619
dzf2,4,243.279915,41.203300
dyf3,4,56.138614,9.572843
csyz,4,55.857408,9.901215
dxf3,4,50.636509,8.679779
dzf3,4,241.040769,40.828387
csxz,4,55.205021,9.833003
#========================= OptEWE [OpenMP] =========================
#Source type                                  :  Force monopole
#Grid Size                                    :  512 x 512 x 512
#Iterations                                   :  5
#Compute time                                 :  13.760896
#Total effective MLUPS                        :  48.767802
#===================================================================
#Number of threads                            :  7
