dxf,0,27.080438,5.378969
dzb,0,113.057019,22.717456
dyb,0,27.704266,5.548257
cvx,0,37.364294,7.405555
dyf,0,27.653886,5.545438
dzb2,0,113.354066,22.796365
dxb,0,25.801076,5.174668
cvy,0,303.709336,48.749704
dzf,0,112.734219,22.654015
dxb2,0,25.738872,5.170177
dyb2,0,27.983642,5.624471
cvz,0,38.844422,7.931667
dzb3,0,112.852394,22.716741
dxb3,0,25.803535,5.197979
dyb3,0,27.998481,5.626367
csxxsyyszz,0,100.399546,18.823069
dyf2,0,27.773939,5.573104
dxf2,0,25.885670,5.225550
csxy,0,25.497642,5.388738
dzf2,0,112.591977,22.693209
dyf3,0,27.454264,5.534164
csyz,0,30.411681,6.426606
dxf3,0,25.887268,5.226112
dzf3,0,112.618884,22.711351
csxz,0,30.292014,6.404276
dxf,1,25.729530,5.189503
dzb,1,112.916403,22.773207
dyb,1,27.747746,5.570599
cvx,1,37.319105,7.414301
dyf,1,27.646134,5.551153
dzb2,1,113.239516,22.821454
dxb,1,25.790781,5.191827
cvy,1,36.734555,7.313801
dzf,1,112.565249,22.684242
dxb2,1,25.737418,5.182396
dyb2,1,27.950818,5.628957
cvz,1,38.833761,7.940169
dzb3,1,112.826356,22.747376
dxb3,1,25.842889,5.198010
dyb3,1,27.933114,5.616843
csxxsyyszz,1,103.042113,19.266912
dyf2,1,27.704677,5.547981
dxf2,1,25.847507,5.223231
csxy,1,25.489442,5.386769
dzf2,1,112.525419,22.696204
dyf3,1,27.439155,5.530172
csyz,1,30.461417,6.440924
dxf3,1,25.720044,5.195806
dzf3,1,112.788536,22.765722
csxz,1,30.264400,6.397019
dxf,2,25.723170,5.193937
dzb,2,112.916549,22.791066
dyb,2,27.753810,5.571577
cvx,2,37.323713,7.415815
dyf,2,27.658473,5.552915
dzb2,2,113.264383,22.832991
dxb,2,25.809022,5.190003
cvy,2,36.717905,7.311211
dzf,2,112.525026,22.739802
dxb2,2,25.883084,5.229341
dyb2,2,27.946421,5.645056
cvz,2,38.936267,7.974512
dzb3,2,112.785036,22.774415
dxb3,2,25.802559,5.225735
dyb3,2,27.954747,5.627459
csxxsyyszz,2,100.437008,18.893358
dyf2,2,27.805104,5.614114
dxf2,2,25.848770,5.255916
csxy,2,25.445777,5.395565
dzf2,2,112.417033,22.712554
dyf3,2,27.355390,5.566940
csyz,2,30.480217,6.462282
dxf3,2,25.748273,5.212237
dzf3,2,112.544019,22.768814
csxz,2,30.288538,6.439390
dxf,3,25.754623,5.220557
dzb,3,112.943853,22.817630
dyb,3,27.768580,5.614879
cvx,3,37.370343,7.440172
dyf,3,27.606055,5.588917
dzb2,3,113.321473,22.864947
dxb,3,25.777380,5.230183
cvy,3,36.734989,7.337210
dzf,3,112.538436,22.733997
dxb2,3,25.735596,5.216700
dyb2,3,27.972002,5.661678
cvz,3,38.847836,7.966234
dzb3,3,114.212890,23.002451
dxb3,3,25.797080,5.228327
dyb3,3,27.979046,5.634280
csxxsyyszz,3,100.435735,18.881795
dyf2,3,27.771854,5.613146
dxf2,3,25.880440,5.268467
csxy,3,25.452001,5.392525
dzf2,3,112.448575,22.727928
dyf3,3,27.525527,5.567987
csyz,3,30.467437,6.462191
dxf3,3,25.728032,5.211832
dzf3,3,112.762034,22.798826
csxz,3,30.326041,6.448074
dxf,4,25.724775,5.214150
dzb,4,113.128145,22.852499
dyb,4,27.724862,5.598151
cvx,4,37.329086,7.443443
dyf,4,27.691260,5.595902
dzb2,4,113.514732,22.913812
dxb,4,25.794299,5.216419
cvy,4,36.746890,7.337290
dzf,4,112.599113,22.762676
dxb2,4,25.765844,5.208040
dyb2,4,28.024691,5.668461
cvz,4,38.830755,7.957150
dzb3,4,112.787618,22.785943
dxb3,4,25.758780,5.221638
dyb3,4,28.011688,5.633384
csxxsyyszz,4,100.379188,18.895028
dyf2,4,27.786325,5.612957
dxf2,4,25.871399,5.263272
csxy,4,25.621626,5.431310
dzf2,4,112.452274,22.728429
dyf3,4,27.431345,5.578022
csyz,4,30.482315,6.463799
dxf3,4,25.747705,5.224877
dzf3,4,112.707718,22.787102
csxz,4,30.267236,6.505368
#========================= OptEWE [OpenMP] =========================
#Source type                                  :  Force monopole
#Grid Size                                    :  512 x 512 x 512
#Iterations                                   :  5
#Compute time                                 :  6.761780
#Total effective MLUPS                        :  99.247330
#===================================================================
#Number of threads                            :  23
