dxf,0,46.840794,8.427561
dzb,0,195.897306,35.652936
dyb,0,46.595070,8.491830
cvx,0,58.142909,10.815671
dyf,0,46.705987,8.540992
dzb2,0,195.978632,35.732400
dxb,0,46.174149,8.346578
cvy,0,228.865821,37.474414
dzf,0,195.134454,35.554710
dxb2,0,46.182009,8.363273
dyb2,0,46.898098,8.570505
cvz,0,68.181747,12.627746
dzb3,0,195.708730,35.679215
dxb3,0,46.153045,8.368124
dyb3,0,46.923644,8.571019
csxxsyyszz,0,106.637661,19.877185
dyf2,0,46.857661,8.550425
dxf2,0,46.437168,8.434755
csxy,0,47.751657,8.889726
dzf2,0,195.059336,35.602907
dyf3,0,46.656448,8.522578
csyz,0,57.654892,10.661635
dxf3,0,46.219535,8.386438
dzf3,0,195.111083,35.623990
csxz,0,57.468730,10.618930
dxf,1,46.281837,8.407867
dzb,1,195.734252,35.717774
dyb,1,46.674928,8.533854
cvx,1,58.157026,10.839137
dyf,1,46.696826,8.548073
dzb2,1,196.056095,35.802887
dxb,1,46.213374,8.381710
cvy,1,58.025294,10.806002
dzf,1,194.883082,35.590398
dxb2,1,46.175987,8.364227
dyb2,1,46.897644,8.579948
cvz,1,68.263131,12.662201
dzb3,1,195.644168,35.701956
dxb3,1,46.160607,8.365528
dyb3,1,46.893991,8.582333
csxxsyyszz,1,106.252083,19.832738
dyf2,1,46.814061,8.560755
dxf2,1,46.502357,8.451440
csxy,1,47.840733,8.910214
dzf2,1,195.014309,35.607805
dyf3,1,46.613489,8.526991
csyz,1,57.630830,10.670128
dxf3,1,46.257276,8.397502
dzf3,1,195.196330,35.649463
csxz,1,57.517426,10.641942
dxf,2,46.238805,8.401615
dzb,2,195.871489,35.760093
dyb,2,46.599475,8.509258
cvx,2,58.176819,10.851310
dyf,2,46.804732,8.573188
dzb2,2,195.866475,35.758556
dxb,2,46.213218,8.397447
cvy,2,58.019922,10.799925
dzf,2,195.199992,35.640594
dxb2,2,46.140376,8.364385
dyb2,2,46.900079,8.582226
cvz,2,68.152044,12.638188
dzb3,2,195.585473,35.701794
dxb3,2,46.135291,8.374276
dyb3,2,46.947758,8.594374
csxxsyyszz,2,106.536203,19.885031
dyf2,2,46.812092,8.567100
dxf2,2,46.463961,8.449544
csxy,2,47.789909,8.906356
dzf2,2,194.977086,35.608933
dyf3,2,46.747744,8.560315
csyz,2,57.664792,10.669574
dxf3,2,46.272079,8.405492
dzf3,2,195.100106,35.641669
csxz,2,57.513345,10.629855
dxf,3,46.228596,8.396991
dzb,3,197.446694,36.023479
dyb,3,47.017365,8.596261
cvx,3,58.299444,10.869567
dyf,3,46.675129,8.540333
dzb2,3,195.929627,35.771453
dxb,3,46.220078,8.406517
cvy,3,58.012234,10.804657
dzf,3,195.041439,35.659168
dxb2,3,46.138476,8.379540
dyb2,3,46.929595,8.593860
cvz,3,68.122426,12.643765
dzb3,3,195.790486,35.767914
dxb3,3,46.174336,8.384129
dyb3,3,46.938051,8.579518
csxxsyyszz,3,106.400437,19.840725
dyf2,3,46.817486,8.552969
dxf2,3,46.462773,8.438680
csxy,3,47.779809,8.892529
dzf2,3,195.014879,35.619170
dyf3,3,46.655924,8.535239
csyz,3,57.664215,10.675332
dxf3,3,46.276503,8.407380
dzf3,3,195.874739,35.778708
csxz,3,57.571565,10.655130
dxf,4,46.261373,8.408245
dzb,4,195.820350,35.757217
dyb,4,46.584826,8.529269
cvx,4,58.166263,10.846311
dyf,4,46.619133,8.538707
dzb2,4,195.945654,35.798126
dxb,4,46.214700,8.396994
cvy,4,58.028787,10.803630
dzf,4,195.712917,35.754986
dxb2,4,46.246361,8.390824
dyb2,4,46.910059,8.581364
cvz,4,68.198422,12.646057
dzb3,4,195.579897,35.704499
dxb3,4,46.194790,8.384956
dyb3,4,46.877239,8.581464
csxxsyyszz,4,106.194503,19.827521
dyf2,4,46.882255,8.584702
dxf2,4,46.419896,8.445882
csxy,4,47.771975,8.904477
dzf2,4,195.012133,35.619534
dyf3,4,46.499441,8.507702
csyz,4,57.641389,10.666588
dxf3,4,46.281963,8.412590
dzf3,4,195.271651,35.693947
csxz,4,57.534132,10.655115
#========================= OptEWE [OpenMP] =========================
#Source type                                  :  Force monopole
#Grid Size                                    :  512 x 512 x 512
#Iterations                                   :  5
#Compute time                                 :  11.098230
#Total effective MLUPS                        :  60.468076
#===================================================================
#Number of threads                            :  14
