dxf,0,25.816531,5.570634
dzb,0,96.030925,21.879127
dyb,0,24.662760,5.447743
cvx,0,29.938674,6.879134
dyf,0,24.753318,5.492380
dzb2,0,95.913900,21.907426
dxb,0,24.341324,5.338239
cvy,0,278.276492,49.639431
dzf,0,95.552588,21.800396
dxb2,0,24.316401,5.356973
dyb2,0,24.897842,5.531510
cvz,0,34.813796,8.017810
dzb3,0,95.730545,21.881707
dxb3,0,24.373955,5.359106
dyb3,0,24.895136,5.531268
csxxsyyszz,0,66.744424,14.656044
dyf2,0,24.868581,5.503608
dxf2,0,24.597327,5.443696
csxy,0,24.462114,5.633930
dzf2,0,95.592679,21.888013
dyf3,0,24.526822,5.460637
csyz,0,29.306915,6.757489
dxf3,0,24.386088,5.385808
dzf3,0,95.885354,21.960587
csxz,0,29.148751,6.699981
dxf,1,24.377875,5.385987
dzb,1,95.988442,21.974549
dyb,1,24.647035,5.476026
cvx,1,29.937767,6.911157
dyf,1,24.708523,5.497290
dzb2,1,95.954729,21.976229
dxb,1,24.327357,5.375176
cvy,1,29.792658,6.864685
dzf,1,95.496518,21.868333
dxb2,1,24.321053,5.376823
dyb2,1,24.925717,5.551125
cvz,1,34.900846,8.052764
dzb3,1,95.753077,21.928318
dxb3,1,24.287632,5.356474
dyb3,1,24.933464,5.552730
csxxsyyszz,1,66.448414,14.631843
dyf2,1,24.851750,5.526408
dxf2,1,24.539744,5.437795
csxy,1,24.515682,5.663240
dzf2,1,95.672298,21.915613
dyf3,1,24.647474,5.498756
csyz,1,29.365153,6.765944
dxf3,1,24.373943,5.388047
dzf3,1,95.865546,21.975570
csxz,1,29.125131,6.706648
dxf,2,24.361281,5.388411
dzb,2,96.000061,21.996748
dyb,2,24.621706,5.460218
cvx,2,29.893817,6.907762
dyf,2,24.751026,5.515671
dzb2,2,97.853317,22.328471
dxb,2,24.293739,5.386903
cvy,2,29.834225,6.877270
dzf,2,95.873252,21.973259
dxb2,2,24.293828,5.369870
dyb2,2,24.896611,5.549430
cvz,2,34.817435,8.041377
dzb3,2,95.718522,21.934589
dxb3,2,24.320856,5.364503
dyb3,2,24.949131,5.558858
csxxsyyszz,2,66.750256,14.694013
dyf2,2,24.846910,5.523181
dxf2,2,24.572601,5.449092
csxy,2,24.500269,5.651788
dzf2,2,95.685589,21.941593
dyf3,2,24.586555,5.484220
csyz,2,29.327365,6.759011
dxf3,2,24.402316,5.397018
dzf3,2,95.834262,21.992604
csxz,2,29.156090,6.716129
dxf,3,24.315306,5.385957
dzb,3,96.011564,22.012242
dyb,3,24.636284,5.490101
cvx,3,29.910473,6.920777
dyf,3,24.766417,5.520410
dzb2,3,96.077623,22.022853
dxb,3,24.313169,5.376600
cvy,3,29.830299,6.892964
dzf,3,95.665713,21.931118
dxb2,3,24.325518,5.373249
dyb2,3,24.900303,5.552289
cvz,3,34.802346,8.048888
dzb3,3,95.794708,21.980194
dxb3,3,24.299342,5.388963
dyb3,3,24.900618,5.557746
csxxsyyszz,3,66.852299,14.718934
dyf2,3,24.861321,5.555788
dxf2,3,24.599877,5.477967
csxy,3,25.115088,5.759029
dzf2,3,95.603861,21.936157
dyf3,3,24.590032,5.526728
csyz,3,29.351200,6.760954
dxf3,3,24.385892,5.404406
dzf3,3,95.809952,22.007644
csxz,3,29.124203,6.732036
dxf,4,24.372130,5.403114
dzb,4,95.979170,22.026848
dyb,4,24.679806,5.536345
cvx,4,30.113655,6.934492
dyf,4,24.728670,5.527928
dzb2,4,95.918840,22.015722
dxb,4,24.278037,5.413068
cvy,4,29.805410,6.878920
dzf,4,95.521622,21.934029
dxb2,4,24.272952,5.385094
dyb2,4,24.922527,5.572581
cvz,4,34.833582,8.047404
dzb3,4,95.844177,21.998832
dxb3,4,24.301466,5.388032
dyb3,4,24.909369,5.562813
csxxsyyszz,4,66.437999,14.647502
dyf2,4,24.865288,5.555001
dxf2,4,24.573549,5.466433
csxy,4,24.477821,5.646139
dzf2,4,95.678184,21.965417
dyf3,4,24.592269,5.531842
csyz,4,29.317658,6.765049
dxf3,4,24.346283,5.398320
dzf3,4,95.830961,22.022843
csxz,4,29.148233,6.811780
#========================= OptEWE [OpenMP] =========================
#Source type                                  :  Force monopole
#Grid Size                                    :  512 x 512 x 512
#Iterations                                   :  5
#Compute time                                 :  5.822759
#Total effective MLUPS                        :  115.252687
#===================================================================
#Number of threads                            :  24
