dxf,0,50.786653,8.773028
dzb,0,232.743167,40.104680
dyb,0,55.802498,9.621280
cvx,0,76.676382,13.093598
dyf,0,55.286435,9.554005
dzb2,0,232.417713,40.026625
dxb,0,50.625893,8.765824
cvy,0,251.454131,38.877243
dzf,0,232.694696,40.086135
dxb2,0,50.761410,8.775745
dyb2,0,55.819237,9.634327
cvz,0,77.308737,13.491108
dzb3,0,233.332621,40.175905
dxb3,0,50.776292,8.782956
dyb3,0,56.131902,9.694366
csxxsyyszz,0,207.772298,34.118149
dyf2,0,55.098900,9.532955
dxf2,0,51.199743,8.863593
csxy,0,48.710435,8.721968
dzf2,0,234.824489,40.392547
dyf3,0,55.056591,9.518995
csyz,0,55.941514,10.033405
dxf3,0,50.699784,8.783615
dzf3,0,232.187797,40.030192
csxz,0,55.303924,9.948521
dxf,1,50.494577,8.756925
dzb,1,232.770949,40.105489
dyb,1,55.779052,9.617116
cvx,1,76.654343,13.102119
dyf,1,55.115549,9.547439
dzb2,1,232.492548,40.046219
dxb,1,50.749639,8.794815
cvy,1,75.149272,12.883098
dzf,1,232.863241,40.118031
dxb2,1,50.677016,8.778453
dyb2,1,56.029343,9.676412
cvz,1,77.369013,13.491589
dzb3,1,233.145171,40.175252
dxb3,1,50.697222,8.764160
dyb3,1,55.690228,9.618288
csxxsyyszz,1,207.841021,34.149945
dyf2,1,55.277300,9.552184
dxf2,1,51.336016,8.876893
csxy,1,48.701977,8.723376
dzf2,1,235.202966,40.453793
dyf3,1,55.026687,9.502964
csyz,1,55.899512,10.038130
dxf3,1,50.814727,8.813912
dzf3,1,232.085926,39.988578
csxz,1,55.120120,9.944467
dxf,2,50.371547,8.738252
dzb,2,232.863291,40.137072
dyb,2,55.529256,9.598159
cvx,2,78.168759,13.339376
dyf,2,55.292995,9.544347
dzb2,2,232.410930,40.073752
dxb,2,50.787287,8.790718
cvy,2,75.135084,12.865175
dzf,2,232.639782,40.101654
dxb2,2,50.743748,8.777204
dyb2,2,55.762041,9.633259
cvz,2,77.391814,13.533893
dzb3,2,233.206993,40.166554
dxb3,2,50.672409,8.773879
dyb3,2,55.703565,9.637694
csxxsyyszz,2,207.866819,34.163383
dyf2,2,55.074273,9.541618
dxf2,2,51.248550,8.876031
csxy,2,48.716551,8.723307
dzf2,2,235.030309,40.448145
dyf3,2,55.030491,9.512913
csyz,2,56.705202,10.150842
dxf3,2,50.789875,8.788357
dzf3,2,232.017178,40.004743
csxz,2,55.371724,9.963631
dxf,3,50.413693,8.739020
dzb,3,232.786653,40.137168
dyb,3,55.514119,9.578864
cvx,3,76.687238,13.115729
dyf,3,55.248689,9.557659
dzb2,3,232.576414,40.087625
dxb,3,50.779979,8.821556
cvy,3,75.095396,12.871667
dzf,3,232.667990,40.095206
dxb2,3,50.718913,8.784125
dyb2,3,55.712311,9.626623
cvz,3,77.381788,13.504958
dzb3,3,233.174323,40.185609
dxb3,3,50.749737,8.781412
dyb3,3,55.805252,9.634972
csxxsyyszz,3,203.902493,33.602757
dyf2,3,55.119866,9.516034
dxf2,3,51.273509,8.862819
csxy,3,48.699708,8.720900
dzf2,3,234.744430,40.397551
dyf3,3,54.724189,9.471438
csyz,3,55.861740,10.030735
dxf3,3,50.778688,8.827801
dzf3,3,231.935275,39.969639
csxz,3,55.257258,9.949820
dxf,4,50.357031,8.775923
dzb,4,232.729247,40.102530
dyb,4,55.607213,9.626998
cvx,4,76.575223,13.092031
dyf,4,55.297681,9.551461
dzb2,4,232.354179,40.061608
dxb,4,50.690124,8.770488
cvy,4,75.053228,12.858835
dzf,4,232.735955,40.141730
dxb2,4,50.712338,8.776769
dyb2,4,55.956820,9.663473
cvz,4,77.282592,13.501342
dzb3,4,233.040429,40.147163
dxb3,4,50.764599,8.787767
dyb3,4,55.689903,9.644001
csxxsyyszz,4,207.732274,34.132698
dyf2,4,55.409632,9.563872
dxf2,4,51.269341,8.898495
csxy,4,48.648758,8.719925
dzf2,4,234.845522,40.414326
dyf3,4,54.865938,9.500012
csyz,4,55.891295,10.026726
dxf3,4,50.817833,8.805044
dzf3,4,230.882938,41.925032
csxz,4,55.187767,10.466151
#========================= OptEWE [OpenMP] =========================
#Source type                                  :  Force monopole
#Grid Size                                    :  512 x 512 x 512
#Iterations                                   :  5
#Compute time                                 :  13.335295
#Total effective MLUPS                        :  50.324245
#===================================================================
#Number of threads                            :  7
