dxf,0,56.854429,8.648857
dzb,0,287.398810,42.733293
dyb,0,65.505048,9.863031
cvx,0,92.066867,13.684662
dyf,0,64.279808,9.699798
dzb2,0,287.489004,42.749688
dxb,0,57.657979,8.737871
cvy,0,281.147242,38.221867
dzf,0,287.632212,42.715124
dxb2,0,56.973188,8.649610
dyb2,0,65.347212,9.840485
cvz,0,93.383006,14.052422
dzb3,0,287.474512,42.675914
dxb3,0,62.130875,9.322422
dyb3,0,65.408392,9.830173
csxxsyyszz,0,249.366900,35.690513
dyf2,0,64.048450,9.662097
dxf2,0,56.193326,8.554707
csxy,0,53.372028,8.360849
dzf2,0,287.436304,42.683420
dyf3,0,64.259926,9.712376
csyz,0,60.409352,9.419961
dxf3,0,56.274549,8.565859
dzf3,0,286.172461,42.599080
csxz,0,59.072146,9.251690
dxf,1,56.458721,8.584281
dzb,1,287.461494,42.786006
dyb,1,65.349398,9.853982
cvx,1,92.213033,13.737534
dyf,1,64.118833,9.689230
dzb2,1,287.415994,42.763943
dxb,1,57.578210,8.731638
cvy,1,89.971418,13.400303
dzf,1,287.294298,42.745712
dxb2,1,56.945626,8.651562
dyb2,1,65.213261,9.872022
cvz,1,93.510700,14.089109
dzb3,1,287.366016,42.808462
dxb3,1,62.178071,9.334361
dyb3,1,65.439866,9.847967
csxxsyyszz,1,249.355799,35.747661
dyf2,1,64.908813,9.788445
dxf2,1,56.161962,8.555379
csxy,1,53.372937,8.398838
dzf2,1,287.756578,42.779520
dyf3,1,63.526735,9.635173
csyz,1,60.375033,9.425808
dxf3,1,56.159548,8.541698
dzf3,1,286.407279,42.688109
csxz,1,59.102800,9.266665
dxf,2,56.326332,8.570221
dzb,2,287.409833,42.778566
dyb,2,65.358794,9.899784
cvx,2,92.192434,13.706759
dyf,2,64.849801,9.778072
dzb2,2,287.444277,42.830191
dxb,2,57.480482,8.725951
cvy,2,90.002737,13.419701
dzf,2,287.464976,42.763896
dxb2,2,56.982985,8.724660
dyb2,2,65.283348,9.841952
cvz,2,93.391182,14.069135
dzb3,2,288.562240,42.943284
dxb3,2,62.103026,9.326977
dyb3,2,65.315101,9.826389
csxxsyyszz,2,249.300712,35.755407
dyf2,2,64.858758,9.790356
dxf2,2,56.221405,8.613870
csxy,2,53.396123,8.372026
dzf2,2,287.615736,42.817299
dyf3,2,63.714127,9.618995
csyz,2,60.406723,9.427224
dxf3,2,57.671558,8.763633
dzf3,2,286.510713,42.631898
csxz,2,59.183300,9.274314
dxf,3,56.380229,8.635774
dzb,3,287.353407,42.744191
dyb,3,65.430667,9.884425
cvx,3,92.178987,13.703534
dyf,3,64.217575,9.699529
dzb2,3,287.439434,42.781355
dxb,3,57.636165,8.748730
cvy,3,90.028965,13.479880
dzf,3,287.521017,42.774595
dxb2,3,56.913041,8.658632
dyb2,3,65.438076,9.870528
cvz,3,93.390027,14.063309
dzb3,3,287.206924,42.762402
dxb3,3,62.166681,9.321481
dyb3,3,65.470466,9.867352
csxxsyyszz,3,249.318180,35.720292
dyf2,3,64.811389,9.831077
dxf2,3,56.307826,8.568983
csxy,3,53.311195,8.370342
dzf2,3,287.682858,42.864869
dyf3,3,64.136335,9.691875
csyz,3,60.401635,9.441652
dxf3,3,56.436595,8.596850
dzf3,3,286.072223,42.620911
csxz,3,59.089325,9.265763
dxf,4,56.456896,8.598239
dzb,4,287.076648,42.748717
dyb,4,65.340618,9.850098
cvx,4,92.071275,13.708947
dyf,4,64.201547,9.663913
dzb2,4,287.678566,42.707574
dxb,4,57.693790,8.727652
cvy,4,89.941344,13.400519
dzf,4,287.375442,42.659964
dxb2,4,56.970249,8.636886
dyb2,4,65.268170,9.826999
cvz,4,93.222743,14.067925
dzb3,4,286.607092,42.691270
dxb3,4,62.112307,9.332131
dyb3,4,65.155533,9.825235
csxxsyyszz,4,248.722558,35.679996
dyf2,4,64.774467,9.781067
dxf2,4,56.115922,8.549091
csxy,4,53.348514,8.393903
dzf2,4,286.356682,43.916351
dyf3,4,63.882305,10.137507
csyz,4,60.346346,9.866384
dxf3,4,56.168371,8.958250
dzf3,4,286.958178,43.881310
csxz,4,59.099196,9.330922
#========================= OptEWE [OpenMP] =========================
#Source type                                  :  Force monopole
#Grid Size                                    :  512 x 512 x 512
#Iterations                                   :  5
#Compute time                                 :  15.971739
#Total effective MLUPS                        :  42.017256
#===================================================================
#Number of threads                            :  5
