dxf,0,64.581413,8.773409
dzb,0,353.733934,46.501812
dyb,0,75.661543,10.119117
cvx,0,111.826054,14.714156
dyf,0,74.743518,10.032965
dzb2,0,353.637253,46.460338
dxb,0,65.798199,8.897488
cvy,0,344.760095,42.040927
dzf,0,353.157451,46.432991
dxb2,0,65.324296,8.858998
dyb2,0,75.894988,10.202455
cvz,0,112.956480,15.083529
dzb3,0,353.622714,46.559285
dxb3,0,65.525591,8.952189
dyb3,0,75.826622,10.241394
csxxsyyszz,0,306.055486,39.154234
dyf2,0,75.751961,10.173267
dxf2,0,64.117581,8.714040
csxy,0,60.108200,8.407392
dzf2,0,353.031732,46.486695
dyf3,0,75.133523,10.090334
csyz,0,68.778130,9.562371
dxf3,0,63.824353,8.683671
dzf3,0,353.167320,46.496964
csxz,0,67.280278,9.355371
dxf,1,64.381693,8.741766
dzb,1,353.902175,46.609538
dyb,1,75.426996,10.101095
cvx,1,111.828032,14.720725
dyf,1,74.907870,10.059461
dzb2,1,353.716063,46.538446
dxb,1,65.573907,8.878780
cvy,1,109.383941,14.430057
dzf,1,354.392318,46.616277
dxb2,1,65.246572,8.866960
dyb2,1,76.050174,10.202789
cvz,1,113.314351,15.095442
dzb3,1,355.291853,46.759442
dxb3,1,65.704193,8.917996
dyb3,1,76.559732,10.273972
csxxsyyszz,1,307.531859,39.329119
dyf2,1,74.995389,10.066897
dxf2,1,64.216090,8.729374
csxy,1,60.220966,8.410659
dzf2,1,353.521536,46.517085
dyf3,1,75.240987,10.098415
csyz,1,68.742889,9.544827
dxf3,1,63.955344,8.690301
dzf3,1,352.947332,46.436252
csxz,1,67.272801,9.391746
dxf,2,64.398634,8.737480
dzb,2,353.682019,46.579921
dyb,2,76.376492,10.220986
cvx,2,111.846768,14.738657
dyf,2,75.752984,10.178446
dzb2,2,353.588438,46.505843
dxb,2,65.702540,8.896688
cvy,2,109.472253,14.456008
dzf,2,353.070468,46.470910
dxb2,2,65.275307,8.838106
dyb2,2,76.260446,10.222566
cvz,2,113.279807,15.092933
dzb3,2,353.810688,46.537317
dxb3,2,65.787881,8.899284
dyb3,2,76.008192,10.175596
csxxsyyszz,2,305.831643,39.110213
dyf2,2,75.882111,10.168942
dxf2,2,64.170421,8.706638
csxy,2,60.117056,8.439295
dzf2,2,353.223138,46.460035
dyf3,2,75.228339,10.100137
csyz,2,68.718462,9.537386
dxf3,2,63.896074,8.688391
dzf3,2,353.016078,46.463130
csxz,2,67.348372,9.358129
dxf,3,64.227347,8.723241
dzb,3,353.683330,46.522682
dyb,3,76.395871,10.230803
cvx,3,111.794717,14.766054
dyf,3,75.429297,10.108872
dzb2,3,353.627446,46.521682
dxb,3,65.722428,8.889939
cvy,3,109.340699,14.468064
dzf,3,352.973733,46.447703
dxb2,3,65.434477,8.857093
dyb2,3,76.387320,10.236023
cvz,3,113.157623,15.106788
dzb3,3,353.680134,46.514042
dxb3,3,65.709506,8.895056
dyb3,3,75.992447,10.184098
csxxsyyszz,3,304.593114,38.962286
dyf2,3,74.775043,10.046174
dxf2,3,64.122439,8.726481
csxy,3,60.122288,8.399908
dzf2,3,353.165704,46.487673
dyf3,3,75.170629,10.080308
csyz,3,68.607558,9.526037
dxf3,3,64.014538,8.718465
dzf3,3,352.816524,46.435238
csxz,3,68.689701,9.540263
dxf,4,64.497389,8.751856
dzb,4,353.780673,46.551182
dyb,4,76.485772,10.270911
cvx,4,111.861000,14.713062
dyf,4,74.742779,10.032374
dzb2,4,354.837490,46.675332
dxb,4,65.496882,8.896700
cvy,4,109.962970,14.555852
dzf,4,350.599520,49.062268
dxb2,4,65.018501,9.314143
dyb2,4,75.482553,10.718645
cvz,4,112.781457,15.937677
dzb3,4,351.333629,48.466747
dxb3,4,65.343527,9.134440
dyb3,4,75.894372,10.327302
csxxsyyszz,4,304.728210,39.251059
dyf2,4,74.869345,10.110070
dxf2,4,64.218456,8.765089
csxy,4,60.277195,8.423373
dzf2,4,353.036884,46.481904
dyf3,4,75.106725,10.108560
csyz,4,68.682088,9.569377
dxf3,4,64.031030,8.701671
dzf3,4,352.840596,46.435042
csxz,4,67.287277,9.392182
#========================= OptEWE [OpenMP] =========================
#Source type                                  :  Force monopole
#Grid Size                                    :  512 x 512 x 512
#Iterations                                   :  5
#Compute time                                 :  19.233713
#Total effective MLUPS                        :  34.891268
#===================================================================
#Number of threads                            :  5
