dxf,0,27.678119,6.340079
dzb,0,103.068238,24.756377
dyb,0,26.538041,6.223052
cvx,0,32.216063,7.788115
dyf,0,26.552797,6.227816
dzb2,0,103.052910,24.783365
dxb,0,26.222965,6.043457
cvy,0,256.674324,49.744204
dzf,0,102.534209,24.643209
dxb2,0,26.216445,6.071916
dyb2,0,26.760783,6.261665
cvz,0,37.441547,9.060854
dzb3,0,102.901201,24.767651
dxb3,0,26.186338,6.056526
dyb3,0,26.750617,6.258569
csxxsyyszz,0,63.364927,15.060502
dyf2,0,26.676675,6.228170
dxf2,0,26.464355,6.153081
csxy,0,26.351878,6.374213
dzf2,0,102.713291,24.753285
dyf3,0,26.475763,6.213058
csyz,0,31.597034,7.636668
dxf3,0,26.285273,6.110387
dzf3,0,102.903114,24.804844
csxz,0,31.417413,7.588019
dxf,1,26.250118,6.100105
dzb,1,103.059682,24.828672
dyb,1,26.392721,6.183202
cvx,1,32.136261,7.791980
dyf,1,26.532778,6.223595
dzb2,1,103.026155,24.837275
dxb,1,26.236702,6.098510
cvy,1,32.055425,7.760005
dzf,1,102.695551,24.758144
dxb2,1,26.182933,6.074674
dyb2,1,26.753707,6.271833
cvz,1,37.416338,9.070224
dzb3,1,104.351393,25.065130
dxb3,1,26.157127,6.042179
dyb3,1,26.727787,6.263012
csxxsyyszz,1,63.384929,15.086466
dyf2,1,26.679941,6.250848
dxf2,1,26.448818,6.151475
csxy,1,26.316847,6.374904
dzf2,1,102.694655,24.769777
dyf3,1,26.475066,6.206394
csyz,1,31.573586,7.639492
dxf3,1,26.297117,6.113962
dzf3,1,102.835634,24.813298
csxz,1,31.406810,7.588194
dxf,2,26.289574,6.112208
dzb,2,103.035496,24.853142
dyb,2,26.599707,6.231337
cvx,2,32.159829,7.800177
dyf,2,26.588315,6.233179
dzb2,2,103.130769,24.863232
dxb,2,26.197404,6.071599
cvy,2,32.000043,7.742598
dzf,2,102.701508,24.773282
dxb2,2,26.186893,6.072553
dyb2,2,26.696211,6.259070
cvz,2,37.453275,9.079658
dzb3,2,102.911474,24.824547
dxb3,2,26.152644,6.059824
dyb3,2,26.764294,6.280409
csxxsyyszz,2,63.408274,15.095681
dyf2,2,26.654342,6.238663
dxf2,2,26.453204,6.154503
csxy,2,26.379010,6.389373
dzf2,2,102.680756,24.773089
dyf3,2,26.413654,6.198011
csyz,2,31.538170,7.633790
dxf3,2,26.307533,6.121551
dzf3,2,102.945768,24.848410
csxz,2,31.401888,7.586648
dxf,3,26.290487,6.116294
dzb,3,103.061350,24.850667
dyb,3,26.460722,6.191454
cvx,3,32.158648,7.799418
dyf,3,26.593589,6.242370
dzb2,3,103.075077,24.856677
dxb,3,26.202488,6.079679
cvy,3,32.036150,7.754397
dzf,3,102.683484,24.779795
dxb2,3,26.176245,6.070785
dyb2,3,26.679854,6.258450
cvz,3,37.456230,9.082775
dzb3,3,102.731151,24.779074
dxb3,3,26.181907,6.071865
dyb3,3,26.779282,6.273286
csxxsyyszz,3,63.373213,15.080996
dyf2,3,26.730092,6.238612
dxf2,3,26.434734,6.152566
csxy,3,26.345340,6.387333
dzf2,3,104.087960,25.032172
dyf3,3,26.471846,6.190276
csyz,3,31.570771,7.642040
dxf3,3,26.258135,6.105837
dzf3,3,102.902671,24.836771
csxz,3,31.408709,7.587582
dxf,4,26.280420,6.117354
dzb,4,103.049771,24.856831
dyb,4,26.537526,6.202791
cvx,4,32.188581,7.807387
dyf,4,26.635736,6.254760
dzb2,4,103.039292,24.851727
dxb,4,26.207489,6.073000
cvy,4,32.035835,7.757265
dzf,4,102.706302,24.784931
dxb2,4,26.234870,6.082156
dyb2,4,26.706155,6.270104
cvz,4,37.474500,9.095133
dzb3,4,102.839019,24.807441
dxb3,4,26.202704,6.085110
dyb3,4,26.716327,6.268318
csxxsyyszz,4,63.533414,15.122540
dyf2,4,26.709063,6.240978
dxf2,4,26.454229,6.161001
csxy,4,26.311175,6.377171
dzf2,4,102.734875,24.798865
dyf3,4,26.416164,6.191406
csyz,4,31.595677,7.652497
dxf3,4,26.233152,6.103189
dzf3,4,102.754294,24.811827
csxz,4,31.423125,7.668944
#========================= OptEWE [OpenMP] =========================
#Source type                                  :  Force monopole
#Grid Size                                    :  512 x 512 x 512
#Iterations                                   :  5
#Compute time                                 :  6.173788
#Total effective MLUPS                        :  108.699664
#===================================================================
#Number of threads                            :  22
