dxf,0,49.404256,7.642402
dzb,0,199.223809,31.295854
dyb,0,51.118812,7.900388
cvx,0,62.287088,9.739900
dyf,0,50.697719,7.876305
dzb2,0,198.958902,31.237417
dxb,0,49.258797,7.602999
cvy,0,269.095239,36.663108
dzf,0,198.774925,31.212508
dxb2,0,49.080456,7.594479
dyb2,0,51.122378,7.918181
cvz,0,68.244013,10.903565
dzb3,0,206.222313,33.569249
dxb3,0,49.160873,7.597162
dyb3,0,51.249006,7.935014
csxxsyyszz,0,164.021892,24.659727
dyf2,0,50.839850,7.890809
dxf2,0,49.108583,7.605451
csxy,0,48.048380,7.703717
dzf2,0,198.613379,31.256904
dyf3,0,50.508137,7.836289
csyz,0,57.322228,9.198153
dxf3,0,48.938590,7.596003
dzf3,0,198.485691,31.246857
csxz,0,57.183205,9.188929
dxf,1,48.881052,7.592083
dzb,1,198.893635,31.296907
dyb,1,51.019802,7.918899
cvx,1,62.239496,9.746802
dyf,1,50.528162,7.900369
dzb2,1,198.743603,31.247338
dxb,1,49.134470,7.605245
cvy,1,61.735954,9.690830
dzf,1,198.677842,31.306536
dxb2,1,49.006476,7.592160
dyb2,1,51.275694,7.949788
cvz,1,68.126736,10.937382
dzb3,1,198.706629,31.218798
dxb3,1,49.107382,7.599247
dyb3,1,51.144224,7.968366
csxxsyyszz,1,161.879432,24.567810
dyf2,1,50.643452,7.869335
dxf2,1,49.094383,7.634417
csxy,1,47.999460,7.771382
dzf2,1,198.460681,31.202608
dyf3,1,50.591601,7.851305
csyz,1,57.329699,9.301622
dxf3,1,49.000129,7.607390
dzf3,1,198.504771,31.211649
csxz,1,57.166134,9.267696
dxf,2,48.932323,7.601392
dzb,2,198.986161,31.272416
dyb,2,50.966624,7.942707
cvx,2,62.263512,9.752144
dyf,2,50.580264,7.865231
dzb2,2,198.786414,31.291466
dxb,2,49.206552,7.613146
cvy,2,61.733099,9.688789
dzf,2,198.527543,31.245381
dxb2,2,49.054654,7.605275
dyb2,2,51.398440,7.967364
cvz,2,68.140882,10.896457
dzb3,2,198.630646,31.262104
dxb3,2,49.066341,7.593738
dyb3,2,51.218057,7.935416
csxxsyyszz,2,164.015443,24.683088
dyf2,2,50.913853,7.895074
dxf2,2,49.073263,7.604912
csxy,2,48.017622,7.706948
dzf2,2,198.384367,31.255704
dyf3,2,50.415592,7.865317
csyz,2,57.363677,9.219874
dxf3,2,48.916326,7.599029
dzf3,2,198.179214,31.231805
csxz,2,57.240805,9.210555
dxf,3,48.856965,7.595059
dzb,3,198.880989,31.321393
dyb,3,51.147826,7.937443
cvx,3,62.290861,9.762024
dyf,3,50.698952,7.889537
dzb2,3,198.796208,31.292013
dxb,3,49.231244,7.650270
cvy,3,61.619211,9.682163
dzf,3,198.477568,31.276839
dxb2,3,49.014847,7.603428
dyb2,3,51.094608,7.938463
cvz,3,68.153720,10.924067
dzb3,3,198.652398,31.283034
dxb3,3,49.028236,7.607668
dyb3,3,51.155494,7.972777
csxxsyyszz,3,162.603271,24.476005
dyf2,3,50.782459,7.896062
dxf2,3,49.096849,7.626016
csxy,3,48.006775,7.708448
dzf2,3,198.435936,31.250807
dyf3,3,50.511657,7.873747
csyz,3,57.250436,9.201067
dxf3,3,48.953914,7.653455
dzf3,3,198.452756,31.234479
csxz,3,57.127048,9.195276
dxf,4,48.847613,7.634882
dzb,4,199.011545,31.296669
dyb,4,51.090132,7.938973
cvx,4,62.194959,9.815628
dyf,4,50.665261,7.885877
dzb2,4,198.701401,31.237722
dxb,4,49.193127,7.667978
cvy,4,61.727202,9.690068
dzf,4,198.727759,31.243605
dxb2,4,49.060008,7.659734
dyb2,4,51.255906,7.966425
cvz,4,68.126172,10.902134
dzb3,4,198.521626,31.235640
dxb3,4,49.026988,7.600745
dyb3,4,51.365584,7.961908
csxxsyyszz,4,163.971031,24.651677
dyf2,4,50.932975,7.950809
dxf2,4,49.118035,7.639299
csxy,4,48.005116,7.704341
dzf2,4,200.245218,31.486205
dyf3,4,50.535121,7.882628
csyz,4,57.950147,9.304313
dxf3,4,48.942016,7.603264
dzf3,4,198.245883,31.263375
csxz,4,57.236626,9.237861
#========================= OptEWE [OpenMP] =========================
#Source type                                  :  Force monopole
#Grid Size                                    :  512 x 512 x 512
#Iterations                                   :  5
#Compute time                                 :  11.766432
#Total effective MLUPS                        :  57.034167
#===================================================================
#Number of threads                            :  12
