dxf,0,65.911499,8.408758
dzb,0,314.170859,39.416884
dyb,0,72.198182,9.157705
cvx,0,97.085683,12.214531
dyf,0,71.498865,9.100556
dzb2,0,315.836661,39.668137
dxb,0,65.451069,8.397152
cvy,0,367.814966,42.124282
dzf,0,312.192941,39.293681
dxb2,0,65.701673,8.383215
dyb2,0,72.295980,9.187573
cvz,0,100.760862,12.941843
dzb3,0,315.886662,39.673545
dxb3,0,67.597383,8.595399
dyb3,0,72.222403,9.180907
csxxsyyszz,0,265.657366,32.470642
dyf2,0,72.057289,9.153101
dxf2,0,65.320805,8.358991
csxy,0,66.530481,8.674890
dzf2,0,317.898243,39.901709
dyf3,0,71.089746,9.053108
csyz,0,79.026787,10.233359
dxf3,0,65.127754,8.313266
dzf3,0,312.834068,39.358186
csxz,0,78.622158,10.217686
dxf,1,65.044520,8.318539
dzb,1,313.686505,39.435247
dyb,1,72.189635,9.175278
cvx,1,97.129484,12.225928
dyf,1,71.460169,9.097467
dzb2,1,314.345460,41.189948
dxb,1,65.394543,8.777387
cvy,1,94.513282,12.534454
dzf,1,311.858953,39.927286
dxb2,1,65.682058,8.391495
dyb2,1,72.421934,9.258630
cvz,1,100.624344,12.902729
dzb3,1,315.939842,39.715730
dxb3,1,67.503246,8.582573
dyb3,1,72.237847,9.174938
csxxsyyszz,1,265.674678,32.480843
dyf2,1,71.455302,9.098315
dxf2,1,65.326810,8.391570
csxy,1,66.565900,8.642554
dzf2,1,317.737271,39.895449
dyf3,1,71.428676,9.094313
csyz,1,78.946964,10.227826
dxf3,1,65.160924,8.368680
dzf3,1,313.105862,39.379895
csxz,1,78.708518,10.212184
dxf,2,65.129976,8.322663
dzb,2,313.873577,39.477946
dyb,2,72.108777,9.162565
cvx,2,97.050332,12.270250
dyf,2,71.504669,9.100928
dzb2,2,315.712801,39.694535
dxb,2,65.494534,8.361550
cvy,2,96.542500,12.169280
dzf,2,313.398906,39.440132
dxb2,2,65.630398,8.409017
dyb2,2,72.303744,9.195766
cvz,2,100.653515,12.883033
dzb3,2,315.820423,39.688140
dxb3,2,67.420305,8.582653
dyb3,2,72.253410,9.214628
csxxsyyszz,2,263.802494,32.226585
dyf2,2,72.011377,9.203589
dxf2,2,65.342656,8.346915
csxy,2,66.629189,8.641953
dzf2,2,317.681162,39.863383
dyf3,2,71.444720,9.108468
csyz,2,78.909913,10.264207
dxf3,2,65.159695,8.323057
dzf3,2,312.566371,39.329235
csxz,2,78.711530,10.211099
dxf,3,65.138971,8.332562
dzb,3,313.643410,39.484966
dyb,3,72.062120,9.208248
cvx,3,97.176837,12.235570
dyf,3,71.533126,9.106020
dzb2,3,315.621803,39.666665
dxb,3,65.463044,8.364858
cvy,3,94.797736,12.015736
dzf,3,312.351616,39.281821
dxb2,3,65.698692,8.381976
dyb2,3,72.278817,9.191497
cvz,3,100.708079,12.896681
dzb3,3,315.673280,39.705001
dxb3,3,67.396541,8.628100
dyb3,3,72.186397,9.178890
csxxsyyszz,3,265.625652,32.485668
dyf2,3,72.034962,9.172776
dxf2,3,65.445739,8.366798
csxy,3,66.576964,8.661491
dzf2,3,317.687025,39.912544
dyf3,3,71.142469,9.087719
csyz,3,78.925266,10.228961
dxf3,3,65.195759,8.332407
dzf3,3,313.172702,39.411168
csxz,3,78.656241,10.198273
dxf,4,65.141960,8.356401
dzb,4,313.824170,39.466128
dyb,4,72.129867,9.171580
cvx,4,97.148513,12.228078
dyf,4,71.505431,9.097719
dzb2,4,315.314611,39.678787
dxb,4,65.428893,8.386861
cvy,4,94.801508,11.976467
dzf,4,312.378829,39.288725
dxb2,4,65.701418,8.381588
dyb2,4,72.478999,9.208628
cvz,4,100.591451,12.923412
dzb3,4,315.800535,39.677671
dxb3,4,67.423432,8.576944
dyb3,4,72.387054,9.203182
csxxsyyszz,4,265.582050,32.466161
dyf2,4,72.094616,9.169777
dxf2,4,65.359466,8.373816
csxy,4,66.630151,8.681394
dzf2,4,317.722129,39.901516
dyf3,4,71.427189,9.092901
csyz,4,78.995874,10.234285
dxf3,4,65.201961,8.332591
dzf3,4,313.144822,39.408032
csxz,4,78.676853,10.259283
#========================= OptEWE [OpenMP] =========================
#Source type                                  :  Force monopole
#Grid Size                                    :  512 x 512 x 512
#Iterations                                   :  5
#Compute time                                 :  17.755756
#Total effective MLUPS                        :  37.795553
#===================================================================
#Number of threads                            :  8
