dxf,0,166.341287,18.631338
dzb,0,821.088933,89.469385
dyb,0,193.879547,21.567608
cvx,0,278.531755,30.771044
dyf,0,191.689075,21.326526
dzb2,0,819.649659,89.328458
dxb,0,167.892685,18.778275
cvy,0,676.556369,72.345253
dzf,0,821.418027,89.509361
dxb2,0,168.403189,18.847536
dyb2,0,193.422884,21.524371
cvz,0,278.763583,30.816567
dzb3,0,821.821446,89.589145
dxb3,0,166.032741,18.584795
dyb3,0,193.198272,21.483647
csxxsyyszz,0,770.041019,83.846568
dyf2,0,193.428243,21.501532
dxf2,0,163.550280,18.325808
csxy,0,145.984170,16.592665
dzf2,0,817.840774,89.123672
dyf3,0,190.510706,21.219618
csyz,0,166.218760,18.756253
dxf3,0,166.410381,18.646877
dzf3,0,819.460237,89.261151
csxz,0,161.739712,18.293455
dxf,1,166.243360,18.571881
dzb,1,818.778169,89.250687
dyb,1,193.828423,21.593355
cvx,1,278.596458,30.782420
dyf,1,190.136439,21.168028
dzb2,1,825.371846,89.933467
dxb,1,166.202011,18.579381
cvy,1,271.005235,29.964318
dzf,1,823.107688,92.993582
dxb2,1,168.055143,19.203636
dyb2,1,193.192832,21.508925
cvz,1,278.643246,30.885613
dzb3,1,824.717421,89.938627
dxb3,1,166.163028,18.637582
dyb3,1,193.076791,21.498729
csxxsyyszz,1,768.902241,83.767903
dyf2,1,192.232072,21.415792
dxf2,1,163.339769,18.317936
csxy,1,145.712399,16.618523
dzf2,1,824.115375,89.834435
dyf3,1,190.545093,21.320085
csyz,1,166.296500,18.843595
dxf3,1,166.691936,18.638118
dzf3,1,823.377224,89.943480
csxz,1,161.907130,18.321952
dxf,2,166.012250,18.680083
dzb,2,821.265970,89.741142
dyb,2,192.952985,21.476338
cvx,2,278.456857,30.843074
dyf,2,190.218298,21.241538
dzb2,2,818.213216,89.311338
dxb,2,165.996454,18.644284
cvy,2,270.654377,30.004077
dzf,2,820.829599,89.985190
dxb2,2,168.409136,19.088927
dyb2,2,193.901210,21.602583
cvz,2,278.637601,30.936858
dzb3,2,821.911267,89.836622
dxb3,2,166.254553,18.722316
dyb3,2,193.766680,21.562877
csxxsyyszz,2,770.148560,84.046699
dyf2,2,192.561751,21.433040
dxf2,2,163.427695,18.442196
csxy,2,146.023325,16.679218
dzf2,2,818.354516,89.737186
dyf3,2,190.549296,21.325269
csyz,2,166.200091,18.758103
dxf3,2,169.709124,19.082103
dzf3,2,820.410354,89.722025
csxz,2,161.704981,18.410434
dxf,3,166.333501,18.713013
dzb,3,822.167075,89.940735
dyb,3,193.902166,21.646690
cvx,3,278.549434,30.816396
dyf,3,192.631583,21.519008
dzb2,3,816.663243,89.519093
dxb,3,166.080984,18.662361
cvy,3,270.786473,29.959113
dzf,3,819.140913,89.626959
dxb2,3,168.790312,18.976747
dyb2,3,193.429781,21.611314
cvz,3,278.939237,31.042450
dzb3,3,822.985515,89.917782
dxb3,3,166.365893,18.614536
dyb3,3,193.084156,21.582971
csxxsyyszz,3,770.145126,84.162545
dyf2,3,191.414961,21.380951
dxf2,3,163.609824,18.389620
csxy,3,145.985303,16.623331
dzf2,3,818.841544,89.465926
dyf3,3,190.573017,21.292067
csyz,3,166.074263,18.888970
dxf3,3,166.518132,18.700209
dzf3,3,819.782144,89.694998
csxz,3,161.764801,18.326066
dxf,4,166.236882,18.601585
dzb,4,821.780663,91.181580
dyb,4,191.629474,22.599990
cvx,4,277.764071,32.486200
dyf,4,191.493756,22.290542
dzb2,4,819.122249,90.250234
dxb,4,166.128815,18.661927
cvy,4,270.678485,30.156394
dzf,4,821.530681,90.110459
dxb2,4,168.454248,18.837024
dyb2,4,193.186010,21.616399
cvz,4,278.664263,31.023169
dzb3,4,823.491205,90.276469
dxb3,4,165.839527,18.729687
dyb3,4,193.127476,21.591280
csxxsyyszz,4,770.200893,84.020984
dyf2,4,190.091604,21.299417
dxf2,4,163.662352,18.409782
csxy,4,145.975626,16.743007
dzf2,4,818.667582,89.638482
dyf3,4,190.505305,21.254860
csyz,4,166.183734,18.814125
dxf3,4,166.362032,18.651114
dzf3,4,819.369293,89.965324
csxz,4,161.727722,18.381871
#========================= OptEWE [OpenMP] =========================
#Source type                                  :  Force monopole
#Grid Size                                    :  512 x 512 x 512
#Iterations                                   :  5
#Compute time                                 :  46.147713
#Total effective MLUPS                        :  14.542186
#===================================================================
#Number of threads                            :  2
