dxf,0,51.263396,8.596412
dzb,0,223.691506,37.726441
dyb,0,55.307689,9.304184
cvx,0,70.170453,11.875862
dyf,0,54.480994,9.205707
dzb2,0,223.958899,37.750013
dxb,0,51.104517,8.606772
cvy,0,225.789212,34.070298
dzf,0,222.468268,37.517063
dxb2,0,52.731345,8.825787
dyb2,0,55.526324,9.329762
cvz,0,73.550359,12.618544
dzb3,0,223.712375,37.699139
dxb3,0,52.285779,8.777475
dyb3,0,55.483853,9.329683
csxxsyyszz,0,187.398023,30.305432
dyf2,0,54.437688,9.174694
dxf2,0,51.260187,8.659465
csxy,0,49.765745,8.670095
dzf2,0,222.766817,37.571885
dyf3,0,54.375234,9.210655
csyz,0,55.926043,9.740698
dxf3,0,53.148065,8.881645
dzf3,0,224.962304,37.898806
csxz,0,55.714672,9.703272
dxf,1,50.875870,8.553872
dzb,1,223.509020,37.722361
dyb,1,55.479699,9.332756
cvx,1,70.217128,11.859502
dyf,1,54.266421,9.163636
dzb2,1,224.010719,37.776656
dxb,1,51.209010,8.609877
cvy,1,68.969740,11.681257
dzf,1,223.968682,37.764727
dxb2,1,52.636942,8.805965
dyb2,1,55.597309,9.386069
cvz,1,73.610796,12.612719
dzb3,1,223.657673,37.721729
dxb3,1,52.583906,8.815107
dyb3,1,55.709629,9.357141
csxxsyyszz,1,187.448375,30.306881
dyf2,1,54.415882,9.209766
dxf2,1,51.253646,8.625843
csxy,1,49.655986,8.653164
dzf2,1,222.713665,37.577710
dyf3,1,54.111614,9.132905
csyz,1,56.042505,9.744270
dxf3,1,53.179388,8.899812
dzf3,1,223.725788,37.729613
csxz,1,55.529334,9.672211
dxf,2,50.859846,8.570006
dzb,2,223.878169,37.758296
dyb,2,55.011151,9.249473
cvx,2,70.347904,11.871575
dyf,2,54.105260,9.138112
dzb2,2,223.858424,37.732829
dxb,2,51.073785,8.624122
cvy,2,68.999141,11.688947
dzf,2,222.632837,37.534380
dxb2,2,52.703863,8.836681
dyb2,2,55.247444,9.277330
cvz,2,73.642397,12.617397
dzb3,2,223.333937,37.667253
dxb3,2,52.483823,8.793348
dyb3,2,55.462482,9.322075
csxxsyyszz,2,187.406031,30.335855
dyf2,2,54.356052,9.161542
dxf2,2,51.004868,8.581208
csxy,2,49.684920,8.662955
dzf2,2,222.768164,37.590138
dyf3,2,54.283854,9.159310
csyz,2,56.090356,9.754886
dxf3,2,53.039003,8.874992
dzf3,2,223.514868,37.689076
csxz,2,55.358873,9.657452
dxf,3,50.803735,8.569344
dzb,3,223.879664,37.778822
dyb,3,55.332447,9.323881
cvx,3,70.218801,11.865027
dyf,3,54.500690,9.196140
dzb2,3,223.656920,37.723963
dxb,3,51.105189,8.617251
cvy,3,68.891612,11.650924
dzf,3,222.567014,37.553215
dxb2,3,52.755298,8.838344
dyb2,3,55.525551,9.333041
cvz,3,73.649668,12.619870
dzb3,3,223.464090,37.692929
dxb3,3,52.428434,8.779821
dyb3,3,55.564282,9.326879
csxxsyyszz,3,187.327405,30.318419
dyf2,3,54.375868,9.159785
dxf2,3,51.116666,8.594713
csxy,3,49.642611,8.654970
dzf2,3,222.810346,37.599245
dyf3,3,54.288831,9.182689
csyz,3,56.009711,9.741465
dxf3,3,53.074725,8.900511
dzf3,3,223.551617,37.696887
csxz,3,55.642579,9.703651
dxf,4,50.869720,8.579374
dzb,4,223.762865,37.727040
dyb,4,54.947306,9.293331
cvx,4,70.244433,11.863382
dyf,4,54.264796,9.160454
dzb2,4,223.776412,37.761523
dxb,4,51.260420,8.632545
cvy,4,68.909681,11.652996
dzf,4,222.568262,37.570068
dxb2,4,52.644121,8.823374
dyb2,4,55.629785,9.390942
cvz,4,73.595210,12.608822
dzb3,4,223.572686,37.735963
dxb3,4,52.387547,8.789830
dyb3,4,55.401384,9.341572
csxxsyyszz,4,186.307332,30.197519
dyf2,4,54.428263,9.206273
dxf2,4,51.239971,8.634539
csxy,4,49.617448,8.649488
dzf2,4,222.686840,37.604872
dyf3,4,54.373027,9.225209
csyz,4,55.938988,9.756569
dxf3,4,53.161040,8.890096
dzf3,4,224.406141,37.868784
csxz,4,55.498136,9.725263
#========================= OptEWE [OpenMP] =========================
#Source type                                  :  Force monopole
#Grid Size                                    :  512 x 512 x 512
#Iterations                                   :  5
#Compute time                                 :  12.870914
#Total effective MLUPS                        :  52.139938
#===================================================================
#Number of threads                            :  6
