dxf,0,36.807729,7.350043
dzb,0,148.382363,30.509639
dyb,0,36.684682,7.469677
cvx,0,45.543138,9.465826
dyf,0,36.551322,7.454185
dzb2,0,148.500032,30.580363
dxb,0,36.207831,7.292185
cvy,0,246.598398,43.638220
dzf,0,148.026100,30.472529
dxb2,0,36.146438,7.305980
dyb2,0,37.101470,7.574051
cvz,0,53.142753,11.005622
dzb3,0,148.195859,30.522912
dxb3,0,36.147957,7.294990
dyb3,0,36.882402,7.536142
csxxsyyszz,0,84.949613,17.660505
dyf2,0,36.893738,7.520982
dxf2,0,36.430533,7.378381
csxy,0,37.186046,7.749238
dzf2,0,147.930222,30.519046
dyf3,0,36.593200,7.468865
csyz,0,44.900955,9.294375
dxf3,0,36.169890,7.319762
dzf3,0,148.085199,30.571818
csxz,0,44.697126,9.256434
dxf,1,36.195346,7.324795
dzb,1,148.599917,30.644150
dyb,1,36.627124,7.455427
cvx,1,45.555514,9.488753
dyf,1,36.663833,7.487864
dzb2,1,148.516548,30.627453
dxb,1,36.187108,7.305510
cvy,1,45.343781,9.436692
dzf,1,147.869931,30.513307
dxb2,1,36.160663,7.312542
dyb2,1,36.943076,7.545988
cvz,1,53.162236,11.026210
dzb3,1,148.171148,30.565114
dxb3,1,36.165191,7.332016
dyb3,1,36.945153,7.569503
csxxsyyszz,1,87.055663,18.027980
dyf2,1,36.807019,7.544107
dxf2,1,36.459736,7.403725
csxy,1,37.208013,7.754293
dzf2,1,147.767950,30.506395
dyf3,1,36.563529,7.517894
csyz,1,44.841491,9.287306
dxf3,1,36.147382,7.336729
dzf3,1,148.195203,30.625402
csxz,1,44.667287,9.265306
dxf,2,36.172255,7.331664
dzb,2,148.271597,30.571255
dyb,2,36.665717,7.514542
cvx,2,45.532511,9.482630
dyf,2,36.717723,7.512277
dzb2,2,148.608112,30.652528
dxb,2,36.151985,7.357167
cvy,2,45.342972,9.445206
dzf,2,147.877984,30.542510
dxb2,2,36.155764,7.340096
dyb2,2,36.969947,7.569232
cvz,2,53.152540,11.039661
dzb3,2,148.305172,30.619703
dxb3,2,36.115565,7.327183
dyb3,2,36.941853,7.550842
csxxsyyszz,2,87.364499,18.082119
dyf2,2,36.840304,7.541234
dxf2,2,36.399212,7.391435
csxy,2,37.225756,7.764195
dzf2,2,148.133024,30.588111
dyf3,2,36.565545,7.505078
csyz,2,44.845776,9.290996
dxf3,2,36.211026,7.348337
dzf3,2,148.115861,30.616041
csxz,2,44.678712,9.266583
dxf,3,36.178146,7.337618
dzb,3,148.398703,30.627265
dyb,3,36.615327,7.494097
cvx,3,45.547666,9.497778
dyf,3,36.674464,7.506683
dzb2,3,148.436962,30.635038
dxb,3,36.196016,7.381487
cvy,3,45.360891,9.449180
dzf,3,147.973112,30.562281
dxb2,3,36.174516,7.339143
dyb2,3,36.914742,7.555986
cvz,3,53.194971,11.045694
dzb3,3,148.116390,30.572333
dxb3,3,36.135324,7.339987
dyb3,3,36.938086,7.563073
csxxsyyszz,3,85.070120,17.688229
dyf2,3,36.884241,7.561148
dxf2,3,36.446461,7.424048
csxy,3,37.204186,7.762319
dzf2,3,147.908937,30.543443
dyf3,3,36.495147,7.499873
csyz,3,44.883349,9.298049
dxf3,3,36.191167,7.335140
dzf3,3,148.193447,30.645416
csxz,3,44.656466,9.266823
dxf,4,36.282384,7.366756
dzb,4,148.391362,30.636632
dyb,4,36.657881,7.506786
cvx,4,45.529626,9.494380
dyf,4,36.702880,7.511896
dzb2,4,148.385801,30.638328
dxb,4,36.117882,7.372206
cvy,4,45.436693,9.457962
dzf,4,147.834372,30.508201
dxb2,4,36.126991,7.327718
dyb2,4,36.922804,7.558972
cvz,4,53.152720,11.032451
dzb3,4,148.214176,30.570779
dxb3,4,36.143246,7.326378
dyb3,4,37.036190,7.576156
csxxsyyszz,4,84.950009,17.662193
dyf2,4,36.828637,7.530487
dxf2,4,36.369130,7.391308
csxy,4,37.205056,7.753796
dzf2,4,147.864082,30.531823
dyf3,4,36.573615,7.523577
csyz,4,44.826811,9.292305
dxf3,4,36.164462,7.335319
dzf3,4,147.933353,30.565363
csxz,4,44.647630,9.298128
#========================= OptEWE [OpenMP] =========================
#Source type                                  :  Force monopole
#Grid Size                                    :  512 x 512 x 512
#Iterations                                   :  5
#Compute time                                 :  8.620492
#Total effective MLUPS                        :  77.848067
#===================================================================
#Number of threads                            :  17
