dxf,0,55.098777,8.031130
dzb,0,268.175202,38.492700
dyb,0,61.287207,8.893333
cvx,0,85.034570,12.212845
dyf,0,60.208362,8.766629
dzb2,0,266.521959,38.403029
dxb,0,54.845337,8.034964
cvy,0,278.293258,36.375537
dzf,0,265.586280,38.294780
dxb2,0,54.821382,8.026560
dyb2,0,61.247257,8.939426
cvz,0,86.735410,12.719427
dzb3,0,266.034480,38.366663
dxb3,0,55.383562,8.100696
dyb3,0,61.182814,8.927713
csxxsyyszz,0,227.280262,31.620862
dyf2,0,60.219128,8.792357
dxf2,0,54.513530,8.002416
csxy,0,53.166181,8.017460
dzf2,0,265.187307,38.267173
dyf3,0,60.546759,8.822737
csyz,0,61.080377,9.175387
dxf3,0,54.428821,7.967869
dzf3,0,266.335941,38.343182
csxz,0,60.072655,9.032577
dxf,1,54.793868,8.054943
dzb,1,268.242568,38.586692
dyb,1,61.259867,8.936769
cvx,1,85.062736,12.229846
dyf,1,60.910378,8.877196
dzb2,1,267.228384,38.455803
dxb,1,54.947127,8.031970
cvy,1,83.098653,11.986614
dzf,1,266.214739,38.349201
dxb2,1,54.900207,8.021925
dyb2,1,61.400749,8.976448
cvz,1,86.913511,12.710854
dzb3,1,266.672622,38.418270
dxb3,1,55.466355,8.090303
dyb3,1,61.385888,8.923608
csxxsyyszz,1,231.245644,32.103693
dyf2,1,61.048517,8.872142
dxf2,1,54.596970,7.978835
csxy,1,53.129119,7.985548
dzf2,1,265.895554,38.298420
dyf3,1,60.535236,8.868778
csyz,1,61.186025,9.166006
dxf3,1,54.473531,7.970401
dzf3,1,267.702949,38.546238
csxz,1,60.175273,9.041456
dxf,2,54.674958,7.997921
dzb,2,268.048993,38.559964
dyb,2,61.073632,8.881851
cvx,2,85.024274,12.228103
dyf,2,61.677307,9.151982
dzb2,2,267.028721,39.233492
dxb,2,54.947949,8.202208
cvy,2,83.053789,12.191685
dzf,2,266.243729,38.981856
dxb2,2,54.957130,8.171561
dyb2,2,61.205023,9.054821
cvz,2,87.106812,12.952244
dzb3,2,266.852351,38.631358
dxb3,2,55.473643,8.101220
dyb3,2,61.377384,8.926147
csxxsyyszz,2,232.763628,32.254796
dyf2,2,60.679552,8.859581
dxf2,2,54.554430,7.979072
csxy,2,53.298785,8.007900
dzf2,2,266.195360,38.301836
dyf3,2,60.356980,8.792892
csyz,2,61.096831,9.148402
dxf3,2,54.413865,7.951347
dzf3,2,266.419144,38.357646
csxz,2,60.032480,9.051470
dxf,3,54.723429,8.021502
dzb,3,268.077984,38.552592
dyb,3,61.314632,8.914466
cvx,3,85.084742,12.226408
dyf,3,60.629282,8.829628
dzb2,3,266.959129,38.418954
dxb,3,54.839312,8.018903
cvy,3,83.066270,11.995136
dzf,3,266.282420,38.295236
dxb2,3,54.953658,8.072545
dyb2,3,61.295281,8.930017
cvz,3,87.180655,12.728620
dzb3,3,267.038446,38.384666
dxb3,3,55.456891,8.087098
dyb3,3,61.374329,8.923267
csxxsyyszz,3,229.235048,31.791353
dyf2,3,60.681217,8.832298
dxf2,3,54.611265,8.003963
csxy,3,53.249228,8.027079
dzf2,3,266.043955,38.237117
dyf3,3,60.318341,8.823868
csyz,3,61.047622,9.161867
dxf3,3,54.366697,7.943484
dzf3,3,266.080138,38.321620
csxz,3,60.136585,9.039765
dxf,4,54.823109,8.009191
dzb,4,268.171773,38.558382
dyb,4,61.425344,8.922275
cvx,4,85.013295,12.252785
dyf,4,60.608031,8.826166
dzb2,4,267.130645,38.438386
dxb,4,54.819966,8.013259
cvy,4,83.077617,11.979792
dzf,4,266.112653,38.317118
dxb2,4,54.826104,8.003754
dyb2,4,61.372883,8.934016
cvz,4,87.100570,12.738947
dzb3,4,266.817698,38.350687
dxb3,4,55.333923,8.107512
dyb3,4,61.550179,8.951399
csxxsyyszz,4,232.728358,32.248293
dyf2,4,60.720490,8.845971
dxf2,4,54.618192,8.005954
csxy,4,53.188437,7.992650
dzf2,4,265.966644,38.280145
dyf3,4,60.530918,8.810543
csyz,4,61.173217,9.158747
dxf3,4,54.611310,8.029569
dzf3,4,266.283424,38.285942
csxz,4,60.165517,9.102239
#========================= OptEWE [OpenMP] =========================
#Source type                                  :  Force monopole
#Grid Size                                    :  512 x 512 x 512
#Iterations                                   :  5
#Compute time                                 :  14.973025
#Total effective MLUPS                        :  44.819843
#===================================================================
#Number of threads                            :  6
