dxf,0,45.250070,8.464290
dzb,0,190.715477,35.722398
dyb,0,47.736820,8.947487
cvx,0,60.283646,11.341590
dyf,0,46.953001,8.841470
dzb2,0,190.711754,35.743429
dxb,0,45.076184,8.449626
cvy,0,280.565356,46.226250
dzf,0,190.437376,35.698204
dxb2,0,44.935675,8.455966
dyb2,0,47.899241,8.997603
cvz,0,63.544121,12.215990
dzb3,0,190.771019,35.787077
dxb3,0,44.966913,8.460744
dyb3,0,47.643256,8.952921
csxxsyyszz,0,160.810299,29.013602
dyf2,0,46.916989,8.845685
dxf2,0,45.086809,8.519008
csxy,0,43.151382,8.471215
dzf2,0,190.630359,35.776949
dyf3,0,47.068503,8.892825
csyz,0,51.503029,10.113178
dxf3,0,44.851292,8.463731
dzf3,0,190.672190,35.795723
csxz,0,51.372773,10.108562
dxf,1,44.844464,8.462564
dzb,1,190.825187,35.814259
dyb,1,47.750617,8.982841
cvx,1,60.312076,11.369069
dyf,1,47.209347,8.902093
dzb2,1,191.354525,35.915905
dxb,1,45.551174,8.782048
cvy,1,63.155816,12.091909
dzf,1,190.443648,35.894535
dxb2,1,44.971376,8.495435
dyb2,1,47.899896,9.025587
cvz,1,63.541125,12.233377
dzb3,1,190.862693,35.839564
dxb3,1,44.961194,8.483859
dyb3,1,47.847928,8.999804
csxxsyyszz,1,161.007385,29.095293
dyf2,1,47.289764,8.923892
dxf2,1,45.022579,8.513338
csxy,1,43.204950,8.489532
dzf2,1,190.344899,35.758816
dyf3,1,46.684244,8.829887
csyz,1,51.536798,10.120052
dxf3,1,44.788493,8.467824
dzf3,1,190.657537,35.840389
csxz,1,51.393090,10.110499
dxf,2,44.818920,8.466269
dzb,2,190.940570,35.818511
dyb,2,47.921138,8.988392
cvx,2,60.291318,11.351907
dyf,2,46.958756,8.858573
dzb2,2,190.943885,35.833801
dxb,2,45.074432,8.510316
cvy,2,59.436909,11.229191
dzf,2,190.236995,35.726408
dxb2,2,44.979503,8.472280
dyb2,2,47.745333,8.978802
cvz,2,63.620284,12.243968
dzb3,2,190.963550,35.841222
dxb3,2,45.006235,8.491336
dyb3,2,47.695682,8.967640
csxxsyyszz,2,160.870560,29.032294
dyf2,2,47.327148,8.913802
dxf2,2,45.042428,8.526196
csxy,2,43.163138,8.482995
dzf2,2,190.300647,35.750007
dyf3,2,47.061294,8.886301
csyz,2,51.484691,10.107513
dxf3,2,44.798695,8.466588
dzf3,2,192.186189,36.053732
csxz,2,51.381942,10.120182
dxf,3,44.867466,8.477390
dzb,3,191.178549,35.911354
dyb,3,47.294257,8.909538
cvx,3,60.327302,11.373034
dyf,3,46.895345,8.858335
dzb2,3,190.872768,35.854628
dxb,3,45.009913,8.482692
cvy,3,59.444684,11.222255
dzf,3,190.241228,35.741694
dxb2,3,44.979636,8.482084
dyb2,3,47.700625,8.983780
cvz,3,63.571327,12.254229
dzb3,3,190.969393,35.851892
dxb3,3,44.987303,8.478150
dyb3,3,47.617530,8.959262
csxxsyyszz,3,160.160281,28.954160
dyf2,3,47.066662,8.875788
dxf2,3,46.398394,8.731356
csxy,3,43.197118,8.493393
dzf2,3,190.445988,35.783263
dyf3,3,47.066360,8.884616
csyz,3,51.475498,10.105587
dxf3,3,44.786203,8.460698
dzf3,3,190.789759,35.851208
csxz,3,51.380973,10.105207
dxf,4,44.779288,8.461095
dzb,4,190.796022,35.840957
dyb,4,47.441085,8.926548
cvx,4,60.329616,11.384052
dyf,4,46.846489,8.842275
dzb2,4,190.921545,35.848254
dxb,4,45.058055,8.502910
cvy,4,59.432446,11.228957
dzf,4,190.267927,35.733951
dxb2,4,45.082970,8.504135
dyb2,4,47.657194,8.985204
cvz,4,63.580883,12.241031
dzb3,4,190.899077,35.835335
dxb3,4,44.980613,8.485079
dyb3,4,47.625709,8.956184
csxxsyyszz,4,160.700419,29.015477
dyf2,4,46.955873,8.855339
dxf2,4,45.069512,8.514661
csxy,4,43.133186,8.470998
dzf2,4,190.336281,35.751001
dyf3,4,47.055847,8.907239
csyz,4,51.595819,10.139430
dxf3,4,44.760946,8.453372
dzf3,4,190.710724,35.827417
csxz,4,51.417207,10.160168
#========================= OptEWE [OpenMP] =========================
#Source type                                  :  Force monopole
#Grid Size                                    :  512 x 512 x 512
#Iterations                                   :  5
#Compute time                                 :  11.169885
#Total effective MLUPS                        :  60.080176
#===================================================================
#Number of threads                            :  13
