dxf,0,49.973938,8.564038
dzb,0,209.631966,36.354255
dyb,0,53.052944,9.108105
cvx,0,66.033435,11.443206
dyf,0,52.306615,9.020469
dzb2,0,211.663371,36.644469
dxb,0,50.048180,8.555592
cvy,0,217.783307,33.518740
dzf,0,209.615081,36.291721
dxb2,0,49.577445,8.494147
dyb2,0,53.227798,9.144414
cvz,0,69.612975,12.265977
dzb3,0,208.846617,36.233022
dxb3,0,49.638142,8.508075
dyb3,0,54.674602,9.359364
csxxsyyszz,0,172.720289,28.675166
dyf2,0,52.266623,8.983447
dxf2,0,50.381747,8.637684
csxy,0,48.580059,8.622960
dzf2,0,211.732832,36.631891
dyf3,0,51.744388,8.909553
csyz,0,55.647075,9.905301
dxf3,0,50.472593,8.667333
dzf3,0,209.747462,36.352291
csxz,0,55.036940,9.815886
dxf,1,49.571605,8.545634
dzb,1,209.701448,36.344192
dyb,1,53.472160,9.165128
cvx,1,66.116453,11.450057
dyf,1,52.464543,9.018315
dzb2,1,209.137186,36.254822
dxb,1,49.933527,8.586608
cvy,1,65.539185,11.348672
dzf,1,209.726656,36.335391
dxb2,1,49.557244,8.518015
dyb2,1,53.520002,9.193641
cvz,1,69.721856,12.274115
dzb3,1,209.351714,36.314212
dxb3,1,49.808808,8.539891
dyb3,1,53.431856,9.167328
csxxsyyszz,1,172.746859,28.711594
dyf2,1,52.156373,8.965221
dxf2,1,50.408409,8.631107
csxy,1,48.639948,8.639914
dzf2,1,211.948887,36.664669
dyf3,1,51.789295,8.942448
csyz,1,55.518290,9.875924
dxf3,1,50.453733,8.640929
dzf3,1,209.782903,36.385278
csxz,1,55.217094,9.842810
dxf,2,49.497130,8.489607
dzb,2,209.746278,36.339536
dyb,2,53.001193,9.099100
cvx,2,66.060335,11.430988
dyf,2,52.267047,9.006265
dzb2,2,209.078218,36.209300
dxb,2,50.161234,8.609283
cvy,2,65.449580,11.352815
dzf,2,209.791915,36.343963
dxb2,2,49.601797,8.516434
dyb2,2,53.167697,9.177832
cvz,2,69.750866,12.271731
dzb3,2,209.239617,36.285471
dxb3,2,49.757465,8.553528
dyb3,2,53.341226,9.142443
csxxsyyszz,2,171.802171,28.527477
dyf2,2,52.084610,8.993999
dxf2,2,50.118320,8.612279
csxy,2,48.550631,8.622835
dzf2,2,212.032335,36.680355
dyf3,2,51.942003,8.963425
csyz,2,55.693919,9.909609
dxf3,2,50.384941,8.631449
dzf3,2,210.161031,36.578923
csxz,2,55.198177,10.667895
dxf,3,49.467248,9.226611
dzb,3,208.655826,38.885248
dyb,3,52.942674,9.784468
cvx,3,65.812809,12.251864
dyf,3,51.911146,9.637475
dzb2,3,209.007406,36.605888
dxb,3,49.932694,8.571412
cvy,3,65.419304,11.312535
dzf,3,209.757231,36.325528
dxb2,3,49.431295,8.498911
dyb2,3,53.383742,9.178000
cvz,3,69.639305,12.269636
dzb3,3,209.072996,36.270944
dxb3,3,49.806711,8.549297
dyb3,3,53.080542,9.119961
csxxsyyszz,3,172.508747,28.670532
dyf2,3,52.174754,8.993140
dxf2,3,50.397949,8.654030
csxy,3,48.674267,8.648322
dzf2,3,211.906051,36.678648
dyf3,3,51.850444,8.956308
csyz,3,55.556759,9.899337
dxf3,3,50.353985,8.624088
dzf3,3,209.799367,36.372224
csxz,3,55.114620,9.841827
dxf,4,49.399492,8.486905
dzb,4,209.632688,36.330909
dyb,4,53.292584,9.171048
cvx,4,66.176874,11.442151
dyf,4,52.010367,8.949756
dzb2,4,209.166398,36.269304
dxb,4,50.011265,8.595445
cvy,4,65.344882,11.325633
dzf,4,210.927531,36.553765
dxb2,4,49.541236,8.512471
dyb2,4,53.282719,9.159662
cvz,4,69.781619,12.297167
dzb3,4,209.199665,36.297876
dxb3,4,50.114949,8.693377
dyb3,4,53.658603,9.308182
csxxsyyszz,4,172.693755,29.125198
dyf2,4,56.645027,9.934488
dxf2,4,50.234422,8.635249
csxy,4,48.677286,8.647155
dzf2,4,213.300564,36.930015
dyf3,4,51.956979,8.978876
csyz,4,55.723358,9.932077
dxf3,4,50.387886,8.660781
dzf3,4,209.970776,36.398334
csxz,4,55.094577,9.863748
#========================= OptEWE [OpenMP] =========================
#Source type                                  :  Force monopole
#Grid Size                                    :  512 x 512 x 512
#Iterations                                   :  5
#Compute time                                 :  12.203881
#Total effective MLUPS                        :  54.989771
#===================================================================
#Number of threads                            :  7
