dxf,0,133.368762,16.336191
dzb,0,682.503995,80.844168
dyb,0,158.268916,19.232146
cvx,0,236.690201,28.469082
dyf,0,156.079857,19.040260
dzb2,0,681.378885,80.936062
dxb,0,135.798158,16.619662
cvy,0,561.178848,65.132504
dzf,0,679.763904,80.755526
dxb2,0,135.064813,16.547781
dyb2,0,158.230453,19.245149
cvz,0,236.642939,28.572273
dzb3,0,679.887391,80.758465
dxb3,0,135.160306,16.585994
dyb3,0,159.860063,19.439256
csxxsyyszz,0,681.106482,80.438125
dyf2,0,156.665556,19.088284
dxf2,0,134.080034,16.416424
csxy,0,115.626856,14.533529
dzf2,0,679.162261,81.941398
dyf3,0,157.048650,19.219816
csyz,0,130.344290,16.245268
dxf3,0,132.197659,16.265491
dzf3,0,681.687295,81.122034
csxz,0,127.154260,15.818877
dxf,1,133.264168,16.302156
dzb,1,682.822803,81.091445
dyb,1,156.615152,19.079293
cvx,1,237.178523,28.659650
dyf,1,156.031025,19.072447
dzb2,1,686.178732,81.547428
dxb,1,135.864166,16.646335
cvy,1,231.223338,27.916992
dzf,1,681.925714,81.267472
dxb2,1,134.917528,16.600312
dyb2,1,157.943810,19.372081
cvz,1,237.006086,28.733640
dzb3,1,688.423522,81.852308
dxb3,1,135.088791,16.528779
dyb3,1,158.008065,19.301672
csxxsyyszz,1,681.105949,80.593629
dyf2,1,156.401997,19.193519
dxf2,1,134.085388,16.471182
csxy,1,115.674004,14.529816
dzf2,1,678.770700,80.587548
dyf3,1,155.374743,18.941863
csyz,1,130.244730,16.198818
dxf3,1,131.905329,16.222619
dzf3,1,683.578914,81.413623
csxz,1,127.084333,15.911278
dxf,2,133.299331,16.358173
dzb,2,683.631232,81.092010
dyb,2,157.540469,19.208914
cvx,2,238.757317,28.775603
dyf,2,156.345611,19.160129
dzb2,2,684.246997,81.492967
dxb,2,135.955204,16.651535
cvy,2,231.240635,27.872808
dzf,2,681.698267,80.973251
dxb2,2,135.072972,16.574168
dyb2,2,158.260816,19.379531
cvz,2,237.131584,28.682255
dzb3,2,685.152134,81.460049
dxb3,2,134.937424,16.558731
dyb3,2,158.105035,19.240888
csxxsyyszz,2,680.982997,80.544460
dyf2,2,156.530814,19.143322
dxf2,2,134.030584,16.567190
csxy,2,115.735100,14.551710
dzf2,2,678.896283,80.688444
dyf3,2,155.313204,18.978506
csyz,2,130.571264,16.796212
dxf3,2,131.310806,16.790258
dzf3,2,679.092409,82.041416
csxz,2,127.083739,15.816876
dxf,3,133.242071,16.344484
dzb,3,683.516037,81.062630
dyb,3,158.283568,19.242459
cvx,3,237.139940,28.547952
dyf,3,155.311608,18.961865
dzb2,3,685.370496,81.499354
dxb,3,135.908238,16.653967
cvy,3,231.212445,27.936020
dzf,3,681.867778,81.004368
dxb2,3,135.007031,16.559794
dyb2,3,158.218104,19.264537
cvz,3,238.612783,28.874134
dzb3,3,684.659743,81.160372
dxb3,3,135.099875,16.526930
dyb3,3,158.105265,19.224488
csxxsyyszz,3,680.996361,80.310887
dyf2,3,156.522357,19.104395
dxf2,3,134.015335,16.420081
csxy,3,115.680387,14.508372
dzf2,3,675.777301,80.115793
dyf3,3,155.456883,18.926627
csyz,3,130.282115,16.188046
dxf3,3,132.170648,16.178328
dzf3,3,682.000914,80.873690
csxz,3,127.101466,15.844084
dxf,4,133.280654,16.305900
dzb,4,683.140384,80.960112
dyb,4,158.175284,19.249684
cvx,4,237.152744,28.534733
dyf,4,155.892059,18.986312
dzb2,4,684.248016,81.094858
dxb,4,135.872792,16.632887
cvy,4,231.210227,27.839497
dzf,4,681.932254,80.858268
dxb2,4,135.056291,16.504347
dyb2,4,158.099066,19.264494
cvz,4,237.018952,28.548387
dzb3,4,688.142280,81.594225
dxb3,4,135.105145,16.537436
dyb3,4,158.126533,19.225839
csxxsyyszz,4,681.092882,80.345150
dyf2,4,156.522005,19.066089
dxf2,4,134.060233,16.447145
csxy,4,115.659719,14.478842
dzf2,4,680.053933,80.615929
dyf3,4,155.484268,18.969575
csyz,4,130.290275,16.159448
dxf3,4,132.095864,16.199487
dzf3,4,681.930863,80.871956
csxz,4,127.096321,15.824254
#========================= OptEWE [OpenMP] =========================
#Source type                                  :  Force monopole
#Grid Size                                    :  512 x 512 x 512
#Iterations                                   :  5
#Compute time                                 :  38.341393
#Total effective MLUPS                        :  17.502980
#===================================================================
#Number of threads                            :  2
