dxf,0,32.677549,6.792725
dzb,0,124.036384,26.947396
dyb,0,32.346149,6.823967
cvx,0,38.425448,8.416734
dyf,0,32.454173,6.884819
dzb2,0,124.038772,26.988769
dxb,0,31.920294,6.695040
cvy,0,229.670676,41.334010
dzf,0,123.781618,26.915693
dxb2,0,31.924842,6.711472
dyb2,0,32.774499,6.950724
cvz,0,44.656978,9.789829
dzb3,0,123.807053,26.964061
dxb3,0,31.852759,6.699938
dyb3,0,32.767463,6.950196
csxxsyyszz,0,83.620646,17.681093
dyf2,0,32.548795,6.907405
dxf2,0,32.200540,6.807218
csxy,0,31.594401,6.936287
dzf2,0,123.798295,27.003007
dyf3,0,32.349180,6.851485
csyz,0,37.767780,8.269086
dxf3,0,31.966217,6.748262
dzf3,0,124.055472,27.040892
csxz,0,37.589916,8.204963
dxf,1,31.972319,6.753183
dzb,1,124.053805,27.044221
dyb,1,32.324005,6.840211
cvx,1,38.444945,8.442870
dyf,1,32.476547,6.907714
dzb2,1,125.238514,27.251949
dxb,1,31.943891,6.704224
cvy,1,38.228050,8.382933
dzf,1,123.750602,26.991367
dxb2,1,31.881255,6.692044
dyb2,1,32.698345,6.954890
cvz,1,44.812727,10.000301
dzb3,1,123.884139,27.035978
dxb3,1,31.893581,6.717464
dyb3,1,32.784740,6.963262
csxxsyyszz,1,83.910574,17.772999
dyf2,1,32.581643,6.914735
dxf2,1,32.242481,6.811342
csxy,1,31.627986,6.949651
dzf2,1,123.726473,26.991919
dyf3,1,32.327880,6.886551
csyz,1,37.785824,8.276549
dxf3,1,32.008156,6.760193
dzf3,1,123.907174,27.042120
csxz,1,37.564293,8.235008
dxf,2,31.955957,6.754932
dzb,2,124.116900,27.065118
dyb,2,32.499350,6.862620
cvx,2,38.425669,8.437076
dyf,2,32.380598,6.887901
dzb2,2,124.021288,27.071090
dxb,2,31.908448,6.734374
cvy,2,38.299815,8.405014
dzf,2,123.747785,27.010057
dxb2,2,31.887427,6.697447
dyb2,2,32.717447,6.950653
cvz,2,44.575248,9.795410
dzb3,2,123.910724,27.042400
dxb3,2,31.900305,6.730602
dyb3,2,32.727198,6.954168
csxxsyyszz,2,83.638814,17.716914
dyf2,2,32.512187,6.918043
dxf2,2,32.185524,6.804398
csxy,2,31.614004,6.957236
dzf2,2,123.753710,27.036101
dyf3,2,32.297386,6.867350
csyz,2,37.751194,8.281547
dxf3,2,31.981500,6.764208
dzf3,2,123.925375,27.071621
csxz,2,37.574781,8.233092
dxf,3,31.980366,6.771237
dzb,3,125.946018,27.441108
dyb,3,32.422826,6.849203
cvx,3,38.427884,8.448730
dyf,3,32.425834,6.901934
dzb2,3,124.109830,27.100021
dxb,3,31.942719,6.731081
cvy,3,38.250925,8.402652
dzf,3,123.688399,27.022451
dxb2,3,31.877966,6.723836
dyb2,3,32.725445,6.963782
cvz,3,44.708135,9.830808
dzb3,3,123.792789,27.028174
dxb3,3,31.910945,6.716891
dyb3,3,32.719769,6.956199
csxxsyyszz,3,83.590171,17.709192
dyf2,3,32.544597,6.919914
dxf2,3,32.229291,6.825619
csxy,3,31.595526,6.949340
dzf2,3,123.811213,27.058197
dyf3,3,32.297496,6.855262
csyz,3,37.781576,8.287728
dxf3,3,31.952236,6.754872
dzf3,3,123.986397,27.086563
csxz,3,37.572657,8.214924
dxf,4,31.956868,6.762267
dzb,4,124.006786,27.085025
dyb,4,32.415233,6.877154
cvx,4,38.412957,8.444368
dyf,4,32.472467,6.922724
dzb2,4,124.162776,27.104191
dxb,4,31.919838,6.711871
cvy,4,38.228019,8.395590
dzf,4,123.665777,27.021714
dxb2,4,31.912772,6.718605
dyb2,4,32.787937,6.972379
cvz,4,44.661518,9.817402
dzb3,4,123.779388,27.042701
dxb3,4,31.865604,6.705658
dyb3,4,32.775344,6.970665
csxxsyyszz,4,83.626979,17.718343
dyf2,4,32.584101,6.944007
dxf2,4,32.153517,6.803424
csxy,4,31.604111,6.952545
dzf2,4,123.683737,27.038748
dyf3,4,32.346715,6.899602
csyz,4,37.785567,8.285454
dxf3,4,31.944470,6.759038
dzf3,4,123.916012,27.083826
csxz,4,37.577540,8.307052
#========================= OptEWE [OpenMP] =========================
#Source type                                  :  Force monopole
#Grid Size                                    :  512 x 512 x 512
#Iterations                                   :  5
#Compute time                                 :  7.407955
#Total effective MLUPS                        :  90.590267
#===================================================================
#Number of threads                            :  18
