dxf,0,34.695450,7.244362
dzb,0,135.343997,29.238254
dyb,0,34.563828,7.313490
cvx,0,41.730172,9.112583
dyf,0,34.606624,7.364241
dzb2,0,135.323658,29.272754
dxb,0,34.126688,7.160087
cvy,0,224.869383,41.326589
dzf,0,135.718278,29.336694
dxb2,0,34.107495,7.169679
dyb2,0,34.865550,7.411229
cvz,0,48.641921,10.589224
dzb3,0,135.175939,29.242773
dxb3,0,34.113675,7.171334
dyb3,0,34.869466,7.402497
csxxsyyszz,0,80.438078,17.380020
dyf2,0,34.735637,7.367091
dxf2,0,34.342359,7.241349
csxy,0,34.140707,7.457729
dzf2,0,134.930280,29.225923
dyf3,0,34.444275,7.347992
csyz,0,40.980295,8.908701
dxf3,0,34.158490,7.198190
dzf3,0,135.124780,29.269309
csxz,0,40.801084,8.853349
dxf,1,34.125681,7.190091
dzb,1,135.233938,29.280244
dyb,1,34.585351,7.363197
cvx,1,41.797496,9.130080
dyf,1,34.529938,7.348522
dzb2,1,135.321027,29.307002
dxb,1,34.121614,7.209731
cvy,1,41.642521,9.093080
dzf,1,134.921817,29.226818
dxb2,1,34.076798,7.162635
dyb2,1,34.857736,7.422761
cvz,1,48.670759,10.600004
dzb3,1,134.978988,29.234364
dxb3,1,34.088549,7.181084
dyb3,1,34.832340,7.407436
csxxsyyszz,1,80.380165,17.390297
dyf2,1,34.743864,7.378366
dxf2,1,34.328011,7.248931
csxy,1,34.118461,7.452633
dzf2,1,134.932920,29.234680
dyf3,1,34.494146,7.371806
csyz,1,41.144911,8.939689
dxf3,1,34.110216,7.190860
dzf3,1,135.079370,29.270318
csxz,1,40.796810,8.851815
dxf,2,34.156983,7.195619
dzb,2,135.378851,29.310632
dyb,2,34.568799,7.353191
cvx,2,42.490835,9.298371
dyf,2,34.626592,7.378109
dzb2,2,135.357915,29.319561
dxb,2,34.081786,7.207587
cvy,2,41.593366,9.085007
dzf,2,134.990038,29.241844
dxb2,2,34.133562,7.180374
dyb2,2,34.875787,7.429027
cvz,2,48.648709,10.599945
dzb3,2,135.534082,29.338923
dxb3,2,34.728104,7.325942
dyb3,2,34.885168,7.417338
csxxsyyszz,2,80.399463,17.391408
dyf2,2,34.720574,7.387043
dxf2,2,34.407514,7.257835
csxy,2,34.145746,7.462149
dzf2,2,134.925233,29.260049
dyf3,2,34.509494,7.404084
csyz,2,41.010721,8.920428
dxf3,2,34.197900,7.226444
dzf3,2,135.136773,29.365121
csxz,2,40.798268,8.892808
dxf,3,34.134238,7.219984
dzb,3,135.281278,29.339990
dyb,3,34.568824,7.391487
cvx,3,41.890508,9.169150
dyf,3,34.598519,7.383900
dzb2,3,135.375993,29.358556
dxb,3,34.075844,7.224197
cvy,3,41.645798,9.103602
dzf,3,135.022179,29.287123
dxb2,3,34.075402,7.210615
dyb2,3,34.827470,7.428288
cvz,3,48.604048,10.603459
dzb3,3,135.043261,29.296131
dxb3,3,34.110515,7.217808
dyb3,3,34.898187,7.447370
csxxsyyszz,3,80.377874,17.415900
dyf2,3,34.736912,7.411627
dxf2,3,34.361161,7.299122
csxy,3,34.146130,7.474682
dzf2,3,135.031693,29.301877
dyf3,3,34.538753,7.391053
csyz,3,40.980566,8.926201
dxf3,3,34.172043,7.229285
dzf3,3,135.166332,29.371791
csxz,3,40.795177,8.894684
dxf,4,34.160499,7.224708
dzb,4,135.170366,29.332215
dyb,4,34.500127,7.364220
cvx,4,41.797377,9.153990
dyf,4,34.528329,7.384267
dzb2,4,135.262334,29.340942
dxb,4,34.079468,7.252063
cvy,4,41.597769,9.094191
dzf,4,134.982998,29.296396
dxb2,4,34.069147,7.208345
dyb2,4,34.943572,7.456327
cvz,4,48.629105,10.614274
dzb3,4,134.960840,29.292952
dxb3,4,34.088807,7.215701
dyb3,4,34.834080,7.437197
csxxsyyszz,4,80.450770,17.435006
dyf2,4,34.828075,7.429626
dxf2,4,34.334820,7.290307
csxy,4,34.100429,7.470835
dzf2,4,134.961355,29.282148
dyf3,4,34.446066,7.375524
csyz,4,40.979843,8.920190
dxf3,4,34.119665,7.216427
dzf3,4,135.191699,29.376193
csxz,4,40.816118,8.943832
#========================= OptEWE [OpenMP] =========================
#Source type                                  :  Force monopole
#Grid Size                                    :  512 x 512 x 512
#Iterations                                   :  5
#Compute time                                 :  7.947768
#Total effective MLUPS                        :  84.437369
#===================================================================
#Number of threads                            :  17
