dxf,0,64.341015,8.581726
dzb,0,277.128652,36.889771
dyb,0,64.681140,8.662495
cvx,0,81.731532,11.021694
dyf,0,64.757277,8.671956
dzb2,0,276.837325,36.886332
dxb,0,63.724561,8.475857
cvy,0,314.603595,37.816645
dzf,0,276.892575,36.918345
dxb2,0,63.393982,8.445175
dyb2,0,64.820225,8.705061
cvz,0,95.961026,12.955480
dzb3,0,276.248213,36.821749
dxb3,0,63.430620,8.450666
dyb3,0,64.746408,8.673198
csxxsyyszz,0,189.082708,24.930827
dyf2,0,64.414562,8.623621
dxf2,0,63.744934,8.493767
csxy,0,65.794553,8.911602
dzf2,0,276.326475,36.833796
dyf3,0,64.184592,8.617875
csyz,0,79.532642,10.774218
dxf3,0,63.557057,8.459444
dzf3,0,276.701163,36.871922
csxz,0,79.398028,10.724247
dxf,1,63.531310,8.458216
dzb,1,276.590995,36.892189
dyb,1,64.533571,8.638087
cvx,1,81.623234,11.056014
dyf,1,64.837948,8.684110
dzb2,1,276.796443,36.885614
dxb,1,63.714504,8.484199
cvy,1,81.853782,11.034111
dzf,1,276.988094,36.930956
dxb2,1,63.354136,8.440964
dyb2,1,64.600078,8.691647
cvz,1,95.926618,12.945519
dzb3,1,276.195856,36.803966
dxb3,1,63.337072,8.439299
dyb3,1,64.776885,8.667098
csxxsyyszz,1,185.505901,24.598999
dyf2,1,64.550467,8.638759
dxf2,1,63.770084,8.495156
csxy,1,65.794157,8.940517
dzf2,1,276.081401,36.837252
dyf3,1,64.624033,8.677000
csyz,1,79.463466,10.747188
dxf3,1,63.513564,8.460373
dzf3,1,276.788755,36.941715
csxz,1,79.408550,10.725056
dxf,2,63.542313,8.465302
dzb,2,276.681119,36.935436
dyb,2,64.369671,8.622244
cvx,2,81.592348,11.086483
dyf,2,64.377955,8.631767
dzb2,2,276.865315,36.949817
dxb,2,63.790896,8.502099
cvy,2,83.337720,11.219585
dzf,2,278.009282,37.074647
dxb2,2,63.404344,8.450214
dyb2,2,64.790912,8.699530
cvz,2,95.909819,12.969825
dzb3,2,276.305431,36.855715
dxb3,2,63.395305,8.447790
dyb3,2,64.682869,8.667872
csxxsyyszz,2,189.051749,24.987988
dyf2,2,64.446365,8.635569
dxf2,2,63.817662,8.508121
csxy,2,65.692183,8.902148
dzf2,2,276.256754,36.871705
dyf3,2,64.161125,8.653367
csyz,2,79.425238,10.786756
dxf3,2,63.416687,8.450029
dzf3,2,276.437783,36.943970
csxz,2,79.471272,10.734263
dxf,3,63.557982,8.475457
dzb,3,276.672238,36.989485
dyb,3,64.414708,8.655970
cvx,3,81.654145,11.121811
dyf,3,64.349380,8.658282
dzb2,3,276.807330,37.113838
dxb,3,63.727106,8.520191
cvy,3,81.781459,11.065622
dzf,3,276.889144,37.078618
dxb2,3,63.513151,8.469601
dyb2,3,64.669016,8.741095
cvz,3,95.962163,12.979130
dzb3,3,276.157796,36.989622
dxb3,3,63.335141,8.448420
dyb3,3,64.725961,8.673646
csxxsyyszz,3,185.572407,24.591444
dyf2,3,64.575854,8.651330
dxf2,3,63.821706,8.507310
csxy,3,65.837648,8.919527
dzf2,3,276.112255,36.895375
dyf3,3,64.699449,8.689209
csyz,3,79.462608,10.804339
dxf3,3,63.484150,8.459385
dzf3,3,276.453027,37.007911
csxz,3,79.445210,10.735524
dxf,4,63.429487,8.452589
dzb,4,276.613658,36.951803
dyb,4,64.534969,8.656364
cvx,4,81.661651,11.101926
dyf,4,64.353834,8.633164
dzb2,4,276.959409,37.983537
dxb,4,63.550137,8.867077
cvy,4,81.716650,11.521432
dzf,4,276.326843,38.037433
dxb2,4,63.443303,8.457968
dyb2,4,64.660917,8.708772
cvz,4,95.901866,12.943909
dzb3,4,276.218739,36.855453
dxb3,4,63.366953,8.445718
dyb3,4,64.828869,8.683630
csxxsyyszz,4,189.035873,24.969560
dyf2,4,64.841044,8.678630
dxf2,4,63.820142,8.502193
csxy,4,65.813707,8.921809
dzf2,4,275.961447,36.841849
dyf3,4,64.613193,8.697205
csyz,4,79.462766,10.764261
dxf3,4,63.630473,8.482064
dzf3,4,276.642173,36.924390
csxz,4,79.409950,10.758394
#========================= OptEWE [OpenMP] =========================
#Source type                                  :  Force monopole
#Grid Size                                    :  512 x 512 x 512
#Iterations                                   :  5
#Compute time                                 :  15.736549
#Total effective MLUPS                        :  42.645222
#===================================================================
#Number of threads                            :  10
