dxf,0,42.532863,7.258378
dzb,0,168.468514,29.205998
dyb,0,43.373322,7.432139
cvx,0,51.682326,9.078293
dyf,0,43.120648,7.421902
dzb2,0,168.285569,29.196061
dxb,0,42.130734,7.199568
cvy,0,262.230867,39.127650
dzf,0,167.840889,29.105000
dxb2,0,42.079236,7.190289
dyb2,0,43.553062,7.503466
cvz,0,59.247156,10.468899
dzb3,0,167.824867,29.146164
dxb3,0,42.177821,7.220555
dyb3,0,43.509023,7.497692
csxxsyyszz,0,131.422808,22.041482
dyf2,0,43.333964,7.462349
dxf2,0,42.214460,7.258968
csxy,0,41.765060,7.419975
dzf2,0,167.821612,29.175637
dyf3,0,42.878313,7.381404
csyz,0,49.902826,8.838671
dxf3,0,42.039754,7.228329
dzf3,0,167.967520,29.211564
csxz,0,49.710695,8.780151
dxf,1,42.009974,7.223448
dzb,1,168.395575,29.258235
dyb,1,43.327372,7.432690
cvx,1,51.711242,9.100569
dyf,1,43.240622,7.458647
dzb2,1,168.445802,29.255319
dxb,1,42.098818,7.240279
cvy,1,51.214983,9.027124
dzf,1,167.805068,29.167424
dxb2,1,41.976995,7.211013
dyb2,1,43.616308,7.518724
cvz,1,59.246533,10.488336
dzb3,1,168.167577,29.217879
dxb3,1,42.166039,7.237465
dyb3,1,43.647187,7.510589
csxxsyyszz,1,131.463409,22.053604
dyf2,1,43.385904,7.471293
dxf2,1,42.292717,7.291048
csxy,1,41.608689,7.398484
dzf2,1,167.879307,29.189890
dyf3,1,43.034081,7.458045
csyz,1,49.885715,8.833806
dxf3,1,42.115064,7.243312
dzf3,1,168.050191,29.244069
csxz,1,49.679526,8.802286
dxf,2,42.086760,7.239999
dzb,2,168.507987,29.288174
dyb,2,43.083057,7.434460
cvx,2,51.693036,9.103704
dyf,2,43.057697,7.448503
dzb2,2,168.423904,29.276037
dxb,2,42.081864,7.230071
cvy,2,53.694113,9.387317
dzf,2,167.863441,29.183903
dxb2,2,42.020180,7.225799
dyb2,2,43.609725,7.522193
cvz,2,59.255285,10.498142
dzb3,2,168.085285,29.213592
dxb3,2,42.081811,7.234724
dyb3,2,43.479932,7.490264
csxxsyyszz,2,131.387188,22.055142
dyf2,2,43.364211,7.487072
dxf2,2,42.297341,7.283434
csxy,2,41.634638,7.407940
dzf2,2,168.146285,29.234085
dyf3,2,43.050157,7.436795
csyz,2,49.911557,8.837648
dxf3,2,42.130423,7.248946
dzf3,2,168.059506,29.240252
csxz,2,49.684341,8.797294
dxf,3,42.055340,7.236386
dzb,3,168.244969,29.253717
dyb,3,43.344079,7.460238
cvx,3,51.676303,9.105511
dyf,3,43.168842,7.455978
dzb2,3,168.416276,29.291924
dxb,3,42.142738,7.250466
cvy,3,51.239762,9.034996
dzf,3,167.878101,29.192660
dxb2,3,42.086612,7.224669
dyb2,3,43.530475,7.505863
cvz,3,59.372567,10.506511
dzb3,3,168.139066,29.228380
dxb3,3,42.106468,7.228317
dyb3,3,43.489308,7.497677
csxxsyyszz,3,131.965088,22.144833
dyf2,3,43.191525,7.457017
dxf2,3,42.261764,7.280309
csxy,3,41.607536,7.402755
dzf2,3,168.102349,29.246965
dyf3,3,42.833748,7.406223
csyz,3,49.869851,8.835031
dxf3,3,42.117284,7.246805
dzf3,3,168.079573,29.261417
csxz,3,49.724877,8.811662
dxf,4,42.055513,7.247407
dzb,4,168.343141,29.282793
dyb,4,43.279489,7.457657
cvx,4,51.688397,9.108251
dyf,4,43.224168,7.465654
dzb2,4,168.195313,29.246320
dxb,4,42.027148,7.244668
cvy,4,51.424690,9.065663
dzf,4,167.782503,29.185220
dxb2,4,42.039986,7.232191
dyb2,4,43.590360,7.519579
cvz,4,59.311176,10.499415
dzb3,4,168.119133,29.234804
dxb3,4,42.187831,7.251992
dyb3,4,43.610380,7.515280
csxxsyyszz,4,131.425241,22.078081
dyf2,4,43.383729,7.485260
dxf2,4,42.295653,7.301047
csxy,4,41.623615,7.405010
dzf2,4,168.005673,29.233727
dyf3,4,42.965053,7.446136
csyz,4,49.911618,8.845366
dxf3,4,42.103489,7.247900
dzf3,4,168.087117,29.277809
csxz,4,49.729629,8.846953
#========================= OptEWE [OpenMP] =========================
#Source type                                  :  Force monopole
#Grid Size                                    :  512 x 512 x 512
#Iterations                                   :  5
#Compute time                                 :  9.995821
#Total effective MLUPS                        :  67.136920
#===================================================================
#Number of threads                            :  14
