dxf,0,49.424821,8.405611
dzb,0,228.225122,38.512988
dyb,0,55.135829,9.302236
cvx,0,76.024811,12.662151
dyf,0,54.526031,9.251047
dzb2,0,228.125351,38.470612
dxb,0,49.711810,8.445768
cvy,0,305.009047,45.636729
dzf,0,229.067680,38.688886
dxb2,0,49.347382,8.405383
dyb2,0,54.969701,9.354297
cvz,0,77.047521,13.140747
dzb3,0,227.967432,38.520522
dxb3,0,51.453609,8.726119
dyb3,0,55.066186,9.308721
csxxsyyszz,0,203.256327,32.748436
dyf2,0,54.038461,9.158916
dxf2,0,49.277233,8.397299
csxy,0,46.463984,8.284625
dzf2,0,227.197750,38.399643
dyf3,0,54.304006,9.204408
csyz,0,55.155905,9.856699
dxf3,0,50.215575,8.545942
dzf3,0,228.033149,38.558670
csxz,0,55.219858,9.901066
dxf,1,48.984209,8.366135
dzb,1,227.937303,38.517920
dyb,1,55.086952,9.325278
cvx,1,75.963070,12.677200
dyf,1,54.543309,9.254222
dzb2,1,228.164457,38.492955
dxb,1,49.702893,8.499560
cvy,1,74.694307,12.480583
dzf,1,227.042012,38.350766
dxb2,1,49.395654,8.411668
dyb2,1,55.023545,9.313700
cvz,1,77.267191,13.165742
dzb3,1,227.487459,38.441158
dxb3,1,51.611005,8.724816
dyb3,1,55.212515,9.334305
csxxsyyszz,1,203.105087,32.753419
dyf2,1,54.660238,9.247829
dxf2,1,49.255880,8.401628
csxy,1,46.448858,8.289790
dzf2,1,226.847552,38.349299
dyf3,1,53.779009,9.112119
csyz,1,55.153487,9.871264
dxf3,1,50.301596,8.576543
dzf3,1,227.315847,38.403349
csxz,1,55.205279,9.894214
dxf,2,48.951609,8.389571
dzb,2,227.709566,38.456441
dyb,2,55.070641,9.343531
cvx,2,75.921428,12.664951
dyf,2,54.534701,9.232798
dzb2,2,228.310764,38.571241
dxb,2,49.772442,8.477784
cvy,2,74.575201,12.462399
dzf,2,227.139060,38.389104
dxb2,2,49.353751,8.399936
dyb2,2,55.035730,9.319263
cvz,2,77.262432,13.164442
dzb3,2,227.376953,38.430800
dxb3,2,51.555894,8.720485
dyb3,2,55.228076,9.348684
csxxsyyszz,2,203.870846,33.555649
dyf2,2,54.453857,9.544983
dxf2,2,49.167395,8.669007
csxy,2,46.325802,8.533116
dzf2,2,225.392758,39.420522
dyf3,2,54.339477,9.298843
csyz,2,55.161827,9.882072
dxf3,2,50.262586,8.551768
dzf3,2,226.906700,38.370743
csxz,2,55.146745,9.886626
dxf,3,48.877928,8.352627
dzb,3,227.628812,38.507414
dyb,3,54.245864,9.176511
cvx,3,75.906873,12.671149
dyf,3,53.922058,9.146896
dzb2,3,227.940876,38.545523
dxb,3,49.728522,8.451655
cvy,3,74.537550,12.452184
dzf,3,227.144673,38.389681
dxb2,3,49.346741,8.410716
dyb2,3,55.042128,9.334710
cvz,3,77.123028,13.170587
dzb3,3,227.536848,38.415224
dxb3,3,51.489890,8.748909
dyb3,3,54.971457,9.300483
csxxsyyszz,3,203.571967,32.800160
dyf2,3,54.018535,9.205940
dxf2,3,49.215269,8.393857
csxy,3,46.434324,8.282480
dzf2,3,226.928837,38.389416
dyf3,3,54.332171,9.229920
csyz,3,55.150518,9.866258
dxf3,3,50.254980,8.551440
dzf3,3,227.444203,38.453464
csxz,3,55.154763,9.890724
dxf,4,49.051976,8.379592
dzb,4,227.740959,38.502020
dyb,4,54.203015,9.196243
cvx,4,75.939037,12.681572
dyf,4,55.584503,9.432422
dzb2,4,229.507099,38.750807
dxb,4,49.673267,8.484510
cvy,4,74.546760,12.499333
dzf,4,227.237268,38.376057
dxb2,4,49.284049,8.430230
dyb2,4,55.016719,9.349946
cvz,4,77.171760,13.193196
dzb3,4,227.407992,38.540440
dxb3,4,51.426627,8.723727
dyb3,4,55.222021,9.365582
csxxsyyszz,4,203.590442,32.941057
dyf2,4,54.609270,9.274677
dxf2,4,49.303091,8.420557
csxy,4,46.479799,8.318189
dzf2,4,226.994514,38.461755
dyf3,4,53.714653,9.119649
csyz,4,55.147413,9.881183
dxf3,4,50.120941,8.569114
dzf3,4,227.549104,38.476665
csxz,4,55.157500,9.931992
#========================= OptEWE [OpenMP] =========================
#Source type                                  :  Force monopole
#Grid Size                                    :  512 x 512 x 512
#Iterations                                   :  5
#Compute time                                 :  13.133335
#Total effective MLUPS                        :  51.098113
#===================================================================
#Number of threads                            :  11
