dxf,0,66.205295,8.508841
dzb,0,337.776921,42.366217
dyb,0,76.011679,9.701234
cvx,0,106.726056,13.395108
dyf,0,75.729271,9.640115
dzb2,0,338.107143,42.406466
dxb,0,66.613369,8.576349
cvy,0,355.349627,41.051964
dzf,0,338.131146,42.392818
dxb2,0,67.172492,8.601729
dyb2,0,75.894459,9.654243
cvz,0,110.050699,14.069416
dzb3,0,337.793148,42.332505
dxb3,0,66.629697,8.534480
dyb3,0,75.843036,9.646963
csxxsyyszz,0,292.083730,35.630861
dyf2,0,75.068733,9.558589
dxf2,0,67.804090,8.707175
csxy,0,65.903207,8.641312
dzf2,0,337.639628,42.326587
dyf3,0,74.619089,9.505833
csyz,0,80.028143,10.355105
dxf3,0,67.110599,8.636356
dzf3,0,337.079167,42.303807
csxz,0,75.969957,9.901130
dxf,1,65.867478,8.469132
dzb,1,337.967009,42.394296
dyb,1,75.981603,9.697522
cvx,1,106.755909,13.499680
dyf,1,75.163296,9.577707
dzb2,1,338.317815,42.421446
dxb,1,66.671630,8.552475
cvy,1,104.101392,13.146360
dzf,1,338.165691,42.415301
dxb2,1,67.218225,8.613431
dyb2,1,76.109900,9.684863
cvz,1,110.068223,14.024485
dzb3,1,337.917778,42.380271
dxb3,1,66.589654,8.533880
dyb3,1,77.542082,9.843427
csxxsyyszz,1,287.801955,35.107605
dyf2,1,75.703708,9.633911
dxf2,1,67.638144,8.715395
csxy,1,65.930142,8.625532
dzf2,1,337.530880,42.355270
dyf3,1,74.616777,9.500016
csyz,1,80.466448,10.403600
dxf3,1,66.973487,8.619512
dzf3,1,337.017133,42.296892
csxz,1,75.786431,9.879302
dxf,2,65.818534,8.462348
dzb,2,337.634432,42.363160
dyb,2,75.941526,9.685626
cvx,2,106.678159,13.425026
dyf,2,75.636506,9.628429
dzb2,2,338.276243,42.458891
dxb,2,66.698763,8.553135
cvy,2,104.168694,13.155351
dzf,2,337.974464,42.448819
dxb2,2,67.203767,8.609752
dyb2,2,76.127668,9.687611
cvz,2,110.078997,14.045269
dzb3,2,337.865279,42.431742
dxb3,2,66.698715,8.555091
dyb3,2,75.909921,9.653992
csxxsyyszz,2,291.814174,35.587261
dyf2,2,74.823950,9.536238
dxf2,2,67.725568,8.738561
csxy,2,65.879289,8.622320
dzf2,2,337.513538,42.360313
dyf3,2,74.633553,9.524739
csyz,2,80.343197,10.413507
dxf3,2,66.964159,8.618804
dzf3,2,337.152087,42.317310
csxz,2,76.050473,9.919102
dxf,3,65.894849,8.476339
dzb,3,337.879698,42.421592
dyb,3,75.531801,9.677021
cvx,3,107.802313,13.638476
dyf,3,75.163262,10.105920
dzb2,3,336.705062,42.999751
dxb,3,66.519780,8.575427
cvy,3,103.861376,13.131787
dzf,3,337.253804,42.369622
dxb2,3,67.186540,8.634809
dyb2,3,75.899239,9.705492
cvz,3,109.892039,13.997869
dzb3,3,337.347205,42.371405
dxb3,3,66.619742,8.570311
dyb3,3,75.740968,9.654883
csxxsyyszz,3,285.273385,34.852306
dyf2,3,74.598347,9.531534
dxf2,3,67.682695,8.696736
csxy,3,65.790301,8.635836
dzf2,3,338.056181,42.503479
dyf3,3,74.991571,9.592260
csyz,3,80.004978,10.361254
dxf3,3,67.032198,8.599065
dzf3,3,337.008219,42.255387
csxz,3,75.878975,9.899496
dxf,4,65.912550,8.472468
dzb,4,337.793110,42.312696
dyb,4,75.487456,9.613989
cvx,4,106.724821,13.391000
dyf,4,74.968922,9.545837
dzb2,4,338.124028,42.359357
dxb,4,66.636118,8.563476
cvy,4,105.722307,13.284699
dzf,4,339.237355,42.509374
dxb2,4,67.126733,8.628825
dyb2,4,75.714704,9.663458
cvz,4,110.595546,14.064025
dzb3,4,337.118512,42.331866
dxb3,4,66.569011,8.570760
dyb3,4,75.736309,9.654166
csxxsyyszz,4,288.308507,35.209427
dyf2,4,74.977447,9.574299
dxf2,4,67.722384,8.695333
csxy,4,65.826472,8.633584
dzf2,4,337.106900,42.331900
dyf3,4,74.961912,9.591302
csyz,4,79.986788,10.376434
dxf3,4,67.113149,8.636441
dzf3,4,336.742567,42.262436
csxz,4,76.027430,9.954970
#========================= OptEWE [OpenMP] =========================
#Source type                                  :  Force monopole
#Grid Size                                    :  512 x 512 x 512
#Iterations                                   :  5
#Compute time                                 :  18.815287
#Total effective MLUPS                        :  35.667202
#===================================================================
#Number of threads                            :  6
