dxf,0,138.512608,16.215621
dzb,0,719.709447,81.408395
dyb,0,160.509688,18.657269
cvx,0,213.107619,24.732625
dyf,0,158.057329,18.421458
dzb2,0,687.898188,78.091294
dxb,0,139.645492,16.322428
cvy,0,536.413279,59.652919
dzf,0,661.745527,75.698995
dxb2,0,142.913675,16.716930
dyb2,0,161.116538,18.751419
cvz,0,215.397789,25.056495
dzb3,0,660.421733,75.199163
dxb3,0,140.233253,16.416425
dyb3,0,160.325594,18.665313
csxxsyyszz,0,596.114563,67.823481
dyf2,0,160.172241,18.679469
dxf2,0,138.358381,16.252786
csxy,0,127.065582,15.159342
dzf2,0,654.025655,74.510569
dyf3,0,158.811075,18.511912
csyz,0,145.158700,17.148229
dxf3,0,137.456525,16.117272
dzf3,0,674.625209,76.720153
csxz,0,141.703021,16.754028
dxf,1,138.660243,16.190069
dzb,1,720.170811,81.563831
dyb,1,158.486112,18.553399
cvx,1,213.125087,24.729572
dyf,1,159.585858,18.782809
dzb2,1,687.005079,78.284551
dxb,1,139.797131,16.430872
cvy,1,207.324030,24.246619
dzf,1,661.067261,75.620409
dxb2,1,142.887346,16.797945
dyb2,1,160.685296,18.703222
cvz,1,215.257542,25.155993
dzb3,1,659.953330,75.403909
dxb3,1,140.137141,16.516568
dyb3,1,160.430483,18.749817
csxxsyyszz,1,596.920216,68.090578
dyf2,1,160.327605,18.737175
dxf2,1,138.639492,17.327460
csxy,1,126.329094,16.131016
dzf2,1,652.870668,76.734139
dyf3,1,158.914381,18.517125
csyz,1,145.145391,17.203061
dxf3,1,137.331963,16.151696
dzf3,1,660.470336,75.321552
csxz,1,141.720772,16.804193
dxf,2,138.744160,16.234553
dzb,2,716.435703,81.359729
dyb,2,161.990621,19.005574
cvx,2,213.102088,24.847083
dyf,2,159.846029,18.694042
dzb2,2,686.290257,79.214153
dxb,2,139.736016,16.452429
cvy,2,207.355675,24.119235
dzf,2,654.807382,75.051180
dxb2,2,143.051510,16.770816
dyb2,2,161.109385,18.898600
cvz,2,215.367940,25.086767
dzb3,2,661.248421,75.411491
dxb3,2,140.020547,16.475216
dyb3,2,161.012460,18.819072
csxxsyyszz,2,596.557814,68.261475
dyf2,2,160.286584,18.794962
dxf2,2,138.332339,16.245404
csxy,2,127.041691,15.207579
dzf2,2,653.305284,74.558713
dyf3,2,158.858878,18.513885
csyz,2,145.186224,17.288395
dxf3,2,137.456781,16.142271
dzf3,2,660.525115,75.553420
csxz,2,141.742240,16.955419
dxf,3,138.722225,16.239542
dzb,3,719.206358,81.758474
dyb,3,160.415449,18.745089
cvx,3,213.110263,24.856710
dyf,3,159.854880,18.678695
dzb2,3,686.242978,78.194418
dxb,3,139.701990,16.328537
cvy,3,207.329168,24.187948
dzf,3,659.957429,75.438948
dxb2,3,143.059208,16.751246
dyb2,3,160.629742,18.854039
cvz,3,217.418472,25.373058
dzb3,3,662.699259,75.729981
dxb3,3,140.350974,16.408462
dyb3,3,161.907090,18.987082
csxxsyyszz,3,597.093490,68.304777
dyf2,3,160.385864,18.723812
dxf2,3,138.265759,16.301039
csxy,3,127.073596,15.234917
dzf2,3,657.169160,74.978487
dyf3,3,157.870898,18.509618
csyz,3,145.210338,17.134572
dxf3,3,137.330824,16.104879
dzf3,3,661.138785,75.586086
csxz,3,141.855040,16.834870
dxf,4,138.349960,16.333695
dzb,4,717.942594,81.611673
dyb,4,160.572803,18.680836
cvx,4,213.091171,24.812484
dyf,4,159.748543,18.720594
dzb2,4,686.411920,78.386269
dxb,4,139.628661,16.373812
cvy,4,207.369392,24.262094
dzf,4,654.439030,74.757811
dxb2,4,142.825202,16.723938
dyb2,4,160.635953,18.708510
cvz,4,215.351652,25.208672
dzb3,4,660.282639,75.462349
dxb3,4,140.359860,16.464359
dyb3,4,160.871936,18.868068
csxxsyyszz,4,596.486111,68.087566
dyf2,4,160.486517,18.667950
dxf2,4,138.278418,16.340434
csxy,4,127.138687,15.189254
dzf2,4,654.042563,74.766734
dyf3,4,158.916781,18.575509
csyz,4,145.200017,17.117674
dxf3,4,137.625546,16.196373
dzf3,4,662.046773,75.489657
csxz,4,141.851716,16.817154
#========================= OptEWE [OpenMP] =========================
#Source type                                  :  Force monopole
#Grid Size                                    :  512 x 512 x 512
#Iterations                                   :  5
#Compute time                                 :  37.766708
#Total effective MLUPS                        :  17.769318
#===================================================================
#Number of threads                            :  2
