dxf,0,31.517836,6.159230
dzb,0,121.827257,24.633000
dyb,0,30.528726,6.055659
cvx,0,37.488085,7.641441
dyf,0,30.631487,6.107870
dzb2,0,121.811242,24.655511
dxb,0,30.224286,5.941433
cvy,0,272.090863,45.067903
dzf,0,121.305212,24.520664
dxb2,0,30.134461,5.937313
dyb2,0,30.877651,6.149598
cvz,0,43.690342,8.912223
dzb3,0,122.808783,24.817401
dxb3,0,30.165337,5.958243
dyb3,0,30.774208,6.134165
csxxsyyszz,0,79.422754,15.782085
dyf2,0,30.761187,6.125321
dxf2,0,30.409964,6.018084
csxy,0,30.821024,6.298445
dzf2,0,121.311469,24.574448
dyf3,0,30.457301,6.062192
csyz,0,37.014817,7.549836
dxf3,0,30.508279,6.041831
dzf3,0,121.478781,24.606366
csxz,0,36.822873,7.507142
dxf,1,30.228937,5.990171
dzb,1,121.908542,24.699859
dyb,1,30.569652,6.085032
cvx,1,37.490842,7.654020
dyf,1,30.640321,6.119806
dzb2,1,121.823119,24.686885
dxb,1,30.203116,5.954143
cvy,1,37.400742,7.628912
dzf,1,121.320239,24.581526
dxb2,1,30.112290,5.938120
dyb2,1,30.870628,6.162790
cvz,1,43.735811,8.929516
dzb3,1,121.649532,24.636749
dxb3,1,30.153780,5.962085
dyb3,1,30.950617,6.167757
csxxsyyszz,1,79.387565,15.781953
dyf2,1,30.798640,6.138073
dxf2,1,30.408803,6.020824
csxy,1,30.828751,6.304359
dzf2,1,121.334232,24.599035
dyf3,1,30.499661,6.098860
csyz,1,37.002428,7.543158
dxf3,1,30.215281,5.986638
dzf3,1,121.498113,24.628185
csxz,1,36.806261,7.510051
dxf,2,30.216634,5.990566
dzb,2,121.844440,24.699006
dyb,2,30.518516,6.087252
cvx,2,37.505441,7.662409
dyf,2,30.666383,6.133276
dzb2,2,121.835943,24.717962
dxb,2,30.203785,5.965719
cvy,2,37.546958,7.660662
dzf,2,121.310198,24.596012
dxb2,2,30.101820,5.940288
dyb2,2,30.834289,6.153488
cvz,2,43.704050,8.932743
dzb3,2,121.542237,24.636512
dxb3,2,30.163512,5.973553
dyb3,2,30.816313,6.156040
csxxsyyszz,2,80.720146,16.189926
dyf2,2,30.712340,6.182658
dxf2,2,30.413205,6.094640
csxy,2,30.816278,6.369219
dzf2,2,121.328266,24.736539
dyf3,2,30.453024,6.127006
csyz,2,36.998769,7.593267
dxf3,2,30.223009,6.029962
dzf3,2,121.521346,24.787513
csxz,2,36.828486,7.580489
dxf,3,30.248144,6.038995
dzb,3,121.858715,24.836019
dyb,3,30.501548,6.154164
cvx,3,37.606959,7.725578
dyf,3,30.554696,6.157368
dzb2,3,121.860075,24.827875
dxb,3,30.152202,6.027260
cvy,3,37.410928,7.675475
dzf,3,121.363729,24.669767
dxb2,3,30.094239,5.974294
dyb2,3,30.856138,6.173156
cvz,3,43.705750,8.936369
dzb3,3,121.535635,24.654195
dxb3,3,30.155503,5.976444
dyb3,3,30.809051,6.168068
csxxsyyszz,3,79.464413,15.814154
dyf2,3,30.737648,6.158576
dxf2,3,30.466104,6.078107
csxy,3,30.794356,6.313565
dzf2,3,121.516730,24.664191
dyf3,3,30.500348,6.117822
csyz,3,36.992509,7.563994
dxf3,3,30.176715,5.999036
dzf3,3,121.559483,24.697575
csxz,3,36.842180,7.547072
dxf,4,30.231791,6.001719
dzb,4,121.837870,24.732963
dyb,4,30.623380,6.149557
cvx,4,37.499174,7.674350
dyf,4,30.611492,6.141789
dzb2,4,121.808595,24.716746
dxb,4,30.179457,6.014082
cvy,4,37.364868,7.636804
dzf,4,121.355325,24.637844
dxb2,4,30.143652,5.991993
dyb2,4,30.863277,6.182541
cvz,4,43.870848,8.971710
dzb3,4,121.614652,24.687403
dxb3,4,30.188156,5.984802
dyb3,4,30.835271,6.172836
csxxsyyszz,4,79.392061,15.813844
dyf2,4,30.768018,6.166103
dxf2,4,30.422708,6.067904
csxy,4,30.804681,6.317125
dzf2,4,121.293561,24.634549
dyf3,4,30.455824,6.120788
csyz,4,36.980264,7.565262
dxf3,4,30.230295,6.007326
dzf3,4,121.478909,24.693921
csxz,4,36.822050,7.584685
#========================= OptEWE [OpenMP] =========================
#Source type                                  :  Force monopole
#Grid Size                                    :  512 x 512 x 512
#Iterations                                   :  5
#Compute time                                 :  7.227454
#Total effective MLUPS                        :  92.852700
#===================================================================
#Number of threads                            :  20
