dxf,0,31.005757,6.589193
dzb,0,117.110430,26.003558
dyb,0,30.491830,6.571227
cvx,0,35.914749,8.057037
dyf,0,30.557081,6.636377
dzb2,0,117.078025,26.039406
dxb,0,30.005018,6.416151
cvy,0,234.082306,42.800114
dzf,0,116.746178,25.962049
dxb2,0,29.999548,6.444822
dyb2,0,30.776392,6.668138
cvz,0,41.735433,9.370454
dzb3,0,116.830799,26.024307
dxb3,0,29.987158,6.438170
dyb3,0,30.684707,6.654746
csxxsyyszz,0,74.903279,16.361315
dyf2,0,30.704542,6.670202
dxf2,0,30.258652,6.515657
csxy,0,29.668646,6.667669
dzf2,0,116.541950,26.002064
dyf3,0,30.298888,6.578646
csyz,0,35.468508,7.946383
dxf3,0,30.027947,6.484629
dzf3,0,116.888183,26.067674
csxz,0,35.296314,7.886818
dxf,1,30.044715,6.487311
dzb,1,117.115441,26.098536
dyb,1,30.356524,6.567325
cvx,1,35.977649,8.102385
dyf,1,30.588430,6.657882
dzb2,1,117.065392,26.090457
dxb,1,30.019722,6.453185
cvy,1,35.856514,8.060932
dzf,1,116.710814,26.040852
dxb2,1,29.975016,6.436168
dyb2,1,30.831723,6.699276
cvz,1,41.770635,9.396693
dzb3,1,116.805235,26.072561
dxb3,1,29.969028,6.449504
dyb3,1,30.742641,6.678238
csxxsyyszz,1,74.955618,16.389760
dyf2,1,30.566275,6.647090
dxf2,1,30.267611,6.527518
csxy,1,29.647294,6.666098
dzf2,1,116.661794,26.049194
dyf3,1,30.318268,6.590907
csyz,1,35.622143,7.996689
dxf3,1,30.024148,6.483105
dzf3,1,116.877405,26.092385
csxz,1,35.287600,7.918490
dxf,2,30.037654,6.490949
dzb,2,117.064885,26.109772
dyb,2,30.400839,6.578694
cvx,2,35.937930,8.093926
dyf,2,30.626245,6.670181
dzb2,2,117.099626,26.120596
dxb,2,30.040146,6.455698
cvy,2,35.879304,8.070661
dzf,2,116.599889,26.038459
dxb2,2,30.063191,6.473450
dyb2,2,30.741764,6.679248
cvz,2,41.801052,9.409611
dzb3,2,116.774802,26.078262
dxb3,2,30.058615,6.460136
dyb3,2,30.724118,6.674214
csxxsyyszz,2,74.926193,16.391090
dyf2,2,30.679217,6.668655
dxf2,2,30.290514,6.528197
csxy,2,29.644254,6.672587
dzf2,2,116.536286,26.038329
dyf3,2,30.451020,6.614651
csyz,2,35.496901,7.961259
dxf3,2,30.006373,6.487940
dzf3,2,116.911024,26.111408
csxz,2,35.312306,7.921170
dxf,3,30.029523,6.489309
dzb,3,117.073958,26.121634
dyb,3,30.346186,6.564615
cvx,3,35.977113,8.109800
dyf,3,30.438452,6.637960
dzb2,3,117.157936,26.136926
dxb,3,30.002374,6.453557
cvy,3,35.795417,8.054452
dzf,3,118.292184,26.340095
dxb2,3,30.032735,6.444016
dyb2,3,30.770069,6.688523
cvz,3,41.787757,9.406861
dzb3,3,116.801324,26.084803
dxb3,3,29.978394,6.466388
dyb3,3,30.743055,6.683372
csxxsyyszz,3,74.971729,16.413876
dyf2,3,30.674993,6.678401
dxf2,3,30.262699,6.529414
csxy,3,29.667168,6.675591
dzf2,3,116.701490,26.064239
dyf3,3,30.410007,6.614651
csyz,3,35.479626,7.957385
dxf3,3,30.054266,6.495478
dzf3,3,116.883863,26.102617
csxz,3,35.305026,7.903197
dxf,4,30.041295,6.496782
dzb,4,117.130351,26.143444
dyb,4,30.459948,6.597910
cvx,4,35.949346,8.103055
dyf,4,30.521682,6.655038
dzb2,4,117.097421,26.129329
dxb,4,30.053138,6.464829
cvy,4,35.800546,8.055244
dzf,4,116.596399,26.051513
dxb2,4,29.980262,6.447449
dyb2,4,30.729064,6.680690
cvz,4,41.754502,9.400589
dzb3,4,116.813225,26.092411
dxb3,4,30.212075,6.500081
dyb3,4,31.733930,6.855250
csxxsyyszz,4,74.864675,16.368397
dyf2,4,30.682877,6.679279
dxf2,4,30.243377,6.521819
csxy,4,29.658396,6.670747
dzf2,4,116.748134,26.088631
dyf3,4,30.385005,6.602923
csyz,4,35.460509,7.959207
dxf3,4,30.027680,6.493368
dzf3,4,116.745843,26.086264
csxz,4,35.297966,7.947882
#========================= OptEWE [OpenMP] =========================
#Source type                                  :  Force monopole
#Grid Size                                    :  512 x 512 x 512
#Iterations                                   :  5
#Compute time                                 :  6.972223
#Total effective MLUPS                        :  96.251749
#===================================================================
#Number of threads                            :  19
