dxf,0,35.704485,7.871994
dzb,0,133.973897,30.809902
dyb,0,35.839174,7.968283
cvx,0,41.773179,9.678991
dyf,0,35.844135,8.005594
dzb2,0,133.766951,30.820648
dxb,0,35.249641,7.786360
cvy,0,214.406616,41.471301
dzf,0,133.267202,30.709698
dxb2,0,35.277444,7.826468
dyb2,0,36.107963,8.069536
cvz,0,48.483238,11.238657
dzb3,0,133.451924,30.760050
dxb3,0,35.297867,7.848290
dyb3,0,36.150102,8.052316
csxxsyyszz,0,91.803276,20.381314
dyf2,0,35.998387,8.037369
dxf2,0,35.587269,7.918047
csxy,0,34.608580,8.011285
dzf2,0,133.349471,30.755820
dyf3,0,35.614413,7.962829
csyz,0,41.267808,9.538622
dxf3,0,35.294097,7.850552
dzf3,0,133.567780,30.858114
csxz,0,41.102651,9.503315
dxf,1,35.339957,7.865170
dzb,1,133.761691,30.881115
dyb,1,35.822783,7.982792
cvx,1,41.753757,9.695368
dyf,1,35.829246,8.022362
dzb2,1,133.962048,30.943496
dxb,1,35.229157,7.853840
cvy,1,41.590762,9.657036
dzf,1,133.234783,30.793518
dxb2,1,35.222625,7.840128
dyb2,1,36.105212,8.081391
cvz,1,48.487232,11.253280
dzb3,1,133.542032,30.851423
dxb3,1,35.293468,7.844927
dyb3,1,36.165008,8.063131
csxxsyyszz,1,91.711927,20.409971
dyf2,1,35.950667,8.031695
dxf2,1,35.555094,7.913891
csxy,1,34.588487,8.025009
dzf2,1,133.385958,30.804128
dyf3,1,35.658329,8.000235
csyz,1,41.297361,9.558178
dxf3,1,35.297158,7.858864
dzf3,1,133.481440,30.827291
csxz,1,41.078635,9.510659
dxf,2,35.365229,7.870197
dzb,2,135.647733,31.219523
dyb,2,35.813197,8.001588
cvx,2,41.828330,9.713292
dyf,2,35.853683,8.021413
dzb2,2,133.706201,30.862733
dxb,2,35.260810,7.854345
cvy,2,41.637874,9.662649
dzf,2,133.190003,30.772316
dxb2,2,35.309588,7.851731
dyb2,2,36.180357,8.081787
cvz,2,48.486544,11.258939
dzb3,2,133.672868,30.879917
dxb3,2,35.268254,7.855050
dyb3,2,36.205351,8.084750
csxxsyyszz,2,91.722469,20.406400
dyf2,2,36.011399,8.055655
dxf2,2,35.552629,7.925474
csxy,2,34.576774,8.019530
dzf2,2,133.417828,30.820382
dyf3,2,35.685527,7.980899
csyz,2,41.292028,9.551662
dxf3,2,35.342116,7.868516
dzf3,2,133.499800,30.870345
csxz,2,41.048731,9.505048
dxf,3,35.329179,7.869097
dzb,3,133.811795,30.905816
dyb,3,35.853174,7.990291
cvx,3,41.747941,9.699600
dyf,3,35.872738,8.033312
dzb2,3,133.642766,30.872963
dxb,3,35.284364,7.872704
cvy,3,41.628416,9.670015
dzf,3,133.236566,30.799482
dxb2,3,35.254924,7.848270
dyb2,3,36.094122,8.086033
cvz,3,48.493995,11.274975
dzb3,3,133.593718,30.882414
dxb3,3,35.253627,7.841788
dyb3,3,36.171663,8.077108
csxxsyyszz,3,91.677374,20.417684
dyf2,3,35.965438,8.043500
dxf2,3,35.564017,7.923927
csxy,3,34.571972,8.030421
dzf2,3,135.418972,31.216914
dyf3,3,35.702386,8.017598
csyz,3,41.319581,9.569567
dxf3,3,35.285323,7.867673
dzf3,3,133.561232,30.891352
csxz,3,41.048208,9.523542
dxf,4,35.354486,7.882975
dzb,4,133.694694,30.907613
dyb,4,35.810801,8.011336
cvx,4,41.859096,9.734430
dyf,4,35.858328,8.040745
dzb2,4,133.725875,30.917917
dxb,4,35.203717,7.849715
cvy,4,41.631812,9.674918
dzf,4,133.378234,30.849397
dxb2,4,35.259274,7.844354
dyb2,4,36.212861,8.110489
cvz,4,48.525362,11.268438
dzb3,4,133.490742,30.829439
dxb3,4,35.234117,7.847090
dyb3,4,36.103161,8.060981
csxxsyyszz,4,91.649644,20.401530
dyf2,4,36.075585,8.075235
dxf2,4,35.573046,7.930986
csxy,4,34.614095,8.033114
dzf2,4,133.410110,30.818229
dyf3,4,35.635035,8.018966
csyz,4,41.301318,9.558373
dxf3,4,35.368215,7.872295
dzf3,4,133.577871,30.888769
csxz,4,41.077298,9.535838
#========================= OptEWE [OpenMP] =========================
#Source type                                  :  Force monopole
#Grid Size                                    :  512 x 512 x 512
#Iterations                                   :  5
#Compute time                                 :  8.025160
#Total effective MLUPS                        :  83.623087
#===================================================================
#Number of threads                            :  16
