dxf,0,80.079102,11.167128
dzb,0,431.908202,58.503610
dyb,0,94.799192,13.069574
cvx,0,140.270986,19.023635
dyf,0,93.802598,12.952040
dzb2,0,431.011538,58.289705
dxb,0,82.235556,11.420952
cvy,0,358.406788,45.898468
dzf,0,428.986098,58.123001
dxb2,0,86.870762,11.980638
dyb2,0,95.384298,13.138449
cvz,0,140.934575,19.232606
dzb3,0,431.220025,58.385870
dxb3,0,92.347229,12.716532
dyb3,0,95.655935,13.169948
csxxsyyszz,0,388.018084,51.132325
dyf2,0,93.340808,12.948826
dxf2,0,82.071491,11.427111
csxy,0,71.194560,10.249091
dzf2,0,428.005043,58.101559
dyf3,0,93.008228,12.857775
csyz,0,83.136530,11.815534
dxf3,0,83.457420,11.604631
dzf3,0,427.332969,58.000114
csxz,0,81.426094,11.601011
dxf,1,79.891264,11.161968
dzb,1,429.683550,58.279195
dyb,1,95.466093,13.173705
cvx,1,139.935929,19.020741
dyf,1,94.022942,13.001120
dzb2,1,429.642959,58.298486
dxb,1,82.070654,11.431636
cvy,1,136.462850,18.575016
dzf,1,427.852242,58.043042
dxb2,1,86.549504,11.995466
dyb2,1,95.334455,13.160209
cvz,1,140.531202,19.211209
dzb3,1,430.719337,58.403347
dxb3,1,92.388208,12.703747
dyb3,1,95.469225,13.170939
csxxsyyszz,1,387.277338,51.070331
dyf2,1,94.313189,13.029097
dxf2,1,82.139443,11.439995
csxy,1,71.117674,10.242041
dzf2,1,428.331039,58.157766
dyf3,1,93.609563,12.968989
csyz,1,83.199487,11.822402
dxf3,1,83.462205,11.607383
dzf3,1,427.253435,57.998158
csxz,1,81.479225,11.621956
dxf,2,80.164912,11.200969
dzb,2,429.970791,58.332370
dyb,2,94.689525,13.070483
cvx,2,140.559725,19.094593
dyf,2,94.959218,13.122671
dzb2,2,429.781575,58.301714
dxb,2,82.019652,11.424410
cvy,2,136.310990,18.562124
dzf,2,428.995653,58.178419
dxb2,2,86.662748,11.986910
dyb2,2,95.767856,13.249162
cvz,2,141.087207,19.230901
dzb3,2,430.921571,58.382889
dxb3,2,92.478074,12.768369
dyb3,2,95.280174,13.132825
csxxsyyszz,2,395.855884,52.299466
dyf2,2,94.236732,13.141852
dxf2,2,82.316697,11.463212
csxy,2,71.231393,10.243050
dzf2,2,429.534118,58.333672
dyf3,2,93.631609,12.998408
csyz,2,83.253406,11.814760
dxf3,2,83.489214,11.600580
dzf3,2,428.448651,58.252076
csxz,2,81.603023,11.608890
dxf,3,80.253212,11.188717
dzb,3,430.782805,58.545949
dyb,3,94.989686,13.098187
cvx,3,140.836880,19.167205
dyf,3,93.893560,12.999563
dzb2,3,431.078599,58.442011
dxb,3,82.240120,11.434069
cvy,3,136.885429,18.672709
dzf,3,428.542196,58.171612
dxb2,3,86.678212,12.075727
dyb2,3,95.778736,13.204259
cvz,3,140.973880,19.253730
dzb3,3,430.171939,58.940773
dxb3,3,92.607654,12.708430
dyb3,3,95.371362,13.146254
csxxsyyszz,3,395.854750,52.406631
dyf2,3,93.105012,13.965384
dxf2,3,81.680662,12.150982
csxy,3,70.757841,10.830740
dzf2,3,427.285278,60.112015
dyf3,3,93.856881,12.970650
csyz,3,83.279492,11.807929
dxf3,3,83.426833,11.634117
dzf3,3,427.571597,58.058416
csxz,3,81.467974,11.612621
dxf,4,80.214882,11.217611
dzb,4,430.519357,58.412606
dyb,4,94.701627,13.081772
cvx,4,140.151020,19.051532
dyf,4,93.679093,12.966789
dzb2,4,430.277723,58.384179
dxb,4,82.087911,11.451019
cvy,4,138.068724,18.804343
dzf,4,427.795005,58.081896
dxb2,4,86.544592,11.994662
dyb2,4,95.530363,13.210027
cvz,4,140.676392,19.244678
dzb3,4,432.597083,58.688670
dxb3,4,92.418745,12.718146
dyb3,4,95.480377,13.188350
csxxsyyszz,4,395.291638,52.126221
dyf2,4,93.118422,12.889305
dxf2,4,82.130797,11.457979
csxy,4,71.138027,10.258615
dzf2,4,428.824774,58.225801
dyf3,4,93.065025,12.896118
csyz,4,83.217540,11.835125
dxf3,4,83.555514,11.624783
dzf3,4,427.340438,58.055666
csxz,4,81.417304,11.636186
#========================= OptEWE [OpenMP] =========================
#Source type                                  :  Force monopole
#Grid Size                                    :  512 x 512 x 512
#Iterations                                   :  5
#Compute time                                 :  23.705990
#Total effective MLUPS                        :  28.308822
#===================================================================
#Number of threads                            :  3
