dxf,0,34.389918,7.372697
dzb,0,133.538532,29.544163
dyb,0,34.302483,7.421961
cvx,0,41.482058,9.254960
dyf,0,34.335140,7.454779
dzb2,0,133.633727,29.580072
dxb,0,33.854340,7.268285
cvy,0,222.764921,41.892732
dzf,0,133.368925,29.498736
dxb2,0,33.840640,7.267277
dyb2,0,34.548406,7.507680
cvz,0,48.286409,10.737569
dzb3,0,133.469954,29.519845
dxb3,0,33.817415,7.259512
dyb3,0,34.423829,7.480848
csxxsyyszz,0,79.188012,17.538678
dyf2,0,34.498484,7.492639
dxf2,0,34.125799,7.351503
csxy,0,33.927731,7.587694
dzf2,0,133.095963,29.507621
dyf3,0,34.234721,7.469231
csyz,0,40.747325,9.049302
dxf3,0,33.905531,7.309185
dzf3,0,133.402497,29.580274
csxz,0,40.594460,9.017165
dxf,1,33.928536,7.313902
dzb,1,133.714076,29.645400
dyb,1,34.228073,7.430463
cvx,1,41.481724,9.274662
dyf,1,34.336514,7.474630
dzb2,1,133.690029,29.641554
dxb,1,33.868104,7.301358
cvy,1,41.382966,9.239709
dzf,1,133.237130,29.535463
dxb2,1,33.866963,7.285509
dyb2,1,34.496408,7.506203
cvz,1,48.290180,10.756758
dzb3,1,133.444352,29.576581
dxb3,1,33.854753,7.281794
dyb3,1,34.589165,7.529388
csxxsyyszz,1,79.584095,17.634509
dyf2,1,34.445174,7.468264
dxf2,1,34.124136,7.368680
csxy,1,33.923980,7.590490
dzf2,1,132.974231,29.515565
dyf3,1,34.231837,7.455884
csyz,1,40.724236,9.053870
dxf3,1,33.904901,7.313408
dzf3,1,133.660889,29.717146
csxz,1,40.552349,8.997190
dxf,2,33.908495,7.304737
dzb,2,133.625780,29.599594
dyb,2,34.255840,7.448742
cvx,2,41.473896,9.262302
dyf,2,34.297262,7.454534
dzb2,2,133.555817,29.581376
dxb,2,33.941381,7.292669
cvy,2,41.291354,9.206291
dzf,2,133.101554,29.481993
dxb2,2,33.829913,7.289621
dyb2,2,34.615867,7.523182
cvz,2,48.223220,10.727496
dzb3,2,133.325852,29.525997
dxb3,2,33.838810,7.307007
dyb3,2,34.591602,7.524754
csxxsyyszz,2,79.073722,17.528740
dyf2,2,34.468743,7.487496
dxf2,2,34.144397,7.383489
csxy,2,33.918241,7.587995
dzf2,2,133.245442,29.554455
dyf3,2,34.155091,7.441659
csyz,2,40.749992,9.059960
dxf3,2,33.862244,7.305416
dzf3,2,133.485850,29.642510
csxz,2,40.545406,9.008682
dxf,3,33.939266,7.330639
dzb,3,133.510070,29.630210
dyb,3,34.265103,7.446473
cvx,3,41.510728,9.289232
dyf,3,34.335990,7.477019
dzb2,3,133.435267,29.621022
dxb,3,33.857656,7.307207
cvy,3,41.328348,9.223790
dzf,3,133.191158,29.512077
dxb2,3,33.833909,7.273686
dyb2,3,34.524757,7.504939
cvz,3,48.226632,10.729220
dzb3,3,133.405675,29.550715
dxb3,3,33.854066,7.281888
dyb3,3,34.521401,7.509244
csxxsyyszz,3,79.013939,17.510488
dyf2,3,34.503990,7.478859
dxf2,3,34.144113,7.365999
csxy,3,33.906371,7.582917
dzf2,3,133.132637,29.519449
dyf3,3,34.232081,7.444645
csyz,3,40.741083,9.054099
dxf3,3,33.894851,7.317535
dzf3,3,133.216955,29.577247
csxz,3,40.527480,9.001081
dxf,4,33.884939,7.310675
dzb,4,133.594011,29.633501
dyb,4,34.227547,7.431062
cvx,4,41.480785,9.279275
dyf,4,34.338301,7.481338
dzb2,4,133.601692,29.646215
dxb,4,33.864067,7.293715
cvy,4,41.309815,9.226139
dzf,4,134.300700,29.748468
dxb2,4,33.882089,7.283197
dyb2,4,34.547744,7.516893
cvz,4,48.234992,10.749288
dzb3,4,133.202102,29.542622
dxb3,4,33.891525,7.294061
dyb3,4,34.535661,7.518941
csxxsyyszz,4,79.132854,17.550763
dyf2,4,34.440517,7.496194
dxf2,4,34.148749,7.372691
csxy,4,33.902920,7.590985
dzf2,4,133.151060,29.547082
dyf3,4,34.289916,7.485322
csyz,4,40.734969,9.049710
dxf3,4,33.876423,7.307144
dzf3,4,133.328519,29.579795
csxz,4,40.570803,9.075315
#========================= OptEWE [OpenMP] =========================
#Source type                                  :  Force monopole
#Grid Size                                    :  512 x 512 x 512
#Iterations                                   :  5
#Compute time                                 :  7.861820
#Total effective MLUPS                        :  85.360471
#===================================================================
#Number of threads                            :  17
