dxf,0,48.444436,8.608455
dzb,0,207.936202,37.223937
dyb,0,48.058217,8.627651
cvx,0,60.650344,11.061840
dyf,0,48.385538,8.693429
dzb2,0,207.208416,37.128228
dxb,0,47.698170,8.498670
cvy,0,253.199652,40.794062
dzf,0,206.422840,37.013078
dxb2,0,47.641920,8.508822
dyb2,0,48.571141,8.744627
cvz,0,71.250810,12.929216
dzb3,0,207.107188,37.114672
dxb3,0,47.686973,8.518207
dyb3,0,48.589831,8.732200
csxxsyyszz,0,109.530378,20.087969
dyf2,0,48.454733,8.707194
dxf2,0,47.979621,8.575623
csxy,0,49.411201,9.026506
dzf2,0,207.565400,37.204235
dyf3,0,48.143954,8.679031
csyz,0,59.931413,10.866744
dxf3,0,47.725038,8.524885
dzf3,0,206.854733,37.130548
csxz,0,59.767857,10.843824
dxf,1,47.729680,8.519991
dzb,1,207.493527,37.225852
dyb,1,48.188747,8.686262
cvx,1,60.630108,11.075140
dyf,1,48.317071,8.687047
dzb2,1,207.250772,37.155774
dxb,1,47.756819,8.531658
cvy,1,60.437812,11.026489
dzf,1,206.592659,37.063517
dxb2,1,47.675413,8.522466
dyb2,1,48.504904,8.716574
cvz,1,71.211654,12.932109
dzb3,1,207.134973,37.152729
dxb3,1,47.650398,8.507541
dyb3,1,48.478820,8.725703
csxxsyyszz,1,108.241000,19.874769
dyf2,1,48.345331,8.705302
dxf2,1,48.011409,8.597043
csxy,1,49.381908,9.023091
dzf2,1,206.652392,37.087521
dyf3,1,48.025189,8.659422
csyz,1,59.932014,10.867344
dxf3,1,47.726590,8.519805
dzf3,1,206.752106,37.111257
csxz,1,59.868748,10.860534
dxf,2,47.733473,8.519816
dzb,2,207.294001,37.185840
dyb,2,48.215307,8.662000
cvx,2,60.595740,11.070695
dyf,2,48.346966,8.695564
dzb2,2,207.264960,37.175300
dxb,2,47.643265,8.527050
cvy,2,60.443340,11.029081
dzf,2,206.487976,37.057766
dxb2,2,47.731345,8.516027
dyb2,2,48.623748,8.743765
cvz,2,71.246799,12.941297
dzb3,2,207.068886,37.145210
dxb3,2,47.680895,8.516513
dyb3,2,48.553992,8.738626
csxxsyyszz,2,109.696550,20.108439
dyf2,2,48.475629,8.718705
dxf2,2,47.998884,8.589474
csxy,2,49.459499,9.033026
dzf2,2,206.590515,37.070581
dyf3,2,48.133022,8.703653
csyz,2,60.005770,10.878223
dxf3,2,47.751668,8.533174
dzf3,2,206.858689,37.131258
csxz,2,59.777289,10.839778
dxf,3,47.787942,8.533439
dzb,3,207.254567,37.181245
dyb,3,48.202719,8.672994
cvx,3,60.636730,11.072193
dyf,3,48.296838,8.687393
dzb2,3,207.271672,37.178240
dxb,3,47.789091,8.553028
cvy,3,60.437638,11.026579
dzf,3,206.506057,37.062748
dxb2,3,47.651710,8.509234
dyb2,3,48.617353,8.741400
cvz,3,71.228891,12.941460
dzb3,3,207.077606,37.147517
dxb3,3,47.737890,8.525475
dyb3,3,48.431240,8.716049
csxxsyyszz,3,108.725382,19.946783
dyf2,3,48.470745,8.718554
dxf2,3,47.966627,8.571098
csxy,3,49.405958,9.025911
dzf2,3,206.687217,37.093523
dyf3,3,48.190066,8.672043
csyz,3,59.929952,10.868198
dxf3,3,47.768648,8.539133
dzf3,3,206.845263,37.130340
csxz,3,59.791727,10.850483
dxf,4,47.734055,8.531853
dzb,4,207.198496,37.161025
dyb,4,48.074700,8.659455
cvx,4,60.634693,11.075855
dyf,4,48.251668,8.683249
dzb2,4,207.363263,37.204466
dxb,4,47.684111,8.524508
cvy,4,60.405316,11.026040
dzf,4,208.019766,37.621983
dxb2,4,47.694176,8.606608
dyb2,4,48.558497,8.833883
cvz,4,71.154690,13.067973
dzb3,4,207.029920,37.546460
dxb3,4,47.681332,8.552595
dyb3,4,48.615554,8.739010
csxxsyyszz,4,109.243663,20.039199
dyf2,4,48.490612,8.721036
dxf2,4,48.017242,8.600248
csxy,4,49.436296,9.029878
dzf2,4,206.606021,37.070260
dyf3,4,48.148927,8.688353
csyz,4,59.905807,10.858909
dxf3,4,47.739068,8.527634
dzf3,4,206.833565,37.112703
csxz,4,59.804705,10.876594
#========================= OptEWE [OpenMP] =========================
#Source type                                  :  Force monopole
#Grid Size                                    :  512 x 512 x 512
#Iterations                                   :  5
#Compute time                                 :  11.641451
#Total effective MLUPS                        :  57.646478
#===================================================================
#Number of threads                            :  15
