dxf,0,51.406276,8.526895
dzb,0,223.000709,37.131476
dyb,0,51.180377,8.550985
cvx,0,64.502769,10.948734
dyf,0,51.169691,8.567785
dzb2,0,222.910905,37.155714
dxb,0,50.534801,8.401896
cvy,0,278.165559,41.708565
dzf,0,221.999012,37.008130
dxb2,0,50.576045,8.420182
dyb2,0,51.377944,8.612591
cvz,0,75.962445,12.834940
dzb3,0,222.645566,37.096329
dxb3,0,50.487450,8.400820
dyb3,0,51.492980,8.626288
csxxsyyszz,0,116.580757,19.924688
dyf2,0,51.460713,8.620033
dxf2,0,50.858015,8.480452
csxy,0,52.349581,8.903912
dzf2,0,222.225164,37.051333
dyf3,0,51.183708,8.605019
csyz,0,63.665480,10.755303
dxf3,0,50.659260,8.452911
dzf3,0,222.433375,37.095233
csxz,0,63.494948,10.728326
dxf,1,50.566411,8.426965
dzb,1,223.241695,37.195290
dyb,1,51.278733,8.594025
cvx,1,64.527844,10.949324
dyf,1,51.231491,8.588041
dzb2,1,222.837554,37.111654
dxb,1,50.538926,8.434169
cvy,1,64.277782,10.902145
dzf,1,222.089359,37.026955
dxb2,1,50.530631,8.430112
dyb2,1,51.527461,8.637412
cvz,1,76.062460,12.845048
dzb3,1,222.661007,37.094801
dxb3,1,50.524967,8.426738
dyb3,1,51.469643,8.628206
csxxsyyszz,1,116.433958,19.943015
dyf2,1,51.273899,8.753204
dxf2,1,50.895376,8.566939
csxy,1,52.283878,8.958455
dzf2,1,223.123279,37.477396
dyf3,1,51.195593,8.682724
csyz,1,63.668126,10.834478
dxf3,1,50.664251,8.454840
dzf3,1,222.468976,37.078451
csxz,1,63.461243,10.719214
dxf,2,50.595378,8.431306
dzb,2,222.848469,37.149908
dyb,2,51.205804,8.610062
cvx,2,64.467634,10.959131
dyf,2,51.275018,8.605375
dzb2,2,222.822053,37.147245
dxb,2,50.559197,8.435243
cvy,2,64.398399,10.932970
dzf,2,221.986473,37.025451
dxb2,2,51.787779,8.611306
dyb2,2,51.507125,8.643357
cvz,2,75.827626,12.831733
dzb3,2,222.629404,37.113265
dxb3,2,50.518760,8.427282
dyb3,2,51.524669,8.646787
csxxsyyszz,2,116.949327,19.975787
dyf2,2,51.503056,8.640488
dxf2,2,50.796085,8.496378
csxy,2,52.395222,8.909492
dzf2,2,222.177827,37.054227
dyf3,2,50.946195,8.560063
csyz,2,63.642604,10.748256
dxf3,2,50.632684,8.453954
dzf3,2,222.353966,37.086209
csxz,2,63.483673,10.726909
dxf,3,50.618962,8.443632
dzb,3,222.936913,37.175725
dyb,3,51.291148,8.619695
cvx,3,64.506827,10.961396
dyf,3,51.277041,8.604505
dzb2,3,222.988157,37.180537
dxb,3,50.563331,8.453921
cvy,3,64.285813,10.917265
dzf,3,222.059566,37.051604
dxb2,3,50.567196,8.444114
dyb2,3,51.507017,8.641274
cvz,3,75.956641,12.841234
dzb3,3,222.796343,37.165587
dxb3,3,50.539572,8.426987
dyb3,3,51.449967,8.634979
csxxsyyszz,3,115.558233,19.776630
dyf2,3,51.470356,8.641314
dxf2,3,50.920840,8.496068
csxy,3,52.284718,8.891791
dzf2,3,222.258917,37.061177
dyf3,3,51.087769,8.593830
csyz,3,63.636087,10.745320
dxf3,3,50.582384,8.440813
dzf3,3,222.392711,37.111286
csxz,3,63.500105,10.731273
dxf,4,50.631745,8.443087
dzb,4,222.952460,37.189017
dyb,4,51.034190,8.580123
cvx,4,64.484807,10.962173
dyf,4,51.102187,8.579744
dzb2,4,222.906222,37.169612
dxb,4,50.511398,8.430425
cvy,4,64.278462,10.919790
dzf,4,222.151371,37.059856
dxb2,4,50.456881,8.412714
dyb2,4,51.522223,8.655976
cvz,4,75.909090,12.829991
dzb3,4,222.651431,37.127249
dxb3,4,50.514325,8.429942
dyb3,4,51.586460,8.647058
csxxsyyszz,4,116.631686,19.932033
dyf2,4,51.215668,8.605561
dxf2,4,50.895198,8.500477
csxy,4,52.292204,8.895727
dzf2,4,222.275302,37.072344
dyf3,4,51.079833,8.587676
csyz,4,63.662318,10.751953
dxf3,4,50.636277,8.448711
dzf3,4,222.299371,37.102285
csxz,4,63.499983,10.760558
#========================= OptEWE [OpenMP] =========================
#Source type                                  :  Force monopole
#Grid Size                                    :  512 x 512 x 512
#Iterations                                   :  5
#Compute time                                 :  12.454775
#Total effective MLUPS                        :  53.882037
#===================================================================
#Number of threads                            :  15
