dxf,0,80.961152,10.345379
dzb,0,401.811515,50.324523
dyb,0,90.829873,11.522806
cvx,0,113.092675,14.423003
dyf,0,90.211767,11.454320
dzb2,0,401.644320,50.306573
dxb,0,81.495237,10.400338
cvy,0,359.970990,42.295219
dzf,0,400.352579,50.156608
dxb2,0,84.638417,10.752400
dyb2,0,90.655627,11.516713
cvz,0,120.323719,15.366300
dzb3,0,402.026381,50.336140
dxb3,0,87.088126,11.017993
dyb3,0,90.693135,11.585432
csxxsyyszz,0,315.412815,38.702743
dyf2,0,90.857635,11.528550
dxf2,0,81.094868,10.339962
csxy,0,85.967866,11.161741
dzf2,0,402.307824,50.427890
dyf3,0,89.994952,11.440732
csyz,0,95.913590,12.286704
dxf3,0,80.441324,10.360867
dzf3,0,399.718730,50.182517
csxz,0,97.548555,12.461828
dxf,1,80.975838,10.422553
dzb,1,401.706069,50.368507
dyb,1,90.657291,11.519634
cvx,1,112.929076,14.419631
dyf,1,90.625176,11.622925
dzb2,1,401.565064,50.331895
dxb,1,81.386375,10.404954
cvy,1,109.089819,13.970745
dzf,1,399.530146,50.203552
dxb2,1,82.877913,10.581487
dyb2,1,90.235543,11.500986
cvz,1,120.120002,15.365145
dzb3,1,401.270200,50.396250
dxb3,1,86.829662,11.018486
dyb3,1,90.321464,11.493774
csxxsyyszz,1,309.238959,38.105870
dyf2,1,90.580105,11.530626
dxf2,1,80.921855,10.344798
csxy,1,85.870875,11.100908
dzf2,1,401.234924,50.397669
dyf3,1,89.914760,11.465737
csyz,1,96.146102,12.341897
dxf3,1,80.460877,10.310521
dzf3,1,399.715519,50.220615
csxz,1,97.679443,12.482495
dxf,2,80.911098,10.400283
dzb,2,401.960839,50.419777
dyb,2,90.778950,11.529050
cvx,2,113.127128,14.456540
dyf,2,90.211700,11.483361
dzb2,2,401.663266,50.373855
dxb,2,81.589169,10.398564
cvy,2,109.403356,14.031103
dzf,2,400.321893,50.206165
dxb2,2,83.056204,10.570245
dyb2,2,90.344242,11.582475
cvz,2,120.621737,15.382855
dzb3,2,402.184108,50.425076
dxb3,2,86.907648,11.092699
dyb3,2,90.542162,11.530470
csxxsyyszz,2,315.409692,38.874741
dyf2,2,92.312833,11.710717
dxf2,2,81.104990,10.344672
csxy,2,85.929479,11.109718
dzf2,2,402.085685,50.346053
dyf3,2,90.044686,11.449867
csyz,2,95.995064,12.339077
dxf3,2,80.485541,10.296628
dzf3,2,401.265167,50.315838
csxz,2,97.439378,12.450956
dxf,3,80.854692,10.333624
dzb,3,401.715054,50.344838
dyb,3,90.756065,11.523554
cvx,3,112.848600,14.417646
dyf,3,90.766237,11.518186
dzb2,3,401.648892,50.319977
dxb,3,81.402180,10.455276
cvy,3,109.415237,13.975578
dzf,3,400.084870,50.155539
dxb2,3,83.039086,10.565624
dyb2,3,90.411010,11.532317
cvz,3,120.416346,15.375292
dzb3,3,402.174982,50.574374
dxb3,3,87.105697,11.051168
dyb3,3,90.671606,11.528476
csxxsyyszz,3,315.438662,38.765495
dyf2,3,90.813035,11.544113
dxf2,3,81.019812,10.390303
csxy,3,85.900528,11.068949
dzf2,3,402.070663,50.361588
dyf3,3,90.119495,11.455706
csyz,3,95.893393,12.318470
dxf3,3,80.588799,10.282811
dzf3,3,400.063600,50.233358
csxz,3,97.390996,12.531835
dxf,4,80.833536,10.372939
dzb,4,401.800896,50.364694
dyb,4,90.587744,11.524582
cvx,4,112.891722,14.422784
dyf,4,90.772928,11.546291
dzb2,4,401.677767,51.500222
dxb,4,80.936700,11.056002
cvy,4,108.701248,14.855878
dzf,4,398.998319,51.927760
dxb2,4,83.009525,10.546848
dyb2,4,90.488799,11.494167
cvz,4,120.535189,15.353910
dzb3,4,401.544557,50.614914
dxb3,4,86.997179,11.031464
dyb3,4,90.532248,11.507805
csxxsyyszz,4,309.627702,38.179534
dyf2,4,89.984781,11.441787
dxf2,4,80.946527,10.443212
csxy,4,85.930295,11.084144
dzf2,4,401.867958,50.431187
dyf3,4,90.025895,11.565025
csyz,4,96.041855,12.302667
dxf3,4,80.436024,10.274230
dzf3,4,401.019502,50.409294
csxz,4,97.213777,12.602854
#========================= OptEWE [OpenMP] =========================
#Source type                                  :  Force monopole
#Grid Size                                    :  512 x 512 x 512
#Iterations                                   :  5
#Compute time                                 :  22.149206
#Total effective MLUPS                        :  30.298541
#===================================================================
#Number of threads                            :  4
