dxf,0,50.132830,7.707079
dzb,0,198.756760,31.390151
dyb,0,50.474711,7.805623
cvx,0,60.686302,9.661602
dyf,0,50.498647,7.855331
dzb2,0,198.514524,31.323854
dxb,0,49.675229,7.659725
cvy,0,240.423696,33.049937
dzf,0,196.520892,31.042608
dxb2,0,49.694379,7.677538
dyb2,0,50.784968,7.883389
cvz,0,70.264937,11.212381
dzb3,0,198.574381,31.332058
dxb3,0,49.453194,7.629125
dyb3,0,50.772369,7.885949
csxxsyyszz,0,139.880274,21.560907
dyf2,0,50.534330,7.837559
dxf2,0,49.838311,7.706737
csxy,0,49.478801,7.887260
dzf2,0,196.805347,31.139848
dyf3,0,50.414488,7.823941
csyz,0,59.281600,9.443024
dxf3,0,49.870336,7.715968
dzf3,0,198.930243,31.404744
csxz,0,59.227075,9.403633
dxf,1,49.648480,7.695027
dzb,1,198.928662,31.416679
dyb,1,50.445498,7.804864
cvx,1,60.657344,9.650387
dyf,1,50.318830,7.833045
dzb2,1,199.258295,31.496565
dxb,1,49.561076,7.643217
cvy,1,60.733398,9.648284
dzf,1,196.405484,31.020782
dxb2,1,49.705575,7.667328
dyb2,1,50.753682,7.884999
cvz,1,70.255013,11.206040
dzb3,1,198.362563,31.276568
dxb3,1,49.493576,7.637053
dyb3,1,50.661117,7.877682
csxxsyyszz,1,138.134362,21.277501
dyf2,1,50.552309,7.850919
dxf2,1,49.742155,7.696379
csxy,1,49.499273,7.907023
dzf2,1,196.357476,31.382734
dyf3,1,50.357670,7.822386
csyz,1,59.195926,9.431924
dxf3,1,49.963172,7.789846
dzf3,1,196.866955,31.149348
csxz,1,59.209790,9.421272
dxf,2,49.661212,7.714650
dzb,2,198.651573,31.426306
dyb,2,50.429427,7.820804
cvx,2,60.668470,9.750010
dyf,2,50.458525,7.893363
dzb2,2,198.472382,31.335811
dxb,2,49.627940,7.681383
cvy,2,60.689287,9.749195
dzf,2,196.541648,31.064871
dxb2,2,49.608568,7.667685
dyb2,2,50.769454,7.984473
cvz,2,70.140408,11.201642
dzb3,2,198.316975,31.397047
dxb3,2,49.589393,7.669947
dyb3,2,50.616767,7.866040
csxxsyyszz,2,139.923729,21.548254
dyf2,2,50.566179,7.853559
dxf2,2,49.808935,7.788750
csxy,2,49.523680,7.908859
dzf2,2,196.504204,31.119119
dyf3,2,50.202516,7.945393
csyz,2,59.222180,9.468995
dxf3,2,49.965471,7.742443
dzf3,2,196.602917,31.212077
csxz,2,59.229665,9.504055
dxf,3,49.552290,7.689471
dzb,3,198.593912,31.512385
dyb,3,50.547340,7.873842
cvx,3,60.667252,9.666152
dyf,3,50.418140,7.861472
dzb2,3,198.652787,31.505462
dxb,3,49.592403,7.666037
cvy,3,60.761563,9.658761
dzf,3,196.434073,31.133312
dxb2,3,49.678124,7.684158
dyb2,3,50.706515,7.879012
cvz,3,70.251446,11.204008
dzb3,3,198.438723,31.380727
dxb3,3,49.574579,7.666684
dyb3,3,50.743127,7.878724
csxxsyyszz,3,139.873616,21.583565
dyf2,3,50.573765,7.867624
dxf2,3,49.792371,7.715132
csxy,3,49.460106,7.902100
dzf2,3,196.370011,31.173490
dyf3,3,50.183615,7.818752
csyz,3,59.228771,9.453664
dxf3,3,49.939303,7.736920
dzf3,3,198.278159,31.422998
csxz,3,59.242765,9.434289
dxf,4,49.568401,7.681037
dzb,4,198.688139,31.466488
dyb,4,50.451486,7.846782
cvx,4,60.732405,9.659636
dyf,4,50.265924,7.854413
dzb2,4,198.811848,31.428549
dxb,4,49.594936,7.680772
cvy,4,60.684799,9.654511
dzf,4,196.528755,31.168542
dxb2,4,49.678860,7.686220
dyb2,4,50.762872,7.895335
cvz,4,70.150139,11.248380
dzb3,4,198.514224,31.353956
dxb3,4,49.499016,7.694185
dyb3,4,50.717252,7.970289
csxxsyyszz,4,139.901138,21.575657
dyf2,4,50.635949,7.888375
dxf2,4,49.816304,7.729952
csxy,4,49.413330,7.987156
dzf2,4,196.584206,31.144199
dyf3,4,50.393616,7.857527
csyz,4,59.219248,9.496923
dxf3,4,49.897588,7.774484
dzf3,4,196.848631,31.189571
csxz,4,59.230845,9.597475
#========================= OptEWE [OpenMP] =========================
#Source type                                  :  Force monopole
#Grid Size                                    :  512 x 512 x 512
#Iterations                                   :  5
#Compute time                                 :  11.614971
#Total effective MLUPS                        :  57.777900
#===================================================================
#Number of threads                            :  12
