dxf,0,29.908172,6.186168
dzb,0,121.027596,25.458228
dyb,0,30.570805,6.370430
cvx,0,39.380384,8.190880
dyf,0,30.515870,6.379247
dzb2,0,120.937526,25.468253
dxb,0,29.037942,6.013547
cvy,0,275.768121,47.352969
dzf,0,120.334206,25.338857
dxb2,0,29.001116,6.033752
dyb2,0,30.905783,6.447115
cvz,0,41.425014,8.856282
dzb3,0,120.730655,25.462045
dxb3,0,28.993856,6.042199
dyb3,0,30.845150,6.437961
csxxsyyszz,0,104.594354,20.660961
dyf2,0,30.590916,6.387646
dxf2,0,29.246347,6.097038
csxy,0,28.464178,6.212307
dzf2,0,120.221522,25.380290
dyf3,0,30.182866,6.313524
csyz,0,33.944153,7.418010
dxf3,0,29.016998,6.063967
dzf3,0,120.895498,25.531989
csxz,0,33.714786,7.352713
dxf,1,29.019755,6.069575
dzb,1,121.001734,25.531734
dyb,1,30.609231,6.384177
cvx,1,39.312345,8.213643
dyf,1,30.458314,6.375068
dzb2,1,120.880866,25.526298
dxb,1,29.087815,6.063284
cvy,1,38.698543,8.104926
dzf,1,120.271602,25.399489
dxb2,1,29.007017,6.042583
dyb2,1,30.911490,6.469074
cvz,1,41.452313,8.871036
dzb3,1,120.826694,25.507802
dxb3,1,28.992341,6.057829
dyb3,1,30.847367,6.447341
csxxsyyszz,1,104.521713,20.687533
dyf2,1,30.592938,6.389502
dxf2,1,29.266275,6.133173
csxy,1,28.455943,6.212406
dzf2,1,120.214981,25.406253
dyf3,1,30.308418,6.365833
csyz,1,33.941935,7.416313
dxf3,1,29.091727,6.089438
dzf3,1,120.449794,25.469207
csxz,1,33.744475,7.374493
dxf,2,29.090928,6.087628
dzb,2,121.042717,25.554897
dyb,2,30.655754,6.390767
cvx,2,39.314141,8.211981
dyf,2,30.467848,6.371112
dzb2,2,120.871140,25.532418
dxb,2,29.048451,6.078505
cvy,2,38.669626,8.102857
dzf,2,120.537635,25.462093
dxb2,2,29.018120,6.064085
dyb2,2,30.892318,6.463131
cvz,2,41.486908,8.898580
dzb3,2,120.823777,25.519442
dxb3,2,29.020659,6.056073
dyb3,2,30.850797,6.449142
csxxsyyszz,2,104.583820,20.701429
dyf2,2,30.557903,6.401880
dxf2,2,29.251159,6.117148
csxy,2,28.493749,6.218761
dzf2,2,120.239378,25.435679
dyf3,2,30.317935,6.348528
csyz,2,33.946081,7.416370
dxf3,2,29.067052,6.081343
dzf3,2,120.486850,25.474080
csxz,2,33.685304,7.374916
dxf,3,29.035027,6.088692
dzb,3,123.115056,25.930246
dyb,3,30.656060,6.404242
cvx,3,39.327147,8.214458
dyf,3,30.457528,6.388585
dzb2,3,120.797709,25.528169
dxb,3,29.096607,6.078023
cvy,3,38.689309,8.101904
dzf,3,120.366821,25.452526
dxb2,3,29.052762,6.059375
dyb2,3,30.931006,6.467117
cvz,3,41.484765,8.892934
dzb3,3,120.950206,25.550606
dxb3,3,29.042017,6.073763
dyb3,3,30.874098,6.456063
csxxsyyszz,3,104.555475,20.708888
dyf2,3,30.603579,6.397224
dxf2,3,29.276988,6.141674
csxy,3,28.444217,6.219802
dzf2,3,120.496374,25.473748
dyf3,3,30.307959,6.355437
csyz,3,33.936488,7.416577
dxf3,3,29.037018,6.080328
dzf3,3,120.533027,25.487918
csxz,3,33.753051,7.376247
dxf,4,29.074456,6.081368
dzb,4,121.071545,25.575871
dyb,4,30.556485,6.373653
cvx,4,39.319320,8.220255
dyf,4,30.510928,6.381432
dzb2,4,120.978145,25.583034
dxb,4,29.122240,6.059892
cvy,4,38.687784,8.099892
dzf,4,120.416324,25.455344
dxb2,4,28.999839,6.051904
dyb2,4,30.936059,6.471074
cvz,4,41.444005,8.885884
dzb3,4,121.088216,25.566595
dxb3,4,28.957873,6.036148
dyb3,4,30.914451,6.468728
csxxsyyszz,4,104.573085,20.706703
dyf2,4,30.587272,6.378760
dxf2,4,29.282560,6.114387
csxy,4,28.475507,6.211813
dzf2,4,120.268162,25.441645
dyf3,4,30.274222,6.329559
csyz,4,33.943903,7.421107
dxf3,4,29.056412,6.076070
dzf3,4,120.537754,25.495834
csxz,4,33.724531,7.431648
#========================= OptEWE [OpenMP] =========================
#Source type                                  :  Force monopole
#Grid Size                                    :  512 x 512 x 512
#Iterations                                   :  5
#Compute time                                 :  7.252700
#Total effective MLUPS                        :  92.529487
#===================================================================
#Number of threads                            :  20
