dxf,0,48.778447,8.850483
dzb,0,199.142041,36.646717
dyb,0,48.733934,8.920868
cvx,0,60.306913,11.311558
dyf,0,48.718596,8.960933
dzb2,0,199.658541,36.994442
dxb,0,48.254491,8.995361
cvy,0,218.623881,37.376236
dzf,0,198.835921,37.514124
dxb2,0,48.179894,8.979768
dyb2,0,49.042468,9.245827
cvz,0,70.496286,13.521334
dzb3,0,198.869218,37.572858
dxb3,0,48.237169,9.020109
dyb3,0,48.954093,9.231395
csxxsyyszz,0,110.452645,20.860263
dyf2,0,48.888188,8.991271
dxf2,0,48.514805,8.854679
csxy,0,49.525257,9.278945
dzf2,0,198.869478,36.637102
dyf3,0,48.658750,8.946154
csyz,0,59.656895,11.126500
dxf3,0,48.431120,8.837711
dzf3,0,199.077370,36.681614
csxz,0,59.506514,11.093209
dxf,1,48.270186,8.810153
dzb,1,199.065192,36.687665
dyb,1,48.654139,8.938617
cvx,1,60.276304,11.314810
dyf,1,48.783772,8.979507
dzb2,1,198.988063,36.670141
dxb,1,49.015448,8.955050
cvy,1,60.057043,11.259000
dzf,1,198.764315,36.646797
dxb2,1,48.190022,8.781186
dyb2,1,49.017294,9.019182
cvz,1,70.525062,13.185493
dzb3,1,198.803398,36.659594
dxb3,1,48.236586,8.796544
dyb3,1,48.974818,9.015407
csxxsyyszz,1,110.594346,20.769272
dyf2,1,48.842059,8.994998
dxf2,1,48.489814,8.865877
csxy,1,49.526208,9.295511
dzf2,1,198.899328,36.668333
dyf3,1,48.642428,8.958841
csyz,1,59.702443,11.132915
dxf3,1,48.279834,8.805879
dzf3,1,199.033912,36.701952
csxz,1,59.489270,11.094383
dxf,2,48.296825,8.811152
dzb,2,199.079333,36.699309
dyb,2,48.663812,8.936014
cvx,2,60.286506,11.314659
dyf,2,48.784510,8.975984
dzb2,2,199.072753,36.665288
dxb,2,48.203998,8.790360
cvy,2,60.163192,11.279143
dzf,2,198.815075,36.630807
dxb2,2,48.288526,8.800704
dyb2,2,48.999777,9.010324
cvz,2,70.510879,13.184432
dzb3,2,199.971126,36.831373
dxb3,2,48.224885,8.792481
dyb3,2,48.993786,9.013876
csxxsyyszz,2,110.632182,20.772550
dyf2,2,48.848157,8.994777
dxf2,2,48.477472,8.871014
csxy,2,49.489250,9.287240
dzf2,2,198.773604,36.652361
dyf3,2,48.637520,8.943467
csyz,2,59.659208,11.135000
dxf3,2,48.243966,8.802835
dzf3,2,199.057350,36.706150
csxz,2,59.494002,11.097582
dxf,3,48.262880,8.815335
dzb,3,199.244272,36.966874
dyb,3,48.645535,8.939955
cvx,3,60.287353,11.321867
dyf,3,48.731942,8.973012
dzb2,3,199.034931,36.683820
dxb,3,48.728768,8.896776
cvy,3,60.093086,11.282113
dzf,3,198.711033,36.635731
dxb2,3,48.182678,8.778522
dyb2,3,48.990191,9.014317
cvz,3,70.523097,13.192716
dzb3,3,198.975145,36.685668
dxb3,3,48.217610,8.791155
dyb3,3,49.030047,9.023331
csxxsyyszz,3,110.481134,20.743572
dyf2,3,48.886857,9.002514
dxf2,3,48.501798,8.860551
csxy,3,49.516497,9.285314
dzf2,3,198.807189,36.653211
dyf3,3,48.677093,8.956098
csyz,3,59.650045,11.137934
dxf3,3,48.231150,8.798929
dzf3,3,199.054816,36.696027
csxz,3,59.532107,11.104202
dxf,4,48.293287,8.811955
dzb,4,199.063096,36.691487
dyb,4,48.585650,8.932350
cvx,4,60.254243,11.315285
dyf,4,48.805006,8.986221
dzb2,4,198.967498,36.696445
dxb,4,48.240286,8.794204
cvy,4,60.115478,11.270440
dzf,4,198.737204,36.634222
dxb2,4,48.240286,8.804455
dyb2,4,49.029784,9.021961
cvz,4,70.526334,13.194791
dzb3,4,198.814367,36.658759
dxb3,4,48.202258,8.791489
dyb3,4,48.941265,9.007517
csxxsyyszz,4,110.448274,20.753304
dyf2,4,48.896336,9.001326
dxf2,4,48.490423,8.869019
csxy,4,49.530614,9.297794
dzf2,4,198.705202,36.644343
dyf3,4,48.660924,8.950933
csyz,4,59.679123,11.135537
dxf3,4,48.347231,8.823611
dzf3,4,199.033197,36.708504
csxz,4,59.489802,11.109720
#========================= OptEWE [OpenMP] =========================
#Source type                                  :  Force monopole
#Grid Size                                    :  512 x 512 x 512
#Iterations                                   :  5
#Compute time                                 :  11.394757
#Total effective MLUPS                        :  58.894509
#===================================================================
#Number of threads                            :  13
