dxf,0,42.836593,8.042692
dzb,0,168.653634,32.275468
dyb,0,42.727497,8.077196
cvx,0,51.598270,10.042556
dyf,0,42.940293,8.144627
dzb2,0,168.674343,32.299275
dxb,0,42.278801,7.932440
cvy,0,210.282826,35.440591
dzf,0,167.358127,32.071733
dxb2,0,42.224037,7.938359
dyb2,0,43.104262,8.174723
cvz,0,60.101682,11.654758
dzb3,0,168.331888,32.220579
dxb3,0,42.218628,7.942979
dyb3,0,43.151629,8.186943
csxxsyyszz,0,99.697469,19.239760
dyf2,0,43.090589,8.166265
dxf2,0,42.566145,8.020574
csxy,0,42.465628,8.251120
dzf2,0,167.452360,32.109237
dyf3,0,42.718534,8.092128
csyz,0,50.955866,9.861430
dxf3,0,42.320690,7.976248
dzf3,0,167.653331,32.180014
csxz,0,50.808326,9.824327
dxf,1,42.311154,7.976975
dzb,1,168.546204,32.304234
dyb,1,42.747818,8.101197
cvx,1,51.562115,10.046343
dyf,1,42.853461,8.135583
dzb2,1,168.657547,32.328427
dxb,1,42.225100,7.964229
cvy,1,51.416855,10.003367
dzf,1,167.275611,32.090192
dxb2,1,42.200710,7.944883
dyb2,1,43.123844,8.182510
cvz,1,60.145344,11.667590
dzb3,1,168.226132,32.245980
dxb3,1,42.231515,7.938685
dyb3,1,43.079784,8.180731
csxxsyyszz,1,99.816286,19.263554
dyf2,1,43.011643,8.139356
dxf2,1,42.513363,8.013165
csxy,1,42.501249,8.271081
dzf2,1,167.371911,32.114980
dyf3,1,42.658203,8.104695
csyz,1,50.940994,9.863327
dxf3,1,42.344764,7.983913
dzf3,1,167.336096,32.130262
csxz,1,50.803201,9.833961
dxf,2,42.433694,8.000559
dzb,2,168.515006,32.309778
dyb,2,42.739428,8.101428
cvx,2,51.598784,10.054826
dyf,2,42.874053,8.141076
dzb2,2,168.662225,32.334036
dxb,2,42.263324,7.937340
cvy,2,51.371564,10.012003
dzf,2,167.213563,32.105622
dxb2,2,42.238737,7.939202
dyb2,2,43.092193,8.180215
cvz,2,60.160812,11.680901
dzb3,2,168.398080,32.285378
dxb3,2,42.228642,7.937665
dyb3,2,43.143028,8.190823
csxxsyyszz,2,99.615694,19.249006
dyf2,2,43.019584,8.149462
dxf2,2,43.308849,8.153372
csxy,2,42.441422,8.245813
dzf2,2,168.636485,32.758132
dyf3,2,42.831149,8.234045
csyz,2,50.959479,10.020520
dxf3,2,42.302642,8.101316
dzf3,2,167.546597,32.651262
csxz,2,50.812521,9.970369
dxf,3,42.373537,8.060000
dzb,3,168.837779,32.375512
dyb,3,42.718634,8.075763
cvx,3,51.653999,10.086174
dyf,3,42.873787,8.140295
dzb2,3,168.720888,32.359921
dxb,3,42.293532,7.950343
cvy,3,51.416564,10.022470
dzf,3,167.121841,32.092831
dxb2,3,42.197021,7.924289
dyb2,3,43.103101,8.180729
cvz,3,60.125284,11.675821
dzb3,3,168.396469,32.294851
dxb3,3,42.240975,7.927143
dyb3,3,43.100830,8.187122
csxxsyyszz,3,99.705861,19.267293
dyf2,3,42.996412,8.142567
dxf2,3,42.550815,8.031345
csxy,3,42.481248,8.270688
dzf2,3,167.363608,32.145943
dyf3,3,42.741948,8.100206
csyz,3,50.907309,9.869532
dxf3,3,42.299242,7.983621
dzf3,3,167.359003,32.143078
csxz,3,50.798697,9.813917
dxf,4,42.346929,7.991178
dzb,4,170.027073,32.589963
dyb,4,42.668480,8.059373
cvx,4,51.634723,10.085576
dyf,4,42.761457,8.130994
dzb2,4,168.527281,32.353891
dxb,4,42.222886,7.935623
cvy,4,51.461993,10.044555
dzf,4,167.279607,32.118055
dxb2,4,42.238481,7.939514
dyb2,4,43.050434,8.182213
cvz,4,60.154422,11.695790
dzb3,4,168.278201,32.273778
dxb3,4,42.207512,7.936091
dyb3,4,43.097130,8.183666
csxxsyyszz,4,99.898351,19.304985
dyf2,4,42.871064,8.114688
dxf2,4,42.519806,8.026217
csxy,4,42.474404,8.269718
dzf2,4,167.360676,32.126688
dyf3,4,42.861948,8.120878
csyz,4,50.946887,9.872674
dxf3,4,42.354971,7.993057
dzf3,4,167.510103,32.179161
csxz,4,50.806798,9.836948
#========================= OptEWE [OpenMP] =========================
#Source type                                  :  Force monopole
#Grid Size                                    :  512 x 512 x 512
#Iterations                                   :  5
#Compute time                                 :  9.794931
#Total effective MLUPS                        :  68.513868
#===================================================================
#Number of threads                            :  14
