dxf,0,49.432430,8.133452
dzb,0,191.967903,32.516303
dyb,0,49.427947,8.210127
cvx,0,59.476172,10.129718
dyf,0,49.441327,8.227134
dzb2,0,191.677651,32.487623
dxb,0,48.852157,8.065369
cvy,0,208.875331,31.154377
dzf,0,191.643097,32.447012
dxb2,0,48.861134,8.065751
dyb2,0,49.810215,8.271914
cvz,0,68.873059,11.757984
dzb3,0,191.987962,32.524799
dxb3,0,48.690890,8.050065
dyb3,0,49.788059,8.269333
csxxsyyszz,0,125.784434,20.972202
dyf2,0,52.038844,8.636280
dxf2,0,49.194727,8.179226
csxy,0,48.774292,8.320894
dzf2,0,192.052091,32.527585
dyf3,0,49.493131,8.272874
csyz,0,57.961922,9.927330
dxf3,0,48.905546,8.082130
dzf3,0,192.125722,32.594153
csxz,0,57.975629,9.952892
dxf,1,48.954832,8.081708
dzb,1,191.886676,32.512984
dyb,1,49.329566,8.263790
cvx,1,59.438362,10.129125
dyf,1,49.511822,8.238379
dzb2,1,191.827619,32.561122
dxb,1,48.699439,8.087150
cvy,1,59.459996,10.124161
dzf,1,191.652861,32.504026
dxb2,1,48.960164,8.106457
dyb2,1,49.810179,8.275692
cvz,1,68.872593,11.763562
dzb3,1,191.982990,32.587247
dxb3,1,48.780895,8.076287
dyb3,1,49.906321,8.291054
csxxsyyszz,1,125.854634,20.990967
dyf2,1,49.625754,8.309273
dxf2,1,49.082103,8.117434
csxy,1,48.697158,8.300917
dzf2,1,192.037044,32.549659
dyf3,1,49.608369,8.294203
csyz,1,58.064397,9.886189
dxf3,1,48.931831,8.084762
dzf3,1,192.155629,32.633151
csxz,1,57.924423,9.887650
dxf,2,48.884443,8.081087
dzb,2,191.913393,32.590100
dyb,2,49.586497,8.249467
cvx,2,59.438245,10.129470
dyf,2,49.793311,8.281677
dzb2,2,191.811779,32.576074
dxb,2,48.727556,8.058563
cvy,2,59.583260,10.144050
dzf,2,191.696040,32.552072
dxb2,2,48.913261,8.078514
dyb2,2,49.641799,8.251124
cvz,2,68.850555,11.764715
dzb3,2,191.894152,32.560609
dxb3,2,48.690741,8.041032
dyb3,2,49.775325,8.270024
csxxsyyszz,2,125.857428,21.057830
dyf2,2,49.844521,8.290316
dxf2,2,49.024430,8.110899
csxy,2,48.626706,8.295959
dzf2,2,191.966489,32.602474
dyf3,2,49.295207,8.216230
csyz,2,58.043539,9.883001
dxf3,2,48.946616,8.090019
dzf3,2,192.095072,32.662102
csxz,2,57.954013,9.898349
dxf,3,48.924264,8.084734
dzb,3,191.939017,32.583512
dyb,3,49.397644,8.207394
cvx,3,59.421504,10.134410
dyf,3,49.530965,8.245813
dzb2,3,192.973426,33.026431
dxb,3,49.448227,8.492733
cvy,3,59.523127,10.588042
dzf,3,191.579642,32.599682
dxb2,3,48.886254,8.070143
dyb2,3,49.643239,8.248078
cvz,3,68.817548,11.772962
dzb3,3,191.903444,32.585676
dxb3,3,48.706740,8.056338
dyb3,3,49.784149,8.284302
csxxsyyszz,3,126.093854,21.096708
dyf2,3,49.626557,8.252604
dxf2,3,49.223751,8.133501
csxy,3,48.729379,8.311892
dzf2,3,191.952244,32.578671
dyf3,3,49.548140,8.269196
csyz,3,58.017596,9.880638
dxf3,3,48.942409,8.094462
dzf3,3,191.994020,32.574321
csxz,3,57.929524,9.889748
dxf,4,48.970484,8.098494
dzb,4,192.092569,32.632219
dyb,4,49.396789,8.210763
cvx,4,59.434841,10.144114
dyf,4,49.542800,8.264662
dzb2,4,191.820388,32.548838
dxb,4,48.787322,8.085645
cvy,4,59.568917,10.148688
dzf,4,191.644515,32.556480
dxb2,4,48.878610,8.083789
dyb2,4,49.714581,8.259444
cvz,4,68.848907,11.814841
dzb3,4,191.963703,32.546923
dxb3,4,48.736954,8.062310
dyb3,4,49.760285,8.338384
csxxsyyszz,4,125.173389,20.913196
dyf2,4,49.534444,8.246271
dxf2,4,49.172699,8.130007
csxy,4,48.673867,8.308264
dzf2,4,191.902605,32.573478
dyf3,4,49.396551,8.252129
csyz,4,58.056250,9.901251
dxf3,4,48.997375,8.117395
dzf3,4,192.079103,32.571021
csxz,4,57.919055,9.900221
#========================= OptEWE [OpenMP] =========================
#Source type                                  :  Force monopole
#Grid Size                                    :  512 x 512 x 512
#Iterations                                   :  5
#Compute time                                 :  11.258054
#Total effective MLUPS                        :  59.609649
#===================================================================
#Number of threads                            :  11
