dxf,0,36.389907,6.815327
dzb,0,141.340326,27.277323
dyb,0,36.330320,6.881847
cvx,0,43.569427,8.489987
dyf,0,36.433456,6.907016
dzb2,0,142.213108,27.462437
dxb,0,35.852087,6.736074
cvy,0,240.066549,38.954641
dzf,0,140.770453,27.203518
dxb2,0,35.849438,6.749504
dyb2,0,36.592180,6.942403
cvz,0,50.829956,9.890581
dzb3,0,141.142313,27.282167
dxb3,0,35.875886,6.745636
dyb3,0,36.630212,6.944437
csxxsyyszz,0,96.960566,18.240088
dyf2,0,36.580838,6.940010
dxf2,0,36.110920,6.814273
csxy,0,35.829066,6.997925
dzf2,0,141.116157,27.299191
dyf3,0,36.357776,6.882264
csyz,0,42.985630,8.354599
dxf3,0,35.886262,6.775229
dzf3,0,141.062577,27.333463
csxz,0,42.802352,8.312289
dxf,1,35.900713,6.787660
dzb,1,142.738664,27.586352
dyb,1,36.349193,6.875617
cvx,1,43.538554,8.501991
dyf,1,36.419231,6.918096
dzb2,1,141.309938,27.351872
dxb,1,35.879993,6.759742
cvy,1,43.446605,8.473777
dzf,1,141.157121,27.326981
dxb2,1,35.955718,6.758824
dyb2,1,36.657883,6.957883
cvz,1,50.832875,9.894203
dzb3,1,141.062081,27.286511
dxb3,1,35.824907,6.748880
dyb3,1,36.603389,6.945613
csxxsyyszz,1,96.650512,18.199266
dyf2,1,36.497790,6.927617
dxf2,1,36.094912,6.817308
csxy,1,35.814547,6.997993
dzf2,1,140.880614,27.279744
dyf3,1,36.287850,6.884903
csyz,1,42.986293,8.359979
dxf3,1,35.890862,6.783251
dzf3,1,141.103906,27.332344
csxz,1,42.821679,8.328938
dxf,2,35.932579,6.785430
dzb,2,141.270277,27.355062
dyb,2,36.369964,6.907422
cvx,2,43.578670,8.508977
dyf,2,36.457705,6.931401
dzb2,2,141.258697,27.363933
dxb,2,35.922616,6.762918
cvy,2,43.428448,8.473734
dzf,2,140.796470,27.284397
dxb2,2,35.845494,6.746582
dyb2,2,36.592954,6.949170
cvz,2,50.783976,9.892132
dzb3,2,141.088629,27.327781
dxb3,2,35.968932,6.782695
dyb3,2,36.613385,6.950280
csxxsyyszz,2,96.903022,18.247555
dyf2,2,36.573874,6.935922
dxf2,2,36.126705,6.840782
csxy,2,35.843973,7.009192
dzf2,2,140.850670,27.297504
dyf3,2,36.331010,6.921655
csyz,2,42.975172,8.365508
dxf3,2,35.925641,6.790067
dzf3,2,141.138796,27.364024
csxz,2,42.828415,8.318203
dxf,3,35.925900,6.789995
dzb,3,141.295868,27.367551
dyb,3,36.318976,6.882685
cvx,3,43.561879,8.514169
dyf,3,36.421440,6.923668
dzb2,3,141.406513,27.390960
dxb,3,35.822793,6.757921
cvy,3,43.525849,8.493465
dzf,3,140.852875,27.290368
dxb2,3,35.874452,6.761728
dyb2,3,36.656833,6.969501
cvz,3,50.745841,9.896903
dzb3,3,141.214280,27.342985
dxb3,3,35.875273,6.776790
dyb3,3,36.670824,6.960942
csxxsyyszz,3,96.972957,18.267651
dyf2,3,36.629920,6.950166
dxf2,3,36.085074,6.835510
csxy,3,35.814789,7.006873
dzf2,3,141.028212,27.337652
dyf3,3,36.284020,6.919625
csyz,3,42.988828,8.365235
dxf3,3,35.950056,6.796868
dzf3,3,141.077872,27.361707
csxz,3,42.801217,8.320094
dxf,4,35.892331,6.785954
dzb,4,141.392488,27.409007
dyb,4,36.316800,6.890157
cvx,4,43.572364,8.519607
dyf,4,36.460561,6.934703
dzb2,4,141.384228,27.393688
dxb,4,35.868327,6.771358
cvy,4,43.477877,8.490625
dzf,4,140.696089,27.277825
dxb2,4,35.908006,6.773997
dyb2,4,36.606822,6.961919
cvz,4,50.832013,9.911143
dzb3,4,141.173777,27.333908
dxb3,4,35.860433,6.757026
dyb3,4,36.672722,6.968058
csxxsyyszz,4,96.897117,18.263499
dyf2,4,36.591244,6.964012
dxf2,4,36.114750,6.830083
csxy,4,35.827969,7.009330
dzf2,4,140.976730,27.330746
dyf3,4,36.272102,6.888239
csyz,4,42.971732,8.365448
dxf3,4,35.916925,6.789755
dzf3,4,140.978241,27.338113
csxz,4,42.832104,8.339002
#========================= OptEWE [OpenMP] =========================
#Source type                                  :  Force monopole
#Grid Size                                    :  512 x 512 x 512
#Iterations                                   :  5
#Compute time                                 :  8.387483
#Total effective MLUPS                        :  80.010733
#===================================================================
#Number of threads                            :  16
