dxf,0,45.215433,8.213816
dzb,0,174.171208,32.511133
dyb,0,45.415628,8.350436
cvx,0,54.061297,10.254028
dyf,0,45.293471,8.349177
dzb2,0,174.135763,32.539765
dxb,0,44.748816,8.187452
cvy,0,210.353924,34.649607
dzf,0,174.053341,32.501246
dxb2,0,44.706925,8.184890
dyb2,0,45.713126,8.422522
cvz,0,62.902283,11.926125
dzb3,0,174.003091,32.515097
dxb3,0,44.736749,8.187311
dyb3,0,45.603260,8.404220
csxxsyyszz,0,108.643333,20.250746
dyf2,0,45.590435,8.397612
dxf2,0,45.024538,8.264637
csxy,0,44.339131,8.405277
dzf2,0,174.024630,32.517020
dyf3,0,45.261135,8.339364
csyz,0,53.050516,10.023654
dxf3,0,44.788786,8.212535
dzf3,0,175.429640,33.237474
csxz,0,52.903066,10.287564
dxf,1,44.761475,8.444714
dzb,1,174.287184,33.199975
dyb,1,45.242653,8.493466
cvx,1,54.082561,10.455438
dyf,1,45.253604,8.504668
dzb2,1,174.176089,33.184997
dxb,1,44.725916,8.362288
cvy,1,53.803510,10.413914
dzf,1,174.156142,33.167344
dxb2,1,44.695767,8.339890
dyb2,1,45.696173,8.539351
cvz,1,62.857107,11.958933
dzb3,1,174.054542,32.678987
dxb3,1,44.651311,8.220573
dyb3,1,45.707062,8.466017
csxxsyyszz,1,108.612631,20.334506
dyf2,1,45.544897,8.440826
dxf2,1,44.942816,8.266791
csxy,1,44.384014,8.440802
dzf2,1,173.960697,32.572524
dyf3,1,45.216395,8.344950
csyz,1,53.037588,10.036881
dxf3,1,44.773628,8.221679
dzf3,1,174.339293,32.638098
csxz,1,52.871120,10.019934
dxf,2,44.727015,8.219561
dzb,2,174.082946,32.602347
dyb,2,45.382539,8.356663
cvx,2,53.985201,10.270071
dyf,2,45.235408,8.361091
dzb2,2,174.261079,32.625312
dxb,2,44.733280,8.199804
cvy,2,53.805237,10.235957
dzf,2,173.954874,32.553914
dxb2,2,44.769717,8.206727
dyb2,2,45.606534,8.422289
cvz,2,62.909588,11.942132
dzb3,2,173.865071,32.549403
dxb3,2,44.769377,8.208246
dyb3,2,45.727475,8.435868
csxxsyyszz,2,108.772910,20.291462
dyf2,2,45.522163,8.399081
dxf2,2,44.972253,8.258396
csxy,2,44.325498,8.419676
dzf2,2,173.890276,32.562568
dyf3,2,45.102107,8.337172
csyz,2,53.102673,10.056560
dxf3,2,44.815048,8.232207
dzf3,2,174.292441,32.628955
csxz,2,52.884155,10.010530
dxf,3,44.758258,8.231262
dzb,3,174.184346,32.613915
dyb,3,45.185586,8.329410
cvx,3,54.020895,10.274822
dyf,3,45.237350,8.359886
dzb2,3,174.269727,32.621980
dxb,3,44.694292,8.199823
cvy,3,53.805258,10.232782
dzf,3,174.028188,32.577507
dxb2,3,44.722408,8.200121
dyb2,3,45.712889,8.434028
cvz,3,62.839426,11.924517
dzb3,3,174.943540,32.716429
dxb3,3,44.713517,8.203351
dyb3,3,45.706326,8.435127
csxxsyyszz,3,108.766204,20.292560
dyf2,3,45.593312,8.413906
dxf2,3,45.066288,8.274098
csxy,3,44.222793,8.394640
dzf2,3,174.054991,32.553104
dyf3,3,45.096884,8.327931
csyz,3,53.041131,10.028993
dxf3,3,44.809408,8.221430
dzf3,3,174.277409,32.605594
csxz,3,52.887426,10.010414
dxf,4,44.792705,8.222991
dzb,4,174.189979,32.572535
dyb,4,45.229448,8.327030
cvx,4,54.010451,10.253908
dyf,4,45.330196,8.364385
dzb2,4,174.192982,32.587943
dxb,4,44.737681,8.205352
cvy,4,53.816046,10.230797
dzf,4,174.128456,32.543222
dxb2,4,45.277282,8.287789
dyb2,4,45.656676,8.427542
cvz,4,62.840898,11.930320
dzb3,4,173.941651,32.557776
dxb3,4,44.725591,8.195478
dyb3,4,45.728215,8.435153
csxxsyyszz,4,108.701564,20.281982
dyf2,4,45.512131,8.401709
dxf2,4,45.011619,8.272202
csxy,4,44.241967,8.403449
dzf2,4,173.993629,32.586396
dyf3,4,45.228876,8.353388
csyz,4,53.098070,10.048930
dxf3,4,44.788874,8.232390
dzf3,4,174.320804,32.631665
csxz,4,52.874394,10.045227
#========================= OptEWE [OpenMP] =========================
#Source type                                  :  Force monopole
#Grid Size                                    :  512 x 512 x 512
#Iterations                                   :  5
#Compute time                                 :  10.238974
#Total effective MLUPS                        :  65.542569
#===================================================================
#Number of threads                            :  13
