dxf,0,54.173601,8.100404
dzb,0,278.642192,40.671434
dyb,0,62.571029,9.251835
cvx,0,94.808939,13.702113
dyf,0,62.229346,9.217357
dzb2,0,279.775153,40.894464
dxb,0,54.925292,8.195025
cvy,0,332.851426,43.915584
dzf,0,281.070543,41.038285
dxb2,0,54.655778,8.158107
dyb2,0,63.148247,9.348005
cvz,0,95.881005,14.102168
dzb3,0,279.491805,40.819230
dxb3,0,54.396628,8.118332
dyb3,0,62.804694,9.306870
csxxsyyszz,0,257.649287,36.100121
dyf2,0,62.290356,9.209848
dxf2,0,53.622884,8.039411
csxy,0,49.950750,7.772483
dzf2,0,279.307013,40.779693
dyf3,0,62.174519,9.205350
csyz,0,56.803981,8.915042
dxf3,0,53.391849,8.012903
dzf3,0,280.140196,40.932753
csxz,0,56.492733,8.845252
dxf,1,53.796289,8.073600
dzb,1,278.562455,40.704689
dyb,1,62.640161,9.273680
cvx,1,94.884367,13.706961
dyf,1,62.176910,9.223434
dzb2,1,279.590694,40.833673
dxb,1,54.853369,8.189559
cvy,1,93.197115,13.487829
dzf,1,280.937583,41.056860
dxb2,1,54.736271,8.179651
dyb2,1,62.887997,9.325479
cvz,1,95.859895,14.189241
dzb3,1,279.151558,40.853358
dxb3,1,54.484915,8.154373
dyb3,1,62.955740,9.343148
csxxsyyszz,1,257.648163,36.119735
dyf2,1,62.169988,9.205894
dxf2,1,53.627246,8.037140
csxy,1,48.600135,7.589883
dzf2,1,277.854467,40.654141
dyf3,1,61.886816,9.174720
csyz,1,56.736578,8.911678
dxf3,1,53.406429,8.040580
dzf3,1,280.203434,40.984098
csxz,1,56.606191,8.860455
dxf,2,53.850036,8.077383
dzb,2,278.426601,40.748851
dyb,2,62.704067,9.292326
cvx,2,94.817377,13.703827
dyf,2,62.265086,9.270079
dzb2,2,279.543631,40.846820
dxb,2,54.875561,8.204264
cvy,2,93.243200,13.495849
dzf,2,280.804187,41.059023
dxb2,2,54.703418,8.182312
dyb2,2,63.117275,9.357864
cvz,2,95.749398,14.143642
dzb3,2,279.465321,40.811881
dxb3,2,54.475789,8.208820
dyb3,2,63.622572,9.721529
csxxsyyszz,2,257.115331,37.737630
dyf2,2,62.291399,9.641054
dxf2,2,53.538964,8.381403
csxy,2,48.426490,7.884438
dzf2,2,277.671397,40.895696
dyf3,2,62.109291,9.216072
csyz,2,56.811950,8.885438
dxf3,2,53.451153,8.067115
dzf3,2,280.229150,40.947490
csxz,2,56.551149,8.860249
dxf,3,53.866120,8.085304
dzb,3,278.644821,40.744092
dyb,3,62.604942,9.269811
cvx,3,94.885727,13.713087
dyf,3,62.122560,9.249345
dzb2,3,279.640275,40.855841
dxb,3,54.898728,8.247921
cvy,3,93.259170,13.500001
dzf,3,280.881471,41.065219
dxb2,3,54.743245,8.186070
dyb2,3,62.881334,9.319087
cvz,3,95.828535,14.124212
dzb3,3,279.359315,40.825356
dxb3,3,54.468804,8.191354
dyb3,3,63.129032,9.353658
csxxsyyszz,3,257.778839,36.103468
dyf2,3,62.320893,9.232986
dxf2,3,53.653221,8.041032
csxy,3,48.619091,7.596611
dzf2,3,278.200725,40.685986
dyf3,3,61.892697,9.175960
csyz,3,56.752624,8.884109
dxf3,3,53.366556,8.058714
dzf3,3,280.213705,40.962125
csxz,3,57.769471,9.051693
dxf,4,53.777703,8.060055
dzb,4,280.023663,40.954949
dyb,4,62.615790,9.268482
cvx,4,94.772533,13.690805
dyf,4,62.155890,9.244596
dzb2,4,279.530080,40.850933
dxb,4,54.837868,8.228863
cvy,4,93.308425,13.493871
dzf,4,280.806743,41.049314
dxb2,4,54.713503,8.182844
dyb2,4,62.981838,9.335704
cvz,4,95.852071,14.122740
dzb3,4,279.119777,40.794323
dxb3,4,54.457477,8.171417
dyb3,4,62.883650,9.330975
csxxsyyszz,4,256.635710,35.970776
dyf2,4,62.290595,9.214871
dxf2,4,53.703256,8.055000
csxy,4,48.626197,7.604408
dzf2,4,278.055509,40.684858
dyf3,4,62.143520,9.191657
csyz,4,56.792860,8.889429
dxf3,4,53.497928,8.076606
dzf3,4,280.311240,40.947930
csxz,4,56.512426,8.880542
#========================= OptEWE [OpenMP] =========================
#Source type                                  :  Force monopole
#Grid Size                                    :  512 x 512 x 512
#Iterations                                   :  5
#Compute time                                 :  15.645236
#Total effective MLUPS                        :  42.894120
#===================================================================
#Number of threads                            :  8
