dxf,0,59.157051,8.081605
dzb,0,306.528184,40.809922
dyb,0,70.081892,9.437451
cvx,0,100.968396,13.395883
dyf,0,67.867106,9.179764
dzb2,0,305.373539,40.651359
dxb,0,59.618730,8.128549
cvy,0,322.806069,39.288686
dzf,0,304.776658,40.569034
dxb2,0,61.547331,8.361156
dyb2,0,68.051055,9.190659
cvz,0,100.673083,13.587658
dzb3,0,305.020787,40.602786
dxb3,0,60.655419,8.255740
dyb3,0,68.322079,9.228971
csxxsyyszz,0,269.515776,34.672557
dyf2,0,68.040086,9.201814
dxf2,0,59.193912,8.112356
csxy,0,56.846022,8.018597
dzf2,0,304.337734,40.884939
dyf3,0,67.145874,9.121864
csyz,0,65.363007,9.193990
dxf3,0,58.935685,8.077135
dzf3,0,304.460280,40.662610
csxz,0,64.500407,9.046670
dxf,1,58.842813,8.095668
dzb,1,306.370294,40.853806
dyb,1,68.553945,9.269840
cvx,1,99.318683,13.202993
dyf,1,67.908996,9.206959
dzb2,1,305.063803,40.740053
dxb,1,59.616987,8.221036
cvy,1,96.810710,12.925217
dzf,1,304.631064,40.696494
dxb2,1,61.515782,8.374690
dyb2,1,68.436729,9.255212
cvz,1,100.575502,13.659287
dzb3,1,304.997169,40.731449
dxb3,1,60.756601,8.274044
dyb3,1,68.554478,9.271626
csxxsyyszz,1,269.510387,34.775044
dyf2,1,67.902713,9.192945
dxf2,1,58.958904,8.070123
csxy,1,56.854789,7.990181
dzf2,1,304.424633,40.683715
dyf3,1,67.102432,9.141004
csyz,1,65.352309,9.147738
dxf3,1,58.920121,8.068374
dzf3,1,304.462185,40.704155
csxz,1,64.462113,9.045328
dxf,2,58.950690,8.075999
dzb,2,306.071118,40.912664
dyb,2,68.487460,9.341934
cvx,2,99.314934,13.199667
dyf,2,67.796702,9.182400
dzb2,2,304.943123,40.731083
dxb,2,59.608236,8.144708
cvy,2,96.758499,12.961072
dzf,2,304.470304,40.682605
dxb2,2,61.513873,8.371501
dyb2,2,68.031628,9.219257
cvz,2,100.815243,13.620312
dzb3,2,304.990005,40.757528
dxb3,2,60.670645,8.340501
dyb3,2,68.544004,9.275350
csxxsyyszz,2,269.583753,34.790230
dyf2,2,67.472722,9.134853
dxf2,2,58.968478,8.072907
csxy,2,56.846848,7.989432
dzf2,2,304.613710,40.645522
dyf3,2,67.474331,9.150472
csyz,2,65.367504,9.198769
dxf3,2,58.857030,8.053726
dzf3,2,304.609770,40.668265
csxz,2,64.475070,9.036523
dxf,3,58.920944,8.059894
dzb,3,309.080898,41.217949
dyb,3,68.393706,9.261607
cvx,3,99.251481,13.231524
dyf,3,67.427457,9.144604
dzb2,3,305.022258,41.525128
dxb,3,59.407446,8.604462
cvy,3,96.208991,13.588538
dzf,3,301.664677,42.307848
dxb2,3,61.117733,8.726496
dyb2,3,67.902150,9.629189
cvz,3,100.230703,14.119631
dzb3,3,303.277216,41.747351
dxb3,3,60.392285,8.246834
dyb3,3,68.446391,9.267641
csxxsyyszz,3,269.050640,34.680602
dyf2,3,67.025568,9.133569
dxf2,3,58.859933,8.063811
csxy,3,56.856451,8.000830
dzf2,3,303.982924,40.574743
dyf3,3,67.395420,9.148806
csyz,3,65.344738,9.155944
dxf3,3,58.826393,8.055416
dzf3,3,303.875886,40.571415
csxz,3,64.489200,9.059511
dxf,4,58.828822,8.052930
dzb,4,305.802319,40.789870
dyb,4,68.381819,9.262439
cvx,4,99.108232,13.199548
dyf,4,67.769886,9.197184
dzb2,4,304.607127,40.634316
dxb,4,59.562807,8.146312
cvy,4,96.717615,12.911925
dzf,4,304.274179,40.588658
dxb2,4,61.475440,8.382493
dyb2,4,68.553385,9.304530
cvz,4,100.524804,13.590189
dzb3,4,304.656552,40.651985
dxb3,4,60.593395,8.280893
dyb3,4,68.329710,9.254649
csxxsyyszz,4,268.992165,34.676576
dyf2,4,67.852451,9.211585
dxf2,4,58.796423,8.074464
csxy,4,56.809918,7.997220
dzf2,4,304.581496,40.627537
dyf3,4,67.208203,9.143116
csyz,4,65.431620,9.163478
dxf3,4,58.836625,8.078268
dzf3,4,304.481723,40.661618
csxz,4,64.457814,9.157688
#========================= OptEWE [OpenMP] =========================
#Source type                                  :  Force monopole
#Grid Size                                    :  512 x 512 x 512
#Iterations                                   :  5
#Compute time                                 :  16.968527
#Total effective MLUPS                        :  39.549022
#===================================================================
#Number of threads                            :  6
