dxf,0,26.097307,6.211858
dzb,0,94.990736,23.972173
dyb,0,25.240809,6.094487
cvx,0,30.087673,7.561526
dyf,0,25.275507,6.103450
dzb2,0,95.041425,23.867155
dxb,0,24.864261,5.968259
cvy,0,238.064680,47.146105
dzf,0,96.302071,24.085589
dxb2,0,24.763574,5.957663
dyb2,0,25.472631,6.148574
cvz,0,34.833230,8.824660
dzb3,0,94.729282,23.841312
dxb3,0,24.799508,5.962970
dyb3,0,25.452332,6.148741
csxxsyyszz,0,66.128038,15.872552
dyf2,0,25.451317,6.155684
dxf2,0,25.081875,6.040551
csxy,0,24.584235,6.211656
dzf2,0,94.646465,23.853866
dyf3,0,25.079894,6.110902
csyz,0,29.416958,7.441304
dxf3,0,24.866011,5.995936
dzf3,0,94.829273,23.915497
csxz,0,29.142348,7.386997
dxf,1,24.879877,5.999280
dzb,1,94.988308,23.948679
dyb,1,25.197811,6.107553
cvx,1,30.041055,7.580907
dyf,1,25.191098,6.109891
dzb2,1,94.964744,23.957205
dxb,1,24.819386,5.977653
cvy,1,29.909249,7.560045
dzf,1,94.772683,23.897277
dxb2,1,24.786968,5.977711
dyb2,1,25.486663,6.169306
cvz,1,34.879418,8.855860
dzb3,1,94.742383,23.889883
dxb3,1,24.794320,5.984252
dyb3,1,25.459641,6.161115
csxxsyyszz,1,66.118601,15.898120
dyf2,1,25.428971,6.152045
dxf2,1,25.111818,6.049042
csxy,1,24.559341,6.220361
dzf2,1,95.030418,23.960156
dyf3,1,25.155732,6.101662
csyz,1,29.361845,7.432927
dxf3,1,24.906103,6.015662
dzf3,1,94.841715,23.955683
csxz,1,29.132829,7.382235
dxf,2,24.911718,6.019773
dzb,2,95.017563,23.959853
dyb,2,25.191903,6.089326
cvx,2,30.076655,7.601874
dyf,2,25.264569,6.135430
dzb2,2,94.913404,23.959578
dxb,2,24.839267,5.994981
cvy,2,29.935215,7.573851
dzf,2,94.671782,23.900310
dxb2,2,24.787225,5.973602
dyb2,2,25.472862,6.173749
cvz,2,34.841419,8.856132
dzb3,2,94.690810,23.895743
dxb3,2,24.869892,5.996513
dyb3,2,25.527172,6.179112
csxxsyyszz,2,66.178810,15.922573
dyf2,2,25.408386,6.158475
dxf2,2,25.071773,6.054253
csxy,2,24.577263,6.226555
dzf2,2,94.551930,23.886550
dyf3,2,25.116872,6.101888
csyz,2,29.396382,7.457198
dxf3,2,24.889149,6.012285
dzf3,2,94.883496,23.973155
csxz,2,29.135387,7.403090
dxf,3,24.868747,6.011541
dzb,3,94.972189,23.991730
dyb,3,25.161852,6.114330
cvx,3,30.040242,7.595370
dyf,3,25.258801,6.136836
dzb2,3,94.990786,23.987647
dxb,3,24.843293,5.991414
cvy,3,29.950451,7.582295
dzf,3,94.729671,23.922448
dxb2,3,24.792736,5.985300
dyb2,3,25.475187,6.173487
cvz,3,34.843149,8.855967
dzb3,3,94.787279,23.939711
dxb3,3,24.802938,5.994202
dyb3,3,25.608973,6.203181
csxxsyyszz,3,66.128603,15.918759
dyf2,3,25.385894,6.147500
dxf2,3,25.044661,6.073794
csxy,3,24.572096,6.234460
dzf2,3,94.617062,23.905715
dyf3,3,25.135888,6.130480
csyz,3,29.389987,7.453798
dxf3,3,24.893045,6.013226
dzf3,3,94.820787,23.962620
csxz,3,29.117078,7.396325
dxf,4,24.889528,6.017283
dzb,4,95.062066,23.995331
dyb,4,25.233971,6.115383
cvx,4,30.058296,7.597586
dyf,4,25.276278,6.135465
dzb2,4,94.884690,23.981487
dxb,4,24.815098,6.007401
cvy,4,29.883996,7.572821
dzf,4,94.587535,23.906137
dxb2,4,24.836699,5.999018
dyb2,4,25.562043,6.210156
cvz,4,34.853638,8.863716
dzb3,4,94.914825,23.965993
dxb3,4,24.813359,5.986700
dyb3,4,25.540513,6.195230
csxxsyyszz,4,66.106666,15.918703
dyf2,4,25.382776,6.140751
dxf2,4,25.076104,6.073989
csxy,4,24.577995,6.233476
dzf2,4,96.703250,24.336162
dyf3,4,25.136321,6.100562
csyz,4,29.367434,7.449618
dxf3,4,24.904395,6.023271
dzf3,4,94.770302,23.978984
csxz,4,29.150601,7.482855
#========================= OptEWE [OpenMP] =========================
#Source type                                  :  Force monopole
#Grid Size                                    :  512 x 512 x 512
#Iterations                                   :  5
#Compute time                                 :  5.785059
#Total effective MLUPS                        :  116.003758
#===================================================================
#Number of threads                            :  23
