dxf,0,52.151427,8.105442
dzb,0,209.018690,33.248954
dyb,0,52.236761,8.178076
cvx,0,64.538544,10.328122
dyf,0,52.403013,8.225211
dzb2,0,209.047983,33.278630
dxb,0,51.914267,8.096299
cvy,0,227.136875,32.051467
dzf,0,208.749816,33.196687
dxb2,0,51.650967,8.051338
dyb2,0,52.794272,8.281735
cvz,0,74.921257,12.001325
dzb3,0,208.587817,33.190046
dxb3,0,51.675326,8.053063
dyb3,0,52.816229,8.287013
csxxsyyszz,0,132.808370,20.952130
dyf2,0,52.591692,8.255556
dxf2,0,51.946894,8.108738
csxy,0,52.598954,8.436166
dzf2,0,208.557152,33.217940
dyf3,0,52.356232,8.217989
csyz,0,63.066613,10.082896
dxf3,0,51.652484,8.068508
dzf3,0,208.927496,33.289114
csxz,0,62.944659,10.058728
dxf,1,51.678657,8.078325
dzb,1,208.990938,33.284543
dyb,1,52.243441,8.186136
cvx,1,64.412070,10.330695
dyf,1,52.278970,8.241077
dzb2,1,209.042289,33.261005
dxb,1,51.936831,8.098961
cvy,1,64.401996,10.328226
dzf,1,208.834280,33.233116
dxb2,1,51.673703,8.074747
dyb2,1,52.804544,8.294102
cvz,1,74.866006,11.998632
dzb3,1,208.759154,33.238184
dxb3,1,51.593881,8.048889
dyb3,1,52.837945,8.294212
csxxsyyszz,1,132.818863,20.933714
dyf2,1,52.562104,8.253223
dxf2,1,51.842693,8.117172
csxy,1,52.576665,8.431617
dzf2,1,208.662869,33.238255
dyf3,1,52.100555,8.198963
csyz,1,63.009696,10.082520
dxf3,1,51.627569,8.074844
dzf3,1,209.525457,33.426633
csxz,1,62.815483,10.375105
dxf,2,51.569772,8.347492
dzb,2,208.484894,34.243023
dyb,2,52.525791,8.493372
cvx,2,64.200105,10.612836
dyf,2,52.266799,8.412172
dzb2,2,209.058922,33.314430
dxb,2,51.967541,8.094557
cvy,2,64.454542,10.315412
dzf,2,208.648075,33.213792
dxb2,2,51.642480,8.061099
dyb2,2,52.799101,8.287748
cvz,2,74.897797,12.050415
dzb3,2,208.506523,33.179593
dxb3,2,51.591749,8.056830
dyb3,2,52.704144,8.316884
csxxsyyszz,2,132.757447,20.934313
dyf2,2,52.583115,8.255914
dxf2,2,51.818261,8.094892
csxy,2,52.572613,8.459566
dzf2,2,208.582197,33.244898
dyf3,2,52.035528,8.185839
csyz,2,63.023872,10.105272
dxf3,2,51.627614,8.066327
dzf3,2,208.932940,33.257770
csxz,2,62.937784,10.117740
dxf,3,51.683779,8.082782
dzb,3,209.091225,33.258882
dyb,3,52.224390,8.198987
cvx,3,64.411400,10.318877
dyf,3,52.193058,8.209533
dzb2,3,209.084898,33.274845
dxb,3,51.922256,8.104158
cvy,3,64.352370,10.297720
dzf,3,208.781259,33.257114
dxb2,3,52.750784,8.226069
dyb2,3,52.687841,8.274674
cvz,3,75.093507,12.026420
dzb3,3,208.661244,33.221850
dxb3,3,51.635449,8.067186
dyb3,3,52.715968,8.273600
csxxsyyszz,3,130.936257,20.728598
dyf2,3,52.345798,8.228105
dxf2,3,51.833543,8.097768
csxy,3,52.597150,8.425771
dzf2,3,209.624027,33.371325
dyf3,3,52.207316,8.216730
csyz,3,63.080916,10.088094
dxf3,3,51.589638,8.063679
dzf3,3,208.749170,33.241441
csxz,3,62.909752,10.075635
dxf,4,51.587516,8.072108
dzb,4,208.983419,33.292675
dyb,4,52.317831,8.219349
cvx,4,64.414034,10.337232
dyf,4,52.234123,8.229292
dzb2,4,209.069461,33.555648
dxb,4,51.894442,8.201647
cvy,4,64.414029,10.311002
dzf,4,208.638303,33.244526
dxb2,4,51.738442,8.188096
dyb2,4,52.764370,8.276189
cvz,4,74.958917,12.014878
dzb3,4,208.762416,33.287788
dxb3,4,51.573097,8.064013
dyb3,4,52.822131,8.292830
csxxsyyszz,4,132.658211,20.941806
dyf2,4,52.438722,8.257885
dxf2,4,51.784254,8.095320
csxy,4,52.633768,8.434683
dzf2,4,208.575303,33.267760
dyf3,4,52.287182,8.237046
csyz,4,63.058990,10.081920
dxf3,4,51.657587,8.070523
dzf3,4,208.838496,33.314214
csxz,4,62.907393,10.096765
#========================= OptEWE [OpenMP] =========================
#Source type                                  :  Force monopole
#Grid Size                                    :  512 x 512 x 512
#Iterations                                   :  5
#Compute time                                 :  12.129816
#Total effective MLUPS                        :  55.325541
#===================================================================
#Number of threads                            :  11
