dxf,0,29.706754,7.070087
dzb,0,110.090442,27.431195
dyb,0,28.916052,7.014552
cvx,0,34.481631,8.638606
dyf,0,29.006638,7.030484
dzb2,0,110.005667,27.476493
dxb,0,28.621890,6.852319
cvy,0,217.025755,44.687980
dzf,0,108.969737,27.297042
dxb2,0,28.620513,6.894204
dyb2,0,29.284984,7.107276
cvz,0,39.849466,10.040486
dzb3,0,109.864926,27.491099
dxb3,0,28.536361,6.864184
dyb3,0,29.222517,7.104253
csxxsyyszz,0,67.983738,16.755528
dyf2,0,29.157415,7.074435
dxf2,0,28.869768,6.953644
csxy,0,28.393079,7.136837
dzf2,0,109.201007,27.370715
dyf3,0,28.917659,7.056752
csyz,0,33.925660,8.526487
dxf3,0,28.713373,6.922914
dzf3,0,109.194698,27.412418
csxz,0,33.719985,8.481660
dxf,1,28.668042,6.918434
dzb,1,110.084091,27.565866
dyb,1,28.983582,7.048928
cvx,1,34.405544,8.661476
dyf,1,29.002263,7.056905
dzb2,1,109.992878,27.554578
dxb,1,28.598477,6.890684
cvy,1,34.242510,8.608424
dzf,1,109.035146,27.353946
dxb2,1,28.569695,6.882915
dyb2,1,29.243401,7.128433
cvz,1,39.882073,10.061347
dzb3,1,111.258574,27.802089
dxb3,1,28.756696,6.927728
dyb3,1,29.258837,7.120043
csxxsyyszz,1,68.069999,16.782536
dyf2,1,29.151022,7.076293
dxf2,1,28.908673,6.963617
csxy,1,28.399329,7.140301
dzf2,1,109.041948,27.347548
dyf3,1,28.894113,7.053534
csyz,1,33.915183,8.528215
dxf3,1,28.674553,6.918453
dzf3,1,109.216034,27.431303
csxz,1,33.703583,8.481386
dxf,2,28.696431,6.924449
dzb,2,110.044041,27.571067
dyb,2,28.981838,7.045968
cvx,2,34.337539,8.649960
dyf,2,28.991066,7.064035
dzb2,2,109.987963,27.573907
dxb,2,28.585597,6.898419
cvy,2,34.213682,8.604503
dzf,2,109.051119,27.352795
dxb2,2,28.598385,6.889470
dyb2,2,29.272844,7.133957
cvz,2,39.852757,10.057232
dzb3,2,109.831940,27.532566
dxb3,2,28.585707,6.905116
dyb3,2,29.240853,7.110833
csxxsyyszz,2,68.050294,16.783511
dyf2,2,29.134024,7.090375
dxf2,2,28.884153,6.989844
csxy,2,28.421967,7.157480
dzf2,2,109.036700,27.367597
dyf3,2,28.919771,7.047145
csyz,2,33.937895,8.534653
dxf3,2,28.674336,6.920192
dzf3,2,109.195486,27.454302
csxz,2,33.700088,8.498079
dxf,3,28.691852,6.921431
dzb,3,110.025755,27.568819
dyb,3,28.932655,7.030514
cvx,3,34.564403,8.701108
dyf,3,28.978099,7.066068
dzb2,3,110.043468,27.590942
dxb,3,28.570663,6.921957
cvy,3,34.239835,8.616074
dzf,3,108.939298,27.378797
dxb2,3,28.565596,6.882523
dyb2,3,29.260061,7.131196
cvz,3,39.868590,10.064631
dzb3,3,109.859004,27.550114
dxb3,3,28.581044,6.896606
dyb3,3,29.246829,7.126438
csxxsyyszz,3,67.877947,16.761672
dyf2,3,29.146704,7.091934
dxf2,3,28.893806,6.986281
csxy,3,28.394608,7.149525
dzf2,3,109.027599,27.363962
dyf3,3,28.910909,7.040770
csyz,3,33.889334,8.526556
dxf3,3,28.713805,6.932230
dzf3,3,109.287873,27.466700
csxz,3,33.717232,8.496501
dxf,4,28.656594,6.918179
dzb,4,110.119593,27.575002
dyb,4,28.895023,7.044727
cvx,4,34.381548,8.649347
dyf,4,29.020545,7.058779
dzb2,4,110.068890,27.579873
dxb,4,28.567543,6.915845
cvy,4,34.214290,8.604300
dzf,4,109.013471,27.380058
dxb2,4,28.574817,6.902604
dyb2,4,29.219129,7.116272
cvz,4,39.886518,10.071102
dzb3,4,109.817311,27.543739
dxb3,4,28.641561,6.903929
dyb3,4,29.270525,7.127845
csxxsyyszz,4,68.031081,16.795902
dyf2,4,29.176813,7.092318
dxf2,4,29.002543,7.013587
csxy,4,28.439644,7.156599
dzf2,4,109.017633,27.382331
dyf3,4,28.931440,7.063852
csyz,4,33.921947,8.539365
dxf3,4,28.660295,6.928387
dzf3,4,109.170265,27.447223
csxz,4,33.716799,8.587859
#========================= OptEWE [OpenMP] =========================
#Source type                                  :  Force monopole
#Grid Size                                    :  512 x 512 x 512
#Iterations                                   :  5
#Compute time                                 :  6.567523
#Total effective MLUPS                        :  102.182914
#===================================================================
#Number of threads                            :  20
