dxf,0,44.354802,7.163903
dzb,0,189.707475,30.593433
dyb,0,46.500682,7.518094
cvx,0,60.859553,9.844646
dyf,0,46.267776,7.498753
dzb2,0,190.033342,30.651288
dxb,0,44.000177,7.104354
cvy,0,313.422886,43.939276
dzf,0,189.291838,30.502496
dxb2,0,44.033355,7.141540
dyb2,0,47.011955,7.626970
cvz,0,64.082313,10.552949
dzb3,0,189.664074,30.606170
dxb3,0,43.924118,7.115097
dyb3,0,46.876346,7.607152
csxxsyyszz,0,162.777316,25.244627
dyf2,0,46.531630,7.539093
dxf2,0,44.166683,7.160883
csxy,0,43.878824,7.341536
dzf2,0,189.158841,30.547666
dyf3,0,45.948504,7.465532
csyz,0,52.734053,8.790229
dxf3,0,43.856270,7.133100
dzf3,0,189.238136,30.565302
csxz,0,52.508130,8.735675
dxf,1,43.882319,7.135143
dzb,1,189.857682,30.667855
dyb,1,46.857475,7.589202
cvx,1,60.701056,9.831246
dyf,1,46.444232,7.540293
dzb2,1,190.075374,30.684179
dxb,1,43.969491,7.131118
cvy,1,59.671517,9.689896
dzf,1,189.342267,30.587078
dxb2,1,44.016255,7.138886
dyb2,1,46.936990,7.617727
cvz,1,64.196027,10.580064
dzb3,1,189.666669,30.636255
dxb3,1,43.961990,7.137351
dyb3,1,47.065701,7.628726
csxxsyyszz,1,162.618545,25.224962
dyf2,1,46.308238,7.509773
dxf2,1,44.219286,7.191041
csxy,1,43.986512,7.362731
dzf2,1,189.116429,30.569036
dyf3,1,46.226038,7.498610
csyz,1,52.716242,8.786162
dxf3,1,43.859096,7.134169
dzf3,1,189.261712,30.592396
csxz,1,52.542479,8.752093
dxf,2,43.867588,7.137500
dzb,2,189.987562,30.703009
dyb,2,46.807833,7.574946
cvx,2,60.710816,9.839803
dyf,2,46.230464,7.509802
dzb2,2,189.959595,30.686306
dxb,2,43.977837,7.133571
cvy,2,59.692868,9.693485
dzf,2,189.277945,30.587959
dxb2,2,44.100508,7.143443
dyb2,2,47.079202,7.635478
cvz,2,64.137274,10.572203
dzb3,2,189.781374,30.651057
dxb3,2,43.950992,7.127752
dyb3,2,46.943856,7.617985
csxxsyyszz,2,162.620276,25.223619
dyf2,2,46.582875,7.560376
dxf2,2,44.167878,7.170799
csxy,2,43.899493,7.353897
dzf2,2,189.300502,30.590737
dyf3,2,45.974337,7.474987
csyz,2,52.710993,8.787728
dxf3,2,43.835332,7.133713
dzf3,2,189.310329,30.603724
csxz,2,52.524683,8.762260
dxf,3,43.900626,7.143119
dzb,3,189.870652,30.671689
dyb,3,46.494508,7.534168
cvx,3,60.863686,9.869611
dyf,3,46.256852,7.514329
dzb2,3,189.994997,30.699361
dxb,3,44.004771,7.123392
cvy,3,59.695788,9.694816
dzf,3,189.352897,30.601683
dxb2,3,44.186165,7.174608
dyb2,3,47.059276,7.639089
cvz,3,64.091254,10.568623
dzb3,3,189.589649,30.625924
dxb3,3,43.894895,7.115606
dyb3,3,46.960173,7.633718
csxxsyyszz,3,162.657960,25.248804
dyf2,3,46.514085,7.553209
dxf2,3,44.240800,7.200310
csxy,3,43.912229,7.354810
dzf2,3,189.232701,30.580771
dyf3,3,46.182510,7.500208
csyz,3,52.816416,8.801269
dxf3,3,43.894022,7.140582
dzf3,3,189.228996,30.598253
csxz,3,52.519120,8.749539
dxf,4,43.904554,7.142539
dzb,4,192.306353,31.022409
dyb,4,46.615372,7.557760
cvx,4,60.804601,9.855371
dyf,4,46.233358,7.509188
dzb2,4,190.067241,30.692023
dxb,4,44.025977,7.151469
cvy,4,59.637150,9.689448
dzf,4,189.479265,30.650502
dxb2,4,44.057264,7.174629
dyb2,4,46.918173,7.643263
cvz,4,64.151973,10.612048
dzb3,4,189.589058,30.692582
dxb3,4,43.912934,7.122678
dyb3,4,46.889565,7.618577
csxxsyyszz,4,162.435133,25.213597
dyf2,4,46.315061,7.524509
dxf2,4,44.161314,7.181493
csxy,4,43.946359,7.359550
dzf2,4,189.301440,30.594977
dyf3,4,48.363916,7.781512
csyz,4,52.728029,8.785441
dxf3,4,43.889027,7.141354
dzf3,4,189.408719,30.616282
csxz,4,52.539103,8.789998
#========================= OptEWE [OpenMP] =========================
#Source type                                  :  Force monopole
#Grid Size                                    :  512 x 512 x 512
#Iterations                                   :  5
#Compute time                                 :  11.145370
#Total effective MLUPS                        :  60.212322
#===================================================================
#Number of threads                            :  14
