dxf,0,27.047278,5.260229
dzb,0,107.154749,21.470395
dyb,0,26.567700,5.251865
cvx,0,34.018776,6.776705
dyf,0,26.574675,5.275903
dzb2,0,107.185160,21.501687
dxb,0,25.479105,5.035072
cvy,0,319.114063,50.361616
dzf,0,106.723968,21.408407
dxb2,0,25.494038,5.043452
dyb2,0,26.857357,5.340537
cvz,0,37.336422,7.625725
dzb3,0,106.961686,21.485309
dxb3,0,25.478271,5.042692
dyb3,0,26.813749,5.331866
csxxsyyszz,0,89.687986,16.875632
dyf2,0,26.659739,5.272558
dxf2,0,25.690152,5.103658
csxy,0,26.023067,5.349367
dzf2,0,106.620982,21.444515
dyf3,0,26.258147,5.217869
csyz,0,31.158427,6.407069
dxf3,0,25.586351,5.079601
dzf3,0,107.493066,21.624720
csxz,0,30.988405,6.373201
dxf,1,25.577542,5.077497
dzb,1,107.095950,21.536356
dyb,1,26.543238,5.274402
cvx,1,33.951836,6.804554
dyf,1,26.537270,5.274638
dzb2,1,107.099016,21.544465
dxb,1,25.420724,5.046837
cvy,1,33.419071,6.704462
dzf,1,106.800500,21.491869
dxb2,1,25.496552,5.046192
dyb2,1,26.856624,5.347945
cvz,1,37.330706,7.634608
dzb3,1,106.953261,21.516297
dxb3,1,25.447224,5.044676
dyb3,1,26.846926,5.346134
csxxsyyszz,1,89.682238,16.919638
dyf2,1,26.624803,5.287757
dxf2,1,25.653882,5.109517
csxy,1,26.078712,5.373262
dzf2,1,106.626800,21.485670
dyf3,1,26.249763,5.226984
csyz,1,31.199786,6.426328
dxf3,1,25.548186,5.079358
dzf3,1,107.123583,21.567588
csxz,1,30.988198,6.382600
dxf,2,25.511354,5.074397
dzb,2,107.093492,21.559933
dyb,2,26.562788,5.277338
cvx,2,33.937219,6.813745
dyf,2,26.522600,5.276932
dzb2,2,107.179569,21.575665
dxb,2,25.454609,5.052386
cvy,2,33.382510,6.711434
dzf,2,106.776584,21.504729
dxb2,2,25.512707,5.060729
dyb2,2,26.876799,5.353402
cvz,2,37.366109,7.648675
dzb3,2,107.085492,21.523938
dxb3,2,25.498895,5.053149
dyb3,2,26.852488,5.346402
csxxsyyszz,2,89.678744,16.900378
dyf2,2,26.672274,5.306592
dxf2,2,25.724946,5.118907
csxy,2,25.992337,5.366936
dzf2,2,106.647363,21.486357
dyf3,2,26.250129,5.243580
csyz,2,31.173504,6.419026
dxf3,2,25.533321,5.076402
dzf3,2,107.028725,21.567024
csxz,2,30.989119,6.392958
dxf,3,25.552380,5.080783
dzb,3,107.118545,21.564363
dyb,3,26.595858,5.272510
cvx,3,33.959402,6.798430
dyf,3,26.538020,5.284975
dzb2,3,107.145575,21.570787
dxb,3,25.469013,5.067862
cvy,3,33.373249,6.700395
dzf,3,106.965502,21.537578
dxb2,3,25.497939,5.045641
dyb2,3,26.852473,5.349396
cvz,3,37.401723,7.655006
dzb3,3,106.933647,21.528936
dxb3,3,25.492846,5.055491
dyb3,3,26.816190,5.338098
csxxsyyszz,3,89.661932,16.918147
dyf2,3,26.664461,5.294919
dxf2,3,25.711912,5.117980
csxy,3,25.997061,5.380790
dzf2,3,106.637332,21.492482
dyf3,3,26.243086,5.227412
csyz,3,31.175371,6.423071
dxf3,3,25.534319,5.078492
dzf3,3,106.947811,21.558277
csxz,3,30.984590,6.388877
dxf,4,25.500956,5.070558
dzb,4,107.153156,21.587305
dyb,4,26.625306,5.295226
cvx,4,34.166632,6.825971
dyf,4,26.518820,5.272391
dzb2,4,107.165736,21.580008
dxb,4,25.470413,5.054226
cvy,4,33.392933,6.702200
dzf,4,106.843794,21.516781
dxb2,4,25.480464,5.052564
dyb2,4,26.864958,5.359919
cvz,4,37.395777,7.656186
dzb3,4,106.975356,21.540800
dxb3,4,25.484264,5.065941
dyb3,4,26.834040,5.348240
csxxsyyszz,4,89.685873,16.915519
dyf2,4,26.539414,5.290348
dxf2,4,25.710421,5.124468
csxy,4,26.008405,5.354945
dzf2,4,106.699081,21.498753
dyf3,4,26.265567,5.228372
csyz,4,31.169659,6.422012
dxf3,4,25.518031,5.076316
dzf3,4,107.166638,21.596535
csxz,4,30.993047,6.440943
#========================= OptEWE [OpenMP] =========================
#Source type                                  :  Force monopole
#Grid Size                                    :  512 x 512 x 512
#Iterations                                   :  5
#Compute time                                 :  6.474826
#Total effective MLUPS                        :  103.645820
#===================================================================
#Number of threads                            :  24
