dxf,0,69.174237,8.983517
dzb,0,362.669870,45.942624
dyb,0,78.967665,10.167827
cvx,0,108.293768,13.824807
dyf,0,78.520808,10.122559
dzb2,0,362.441502,45.965099
dxb,0,70.970167,9.197290
cvy,0,350.218623,41.205906
dzf,0,361.681342,45.817328
dxb2,0,69.645197,9.038671
dyb2,0,79.294412,10.249170
cvz,0,110.886836,14.299080
dzb3,0,361.974326,45.865536
dxb3,0,69.319305,9.012242
dyb3,0,79.720771,10.296282
csxxsyyszz,0,296.803523,36.728439
dyf2,0,78.605311,10.134804
dxf2,0,68.888092,8.961479
csxy,0,69.209731,9.148113
dzf2,0,361.308069,45.835361
dyf3,0,80.241637,10.344688
csyz,0,78.884579,10.380224
dxf3,0,68.848614,8.958311
dzf3,0,361.341075,45.833203
csxz,0,78.131404,10.303823
dxf,1,68.914310,8.967474
dzb,1,363.634957,46.112149
dyb,1,79.737932,10.264413
cvx,1,108.283470,13.884524
dyf,1,79.267741,10.227373
dzb2,1,362.283040,45.934677
dxb,1,70.876729,9.194410
cvy,1,106.459454,13.781940
dzf,1,361.281730,45.907536
dxb2,1,69.736578,9.082575
dyb2,1,79.474189,10.271548
cvz,1,111.026047,14.352572
dzb3,1,361.826024,45.858208
dxb3,1,69.285256,9.010986
dyb3,1,79.186769,10.206294
csxxsyyszz,1,291.520601,36.157011
dyf2,1,79.324629,10.276334
dxf2,1,69.003865,9.009378
csxy,1,69.155976,9.153305
dzf2,1,361.370792,45.875797
dyf3,1,77.909643,10.070191
csyz,1,78.769925,10.428892
dxf3,1,68.796903,8.961411
dzf3,1,360.957030,46.085088
csxz,1,78.079497,10.298075
dxf,2,68.831400,9.052435
dzb,2,362.367955,46.049350
dyb,2,78.865689,10.168252
cvx,2,108.702305,13.884990
dyf,2,78.406651,10.184411
dzb2,2,362.174693,46.041084
dxb,2,70.877086,9.197163
cvy,2,105.482824,13.509811
dzf,2,361.279168,45.912435
dxb2,2,69.384113,9.106420
dyb2,2,79.415770,10.238139
cvz,2,110.895086,14.310416
dzb3,2,361.967524,45.984832
dxb3,2,69.389984,9.055026
dyb3,2,79.283341,10.224492
csxxsyyszz,2,296.731314,36.778750
dyf2,2,78.563974,10.143345
dxf2,2,68.855360,8.979108
csxy,2,69.162238,9.216477
dzf2,2,361.273372,45.897890
dyf3,2,78.681284,10.161565
csyz,2,78.823148,10.380885
dxf3,2,68.678784,9.025373
dzf3,2,361.147508,45.864986
csxz,2,78.129816,10.289941
dxf,3,68.920544,8.971732
dzb,3,362.515234,45.979803
dyb,3,78.719926,10.203824
cvx,3,108.647819,13.881487
dyf,3,78.534971,10.127575
dzb2,3,362.172556,45.954622
dxb,3,70.875430,9.290833
cvy,3,105.537493,13.517183
dzf,3,362.860982,46.052316
dxb2,3,69.419967,9.028629
dyb2,3,79.667795,10.351158
cvz,3,110.849152,14.301025
dzb3,3,361.794051,45.930526
dxb3,3,69.622756,9.440870
dyb3,3,78.996680,10.704790
csxxsyyszz,3,294.607407,36.584193
dyf2,3,78.197245,10.115058
dxf2,3,68.834778,8.987240
csxy,3,69.266763,9.194797
dzf2,3,361.654980,45.780114
dyf3,3,77.713959,10.032232
csyz,3,78.880477,10.400021
dxf3,3,68.868118,8.962570
dzf3,3,361.363905,45.820170
csxz,3,78.106994,10.324524
dxf,4,68.921443,8.970618
dzb,4,364.013141,46.168377
dyb,4,79.798298,10.273045
cvx,4,108.292657,13.853338
dyf,4,78.553093,10.134944
dzb2,4,362.262464,45.964164
dxb,4,71.040373,9.212501
cvy,4,105.450837,13.545505
dzf,4,361.510327,45.850189
dxb2,4,69.769321,9.069274
dyb2,4,79.730223,10.290243
cvz,4,110.822777,14.338686
dzb3,4,361.999621,45.877343
dxb3,4,69.418807,9.018212
dyb3,4,79.233314,10.212783
csxxsyyszz,4,295.316353,36.601453
dyf2,4,78.424165,10.113531
dxf2,4,68.847965,8.995478
csxy,4,69.168033,9.145524
dzf2,4,361.667296,45.806706
dyf3,4,78.739507,10.164163
csyz,4,78.863540,10.393845
dxf3,4,68.835854,8.985783
dzf3,4,361.087952,45.788786
csxz,4,78.000817,10.322151
#========================= OptEWE [OpenMP] =========================
#Source type                                  :  Force monopole
#Grid Size                                    :  512 x 512 x 512
#Iterations                                   :  5
#Compute time                                 :  19.786495
#Total effective MLUPS                        :  33.916499
#===================================================================
#Number of threads                            :  5
