dxf,0,62.480402,9.939875
dzb,0,341.202654,52.725259
dyb,0,74.347551,11.663516
cvx,0,116.359934,17.830803
dyf,0,73.754067,11.591803
dzb2,0,341.087973,52.793928
dxb,0,63.611021,10.095558
cvy,0,336.552874,48.048522
dzf,0,342.690443,52.958996
dxb2,0,65.841051,10.415415
dyb2,0,74.366511,11.681902
cvz,0,117.283687,18.206198
dzb3,0,341.605810,52.800505
dxb3,0,63.653062,10.106882
dyb3,0,74.469778,11.673382
csxxsyyszz,0,318.425585,47.365680
dyf2,0,74.125153,11.660447
dxf2,0,61.942259,9.877209
csxy,0,55.021090,9.100319
dzf2,0,340.707254,52.671024
dyf3,0,73.547952,11.537344
csyz,0,63.072213,10.373438
dxf3,0,61.789017,9.841249
dzf3,0,341.874916,52.773824
csxz,0,61.530377,10.358590
dxf,1,62.249488,9.914690
dzb,1,342.173373,52.819532
dyb,1,74.576712,11.723263
cvx,1,116.727792,17.847357
dyf,1,73.960028,11.596809
dzb2,1,342.476387,52.937614
dxb,1,63.633010,10.094765
cvy,1,114.429543,17.543356
dzf,1,342.667012,52.888884
dxb2,1,65.941434,10.408535
dyb2,1,74.301746,11.653153
cvz,1,117.384282,18.184206
dzb3,1,341.965247,52.762844
dxb3,1,63.758279,10.113289
dyb3,1,74.581167,11.672811
csxxsyyszz,1,317.441727,47.217341
dyf2,1,73.811978,11.588111
dxf2,1,61.848344,9.866406
csxy,1,55.072415,9.121972
dzf2,1,339.374616,52.540364
dyf3,1,72.815848,11.468127
csyz,1,63.037703,10.389704
dxf3,1,61.580665,9.846430
dzf3,1,340.576658,52.705357
csxz,1,61.570097,10.190584
dxf,2,62.244114,9.919791
dzb,2,341.098219,52.775749
dyb,2,74.377530,11.681186
cvx,2,119.673828,18.318626
dyf,2,74.121461,11.634997
dzb2,2,342.052993,52.859740
dxb,2,63.666699,10.102925
cvy,2,114.414727,17.559208
dzf,2,342.697515,52.926591
dxb2,2,65.543859,10.730116
dyb2,2,74.288968,12.165185
cvz,2,116.876260,18.861896
dzb3,2,339.845448,54.573721
dxb3,2,63.499869,10.463313
dyb3,2,74.247585,12.089412
csxxsyyszz,2,318.265660,47.641509
dyf2,2,73.966412,11.611000
dxf2,2,61.811466,9.860523
csxy,2,54.978396,9.104324
dzf2,2,339.944995,52.616705
dyf3,2,73.456289,11.558714
csyz,2,63.070623,10.384093
dxf3,2,61.827433,9.863070
dzf3,2,341.049292,52.776134
csxz,2,61.534239,10.176347
dxf,3,62.163504,9.913986
dzb,3,341.523069,52.825054
dyb,3,74.565305,11.691300
cvx,3,116.557191,17.858932
dyf,3,73.988136,11.625879
dzb2,3,343.184965,53.051172
dxb,3,63.880382,10.122338
cvy,3,114.422315,17.522643
dzf,3,342.013718,52.831424
dxb2,3,65.862194,10.409667
dyb2,3,74.591413,11.705085
cvz,3,117.138423,18.180572
dzb3,3,341.544287,52.785768
dxb3,3,63.698538,10.094626
dyb3,3,74.362072,11.643779
csxxsyyszz,3,316.454426,47.040501
dyf2,3,73.858680,11.601106
dxf2,3,61.966251,9.889518
csxy,3,55.015263,9.100200
dzf2,3,340.106869,52.614506
dyf3,3,73.721061,11.577892
csyz,3,62.956479,10.366915
dxf3,3,61.864829,9.866581
dzf3,3,341.073593,52.767216
csxz,3,61.487180,10.162708
dxf,4,62.049332,9.893475
dzb,4,341.504763,52.829441
dyb,4,74.429142,11.662728
cvx,4,116.617459,17.868413
dyf,4,74.136029,11.636430
dzb2,4,341.461355,52.819366
dxb,4,63.666317,10.115108
cvy,4,114.278335,17.565491
dzf,4,341.749927,52.862884
dxb2,4,65.598343,10.394889
dyb2,4,74.575563,11.722469
cvz,4,117.164858,18.195997
dzb3,4,341.314982,52.776201
dxb3,4,63.763632,10.129834
dyb3,4,74.279277,11.644620
csxxsyyszz,4,316.524696,47.105194
dyf2,4,74.143529,11.645168
dxf2,4,62.165577,9.937143
csxy,4,54.983846,9.103508
dzf2,4,340.776476,52.684216
dyf3,4,76.822939,12.083977
csyz,4,62.934914,10.366929
dxf3,4,61.768096,9.869904
dzf3,4,341.678376,52.868875
csxz,4,61.665581,10.231733
#========================= OptEWE [OpenMP] =========================
#Source type                                  :  Force monopole
#Grid Size                                    :  512 x 512 x 512
#Iterations                                   :  5
#Compute time                                 :  18.816353
#Total effective MLUPS                        :  35.665181
#===================================================================
#Number of threads                            :  5
