dxf,0,38.230551,8.785500
dzb,0,143.797591,34.559891
dyb,0,38.240839,8.910832
cvx,0,44.995342,10.923964
dyf,0,38.296191,8.951854
dzb2,0,144.011582,34.668691
dxb,0,37.821848,8.753818
cvy,0,178.906457,37.392318
dzf,0,143.384316,34.522369
dxb2,0,37.734153,8.736787
dyb2,0,38.511850,9.006718
cvz,0,52.140257,12.640874
dzb3,0,143.501575,34.590930
dxb3,0,37.755150,8.750119
dyb3,0,38.462041,9.006488
csxxsyyszz,0,86.005105,20.620945
dyf2,0,38.404108,8.978040
dxf2,0,38.010363,8.855820
csxy,0,37.022039,8.977132
dzf2,0,143.400520,34.617626
dyf3,0,38.163427,8.929407
csyz,0,44.186863,10.679052
dxf3,0,37.841177,8.806200
dzf3,0,143.481891,34.663121
csxz,0,43.996259,10.644650
dxf,1,37.865626,8.814559
dzb,1,143.733542,34.715986
dyb,1,38.198496,8.950265
cvx,1,44.994945,10.968007
dyf,1,38.260416,8.977687
dzb2,1,143.725415,34.723564
dxb,1,37.778284,8.780908
cvy,1,44.824830,10.921667
dzf,1,143.483702,34.670857
dxb2,1,37.803133,8.786684
dyb2,1,38.517564,9.032128
cvz,1,52.195294,12.676086
dzb3,1,143.471371,34.661569
dxb3,1,37.751788,8.779105
dyb3,1,38.490119,9.027256
csxxsyyszz,1,86.163583,20.690764
dyf2,1,38.390096,8.980403
dxf2,1,38.043397,8.875881
csxy,1,36.948289,8.986699
dzf2,1,143.366093,34.673707
dyf3,1,38.154505,8.957127
csyz,1,44.183180,10.692089
dxf3,1,37.850609,8.832536
dzf3,1,143.669816,34.744439
csxz,1,44.006519,10.642881
dxf,2,37.837858,8.819980
dzb,2,143.773225,34.756804
dyb,2,38.212212,8.918969
cvx,2,45.027156,10.970938
dyf,2,38.375508,9.012608
dzb2,2,143.680367,34.755537
dxb,2,37.763676,8.787196
cvy,2,44.778298,10.915683
dzf,2,143.377420,34.687323
dxb2,2,37.766875,8.787093
dyb2,2,38.492442,9.036582
cvz,2,52.184135,12.690046
dzb3,2,143.493683,34.702214
dxb3,2,37.741645,8.787755
dyb3,2,38.534595,9.043708
csxxsyyszz,2,88.257212,21.124241
dyf2,2,38.483081,9.011414
dxf2,2,38.029203,8.879819
csxy,2,36.971735,9.003955
dzf2,2,143.308516,34.691037
dyf3,2,38.002566,8.930722
csyz,2,44.172924,10.705572
dxf3,2,37.854363,8.834504
dzf3,2,143.538562,34.755387
csxz,2,44.008072,10.667772
dxf,3,37.841294,8.832788
dzb,3,143.781232,34.820963
dyb,3,38.253105,8.949911
cvx,3,44.942356,10.994512
dyf,3,38.344723,9.019158
dzb2,3,143.791914,34.800617
dxb,3,37.764457,8.802023
cvy,3,44.828843,10.940796
dzf,3,143.327441,34.683757
dxb2,3,37.717928,8.789607
dyb2,3,38.575275,9.057836
cvz,3,52.225126,12.699289
dzb3,3,143.486025,34.720896
dxb3,3,37.816552,8.809438
dyb3,3,38.485849,9.041168
csxxsyyszz,3,86.141643,20.716086
dyf2,3,38.999757,9.131915
dxf2,3,38.025506,8.878718
csxy,3,37.029738,9.010451
dzf2,3,143.339391,34.713957
dyf3,3,38.127865,8.948133
csyz,3,44.199262,10.712436
dxf3,3,37.824060,8.828038
dzf3,3,143.577204,34.781453
csxz,3,43.987957,10.664147
dxf,4,37.862999,8.842224
dzb,4,143.625323,34.784443
dyb,4,38.198558,8.972722
cvx,4,44.932010,10.985144
dyf,4,38.194691,8.993895
dzb2,4,143.843706,34.836093
dxb,4,37.775952,8.806397
cvy,4,44.919714,10.957602
dzf,4,143.294500,34.701727
dxb2,4,37.772067,8.800891
dyb2,4,38.511715,9.051817
cvz,4,52.173659,12.695590
dzb3,4,143.448361,34.723777
dxb3,4,37.759181,8.803335
dyb3,4,38.521161,9.050667
csxxsyyszz,4,86.112031,20.710677
dyf2,4,38.472336,9.027654
dxf2,4,38.074813,8.898797
csxy,4,36.975659,9.011600
dzf2,4,143.423403,34.744318
dyf3,4,38.168101,8.972247
csyz,4,44.189834,10.717956
dxf3,4,37.821228,8.836227
dzf3,4,143.606754,34.804581
csxz,4,43.958176,10.699237
#========================= OptEWE [OpenMP] =========================
#Source type                                  :  Force monopole
#Grid Size                                    :  512 x 512 x 512
#Iterations                                   :  5
#Compute time                                 :  8.496322
#Total effective MLUPS                        :  78.985785
#===================================================================
#Number of threads                            :  15
