dxf,0,26.480834,5.615592
dzb,0,97.988934,22.022641
dyb,0,25.501815,5.527636
cvx,0,30.663343,6.910631
dyf,0,25.650114,5.575100
dzb2,0,97.942796,22.043435
dxb,0,25.060815,5.401650
cvy,0,261.199732,45.738753
dzf,0,97.540977,21.897087
dxb2,0,25.045026,5.411001
dyb2,0,25.789472,5.614463
cvz,0,35.585060,8.073480
dzb3,0,98.006388,22.009784
dxb3,0,25.008004,5.403928
dyb3,0,25.789387,5.627698
csxxsyyszz,0,72.774700,15.529899
dyf2,0,25.720052,5.593159
dxf2,0,25.282487,5.491684
csxy,0,24.937392,5.670739
dzf2,0,97.601539,21.994482
dyf3,0,25.437010,5.552687
csyz,0,29.844766,6.796183
dxf3,0,25.133673,5.455985
dzf3,0,97.717081,22.037545
csxz,0,29.600013,6.743790
dxf,1,25.160083,5.459388
dzb,1,97.909513,22.096025
dyb,1,25.487951,5.547523
cvx,1,30.698913,6.939153
dyf,1,25.582808,5.576104
dzb2,1,97.879475,22.082820
dxb,1,25.103397,5.442672
cvy,1,30.533506,6.899857
dzf,1,97.623784,22.012314
dxb2,1,25.020782,5.421285
dyb2,1,25.782415,5.633696
cvz,1,35.566628,8.098136
dzb3,1,97.682365,22.021699
dxb3,1,25.060047,5.435246
dyb3,1,25.874573,5.655870
csxxsyyszz,1,72.800462,15.559008
dyf2,1,25.716131,5.599211
dxf2,1,25.290245,5.497935
csxy,1,24.940859,5.687835
dzf2,1,97.574088,22.014291
dyf3,1,25.415742,5.555928
csyz,1,29.783738,6.792974
dxf3,1,25.144415,5.467048
dzf3,1,97.681545,22.053828
csxz,1,29.608984,6.756460
dxf,2,25.137020,5.461250
dzb,2,97.995136,22.129454
dyb,2,25.568296,5.567023
cvx,2,30.625604,6.928923
dyf,2,25.554794,5.580883
dzb2,2,98.025963,22.110123
dxb,2,25.022926,5.427079
cvy,2,30.531832,6.910451
dzf,2,97.600508,22.022839
dxb2,2,25.008822,5.423093
dyb2,2,25.807993,5.645020
cvz,2,35.550413,8.103212
dzb3,2,97.768337,22.055154
dxb3,2,25.042826,5.431626
dyb3,2,25.809965,5.649275
csxxsyyszz,2,72.755167,15.571572
dyf2,2,25.689449,5.600062
dxf2,2,25.329705,5.514253
csxy,2,24.917465,5.685974
dzf2,2,97.512039,22.030456
dyf3,2,25.447592,5.573494
csyz,2,29.831979,6.809630
dxf3,2,25.145704,5.467910
dzf3,2,97.683427,22.071027
csxz,2,29.628016,6.761639
dxf,3,25.181680,5.471419
dzb,3,97.923906,22.136119
dyb,3,25.975191,5.667281
cvx,3,30.626033,6.930336
dyf,3,25.567738,5.586195
dzb2,3,97.842840,22.106675
dxb,3,25.055816,5.439780
cvy,3,30.531453,6.922888
dzf,3,99.513850,22.362289
dxb2,3,25.050118,5.398068
dyb2,3,25.818961,5.644551
cvz,3,35.599075,8.123925
dzb3,3,97.849694,22.085614
dxb3,3,25.009883,5.428534
dyb3,3,25.857779,5.653276
csxxsyyszz,3,72.707396,15.546978
dyf2,3,25.709527,5.597059
dxf2,3,25.277035,5.502202
csxy,3,24.934453,5.698002
dzf2,3,97.591777,22.052291
dyf3,3,25.422149,5.565920
csyz,3,29.852464,6.824297
dxf3,3,25.144123,5.469079
dzf3,3,97.748548,22.106969
csxz,3,29.674527,6.771775
dxf,4,25.150132,5.474229
dzb,4,97.938252,22.140227
dyb,4,25.598594,5.582390
cvx,4,30.638047,6.956033
dyf,4,25.613649,5.598954
dzb2,4,97.949575,22.132398
dxb,4,24.995014,5.437737
cvy,4,30.488845,6.903460
dzf,4,97.426341,22.007896
dxb2,4,25.081324,5.454259
dyb2,4,25.839554,5.650608
cvz,4,35.620623,8.115364
dzb3,4,97.757697,22.072873
dxb3,4,25.060817,5.441330
dyb3,4,25.844851,5.650809
csxxsyyszz,4,72.759070,15.564541
dyf2,4,25.713722,5.618567
dxf2,4,25.284971,5.505568
csxy,4,24.947751,5.694324
dzf2,4,97.579720,22.059546
dyf3,4,25.435385,5.569996
csyz,4,29.824892,6.812462
dxf3,4,25.178134,5.474962
dzf3,4,97.742355,22.106309
csxz,4,29.627595,6.840006
#========================= OptEWE [OpenMP] =========================
#Source type                                  :  Force monopole
#Grid Size                                    :  512 x 512 x 512
#Iterations                                   :  5
#Compute time                                 :  5.960212
#Total effective MLUPS                        :  112.594755
#===================================================================
#Number of threads                            :  23
