dxf,0,59.062175,8.208432
dzb,0,264.565915,36.617140
dyb,0,62.271820,8.659067
cvx,0,77.095704,10.832068
dyf,0,61.361912,8.554142
dzb2,0,262.099328,36.334759
dxb,0,58.540890,8.135110
cvy,0,274.446885,34.424314
dzf,0,263.594063,36.496587
dxb2,0,58.652995,8.156187
dyb2,0,62.474709,8.710097
cvz,0,85.159122,12.040349
dzb3,0,261.847741,36.278481
dxb3,0,60.216900,8.340283
dyb3,0,62.168385,8.675889
csxxsyyszz,0,204.371653,27.576283
dyf2,0,61.492886,8.577159
dxf2,0,59.029329,8.244994
csxy,0,60.936902,8.646283
dzf2,0,263.944438,36.540990
dyf3,0,61.622479,8.594257
csyz,0,70.504330,9.970977
dxf3,0,59.100872,8.209087
dzf3,0,262.774075,36.418968
csxz,0,70.093810,9.919612
dxf,1,58.492176,8.165264
dzb,1,264.957168,36.660210
dyb,1,61.728337,8.628617
cvx,1,77.150478,10.821575
dyf,1,61.343464,8.558508
dzb2,1,261.959566,36.334812
dxb,1,58.543390,8.148508
cvy,1,76.357927,10.714706
dzf,1,263.387681,36.503792
dxb2,1,58.774399,8.171723
dyb2,1,62.387118,8.724814
cvz,1,85.171172,12.043154
dzb3,1,261.989375,36.348784
dxb3,1,60.139827,8.346220
dyb3,1,62.286939,8.678079
csxxsyyszz,1,204.336115,27.618480
dyf2,1,61.924152,8.627238
dxf2,1,59.161288,8.212629
csxy,1,60.795304,8.613689
dzf2,1,263.971097,36.562611
dyf3,1,61.463027,8.579214
csyz,1,70.450529,9.995658
dxf3,1,58.982784,8.197624
dzf3,1,262.713926,36.435634
csxz,1,70.210119,9.937779
dxf,2,58.648590,8.158141
dzb,2,264.656920,36.663564
dyb,2,62.038731,8.632713
cvx,2,77.110823,10.814427
dyf,2,61.788564,8.655548
dzb2,2,262.018753,36.303615
dxb,2,58.416548,8.157140
cvy,2,76.397761,10.713561
dzf,2,263.324424,36.466209
dxb2,2,58.730931,8.176691
dyb2,2,63.954036,8.896744
cvz,2,85.207300,12.039448
dzb3,2,261.820113,36.301905
dxb3,2,60.218523,8.345486
dyb3,2,62.224856,8.672224
csxxsyyszz,2,204.282259,27.574757
dyf2,2,61.401683,8.557007
dxf2,2,59.006090,8.249003
csxy,2,60.821994,8.618329
dzf2,2,264.999726,36.733718
dyf3,2,61.524150,8.587257
csyz,2,70.500041,9.972696
dxf3,2,59.114934,8.207285
dzf3,2,263.221285,36.869231
csxz,2,70.142487,10.047667
dxf,3,58.553411,8.249443
dzb,3,264.722996,37.087591
dyb,3,62.220622,8.790485
cvx,3,77.106160,10.946146
dyf,3,61.869411,8.735862
dzb2,3,261.890053,36.726220
dxb,3,58.531119,8.139849
cvy,3,76.340840,10.717569
dzf,3,263.268872,36.481241
dxb2,3,58.745129,8.165817
dyb2,3,62.293354,8.718879
cvz,3,85.403986,12.075951
dzb3,3,261.958700,36.308795
dxb3,3,60.255029,8.348115
dyb3,3,62.342665,8.684382
csxxsyyszz,3,204.375009,27.594594
dyf2,3,61.897029,8.632425
dxf2,3,59.062187,8.215574
csxy,3,60.724921,8.603350
dzf2,3,265.401456,36.729150
dyf3,3,61.618505,8.606173
csyz,3,70.530721,9.997485
dxf3,3,59.072993,8.215504
dzf3,3,262.822040,36.438060
csxz,3,70.187342,9.936261
dxf,4,58.480796,8.134313
dzb,4,264.795437,36.675287
dyb,4,62.164543,8.651556
cvx,4,77.189796,10.821838
dyf,4,61.952318,8.651567
dzb2,4,261.978408,36.292351
dxb,4,58.514541,8.163266
cvy,4,76.344066,10.718021
dzf,4,263.417089,36.481899
dxb2,4,58.625052,8.154134
dyb2,4,62.262521,8.686351
cvz,4,85.374038,12.071104
dzb3,4,261.729599,36.271940
dxb3,4,60.099831,8.329037
dyb3,4,62.124305,8.671800
csxxsyyszz,4,201.404470,27.245783
dyf2,4,61.477846,8.586650
dxf2,4,59.144429,8.245073
csxy,4,60.821538,8.614708
dzf2,4,263.791200,36.533836
dyf3,4,61.058444,8.533886
csyz,4,70.479133,9.974755
dxf3,4,58.988861,8.195519
dzf3,4,262.796994,36.429610
csxz,4,70.174964,9.968150
#========================= OptEWE [OpenMP] =========================
#Source type                                  :  Force monopole
#Grid Size                                    :  512 x 512 x 512
#Iterations                                   :  5
#Compute time                                 :  14.944557
#Total effective MLUPS                        :  44.905221
#===================================================================
#Number of threads                            :  7
