dxf,0,43.324340,7.113255
dzb,0,178.400614,29.804671
dyb,0,43.468615,7.215911
cvx,0,54.488333,9.210231
dyf,0,43.482780,7.234810
dzb2,0,178.382418,29.839042
dxb,0,42.642418,7.049930
cvy,0,280.331825,40.413634
dzf,0,177.675892,29.723861
dxb2,0,42.623808,7.055814
dyb2,0,45.864138,7.592466
cvz,0,63.180309,10.639442
dzb3,0,178.273661,29.826792
dxb3,0,42.682512,7.071231
dyb3,0,43.738183,7.296865
csxxsyyszz,0,125.420849,20.544206
dyf2,0,43.634294,7.261958
dxf2,0,42.893978,7.115526
csxy,0,43.771481,7.442611
dzf2,0,177.782117,29.781856
dyf3,0,43.078742,7.197979
csyz,0,52.809063,8.926687
dxf3,0,42.684404,7.082094
dzf3,0,177.870818,29.807770
csxz,0,52.590381,8.870366
dxf,1,42.701716,7.087878
dzb,1,178.357080,29.888806
dyb,1,43.301540,7.209345
cvx,1,54.024166,9.157216
dyf,1,43.245180,7.213056
dzb2,1,178.285263,29.889523
dxb,1,42.651412,7.072622
cvy,1,54.026095,9.144881
dzf,1,177.668303,29.775817
dxb2,1,42.652802,7.067642
dyb2,1,43.735639,7.302151
cvz,1,63.140508,10.677910
dzb3,1,178.248914,29.853226
dxb3,1,42.691005,7.077974
dyb3,1,43.701409,7.298742
csxxsyyszz,1,123.228869,20.247735
dyf2,1,43.417541,7.234086
dxf2,1,42.952361,7.132654
csxy,1,43.769766,7.444021
dzf2,1,178.162411,29.855318
dyf3,1,43.413585,7.243195
csyz,1,52.881557,8.938452
dxf3,1,42.630193,7.073342
dzf3,1,177.889282,29.824653
csxz,1,52.671913,8.884727
dxf,2,42.552434,7.067089
dzb,2,178.371438,29.897653
dyb,2,43.549079,7.243058
cvx,2,54.063727,9.158974
dyf,2,43.494435,7.261637
dzb2,2,178.205753,29.861096
dxb,2,42.665126,7.060351
cvy,2,53.948555,9.148449
dzf,2,177.626343,29.774739
dxb2,2,42.647485,7.069063
dyb2,2,43.773081,7.302809
cvz,2,63.142175,10.663499
dzb3,2,178.031916,29.794506
dxb3,2,42.663803,7.060859
dyb3,2,43.794245,7.300622
csxxsyyszz,2,125.595741,20.720206
dyf2,2,45.518690,7.727766
dxf2,2,42.998344,7.319368
csxy,2,43.737499,7.452991
dzf2,2,177.814335,29.818048
dyf3,2,43.296388,7.215223
csyz,2,52.786245,8.928818
dxf3,2,42.590593,7.079718
dzf3,2,178.198863,29.886795
csxz,2,52.604878,8.880239
dxf,3,42.641230,7.084743
dzb,3,178.373214,29.909099
dyb,3,43.294904,7.209804
cvx,3,53.948446,9.164002
dyf,3,43.453850,7.250395
dzb2,3,178.382321,29.922271
dxb,3,42.728969,7.084511
cvy,3,53.917974,9.143998
dzf,3,177.570266,29.794231
dxb2,3,42.598135,7.060762
dyb2,3,43.786476,7.316233
cvz,3,63.287484,10.702522
dzb3,3,178.147233,29.863290
dxb3,3,42.649940,7.069349
dyb3,3,43.686845,7.294247
csxxsyyszz,3,124.564285,20.474018
dyf2,3,43.340718,7.240187
dxf2,3,42.835036,7.128261
csxy,3,43.787475,7.451047
dzf2,3,177.850328,29.816010
dyf3,3,43.344722,7.233391
csyz,3,52.817063,8.930240
dxf3,3,42.637810,7.078845
dzf3,3,178.045925,29.859166
csxz,3,52.618811,8.888803
dxf,4,42.677986,7.086970
dzb,4,180.261936,30.157846
dyb,4,43.271544,7.199664
cvx,4,53.975990,9.159357
dyf,4,43.436014,7.247419
dzb2,4,178.461548,29.900612
dxb,4,42.588560,7.047197
cvy,4,53.898118,9.136711
dzf,4,177.627045,29.777089
dxb2,4,42.707692,7.086322
dyb2,4,43.791197,7.315198
cvz,4,63.308639,10.690881
dzb3,4,178.260685,29.851484
dxb3,4,42.677280,7.080064
dyb3,4,43.751915,7.309243
csxxsyyszz,4,125.432027,20.573815
dyf2,4,43.635959,7.275447
dxf2,4,42.884745,7.122035
csxy,4,43.782560,7.448386
dzf2,4,177.745696,29.799214
dyf3,4,43.390029,7.244809
csyz,4,52.800831,8.925785
dxf3,4,42.624229,7.076227
dzf3,4,178.068782,29.856198
csxz,4,52.608207,8.902778
#========================= OptEWE [OpenMP] =========================
#Source type                                  :  Force monopole
#Grid Size                                    :  512 x 512 x 512
#Iterations                                   :  5
#Compute time                                 :  10.388732
#Total effective MLUPS                        :  64.597743
#===================================================================
#Number of threads                            :  15
