dxf,0,59.330556,8.465911
dzb,0,297.663844,41.569029
dyb,0,66.781384,9.460737
cvx,0,92.961509,13.057754
dyf,0,66.449066,9.442241
dzb2,0,297.585935,41.611271
dxb,0,61.249379,8.688297
cvy,0,288.788880,37.015016
dzf,0,295.976911,41.469279
dxb2,0,59.335490,8.482057
dyb2,0,67.287840,9.572183
cvz,0,94.693586,13.495562
dzb3,0,298.148266,41.766596
dxb3,0,59.303106,8.489337
dyb3,0,67.289193,9.559088
csxxsyyszz,0,252.324451,34.228457
dyf2,0,66.331779,9.449108
dxf2,0,58.977921,8.455099
csxy,0,57.214673,8.412981
dzf2,0,299.109310,41.911076
dyf3,0,65.935702,9.395591
csyz,0,65.191249,9.540544
dxf3,0,58.355982,8.365695
dzf3,0,295.931307,41.446823
csxz,0,63.778165,9.334793
dxf,1,59.071516,8.430522
dzb,1,297.507788,41.588404
dyb,1,67.359449,9.547103
cvx,1,92.995471,13.059927
dyf,1,66.297248,9.419084
dzb2,1,297.581493,41.584898
dxb,1,61.317311,8.707058
cvy,1,90.658154,12.750650
dzf,1,296.380551,41.433975
dxb2,1,59.404963,8.483710
dyb2,1,67.453891,9.569898
cvz,1,94.824900,13.481310
dzb3,1,297.097480,41.564831
dxb3,1,59.345041,8.483908
dyb3,1,67.473970,9.588393
csxxsyyszz,1,252.839928,34.274865
dyf2,1,66.190327,9.426403
dxf2,1,58.958104,8.446608
csxy,1,57.254692,8.418866
dzf2,1,297.988884,41.749213
dyf3,1,65.911282,9.393095
csyz,1,65.164780,9.545060
dxf3,1,58.295496,8.356538
dzf3,1,295.454917,41.440038
csxz,1,63.760064,9.360958
dxf,2,59.042650,8.452173
dzb,2,296.958325,41.629346
dyb,2,66.572880,9.466688
cvx,2,92.920504,13.091288
dyf,2,66.287334,9.453134
dzb2,2,297.039707,41.631629
dxb,2,61.163038,8.719131
cvy,2,90.553176,12.781408
dzf,2,295.857192,41.484258
dxb2,2,59.446421,8.495722
dyb2,2,67.485375,9.600895
cvz,2,94.753527,13.494358
dzb3,2,296.695228,41.571929
dxb3,2,59.329443,8.487636
dyb3,2,67.317241,9.572341
csxxsyyszz,2,252.738025,34.289285
dyf2,2,66.287390,9.437423
dxf2,2,58.819509,8.433002
csxy,2,57.201006,8.414122
dzf2,2,298.231347,41.719209
dyf3,2,66.809218,9.497348
csyz,2,65.121348,9.499090
dxf3,2,58.345027,8.345527
dzf3,2,296.021927,41.414385
csxz,2,63.735971,9.326288
dxf,3,58.969186,8.427188
dzb,3,297.660175,41.591786
dyb,3,67.430675,9.549991
cvx,3,93.037054,13.059954
dyf,3,66.339247,9.425904
dzb2,3,297.446371,41.596730
dxb,3,61.203051,8.701884
cvy,3,90.700542,12.756242
dzf,3,296.249854,41.453481
dxb2,3,59.354106,8.486177
dyb2,3,67.343409,9.569352
cvz,3,94.708161,13.483951
dzb3,3,298.222132,41.760168
dxb3,3,59.239256,8.477162
dyb3,3,67.216090,9.548581
csxxsyyszz,3,252.875534,34.278572
dyf2,3,66.281551,9.424895
dxf2,3,58.796827,8.418725
csxy,3,57.185809,8.406193
dzf2,3,298.076044,41.737724
dyf3,3,66.588911,9.491857
csyz,3,66.382117,9.690935
dxf3,3,58.386128,8.370989
dzf3,3,295.854006,41.476838
csxz,3,63.822070,9.365152
dxf,4,59.074191,8.438409
dzb,4,297.703895,41.614448
dyb,4,66.814758,9.474185
cvx,4,93.007722,13.072969
dyf,4,66.972802,9.514693
dzb2,4,297.601912,41.598202
dxb,4,61.197136,8.684893
cvy,4,90.762735,12.762893
dzf,4,296.139812,41.455473
dxb2,4,59.368734,8.477563
dyb2,4,67.298487,9.547607
cvz,4,94.813084,13.490371
dzb3,4,297.198595,41.582829
dxb3,4,59.280001,8.465257
dyb3,4,67.418820,9.589838
csxxsyyszz,4,253.206867,34.314743
dyf2,4,66.330520,9.453562
dxf2,4,58.982399,8.444559
csxy,4,57.232055,8.408625
dzf2,4,298.350280,41.802478
dyf3,4,65.883153,9.377287
csyz,4,65.118039,9.543194
dxf3,4,58.344084,8.366055
dzf3,4,296.018808,41.495404
csxz,4,63.780450,9.374440
#========================= OptEWE [OpenMP] =========================
#Source type                                  :  Force monopole
#Grid Size                                    :  512 x 512 x 512
#Iterations                                   :  5
#Compute time                                 :  16.485023
#Total effective MLUPS                        :  40.708989
#===================================================================
#Number of threads                            :  5
