dxf,0,30.482336,5.588031
dzb,0,126.932101,23.554209
dyb,0,31.075366,5.748589
cvx,0,40.926072,7.544039
dyf,0,30.884407,5.732918
dzb2,0,126.930564,23.582806
dxb,0,29.248871,5.403847
cvy,0,319.949863,48.270565
dzf,0,126.417572,23.473915
dxb2,0,29.194601,5.420543
dyb2,0,31.341295,5.828887
cvz,0,43.331360,8.187701
dzb3,0,126.908802,23.600327
dxb3,0,29.293735,5.421113
dyb3,0,31.288556,5.811257
csxxsyyszz,0,109.827569,19.214877
dyf2,0,30.956432,5.755599
dxf2,0,29.468605,5.484369
csxy,0,29.588129,5.692016
dzf2,0,126.483105,23.551672
dyf3,0,30.731827,5.712878
csyz,0,35.485907,6.814373
dxf3,0,29.226332,5.444465
dzf3,0,126.534428,23.571114
csxz,0,35.322933,6.777468
dxf,1,29.238591,5.446631
dzb,1,126.800585,23.619828
dyb,1,31.052805,5.776763
cvx,1,40.912537,7.566019
dyf,1,30.922729,5.762740
dzb2,1,126.960264,23.644489
dxb,1,29.258076,5.444479
cvy,1,40.223892,7.451595
dzf,1,126.371401,23.537783
dxb2,1,29.195809,5.439367
dyb2,1,31.561237,5.876487
cvz,1,43.336910,8.196093
dzb3,1,126.918894,23.632198
dxb3,1,29.278891,5.447526
dyb3,1,31.227224,5.808618
csxxsyyszz,1,109.822537,19.240957
dyf2,1,31.001425,5.767439
dxf2,1,29.397615,5.479929
csxy,1,29.591688,5.701173
dzf2,1,126.352183,23.552836
dyf3,1,30.711971,5.715906
csyz,1,35.483369,6.823116
dxf3,1,29.202606,5.436277
dzf3,1,126.565202,23.609601
csxz,1,35.279089,6.779663
dxf,2,29.235754,5.455061
dzb,2,126.925699,23.662222
dyb,2,31.062463,5.789266
cvx,2,40.906141,7.568853
dyf,2,30.912930,5.762846
dzb2,2,126.857895,23.638804
dxb,2,29.267448,5.433950
cvy,2,40.223456,7.460852
dzf,2,126.435158,23.568426
dxb2,2,29.222933,5.423918
dyb2,2,31.273676,5.840122
cvz,2,43.453930,8.231260
dzb3,2,126.932529,23.650480
dxb3,2,29.322486,5.467698
dyb3,2,31.275009,5.824852
csxxsyyszz,2,109.756084,19.249461
dyf2,2,30.989054,5.796527
dxf2,2,29.402974,5.514599
csxy,2,29.563728,5.709733
dzf2,2,126.488583,23.616307
dyf3,2,30.703706,5.761502
csyz,2,35.503057,6.848012
dxf3,2,29.237264,5.463124
dzf3,2,126.668016,23.674054
csxz,2,35.297437,6.816817
dxf,3,29.267929,5.475699
dzb,3,126.849669,23.680256
dyb,3,31.028894,5.803461
cvx,3,40.920505,7.591606
dyf,3,30.939319,5.794958
dzb2,3,126.811153,23.669846
dxb,3,29.193010,5.452854
cvy,3,40.262123,7.482643
dzf,3,126.478148,23.613741
dxb2,3,29.229726,5.456294
dyb2,3,31.411217,5.884249
cvz,3,43.374655,8.239497
dzb3,3,127.058165,23.696347
dxb3,3,29.260327,5.458113
dyb3,3,31.267756,5.826343
csxxsyyszz,3,109.462496,19.219296
dyf2,3,30.990849,5.785362
dxf2,3,29.405069,5.499815
csxy,3,29.563110,5.715336
dzf2,3,126.406612,23.606187
dyf3,3,30.723588,5.778315
csyz,3,35.499833,6.839474
dxf3,3,29.197394,5.460619
dzf3,3,126.517317,23.632545
csxz,3,35.309305,6.826505
dxf,4,29.185560,5.459583
dzb,4,126.864704,23.672656
dyb,4,30.942467,5.785032
cvx,4,40.903198,7.587178
dyf,4,31.246168,5.841731
dzb2,4,126.797581,23.659512
dxb,4,29.222425,5.469071
cvy,4,40.239412,7.480099
dzf,4,126.471240,23.603312
dxb2,4,29.240003,5.467409
dyb2,4,31.221741,5.846862
cvz,4,43.415745,8.239585
dzb3,4,126.846741,23.669428
dxb3,4,29.300636,5.480282
dyb3,4,31.349375,5.839771
csxxsyyszz,4,109.783114,19.256675
dyf2,4,31.014935,5.801437
dxf2,4,29.443204,5.514664
csxy,4,29.628029,5.724063
dzf2,4,126.322248,23.583894
dyf3,4,30.710241,5.780483
csyz,4,35.594131,6.859205
dxf3,4,29.209900,5.463665
dzf3,4,126.680966,23.662618
csxz,4,35.302850,6.886997
#========================= OptEWE [OpenMP] =========================
#Source type                                  :  Force monopole
#Grid Size                                    :  512 x 512 x 512
#Iterations                                   :  5
#Compute time                                 :  7.565280
#Total effective MLUPS                        :  88.706380
#===================================================================
#Number of threads                            :  21
