dxf,0,48.834523,9.049525
dzb,0,186.576264,35.834923
dyb,0,49.785404,9.298644
cvx,0,57.675727,11.149622
dyf,0,49.514152,9.322981
dzb2,0,184.698659,35.540837
dxb,0,48.467298,9.019037
cvy,0,190.623642,32.306363
dzf,0,184.411966,35.450845
dxb2,0,48.056369,8.957587
dyb2,0,49.993338,9.375344
cvz,0,65.828468,12.826849
dzb3,0,184.706918,35.545902
dxb3,0,48.026848,8.950883
dyb3,0,50.138612,9.406413
csxxsyyszz,0,134.935623,25.096413
dyf2,0,49.544245,9.296832
dxf2,0,48.223899,9.006777
csxy,0,46.938551,9.118180
dzf2,0,185.382799,35.668220
dyf3,0,49.020656,9.233305
csyz,0,56.147681,10.871231
dxf3,0,48.289488,9.008645
dzf3,0,184.652126,35.534985
csxz,0,55.350621,10.758291
dxf,1,48.336655,9.040042
dzb,1,186.533592,35.838634
dyb,1,49.754457,9.323717
cvx,1,57.650894,11.134684
dyf,1,49.331896,9.276452
dzb2,1,184.819889,35.569754
dxb,1,48.563185,9.045621
cvy,1,58.117979,11.203088
dzf,1,184.930385,35.604815
dxb2,1,48.162632,8.987147
dyb2,1,50.025824,9.367456
cvz,1,65.852633,12.852320
dzb3,1,184.747691,35.553252
dxb3,1,48.025556,8.961929
dyb3,1,50.068893,9.372511
csxxsyyszz,1,134.805070,25.086628
dyf2,1,49.902328,9.433741
dxf2,1,48.238392,9.278896
csxy,1,46.999509,9.379951
dzf2,1,185.082887,36.577871
dyf3,1,48.971287,9.485616
csyz,1,55.435377,11.016322
dxf3,1,48.182780,9.246275
dzf3,1,184.276081,36.397126
csxz,1,55.258138,10.930811
dxf,2,48.254720,9.031715
dzb,2,186.533073,35.820922
dyb,2,49.778563,9.307371
cvx,2,57.649506,11.142599
dyf,2,49.392442,9.307085
dzb2,2,184.751134,35.535911
dxb,2,48.481360,9.054621
cvy,2,58.046631,11.200097
dzf,2,185.720524,35.732826
dxb2,2,48.010540,8.953725
dyb2,2,50.080489,9.382989
cvz,2,65.838205,12.851838
dzb3,2,184.876709,35.548634
dxb3,2,48.029727,8.962107
dyb3,2,50.020637,9.395342
csxxsyyszz,2,134.767258,25.069806
dyf2,2,49.513585,9.290714
dxf2,2,48.229213,9.007890
csxy,2,46.853526,9.105446
dzf2,2,185.270737,35.651984
dyf3,2,48.668322,9.142952
csyz,2,55.320432,10.735803
dxf3,2,48.314668,9.047042
dzf3,2,184.505694,35.511517
csxz,2,55.279584,10.736968
dxf,3,48.305623,9.035687
dzb,3,186.590060,35.851344
dyb,3,49.853303,9.319757
cvx,3,57.640600,11.134894
dyf,3,49.379180,9.304949
dzb2,3,184.772410,35.548572
dxb,3,48.486395,9.039318
cvy,3,58.065751,11.226650
dzf,3,184.302264,35.487722
dxb2,3,48.000169,8.970871
dyb2,3,49.988571,9.360727
cvz,3,65.849333,12.863962
dzb3,3,184.801829,35.559075
dxb3,3,48.020090,8.993202
dyb3,3,50.064814,9.404482
csxxsyyszz,3,134.896247,25.100620
dyf2,3,49.564066,9.296056
dxf2,3,48.326214,9.013080
csxy,3,46.953535,9.148480
dzf2,3,185.317125,35.689897
dyf3,3,49.069779,9.227283
csyz,3,55.585330,10.768804
dxf3,3,48.202745,9.025843
dzf3,3,184.630377,35.529683
csxz,3,55.284439,10.746882
dxf,4,48.363558,9.053779
dzb,4,186.457895,35.822726
dyb,4,49.779005,9.308186
cvx,4,57.593186,11.126710
dyf,4,49.422373,9.311151
dzb2,4,184.846653,35.561986
dxb,4,48.510421,9.046223
cvy,4,58.082194,11.225352
dzf,4,184.408155,35.486424
dxb2,4,48.033708,8.962249
dyb2,4,50.127992,9.381887
cvz,4,65.860388,12.863172
dzb3,4,184.873205,35.562994
dxb3,4,47.979726,8.975513
dyb3,4,49.973460,9.364634
csxxsyyszz,4,134.942856,25.085975
dyf2,4,49.277663,9.248741
dxf2,4,48.214815,9.008576
csxy,4,46.935740,9.124845
dzf2,4,185.550872,35.714573
dyf3,4,48.804074,9.177972
csyz,4,55.586991,10.777903
dxf3,4,48.222249,9.027084
dzf3,4,184.637604,35.552540
csxz,4,55.356044,10.768416
#========================= OptEWE [OpenMP] =========================
#Source type                                  :  Force monopole
#Grid Size                                    :  512 x 512 x 512
#Iterations                                   :  5
#Compute time                                 :  10.994295
#Total effective MLUPS                        :  61.039715
#===================================================================
#Number of threads                            :  9
