dxf,0,36.769599,6.485601
dzb,0,153.335280,27.291824
dyb,0,38.398194,6.776561
cvx,0,48.664163,8.636429
dyf,0,38.097794,6.754501
dzb2,0,153.319611,27.314135
dxb,0,37.759154,6.692810
cvy,0,291.142178,44.328631
dzf,0,152.475539,27.516636
dxb2,0,36.323699,6.511979
dyb2,0,41.118009,7.233184
cvz,0,52.022528,9.398857
dzb3,0,153.317765,27.312446
dxb3,0,36.355323,6.441709
dyb3,0,38.731676,6.853691
csxxsyyszz,0,130.010697,21.959249
dyf2,0,38.307614,6.788109
dxf2,0,36.646648,6.495859
csxy,0,36.052930,6.617254
dzf2,0,152.715249,27.258803
dyf3,0,37.953010,6.748094
csyz,0,43.254034,7.908399
dxf3,0,36.371714,6.454783
dzf3,0,152.710194,27.271412
csxz,0,43.047761,7.866859
dxf,1,36.262058,6.437231
dzb,1,153.453690,27.375519
dyb,1,38.225163,6.774813
cvx,1,48.649410,8.647432
dyf,1,38.211402,6.790405
dzb2,1,153.221459,27.333719
dxb,1,36.429959,6.451937
cvy,1,47.851710,8.524928
dzf,1,154.954458,27.580403
dxb2,1,36.407732,6.433510
dyb2,1,38.684983,6.859452
cvz,1,51.797412,9.396954
dzb3,1,153.038279,27.301658
dxb3,1,36.305532,6.428468
dyb3,1,38.774699,6.871603
csxxsyyszz,1,130.332628,22.014242
dyf2,1,38.205025,6.787958
dxf2,1,36.474278,6.485462
csxy,1,36.052058,6.620296
dzf2,1,152.500890,27.226359
dyf3,1,38.113378,6.777988
csyz,1,43.230819,7.898270
dxf3,1,36.293787,6.441908
dzf3,1,152.538542,27.245834
csxz,1,43.087496,7.869213
dxf,2,36.319461,6.445151
dzb,2,153.210476,27.342509
dyb,2,38.441868,6.811779
cvx,2,48.764786,8.669403
dyf,2,38.199696,6.783908
dzb2,2,153.321034,27.358654
dxb,2,36.322393,6.452840
cvy,2,47.817415,8.535042
dzf,2,152.534101,27.256927
dxb2,2,36.381621,6.468748
dyb2,2,38.665243,6.863685
cvz,2,51.800124,9.408319
dzb3,2,153.130775,27.326680
dxb3,2,36.334903,6.454704
dyb3,2,38.682782,6.847457
csxxsyyszz,2,129.993983,21.954098
dyf2,2,38.325811,6.822473
dxf2,2,36.448835,6.494247
csxy,2,36.201890,6.651264
dzf2,2,152.683075,27.267808
dyf3,2,37.792386,6.754904
csyz,2,43.238780,7.910775
dxf3,2,36.281747,6.455764
dzf3,2,152.778198,27.310838
csxz,2,43.001390,7.878332
dxf,3,36.271303,6.451281
dzb,3,153.136106,27.334794
dyb,3,38.283063,6.793449
cvx,3,48.643638,8.658202
dyf,3,38.187136,6.792417
dzb2,3,153.338769,27.361200
dxb,3,36.450535,6.480162
cvy,3,47.829675,8.531252
dzf,3,152.486548,27.243479
dxb2,3,36.389468,6.472537
dyb2,3,38.690814,6.876929
cvz,3,51.788689,9.409907
dzb3,3,153.177698,27.343701
dxb3,3,36.318096,6.463665
dyb3,3,38.696570,6.855218
csxxsyyszz,3,130.083776,22.012490
dyf2,3,38.207773,6.805521
dxf2,3,36.473867,6.509145
csxy,3,36.062203,6.629158
dzf2,3,152.610283,27.258401
dyf3,3,37.891251,6.764924
csyz,3,43.356598,7.930042
dxf3,3,36.253490,6.449782
dzf3,3,152.578113,27.299468
csxz,3,43.014061,7.879698
dxf,4,36.288985,6.453471
dzb,4,153.363073,27.381368
dyb,4,38.484772,6.837301
cvx,4,48.647031,8.663306
dyf,4,38.239971,6.806237
dzb2,4,153.245290,27.363305
dxb,4,36.387743,6.461577
cvy,4,47.847026,8.537642
dzf,4,152.489343,27.254622
dxb2,4,36.453042,6.474732
dyb2,4,38.641720,6.874966
cvz,4,51.843879,9.419568
dzb3,4,153.077650,27.341396
dxb3,4,36.345705,6.459134
dyb3,4,38.656919,6.844328
csxxsyyszz,4,129.628491,21.924284
dyf2,4,38.250911,6.806869
dxf2,4,36.490270,6.506191
csxy,4,36.095066,6.633299
dzf2,4,152.730260,27.285409
dyf3,4,37.994017,6.765979
csyz,4,43.259732,7.917973
dxf3,4,36.262609,6.457011
dzf3,4,152.574819,27.295907
csxz,4,43.125599,7.934058
#========================= OptEWE [OpenMP] =========================
#Source type                                  :  Force monopole
#Grid Size                                    :  512 x 512 x 512
#Iterations                                   :  5
#Compute time                                 :  9.083829
#Total effective MLUPS                        :  73.877287
#===================================================================
#Number of threads                            :  16
