dxf,0,58.685822,8.668018
dzb,0,257.785331,37.790060
dyb,0,58.349668,8.668329
cvx,0,73.542207,11.058296
dyf,0,58.541700,8.716493
dzb2,0,257.403134,37.783475
dxb,0,57.727220,8.545341
cvy,0,330.337497,43.863122
dzf,0,256.716847,37.685759
dxb2,0,57.758260,8.555931
dyb2,0,60.123802,8.944021
cvz,0,86.739280,12.985634
dzb3,0,257.240793,37.770322
dxb3,0,57.669458,8.544365
dyb3,0,58.773612,8.761431
csxxsyyszz,0,146.730854,22.002564
dyf2,0,58.803026,8.786764
dxf2,0,57.942186,8.621723
csxy,0,59.492946,9.003550
dzf2,0,256.864906,37.879981
dyf3,0,58.334166,8.721444
csyz,0,72.431552,10.894831
dxf3,0,57.816103,8.609209
dzf3,0,257.408896,37.954643
csxz,0,72.404910,10.879938
dxf,1,57.745630,8.595290
dzb,1,257.691200,37.894908
dyb,1,58.202375,8.672639
cvx,1,73.595011,11.095552
dyf,1,58.492056,8.726283
dzb2,1,257.460485,37.852033
dxb,1,57.798430,8.617599
cvy,1,73.527450,11.199211
dzf,1,257.044515,37.873375
dxb2,1,57.748523,8.589481
dyb2,1,58.621430,8.773552
cvz,1,86.690740,13.040676
dzb3,1,257.245764,37.921650
dxb3,1,57.699138,8.590815
dyb3,1,58.782205,8.799818
csxxsyyszz,1,146.362060,21.993989
dyf2,1,58.679532,8.777969
dxf2,1,58.014196,8.614624
csxy,1,59.539828,8.984657
dzf2,1,256.908950,37.765241
dyf3,1,58.353543,8.714737
csyz,1,72.437537,10.867833
dxf3,1,57.798597,8.582479
dzf3,1,257.109993,37.803730
csxz,1,72.342642,10.833799
dxf,2,57.723633,8.567679
dzb,2,257.683700,37.884726
dyb,2,58.455656,8.699419
cvx,2,73.517156,11.072786
dyf,2,58.484311,8.721594
dzb2,2,257.522395,37.835160
dxb,2,57.655323,8.546424
cvy,2,73.310536,11.031280
dzf,2,256.849787,37.724812
dxb2,2,57.722952,8.556327
dyb2,2,58.685411,8.751462
cvz,2,86.703534,12.995184
dzb3,2,257.357398,37.802348
dxb3,2,57.698861,8.550311
dyb3,2,58.832677,8.771584
csxxsyyszz,2,146.294154,21.900135
dyf2,2,58.648440,8.742772
dxf2,2,58.026678,8.612730
csxy,2,59.506700,8.976244
dzf2,2,257.153018,37.782008
dyf3,2,58.412083,8.715569
csyz,2,72.486966,10.861902
dxf3,2,57.753523,8.565997
dzf3,2,257.253856,37.804273
csxz,2,72.325433,10.825969
dxf,3,57.755444,8.565181
dzb,3,257.411991,37.809000
dyb,3,58.552019,8.713028
cvx,3,73.576446,11.081226
dyf,3,58.506960,8.726922
dzb2,3,257.625075,37.837066
dxb,3,57.722791,8.555325
cvy,3,73.362343,11.039810
dzf,3,257.676220,37.835996
dxb2,3,57.699960,8.550474
dyb2,3,58.730961,8.754461
cvz,3,86.810694,13.016548
dzb3,3,257.423457,37.803603
dxb3,3,57.738516,8.562426
dyb3,3,58.701263,8.752113
csxxsyyszz,3,146.429878,21.921319
dyf2,3,58.769008,8.762092
dxf2,3,58.014128,8.605066
csxy,3,59.495468,8.976744
dzf2,3,256.855673,37.729036
dyf3,3,58.394853,8.711660
csyz,3,72.447693,10.860423
dxf3,3,57.728192,8.567866
dzf3,3,257.132690,37.787832
csxz,3,72.930707,10.920388
dxf,4,57.795568,8.567336
dzb,4,257.600818,37.844195
dyb,4,58.359597,8.696674
cvx,4,73.512032,11.071769
dyf,4,58.507164,8.735851
dzb2,4,257.693829,37.859227
dxb,4,57.745163,8.562066
cvy,4,73.287473,11.031108
dzf,4,256.811946,37.724728
dxb2,4,57.711042,8.557251
dyb2,4,58.716018,8.759329
cvz,4,86.587090,12.974780
dzb3,4,257.392433,37.798674
dxb3,4,57.668613,8.545584
dyb3,4,58.805050,8.761830
csxxsyyszz,4,146.314916,21.905221
dyf2,4,58.435192,8.712200
dxf2,4,58.045697,8.616400
csxy,4,59.479805,8.976331
dzf2,4,256.841992,37.722422
dyf3,4,58.459278,8.713842
csyz,4,72.467885,10.854391
dxf3,4,57.779618,8.576845
dzf3,4,257.292475,37.802249
csxz,4,72.328762,10.856547
#========================= OptEWE [OpenMP] =========================
#Source type                                  :  Force monopole
#Grid Size                                    :  512 x 512 x 512
#Iterations                                   :  5
#Compute time                                 :  14.391262
#Total effective MLUPS                        :  46.631674
#===================================================================
#Number of threads                            :  14
