dxf,0,68.629367,11.027268
dzb,0,379.521261,59.179292
dyb,0,82.670013,13.090772
cvx,0,129.473345,20.062191
dyf,0,81.669271,12.944333
dzb2,0,379.636040,59.237918
dxb,0,72.623397,11.572145
cvy,0,346.066373,50.443648
dzf,0,378.558271,59.065673
dxb2,0,70.675346,11.297748
dyb2,0,82.568353,13.083889
cvz,0,129.744302,20.262271
dzb3,0,379.057453,59.118659
dxb3,0,70.582959,11.296214
dyb3,0,82.467798,13.033471
csxxsyyszz,0,353.040150,53.104571
dyf2,0,81.539182,12.900874
dxf2,0,68.238315,10.952371
csxy,0,59.547635,9.914925
dzf2,0,379.433013,59.120218
dyf3,0,81.160258,12.864145
csyz,0,66.693445,11.068169
dxf3,0,68.250110,10.959261
dzf3,0,378.763846,59.041184
csxz,0,65.158349,10.835250
dxf,1,68.508379,10.993148
dzb,1,379.431499,59.181229
dyb,1,82.671451,13.087309
cvx,1,129.470013,20.061427
dyf,1,81.646526,12.949581
dzb2,1,379.210407,59.239183
dxb,1,72.571664,11.575548
cvy,1,126.952448,19.698581
dzf,1,378.088774,59.029233
dxb2,1,70.383079,11.284387
dyb2,1,82.591244,13.084812
cvz,1,129.729633,20.271245
dzb3,1,379.005430,59.141508
dxb3,1,70.293772,11.265797
dyb3,1,82.416537,13.055539
csxxsyyszz,1,350.723319,52.843516
dyf2,1,81.454162,12.906804
dxf2,1,68.288080,10.980723
csxy,1,59.460344,9.913794
dzf2,1,378.834681,59.111667
dyf3,1,81.123499,12.877744
csyz,1,66.704678,11.079107
dxf3,1,68.127658,10.956630
dzf3,1,376.611056,62.201848
csxz,1,65.140238,11.385444
dxf,2,68.050822,11.539475
dzb,2,378.813705,59.654933
dyb,2,82.514385,13.066865
cvx,2,129.399179,20.057366
dyf,2,81.702375,12.962008
dzb2,2,379.139785,59.189093
dxb,2,72.541576,11.583002
cvy,2,126.955443,19.698922
dzf,2,378.563598,59.084063
dxb2,2,70.524749,11.289102
dyb2,2,82.150663,13.013789
cvz,2,129.764883,20.277496
dzb3,2,379.281581,59.180120
dxb3,2,70.422503,11.258675
dyb3,2,82.674188,13.065351
csxxsyyszz,2,351.521583,52.899018
dyf2,2,81.397315,12.879409
dxf2,2,68.225511,10.945199
csxy,2,59.704760,9.938640
dzf2,2,379.671584,59.159508
dyf3,2,81.258807,12.886863
csyz,2,66.799383,11.079733
dxf3,2,68.334187,10.984476
dzf3,2,378.807898,59.053907
csxz,2,65.189571,10.837644
dxf,3,68.456074,11.004191
dzb,3,379.808648,59.280552
dyb,3,82.484004,13.083166
cvx,3,129.398499,20.054791
dyf,3,81.568216,12.947111
dzb2,3,379.370186,59.230911
dxb,3,72.759802,11.603099
cvy,3,127.040510,19.716022
dzf,3,378.987607,59.152484
dxb2,3,70.528881,11.274090
dyb2,3,82.472072,13.049978
cvz,3,129.828359,20.287787
dzb3,3,379.622770,59.228748
dxb3,3,70.257046,11.244664
dyb3,3,82.480283,13.059746
csxxsyyszz,3,351.598585,53.001493
dyf2,3,80.557356,12.769323
dxf2,3,68.381650,10.985878
csxy,3,59.754974,9.953611
dzf2,3,379.413821,59.190920
dyf3,3,81.002943,12.888495
csyz,3,66.860791,11.088936
dxf3,3,68.214754,10.966618
dzf3,3,379.196844,59.190660
csxz,3,65.284266,10.881644
dxf,4,68.428831,10.997613
dzb,4,379.669953,59.217674
dyb,4,82.645180,13.074664
cvx,4,129.568935,20.079970
dyf,4,81.828458,12.950339
dzb2,4,380.350451,59.307039
dxb,4,72.705644,11.578496
cvy,4,127.264506,19.742276
dzf,4,379.250812,59.157028
dxb2,4,70.448461,11.269430
dyb2,4,82.412571,13.035902
cvz,4,129.925314,20.341245
dzb3,4,379.774601,59.222658
dxb3,4,70.344096,11.259574
dyb3,4,82.396331,13.048415
csxxsyyszz,4,350.806451,52.830379
dyf2,4,81.596410,12.929098
dxf2,4,68.318336,10.971070
csxy,4,59.699757,9.946004
dzf2,4,379.569839,59.249879
dyf3,4,81.250515,12.892278
csyz,4,66.811021,11.085962
dxf3,4,68.246682,10.965292
dzf3,4,378.878683,59.151436
csxz,4,65.216116,10.871035
#========================= OptEWE [OpenMP] =========================
#Source type                                  :  Force monopole
#Grid Size                                    :  512 x 512 x 512
#Iterations                                   :  5
#Compute time                                 :  20.791798
#Total effective MLUPS                        :  32.276605
#===================================================================
#Number of threads                            :  4
