dxf,0,31.849592,5.912080
dzb,0,127.237273,24.242275
dyb,0,29.976099,5.693646
cvx,0,38.181785,7.387459
dyf,0,30.030383,5.735334
dzb2,0,127.455475,24.317565
dxb,0,29.537206,5.568716
cvy,0,345.039912,53.599513
dzf,0,126.694503,24.199144
dxb2,0,29.573872,5.591370
dyb2,0,30.157352,5.767240
cvz,0,45.176996,8.730334
dzb3,0,127.362265,24.305582
dxb3,0,29.528300,5.602757
dyb3,0,30.183187,5.761569
csxxsyyszz,0,79.157203,15.036081
dyf2,0,30.163021,5.738986
dxf2,0,29.771073,5.657224
csxy,0,30.864766,6.006814
dzf2,0,126.858153,24.252454
dyf3,0,30.202837,5.775467
csyz,0,38.147693,7.351299
dxf3,0,29.589374,5.620311
dzf3,0,126.977488,24.289528
csxz,0,37.296096,7.227314
dxf,1,29.546003,5.603495
dzb,1,127.369903,24.353322
dyb,1,29.853452,5.690573
cvx,1,38.172618,7.410379
dyf,1,30.009882,5.729191
dzb2,1,127.291591,24.339829
dxb,1,29.550112,5.622385
cvy,1,38.380333,7.431152
dzf,1,126.877792,24.280617
dxb2,1,29.563687,5.592186
dyb2,1,30.201568,5.779943
cvz,1,45.084859,8.723081
dzb3,1,127.406616,24.341823
dxb3,1,29.575729,5.613187
dyb3,1,30.227768,5.771732
csxxsyyszz,1,79.154396,15.060589
dyf2,1,29.996792,5.748619
dxf2,1,29.753687,5.665318
csxy,1,30.871547,6.018625
dzf2,1,126.830296,24.274377
dyf3,1,29.886535,5.715920
csyz,1,38.146966,7.372735
dxf3,1,29.591279,5.607189
dzf3,1,126.830449,24.294595
csxz,1,37.297412,7.246935
dxf,2,29.621103,5.625621
dzb,2,127.491822,24.399117
dyb,2,29.939698,5.714981
cvx,2,38.180051,7.413731
dyf,2,29.979612,5.737348
dzb2,2,127.498926,24.393435
dxb,2,29.520272,5.618017
cvy,2,38.389244,7.438156
dzf,2,126.720049,24.265775
dxb2,2,29.579716,5.602613
dyb2,2,30.175157,5.781253
cvz,2,45.059172,8.727818
dzb3,2,127.148572,24.320613
dxb3,2,29.548129,5.599251
dyb3,2,30.148231,5.776566
csxxsyyszz,2,79.042877,15.052666
dyf2,2,30.120020,5.761277
dxf2,2,29.751705,5.660142
csxy,2,30.892369,6.026425
dzf2,2,126.907269,24.305964
dyf3,2,29.897057,5.734930
csyz,2,38.172353,7.383249
dxf3,2,29.534488,5.613101
dzf3,2,127.029475,24.333283
csxz,2,37.302792,7.229807
dxf,3,29.583093,5.623889
dzb,3,127.390135,24.377929
dyb,3,29.904497,5.725505
cvx,3,38.128523,7.410993
dyf,3,30.017570,5.746957
dzb2,3,127.357602,24.384661
dxb,3,29.544388,5.609502
cvy,3,38.415131,7.450975
dzf,3,126.874915,24.292209
dxb2,3,29.528947,5.607047
dyb2,3,30.167498,5.767884
cvz,3,46.456798,8.953822
dzb3,3,128.937845,24.608035
dxb3,3,29.550230,5.607394
dyb3,3,30.256915,5.797745
csxxsyyszz,3,79.398095,15.109531
dyf2,3,30.025580,5.734886
dxf2,3,29.876465,5.679540
csxy,3,30.878252,6.021259
dzf2,3,126.725766,24.273924
dyf3,3,29.860355,5.728733
csyz,3,38.181102,7.385776
dxf3,3,29.583299,5.619634
dzf3,3,126.874625,24.313960
csxz,3,37.282557,7.230067
dxf,4,29.575687,5.626536
dzb,4,127.214676,24.358898
dyb,4,29.952426,5.743619
cvx,4,38.204372,7.427527
dyf,4,29.927204,5.752660
dzb2,4,127.445757,24.403639
dxb,4,29.524434,5.646786
cvy,4,38.349025,7.440909
dzf,4,127.020566,24.326284
dxb2,4,29.549707,5.628147
dyb2,4,30.194977,5.797317
cvz,4,45.104133,8.737246
dzb3,4,127.271757,24.376734
dxb3,4,29.500200,5.621096
dyb3,4,30.181537,5.786366
csxxsyyszz,4,80.746419,15.321509
dyf2,4,30.108436,5.773057
dxf2,4,29.750043,5.686457
csxy,4,30.919794,6.034070
dzf2,4,126.856659,24.312128
dyf3,4,29.890278,5.754119
csyz,4,38.174894,7.386722
dxf3,4,29.581438,5.633952
dzf3,4,127.166559,24.389362
csxz,4,37.313110,7.327628
#========================= OptEWE [OpenMP] =========================
#Source type                                  :  Force monopole
#Grid Size                                    :  512 x 512 x 512
#Iterations                                   :  5
#Compute time                                 :  7.452985
#Total effective MLUPS                        :  90.042931
#===================================================================
#Number of threads                            :  23
