dxf,0,30.182743,6.422557
dzb,0,113.823327,25.327422
dyb,0,29.319940,6.354151
cvx,0,35.335858,7.909263
dyf,0,29.438101,6.408366
dzb2,0,113.732047,25.341477
dxb,0,28.977218,6.235535
cvy,0,243.898206,44.390592
dzf,0,113.424314,25.269827
dxb2,0,28.957121,6.232417
dyb2,0,31.333947,6.753534
cvz,0,40.956398,9.167163
dzb3,0,113.583423,25.318362
dxb3,0,28.976512,6.244800
dyb3,0,29.698378,6.460475
csxxsyyszz,0,72.845323,15.966169
dyf2,0,29.553295,6.438090
dxf2,0,29.217290,6.317178
csxy,0,29.009889,6.510146
dzf2,0,113.357785,25.301703
dyf3,0,29.232357,6.387977
csyz,0,34.730701,7.798730
dxf3,0,29.031757,6.283970
dzf3,0,113.566558,25.374472
csxz,0,34.581898,7.747546
dxf,1,29.041119,6.285060
dzb,1,113.695677,25.393187
dyb,1,29.371047,6.411297
cvx,1,35.200894,7.909498
dyf,1,29.409316,6.419057
dzb2,1,113.694902,25.404384
dxb,1,28.990591,6.245660
cvy,1,35.161104,7.881908
dzf,1,113.402311,25.335678
dxb2,1,28.994304,6.265186
dyb2,1,29.648883,6.469434
cvz,1,41.053528,9.222126
dzb3,1,113.515304,25.366228
dxb3,1,28.952759,6.250780
dyb3,1,29.628230,6.456087
csxxsyyszz,1,72.445970,15.902869
dyf2,1,29.494013,6.433500
dxf2,1,29.214622,6.345109
csxy,1,29.052596,6.541051
dzf2,1,113.373631,25.344428
dyf3,1,29.303450,6.381889
csyz,1,34.750066,7.815024
dxf3,1,28.998639,6.285576
dzf3,1,113.584901,25.398077
csxz,1,34.525890,7.764369
dxf,2,29.056362,6.292694
dzb,2,113.793235,25.441074
dyb,2,29.348165,6.375889
cvx,2,35.463934,7.971238
dyf,2,29.456262,6.427879
dzb2,2,113.741906,25.421563
dxb,2,28.962008,6.243967
cvy,2,35.145362,7.891915
dzf,2,113.370803,25.351559
dxb2,2,28.926462,6.260650
dyb2,2,29.679322,6.481341
cvz,2,41.051381,9.230474
dzb3,2,113.437425,25.360539
dxb3,2,28.938838,6.258265
dyb3,2,29.665253,6.473245
csxxsyyszz,2,72.559112,15.935304
dyf2,2,29.524401,6.445724
dxf2,2,29.203723,6.349101
csxy,2,29.045647,6.540541
dzf2,2,113.449722,25.375249
dyf3,2,29.329156,6.385123
csyz,2,34.734359,7.813180
dxf3,2,29.061324,6.296347
dzf3,2,113.646214,25.422287
csxz,2,34.558858,7.765663
dxf,3,28.994815,6.293445
dzb,3,113.721865,25.441064
dyb,3,29.361795,6.380862
cvx,3,35.266685,7.935838
dyf,3,29.420847,6.435573
dzb2,3,113.690465,25.440589
dxb,3,28.980417,6.259891
cvy,3,35.111165,7.886608
dzf,3,113.369109,25.361655
dxb2,3,28.948910,6.272867
dyb2,3,29.704729,6.492040
cvz,3,41.022237,9.228572
dzb3,3,113.514691,25.388053
dxb3,3,28.958827,6.267414
dyb3,3,29.665285,6.478396
csxxsyyszz,3,72.519563,15.937276
dyf2,3,29.739799,6.494548
dxf2,3,29.253597,6.352867
csxy,3,29.038467,6.540915
dzf2,3,113.370839,25.373872
dyf3,3,29.296034,6.387480
csyz,3,34.747578,7.818084
dxf3,3,29.030849,6.291851
dzf3,3,113.627470,25.424763
csxz,3,34.567370,7.773937
dxf,4,29.023499,6.299620
dzb,4,113.712154,25.449027
dyb,4,29.297449,6.370777
cvx,4,35.250869,7.940377
dyf,4,29.428822,6.438623
dzb2,4,113.676955,25.445597
dxb,4,28.991646,6.268960
cvy,4,35.113467,7.892819
dzf,4,113.400832,25.379229
dxb2,4,28.957713,6.281169
dyb2,4,29.818477,6.504396
cvz,4,40.990277,9.239891
dzb3,4,113.415470,25.377327
dxb3,4,28.927019,6.268003
dyb3,4,29.685028,6.486657
csxxsyyszz,4,72.521564,15.933061
dyf2,4,29.535176,6.453078
dxf2,4,29.208063,6.332967
csxy,4,29.046941,6.548328
dzf2,4,113.327871,25.378544
dyf3,4,29.283048,6.400235
csyz,4,34.751265,7.817707
dxf3,4,28.994141,6.295715
dzf3,4,113.572971,25.436394
csxz,4,34.566570,7.864029
#========================= OptEWE [OpenMP] =========================
#Source type                                  :  Force monopole
#Grid Size                                    :  512 x 512 x 512
#Iterations                                   :  5
#Compute time                                 :  6.786231
#Total effective MLUPS                        :  98.889749
#===================================================================
#Number of threads                            :  20
