dxf,0,44.234879,8.771848
dzb,0,167.262494,34.390009
dyb,0,44.244063,8.899308
cvx,0,52.258431,10.913302
dyf,0,44.392199,8.966380
dzb2,0,167.259872,34.430790
dxb,0,43.865857,8.777192
cvy,0,185.131802,33.742869
dzf,0,167.041803,34.356248
dxb2,0,43.826843,8.777056
dyb2,0,44.550202,8.987640
cvz,0,60.651943,12.664517
dzb3,0,167.078057,34.398924
dxb3,0,43.817896,8.768204
dyb3,0,44.558178,8.992397
csxxsyyszz,0,100.533267,20.752850
dyf2,0,44.586612,8.986868
dxf2,0,44.140329,8.852894
csxy,0,42.980597,8.975985
dzf2,0,166.929066,34.417444
dyf3,0,44.278937,8.945187
csyz,0,51.414970,10.700498
dxf3,0,43.880324,8.816288
dzf3,0,168.289511,34.655635
csxz,0,51.225413,10.642079
dxf,1,43.848143,8.813720
dzb,1,167.172638,34.465507
dyb,1,44.270636,8.925104
cvx,1,52.277654,10.938736
dyf,1,44.448567,8.993708
dzb2,1,167.258948,34.482806
dxb,1,43.820794,8.779009
cvy,1,52.042900,10.878773
dzf,1,166.988719,34.436825
dxb2,1,43.819116,8.781229
dyb2,1,44.489990,8.995440
cvz,1,60.674248,12.689236
dzb3,1,166.832021,34.403517
dxb3,1,43.824733,8.787102
dyb3,1,44.591242,9.011793
csxxsyyszz,1,100.618723,20.783561
dyf2,1,44.463956,8.978819
dxf2,1,44.046941,8.848767
csxy,1,43.149713,9.017451
dzf2,1,166.976352,34.447817
dyf3,1,44.279023,8.936662
csyz,1,52.035480,10.810852
dxf3,1,43.829055,8.793569
dzf3,1,167.085397,34.479776
csxz,1,51.194986,10.664374
dxf,2,43.885832,8.820930
dzb,2,167.219520,34.487665
dyb,2,44.187324,8.913231
cvx,2,52.295716,10.954984
dyf,2,44.459299,9.003008
dzb2,2,167.228881,34.494666
dxb,2,43.836777,8.778436
cvy,2,52.070803,10.892681
dzf,2,166.938729,34.430739
dxb2,2,43.835092,8.786622
dyb2,2,44.578874,9.008566
cvz,2,60.652168,12.696113
dzb3,2,166.899900,34.433038
dxb3,2,43.838665,8.784903
dyb3,2,44.591664,9.011151
csxxsyyszz,2,100.657250,20.805335
dyf2,2,44.544463,8.997860
dxf2,2,44.093490,8.862552
csxy,2,42.962976,8.983656
dzf2,2,166.974618,34.448950
dyf3,2,44.266003,8.948829
csyz,2,51.402337,10.706719
dxf3,2,43.884888,8.824641
dzf3,2,167.042890,34.460379
csxz,2,51.216048,10.667312
dxf,3,43.852524,8.824468
dzb,3,167.265821,34.514410
dyb,3,44.265057,8.933482
cvx,3,52.198888,10.929263
dyf,3,44.425661,8.992092
dzb2,3,167.195436,34.507925
dxb,3,43.759232,8.782113
cvy,3,52.049715,10.897547
dzf,3,167.013623,34.449524
dxb2,3,43.843116,8.799435
dyb2,3,44.553208,9.012944
cvz,3,60.698336,12.688767
dzb3,3,166.922264,34.439639
dxb3,3,43.834491,8.793929
dyb3,3,44.500535,9.000475
csxxsyyszz,3,100.093490,20.693960
dyf2,3,44.490179,8.985082
dxf2,3,44.054683,8.854871
csxy,3,42.976258,8.986311
dzf2,3,166.934602,34.453612
dyf3,3,44.235342,8.928687
csyz,3,51.398622,10.709460
dxf3,3,43.877032,8.826840
dzf3,3,167.091969,34.492132
csxz,3,51.241482,10.673576
dxf,4,43.883424,8.835561
dzb,4,167.263305,34.509314
dyb,4,44.317398,8.931280
cvx,4,52.268403,10.944423
dyf,4,44.454291,8.996316
dzb2,4,167.112423,34.495242
dxb,4,43.827449,8.799943
cvy,4,52.212602,10.929838
dzf,4,166.866930,34.431326
dxb2,4,43.757766,8.783034
dyb2,4,44.559528,9.013738
cvz,4,60.621203,12.675453
dzb3,4,166.933076,34.463482
dxb3,4,43.814415,8.777853
dyb3,4,44.542556,9.007037
csxxsyyszz,4,100.622108,20.788946
dyf2,4,44.485652,8.979090
dxf2,4,44.073410,8.859594
csxy,4,42.969474,8.989043
dzf2,4,166.940118,34.463196
dyf3,4,44.282978,8.953344
csyz,4,51.368287,10.706290
dxf3,4,43.904439,8.828817
dzf3,4,167.148518,34.495769
csxz,4,51.232318,10.697360
#========================= OptEWE [OpenMP] =========================
#Source type                                  :  Force monopole
#Grid Size                                    :  512 x 512 x 512
#Iterations                                   :  5
#Compute time                                 :  9.852676
#Total effective MLUPS                        :  68.112319
#===================================================================
#Number of threads                            :  13
