dxf,0,62.917003,9.906970
dzb,0,272.926982,42.963462
dyb,0,62.757566,9.942048
cvx,0,78.572308,12.660331
dyf,0,62.754126,9.959030
dzb2,0,272.838643,42.956775
dxb,0,62.110080,9.792770
cvy,0,285.284260,41.477299
dzf,0,272.518697,42.895337
dxb2,0,61.997237,9.782278
dyb2,0,62.934487,10.001912
cvz,0,93.878207,15.053617
dzb3,0,273.410022,43.053875
dxb3,0,62.022751,9.793901
dyb3,0,62.897425,9.994425
csxxsyyszz,0,139.483764,22.648799
dyf2,0,62.998630,10.005462
dxf2,0,62.543934,9.906739
csxy,0,64.142937,10.333694
dzf2,0,272.498320,42.924079
dyf3,0,62.669229,9.953636
csyz,0,77.828426,12.479147
dxf3,0,62.139747,9.827182
dzf3,0,272.615255,42.947846
csxz,0,77.704135,12.446186
dxf,1,62.135897,9.823297
dzb,1,272.927799,43.017006
dyb,1,62.736033,9.948685
cvx,1,78.549418,12.665234
dyf,1,62.765808,9.972776
dzb2,1,272.829455,43.003373
dxb,1,62.071562,9.797244
cvy,1,78.360721,12.624279
dzf,1,273.711635,43.102614
dxb2,1,61.962794,9.779671
dyb2,1,62.977236,10.014733
cvz,1,92.796784,14.903509
dzb3,1,272.636776,42.948998
dxb3,1,62.000909,9.791300
dyb3,1,62.998067,10.009802
csxxsyyszz,1,138.535831,22.504774
dyf2,1,62.837860,9.982383
dxf2,1,62.361021,9.867292
csxy,1,63.921625,10.321007
dzf2,1,272.495365,42.947357
dyf3,1,62.643731,9.957172
csyz,1,77.846126,12.485434
dxf3,1,62.135167,9.837623
dzf3,1,272.529994,42.966615
csxz,1,77.696665,12.457160
dxf,2,62.125987,9.822579
dzb,2,272.861812,43.025776
dyb,2,62.672251,9.952280
cvx,2,78.546440,12.681691
dyf,2,62.927646,10.010780
dzb2,2,272.934179,43.027226
dxb,2,62.005903,9.796448
cvy,2,78.323581,12.621110
dzf,2,272.309327,42.912321
dxb2,2,62.030092,9.794333
dyb2,2,62.958593,10.009555
cvz,2,92.822212,14.913641
dzb3,2,272.576947,42.959842
dxb3,2,62.044442,9.807384
dyb3,2,63.065014,10.022001
csxxsyyszz,2,139.548125,22.655910
dyf2,2,62.743108,9.976154
dxf2,2,62.344170,9.874001
csxy,2,63.976465,10.324817
dzf2,2,272.511162,42.953203
dyf3,2,62.731657,9.968207
csyz,2,77.799500,12.483619
dxf3,2,62.106178,9.830850
dzf3,2,272.694008,42.987746
csxz,2,77.681083,12.453433
dxf,3,62.098366,9.825247
dzb,3,272.866774,43.023570
dyb,3,62.720550,9.960072
cvx,3,78.500922,12.664529
dyf,3,62.633817,9.963792
dzb2,3,272.866086,43.032798
dxb,3,62.004143,9.799440
cvy,3,78.348271,12.626803
dzf,3,272.577281,42.972827
dxb2,3,62.011251,9.796687
dyb2,3,63.141751,10.033953
cvz,3,92.823499,14.903849
dzb3,3,272.614340,42.964243
dxb3,3,62.059993,9.804024
dyb3,3,62.985140,10.026570
csxxsyyszz,3,139.508234,22.662914
dyf2,3,63.014813,10.007237
dxf2,3,62.321337,9.860404
csxy,3,63.945483,10.322645
dzf2,3,272.354376,42.932964
dyf3,3,63.398328,10.068751
csyz,3,77.875858,12.499937
dxf3,3,62.348810,10.069820
dzf3,3,272.637886,44.094077
csxz,3,77.697016,12.773414
dxf,4,62.030829,10.064502
dzb,4,272.959831,43.297380
dyb,4,62.744287,9.970214
cvx,4,78.576260,12.690066
dyf,4,62.548691,9.954282
dzb2,4,272.848971,43.068935
dxb,4,62.103398,9.820585
cvy,4,78.361468,12.651214
dzf,4,272.465625,42.989282
dxb2,4,62.037611,9.811272
dyb2,4,63.006019,10.032012
cvz,4,92.822910,14.927454
dzb3,4,272.563084,43.003664
dxb3,4,61.973726,9.807096
dyb3,4,63.021095,10.025808
csxxsyyszz,4,138.072808,22.461363
dyf2,4,62.763489,9.988343
dxf2,4,62.341747,9.875809
csxy,4,64.691973,10.441627
dzf2,4,272.545296,42.982207
dyf3,4,62.655367,9.965018
csyz,4,77.800240,12.491493
dxf3,4,62.109473,9.839984
dzf3,4,272.769874,43.026087
csxz,4,77.742736,12.488450
#========================= OptEWE [OpenMP] =========================
#Source type                                  :  Force monopole
#Grid Size                                    :  512 x 512 x 512
#Iterations                                   :  5
#Compute time                                 :  15.182801
#Total effective MLUPS                        :  44.200581
#===================================================================
#Number of threads                            :  13
