dxf,0,49.686074,7.841753
dzb,0,220.176841,34.736119
dyb,0,53.881747,8.504621
cvx,0,72.559534,11.347110
dyf,0,53.604090,8.453121
dzb2,0,221.510426,35.007959
dxb,0,49.587104,7.826984
cvy,0,283.564916,39.486414
dzf,0,219.130952,34.646115
dxb2,0,49.529241,7.845164
dyb2,0,54.283382,8.565748
cvz,0,75.451530,12.045665
dzb3,0,220.532261,34.852416
dxb3,0,50.282164,7.918957
dyb3,0,54.396783,8.564700
csxxsyyszz,0,195.670646,29.476118
dyf2,0,53.822037,8.473301
dxf2,0,49.280165,7.802813
csxy,0,47.594980,7.861549
dzf2,0,220.020883,34.810375
dyf3,0,53.204017,8.400309
csyz,0,58.463780,9.589887
dxf3,0,49.633723,7.886044
dzf3,0,219.508130,34.681663
csxz,0,56.875040,9.377640
dxf,1,49.218263,7.841386
dzb,1,220.780258,34.866373
dyb,1,54.258820,8.523963
cvx,1,72.542749,11.363601
dyf,1,53.390365,8.418690
dzb2,1,221.346017,34.951702
dxb,1,49.555833,7.812574
cvy,1,71.298285,11.166971
dzf,1,219.168962,34.621877
dxb2,1,49.488193,7.819498
dyb2,1,54.444481,8.588009
cvz,1,75.406254,12.035376
dzb3,1,220.506552,34.802663
dxb3,1,50.358411,7.930602
dyb3,1,54.262797,8.538638
csxxsyyszz,1,194.328244,29.296221
dyf2,1,53.476260,8.421417
dxf2,1,49.398172,7.827915
csxy,1,47.590277,7.853974
dzf2,1,219.964577,34.782396
dyf3,1,53.384141,8.436029
csyz,1,58.467086,9.590551
dxf3,1,49.715611,7.876025
dzf3,1,219.471630,34.675399
csxz,1,56.889041,9.396377
dxf,2,49.090509,7.806835
dzb,2,220.102568,34.753897
dyb,2,53.891945,8.515907
cvx,2,72.605571,11.346215
dyf,2,53.475638,8.431163
dzb2,2,221.386614,34.956251
dxb,2,49.492803,7.815374
cvy,2,71.306814,11.167331
dzf,2,219.120199,34.599302
dxb2,2,49.453968,7.817848
dyb2,2,54.373259,8.576046
cvz,2,75.426606,12.037645
dzb3,2,220.685999,34.854594
dxb3,2,50.292096,7.924994
dyb3,2,54.327818,8.565120
csxxsyyszz,2,195.722621,29.492269
dyf2,2,53.797254,8.479792
dxf2,2,49.508557,7.852203
csxy,2,47.533566,7.864137
dzf2,2,219.948939,34.769722
dyf3,2,53.126676,8.388581
csyz,2,58.640501,9.683868
dxf3,2,49.717956,7.860433
dzf3,2,219.514041,34.672167
csxz,2,56.899574,9.406456
dxf,3,49.344191,7.808355
dzb,3,220.298783,34.785127
dyb,3,53.923275,8.483234
cvx,3,72.596396,11.335338
dyf,3,53.371796,8.412850
dzb2,3,221.392904,34.938505
dxb,3,49.518370,7.814193
cvy,3,71.303289,11.164092
dzf,3,222.357098,35.057226
dxb2,3,49.672155,7.835539
dyb2,3,54.161381,8.542749
cvz,3,75.670976,12.086227
dzb3,3,220.422367,34.783046
dxb3,3,50.234408,7.914696
dyb3,3,54.453825,8.613428
csxxsyyszz,3,195.576266,29.425913
dyf2,3,53.834640,8.478589
dxf2,3,49.522801,7.852277
csxy,3,47.614091,7.873694
dzf2,3,219.823613,34.730016
dyf3,3,53.324031,8.412714
csyz,3,58.488293,9.571974
dxf3,3,49.717822,7.854441
dzf3,3,219.438125,34.683262
csxz,3,56.852508,9.389976
dxf,4,49.175773,7.790985
dzb,4,220.205205,34.798373
dyb,4,54.135825,8.512979
cvx,4,72.588306,11.337999
dyf,4,53.517314,8.437004
dzb2,4,221.407945,34.954282
dxb,4,49.535086,7.815617
cvy,4,71.374220,11.177765
dzf,4,219.039442,34.618886
dxb2,4,49.536907,7.827924
dyb2,4,54.338537,8.567537
cvz,4,75.415460,12.059372
dzb3,4,220.683250,34.809800
dxb3,4,50.388746,7.938771
dyb3,4,54.464954,8.603760
csxxsyyszz,4,195.591113,29.421321
dyf2,4,53.752080,8.482567
dxf2,4,49.467309,7.839841
csxy,4,47.585898,7.845967
dzf2,4,220.006038,34.746955
dyf3,4,53.169352,8.407162
csyz,4,58.706274,9.616087
dxf3,4,49.664721,7.844835
dzf3,4,219.577366,34.728867
csxz,4,56.797186,9.382185
#========================= OptEWE [OpenMP] =========================
#Source type                                  :  Force monopole
#Grid Size                                    :  512 x 512 x 512
#Iterations                                   :  5
#Compute time                                 :  12.813936
#Total effective MLUPS                        :  52.371779
#===================================================================
#Number of threads                            :  10
