dxf,0,49.330081,8.144541
dzb,0,194.998095,33.333854
dyb,0,50.971555,8.490440
cvx,0,59.578269,10.267362
dyf,0,50.301999,8.470929
dzb2,0,193.728699,33.132450
dxb,0,49.425615,8.205379
cvy,0,199.148392,30.065709
dzf,0,192.612951,32.820030
dxb2,0,49.316680,8.206150
dyb2,0,51.456297,8.606672
cvz,0,68.626751,11.830884
dzb3,0,193.047215,32.936824
dxb3,0,49.311714,8.189008
dyb3,0,51.253005,8.588867
csxxsyyszz,0,142.761170,23.673445
dyf2,0,50.189216,8.428531
dxf2,0,49.483776,8.256149
csxy,0,48.611242,8.385804
dzf2,0,200.306709,34.006897
dyf3,0,50.483864,8.494153
csyz,0,57.326039,9.854127
dxf3,0,48.901839,8.156215
dzf3,0,194.513867,33.197115
csxz,0,57.306178,9.831773
dxf,1,48.929821,8.163818
dzb,1,193.766867,33.048926
dyb,1,50.846255,8.476657
cvx,1,59.565263,10.229601
dyf,1,50.050353,8.408459
dzb2,1,193.935429,33.368579
dxb,1,49.698372,8.897226
cvy,1,60.159616,10.410646
dzf,1,192.622583,32.879135
dxb2,1,50.007846,8.319574
dyb2,1,51.267090,8.591469
cvz,1,68.530264,11.822449
dzb3,1,193.080101,32.970778
dxb3,1,49.355004,8.222568
dyb3,1,51.351758,8.609292
csxxsyyszz,1,142.595980,23.655954
dyf2,1,50.399018,8.462310
dxf2,1,49.467990,8.249636
csxy,1,48.573987,8.364683
dzf2,1,200.343740,33.978595
dyf3,1,50.586700,8.483000
csyz,1,57.320978,9.842085
dxf3,1,48.845611,8.139388
dzf3,1,194.659468,33.195770
csxz,1,57.333067,9.837601
dxf,2,48.852603,8.140920
dzb,2,193.762079,33.047239
dyb,2,51.245257,8.541762
cvx,2,59.618990,10.235163
dyf,2,50.293562,8.438558
dzb2,2,193.890653,33.080852
dxb,2,49.542757,8.228833
cvy,2,60.114906,10.273952
dzf,2,192.663858,32.882704
dxb2,2,49.289363,8.196652
dyb2,2,51.395208,8.600091
cvz,2,68.482594,11.827922
dzb3,2,193.131220,32.880094
dxb3,2,49.282029,8.186373
dyb3,2,51.277881,8.627503
csxxsyyszz,2,142.787940,23.642559
dyf2,2,50.211366,8.416076
dxf2,2,49.583551,8.251651
csxy,2,48.661052,8.388070
dzf2,2,200.251697,33.966826
dyf3,2,50.339474,8.435613
csyz,2,57.364203,9.890585
dxf3,2,48.868768,8.152899
dzf3,2,194.493997,33.085810
csxz,2,57.231383,9.832885
dxf,3,48.859623,8.210371
dzb,3,193.953447,33.026790
dyb,3,51.236851,8.554620
cvx,3,59.583446,10.266301
dyf,3,50.102676,8.409300
dzb2,3,193.865584,33.007976
dxb,3,49.568852,8.259896
cvy,3,60.189647,10.335145
dzf,3,192.804023,32.837183
dxb2,3,49.350414,8.210796
dyb2,3,51.416009,8.634858
cvz,3,68.538025,11.804940
dzb3,3,193.249828,32.943892
dxb3,3,49.261898,8.227340
dyb3,3,51.296661,8.586867
csxxsyyszz,3,142.759540,23.617285
dyf2,3,50.224149,8.400109
dxf2,3,49.783463,8.387049
csxy,3,48.601007,8.369944
dzf2,3,200.409510,33.939523
dyf3,3,50.316900,8.447796
csyz,3,57.292658,9.837101
dxf3,3,48.898587,8.155795
dzf3,3,194.604439,33.168514
csxz,3,57.360699,9.841370
dxf,4,48.850159,8.144665
dzb,4,193.701157,33.014747
dyb,4,50.861349,8.542872
cvx,4,59.588339,10.243333
dyf,4,50.271135,8.436487
dzb2,4,193.815760,33.061489
dxb,4,49.384736,8.212512
cvy,4,60.059048,10.274819
dzf,4,192.645752,32.937458
dxb2,4,49.306248,8.188221
dyb2,4,51.441318,8.600770
cvz,4,68.438357,11.781907
dzb3,4,193.107213,32.937529
dxb3,4,49.200603,8.175500
dyb3,4,51.533528,8.614242
csxxsyyszz,4,142.186430,23.564561
dyf2,4,50.533974,8.448406
dxf2,4,49.554347,8.224078
csxy,4,48.578183,8.364191
dzf2,4,200.463911,33.965111
dyf3,4,50.513161,8.457919
csyz,4,57.268328,9.822125
dxf3,4,48.879273,8.143775
dzf3,4,194.585558,33.081405
csxz,4,57.332158,9.848883
#========================= OptEWE [OpenMP] =========================
#Source type                                  :  Force monopole
#Grid Size                                    :  512 x 512 x 512
#Iterations                                   :  5
#Compute time                                 :  11.454955
#Total effective MLUPS                        :  58.585008
#===================================================================
#Number of threads                            :  8
