dxf,0,27.404527,5.983991
dzb,0,102.337143,23.358944
dyb,0,26.762637,5.943217
cvx,0,32.117153,7.317397
dyf,0,26.801177,5.942682
dzb2,0,102.144189,23.360940
dxb,0,26.213815,5.756741
cvy,0,250.109556,44.950492
dzf,0,101.570308,23.200433
dxb2,0,26.151422,5.745958
dyb2,0,27.044151,5.978739
cvz,0,36.804322,8.476979
dzb3,0,101.814870,23.190560
dxb3,0,26.201006,5.766561
dyb3,0,27.038064,5.971450
csxxsyyszz,0,79.832060,17.093793
dyf2,0,26.888348,5.943885
dxf2,0,26.505824,5.845007
csxy,0,25.842218,5.983430
dzf2,0,101.716077,23.215830
dyf3,0,26.623051,5.907227
csyz,0,30.916665,7.165903
dxf3,0,26.201968,5.785722
dzf3,0,101.784360,23.246485
csxz,0,30.672299,7.127835
dxf,1,26.209663,5.780167
dzb,1,102.212857,23.317553
dyb,1,26.734252,5.923666
cvx,1,32.103271,7.311284
dyf,1,26.755625,5.948110
dzb2,1,102.086343,23.288078
dxb,1,26.168157,5.798349
cvy,1,31.824471,7.260198
dzf,1,101.646024,23.219578
dxb2,1,26.148390,5.763385
dyb2,1,27.013983,5.989885
cvz,1,36.799204,8.482216
dzb3,1,102.274492,23.316125
dxb3,1,26.173373,5.756272
dyb3,1,27.030984,5.986314
csxxsyyszz,1,79.800540,17.119555
dyf2,1,26.899393,5.951010
dxf2,1,26.349217,5.818354
csxy,1,25.890305,6.003674
dzf2,1,101.691105,23.236910
dyf3,1,26.538683,5.898222
csyz,1,30.868522,7.164753
dxf3,1,26.217139,5.797499
dzf3,1,101.966331,23.301781
csxz,1,30.671801,7.126760
dxf,2,26.253045,5.802860
dzb,2,101.997789,23.297334
dyb,2,26.731363,5.910018
cvx,2,32.061035,7.294121
dyf,2,26.791926,5.936445
dzb2,2,102.060379,23.282401
dxb,2,26.163533,5.765672
cvy,2,31.855782,7.264687
dzf,2,101.884787,23.251493
dxb2,2,26.120190,5.743060
dyb2,2,27.075220,5.999262
cvz,2,36.796649,8.485380
dzb3,2,101.900091,23.257953
dxb3,2,26.145884,5.754896
dyb3,2,27.045825,5.974796
csxxsyyszz,2,79.772443,17.119314
dyf2,2,26.900302,5.930916
dxf2,2,26.400883,5.819980
csxy,2,25.878871,5.996590
dzf2,2,101.769837,23.261076
dyf3,2,26.655643,5.912079
csyz,2,30.924136,7.172104
dxf3,2,26.246161,5.789270
dzf3,2,101.735089,23.257085
csxz,2,30.657560,7.118781
dxf,3,26.199656,5.781001
dzb,3,102.094460,23.315331
dyb,3,26.752604,5.914475
cvx,3,32.122811,7.309947
dyf,3,26.760928,5.935550
dzb2,3,102.352786,23.369035
dxb,3,26.168344,5.757853
cvy,3,31.898979,7.285050
dzf,3,101.704713,23.225085
dxb2,3,26.103817,5.753211
dyb2,3,27.019345,5.989793
cvz,3,36.802494,8.493023
dzb3,3,101.979941,23.283852
dxb3,3,26.162839,5.757460
dyb3,3,27.055630,5.987574
csxxsyyszz,3,79.772184,17.127506
dyf2,3,26.856453,5.917052
dxf2,3,26.429619,5.826905
csxy,3,25.862234,5.992016
dzf2,3,101.669449,23.242326
dyf3,3,26.569375,5.894131
csyz,3,30.907592,7.170440
dxf3,3,26.244770,5.791190
dzf3,3,101.804335,23.282799
csxz,3,30.677496,7.125328
dxf,4,26.208416,5.789954
dzb,4,102.197814,23.339425
dyb,4,26.754495,5.912982
cvx,4,32.115568,7.306410
dyf,4,26.777632,5.933517
dzb2,4,102.130818,23.324493
dxb,4,26.181409,5.771130
cvy,4,31.860798,7.275003
dzf,4,101.599371,23.224210
dxb2,4,26.224388,5.778146
dyb2,4,27.042606,5.997747
cvz,4,36.784171,8.494360
dzb3,4,101.922155,23.286614
dxb3,4,26.148839,5.760682
dyb3,4,27.040964,5.987475
csxxsyyszz,4,79.768634,17.126251
dyf2,4,26.910605,5.935710
dxf2,4,26.362391,5.813731
csxy,4,25.878980,5.999850
dzf2,4,101.629590,23.244438
dyf3,4,26.672905,5.918646
csyz,4,30.848613,7.157722
dxf3,4,26.407001,5.828166
dzf3,4,101.826871,23.285605
csxz,4,30.674739,7.205258
#========================= OptEWE [OpenMP] =========================
#Source type                                  :  Force monopole
#Grid Size                                    :  512 x 512 x 512
#Iterations                                   :  5
#Compute time                                 :  6.209761
#Total effective MLUPS                        :  108.069968
#===================================================================
#Number of threads                            :  22
