dxf,0,31.718172,6.173269
dzb,0,126.697184,25.268911
dyb,0,29.706274,5.938979
cvx,0,37.818881,7.675051
dyf,0,29.833825,5.955818
dzb2,0,126.644885,25.301644
dxb,0,29.458704,5.798969
cvy,0,337.812156,55.391601
dzf,0,126.114260,25.195017
dxb2,0,29.440987,5.827891
dyb2,0,29.866562,5.962233
cvz,0,44.277575,8.970179
dzb3,0,126.718268,25.316923
dxb3,0,29.419851,5.819436
dyb3,0,29.875947,5.974466
csxxsyyszz,0,72.880940,14.678615
dyf2,0,29.798290,5.965545
dxf2,0,29.668936,5.883182
csxy,0,30.747294,6.254672
dzf2,0,126.283304,25.245068
dyf3,0,29.655511,5.935766
csyz,0,37.197001,7.535850
dxf3,0,29.485932,5.845348
dzf3,0,126.530367,25.308915
csxz,0,37.034412,7.510151
dxf,1,29.480236,5.848142
dzb,1,126.680531,25.335611
dyb,1,29.685222,5.932855
cvx,1,37.762054,7.683610
dyf,1,29.815441,5.970542
dzb2,1,126.686260,25.337870
dxb,1,29.387213,5.841419
cvy,1,37.679057,7.653679
dzf,1,126.024146,25.220828
dxb2,1,29.439226,5.833240
dyb2,1,29.930547,5.995764
cvz,1,44.272754,8.983399
dzb3,1,126.598678,25.325669
dxb3,1,29.427670,5.825255
dyb3,1,29.900509,5.981307
csxxsyyszz,1,72.628904,14.647238
dyf2,1,30.096872,5.997154
dxf2,1,29.653776,5.897155
csxy,1,30.759312,6.259280
dzf2,1,126.177286,25.242726
dyf3,1,29.672941,5.940451
csyz,1,37.176774,7.537472
dxf3,1,29.486895,5.850295
dzf3,1,126.445355,25.303394
csxz,1,37.025645,7.515019
dxf,2,29.498306,5.854581
dzb,2,126.865403,25.376921
dyb,2,29.681620,5.928903
cvx,2,37.872862,7.705306
dyf,2,29.700268,5.953347
dzb2,2,126.687341,25.362953
dxb,2,29.421972,5.838838
cvy,2,37.588952,7.642243
dzf,2,126.375249,25.292450
dxb2,2,29.372560,5.834717
dyb2,2,29.886055,5.980826
cvz,2,44.286945,8.988444
dzb3,2,126.663862,25.344646
dxb3,2,29.406816,5.841996
dyb3,2,29.894756,5.978348
csxxsyyszz,2,72.932780,14.715543
dyf2,2,29.916436,5.989077
dxf2,2,29.661026,5.900630
csxy,2,30.766561,6.270009
dzf2,2,126.242680,25.283794
dyf3,2,29.743259,5.973598
csyz,2,37.148837,7.538118
dxf3,2,29.493857,5.860239
dzf3,2,126.424197,25.333729
csxz,2,37.004187,7.521694
dxf,3,29.476461,5.857971
dzb,3,128.473685,25.656812
dyb,3,29.527280,5.931768
cvx,3,37.863386,7.710660
dyf,3,29.748416,5.961438
dzb2,3,126.590826,25.349318
dxb,3,29.443069,5.845043
cvy,3,37.643100,7.652528
dzf,3,126.163017,25.260694
dxb2,3,29.453205,5.852874
dyb2,3,29.874660,5.983485
cvz,3,44.338914,9.002848
dzb3,3,126.647298,25.349742
dxb3,3,29.489704,5.853706
dyb3,3,29.935347,5.985500
csxxsyyszz,3,72.667635,14.665482
dyf2,3,29.839588,5.975738
dxf2,3,29.664854,5.901990
csxy,3,30.735308,6.263760
dzf2,3,126.315830,25.289440
dyf3,3,29.639848,5.963824
csyz,3,37.164116,7.539193
dxf3,3,29.458870,5.846279
dzf3,3,126.217234,25.307911
csxz,3,37.014062,7.515397
dxf,4,29.439058,5.846858
dzb,4,126.701164,25.379084
dyb,4,29.648783,5.932865
cvx,4,37.791019,7.697013
dyf,4,29.773544,5.971756
dzb2,4,128.211359,25.617862
dxb,4,29.362212,5.859182
cvy,4,37.657611,7.660910
dzf,4,126.163172,25.278713
dxb2,4,29.406398,5.844047
dyb2,4,29.953476,5.996372
cvz,4,44.296348,8.997816
dzb3,4,126.584597,25.354004
dxb3,4,29.367839,5.829279
dyb3,4,29.887572,5.979563
csxxsyyszz,4,72.625819,14.666612
dyf2,4,29.807511,5.972079
dxf2,4,29.651828,5.904181
csxy,4,30.742823,6.263970
dzf2,4,126.228653,25.276794
dyf3,4,29.671440,5.940749
csyz,4,37.158801,7.540140
dxf3,4,29.489862,5.853856
dzf3,4,126.393604,25.345126
csxz,4,37.011495,7.584448
#========================= OptEWE [OpenMP] =========================
#Source type                                  :  Force monopole
#Grid Size                                    :  512 x 512 x 512
#Iterations                                   :  5
#Compute time                                 :  7.366066
#Total effective MLUPS                        :  91.105428
#===================================================================
#Number of threads                            :  23
