dxf,0,39.240700,7.219571
dzb,0,162.692330,30.539904
dyb,0,38.628658,7.215471
cvx,0,49.008496,9.326989
dyf,0,38.726350,7.258528
dzb2,0,162.539753,30.555119
dxb,0,38.154335,7.075721
cvy,0,274.052202,44.439649
dzf,0,161.894951,30.413902
dxb2,0,38.185147,7.091459
dyb2,0,38.914521,7.303039
cvz,0,56.989541,10.829978
dzb3,0,162.249664,30.499226
dxb3,0,38.340519,7.114203
dyb3,0,38.864912,7.292272
csxxsyyszz,0,91.814019,17.486745
dyf2,0,38.709606,7.245107
dxf2,0,38.462027,7.170524
csxy,0,39.677674,7.582790
dzf2,0,161.917839,30.491711
dyf3,0,38.484103,7.215408
csyz,0,47.912891,9.095504
dxf3,0,38.178468,7.113484
dzf3,0,162.018854,30.511163
csxz,0,47.766816,9.049496
dxf,1,38.223561,7.122841
dzb,1,162.572957,30.590976
dyb,1,38.622643,7.224003
cvx,1,48.857407,9.322115
dyf,1,38.685292,7.259899
dzb2,1,163.445052,30.745995
dxb,1,38.171251,7.097825
cvy,1,48.541873,9.253780
dzf,1,161.922673,30.486909
dxb2,1,38.176521,7.107872
dyb2,1,38.852697,7.300422
cvz,1,56.963008,10.828741
dzb3,1,162.107816,30.488748
dxb3,1,38.191857,7.105833
dyb3,1,38.942270,7.316279
csxxsyyszz,1,91.662830,17.466697
dyf2,1,38.991136,7.310472
dxf2,1,38.489848,7.178597
csxy,1,39.655429,7.583133
dzf2,1,161.741070,30.477400
dyf3,1,38.524005,7.220000
csyz,1,47.935302,9.110031
dxf3,1,38.195599,7.120495
dzf3,1,162.164263,30.558445
csxz,1,47.748822,9.051569
dxf,2,38.210990,7.127544
dzb,2,162.690190,30.643044
dyb,2,38.614078,7.236037
cvx,2,48.726965,9.315255
dyf,2,38.739781,7.273515
dzb2,2,162.732733,30.646095
dxb,2,38.222074,7.121489
cvy,2,48.531211,9.253931
dzf,2,161.826617,30.488804
dxb2,2,38.187927,7.122287
dyb2,2,38.808008,7.299544
cvz,2,56.953398,10.835015
dzb3,2,162.274929,30.565941
dxb3,2,38.204334,7.114721
dyb3,2,38.896810,7.313451
csxxsyyszz,2,92.093694,17.533561
dyf2,2,38.865445,7.310711
dxf2,2,40.040688,7.465205
csxy,2,39.655502,7.585928
dzf2,2,161.905021,30.504817
dyf3,2,38.490981,7.244243
csyz,2,47.900079,9.103581
dxf3,2,38.222003,7.146559
dzf3,2,162.175820,30.586210
csxz,2,47.761098,9.075218
dxf,3,38.206640,7.140940
dzb,3,162.603681,30.638152
dyb,3,38.610740,7.279693
cvx,3,48.752787,9.307516
dyf,3,38.702368,7.289833
dzb2,3,162.528536,30.623249
dxb,3,38.162178,7.135373
cvy,3,48.611452,9.270447
dzf,3,161.708963,30.483131
dxb2,3,38.168067,7.137428
dyb2,3,38.902172,7.324671
cvz,3,56.956290,10.836057
dzb3,3,162.203932,30.561594
dxb3,3,38.246599,7.149126
dyb3,3,38.892846,7.311733
csxxsyyszz,3,90.522172,17.283708
dyf2,3,38.673299,7.293301
dxf2,3,38.427133,7.186954
csxy,3,39.635371,7.587032
dzf2,3,161.897505,30.515444
dyf3,3,38.493605,7.250030
csyz,3,47.927652,9.114079
dxf3,3,38.120125,7.133347
dzf3,3,162.178693,30.584404
csxz,3,47.761511,9.072372
dxf,4,38.278708,7.152974
dzb,4,162.469650,30.613392
dyb,4,38.639511,7.257104
cvx,4,48.734831,9.305916
dyf,4,38.736315,7.296227
dzb2,4,162.528648,30.625500
dxb,4,38.181853,7.140006
cvy,4,48.573718,9.264101
dzf,4,161.820066,30.508045
dxb2,4,38.183857,7.136324
dyb2,4,38.948152,7.329068
cvz,4,56.969004,10.838475
dzb3,4,162.272451,30.578833
dxb3,4,38.168991,7.124600
dyb3,4,38.868961,7.309794
csxxsyyszz,4,90.566823,17.294202
dyf2,4,38.722155,7.301425
dxf2,4,38.463534,7.189075
csxy,4,39.654278,7.590651
dzf2,4,161.831940,30.518227
dyf3,4,38.482080,7.242207
csyz,4,47.933502,9.109566
dxf3,4,38.222029,7.143219
dzf3,4,162.104537,30.580427
csxz,4,47.827714,9.125216
#========================= OptEWE [OpenMP] =========================
#Source type                                  :  Force monopole
#Grid Size                                    :  512 x 512 x 512
#Iterations                                   :  5
#Compute time                                 :  9.310111
#Total effective MLUPS                        :  72.081701
#===================================================================
#Number of threads                            :  17
