dxf,0,65.269674,8.438053
dzb,0,346.495142,43.543262
dyb,0,76.490724,9.786522
cvx,0,112.737931,14.117211
dyf,0,75.997046,9.715655
dzb2,0,346.050961,43.524111
dxb,0,66.482949,8.594632
cvy,0,369.762746,42.861830
dzf,0,344.888411,43.361618
dxb2,0,66.802680,8.620247
dyb2,0,76.660481,9.776668
cvz,0,114.181610,14.525549
dzb3,0,346.003322,43.483072
dxb3,0,66.630290,8.583916
dyb3,0,76.307430,9.738369
csxxsyyszz,0,305.964931,37.324855
dyf2,0,75.563942,9.682734
dxf2,0,65.652257,8.487269
csxy,0,62.874589,8.313077
dzf2,0,344.972458,43.375176
dyf3,0,75.194034,9.621296
csyz,0,72.264812,9.570937
dxf3,0,65.424139,8.455826
dzf3,0,345.194348,43.388044
csxz,0,71.940083,9.503728
dxf,1,65.081712,8.415697
dzb,1,346.220433,43.535229
dyb,1,76.448187,9.775567
cvx,1,112.763937,14.117624
dyf,1,76.045435,9.725650
dzb2,1,345.991400,43.510287
dxb,1,66.388626,8.589638
cvy,1,110.293071,13.840918
dzf,1,345.155024,43.394415
dxb2,1,66.661882,8.590437
dyb2,1,76.407286,9.755153
cvz,1,114.518568,14.559900
dzb3,1,346.222770,43.525325
dxb3,1,66.808157,8.609041
dyb3,1,78.312121,9.989812
csxxsyyszz,1,307.723075,37.559517
dyf2,1,76.092707,10.261540
dxf2,1,65.600391,8.885303
csxy,1,63.022708,8.336086
dzf2,1,345.246360,43.506264
dyf3,1,75.466331,9.707959
csyz,1,72.256937,9.546825
dxf3,1,65.569276,8.474095
dzf3,1,344.949111,43.421839
csxz,1,71.841880,9.497767
dxf,2,64.980597,8.424833
dzb,2,344.562438,43.758184
dyb,2,76.506053,9.778797
cvx,2,112.758043,14.134814
dyf,2,76.008858,9.765798
dzb2,2,345.890236,43.601482
dxb,2,66.518687,8.571984
cvy,2,110.300984,13.849174
dzf,2,345.569837,43.552629
dxb2,2,66.647469,8.652532
dyb2,2,76.693982,9.812159
cvz,2,114.363361,14.530062
dzb3,2,346.455089,43.593731
dxb3,2,66.923090,8.617455
dyb3,2,76.256488,9.801158
csxxsyyszz,2,306.078783,37.388069
dyf2,2,76.125548,9.723697
dxf2,2,65.596238,8.480149
csxy,2,62.947077,8.331021
dzf2,2,345.820103,43.522132
dyf3,2,75.507737,9.715369
csyz,2,72.239651,9.536366
dxf3,2,65.462310,8.457462
dzf3,2,345.466433,43.529516
csxz,2,71.826510,9.526360
dxf,3,64.844103,8.425680
dzb,3,346.379846,43.626565
dyb,3,76.202956,9.718441
cvx,3,112.813841,14.137850
dyf,3,75.932314,9.825715
dzb2,3,345.574137,43.506613
dxb,3,66.546367,8.567600
cvy,3,110.056862,13.836825
dzf,3,345.375885,43.452416
dxb2,3,66.740303,8.614897
dyb2,3,76.725101,9.801263
cvz,3,114.236088,14.517831
dzb3,3,347.606248,43.672889
dxb3,3,66.746694,8.643697
dyb3,3,76.254229,9.731457
csxxsyyszz,3,299.968288,36.651565
dyf2,3,75.517333,9.653591
dxf2,3,65.578618,8.472733
csxy,3,62.990422,8.354474
dzf2,3,345.506909,43.456081
dyf3,3,75.588014,9.681155
csyz,3,72.234701,9.531320
dxf3,3,65.457862,8.456154
dzf3,3,344.929404,43.414872
csxz,3,71.832409,9.519024
dxf,4,64.986021,8.409659
dzb,4,346.601956,43.574488
dyb,4,76.148007,9.711921
cvx,4,112.731458,14.160900
dyf,4,76.100111,9.724960
dzb2,4,348.451988,43.828290
dxb,4,66.402227,8.555146
cvy,4,110.379770,13.888140
dzf,4,345.160325,43.424052
dxb2,4,66.847338,8.612984
dyb2,4,76.622048,9.781099
cvz,4,114.288524,14.540382
dzb3,4,346.205977,43.535525
dxb3,4,66.992930,8.622877
dyb3,4,76.549242,9.765794
csxxsyyszz,4,306.231466,37.360611
dyf2,4,76.078682,9.708810
dxf2,4,65.757500,8.501488
csxy,4,62.949769,8.347360
dzf2,4,345.401915,43.477216
dyf3,4,75.572498,9.663097
csyz,4,72.275836,9.537846
dxf3,4,65.341132,8.458873
dzf3,4,345.529655,43.517443
csxz,4,71.874409,9.542098
#========================= OptEWE [OpenMP] =========================
#Source type                                  :  Force monopole
#Grid Size                                    :  512 x 512 x 512
#Iterations                                   :  5
#Compute time                                 :  19.148117
#Total effective MLUPS                        :  35.047239
#===================================================================
#Number of threads                            :  6
