dxf,0,62.273529,9.235456
dzb,0,323.187301,46.770546
dyb,0,73.203613,10.751292
cvx,0,101.454950,14.752460
dyf,0,72.150862,10.636158
dzb2,0,321.933731,46.614981
dxb,0,63.534246,9.402213
cvy,0,293.473146,39.314333
dzf,0,321.564605,46.536395
dxb2,0,66.496156,9.786425
dyb2,0,73.150816,10.737930
cvz,0,102.685668,15.069615
dzb3,0,322.022474,46.627660
dxb3,0,66.274347,9.772786
dyb3,0,72.859598,10.705068
csxxsyyszz,0,277.773513,38.977273
dyf2,0,71.976061,10.584918
dxf2,0,62.083730,9.244291
csxy,0,58.677458,8.986941
dzf2,0,322.167297,46.661432
dyf3,0,71.883548,10.578328
csyz,0,65.933304,10.043758
dxf3,0,65.786774,9.709931
dzf3,0,321.138047,46.490572
csxz,0,64.212033,9.820914
dxf,1,62.083107,9.233771
dzb,1,323.083548,46.764976
dyb,1,73.021414,10.716866
cvx,1,101.511489,14.718426
dyf,1,71.916730,10.621510
dzb2,1,321.687307,46.582288
dxb,1,63.516254,9.401260
cvy,1,98.986216,14.407567
dzf,1,321.783920,46.596652
dxb2,1,66.514198,9.799962
dyb2,1,72.976971,10.733778
cvz,1,102.882789,15.071339
dzb3,1,321.899535,46.594707
dxb3,1,64.931513,9.602116
dyb3,1,72.847700,10.697660
csxxsyyszz,1,277.383484,38.894582
dyf2,1,71.822521,10.588164
dxf2,1,62.131512,9.226044
csxy,1,58.901350,9.018533
dzf2,1,321.922356,46.629406
dyf3,1,71.848798,10.578013
csyz,1,65.786033,10.033352
dxf3,1,65.880977,9.730104
dzf3,1,320.555592,46.473840
csxz,1,64.198335,9.808727
dxf,2,62.074596,9.237597
dzb,2,322.677732,46.758517
dyb,2,72.494925,10.654060
cvx,2,101.337815,14.723376
dyf,2,72.174032,10.652619
dzb2,2,319.614781,49.156951
dxb,2,62.823851,9.898069
cvy,2,98.452681,15.229891
dzf,2,320.785171,46.979087
dxb2,2,66.387693,9.780957
dyb2,2,72.755021,10.693759
cvz,2,102.690944,15.091002
dzb3,2,321.432182,46.603063
dxb3,2,65.133229,9.629632
dyb3,2,72.795818,10.707748
csxxsyyszz,2,277.439329,38.942064
dyf2,2,71.478585,10.522896
dxf2,2,62.116045,9.239397
csxy,2,58.822769,9.032236
dzf2,2,321.507541,46.593583
dyf3,2,71.811703,10.598989
csyz,2,65.818775,10.037854
dxf3,2,65.823744,9.721160
dzf3,2,320.736771,46.503469
csxz,2,64.226339,9.814222
dxf,3,61.917762,9.229432
dzb,3,322.963317,46.813856
dyb,3,74.407961,10.928424
cvx,3,101.324720,14.734385
dyf,3,72.006807,10.620274
dzb2,3,321.523004,46.662269
dxb,3,63.151691,9.391749
cvy,3,98.779844,14.422474
dzf,3,321.136914,46.630968
dxb2,3,67.872878,10.004241
dyb2,3,73.346312,10.779340
cvz,3,102.587239,15.092901
dzb3,3,321.463775,46.720230
dxb3,3,65.182279,9.660476
dyb3,3,72.631142,10.724748
csxxsyyszz,3,275.762520,38.821662
dyf2,3,71.822793,10.606652
dxf2,3,62.150120,9.279790
csxy,3,58.795236,9.049077
dzf2,3,321.547181,46.700123
dyf3,3,72.115774,10.649502
csyz,3,65.904536,10.061508
dxf3,3,65.925649,9.748263
dzf3,3,320.903674,46.594440
csxz,3,64.186963,9.819876
dxf,4,62.091684,9.250084
dzb,4,322.775333,46.882742
dyb,4,72.925589,10.733365
cvx,4,101.315357,14.737695
dyf,4,72.153315,10.650414
dzb2,4,321.693161,46.633431
dxb,4,63.307049,9.412419
cvy,4,98.865163,14.417136
dzf,4,321.168439,46.570293
dxb2,4,66.334197,9.778075
dyb2,4,73.125081,10.747680
cvz,4,102.675604,15.093807
dzb3,4,321.491039,46.610352
dxb3,4,64.861064,9.600174
dyb3,4,72.975030,10.727945
csxxsyyszz,4,277.176303,38.909492
dyf2,4,72.063901,10.619200
dxf2,4,62.332213,9.269603
csxy,4,58.804332,9.031733
dzf2,4,321.712665,46.654062
dyf3,4,71.703680,10.585747
csyz,4,65.747494,10.035079
dxf3,4,65.880780,9.729337
dzf3,4,320.635196,46.493098
csxz,4,64.113037,9.835405
#========================= OptEWE [OpenMP] =========================
#Source type                                  :  Force monopole
#Grid Size                                    :  512 x 512 x 512
#Iterations                                   :  5
#Compute time                                 :  17.789188
#Total effective MLUPS                        :  37.724523
#===================================================================
#Number of threads                            :  4
