dxf,0,35.836695,7.803440
dzb,0,134.964457,30.726618
dyb,0,35.886731,7.910720
cvx,0,42.279266,9.684954
dyf,0,35.940912,7.960669
dzb2,0,134.868994,30.753229
dxb,0,35.403422,7.756937
cvy,0,199.851848,38.764298
dzf,0,134.400253,30.614721
dxb2,0,35.434334,7.794955
dyb2,0,36.164843,8.019078
cvz,0,49.029418,11.226054
dzb3,0,134.774694,30.774463
dxb3,0,35.367969,7.774740
dyb3,0,36.151773,8.015347
csxxsyyszz,0,83.685775,18.813792
dyf2,0,35.962329,7.956665
dxf2,0,35.655220,7.852460
csxy,0,34.940755,8.001797
dzf2,0,134.467948,30.709735
dyf3,0,35.757308,7.922539
csyz,0,41.693653,9.519727
dxf3,0,35.478681,7.826405
dzf3,0,134.728642,30.781655
csxz,0,41.511884,9.474122
dxf,1,36.098923,7.953400
dzb,1,135.075317,30.846222
dyb,1,35.718358,7.918977
cvx,1,42.165337,9.698027
dyf,1,35.894947,7.986504
dzb2,1,134.895107,30.833326
dxb,1,35.364072,7.810083
cvy,1,42.042699,9.653696
dzf,1,134.477031,30.759890
dxb2,1,35.367184,7.782095
dyb2,1,36.137672,8.039443
cvz,1,49.039230,11.249936
dzb3,1,134.730847,30.778815
dxb3,1,35.402445,7.796790
dyb3,1,36.137022,8.018615
csxxsyyszz,1,83.580689,18.823600
dyf2,1,36.287747,8.052060
dxf2,1,35.690090,7.865806
csxy,1,34.897565,8.003902
dzf2,1,134.491604,30.733432
dyf3,1,35.739411,7.931613
csyz,1,41.704854,9.530771
dxf3,1,35.435542,7.820839
dzf3,1,134.791041,30.811026
csxz,1,41.509255,9.487036
dxf,2,35.511394,7.834221
dzb,2,134.781707,30.810998
dyb,2,35.881885,7.960323
cvx,2,42.190550,9.703227
dyf,2,35.939071,7.991708
dzb2,2,134.873435,30.836678
dxb,2,35.431447,7.830350
cvy,2,42.001078,9.651418
dzf,2,134.521565,30.767851
dxb2,2,35.370862,7.806206
dyb2,2,36.171639,8.043311
cvz,2,48.982459,11.251515
dzb3,2,134.790721,30.822474
dxb3,2,35.414101,7.804382
dyb3,2,36.268255,8.055251
csxxsyyszz,2,83.600038,18.840989
dyf2,2,36.060828,8.008113
dxf2,2,35.644766,7.863283
csxy,2,34.928334,8.018357
dzf2,2,134.490094,30.768440
dyf3,2,35.749770,7.942125
csyz,2,41.706216,9.535690
dxf3,2,35.438699,7.827403
dzf3,2,134.768441,30.828652
csxz,2,41.490360,9.484889
dxf,3,35.462185,7.833788
dzb,3,134.891813,30.849682
dyb,3,35.855920,7.951535
cvx,3,42.208145,9.712310
dyf,3,35.925989,7.990134
dzb2,3,134.930803,30.867281
dxb,3,35.396030,7.818576
cvy,3,42.154656,9.685990
dzf,3,134.401988,30.756066
dxb2,3,35.389267,7.808833
dyb2,3,36.164729,8.040228
cvz,3,50.372428,11.517607
dzb3,3,134.724441,30.818091
dxb3,3,35.362933,7.786894
dyb3,3,36.192394,8.052688
csxxsyyszz,3,83.558023,18.852533
dyf2,3,36.066673,8.007632
dxf2,3,35.659867,7.885890
csxy,3,34.885183,8.011479
dzf2,3,134.446238,30.777560
dyf3,3,35.719524,7.968833
csyz,3,41.713194,9.546016
dxf3,3,35.486131,7.845432
dzf3,3,134.620744,30.822210
csxz,3,41.480768,9.484505
dxf,4,35.468571,7.844306
dzb,4,134.833586,30.850865
dyb,4,35.851955,7.958892
cvx,4,42.184521,9.709271
dyf,4,35.899082,7.994822
dzb2,4,135.105481,30.912897
dxb,4,35.426798,7.819269
cvy,4,42.022931,9.662647
dzf,4,134.486044,30.788280
dxb2,4,35.381359,7.807207
dyb2,4,36.165888,8.041675
cvz,4,49.107615,11.272123
dzb3,4,134.810537,30.842866
dxb3,4,35.362767,7.783393
dyb3,4,36.197808,8.046391
csxxsyyszz,4,83.540872,18.839326
dyf2,4,36.088233,8.011944
dxf2,4,35.646884,7.883380
csxy,4,34.903118,8.014265
dzf2,4,134.468016,30.766232
dyf3,4,35.781287,7.981765
csyz,4,41.795148,9.555051
dxf3,4,35.446526,7.828293
dzf3,4,134.647115,30.821813
csxz,4,41.505998,9.510062
#========================= OptEWE [OpenMP] =========================
#Source type                                  :  Force monopole
#Grid Size                                    :  512 x 512 x 512
#Iterations                                   :  5
#Compute time                                 :  8.020479
#Total effective MLUPS                        :  83.671888
#===================================================================
#Number of threads                            :  16
