dxf,0,29.658588,6.384370
dzb,0,114.812485,26.118974
dyb,0,28.199327,6.277053
cvx,0,35.308844,8.108390
dyf,0,28.331192,6.342763
dzb2,0,114.719108,26.133210
dxb,0,27.920193,6.188053
cvy,0,282.696157,52.906734
dzf,0,114.425731,26.012124
dxb2,0,27.947760,6.191874
dyb2,0,28.475178,6.386270
cvz,0,41.119573,9.430965
dzb3,0,114.535552,26.098431
dxb3,0,27.905882,6.216035
dyb3,0,28.442051,6.404913
csxxsyyszz,0,66.443540,15.183814
dyf2,0,28.500642,6.406944
dxf2,0,28.209403,6.293165
csxy,0,28.876939,6.642177
dzf2,0,114.609112,26.133841
dyf3,0,28.257550,6.372784
csyz,0,34.742072,7.961845
dxf3,0,28.043885,6.239180
dzf3,0,114.690054,26.182206
csxz,0,34.586142,7.917945
dxf,1,28.053157,6.241944
dzb,1,114.776353,26.190405
dyb,1,28.225819,6.364922
cvx,1,35.439935,8.304918
dyf,1,28.337915,6.390554
dzb2,1,114.803598,26.198972
dxb,1,27.947883,6.238401
cvy,1,35.129855,8.069660
dzf,1,114.500490,26.129801
dxb2,1,27.933112,6.211144
dyb2,1,28.473410,6.400229
cvz,1,41.101177,9.444309
dzb3,1,114.697629,26.179486
dxb3,1,27.972219,6.241060
dyb3,1,28.575430,6.438282
csxxsyyszz,1,66.462320,15.198979
dyf2,1,28.463223,6.403751
dxf2,1,28.197874,6.296938
csxy,1,28.886762,6.648168
dzf2,1,114.372688,26.115302
dyf3,1,28.246271,6.346937
csyz,1,34.713142,7.963773
dxf3,1,28.050872,6.245994
dzf3,1,114.587254,26.199609
csxz,1,34.574945,7.934469
dxf,2,28.036027,6.246777
dzb,2,114.841996,26.214789
dyb,2,28.245416,6.368400
cvx,2,35.229566,8.113155
dyf,2,28.363069,6.377318
dzb2,2,114.979818,26.255170
dxb,2,27.944243,6.213619
cvy,2,35.107120,8.074756
dzf,2,114.524146,26.146676
dxb2,2,27.939039,6.225709
dyb2,2,28.441225,6.405675
cvz,2,41.104294,9.452553
dzb3,2,114.683920,26.180682
dxb3,2,27.926428,6.220130
dyb3,2,28.526859,6.424011
csxxsyyszz,2,67.645446,15.755261
dyf2,2,28.605697,6.568106
dxf2,2,28.279486,6.419679
csxy,2,28.892404,6.660903
dzf2,2,114.485064,26.147500
dyf3,2,28.278965,6.390221
csyz,2,34.755525,7.975789
dxf3,2,28.011443,6.244217
dzf3,2,114.617195,26.216212
csxz,2,34.577699,7.935702
dxf,3,28.044763,6.250243
dzb,3,114.843777,26.236852
dyb,3,28.187307,6.359056
cvx,3,35.254077,8.126898
dyf,3,28.293450,6.370388
dzb2,3,114.677707,26.206450
dxb,3,27.980915,6.237091
cvy,3,35.127133,8.082445
dzf,3,114.436670,26.141749
dxb2,3,27.901808,6.229680
dyb2,3,28.435680,6.416511
cvz,3,41.125654,9.460933
dzb3,3,114.481592,26.150161
dxb3,3,27.946174,6.236574
dyb3,3,28.487398,6.422128
csxxsyyszz,3,66.581244,15.233397
dyf2,3,28.419377,6.393294
dxf2,3,28.205609,6.301956
csxy,3,28.881937,6.653074
dzf2,3,114.608317,26.172439
dyf3,3,28.227693,6.375342
csyz,3,34.749898,7.975584
dxf3,3,28.033037,6.249031
dzf3,3,114.676860,26.224052
csxz,3,34.565728,7.928874
dxf,4,27.980457,6.247360
dzb,4,115.971493,26.464545
dyb,4,28.199497,6.351232
cvx,4,35.223889,8.120891
dyf,4,28.364608,6.378727
dzb2,4,114.745235,26.221264
dxb,4,27.957597,6.255753
cvy,4,35.096023,8.075168
dzf,4,114.514731,26.174636
dxb2,4,27.931808,6.227348
dyb2,4,28.468491,6.412527
cvz,4,41.165268,9.471721
dzb3,4,114.538343,26.186822
dxb3,4,28.013078,6.232326
dyb3,4,28.477259,6.414146
csxxsyyszz,4,66.443022,15.220215
dyf2,4,28.404324,6.386239
dxf2,4,28.185182,6.312189
csxy,4,28.865346,6.654665
dzf2,4,114.435684,26.161378
dyf3,4,28.280119,6.374692
csyz,4,35.505733,8.116059
dxf3,4,28.054318,6.250385
dzf3,4,114.647533,26.234641
csxz,4,34.582306,8.034172
#========================= OptEWE [OpenMP] =========================
#Source type                                  :  Force monopole
#Grid Size                                    :  512 x 512 x 512
#Iterations                                   :  5
#Compute time                                 :  6.764717
#Total effective MLUPS                        :  99.204243
#===================================================================
#Number of threads                            :  22
