dxf,0,64.268904,10.067577
dzb,0,342.158854,52.437708
dyb,0,75.794351,11.741111
cvx,0,113.040827,17.198424
dyf,0,74.971614,11.636383
dzb2,0,341.827769,52.199740
dxb,0,66.163339,10.340211
cvy,0,314.900962,44.497074
dzf,0,342.797371,52.287435
dxb2,0,64.878002,10.142717
dyb2,0,75.887749,11.760876
cvz,0,113.861159,17.457638
dzb3,0,342.530577,52.220851
dxb3,0,68.795662,10.692565
dyb3,0,76.456070,11.853264
csxxsyyszz,0,313.256921,46.013587
dyf2,0,75.021906,11.609640
dxf2,0,66.097870,10.315520
csxy,0,57.690372,9.364540
dzf2,0,342.241899,52.235788
dyf3,0,74.778185,11.608575
csyz,0,64.698492,10.453830
dxf3,0,66.801524,10.408389
dzf3,0,341.510614,52.079621
csxz,0,63.160941,10.242154
dxf,1,63.734116,10.011036
dzb,1,342.598467,52.247385
dyb,1,76.251890,11.784338
cvx,1,113.226477,17.182117
dyf,1,75.107156,11.649412
dzb2,1,342.376057,52.240215
dxb,1,66.001076,10.313396
cvy,1,110.830878,16.853467
dzf,1,341.508067,52.052972
dxb2,1,64.950039,10.153856
dyb2,1,76.180308,11.838346
cvz,1,113.838022,17.452358
dzb3,1,342.528410,52.194010
dxb3,1,68.755330,10.678562
dyb3,1,76.472849,11.844222
csxxsyyszz,1,319.106881,46.784075
dyf2,1,75.030270,11.623967
dxf2,1,66.284347,10.341820
csxy,1,57.670423,9.365457
dzf2,1,341.900231,52.153614
dyf3,1,74.553540,11.601413
csyz,1,64.754158,10.467240
dxf3,1,66.645973,10.396036
dzf3,1,341.613314,52.112462
csxz,1,63.121888,10.239341
dxf,2,63.574352,10.004402
dzb,2,342.617948,52.224336
dyb,2,76.019823,11.759682
cvx,2,113.394829,17.208774
dyf,2,75.291901,11.680756
dzb2,2,342.406418,52.229171
dxb,2,66.327731,10.342127
cvy,2,110.874297,16.841013
dzf,2,341.603429,52.088422
dxb2,2,64.987339,10.183688
dyb2,2,76.136312,11.801250
cvz,2,113.922160,17.461171
dzb3,2,342.585850,52.211850
dxb3,2,68.747749,10.680331
dyb3,2,76.116069,11.781645
csxxsyyszz,2,319.256420,46.786604
dyf2,2,75.336730,11.672668
dxf2,2,66.362169,10.363111
csxy,2,57.705922,9.368409
dzf2,2,342.176870,52.177744
dyf3,2,74.867719,11.601541
csyz,2,64.613809,10.438923
dxf3,2,66.638226,10.393358
dzf3,2,341.821017,52.126209
csxz,2,64.443910,10.419530
dxf,3,63.517055,9.952267
dzb,3,342.506073,52.202056
dyb,3,75.781944,11.707941
cvx,3,113.343720,17.192517
dyf,3,75.102125,11.663994
dzb2,3,343.944274,52.414240
dxb,3,66.044075,10.340996
cvy,3,110.833997,16.845406
dzf,3,341.463488,52.075172
dxb2,3,65.260499,10.206206
dyb2,3,76.341060,11.826992
cvz,3,113.817120,17.450143
dzb3,3,342.717059,52.223379
dxb3,3,68.749862,10.702880
dyb3,3,76.545038,11.826208
csxxsyyszz,3,319.191195,46.778537
dyf2,3,75.186400,11.641442
dxf2,3,66.182848,10.333162
csxy,3,57.746592,9.395444
dzf2,3,342.036102,52.159510
dyf3,3,74.538003,11.577909
csyz,3,64.540109,10.447185
dxf3,3,66.630882,10.409850
dzf3,3,341.313437,52.115476
csxz,3,63.161571,10.250394
dxf,4,63.800630,10.020502
dzb,4,341.976774,52.178252
dyb,4,76.002981,11.809450
cvx,4,113.239140,17.205702
dyf,4,74.782737,11.590955
dzb2,4,341.830321,52.153788
dxb,4,66.272300,10.354681
cvy,4,110.690706,16.837835
dzf,4,341.391323,52.068147
dxb2,4,64.938275,10.184855
dyb2,4,76.079527,11.767698
cvz,4,113.807509,17.441990
dzb3,4,342.449042,52.218500
dxb3,4,68.638521,10.690694
dyb3,4,76.046899,11.744615
csxxsyyszz,4,313.205919,45.890010
dyf2,4,75.133377,11.625060
dxf2,4,66.179442,10.324114
csxy,4,57.726077,9.363854
dzf2,4,342.378775,52.106888
dyf3,4,74.478234,11.548413
csyz,4,64.638226,10.443970
dxf3,4,66.604734,10.374299
dzf3,4,342.112227,53.087562
csxz,4,63.114424,10.406508
#========================= OptEWE [OpenMP] =========================
#Source type                                  :  Force monopole
#Grid Size                                    :  512 x 512 x 512
#Iterations                                   :  5
#Compute time                                 :  18.920919
#Total effective MLUPS                        :  35.468078
#===================================================================
#Number of threads                            :  4
