dxf,0,54.671100,8.391648
dzb,0,228.949889,35.697517
dyb,0,54.914200,8.493192
cvx,0,68.544367,10.804428
dyf,0,54.629908,8.480927
dzb2,0,228.808276,35.657282
dxb,0,54.255797,8.345098
cvy,0,234.996939,32.901936
dzf,0,228.777793,35.619831
dxb2,0,54.071241,8.316833
dyb2,0,55.119858,8.552885
cvz,0,79.817127,12.574153
dzb3,0,228.537714,35.600710
dxb3,0,53.959237,8.305185
dyb3,0,54.988368,8.545290
csxxsyyszz,0,132.198410,20.767605
dyf2,0,54.973081,8.530030
dxf2,0,54.274033,8.370921
csxy,0,55.873299,8.816953
dzf2,0,228.627953,35.646700
dyf3,0,54.480085,8.448183
csyz,0,67.148995,10.560882
dxf3,0,54.413298,8.377461
dzf3,0,228.940437,35.640675
csxz,0,67.028883,10.529606
dxf,1,54.132589,8.348260
dzb,1,228.982210,35.675801
dyb,1,54.680236,8.462377
cvx,1,68.470849,10.784770
dyf,1,54.735874,8.496400
dzb2,1,228.841394,35.659334
dxb,1,54.124574,8.328660
cvy,1,68.567535,10.793387
dzf,1,228.827127,35.645794
dxb2,1,54.025931,8.301663
dyb2,1,54.996927,8.538641
cvz,1,79.721733,12.566876
dzb3,1,228.539332,35.581710
dxb3,1,53.897615,8.344453
dyb3,1,55.084937,8.606780
csxxsyyszz,1,132.185422,20.801940
dyf2,1,54.827413,8.530925
dxf2,1,54.210193,8.386607
csxy,1,55.803260,8.873085
dzf2,1,228.750134,35.743326
dyf3,1,54.694588,8.541390
csyz,1,67.159890,10.626957
dxf3,1,54.400507,8.417264
dzf3,1,228.878003,35.795275
csxz,1,67.050767,10.543004
dxf,2,54.173174,8.357058
dzb,2,228.976171,35.774041
dyb,2,54.928142,8.507364
cvx,2,68.554693,10.804464
dyf,2,54.820753,8.517162
dzb2,2,228.890025,35.725503
dxb,2,54.250393,8.355771
cvy,2,68.508634,10.804790
dzf,2,228.910280,35.718463
dxb2,2,54.064542,8.359368
dyb2,2,55.043076,8.594686
cvz,2,79.815657,12.609395
dzb3,2,229.487449,35.903857
dxb3,2,54.000202,8.332665
dyb3,2,54.989634,8.569668
csxxsyyszz,2,132.335588,20.784340
dyf2,2,55.008598,8.563367
dxf2,2,54.217456,8.405279
csxy,2,55.819651,8.813996
dzf2,2,228.718786,35.753842
dyf3,2,54.804660,8.505243
csyz,2,67.121725,10.556958
dxf3,2,54.461421,8.404442
dzf3,2,228.853459,35.754123
csxz,2,67.030839,10.527727
dxf,3,54.168202,8.366327
dzb,3,228.814544,35.755878
dyb,3,54.939089,8.509059
cvx,3,68.625040,10.858197
dyf,3,54.924557,8.589440
dzb2,3,229.512131,35.857047
dxb,3,54.259574,8.408417
cvy,3,68.508447,10.812223
dzf,3,228.913594,35.815521
dxb2,3,54.036253,8.345585
dyb2,3,55.131210,8.584993
cvz,3,79.771909,12.614918
dzb3,3,228.590195,35.750263
dxb3,3,53.946297,8.323546
dyb3,3,54.917806,8.537512
csxxsyyszz,3,131.419138,20.745079
dyf2,3,54.669511,8.490370
dxf2,3,54.299196,8.382075
csxy,3,55.898375,8.830104
dzf2,3,228.557742,35.705687
dyf3,3,54.666112,8.488500
csyz,3,67.124116,10.559401
dxf3,3,54.462556,8.460417
dzf3,3,228.990042,35.745469
csxz,3,67.011033,10.578517
dxf,4,54.148319,8.414383
dzb,4,228.964039,35.796162
dyb,4,54.610511,8.545813
cvx,4,68.490700,10.881460
dyf,4,54.770308,8.538911
dzb2,4,228.871455,35.831567
dxb,4,54.104494,8.359989
cvy,4,68.481570,10.801744
dzf,4,228.604482,35.722431
dxb2,4,53.955878,8.321836
dyb2,4,55.004241,8.545439
cvz,4,79.802588,12.645138
dzb3,4,228.598226,35.648650
dxb3,4,53.929289,8.314180
dyb3,4,55.030623,8.595518
csxxsyyszz,4,132.257244,20.779685
dyf2,4,54.666065,8.486540
dxf2,4,54.213773,8.376875
csxy,4,55.870756,8.873893
dzf2,4,229.638633,35.962552
dyf3,4,54.692115,8.521471
csyz,4,67.124863,10.635156
dxf3,4,54.371762,8.409661
dzf3,4,228.827133,35.813933
csxz,4,67.012148,10.570264
#========================= OptEWE [OpenMP] =========================
#Source type                                  :  Force monopole
#Grid Size                                    :  512 x 512 x 512
#Iterations                                   :  5
#Compute time                                 :  12.999032
#Total effective MLUPS                        :  51.626047
#===================================================================
#Number of threads                            :  11
