dxf,0,81.747504,10.322715
dzb,0,410.534541,50.752580
dyb,0,92.253956,11.592224
cvx,0,116.349238,14.621919
dyf,0,92.295711,11.589125
dzb2,0,411.787519,50.932282
dxb,0,82.991606,10.465340
cvy,0,366.901497,42.584501
dzf,0,408.793719,50.601432
dxb2,0,82.289247,10.399916
dyb2,0,92.241312,11.587079
cvz,0,122.420250,15.410142
dzb3,0,410.617107,50.818724
dxb3,0,83.974922,10.577506
dyb3,0,92.210175,11.564897
csxxsyyszz,0,325.923103,39.585702
dyf2,0,91.488976,11.497729
dxf2,0,81.156601,10.270221
csxy,0,86.228728,10.999919
dzf2,0,409.280924,50.644156
dyf3,0,90.306143,11.399310
csyz,0,96.848329,12.275278
dxf3,0,82.061143,10.356556
dzf3,0,409.342651,50.685782
csxz,0,98.251829,12.418417
dxf,1,81.814467,10.330308
dzb,1,410.702593,50.818837
dyb,1,92.919754,11.685771
cvx,1,116.896673,14.670780
dyf,1,92.248893,11.589380
dzb2,1,411.970777,50.992978
dxb,1,83.074609,10.470455
cvy,1,112.552473,14.179266
dzf,1,409.971153,50.764477
dxb2,1,82.108075,10.382028
dyb2,1,92.319685,11.602202
cvz,1,122.590695,15.458414
dzb3,1,410.904410,50.860016
dxb3,1,84.000250,10.580979
dyb3,1,92.250592,11.606400
csxxsyyszz,1,325.937728,39.604797
dyf2,1,91.467094,11.506781
dxf2,1,81.253067,10.271048
csxy,1,86.237264,11.004561
dzf2,1,409.287136,50.699447
dyf3,1,90.536854,11.393251
csyz,1,96.834680,12.278365
dxf3,1,81.780669,10.348703
dzf3,1,409.142818,50.648594
csxz,1,98.264754,12.420173
dxf,2,81.821297,10.348545
dzb,2,410.669530,50.840911
dyb,2,92.331449,11.587597
cvx,2,116.364029,14.617245
dyf,2,91.506242,11.533476
dzb2,2,411.969338,50.973474
dxb,2,83.021656,10.466955
cvy,2,112.428436,14.209253
dzf,2,408.718398,50.595598
dxb2,2,82.044170,10.362105
dyb2,2,92.328827,11.624346
cvz,2,122.542681,15.429260
dzb3,2,410.842532,50.836277
dxb3,2,83.915423,10.596543
dyb3,2,92.243199,11.589278
csxxsyyszz,2,330.926618,40.148774
dyf2,2,91.442116,11.502902
dxf2,2,81.296769,10.302774
csxy,2,86.271750,11.006020
dzf2,2,409.352557,50.676301
dyf3,2,90.407157,11.400023
csyz,2,96.777246,12.323792
dxf3,2,82.105738,10.378923
dzf3,2,410.684713,50.850267
csxz,2,98.228039,12.434687
dxf,3,81.608834,10.318478
dzb,3,410.720452,50.812324
dyb,3,92.276435,11.614437
cvx,3,116.335369,14.633978
dyf,3,92.304873,11.593835
dzb2,3,411.653388,50.981975
dxb,3,82.998550,10.471527
cvy,3,112.465352,14.161632
dzf,3,409.984312,50.835809
dxb2,3,81.921366,10.480629
dyb2,3,92.310445,11.620313
cvz,3,122.618504,15.479350
dzb3,3,410.499424,51.015761
dxb3,3,84.054091,10.601811
dyb3,3,93.907560,11.801832
csxxsyyszz,3,330.855777,40.233108
dyf2,3,92.189457,11.625924
dxf2,3,81.310569,10.289460
csxy,3,86.238607,11.006447
dzf2,3,409.181174,50.735602
dyf3,3,91.182070,11.508672
csyz,3,96.896393,12.279887
dxf3,3,82.361919,11.038335
dzf3,3,406.739246,53.062647
csxz,3,97.382121,13.015637
dxf,4,81.395238,10.821031
dzb,4,410.094117,51.592601
dyb,4,92.023771,11.607722
cvx,4,116.138719,14.632494
dyf,4,92.165403,11.614556
dzb2,4,411.324167,51.021126
dxb,4,82.957484,10.500664
cvy,4,112.351218,14.197892
dzf,4,408.651443,50.657079
dxb2,4,82.124250,10.369042
dyb2,4,92.387561,11.611224
cvz,4,122.550070,15.490971
dzb3,4,410.719082,50.858386
dxb3,4,83.959890,10.581045
dyb3,4,92.291714,11.644710
csxxsyyszz,4,330.849866,40.185427
dyf2,4,92.205667,11.585789
dxf2,4,81.302529,10.286606
csxy,4,86.171736,11.041243
dzf2,4,409.216490,50.681112
dyf3,4,91.204851,11.495734
csyz,4,96.836553,12.274033
dxf3,4,82.046905,10.418492
dzf3,4,409.260900,50.712876
csxz,4,98.180727,12.456935
#========================= OptEWE [OpenMP] =========================
#Source type                                  :  Force monopole
#Grid Size                                    :  512 x 512 x 512
#Iterations                                   :  5
#Compute time                                 :  22.594593
#Total effective MLUPS                        :  29.701293
#===================================================================
#Number of threads                            :  4
