dxf,0,60.323863,8.473435
dzb,0,258.085584,36.391059
dyb,0,60.648903,8.581330
cvx,0,76.759734,10.950932
dyf,0,60.545562,8.562802
dzb2,0,258.043810,36.406259
dxb,0,59.767458,8.387897
cvy,0,273.717669,34.864663
dzf,0,258.069565,36.387684
dxb2,0,59.623703,8.380307
dyb2,0,60.821287,8.589658
cvz,0,89.677543,12.788165
dzb3,0,257.934139,36.384024
dxb3,0,60.201831,8.453502
dyb3,0,60.734475,8.604214
csxxsyyszz,0,161.551765,22.746091
dyf2,0,60.728735,8.587729
dxf2,0,60.039824,8.468762
csxy,0,62.616553,8.953555
dzf2,0,258.415616,36.461076
dyf3,0,60.180827,8.524201
csyz,0,75.253928,11.400481
dxf3,0,60.228311,9.074196
dzf3,0,258.353191,36.493133
csxz,0,74.540759,10.658715
dxf,1,59.687428,8.407365
dzb,1,258.173860,36.478724
dyb,1,60.235882,8.537464
cvx,1,76.633815,10.943652
dyf,1,60.558315,8.575472
dzb2,1,258.243912,36.457335
dxb,1,59.731810,8.404192
cvy,1,76.722770,10.936068
dzf,1,258.112991,36.461189
dxb2,1,59.679970,8.386748
dyb2,1,60.787066,8.601737
cvz,1,89.651528,12.878048
dzb3,1,257.966751,36.371443
dxb3,1,60.151557,8.421945
dyb3,1,60.791233,8.572667
csxxsyyszz,1,159.614616,22.565887
dyf2,1,60.498313,8.557706
dxf2,1,60.045246,8.444831
csxy,1,61.906885,8.857966
dzf2,1,257.899221,36.449673
dyf3,1,60.431369,8.535200
csyz,1,74.588716,10.636007
dxf3,1,59.914638,8.427337
dzf3,1,258.198915,36.418832
csxz,1,74.562905,10.683343
dxf,2,59.714884,8.388840
dzb,2,258.289734,36.457719
dyb,2,60.321954,8.504179
cvx,2,76.678635,10.965905
dyf,2,60.567908,8.559735
dzb2,2,258.071160,36.436793
dxb,2,59.730832,8.391325
cvy,2,76.751744,11.013752
dzf,2,258.181504,36.413025
dxb2,2,59.572651,8.382409
dyb2,2,60.786413,8.591963
cvz,2,90.880490,12.954050
dzb3,2,258.057280,36.425032
dxb3,2,60.121260,8.428249
dyb3,2,60.661917,8.563726
csxxsyyszz,2,161.508484,22.765017
dyf2,2,60.907646,8.618554
dxf2,2,60.011778,8.427783
csxy,2,61.958265,8.891871
dzf2,2,257.918817,36.396801
dyf3,2,60.249196,8.536679
csyz,2,74.651335,10.698224
dxf3,2,59.931160,8.414556
dzf3,2,258.242130,36.440323
csxz,2,74.517061,10.611450
dxf,3,59.776587,8.402775
dzb,3,258.063203,36.429839
dyb,3,60.315384,8.494862
cvx,3,76.706102,10.950902
dyf,3,60.153781,8.529951
dzb2,3,258.036149,36.406791
dxb,3,59.743786,8.430362
cvy,3,76.691180,10.937219
dzf,3,258.122542,36.418111
dxb2,3,59.586273,8.364179
dyb2,3,60.804968,8.593115
cvz,3,89.703229,12.806491
dzb3,3,257.924110,36.390701
dxb3,3,60.188754,8.434434
dyb3,3,60.780234,8.634959
csxxsyyszz,3,161.237700,22.700017
dyf2,3,60.348440,8.518863
dxf2,3,59.948496,8.446104
csxy,3,61.956051,8.922900
dzf2,3,257.875289,36.360664
dyf3,3,60.176275,8.494803
csyz,3,74.659486,10.647695
dxf3,3,59.904470,8.413141
dzf3,3,258.214790,36.435596
csxz,3,74.537188,10.613090
dxf,4,59.757228,8.399319
dzb,4,258.215125,36.421863
dyb,4,60.575610,8.549343
cvx,4,76.768623,10.979881
dyf,4,62.110437,8.751749
dzb2,4,259.161945,36.556107
dxb,4,59.820608,8.402956
cvy,4,76.846573,10.964676
dzf,4,258.428460,36.444376
dxb2,4,59.736527,8.387473
dyb2,4,60.813231,8.594773
cvz,4,89.667565,12.844016
dzb3,4,258.208996,36.399150
dxb3,4,60.191336,8.454091
dyb3,4,60.818594,8.590749
csxxsyyszz,4,161.215168,22.737767
dyf2,4,60.444354,8.543249
dxf2,4,59.990920,8.435731
csxy,4,61.944797,8.865972
dzf2,4,257.990323,36.415607
dyf3,4,60.211434,8.510328
csyz,4,74.630264,10.641932
dxf3,4,59.939882,8.443785
dzf3,4,258.430024,36.440248
csxz,4,74.586272,10.690358
#========================= OptEWE [OpenMP] =========================
#Source type                                  :  Force monopole
#Grid Size                                    :  512 x 512 x 512
#Iterations                                   :  5
#Compute time                                 :  14.636467
#Total effective MLUPS                        :  45.850453
#===================================================================
#Number of threads                            :  10
