dxf,0,44.241139,9.078209
dzb,0,166.526579,35.374754
dyb,0,44.256270,9.173314
cvx,0,51.789182,11.194769
dyf,0,44.394874,9.241854
dzb2,0,165.045277,35.158720
dxb,0,43.792890,9.048584
cvy,0,188.745393,35.418941
dzf,0,165.063035,35.143599
dxb2,0,43.705541,9.031993
dyb2,0,44.819499,9.320507
cvz,0,60.139890,12.970816
dzb3,0,164.849678,35.142648
dxb3,0,43.696996,9.044428
dyb3,0,44.670007,9.301922
csxxsyyszz,0,103.644416,21.859470
dyf2,0,44.560491,9.275605
dxf2,0,44.023609,9.123175
csxy,0,42.625213,9.196874
dzf2,0,164.968003,35.198059
dyf3,0,44.293860,9.226363
csyz,0,50.900147,10.965555
dxf3,0,43.813488,9.087404
dzf3,0,165.230686,35.250284
csxz,0,50.670384,10.916179
dxf,1,43.809185,9.094543
dzb,1,165.125666,35.232328
dyb,1,44.377314,9.235305
cvx,1,51.827843,11.218527
dyf,1,44.424678,9.263149
dzb2,1,165.079981,35.223693
dxb,1,43.746955,9.069594
cvy,1,51.617288,11.165403
dzf,1,165.872625,35.370722
dxb2,1,44.079408,9.124916
dyb2,1,44.674596,9.289766
cvz,1,60.130680,12.985681
dzb3,1,164.904975,35.191813
dxb3,1,43.770318,9.070790
dyb3,1,44.771196,9.324088
csxxsyyszz,1,103.704596,21.885249
dyf2,1,44.414662,9.251646
dxf2,1,44.053596,9.138846
csxy,1,42.618606,9.198596
dzf2,1,164.970407,35.215342
dyf3,1,44.254406,9.228967
csyz,1,50.910185,10.971756
dxf3,1,43.833459,9.097878
dzf3,1,166.496994,35.504616
csxz,1,50.717072,10.921360
dxf,2,43.803402,9.095289
dzb,2,165.207128,35.262941
dyb,2,44.470672,9.239386
cvx,2,51.869867,11.226401
dyf,2,44.372561,9.263736
dzb2,2,165.115594,35.251808
dxb,2,43.718702,9.058636
cvy,2,51.554618,11.151726
dzf,2,164.959613,35.223845
dxb2,2,43.802348,9.090082
dyb2,2,44.672789,9.314155
cvz,2,60.221410,13.012802
dzb3,2,164.904491,35.212323
dxb3,2,43.714025,9.066774
dyb3,2,44.623183,9.301872
csxxsyyszz,2,103.737539,21.892449
dyf2,2,44.587767,9.300669
dxf2,2,43.990248,9.142395
csxy,2,42.621459,9.195095
dzf2,2,165.024084,35.219671
dyf3,2,44.288562,9.261364
csyz,2,50.922145,10.973355
dxf3,2,43.856533,9.099621
dzf3,2,165.246261,35.284900
csxz,2,50.696727,10.946959
dxf,3,43.816203,9.088941
dzb,3,165.159685,35.259614
dyb,3,44.379403,9.259738
cvx,3,51.739011,11.202472
dyf,3,44.430084,9.278040
dzb2,3,165.256475,35.274340
dxb,3,43.733363,9.091194
cvy,3,51.606922,11.158658
dzf,3,164.952985,35.216964
dxb2,3,43.732739,9.074665
dyb2,3,44.639152,9.308233
cvz,3,60.157800,13.001483
dzb3,3,164.968152,35.221693
dxb3,3,43.712976,9.072021
dyb3,3,44.651432,9.313342
csxxsyyszz,3,103.355062,21.829573
dyf2,3,44.564454,9.305615
dxf2,3,44.082924,9.165774
csxy,3,42.604447,9.203892
dzf2,3,165.017184,35.222769
dyf3,3,44.257860,9.275028
csyz,3,50.930279,10.977189
dxf3,3,43.839444,9.093396
dzf3,3,165.210187,35.293273
csxz,3,50.694733,10.948112
dxf,4,43.858200,9.101307
dzb,4,165.226089,35.265133
dyb,4,44.270706,9.244637
cvx,4,51.833738,11.220170
dyf,4,44.292414,9.246523
dzb2,4,165.111047,35.255039
dxb,4,43.757136,9.085197
cvy,4,51.597790,11.161916
dzf,4,164.917220,35.229571
dxb2,4,43.771477,9.087688
dyb2,4,44.708469,9.316734
cvz,4,60.160365,12.994760
dzb3,4,165.081440,35.242662
dxb3,4,43.725906,9.070939
dyb3,4,44.712869,9.319231
csxxsyyszz,4,103.681863,21.893536
dyf2,4,44.609564,9.308125
dxf2,4,44.047638,9.151495
csxy,4,42.600315,9.196827
dzf2,4,164.999100,35.240601
dyf3,4,44.165584,9.255090
csyz,4,50.890838,10.970645
dxf3,4,43.828537,9.096369
dzf3,4,165.196323,35.307004
csxz,4,50.714794,10.981952
#========================= OptEWE [OpenMP] =========================
#Source type                                  :  Force monopole
#Grid Size                                    :  512 x 512 x 512
#Iterations                                   :  5
#Compute time                                 :  9.800303
#Total effective MLUPS                        :  68.476319
#===================================================================
#Number of threads                            :  13
