dxf,0,49.610012,7.714357
dzb,0,233.966932,36.019706
dyb,0,54.076047,8.375993
cvx,0,70.236386,10.870544
dyf,0,53.585186,8.334810
dzb2,0,230.224953,35.511578
dxb,0,50.880892,7.882624
cvy,0,264.066703,36.236453
dzf,0,225.628405,34.900092
dxb2,0,50.028049,7.767937
dyb2,0,54.250320,8.434471
cvz,0,72.714984,11.480615
dzb3,0,225.539493,34.915649
dxb3,0,49.938483,7.760048
dyb3,0,54.342797,8.413914
csxxsyyszz,0,190.832392,28.354264
dyf2,0,53.762953,8.354885
dxf2,0,50.975350,7.906448
csxy,0,47.413772,7.671476
dzf2,0,225.883495,34.998507
dyf3,0,53.441023,8.292832
csyz,0,56.015395,9.062904
dxf3,0,49.177018,7.675231
dzf3,0,226.565108,35.082066
csxz,0,55.934042,9.080327
dxf,1,49.152495,7.666584
dzb,1,234.069077,36.070689
dyb,1,54.103130,8.397699
cvx,1,70.229540,10.869606
dyf,1,53.004190,8.290578
dzb2,1,230.081228,35.499822
dxb,1,50.855621,7.906704
cvy,1,69.034661,10.705841
dzf,1,225.507383,34.926821
dxb2,1,50.043993,7.793269
dyb2,1,54.024774,8.391325
cvz,1,72.676494,11.478221
dzb3,1,225.566002,34.962854
dxb3,1,49.966007,7.769346
dyb3,1,54.308696,8.411665
csxxsyyszz,1,189.163142,28.155720
dyf2,1,53.758540,8.338194
dxf2,1,49.464947,7.696649
csxy,1,47.309339,7.660371
dzf2,1,225.845443,34.963137
dyf3,1,53.461555,8.308654
csyz,1,55.984205,9.059865
dxf3,1,49.174005,7.673314
dzf3,1,226.430442,35.045945
csxz,1,55.915352,9.076680
dxf,2,49.195711,7.678992
dzb,2,234.013776,36.030312
dyb,2,54.077010,8.383143
cvx,2,70.226702,10.886845
dyf,2,53.584055,8.329276
dzb2,2,230.134238,35.508745
dxb,2,50.884098,7.896209
cvy,2,69.023924,10.691295
dzf,2,225.550721,34.925833
dxb2,2,49.984911,7.783680
dyb2,2,54.290961,8.424672
cvz,2,72.700459,11.484339
dzb3,2,225.596648,34.955057
dxb3,2,49.849004,7.745167
dyb3,2,54.292787,8.406777
csxxsyyszz,2,189.151098,28.122732
dyf2,2,53.790502,8.348408
dxf2,2,49.574637,7.712015
csxy,2,47.284250,7.667044
dzf2,2,225.733253,34.963917
dyf3,2,52.993299,8.240948
csyz,2,56.100729,9.086021
dxf3,2,49.073138,7.684156
dzf3,2,226.346051,35.010298
csxz,2,55.963484,9.092839
dxf,3,49.115446,7.676214
dzb,3,233.802086,36.009251
dyb,3,54.084446,8.396006
cvx,3,70.207404,10.857892
dyf,3,53.629704,8.335884
dzb2,3,230.115506,35.521105
dxb,3,50.907977,7.897344
cvy,3,69.018816,10.688681
dzf,3,225.515716,34.951955
dxb2,3,50.046421,7.779451
dyb2,3,54.213525,8.418707
cvz,3,72.689764,11.490508
dzb3,3,225.465811,34.939378
dxb3,3,49.962320,7.763140
dyb3,3,54.268511,8.403140
csxxsyyszz,3,189.165049,28.104379
dyf2,3,53.689274,8.346608
dxf2,3,49.455874,7.704207
csxy,3,47.387738,7.699782
dzf2,3,225.743928,34.969176
dyf3,3,53.469311,8.328574
csyz,3,56.983136,9.227092
dxf3,3,49.101023,7.642911
dzf3,3,226.284303,35.200359
csxz,3,55.936032,9.079914
dxf,4,49.227354,7.673676
dzb,4,233.953048,36.016324
dyb,4,54.126500,8.399031
cvx,4,70.209085,10.867781
dyf,4,53.060529,8.253686
dzb2,4,229.890725,35.475571
dxb,4,50.899795,7.905007
cvy,4,69.035939,10.704703
dzf,4,225.513001,34.904593
dxb2,4,50.019924,7.785433
dyb2,4,54.282449,8.433529
cvz,4,72.690207,11.490823
dzb3,4,227.111505,35.133108
dxb3,4,49.947614,7.782891
dyb3,4,54.286753,8.424141
csxxsyyszz,4,190.731319,28.350173
dyf2,4,53.720493,8.360374
dxf2,4,49.395006,7.708647
csxy,4,47.337406,7.671075
dzf2,4,225.617172,34.944198
dyf3,4,52.901246,8.278922
csyz,4,56.104213,9.085134
dxf3,4,49.216406,7.686324
dzf3,4,226.189658,35.059520
csxz,4,55.966220,9.124955
#========================= OptEWE [OpenMP] =========================
#Source type                                  :  Force monopole
#Grid Size                                    :  512 x 512 x 512
#Iterations                                   :  5
#Compute time                                 :  12.949761
#Total effective MLUPS                        :  51.822471
#===================================================================
#Number of threads                            :  9
