dxf,0,35.393830,6.192366
dzb,0,145.418698,25.720066
dyb,0,35.844693,6.320412
cvx,0,45.201071,8.010086
dyf,0,35.909577,6.343257
dzb2,0,145.804363,25.806504
dxb,0,34.630750,6.063628
cvy,0,303.452107,44.670636
dzf,0,147.316367,26.009371
dxb2,0,34.664966,6.092729
dyb2,0,36.282424,6.409338
cvz,0,50.707997,9.095137
dzb3,0,145.521710,25.750289
dxb3,0,34.770669,6.106599
dyb3,0,36.264857,6.390607
csxxsyyszz,0,118.589572,20.002725
dyf2,0,35.949011,6.354959
dxf2,0,34.833242,6.139843
csxy,0,35.440222,6.399115
dzf2,0,145.078787,25.718422
dyf3,0,35.622425,6.304928
csyz,0,42.590734,7.668631
dxf3,0,34.702018,6.101892
dzf3,0,145.084636,25.739445
csxz,0,42.402320,7.630129
dxf,1,34.634138,6.096811
dzb,1,145.548462,25.793761
dyb,1,36.007606,6.361383
cvx,1,45.322103,8.050941
dyf,1,35.815804,6.338429
dzb2,1,145.683662,25.814376
dxb,1,34.634956,6.077473
cvy,1,44.531528,7.926370
dzf,1,145.176408,25.746714
dxb2,1,34.649375,6.103824
dyb2,1,36.265940,6.399507
cvz,1,50.702456,9.104503
dzb3,1,145.563112,25.779400
dxb3,1,34.600590,6.087301
dyb3,1,36.305190,6.403805
csxxsyyszz,1,118.597483,20.019502
dyf2,1,35.961545,6.367259
dxf2,1,34.831942,6.130784
csxy,1,35.486149,6.416399
dzf2,1,145.264197,25.757342
dyf3,1,35.636658,6.303474
csyz,1,42.582813,7.669140
dxf3,1,34.681380,6.102959
dzf3,1,145.290618,25.772652
csxz,1,42.414498,7.627259
dxf,2,36.309112,6.369502
dzb,2,145.678429,25.797221
dyb,2,35.960948,6.352210
cvx,2,45.158311,8.026649
dyf,2,35.763234,6.328159
dzb2,2,145.587678,25.807025
dxb,2,34.633978,6.085358
cvy,2,44.529651,7.927851
dzf,2,145.280145,25.758935
dxb2,2,34.561766,6.095711
dyb2,2,36.307373,6.406937
cvz,2,50.788961,9.113566
dzb3,2,145.486891,25.775303
dxb3,2,34.647496,6.100125
dyb3,2,36.144542,6.370238
csxxsyyszz,2,117.951140,19.925565
dyf2,2,35.887488,6.353783
dxf2,2,34.789670,6.126364
csxy,2,35.466010,6.414555
dzf2,2,145.009600,25.732791
dyf3,2,35.608752,6.318027
csyz,2,42.563942,7.663081
dxf3,2,34.638656,6.105424
dzf3,2,145.386460,25.816110
csxz,2,42.373252,7.637658
dxf,3,34.623374,6.099725
dzb,3,145.580666,25.810733
dyb,3,35.854368,6.339924
cvx,3,45.102140,8.011747
dyf,3,35.736417,6.317740
dzb2,3,145.823706,25.841175
dxb,3,34.614742,6.089430
cvy,3,44.546896,7.931042
dzf,3,144.997659,25.713993
dxb2,3,34.580159,6.077943
dyb2,3,36.305894,6.416231
cvz,3,50.771231,9.114290
dzb3,3,145.771294,25.824450
dxb3,3,34.626532,6.104128
dyb3,3,36.171219,6.375653
csxxsyyszz,3,117.975680,19.919177
dyf2,3,35.780372,6.314389
dxf2,3,34.835387,6.133810
csxy,3,35.425685,6.406184
dzf2,3,145.099482,25.725792
dyf3,3,35.643469,6.328040
csyz,3,42.568729,7.666362
dxf3,3,34.633654,6.104903
dzf3,3,145.210752,25.757991
csxz,3,42.415597,7.647339
dxf,4,34.585412,6.093637
dzb,4,145.509358,25.796359
dyb,4,35.993571,6.340948
cvx,4,45.334750,8.043421
dyf,4,35.816949,6.350490
dzb2,4,145.764458,25.817289
dxb,4,34.662961,6.095024
cvy,4,44.519881,7.929136
dzf,4,145.127760,25.731176
dxb2,4,34.644101,6.082445
dyb2,4,36.186755,6.396485
cvz,4,50.754824,9.115249
dzb3,4,145.569452,25.795129
dxb3,4,34.669019,6.111859
dyb3,4,36.254267,6.394227
csxxsyyszz,4,118.539051,20.029889
dyf2,4,36.020142,6.365257
dxf2,4,34.888806,6.142610
csxy,4,35.409400,6.405991
dzf2,4,145.186473,25.738623
dyf3,4,35.595233,6.321521
csyz,4,42.581126,7.663635
dxf3,4,34.643708,6.108840
dzf3,4,145.170607,25.752845
csxz,4,42.478926,7.708465
#========================= OptEWE [OpenMP] =========================
#Source type                                  :  Force monopole
#Grid Size                                    :  512 x 512 x 512
#Iterations                                   :  5
#Compute time                                 :  8.641290
#Total effective MLUPS                        :  77.660704
#===================================================================
#Number of threads                            :  18
