dxf,0,52.853620,7.988849
dzb,0,271.591099,40.096371
dyb,0,60.455361,9.037467
cvx,0,88.320632,12.962647
dyf,0,60.079904,9.019616
dzb2,0,273.105254,40.295065
dxb,0,53.416870,8.065947
cvy,0,314.271841,41.884678
dzf,0,265.248391,39.267937
dxb2,0,54.205481,8.182487
dyb2,0,60.689416,9.091299
cvz,0,89.631465,13.402982
dzb3,0,274.364054,40.497774
dxb3,0,53.299520,8.035145
dyb3,0,60.656034,9.084097
csxxsyyszz,0,239.973037,34.086128
dyf2,0,60.095619,9.007436
dxf2,0,53.066522,8.023296
csxy,0,48.350345,7.637420
dzf2,0,265.849133,39.381889
dyf3,0,59.896245,9.008616
csyz,0,56.695795,8.941195
dxf3,0,52.040808,7.893819
dzf3,0,269.488895,39.863970
csxz,0,56.482526,8.923143
dxf,1,52.449218,7.952248
dzb,1,271.555591,40.133404
dyb,1,60.372982,9.039880
cvx,1,88.246807,12.999367
dyf,1,60.079381,9.012270
dzb2,1,272.949644,40.284976
dxb,1,53.419167,8.066173
cvy,1,86.997151,12.795254
dzf,1,264.955382,39.281751
dxb2,1,54.269005,8.169181
dyb2,1,60.630733,9.094121
cvz,1,89.503547,13.418032
dzb3,1,274.188751,40.441598
dxb3,1,53.269675,8.063091
dyb3,1,60.789858,9.107080
csxxsyyszz,1,240.022013,34.101846
dyf2,1,59.995651,8.997872
dxf2,1,53.146051,8.029402
csxy,1,48.373962,7.609829
dzf2,1,265.703875,39.386742
dyf3,1,59.872126,8.975543
csyz,1,56.763225,8.943144
dxf3,1,52.084397,7.925750
dzf3,1,269.319951,39.837240
csxz,1,56.465521,8.940049
dxf,2,52.410486,7.940188
dzb,2,271.426363,40.113187
dyb,2,60.455066,9.060459
cvx,2,88.302388,12.969045
dyf,2,60.045704,9.003950
dzb2,2,275.291808,40.641070
dxb,2,53.382982,8.065198
cvy,2,86.963959,12.810013
dzf,2,265.123252,39.275601
dxb2,2,54.167697,8.182224
dyb2,2,60.682755,9.090423
cvz,2,89.539867,13.390638
dzb3,2,274.011887,40.461800
dxb3,2,53.246559,8.046160
dyb3,2,60.729161,9.091376
csxxsyyszz,2,239.977445,34.087874
dyf2,2,60.088626,9.006994
dxf2,2,53.128944,8.062921
csxy,2,48.361807,7.629196
dzf2,2,265.822859,39.394175
dyf3,2,59.843547,8.980211
csyz,2,56.714558,8.936576
dxf3,2,52.132738,7.909695
dzf3,2,269.370566,39.868334
csxz,2,56.444694,8.914125
dxf,3,52.344961,7.933048
dzb,3,271.466344,40.135627
dyb,3,60.412350,9.041634
cvx,3,88.242386,12.991485
dyf,3,60.137027,9.017038
dzb2,3,273.037189,40.305501
dxb,3,53.361424,8.053451
cvy,3,86.982103,12.790817
dzf,3,265.548440,39.361961
dxb2,3,54.248236,8.169687
dyb2,3,60.711714,9.096230
cvz,3,89.545031,13.421176
dzb3,3,274.115245,40.474456
dxb3,3,53.307160,8.076640
dyb3,3,60.782129,9.108373
csxxsyyszz,3,240.035188,34.113017
dyf2,3,60.075626,9.012555
dxf2,3,53.242110,8.053958
csxy,3,48.392551,7.621464
dzf2,3,267.062300,39.565055
dyf3,3,59.927755,8.990637
csyz,3,56.826206,8.953311
dxf3,3,52.049433,7.923080
dzf3,3,269.427742,39.837277
csxz,3,56.525349,8.964262
dxf,4,52.454275,7.951072
dzb,4,271.940372,40.164123
dyb,4,60.439908,9.062208
cvx,4,88.285011,12.964899
dyf,4,59.955815,9.000252
dzb2,4,272.998760,40.290855
dxb,4,53.385718,8.092183
cvy,4,87.019635,12.874872
dzf,4,265.218232,39.460399
dxb2,4,54.235170,8.214207
dyb2,4,60.714318,9.131139
cvz,4,89.603866,13.452395
dzb3,4,274.084686,40.610337
dxb3,4,53.449314,8.092469
dyb3,4,60.637810,9.116454
csxxsyyszz,4,239.903599,34.101898
dyf2,4,60.137075,9.026259
dxf2,4,53.084454,8.105151
csxy,4,48.408139,7.643040
dzf2,4,265.747890,39.416781
dyf3,4,59.936879,9.011043
csyz,4,56.681810,8.940089
dxf3,4,52.157128,7.913395
dzf3,4,269.539808,39.993590
csxz,4,56.496291,8.989187
#========================= OptEWE [OpenMP] =========================
#Source type                                  :  Force monopole
#Grid Size                                    :  512 x 512 x 512
#Iterations                                   :  5
#Compute time                                 :  15.062068
#Total effective MLUPS                        :  44.554880
#===================================================================
#Number of threads                            :  8
