dxf,0,49.211813,7.814184
dzb,0,213.089460,34.019731
dyb,0,48.065519,7.747080
cvx,0,61.199162,9.959920
dyf,0,48.141842,7.762751
dzb2,0,213.184554,34.069742
dxb,0,47.473856,7.605626
cvy,0,348.695113,49.084066
dzf,0,212.458983,33.948388
dxb2,0,47.435386,7.606724
dyb2,0,48.315928,7.812444
cvz,0,72.190324,11.703124
dzb3,0,212.930361,34.044106
dxb3,0,47.475126,7.616003
dyb3,0,48.353139,7.815439
csxxsyyszz,0,112.841703,18.505296
dyf2,0,48.293887,7.805258
dxf2,0,47.707037,7.667446
csxy,0,49.316831,8.080587
dzf2,0,212.300171,33.958478
dyf3,0,47.890558,7.736280
csyz,0,60.168419,9.768270
dxf3,0,47.472959,7.627039
dzf3,0,213.486005,34.137901
csxz,0,60.036590,9.723870
dxf,1,47.575593,7.641829
dzb,1,213.096345,34.078565
dyb,1,48.043570,7.750869
cvx,1,61.114823,9.966930
dyf,1,48.143362,7.778643
dzb2,1,213.056500,34.081235
dxb,1,47.394796,7.604688
cvy,1,61.020858,9.940225
dzf,1,212.477920,33.989268
dxb2,1,47.499783,7.614385
dyb2,1,48.358166,7.822417
cvz,1,72.127648,11.698324
dzb3,1,212.867822,34.031372
dxb3,1,47.456320,7.617466
dyb3,1,48.355734,7.818880
csxxsyyszz,1,112.914973,18.522141
dyf2,1,48.085706,7.772934
dxf2,1,47.779731,7.684126
csxy,1,49.358500,8.080277
dzf2,1,212.535755,34.004354
dyf3,1,48.049050,7.777940
csyz,1,60.156812,9.768447
dxf3,1,47.390621,7.618163
dzf3,1,212.666873,34.029556
csxz,1,60.064038,9.734491
dxf,2,47.448198,7.626813
dzb,2,213.204022,34.102850
dyb,2,47.996918,7.753339
cvx,2,61.190098,9.973986
dyf,2,48.191107,7.783827
dzb2,2,213.207450,34.093730
dxb,2,47.430913,7.607095
cvy,2,60.956005,9.940621
dzf,2,212.294455,33.958184
dxb2,2,47.489388,7.619139
dyb2,2,48.399820,7.834237
cvz,2,72.064473,11.695504
dzb3,2,212.909437,34.046233
dxb3,2,47.432296,7.615787
dyb3,2,48.426690,7.831201
csxxsyyszz,2,112.951080,18.534875
dyf2,2,48.450476,7.828870
dxf2,2,47.769508,7.682482
csxy,2,49.293659,8.074253
dzf2,2,212.470613,34.001999
dyf3,2,48.075106,7.776028
csyz,2,60.152489,9.768109
dxf3,2,47.426896,7.625083
dzf3,2,212.595925,34.036085
csxz,2,60.044785,9.743719
dxf,3,47.452285,7.630012
dzb,3,213.472721,34.163205
dyb,3,47.983004,7.755620
cvx,3,61.142496,9.977630
dyf,3,48.122726,7.779279
dzb2,3,213.030417,34.097375
dxb,3,47.419502,7.612161
cvy,3,60.986244,9.963013
dzf,3,212.513230,34.011426
dxb2,3,47.413237,7.611034
dyb2,3,48.333622,7.824488
cvz,3,72.230896,11.721781
dzb3,3,213.022273,34.063251
dxb3,3,47.431839,7.612205
dyb3,3,48.414972,7.831243
csxxsyyszz,3,112.831764,18.521606
dyf2,3,48.345958,7.813190
dxf2,3,47.786165,7.685649
csxy,3,49.317543,8.079615
dzf2,3,212.540752,34.029239
dyf3,3,48.040274,7.766791
csyz,3,60.192234,9.773714
dxf3,3,47.484495,7.629498
dzf3,3,212.668911,34.055845
csxz,3,60.044111,9.741188
dxf,4,47.472237,7.635158
dzb,4,213.199796,34.115437
dyb,4,48.028875,7.756063
cvx,4,61.220211,9.986304
dyf,4,48.096434,7.783205
dzb2,4,213.105529,34.105805
dxb,4,47.453733,7.611966
cvy,4,60.990749,9.947640
dzf,4,213.552281,34.155948
dxb2,4,47.517698,7.620772
dyb2,4,48.482591,7.836605
cvz,4,72.178234,11.705919
dzb3,4,212.835449,34.041861
dxb3,4,47.471973,7.623006
dyb3,4,48.357011,7.817515
csxxsyyszz,4,111.302280,18.294450
dyf2,4,48.183613,7.793699
dxf2,4,47.805119,7.690039
csxy,4,49.299984,8.075047
dzf2,4,212.456238,33.995852
dyf3,4,48.131575,7.762540
csyz,4,60.159101,9.772943
dxf3,4,47.471019,7.634962
dzf3,4,212.544968,34.026810
csxz,4,60.079920,9.795616
#========================= OptEWE [OpenMP] =========================
#Source type                                  :  Force monopole
#Grid Size                                    :  512 x 512 x 512
#Iterations                                   :  5
#Compute time                                 :  11.929431
#Total effective MLUPS                        :  56.254874
#===================================================================
#Number of threads                            :  17
