dxf,0,106.799645,12.709281
dzb,0,548.747668,63.972877
dyb,0,122.371140,14.463726
cvx,0,158.268908,18.728157
dyf,0,122.868674,14.533927
dzb2,0,548.833964,64.028590
dxb,0,113.871287,13.469859
cvy,0,437.156767,49.196566
dzf,0,550.682756,64.457066
dxb2,0,113.017033,13.413402
dyb2,0,123.493133,14.611954
cvz,0,161.688827,19.226834
dzb3,0,551.225515,64.373519
dxb3,0,108.004705,12.855137
dyb3,0,123.107041,14.572796
csxxsyyszz,0,449.319957,51.603922
dyf2,0,122.950237,14.531181
dxf2,0,107.039279,12.721593
csxy,0,104.418684,12.609541
dzf2,0,549.516532,63.969183
dyf3,0,121.302095,14.368381
csyz,0,121.001578,14.436939
dxf3,0,111.728767,13.250488
dzf3,0,547.763969,63.814002
csxz,0,119.744653,14.306393
dxf,1,106.882461,12.728785
dzb,1,548.638717,63.869775
dyb,1,122.264839,14.454982
cvx,1,158.170836,18.669842
dyf,1,121.524594,14.378434
dzb2,1,549.314630,64.043380
dxb,1,113.878635,13.506253
cvy,1,153.684027,18.204244
dzf,1,549.538009,64.076404
dxb2,1,113.003051,13.380175
dyb2,1,123.286808,14.614295
cvz,1,161.821734,19.164830
dzb3,1,550.439468,65.327166
dxb3,1,108.058655,13.148896
dyb3,1,123.539412,15.015597
csxxsyyszz,1,449.416486,51.767970
dyf2,1,122.936643,14.563406
dxf2,1,106.898217,12.782997
csxy,1,104.541408,12.643962
dzf2,1,549.277679,64.171033
dyf3,1,120.034094,14.238306
csyz,1,120.962199,14.530832
dxf3,1,111.845012,13.263160
dzf3,1,547.423037,63.938436
csxz,1,119.736754,14.320788
dxf,2,106.765527,12.753414
dzb,2,549.817271,64.186300
dyb,2,123.385015,14.654685
cvx,2,158.214059,18.696328
dyf,2,121.435733,14.450605
dzb2,2,550.299834,64.215478
dxb,2,113.802948,13.557394
cvy,2,153.810312,18.213621
dzf,2,549.482753,64.174672
dxb2,2,113.135394,13.402240
dyb2,2,123.222730,14.647239
cvz,2,161.719746,19.162797
dzb3,2,549.680489,64.283061
dxb3,2,107.966844,12.884332
dyb3,2,123.397312,14.626283
csxxsyyszz,2,449.381603,51.769806
dyf2,2,122.863288,14.609832
dxf2,2,106.916122,12.771898
csxy,2,104.526436,12.671365
dzf2,2,549.445582,64.161731
dyf3,2,121.269754,14.444041
csyz,2,120.960082,14.472328
dxf3,2,111.641872,13.263276
dzf3,2,547.822901,64.075695
csxz,2,119.641155,14.408601
dxf,3,106.814558,12.769408
dzb,3,548.729963,64.329981
dyb,3,122.306177,14.500556
cvx,3,158.099364,18.751696
dyf,3,122.940896,14.563167
dzb2,3,548.774928,64.051137
dxb,3,113.926726,13.493506
cvy,3,153.736880,18.335230
dzf,3,549.344542,64.336245
dxb2,3,113.031628,13.481478
dyb2,3,123.486394,14.662897
cvz,3,161.701494,19.241733
dzb3,3,549.736136,64.169969
dxb3,3,107.899456,12.902646
dyb3,3,123.069562,14.575620
csxxsyyszz,3,449.361373,51.922908
dyf2,3,121.651360,14.479355
dxf2,3,106.952690,12.784684
csxy,3,104.427533,12.730676
dzf2,3,550.880410,64.471968
dyf3,3,119.864105,14.226804
csyz,3,120.996629,14.467899
dxf3,3,111.814862,13.330211
dzf3,3,548.772912,64.110394
csxz,3,119.664904,14.381669
dxf,4,106.769279,12.773758
dzb,4,548.464153,64.328362
dyb,4,122.207613,14.509320
cvx,4,158.130371,18.754261
dyf,4,122.912688,14.569861
dzb2,4,549.120035,64.190486
dxb,4,113.906433,13.494940
cvy,4,153.733742,18.330021
dzf,4,549.465628,64.413749
dxb2,4,113.020837,13.458693
dyb2,4,123.411537,14.696092
cvz,4,161.780207,19.235840
dzb3,4,550.801937,64.209959
dxb3,4,108.070623,12.845912
dyb3,4,123.360427,14.582189
csxxsyyszz,4,449.324642,51.719033
dyf2,4,122.952098,14.558792
dxf2,4,106.926724,12.777248
csxy,4,104.506151,12.636987
dzf2,4,549.329842,64.134382
dyf3,4,120.087184,14.249894
csyz,4,120.943700,14.520555
dxf3,4,111.848975,13.317699
dzf3,4,547.485535,64.035861
csxz,4,119.773650,14.347335
#========================= OptEWE [OpenMP] =========================
#Source type                                  :  Force monopole
#Grid Size                                    :  512 x 512 x 512
#Iterations                                   :  5
#Compute time                                 :  30.079548
#Total effective MLUPS                        :  22.310463
#===================================================================
#Number of threads                            :  3
