dxf,0,42.317496,7.329102
dzb,0,164.856846,29.286421
dyb,0,42.766276,7.489565
cvx,0,50.622359,9.145732
dyf,0,42.629957,7.492336
dzb2,0,164.538237,29.273061
dxb,0,41.761974,7.288071
cvy,0,241.314850,36.948356
dzf,0,164.194656,29.182261
dxb2,0,41.861945,7.317443
dyb2,0,43.002187,7.554170
cvz,0,58.989403,10.655084
dzb3,0,164.489722,29.272110
dxb3,0,41.855075,7.314052
dyb3,0,42.881875,7.544042
csxxsyyszz,0,117.735837,20.458704
dyf2,0,42.841738,7.530531
dxf2,0,42.013747,7.360402
csxy,0,41.575066,7.531371
dzf2,0,164.338219,29.261978
dyf3,0,42.545491,7.479908
csyz,0,49.783241,8.975259
dxf3,0,41.834910,7.336676
dzf3,0,164.488748,29.307732
csxz,0,49.630446,8.942238
dxf,1,41.834089,7.342977
dzb,1,164.541551,29.323831
dyb,1,42.642751,7.489860
cvx,1,50.741155,9.192443
dyf,1,42.524937,7.489704
dzb2,1,164.567687,29.330967
dxb,1,41.784599,7.311697
cvy,1,50.726246,9.179012
dzf,1,164.458815,29.298931
dxb2,1,41.798715,7.306148
dyb2,1,42.990053,7.572722
cvz,1,59.151621,10.679655
dzb3,1,164.462418,29.298459
dxb3,1,41.845345,7.323787
dyb3,1,42.991956,7.564996
csxxsyyszz,1,117.732607,20.472488
dyf2,1,42.768432,7.519589
dxf2,1,42.034362,7.374045
csxy,1,41.513545,7.527105
dzf2,1,164.395063,29.301686
dyf3,1,42.677768,7.504497
csyz,1,49.772709,8.977020
dxf3,1,41.829804,7.342225
dzf3,1,164.467495,29.337012
csxz,1,49.634978,8.952422
dxf,2,41.860887,7.347194
dzb,2,164.693492,29.377077
dyb,2,42.688014,7.498659
cvx,2,50.630900,9.173321
dyf,2,42.724669,7.535199
dzb2,2,164.674442,29.365619
dxb,2,41.824572,7.322096
cvy,2,50.582661,9.154124
dzf,2,164.362933,29.312668
dxb2,2,41.739200,7.301205
dyb2,2,42.895373,7.562381
cvz,2,59.089971,10.678332
dzb3,2,164.350162,29.301356
dxb3,2,41.851867,7.334904
dyb3,2,43.013113,7.568515
csxxsyyszz,2,117.760957,20.498941
dyf2,2,42.679683,7.507865
dxf2,2,42.036257,7.381543
csxy,2,41.520980,7.529902
dzf2,2,164.234038,29.296730
dyf3,2,42.549645,7.503606
csyz,2,49.740030,8.985634
dxf3,2,41.882703,7.351875
dzf3,2,164.459114,29.346044
csxz,2,49.625923,8.947505
dxf,3,41.865373,7.352971
dzb,3,165.547147,29.511876
dyb,3,42.705162,7.498153
cvx,3,50.591108,9.168544
dyf,3,42.554939,7.513002
dzb2,3,164.585767,29.367280
dxb,3,41.763291,7.315981
cvy,3,50.543349,9.153327
dzf,3,164.503741,29.344345
dxb2,3,41.801614,7.323910
dyb2,3,42.974635,7.581482
cvz,3,59.079731,10.679387
dzb3,3,164.358704,29.308201
dxb3,3,41.857157,7.329261
dyb3,3,42.904786,7.561481
csxxsyyszz,3,117.862853,20.518536
dyf2,3,42.911310,7.562265
dxf2,3,42.075120,7.379043
csxy,3,41.553264,7.538052
dzf2,3,164.144967,29.292089
dyf3,3,42.358181,7.459131
csyz,3,49.791647,8.993128
dxf3,3,41.868108,7.351261
dzf3,3,164.593885,29.367490
csxz,3,49.609923,8.953740
dxf,4,41.857496,7.354021
dzb,4,164.658674,29.386241
dyb,4,42.746111,7.506435
cvx,4,50.642094,9.179001
dyf,4,42.746930,7.537304
dzb2,4,164.653570,29.377767
dxb,4,41.849449,7.332534
cvy,4,50.523704,9.150741
dzf,4,164.241725,29.297359
dxb2,4,43.444899,7.563757
dyb2,4,43.087041,7.573983
cvz,4,58.958979,10.669610
dzb3,4,164.432572,29.318277
dxb3,4,41.813771,7.315222
dyb3,4,42.876991,7.558531
csxxsyyszz,4,117.279365,20.420283
dyf2,4,42.678654,7.511685
dxf2,4,42.069072,7.388022
csxy,4,41.497955,7.531758
dzf2,4,164.239165,29.319287
dyf3,4,42.510088,7.499287
csyz,4,49.790260,8.996904
dxf3,4,41.831662,7.343889
dzf3,4,164.571151,29.375578
csxz,4,49.599488,8.987664
#========================= OptEWE [OpenMP] =========================
#Source type                                  :  Force monopole
#Grid Size                                    :  512 x 512 x 512
#Iterations                                   :  5
#Compute time                                 :  9.761702
#Total effective MLUPS                        :  68.747096
#===================================================================
#Number of threads                            :  14
