dxf,0,41.704808,7.777583
dzb,0,158.540512,30.449810
dyb,0,41.985921,7.885297
cvx,0,49.124897,9.569482
dyf,0,41.959845,7.916627
dzb2,0,158.639413,30.496443
dxb,0,41.204244,7.706631
cvy,0,226.874956,37.460860
dzf,0,158.161087,30.389540
dxb2,0,41.198990,7.717744
dyb2,0,42.245182,7.962617
cvz,0,57.154094,11.136087
dzb3,0,158.321534,30.455620
dxb3,0,41.164761,7.715401
dyb3,0,42.199500,7.959641
csxxsyyszz,0,111.673718,20.909668
dyf2,0,41.994245,7.914572
dxf2,0,41.618594,7.824416
csxy,0,40.436159,7.894197
dzf2,0,158.127493,30.449672
dyf3,0,41.786443,7.882211
csyz,0,48.345517,9.405016
dxf3,0,41.233982,7.756663
dzf3,0,158.437287,30.520467
csxz,0,48.155430,9.361536
dxf,1,41.238682,7.764740
dzb,1,158.579782,30.549155
dyb,1,41.941983,7.897407
cvx,1,49.077405,9.586212
dyf,1,41.847834,7.912525
dzb2,1,158.841600,30.596986
dxb,1,41.135461,7.723541
cvy,1,49.072789,9.577372
dzf,1,158.286653,30.486503
dxb2,1,41.199046,7.723983
dyb2,1,42.281900,7.985273
cvz,1,57.953427,11.315652
dzb3,1,158.386689,30.705981
dxb3,1,41.226269,7.750898
dyb3,1,42.221430,7.967855
csxxsyyszz,1,111.647614,20.921083
dyf2,1,43.817566,8.213724
dxf2,1,41.478620,7.768559
csxy,1,40.409285,7.891717
dzf2,1,158.353341,30.499595
dyf3,1,41.941899,7.914217
csyz,1,48.367660,9.407751
dxf3,1,41.259800,7.765718
dzf3,1,158.504033,30.528000
csxz,1,48.176360,9.360907
dxf,2,41.207063,7.761781
dzb,2,158.600773,30.553199
dyb,2,41.723085,7.858494
cvx,2,49.188753,9.611458
dyf,2,41.842210,7.911948
dzb2,2,158.650449,30.571817
dxb,2,41.212478,7.742435
cvy,2,49.013838,9.570312
dzf,2,158.293656,30.498240
dxb2,2,41.289551,7.742391
dyb2,2,42.201843,7.973510
cvz,2,57.200734,11.158869
dzb3,2,158.369722,30.504606
dxb3,2,41.932848,7.850341
dyb3,2,42.215873,7.973763
csxxsyyszz,2,111.579003,20.928345
dyf2,2,42.064084,7.937564
dxf2,2,41.494116,7.809699
csxy,2,40.452965,7.905906
dzf2,2,158.136992,30.492765
dyf3,2,41.820731,7.904240
csyz,2,48.476308,9.441367
dxf3,2,41.233859,7.763952
dzf3,2,159.237811,30.852572
csxz,2,48.143062,9.366353
dxf,3,41.286980,7.780075
dzb,3,158.547844,30.574093
dyb,3,41.728118,7.866478
cvx,3,49.206812,9.618364
dyf,3,41.880108,7.919845
dzb2,3,158.506533,30.553991
dxb,3,41.165259,7.724350
cvy,3,49.053736,9.582551
dzf,3,158.339832,30.511343
dxb2,3,41.177363,7.731888
dyb2,3,42.318177,7.993206
cvz,3,57.176753,11.158915
dzb3,3,158.383907,30.521073
dxb3,3,41.212200,7.733158
dyb3,3,42.315817,7.991198
csxxsyyszz,3,111.577177,20.930471
dyf2,3,42.110536,7.945492
dxf2,3,41.486198,7.807606
csxy,3,40.465791,7.912025
dzf2,3,158.275002,30.516285
dyf3,3,41.823575,7.899792
csyz,3,48.348436,9.421780
dxf3,3,41.245775,7.769553
dzf3,3,158.598786,30.587757
csxz,3,48.197949,9.372211
dxf,4,41.221813,7.765998
dzb,4,158.491895,30.558351
dyb,4,42.036630,7.912321
cvx,4,49.165751,9.608289
dyf,4,41.999392,7.961326
dzb2,4,158.601478,30.592985
dxb,4,41.147481,7.726755
cvy,4,49.053145,9.586042
dzf,4,158.161100,30.490494
dxb2,4,41.195840,7.732243
dyb2,4,42.214590,7.980236
cvz,4,57.308466,11.183771
dzb3,4,158.319691,30.511914
dxb3,4,41.180004,7.740883
dyb3,4,42.241225,7.980471
csxxsyyszz,4,111.577365,20.927050
dyf2,4,42.129364,7.954909
dxf2,4,41.465370,7.812365
csxy,4,40.446989,7.910516
dzf2,4,158.200795,30.482697
dyf3,4,41.784506,7.892170
csyz,4,48.383308,9.419746
dxf3,4,41.236344,7.765019
dzf3,4,158.369369,30.524458
csxz,4,48.167959,9.418014
#========================= OptEWE [OpenMP] =========================
#Source type                                  :  Force monopole
#Grid Size                                    :  512 x 512 x 512
#Iterations                                   :  5
#Compute time                                 :  9.454114
#Total effective MLUPS                        :  70.983769
#===================================================================
#Number of threads                            :  14
