dxf,0,60.656871,9.592224
dzb,0,314.351777,48.492988
dyb,0,71.179496,11.128012
cvx,0,101.021159,15.575893
dyf,0,70.555024,11.066972
dzb2,0,315.793184,48.696902
dxb,0,61.627396,9.725145
cvy,0,283.914183,40.419915
dzf,0,313.261317,48.346289
dxb2,0,64.903217,10.176283
dyb2,0,70.977712,11.101357
cvz,0,101.779502,15.860680
dzb3,0,314.188625,48.461233
dxb3,0,61.778326,9.751782
dyb3,0,71.177315,11.144247
csxxsyyszz,0,279.413489,41.524597
dyf2,0,70.510798,11.068971
dxf2,0,60.643133,9.608757
csxy,0,56.147873,9.190100
dzf2,0,314.369085,48.492425
dyf3,0,70.199406,11.027888
csyz,0,62.694392,10.207675
dxf3,0,63.401305,9.973635
dzf3,0,313.690147,48.416455
csxz,0,61.460502,10.047572
dxf,1,60.501746,9.591234
dzb,1,314.805643,48.574833
dyb,1,71.140520,11.132395
cvx,1,101.068441,15.581834
dyf,1,70.475635,11.048524
dzb2,1,314.656056,48.525116
dxb,1,61.548884,9.722403
cvy,1,98.472823,15.218236
dzf,1,312.901899,48.292770
dxb2,1,64.928086,10.187438
dyb2,1,71.052372,11.131741
cvz,1,101.814167,15.859533
dzb3,1,314.191828,48.467320
dxb3,1,61.689082,9.728270
dyb3,1,70.853485,11.080574
csxxsyyszz,1,279.409931,41.512758
dyf2,1,69.717527,10.921103
dxf2,1,60.795950,9.621449
csxy,1,56.111149,9.191828
dzf2,1,314.415849,48.523891
dyf3,1,69.961424,10.979632
csyz,1,62.767862,10.233245
dxf3,1,63.386807,9.970013
dzf3,1,313.673035,48.414809
csxz,1,61.592608,10.065381
dxf,2,60.323198,9.571686
dzb,2,314.943278,48.588222
dyb,2,70.951075,11.108770
cvx,2,101.063103,15.592172
dyf,2,70.589021,11.073407
dzb2,2,314.555999,48.525488
dxb,2,61.812089,9.758829
cvy,2,98.521212,15.225837
dzf,2,313.083319,48.330745
dxb2,2,64.722583,10.151884
dyb2,2,71.221670,11.174363
cvz,2,101.785938,15.858471
dzb3,2,314.161708,48.462922
dxb3,2,62.064785,9.792659
dyb3,2,71.264496,11.158141
csxxsyyszz,2,279.764523,41.559218
dyf2,2,70.186905,10.989856
dxf2,2,60.613094,9.607297
csxy,2,56.136593,9.190068
dzf2,2,316.837057,48.859287
dyf3,2,70.118335,11.001518
csyz,2,62.605712,10.196294
dxf3,2,63.436564,9.985891
dzf3,2,313.421379,48.381439
csxz,2,61.443560,10.037488
dxf,3,60.486392,9.580508
dzb,3,315.827197,48.705883
dyb,3,70.955330,11.078640
cvx,3,101.249537,15.602873
dyf,3,70.238853,11.013354
dzb2,3,314.917866,48.473931
dxb,3,61.774733,9.737365
cvy,3,99.059040,15.801755
dzf,3,310.933390,51.048510
dxb2,3,64.280043,10.717601
dyb2,3,71.114184,11.812382
cvz,3,101.490992,16.723350
dzb3,3,312.023010,50.692807
dxb3,3,61.560662,10.221512
dyb3,3,70.874942,11.395361
csxxsyyszz,3,279.589221,41.539271
dyf2,3,70.400427,11.040889
dxf2,3,60.780631,9.638999
csxy,3,56.116708,9.184999
dzf2,3,314.359790,48.548814
dyf3,3,70.281425,11.047239
csyz,3,62.772406,10.228714
dxf3,3,63.537164,10.010280
dzf3,3,313.811534,48.374420
csxz,3,61.479213,10.026601
dxf,4,60.271228,9.531603
dzb,4,315.013856,48.496730
dyb,4,71.098574,11.112926
cvx,4,101.142107,15.563732
dyf,4,70.131349,10.979817
dzb2,4,314.868125,48.526807
dxb,4,61.639737,9.716086
cvy,4,98.557779,15.221386
dzf,4,313.370298,48.339979
dxb2,4,64.729579,10.161072
dyb2,4,70.895373,11.086879
cvz,4,101.958445,15.871242
dzb3,4,314.474918,48.512606
dxb3,4,61.763219,9.780524
dyb3,4,71.266383,11.150748
csxxsyyszz,4,279.781392,41.597692
dyf2,4,70.297947,11.007365
dxf2,4,60.500662,9.582402
csxy,4,56.196501,9.186795
dzf2,4,314.421697,48.500914
dyf3,4,70.081733,11.002467
csyz,4,62.722593,10.201976
dxf3,4,63.713265,10.007271
dzf3,4,313.656890,48.402733
csxz,4,61.517048,10.071070
#========================= OptEWE [OpenMP] =========================
#Source type                                  :  Force monopole
#Grid Size                                    :  512 x 512 x 512
#Iterations                                   :  5
#Compute time                                 :  17.401676
#Total effective MLUPS                        :  38.564598
#===================================================================
#Number of threads                            :  4
