dxf,0,110.483885,13.667078
dzb,0,631.220113,75.918676
dyb,0,134.241809,16.407729
cvx,0,218.099201,26.154307
dyf,0,131.900162,16.134340
dzb2,0,632.347014,76.027134
dxb,0,113.418971,13.974203
cvy,0,544.554966,62.682414
dzf,0,631.710484,75.789912
dxb2,0,118.671237,14.539080
dyb2,0,134.338346,16.389401
cvz,0,217.900498,26.237732
dzb3,0,633.219579,76.061761
dxb3,0,122.976151,15.023669
dyb3,0,134.380407,16.428498
csxxsyyszz,0,595.541112,70.138681
dyf2,0,131.291823,16.035494
dxf2,0,109.746693,13.554581
csxy,0,97.202642,12.285456
dzf2,0,631.456050,75.866998
dyf3,0,132.087858,16.156981
csyz,0,111.227524,13.944043
dxf3,0,116.286849,14.289362
dzf3,0,630.865550,75.770869
csxz,0,110.560312,13.842743
dxf,1,110.359145,13.641301
dzb,1,635.254874,76.304630
dyb,1,134.429526,16.389035
cvx,1,218.531629,26.226154
dyf,1,132.955511,16.232974
dzb2,1,632.861899,76.003568
dxb,1,113.390562,13.978714
cvy,1,214.220389,25.683264
dzf,1,632.486572,75.982311
dxb2,1,118.778562,14.574624
dyb2,1,134.196814,16.381262
cvz,1,218.266439,26.261793
dzb3,1,633.433858,76.039992
dxb3,1,122.931749,15.022334
dyb3,1,134.464715,16.401481
csxxsyyszz,1,595.568720,70.140436
dyf2,1,131.178893,16.025400
dxf2,1,109.727502,13.577666
csxy,1,97.303725,12.287175
dzf2,1,631.384942,75.885636
dyf3,1,131.961639,16.134418
csyz,1,111.280140,13.954578
dxf3,1,116.389927,14.310782
dzf3,1,630.260190,77.070622
csxz,1,109.658867,14.372350
dxf,2,109.751261,14.168541
dzb,2,629.803079,76.092387
dyb,2,134.229603,16.438438
cvx,2,218.238209,26.232728
dyf,2,132.673500,16.269459
dzb2,2,629.872262,75.774080
dxb,2,113.194600,13.953326
cvy,2,215.610711,25.895516
dzf,2,632.114756,75.833330
dxb2,2,118.814830,14.559148
dyb2,2,134.481252,16.400779
cvz,2,218.246730,26.230404
dzb3,2,636.385489,76.338951
dxb3,2,122.806764,15.012631
dyb3,2,134.495034,16.411608
csxxsyyszz,2,594.798497,70.212543
dyf2,2,131.013022,16.070889
dxf2,2,109.509204,13.584444
csxy,2,97.181667,12.313359
dzf2,2,630.104409,75.899414
dyf3,2,131.951119,16.142309
csyz,2,111.187390,13.941226
dxf3,2,116.400153,14.309697
dzf3,2,630.020745,75.849088
csxz,2,110.326186,13.849137
dxf,3,110.337651,13.648742
dzb,3,629.808780,75.779918
dyb,3,134.252707,16.411159
cvx,3,218.522903,26.290043
dyf,3,132.984794,16.245606
dzb2,3,632.746014,76.375012
dxb,3,113.353682,14.064851
cvy,3,214.224328,25.809072
dzf,3,631.935472,76.375465
dxb2,3,118.717035,14.603926
dyb2,3,134.300466,16.404900
cvz,3,218.226412,26.296902
dzb3,3,633.073492,76.142414
dxb3,3,122.970070,15.050073
dyb3,3,134.344289,16.430874
csxxsyyszz,3,595.658772,70.157651
dyf2,3,133.027168,16.261585
dxf2,3,109.768297,13.608920
csxy,3,97.223031,12.271584
dzf2,3,630.810256,75.897102
dyf3,3,131.889111,16.146995
csyz,3,111.148573,13.949637
dxf3,3,116.188417,14.281944
dzf3,3,631.630855,75.955230
csxz,3,110.609981,13.870318
dxf,4,110.512902,13.670174
dzb,4,632.108021,75.975967
dyb,4,134.390178,16.396095
cvx,4,218.615866,26.212787
dyf,4,131.036355,16.324001
dzb2,4,633.166530,76.279739
dxb,4,113.409692,13.997098
cvy,4,213.698913,25.674806
dzf,4,629.148042,75.722975
dxb2,4,118.441988,14.553065
dyb2,4,134.327824,16.420465
cvz,4,218.158175,26.376934
dzb3,4,633.206000,76.163711
dxb3,4,122.705639,15.102565
dyb3,4,133.924056,16.373083
csxxsyyszz,4,591.695917,69.867886
dyf2,4,131.251802,16.044545
dxf2,4,109.529117,13.604429
csxy,4,97.154857,12.280643
dzf2,4,629.796443,75.789662
dyf3,4,131.815693,16.142714
csyz,4,111.087763,13.922098
dxf3,4,116.167541,14.311865
dzf3,4,627.720828,75.553660
csxz,4,110.384536,13.873513
#========================= OptEWE [OpenMP] =========================
#Source type                                  :  Force monopole
#Grid Size                                    :  512 x 512 x 512
#Iterations                                   :  5
#Compute time                                 :  34.551960
#Total effective MLUPS                        :  19.422592
#===================================================================
#Number of threads                            :  3
