dxf,0,35.870726,8.057462
dzb,0,135.100282,31.735746
dyb,0,35.729755,8.146987
cvx,0,42.147992,9.993384
dyf,0,35.746119,8.193952
dzb2,0,135.295937,31.833059
dxb,0,35.307752,7.979313
cvy,0,191.226202,38.445135
dzf,0,134.747947,31.671835
dxb2,0,35.335832,7.997239
dyb2,0,36.082678,8.254150
cvz,0,49.065699,11.593815
dzb3,0,134.877729,31.773002
dxb3,0,35.337503,8.000005
dyb3,0,35.987408,8.238928
csxxsyyszz,0,79.886027,18.749792
dyf2,0,35.967472,8.230354
dxf2,0,35.644447,8.094541
csxy,0,34.922094,8.269503
dzf2,0,134.826924,31.764380
dyf3,0,35.662250,8.152197
csyz,0,41.718595,9.833946
dxf3,0,35.404144,8.038535
dzf3,0,135.071637,31.831923
csxz,0,41.584571,9.794617
dxf,1,35.393635,8.043203
dzb,1,135.387290,31.891735
dyb,1,35.697938,8.140336
cvx,1,42.210894,10.023408
dyf,1,35.804191,8.210167
dzb2,1,135.168773,31.840262
dxb,1,35.317845,8.005100
cvy,1,42.036308,9.967740
dzf,1,134.722214,31.780078
dxb2,1,35.368140,8.012795
dyb2,1,36.036592,8.263878
cvz,1,49.011003,11.600832
dzb3,1,134.982698,31.810880
dxb3,1,35.348116,8.017335
dyb3,1,36.028366,8.254051
csxxsyyszz,1,79.993880,18.800166
dyf2,1,35.944769,8.229530
dxf2,1,35.607475,8.093603
csxy,1,35.001091,8.288991
dzf2,1,134.816163,31.798770
dyf3,1,35.597440,8.145680
csyz,1,41.695675,9.838846
dxf3,1,35.406079,8.053089
dzf3,1,135.007649,31.843820
csxz,1,41.544411,9.794819
dxf,2,35.452189,8.060462
dzb,2,135.228124,31.864853
dyb,2,35.674662,8.141536
cvx,2,42.203189,10.025655
dyf,2,35.833227,8.226752
dzb2,2,135.232380,31.880292
dxb,2,35.282324,8.000267
cvy,2,42.066010,9.988048
dzf,2,134.879537,31.819545
dxb2,2,35.359994,8.013697
dyb2,2,35.990033,8.247310
cvz,2,49.009714,11.608335
dzb3,2,134.925927,31.827388
dxb3,2,35.323694,8.020746
dyb3,2,35.983074,8.247539
csxxsyyszz,2,79.944915,18.814937
dyf2,2,35.993780,8.247926
dxf2,2,35.594526,8.097514
csxy,2,34.926605,8.287186
dzf2,2,134.690831,31.781588
dyf3,2,35.672515,8.177080
csyz,2,41.741953,9.854013
dxf3,2,35.432871,8.059661
dzf3,2,135.129024,31.876270
csxz,2,41.582566,9.797287
dxf,3,35.394596,8.053944
dzb,3,135.330838,31.916715
dyb,3,36.565304,8.349278
cvx,3,42.273013,10.029272
dyf,3,35.802630,8.220090
dzb2,3,135.190831,31.884929
dxb,3,35.337615,8.018296
cvy,3,42.002021,9.971065
dzf,3,134.787665,31.804561
dxb2,3,35.380855,8.036474
dyb2,3,36.009647,8.266938
cvz,3,49.015167,11.608305
dzb3,3,134.946103,31.828427
dxb3,3,35.345838,8.022908
dyb3,3,36.012291,8.257713
csxxsyyszz,3,80.274407,18.860325
dyf2,3,35.881445,8.219033
dxf2,3,35.672558,8.111409
csxy,3,34.921691,8.280199
dzf2,3,134.718660,31.797813
dyf3,3,35.691665,8.191237
csyz,3,41.725525,9.852075
dxf3,3,35.399595,8.059985
dzf3,3,135.054048,31.896290
csxz,3,41.552699,9.808007
dxf,4,35.436907,8.062854
dzb,4,135.265504,31.904639
dyb,4,35.708542,8.168208
cvx,4,42.132229,10.020408
dyf,4,35.809459,8.229401
dzb2,4,136.486758,32.146463
dxb,4,35.349094,8.017795
cvy,4,42.036865,9.979814
dzf,4,134.749610,31.815521
dxb2,4,35.340103,8.015637
dyb2,4,36.005587,8.251201
cvz,4,49.020275,11.617565
dzb3,4,135.143634,31.882799
dxb3,4,35.365760,8.028027
dyb3,4,36.006382,8.258016
csxxsyyszz,4,79.759068,18.770459
dyf2,4,35.884032,8.230051
dxf2,4,35.597946,8.105267
csxy,4,34.910905,8.282976
dzf2,4,134.724931,31.806475
dyf3,4,35.690328,8.184781
csyz,4,41.684321,9.841862
dxf3,4,35.369571,8.048011
dzf3,4,135.269428,31.914698
csxz,4,41.528243,9.821040
#========================= OptEWE [OpenMP] =========================
#Source type                                  :  Force monopole
#Grid Size                                    :  512 x 512 x 512
#Iterations                                   :  5
#Compute time                                 :  7.997748
#Total effective MLUPS                        :  83.909701
#===================================================================
#Number of threads                            :  16
