dxf,0,48.247491,9.143623
dzb,0,179.821618,35.463852
dyb,0,48.887811,9.319850
cvx,0,57.179116,11.309472
dyf,0,48.516324,9.302035
dzb2,0,178.753483,35.413919
dxb,0,48.087349,9.146935
cvy,0,183.811252,31.953722
dzf,0,178.770781,35.350679
dxb2,0,47.677302,9.089215
dyb2,0,48.966254,9.430166
cvz,0,65.446539,13.044618
dzb3,0,178.173705,35.186212
dxb3,0,47.675998,9.141629
dyb3,0,49.089258,9.379537
csxxsyyszz,0,124.654010,23.848735
dyf2,0,48.527171,9.280336
dxf2,0,47.919053,9.126012
csxy,0,46.590446,9.318574
dzf2,0,178.802931,35.312212
dyf3,0,48.282154,9.251223
csyz,0,55.175388,10.930292
dxf3,0,47.589445,9.103666
dzf3,0,180.360399,35.601606
csxz,0,55.331699,10.987953
dxf,1,47.640829,9.129903
dzb,1,179.807638,35.569129
dyb,1,48.917944,9.352132
cvx,1,57.122786,11.349523
dyf,1,48.583596,9.357565
dzb2,1,178.851712,35.410899
dxb,1,48.027368,9.145611
cvy,1,57.602316,11.438819
dzf,1,178.668795,35.364633
dxb2,1,47.713003,9.087014
dyb2,1,49.000897,9.392319
cvz,1,65.512870,13.057717
dzb3,1,178.073770,35.221630
dxb3,1,47.781223,9.101591
dyb3,1,49.130816,9.394101
csxxsyyszz,1,123.753085,23.745494
dyf2,1,48.580408,9.311771
dxf2,1,47.867170,9.136646
csxy,1,46.635104,9.251967
dzf2,1,178.780976,35.386714
dyf3,1,48.328580,9.277396
csyz,1,55.075617,10.924297
dxf3,1,47.645419,9.098087
dzf3,1,180.376289,35.650208
csxz,1,55.295594,10.976539
dxf,2,47.714683,9.104619
dzb,2,179.805756,35.543797
dyb,2,48.659862,9.297926
cvx,2,57.136618,11.348155
dyf,2,48.489127,9.329550
dzb2,2,180.035784,35.680841
dxb,2,48.029262,9.176230
cvy,2,57.477614,11.394571
dzf,2,178.677861,35.452044
dxb2,2,47.683984,9.114331
dyb2,2,49.027531,9.422058
cvz,2,65.443921,13.082435
dzb3,2,178.096109,35.345151
dxb3,2,47.815830,9.146363
dyb3,2,49.008659,9.389362
csxxsyyszz,2,124.318632,23.862147
dyf2,2,49.681513,9.504755
dxf2,2,47.933996,9.118831
csxy,2,46.670019,9.260839
dzf2,2,178.759733,35.376674
dyf3,2,48.335791,9.283734
csyz,2,55.080941,10.934774
dxf3,2,47.676410,9.101937
dzf3,2,180.328048,35.645875
csxz,2,55.256982,10.969965
dxf,3,47.671938,9.099138
dzb,3,179.888354,35.575033
dyb,3,48.803411,9.342559
cvx,3,57.277412,11.349179
dyf,3,48.544240,9.315639
dzb2,3,178.924976,35.424908
dxb,3,47.968101,9.128134
cvy,3,57.456744,11.373270
dzf,3,178.735580,35.360475
dxb2,3,47.654976,9.078151
dyb2,3,49.084926,9.392304
cvz,3,65.353490,13.032534
dzb3,3,178.115243,35.259643
dxb3,3,47.709255,9.098836
dyb3,3,48.907201,9.367074
csxxsyyszz,3,123.773502,23.750649
dyf2,3,48.490431,9.304344
dxf2,3,47.924051,9.148726
csxy,3,46.684530,9.256667
dzf2,3,178.745232,35.374673
dyf3,3,48.315806,9.304658
csyz,3,55.214713,10.949707
dxf3,3,47.686460,9.097895
dzf3,3,180.261049,35.642041
csxz,3,55.289497,10.992546
dxf,4,47.724102,9.102520
dzb,4,179.805291,35.548176
dyb,4,48.622355,9.320054
cvx,4,57.211132,11.326471
dyf,4,48.412120,9.294401
dzb2,4,178.918989,35.413161
dxb,4,47.995077,9.153959
cvy,4,57.373803,11.349316
dzf,4,178.707530,35.371680
dxb2,4,47.672221,9.093354
dyb2,4,49.014830,9.400996
cvz,4,65.503749,13.058954
dzb3,4,178.115366,35.256204
dxb3,4,47.758077,9.110584
dyb3,4,48.957742,9.384342
csxxsyyszz,4,124.568440,23.877100
dyf2,4,48.695779,9.334981
dxf2,4,47.911205,9.162773
csxy,4,46.675979,9.255944
dzf2,4,178.805756,35.387645
dyf3,4,48.347737,9.307543
csyz,4,55.144757,10.938011
dxf3,4,47.683166,9.098605
dzf3,4,180.240408,35.650834
csxz,4,55.337867,11.034553
#========================= OptEWE [OpenMP] =========================
#Source type                                  :  Force monopole
#Grid Size                                    :  512 x 512 x 512
#Iterations                                   :  5
#Compute time                                 :  10.704321
#Total effective MLUPS                        :  62.693247
#===================================================================
#Number of threads                            :  10
