dxf,0,63.867902,9.206926
dzb,0,329.144271,46.232339
dyb,0,74.079243,10.579320
cvx,0,102.299852,14.461289
dyf,0,73.835755,10.566512
dzb2,0,329.085762,46.235057
dxb,0,65.263265,9.369053
cvy,0,300.031419,39.027803
dzf,0,327.030265,45.992233
dxb2,0,64.551378,9.300288
dyb2,0,74.174080,10.662036
cvz,0,103.701137,14.774449
dzb3,0,328.445323,46.215739
dxb3,0,65.900977,9.459249
dyb3,0,74.240405,10.610883
csxxsyyszz,0,279.010123,38.089101
dyf2,0,73.903843,10.625402
dxf2,0,63.918065,9.243781
csxy,0,60.989551,9.039856
dzf2,0,328.802762,46.279735
dyf3,0,73.349413,10.515983
csyz,0,68.170593,10.039702
dxf3,0,65.093888,9.400966
dzf3,0,329.104547,46.335757
csxz,0,66.848019,9.876180
dxf,1,63.766702,9.199573
dzb,1,330.246180,46.430299
dyb,1,74.048559,10.578348
cvx,1,102.252140,14.455773
dyf,1,73.799908,10.559414
dzb2,1,329.298529,46.261219
dxb,1,65.155237,9.378829
cvy,1,99.867424,14.173511
dzf,1,326.901055,45.983665
dxb2,1,64.468386,9.278319
dyb2,1,74.326290,10.629759
cvz,1,103.726545,14.768684
dzb3,1,328.329618,46.164636
dxb3,1,66.000601,9.487101
dyb3,1,74.330862,10.614887
csxxsyyszz,1,278.966662,38.067615
dyf2,1,73.727509,10.548317
dxf2,1,63.964058,9.218943
csxy,1,60.752994,9.012143
dzf2,1,328.833587,46.227773
dyf3,1,73.396982,10.539072
csyz,1,68.140410,10.031728
dxf3,1,65.364463,9.393336
dzf3,1,328.189276,46.168771
csxz,1,66.863477,10.092575
dxf,2,63.644065,9.206114
dzb,2,329.403963,46.357014
dyb,2,74.192929,10.601413
cvx,2,102.320802,14.445926
dyf,2,73.701244,10.583007
dzb2,2,329.033241,46.290677
dxb,2,65.188672,9.370871
cvy,2,99.971130,14.139852
dzf,2,326.883385,46.011825
dxb2,2,64.691000,9.302639
dyb2,2,74.255792,10.673537
cvz,2,103.718522,14.772234
dzb3,2,326.566013,50.122779
dxb3,2,65.568715,10.434478
dyb3,2,73.848201,11.706047
csxxsyyszz,2,278.825812,39.541358
dyf2,2,73.689060,10.632717
dxf2,2,63.941582,9.267348
csxy,2,60.796047,9.044270
dzf2,2,328.734239,46.445540
dyf3,2,73.250647,10.534053
csyz,2,68.278041,10.155871
dxf3,2,65.382757,9.438537
dzf3,2,327.820930,46.255756
csxz,2,66.905268,9.895092
dxf,3,63.443525,9.155876
dzb,3,328.880821,46.282624
dyb,3,73.978212,10.595406
cvx,3,102.321081,14.443383
dyf,3,73.929980,10.581967
dzb2,3,329.101789,46.395646
dxb,3,65.089610,9.390269
cvy,3,99.938815,14.222975
dzf,3,327.145863,46.204256
dxb2,3,64.546360,9.332572
dyb2,3,75.725671,10.844629
cvz,3,103.655189,14.858477
dzb3,3,328.019258,46.152433
dxb3,3,66.043767,9.478494
dyb3,3,74.361589,10.629059
csxxsyyszz,3,278.956520,38.089146
dyf2,3,73.962231,10.589172
dxf2,3,65.507085,9.437053
csxy,3,60.778346,9.052787
dzf2,3,328.677291,46.394168
dyf3,3,73.459616,10.561534
csyz,3,68.211564,10.074360
dxf3,3,65.184575,9.405672
dzf3,3,328.194547,46.277916
csxz,3,66.830965,9.950688
dxf,4,63.506757,9.166345
dzb,4,329.091461,46.338264
dyb,4,74.124341,10.590027
cvx,4,102.281402,14.471957
dyf,4,73.659358,10.614559
dzb2,4,329.266927,46.350039
dxb,4,65.182831,9.383895
cvy,4,100.051924,14.158573
dzf,4,327.015012,46.175339
dxb2,4,64.492156,9.372860
dyb2,4,74.161163,10.650177
cvz,4,103.639577,14.813180
dzb3,4,328.057990,46.323900
dxb3,4,65.788367,9.477698
dyb3,4,74.234501,10.673773
csxxsyyszz,4,278.944876,38.100507
dyf2,4,73.776170,10.555648
dxf2,4,63.894591,9.221464
csxy,4,60.824813,9.027211
dzf2,4,328.686711,46.252320
dyf3,4,73.290873,10.519561
csyz,4,67.981339,10.062223
dxf3,4,65.214966,9.396917
dzf3,4,328.188023,46.366254
csxz,4,66.876362,9.949402
#========================= OptEWE [OpenMP] =========================
#Source type                                  :  Force monopole
#Grid Size                                    :  512 x 512 x 512
#Iterations                                   :  5
#Compute time                                 :  18.118828
#Total effective MLUPS                        :  37.038193
#===================================================================
#Number of threads                            :  4
