dxf,0,82.527630,20.414289
dzb,0,300.723544,78.463326
dyb,0,81.947515,20.678912
cvx,0,93.845112,24.782765
dyf,0,82.019017,20.762040
dzb2,0,300.817931,78.714936
dxb,0,81.063954,20.221427
cvy,0,771.357520,158.516212
dzf,0,301.058062,78.751521
dxb2,0,80.250458,20.128062
dyb2,0,82.431518,20.837878
cvz,0,109.104247,28.859547
dzb3,0,300.556252,78.476280
dxb3,0,80.770496,20.170338
dyb3,0,82.111756,20.713667
csxxsyyszz,0,193.829705,49.291638
dyf2,0,82.288812,20.753556
dxf2,0,80.385072,20.117834
csxy,0,78.137544,20.442979
dzf2,0,301.720072,78.481695
dyf3,0,81.868750,20.745590
csyz,0,93.021770,24.365583
dxf3,0,80.396291,20.122358
dzf3,0,301.220472,78.552805
csxz,0,92.762122,24.415434
dxf,1,80.404716,20.147632
dzb,1,300.682539,78.380319
dyb,1,81.896737,20.691136
cvx,1,93.671433,24.692036
dyf,1,82.055200,20.772542
dzb2,1,300.702906,78.451469
dxb,1,80.958457,20.237392
cvy,1,93.510576,24.634622
dzf,1,301.086394,78.544917
dxb2,1,80.261769,20.105450
dyb2,1,82.168623,20.778879
cvz,1,108.768311,28.689495
dzb3,1,300.498671,78.402664
dxb3,1,80.537160,20.172471
dyb3,1,82.197583,20.762840
csxxsyyszz,1,191.573871,48.933722
dyf2,1,82.370895,20.823166
dxf2,1,80.374365,20.151421
csxy,1,78.053223,20.459822
dzf2,1,301.340840,78.536457
dyf3,1,81.756216,20.739114
csyz,1,92.948334,24.420196
dxf3,1,80.280873,20.133121
dzf3,1,301.079684,78.645638
csxz,1,92.898927,24.481337
dxf,2,80.322382,20.149163
dzb,2,300.942769,78.548054
dyb,2,81.761009,20.693908
cvx,2,93.730674,24.748720
dyf,2,82.067019,20.819498
dzb2,2,301.423513,78.705731
dxb,2,81.131829,20.297375
cvy,2,93.458201,24.640500
dzf,2,301.144724,78.637656
dxb2,2,80.239738,20.110695
dyb2,2,82.193496,20.795688
cvz,2,108.812410,28.731669
dzb3,2,300.655197,78.515680
dxb3,2,80.596085,20.214874
dyb3,2,82.186678,20.795675
csxxsyyszz,2,193.876360,49.468795
dyf2,2,82.168035,20.817124
dxf2,2,80.397728,20.192943
csxy,2,78.072122,20.485514
dzf2,2,300.927289,78.554725
dyf3,2,82.019324,20.849507
csyz,2,92.927071,24.431292
dxf3,2,80.481114,20.189840
dzf3,2,301.114398,78.738680
csxz,2,92.930724,24.511219
dxf,3,80.309156,20.171554
dzb,3,300.589873,78.584965
dyb,3,81.947881,20.750091
cvx,3,93.782350,24.773101
dyf,3,82.116136,20.839046
dzb2,3,300.664058,78.625267
dxb,3,80.912134,20.267996
cvy,3,93.570536,24.690309
dzf,3,301.101199,78.721565
dxb2,3,80.296829,20.152300
dyb2,3,82.153674,20.791603
cvz,3,108.819563,28.756805
dzb3,3,300.568357,78.571627
dxb3,3,80.641290,20.246864
dyb3,3,82.253876,20.837281
csxxsyyszz,3,193.798586,49.495536
dyf2,3,82.265902,20.866525
dxf2,3,80.544747,20.236622
csxy,3,78.088853,20.499299
dzf2,3,301.036525,78.611390
dyf3,3,81.941349,20.852715
csyz,3,92.910565,24.449563
dxf3,3,80.333122,20.189329
dzf3,3,301.119275,78.816478
csxz,3,92.807936,24.506108
dxf,4,80.281810,20.177413
dzb,4,300.681522,78.644893
dyb,4,81.825908,20.750507
cvx,4,93.754718,24.786403
dyf,4,82.078730,20.849707
dzb2,4,300.756853,78.712897
dxb,4,80.910963,20.266962
cvy,4,93.512170,24.698409
dzf,4,301.118336,78.790642
dxb2,4,80.408917,20.201759
dyb2,4,82.140840,20.808523
cvz,4,108.857927,28.797127
dzb3,4,300.443177,78.613766
dxb3,4,80.762879,20.275791
dyb3,4,82.168793,20.803499
csxxsyyszz,4,191.734177,49.108411
dyf2,4,82.254615,20.866477
dxf2,4,80.437889,20.227308
csxy,4,78.178452,20.540655
dzf2,4,301.038949,78.689518
dyf3,4,81.936399,20.839856
csyz,4,92.911348,24.473491
dxf3,4,81.718691,20.475454
dzf3,4,301.094144,78.865920
csxz,4,92.786414,24.554879
#========================= OptEWE [OpenMP] =========================
#Source type                                  :  Force monopole
#Grid Size                                    :  768 x 768 x 768
#Iterations                                   :  5
#Compute time                                 :  18.352661
#Total effective MLUPS                        :  123.411213
#===================================================================
#Number of threads                            :  24
