dxf,0,175.235736,26.664047
dzb,0,751.730191,117.720895
dyb,0,363.130345,53.096619
cvx,0,317.766629,48.536361
dyf,0,181.281831,27.957645
dzb2,0,751.624353,117.737884
dxb,0,361.159102,52.482361
cvy,0,919.255310,127.725956
dzf,0,700.109800,108.835656
dxb2,0,321.192289,47.093202
dyb2,0,362.845466,53.100539
cvz,0,420.488476,63.384152
dzb3,0,700.720814,108.982671
dxb3,0,321.159986,47.106363
dyb3,0,442.935751,63.715533
csxxsyyszz,0,482.888544,75.985728
dyf2,0,181.375394,27.938624
dxf2,0,395.675066,57.144523
csxy,0,214.638408,33.646681
dzf2,0,1385.609371,202.893866
dyf3,0,324.493620,48.007387
csyz,0,315.357115,48.060498
dxf3,0,174.658219,26.658574
dzf3,0,751.508983,117.809509
csxz,0,317.580407,48.401144
dxf,1,174.631060,26.672785
dzb,1,751.696938,117.858565
dyb,1,363.176082,53.167858
cvx,1,317.817038,48.608321
dyf,1,181.235420,27.960515
dzb2,1,751.649981,117.874286
dxb,1,361.226658,52.531485
cvy,1,445.987240,65.949239
dzf,1,700.122571,108.921541
dxb2,1,320.893007,47.088805
dyb2,1,364.257565,53.315214
cvz,1,420.856284,63.449818
dzb3,1,700.658326,110.160054
dxb3,1,321.075046,47.117016
dyb3,1,443.217170,63.753427
csxxsyyszz,1,482.860079,75.974141
dyf2,1,181.354596,27.926625
dxf2,1,395.774511,57.180319
csxy,1,214.657877,33.644640
dzf2,1,1385.672751,202.962714
dyf3,1,324.918373,48.229821
csyz,1,315.139883,48.023788
dxf3,1,174.738086,26.689380
dzf3,1,751.693971,117.919119
csxz,1,317.582044,48.423172
dxf,2,174.598519,26.705512
dzb,2,751.705396,117.915420
dyb,2,362.994398,53.168830
cvx,2,318.012689,48.644139
dyf,2,181.289918,27.991212
dzb2,2,751.524875,118.062384
dxb,2,361.286063,52.567867
cvy,2,445.520872,65.931730
dzf,2,700.778192,109.069459
dxb2,2,320.782398,47.097355
dyb2,2,363.341942,53.204085
cvz,2,420.687047,63.460938
dzb3,2,700.746857,109.011427
dxb3,2,321.386175,47.182076
dyb3,2,443.840056,63.829559
csxxsyyszz,2,483.201812,75.998303
dyf2,2,181.467440,27.978213
dxf2,2,395.608137,57.130622
csxy,2,214.677531,33.635794
dzf2,2,1385.311045,202.814351
dyf3,2,324.591190,47.983364
csyz,2,315.449028,48.049130
dxf3,2,174.603154,26.687248
dzf3,2,751.698217,117.952229
csxz,2,317.480414,48.388766
dxf,3,174.596569,26.711662
dzb,3,751.559142,117.896596
dyb,3,363.457810,53.214827
cvx,3,318.059581,48.616151
dyf,3,181.011559,27.948357
dzb2,3,752.436700,118.090147
dxb,3,361.446791,52.876030
cvy,3,444.555368,66.649289
dzf,3,700.001510,108.800624
dxb2,3,321.464046,47.163278
dyb2,3,363.117835,53.161445
cvz,3,420.846286,63.455291
dzb3,3,700.109460,108.926981
dxb3,3,321.355849,47.163820
dyb3,3,443.359685,63.777289
csxxsyyszz,3,482.953468,76.006671
dyf2,3,181.246443,27.964444
dxf2,3,395.897792,57.163102
csxy,3,214.520139,33.611134
dzf2,3,1381.403669,203.025381
dyf3,3,324.663512,48.046588
csyz,3,315.504617,48.085963
dxf3,3,174.622957,26.747449
dzf3,3,751.663007,118.025189
csxz,3,317.657332,48.436892
dxf,4,174.714670,26.755913
dzb,4,751.707774,117.969576
dyb,4,364.277278,53.316731
cvx,4,317.619128,48.580417
dyf,4,181.147147,27.953949
dzb2,4,751.759341,118.207040
dxb,4,361.212605,52.560786
cvy,4,445.530643,65.939156
dzf,4,700.199211,109.053655
dxb2,4,321.464930,47.170996
dyb2,4,363.026625,53.156918
cvz,4,420.671841,63.441947
dzb3,4,700.394489,108.959106
dxb3,4,321.183238,47.138611
dyb3,4,443.069674,63.756231
csxxsyyszz,4,482.988514,76.001833
dyf2,4,181.121309,27.940188
dxf2,4,395.957383,57.189161
csxy,4,214.442965,33.605743
dzf2,4,1385.565869,202.933573
dyf3,4,324.819920,48.060519
csyz,4,315.008320,48.023738
dxf3,4,174.663127,26.751245
dzf3,4,751.634715,117.907452
csxz,4,318.138103,48.511907
#========================= OptEWE [OpenMP] =========================
#Source type                                  :  Force monopole
#Grid Size                                    :  768 x 768 x 768
#Iterations                                   :  5
#Compute time                                 :  56.280266
#Total effective MLUPS                        :  40.243665
#===================================================================
#Number of threads                            :  11
