dxf,0,308.744855,46.327787
dzb,0,639.387144,105.553987
dyb,0,310.984459,47.026680
cvx,0,457.403063,68.209483
dyf,0,311.791159,47.201246
dzb2,0,639.752402,105.673421
dxb,0,309.363612,46.448682
cvy,0,945.930870,133.090197
dzf,0,638.394779,105.471294
dxb2,0,309.074393,46.433954
dyb2,0,311.054267,47.071304
cvz,0,472.908461,71.438982
dzb3,0,638.874140,105.555232
dxb3,0,356.350903,52.876426
dyb3,0,384.673439,56.923321
csxxsyyszz,0,536.176503,84.457763
dyf2,0,359.308305,53.613202
dxf2,0,381.080860,56.208928
csxy,0,288.554141,44.356119
dzf2,0,1480.491187,219.193732
dyf3,0,311.781289,47.202491
csyz,0,380.016216,57.643087
dxf3,0,308.022352,46.280109
dzf3,0,1137.471816,173.017173
csxz,0,382.796646,58.094249
dxf,1,307.973659,46.290358
dzb,1,639.723680,105.705104
dyb,1,311.805951,47.198130
cvx,1,457.505210,68.287136
dyf,1,311.638965,47.228735
dzb2,1,639.812431,105.722638
dxb,1,309.141229,46.453936
cvy,1,496.326664,73.437159
dzf,1,639.357174,105.930060
dxb2,1,308.167619,46.545487
dyb2,1,310.663318,47.252811
cvz,1,471.811342,71.404854
dzb3,1,638.746320,105.544718
dxb3,1,356.141637,52.808193
dyb3,1,384.489322,56.897819
csxxsyyszz,1,536.234119,84.464721
dyf2,1,359.586166,53.631503
dxf2,1,380.947436,56.175410
csxy,1,288.330636,44.301628
dzf2,1,1480.495729,219.143207
dyf3,1,311.987929,47.224680
csyz,1,379.794686,57.602816
dxf3,1,308.051745,46.279557
dzf3,1,1137.291751,172.948846
csxz,1,383.026510,58.109473
dxf,2,307.983940,46.279694
dzb,2,639.796138,105.669167
dyb,2,310.604037,46.994788
cvx,2,457.614402,68.251965
dyf,2,312.048031,47.240369
dzb2,2,639.550155,105.644005
dxb,2,309.094938,46.460894
cvy,2,496.422479,73.483110
dzf,2,638.657653,105.776050
dxb2,2,308.808634,46.648781
dyb2,2,311.338196,47.209513
cvz,2,473.076457,71.464422
dzb3,2,638.665550,105.657483
dxb3,2,356.207124,52.994390
dyb3,2,384.300681,57.053716
csxxsyyszz,2,535.856752,84.484002
dyf2,2,359.528550,53.653784
dxf2,2,381.302094,56.371481
csxy,2,288.415839,44.443264
dzf2,2,1479.698025,219.399946
dyf3,2,312.829664,47.498551
csyz,2,380.400269,57.868016
dxf3,2,308.279616,46.447047
dzf3,2,1136.773681,173.074288
csxz,2,381.945635,58.145861
dxf,3,307.930241,46.410642
dzb,3,639.468705,105.745151
dyb,3,310.705288,47.034879
cvx,3,457.627317,68.397834
dyf,3,311.723224,47.347445
dzb2,3,639.808619,105.935236
dxb,3,309.770182,46.556291
cvy,3,496.545901,73.541637
dzf,3,638.772207,105.886971
dxb2,3,308.701816,46.524972
dyb2,3,311.607062,47.335401
cvz,3,469.205301,71.261923
dzb3,3,638.383228,105.650551
dxb3,3,356.161098,52.841795
dyb3,3,384.770564,56.959250
csxxsyyszz,3,537.610911,84.689176
dyf2,3,359.604517,53.669728
dxf2,3,381.571375,56.404691
csxy,3,288.618375,44.430932
dzf2,3,1480.144462,219.322173
dyf3,3,311.712103,47.290733
csyz,3,380.114845,57.762778
dxf3,3,307.948362,46.318198
dzf3,3,1137.054483,173.014590
csxz,3,382.022181,58.125196
dxf,4,307.864909,46.364305
dzb,4,639.675401,105.679538
dyb,4,311.013716,47.075353
cvx,4,457.413991,68.356483
dyf,4,311.575334,47.282924
dzb2,4,639.573305,105.768310
dxb,4,309.010045,46.429752
cvy,4,495.666237,73.412207
dzf,4,638.735198,105.735997
dxb2,4,308.755497,46.463717
dyb2,4,311.348673,47.122198
cvz,4,473.199638,71.465845
dzb3,4,639.543610,105.816903
dxb3,4,356.123444,52.927851
dyb3,4,384.120019,56.903747
csxxsyyszz,4,535.954870,84.435346
dyf2,4,359.238739,53.660166
dxf2,4,381.299061,56.359957
csxy,4,288.476931,44.401945
dzf2,4,1479.747030,219.233359
dyf3,4,311.833985,47.324791
csyz,4,379.626854,57.673139
dxf3,4,307.726095,46.253272
dzf3,4,1137.018354,173.070860
csxz,4,382.156977,58.138017
#========================= OptEWE [OpenMP] =========================
#Source type                                  :  Force monopole
#Grid Size                                    :  768 x 768 x 768
#Iterations                                   :  5
#Compute time                                 :  61.193378
#Total effective MLUPS                        :  37.012569
#===================================================================
#Number of threads                            :  12
