dxf,0,320.189402,46.803958
dzb,0,710.158591,111.969166
dyb,0,333.991049,49.033997
cvx,0,396.590721,58.913650
dyf,0,321.289353,47.408705
dzb2,0,710.625352,111.865976
dxb,0,333.839148,48.673622
cvy,0,902.546833,126.733446
dzf,0,704.979848,111.304557
dxb2,0,333.060467,48.562700
dyb2,0,334.546431,49.137004
cvz,0,490.847258,72.526172
dzb3,0,706.164423,111.473487
dxb3,0,332.899262,48.678044
dyb3,0,408.913345,59.151184
csxxsyyszz,0,511.663609,79.480157
dyf2,0,321.615401,47.500627
dxf2,0,406.030433,58.439770
csxy,0,298.870781,44.885284
dzf2,0,1506.370503,215.980111
dyf3,0,334.872198,49.217740
csyz,0,393.110350,58.263555
dxf3,0,319.239630,46.754557
dzf3,0,709.639414,111.982045
csxz,0,398.900199,59.083351
dxf,1,319.483924,46.779263
dzb,1,710.258096,111.939217
dyb,1,334.912668,49.170860
cvx,1,397.691948,59.165397
dyf,1,321.199746,47.439486
dzb2,1,710.465954,112.087477
dxb,1,333.539905,48.654884
cvy,1,515.818633,74.745435
dzf,1,704.979011,111.365462
dxb2,1,333.375648,48.628062
dyb2,1,334.633338,49.188112
cvz,1,491.601665,72.339482
dzb3,1,705.735261,111.485955
dxb3,1,333.063971,48.576509
dyb3,1,408.627807,58.982557
csxxsyyszz,1,510.707126,79.318450
dyf2,1,321.764548,47.525395
dxf2,1,405.743390,58.386921
csxy,1,298.216087,44.809700
dzf2,1,1506.044073,216.069756
dyf3,1,334.790427,49.188036
csyz,1,393.019404,58.251942
dxf3,1,319.338354,46.774985
dzf3,1,711.325334,112.239004
csxz,1,398.860420,59.094037
dxf,2,319.392348,46.761004
dzb,2,710.123230,112.035526
dyb,2,333.617314,49.019710
cvx,2,397.146043,59.121632
dyf,2,321.876951,47.497278
dzb2,2,710.372555,112.030837
dxb,2,333.240898,48.609774
cvy,2,516.234226,74.952872
dzf,2,704.995278,111.074824
dxb2,2,333.299692,48.614122
dyb2,2,334.558816,49.144424
cvz,2,491.426055,72.456932
dzb3,2,705.399405,111.477049
dxb3,2,333.059093,48.578532
dyb3,2,408.994225,59.127720
csxxsyyszz,2,510.660088,79.286584
dyf2,2,321.594932,47.515028
dxf2,2,405.842979,58.391405
csxy,2,299.152484,44.921943
dzf2,2,1505.790375,216.171216
dyf3,2,334.908002,49.226242
csyz,2,393.853196,58.159029
dxf3,2,319.532830,46.778336
dzf3,2,709.849174,112.046594
csxz,2,399.828160,58.963061
dxf,3,319.367671,46.756272
dzb,3,710.150466,112.005662
dyb,3,334.146825,49.073711
cvx,3,396.642852,59.040486
dyf,3,321.307728,47.440015
dzb2,3,710.506183,111.816906
dxb,3,333.685422,48.674866
cvy,3,516.642124,74.642816
dzf,3,705.066274,111.185433
dxb2,3,332.922625,48.566956
dyb2,3,334.764844,49.178050
cvz,3,490.276654,72.430775
dzb3,3,705.614326,111.643878
dxb3,3,333.072486,49.175417
dyb3,3,408.766464,59.046314
csxxsyyszz,3,512.630124,79.569493
dyf2,3,321.599794,47.496953
dxf2,3,405.659851,58.375523
csxy,3,298.506039,44.835979
dzf2,3,1507.534441,216.000134
dyf3,3,334.346503,49.135377
csyz,3,393.305701,58.246084
dxf3,3,319.583728,46.782676
dzf3,3,709.695369,111.838779
csxz,3,399.230327,58.983915
dxf,4,319.431777,46.762796
dzb,4,710.558423,112.038569
dyb,4,334.065479,49.081401
cvx,4,396.203213,58.949288
dyf,4,321.059541,47.384983
dzb2,4,710.322514,111.922682
dxb,4,333.375878,48.628717
cvy,4,516.243302,74.715004
dzf,4,704.872936,111.257351
dxb2,4,333.181540,48.577619
dyb2,4,335.862584,49.295183
cvz,4,490.865913,72.530550
dzb3,4,705.866989,111.339532
dxb3,4,333.217313,48.596138
dyb3,4,408.652541,58.978278
csxxsyyszz,4,511.165702,79.460482
dyf2,4,321.636982,47.790848
dxf2,4,405.857757,58.757756
csxy,4,298.922433,45.120846
dzf2,4,1505.900453,215.883365
dyf3,4,334.390457,49.199310
csyz,4,392.861006,58.294739
dxf3,4,319.399660,46.806725
dzf3,4,709.881811,112.137111
csxz,4,398.769315,59.138392
#========================= OptEWE [OpenMP] =========================
#Source type                                  :  Force monopole
#Grid Size                                    :  768 x 768 x 768
#Iterations                                   :  5
#Compute time                                 :  61.159077
#Total effective MLUPS                        :  37.033328
#===================================================================
#Number of threads                            :  13
