dxf,0,146.176150,23.885602
dzb,0,615.622503,100.751310
dyb,0,153.074164,25.227486
cvx,0,181.054914,30.117816
dyf,0,152.984208,25.289580
dzb2,0,615.682068,101.074886
dxb,0,146.101799,23.911953
cvy,0,1042.162191,147.884957
dzf,0,614.436070,100.888829
dxb2,0,145.867259,23.917640
dyb2,0,153.185823,25.315810
cvz,0,212.541943,35.347388
dzb3,0,615.550810,100.560249
dxb3,0,145.662173,23.873856
dyb3,0,153.002542,25.275279
csxxsyyszz,0,419.080433,67.749427
dyf2,0,152.971714,25.292606
dxf2,0,145.630226,23.901312
csxy,0,147.833590,24.713137
dzf2,0,614.486257,100.642821
dyf3,0,155.103712,25.607672
csyz,0,178.941335,29.788388
dxf3,0,145.643444,23.892460
dzf3,0,614.493318,100.986014
csxz,0,178.952088,29.831561
dxf,1,145.412587,23.864356
dzb,1,615.757861,100.515981
dyb,1,153.242250,25.309934
cvx,1,180.977622,30.172424
dyf,1,152.889465,25.318098
dzb2,1,615.797688,101.211013
dxb,1,146.442913,24.212307
cvy,1,181.149810,30.290252
dzf,1,614.397010,101.451930
dxb2,1,145.861271,23.947542
dyb2,1,153.142963,25.317866
cvz,1,212.550019,35.374679
dzb3,1,615.603113,100.858885
dxb3,1,145.791958,23.922154
dyb3,1,153.041239,25.292039
csxxsyyszz,1,415.666680,67.289531
dyf2,1,152.956984,25.314132
dxf2,1,145.610026,23.906417
csxy,1,147.887989,24.731412
dzf2,1,614.229279,100.889649
dyf3,1,152.877372,25.276511
csyz,1,178.881634,29.794847
dxf3,1,145.549950,23.886528
dzf3,1,614.493391,101.052613
csxz,1,179.036432,29.853335
dxf,2,145.603591,23.895951
dzb,2,617.270993,101.001338
dyb,2,153.246963,25.315285
cvx,2,180.961935,30.176645
dyf,2,152.966170,25.331421
dzb2,2,615.728704,101.213148
dxb,2,146.141727,23.975636
cvy,2,181.454412,30.204102
dzf,2,614.531987,101.040130
dxb2,2,146.038676,23.967364
dyb2,2,153.139045,25.322158
cvz,2,212.503813,35.354825
dzb3,2,615.455141,101.045861
dxb3,2,145.677864,23.893275
dyb3,2,153.107856,25.302801
csxxsyyszz,2,415.577815,67.299312
dyf2,2,153.001565,25.333110
dxf2,2,145.668617,23.933130
csxy,2,147.814677,24.732669
dzf2,2,614.356651,101.020028
dyf3,2,152.886650,25.308448
csyz,2,178.906861,29.808491
dxf3,2,145.533430,23.892727
dzf3,2,614.536759,100.705338
csxz,2,178.983043,29.848529
dxf,3,145.526151,23.884355
dzb,3,616.009988,101.086314
dyb,3,153.291689,25.328978
cvx,3,181.035801,30.179187
dyf,3,152.957876,25.330419
dzb2,3,615.598095,101.202778
dxb,3,146.140135,23.986483
cvy,3,181.078226,30.163377
dzf,3,614.495628,100.428011
dxb2,3,145.988479,23.937393
dyb2,3,153.343420,25.337650
cvz,3,215.008043,35.754004
dzb3,3,615.666551,101.350486
dxb3,3,145.732265,23.915581
dyb3,3,153.175654,25.310300
csxxsyyszz,3,415.637409,67.309586
dyf2,3,153.110345,25.326302
dxf2,3,145.765657,23.938910
csxy,3,147.911391,24.749720
dzf2,3,614.450106,101.038138
dyf3,3,152.965588,25.308230
csyz,3,178.916650,29.805525
dxf3,3,145.660312,23.907737
dzf3,3,614.664243,100.504212
csxz,3,179.096654,29.833816
dxf,4,145.623383,23.910715
dzb,4,615.768516,101.255121
dyb,4,153.363185,25.345368
cvx,4,180.994302,30.187636
dyf,4,152.918438,25.327860
dzb2,4,615.624756,101.216764
dxb,4,146.169842,23.998273
cvy,4,181.260724,30.182386
dzf,4,614.494012,100.651822
dxb2,4,145.880236,23.943337
dyb2,4,155.255426,25.638406
cvz,4,212.658239,35.402379
dzb3,4,615.485578,101.215703
dxb3,4,145.714630,23.915537
dyb3,4,152.995552,25.296423
csxxsyyszz,4,415.479253,67.296428
dyf2,4,153.049114,25.314076
dxf2,4,145.583213,23.907957
csxy,4,147.829641,24.738273
dzf2,4,614.406295,101.033178
dyf3,4,152.974424,25.323723
csyz,4,179.379576,30.024027
dxf3,4,145.602308,24.024380
dzf3,4,615.927979,101.467394
csxz,4,179.144801,30.020417
#========================= OptEWE [OpenMP] =========================
#Source type                                  :  Force monopole
#Grid Size                                    :  768 x 768 x 768
#Iterations                                   :  5
#Compute time                                 :  35.773891
#Total effective MLUPS                        :  63.312211
#===================================================================
#Number of threads                            :  16
