dxf,0,90.890628,19.899366
dzb,0,356.193907,80.561757
dyb,0,90.957571,20.362878
cvx,0,109.485281,25.024414
dyf,0,91.053861,20.415034
dzb2,0,356.108786,80.657519
dxb,0,89.417354,19.656587
cvy,0,951.284661,172.918941
dzf,0,355.328251,80.609621
dxb2,0,89.531853,19.696515
dyb2,0,90.979650,20.412940
cvz,0,126.813788,29.005557
dzb3,0,355.839081,80.764256
dxb3,0,89.534271,19.730376
dyb3,0,90.966613,20.417802
csxxsyyszz,0,211.691383,47.815045
dyf2,0,91.043888,20.457830
dxf2,0,89.573379,19.753267
csxy,0,89.558687,20.519026
dzf2,0,355.286226,80.673732
dyf3,0,91.006018,20.447119
csyz,0,107.618819,24.559058
dxf3,0,89.660147,19.768707
dzf3,0,356.081953,80.906691
csxz,0,107.513722,24.597339
dxf,1,89.182505,19.686915
dzb,1,356.269002,80.859129
dyb,1,90.998142,20.424384
cvx,1,108.943388,24.990375
dyf,1,92.878155,20.818786
dzb2,1,356.164860,80.809999
dxb,1,89.406737,19.730028
cvy,1,108.526792,24.873353
dzf,1,355.276527,80.734350
dxb2,1,89.384221,19.705046
dyb2,1,90.989994,20.426140
cvz,1,126.887609,29.040781
dzb3,1,355.834480,80.797225
dxb3,1,89.447218,19.721882
dyb3,1,90.987922,20.420483
csxxsyyszz,1,210.380751,47.590953
dyf2,1,91.125896,20.491323
dxf2,1,89.459139,19.738274
csxy,1,89.536375,20.533101
dzf2,1,355.200272,80.710056
dyf3,1,90.896385,20.458232
csyz,1,107.574055,24.558712
dxf3,1,89.660613,19.773490
dzf3,1,355.455717,80.793614
csxz,1,107.504577,24.596973
dxf,2,89.264750,19.698694
dzb,2,356.102376,80.822679
dyb,2,90.842271,20.408901
cvx,2,108.728442,24.965038
dyf,2,90.957800,20.480087
dzb2,2,356.154198,80.863789
dxb,2,89.260133,19.688480
cvy,2,108.462838,24.888770
dzf,2,355.255522,80.748732
dxb2,2,89.379438,19.693801
dyb2,2,91.177591,20.471575
cvz,2,126.864712,29.047806
dzb3,2,355.825583,80.834201
dxb3,2,89.508973,19.744843
dyb3,2,91.107457,20.453991
csxxsyyszz,2,211.647184,47.841578
dyf2,2,91.114821,20.488832
dxf2,2,89.673971,19.779639
csxy,2,89.499078,20.524916
dzf2,2,355.109868,80.689887
dyf3,2,90.836344,20.447310
csyz,2,107.654619,24.587475
dxf3,2,89.529030,19.758737
dzf3,2,355.429806,80.817468
csxz,2,107.516842,24.609026
dxf,3,89.317839,19.722433
dzb,3,356.319935,80.928790
dyb,3,90.935233,20.420890
cvx,3,108.913433,24.993281
dyf,3,92.165656,20.810073
dzb2,3,357.939075,81.570724
dxb,3,89.409701,19.733015
cvy,3,108.413858,24.860652
dzf,3,355.843026,80.892238
dxb2,3,89.396728,19.698961
dyb2,3,91.121600,20.465984
cvz,3,126.872788,29.045566
dzb3,3,355.986476,80.872497
dxb3,3,89.502211,19.741753
dyb3,3,91.226878,20.484235
csxxsyyszz,3,213.038440,48.089711
dyf2,3,91.079805,20.496016
dxf2,3,89.475614,19.785909
csxy,3,89.555474,20.549659
dzf2,3,355.241418,80.749009
dyf3,3,91.001124,20.517573
csyz,3,107.630267,24.584382
dxf3,3,89.567532,19.777199
dzf3,3,355.388194,80.841355
csxz,3,107.495633,24.605898
dxf,4,89.245117,19.714099
dzb,4,356.464155,80.943374
dyb,4,90.812753,20.431758
cvx,4,108.734838,24.966877
dyf,4,91.166378,20.517826
dzb2,4,356.234610,80.906674
dxb,4,89.318836,19.758970
cvy,4,108.399481,24.883839
dzf,4,355.356125,80.829581
dxb2,4,89.410096,19.742682
dyb2,4,91.058206,20.478182
cvz,4,126.786316,29.043352
dzb3,4,355.934032,80.869431
dxb3,4,89.510262,19.765537
dyb3,4,91.091025,20.491929
csxxsyyszz,4,210.629984,47.650065
dyf2,4,91.132870,20.508080
dxf2,4,89.515583,19.763147
csxy,4,89.541975,20.538567
dzf2,4,355.190733,80.721818
dyf3,4,91.074361,20.554528
csyz,4,107.644715,24.598545
dxf3,4,89.633572,19.789565
dzf3,4,355.437022,80.892660
csxz,4,107.567912,24.705101
#========================= OptEWE [OpenMP] =========================
#Source type                                  :  Force monopole
#Grid Size                                    :  768 x 768 x 768
#Iterations                                   :  5
#Compute time                                 :  21.238474
#Total effective MLUPS                        :  106.642510
#===================================================================
#Number of threads                            :  23
