dxf,0,120.787681,20.798004
dzb,0,512.491753,88.641504
dyb,0,119.765490,21.033814
cvx,0,147.010593,25.965869
dyf,0,120.010121,21.103705
dzb2,0,512.282220,88.695211
dxb,0,117.824507,20.398491
cvy,0,1243.051281,179.353575
dzf,0,510.967471,88.466356
dxb2,0,117.802190,20.397721
dyb2,0,120.120578,21.105776
cvz,0,173.221562,30.518793
dzb3,0,512.174650,88.713579
dxb3,0,117.616967,20.371332
dyb3,0,120.166382,21.113824
csxxsyyszz,0,270.606059,48.253188
dyf2,0,119.994435,21.126953
dxf2,0,118.040120,20.448852
csxy,0,119.856644,21.237532
dzf2,0,511.146990,88.561320
dyf3,0,119.808438,21.089626
csyz,0,145.670701,25.683627
dxf3,0,117.857283,20.431896
dzf3,0,511.149076,88.570898
csxz,0,145.669965,25.708147
dxf,1,117.930341,20.445057
dzb,1,512.307834,88.748484
dyb,1,119.723036,21.033778
cvx,1,147.106556,25.999602
dyf,1,119.895258,21.130052
dzb2,1,512.374862,88.803956
dxb,1,117.736093,20.403590
cvy,1,146.732678,25.943799
dzf,1,511.652452,88.648148
dxb2,1,117.884135,20.416120
dyb2,1,120.041265,21.088642
cvz,1,173.146703,30.497688
dzb3,1,512.773504,88.848233
dxb3,1,117.583623,20.375314
dyb3,1,120.034998,21.134522
csxxsyyszz,1,269.254548,48.090128
dyf2,1,120.246978,21.162852
dxf2,1,118.014700,20.458339
csxy,1,119.895710,21.252753
dzf2,1,511.227781,88.564979
dyf3,1,119.820795,21.117300
csyz,1,145.816941,25.706807
dxf3,1,117.752592,20.429950
dzf3,1,512.191582,88.756247
csxz,1,145.576005,25.706048
dxf,2,117.781487,20.437438
dzb,2,512.291863,88.732138
dyb,2,119.815973,21.084516
cvx,2,147.047229,26.010828
dyf,2,120.065089,21.161717
dzb2,2,512.435156,88.823878
dxb,2,117.693331,20.416331
cvy,2,146.698272,25.957416
dzf,2,511.170513,88.597406
dxb2,2,117.866968,20.437785
dyb2,2,120.023747,21.123564
cvz,2,173.134378,30.509739
dzb3,2,512.040421,88.723453
dxb3,2,117.614206,20.393957
dyb3,2,120.081488,21.100876
csxxsyyszz,2,270.822676,48.315710
dyf2,2,120.110474,21.147811
dxf2,2,117.921486,20.433984
csxy,2,119.886511,21.242081
dzf2,2,511.205400,88.578042
dyf3,2,119.765441,21.121155
csyz,2,145.728864,25.694377
dxf3,2,117.749392,20.422716
dzf3,2,511.211893,88.606820
csxz,2,145.558869,25.694729
dxf,3,117.921017,20.458553
dzb,3,512.434203,88.759783
dyb,3,120.219613,21.155202
cvx,3,146.999073,26.013372
dyf,3,120.003903,21.138392
dzb2,3,512.255607,88.794375
dxb,3,118.168868,20.481249
cvy,3,147.538564,26.081773
dzf,3,510.907924,88.504068
dxb2,3,117.844351,20.415914
dyb2,3,119.774842,21.077402
cvz,3,173.253670,30.529152
dzb3,3,512.081726,88.759875
dxb3,3,117.693001,20.410339
dyb3,3,120.074665,21.126374
csxxsyyszz,3,269.571820,48.137344
dyf2,3,120.118873,21.143136
dxf2,3,117.913808,20.435503
csxy,3,119.854548,21.245209
dzf2,3,511.078461,88.590916
dyf3,3,119.777280,21.107775
csyz,3,145.712647,25.701183
dxf3,3,117.844434,20.448113
dzf3,3,511.050376,88.619296
csxz,3,145.609577,25.723863
dxf,4,117.843737,20.446754
dzb,4,512.392334,88.771222
dyb,4,119.896592,21.097712
cvx,4,147.073637,25.994771
dyf,4,120.012339,21.143444
dzb2,4,512.463358,88.840730
dxb,4,117.661323,20.413003
cvy,4,146.711048,25.953977
dzf,4,511.109679,88.582628
dxb2,4,117.880428,20.449530
dyb2,4,120.052767,21.121906
cvz,4,173.150135,30.524636
dzb3,4,512.279675,88.784718
dxb3,4,117.692719,20.411032
dyb3,4,120.190994,21.147826
csxxsyyszz,4,269.333482,48.096524
dyf2,4,120.205700,21.164208
dxf2,4,117.879929,20.427155
csxy,4,119.961727,21.261852
dzf2,4,511.250215,88.587925
dyf3,4,119.831759,21.105739
csyz,4,145.699676,25.690346
dxf3,4,117.794779,20.432692
dzf3,4,511.601275,88.680295
csxz,4,145.639832,25.763079
#========================= OptEWE [OpenMP] =========================
#Source type                                  :  Force monopole
#Grid Size                                    :  768 x 768 x 768
#Iterations                                   :  5
#Compute time                                 :  29.329416
#Total effective MLUPS                        :  77.223636
#===================================================================
#Number of threads                            :  22
