dxf,0,102.064607,19.608303
dzb,0,379.666459,76.105062
dyb,0,116.607155,22.318164
cvx,0,132.564876,25.592069
dyf,0,116.503348,22.322238
dzb2,0,378.304268,75.885470
dxb,0,102.796427,19.801532
cvy,0,971.636248,154.373074
dzf,0,377.404341,75.764666
dxb2,0,103.408123,19.884150
dyb2,0,116.549688,22.342970
cvz,0,140.927465,27.956981
dzb3,0,377.888583,75.944511
dxb3,0,104.929253,20.149386
dyb3,0,117.865893,22.694136
csxxsyyszz,0,366.422878,67.250794
dyf2,0,116.611292,22.366020
dxf2,0,101.113366,19.564822
csxy,0,97.747113,19.718258
dzf2,0,377.317068,75.857902
dyf3,0,116.461673,22.345836
csyz,0,115.953648,23.423256
dxf3,0,100.926344,19.557694
dzf3,0,377.823564,75.950634
csxz,0,116.094341,23.462248
dxf,1,101.152497,19.582951
dzb,1,378.832432,76.145940
dyb,1,116.363042,22.342566
cvx,1,132.454515,25.632790
dyf,1,116.644970,22.389532
dzb2,1,378.327124,76.040888
dxb,1,102.812011,19.828507
cvy,1,130.712054,25.346998
dzf,1,377.458918,75.938458
dxb2,1,103.372823,19.906159
dyb2,1,116.476810,22.364781
cvz,1,140.855581,27.964296
dzb3,1,377.861330,75.977044
dxb3,1,104.837980,20.137669
dyb3,1,116.615535,22.393394
csxxsyyszz,1,355.267001,65.169849
dyf2,1,116.534198,22.370739
dxf2,1,101.057681,19.563246
csxy,1,97.642873,19.694764
dzf2,1,377.524916,75.933930
dyf3,1,118.265327,22.637584
csyz,1,115.910120,23.408271
dxf3,1,100.948462,19.571135
dzf3,1,377.655420,75.976745
csxz,1,115.944266,23.474749
dxf,2,101.167932,19.601041
dzb,2,378.877587,76.200880
dyb,2,116.272862,22.324019
cvx,2,132.462312,25.654069
dyf,2,116.593079,22.396863
dzb2,2,378.045643,76.012168
dxb,2,102.709467,19.826013
cvy,2,130.832118,25.374740
dzf,2,377.469938,75.932832
dxb2,2,103.410384,19.927550
dyb2,2,118.157210,22.611351
cvz,2,141.033623,27.962627
dzb3,2,377.930563,76.007792
dxb3,2,104.995554,20.171527
dyb3,2,116.527382,22.369307
csxxsyyszz,2,355.958973,65.289181
dyf2,2,116.600541,22.386933
dxf2,2,101.193986,19.591843
csxy,2,97.664406,19.708479
dzf2,2,377.332414,75.898447
dyf3,2,116.377393,22.355184
csyz,2,116.085156,23.448217
dxf3,2,100.932021,19.575122
dzf3,2,377.854114,76.035910
csxz,2,116.123394,23.507606
dxf,3,101.040596,19.581520
dzb,3,379.696833,76.365153
dyb,3,116.355618,22.357411
cvx,3,132.521268,25.669072
dyf,3,116.628643,22.407895
dzb2,3,378.211735,76.037601
dxb,3,102.806283,19.835557
cvy,3,130.903627,25.400757
dzf,3,377.475402,75.959577
dxb2,3,103.575329,19.966733
dyb2,3,116.692183,22.393773
cvz,3,140.897666,27.976248
dzb3,3,377.989377,76.047671
dxb3,3,105.021670,20.182195
dyb3,3,116.641202,22.410555
csxxsyyszz,3,355.807327,65.300236
dyf2,3,116.481206,22.358345
dxf2,3,101.043322,19.589038
csxy,3,97.627545,19.692782
dzf2,3,377.361138,75.915799
dyf3,3,116.498810,22.385789
csyz,3,116.061940,23.420414
dxf3,3,100.913222,19.562324
dzf3,3,377.746320,75.991295
csxz,3,116.796807,23.609162
dxf,4,100.985009,19.565350
dzb,4,378.676452,76.162296
dyb,4,116.597425,22.383617
cvx,4,132.435435,25.642563
dyf,4,116.727806,22.422620
dzb2,4,378.180725,76.017185
dxb,4,102.705752,19.820111
cvy,4,130.729670,25.370840
dzf,4,377.724801,76.033060
dxb2,4,103.560688,19.971555
dyb2,4,116.585434,22.383785
cvz,4,140.991718,27.997901
dzb3,4,377.905814,76.032978
dxb3,4,105.003976,20.189835
dyb3,4,117.246317,22.511539
csxxsyyszz,4,355.866644,65.316480
dyf2,4,116.544470,22.383822
dxf2,4,101.232220,19.584503
csxy,4,97.604953,19.683911
dzf2,4,377.283212,75.890541
dyf3,4,116.467498,22.361389
csyz,4,116.009680,23.421543
dxf3,4,100.953540,19.570635
dzf3,4,377.613014,75.961862
csxz,4,116.030722,23.538975
#========================= OptEWE [OpenMP] =========================
#Source type                                  :  Force monopole
#Grid Size                                    :  768 x 768 x 768
#Iterations                                   :  5
#Compute time                                 :  24.214695
#Total effective MLUPS                        :  93.535110
#===================================================================
#Number of threads                            :  20
