dxf,0,243.507286,33.021451
dzb,0,901.178134,123.935568
dyb,0,315.906426,42.109852
cvx,0,400.885497,53.046275
dyf,0,315.470721,42.095934
dzb2,0,901.687775,124.007529
dxb,0,252.887424,34.182489
cvy,0,1156.666305,142.740285
dzf,0,901.753698,123.998370
dxb2,0,254.266248,34.339227
dyb2,0,315.644995,42.100519
cvz,0,410.096289,54.989233
dzb3,0,901.708283,124.020585
dxb3,0,253.600715,34.172820
dyb3,0,315.449858,41.996500
csxxsyyszz,0,1121.242134,143.885165
dyf2,0,315.420487,42.132639
dxf2,0,243.354143,33.069096
csxy,0,214.765004,31.093696
dzf2,0,900.457661,124.450333
dyf3,0,316.180054,42.198229
csyz,0,257.066013,35.902394
dxf3,0,243.401825,33.025777
dzf3,0,900.053788,123.692159
csxz,0,255.173502,35.816628
dxf,1,243.587444,33.200471
dzb,1,901.102320,124.195946
dyb,1,315.781938,42.098986
cvx,1,401.878574,53.141833
dyf,1,316.430943,42.215170
dzb2,1,904.333622,124.268887
dxb,1,253.072431,34.199761
cvy,1,393.922117,52.184457
dzf,1,900.165341,123.800175
dxb2,1,252.883953,34.170072
dyb2,1,317.498361,42.412032
cvz,1,410.833806,55.037020
dzb3,1,900.963036,124.027872
dxb3,1,252.516543,34.144660
dyb3,1,315.398856,42.044308
csxxsyyszz,1,1122.205069,144.044602
dyf2,1,316.660314,42.212163
dxf2,1,243.296159,32.974573
csxy,1,214.891198,30.091607
dzf2,1,900.769346,123.855532
dyf3,1,315.918118,42.148035
csyz,1,257.103900,35.935357
dxf3,1,243.219648,32.995102
dzf3,1,900.118359,123.667103
csxz,1,255.288099,35.723695
dxf,2,244.236960,33.113840
dzb,2,904.373049,124.308618
dyb,2,315.928960,42.134657
cvx,2,401.254565,53.091304
dyf,2,316.111944,42.230517
dzb2,2,901.517479,123.938808
dxb,2,252.922083,34.192650
cvy,2,393.782935,52.193310
dzf,2,900.024640,123.872374
dxb2,2,252.296838,34.149965
dyb2,2,315.123570,42.094220
cvz,2,410.387678,55.052211
dzb3,2,901.214200,123.965728
dxb3,2,253.558113,34.218537
dyb3,2,315.146324,42.055133
csxxsyyszz,2,1122.289853,144.128997
dyf2,2,316.255883,42.179509
dxf2,2,243.362120,33.028585
csxy,2,214.793767,30.065533
dzf2,2,900.562163,123.818184
dyf3,2,316.212722,42.240500
csyz,2,258.464633,36.091727
dxf3,2,242.959356,32.985715
dzf3,2,901.274268,126.806442
csxz,2,255.328174,36.468959
dxf,3,244.082129,33.275289
dzb,3,900.136437,123.912210
dyb,3,315.240739,42.088988
cvx,3,400.573632,53.043745
dyf,3,315.675226,42.150982
dzb2,3,900.901239,123.964557
dxb,3,253.076976,34.216378
cvy,3,392.954089,52.117405
dzf,3,899.818025,124.093990
dxb2,3,251.440745,34.129850
dyb2,3,315.619690,42.288184
cvz,3,409.633311,55.032888
dzb3,3,900.078090,124.107494
dxb3,3,253.046484,34.312482
dyb3,3,316.689497,42.402034
csxxsyyszz,3,1120.111401,144.073202
dyf2,3,315.994003,42.292856
dxf2,3,244.369128,33.274805
csxy,3,214.400154,30.166895
dzf2,3,901.179454,124.264086
dyf3,3,315.478248,42.185387
csyz,3,257.412167,35.998196
dxf3,3,243.068455,33.075663
dzf3,3,900.136803,123.935587
csxz,3,255.274894,35.720357
dxf,4,243.101178,33.046380
dzb,4,901.482887,124.215204
dyb,4,316.353572,42.140931
cvx,4,401.515591,53.143153
dyf,4,316.289708,42.185387
dzb2,4,901.351294,124.335693
dxb,4,253.551209,34.394718
cvy,4,393.699752,52.206953
dzf,4,899.930398,124.021717
dxb2,4,252.610919,34.236859
dyb2,4,316.245759,42.327704
cvz,4,410.579857,55.149992
dzb3,4,901.376392,124.072136
dxb3,4,254.513257,34.367367
dyb3,4,316.050261,42.248738
csxxsyyszz,4,1122.162203,144.294930
dyf2,4,316.566240,42.305269
dxf2,4,244.313265,33.266950
csxy,4,214.856146,30.169134
dzf2,4,900.360795,124.048528
dyf3,4,315.814017,42.199153
csyz,4,257.247054,36.034824
dxf3,4,242.455181,33.054639
dzf3,4,900.101260,124.154970
csxz,4,255.227078,35.843011
#========================= OptEWE [OpenMP] =========================
#Source type                                  :  Force monopole
#Grid Size                                    :  768 x 768 x 768
#Iterations                                   :  5
#Compute time                                 :  59.991726
#Total effective MLUPS                        :  37.753942
#===================================================================
#Number of threads                            :  4
