dxf,0,171.957699,28.472169
dzb,0,635.893637,109.888807
dyb,0,322.133850,51.186098
cvx,0,303.150254,49.668683
dyf,0,210.135041,33.982280
dzb2,0,635.674542,109.934645
dxb,0,311.615813,49.298765
cvy,0,1055.737173,154.629410
dzf,0,614.196525,104.471486
dxb2,0,284.485938,45.305379
dyb2,0,322.348262,51.227629
cvz,0,383.064979,62.327158
dzb3,0,614.188785,104.432157
dxb3,0,284.212835,45.254185
dyb3,0,384.791124,60.008099
csxxsyyszz,0,681.349137,108.969846
dyf2,0,211.919139,34.168602
dxf2,0,344.260305,53.865667
csxy,0,193.650754,32.919510
dzf2,0,1231.835633,195.133674
dyf3,0,302.393320,48.310813
csyz,0,283.766025,46.920711
dxf3,0,171.701211,28.051312
dzf3,0,636.091026,109.958127
csxz,0,284.862058,47.172185
dxf,1,171.602172,28.112502
dzb,1,635.652036,109.935618
dyb,1,322.245050,51.309939
cvx,1,303.232733,49.763224
dyf,1,209.983533,34.043455
dzb2,1,635.552147,109.900632
dxb,1,311.218285,49.276890
cvy,1,394.851854,63.092289
dzf,1,613.804955,104.643263
dxb2,1,284.229495,45.383052
dyb2,1,323.844477,51.496502
cvz,1,381.306586,62.105806
dzb3,1,614.653755,106.168587
dxb3,1,284.105698,45.276240
dyb3,1,384.561504,60.029576
csxxsyyszz,1,678.285859,108.539201
dyf2,1,210.269331,33.948950
dxf2,1,344.422412,53.955984
csxy,1,193.534417,32.929632
dzf2,1,1232.018733,195.335492
dyf3,1,302.208387,48.304878
csyz,1,283.841273,46.964152
dxf3,1,171.621617,28.047857
dzf3,1,635.660062,109.944241
csxz,1,284.993458,47.176630
dxf,2,171.648950,28.091268
dzb,2,635.724370,109.929914
dyb,2,321.782787,51.140798
cvx,2,303.030636,49.679263
dyf,2,210.282025,33.978276
dzb2,2,635.534587,109.902834
dxb,2,311.330977,49.306918
cvy,2,395.181232,63.074830
dzf,2,613.893719,104.345210
dxb2,2,284.213896,45.283794
dyb2,2,322.887732,51.305265
cvz,2,381.615238,62.084214
dzb3,2,613.910707,104.387777
dxb3,2,283.976317,45.275165
dyb3,2,384.999650,60.063684
csxxsyyszz,2,682.691268,109.169093
dyf2,2,210.568446,34.007424
dxf2,2,343.925573,53.838307
csxy,2,193.486103,32.921411
dzf2,2,1232.286294,195.345833
dyf3,2,302.266276,48.300087
csyz,2,283.756054,46.930761
dxf3,2,171.665597,28.069681
dzf3,2,635.632205,109.979960
csxz,2,284.682028,47.160165
dxf,3,171.542902,28.168732
dzb,3,635.877903,109.986161
dyb,3,322.202240,51.210142
cvx,3,303.141675,49.716227
dyf,3,210.256725,33.980635
dzb2,3,635.815111,110.014727
dxb,3,311.234600,49.335530
cvy,3,394.969210,63.134605
dzf,3,613.900837,104.564529
dxb2,3,285.354813,45.484388
dyb2,3,322.312982,51.265172
cvz,3,383.176842,62.440033
dzb3,3,613.934714,104.604615
dxb3,3,284.242873,45.353384
dyb3,3,385.259103,60.146958
csxxsyyszz,3,677.326006,108.429891
dyf2,3,210.223730,33.975798
dxf2,3,344.103419,53.912849
csxy,3,193.709654,32.951253
dzf2,3,1232.631234,195.380786
dyf3,3,302.208660,48.324680
csyz,3,284.367099,47.037896
dxf3,3,172.335906,29.137519
dzf3,3,635.334300,111.735552
csxz,3,283.234237,47.588817
dxf,4,171.585853,28.088380
dzb,4,635.640427,109.923756
dyb,4,322.315742,51.239000
cvx,4,303.466523,49.699855
dyf,4,210.240705,33.923130
dzb2,4,635.727683,109.924250
dxb,4,311.372771,49.296252
cvy,4,394.554876,63.029268
dzf,4,615.171396,104.682079
dxb2,4,284.390110,45.343939
dyb2,4,322.250896,51.290232
cvz,4,381.866930,62.198569
dzb3,4,613.874413,104.563397
dxb3,4,284.143344,45.275409
dyb3,4,386.025719,60.263787
csxxsyyszz,4,681.191360,108.993233
dyf2,4,210.113721,33.918375
dxf2,4,344.428939,53.919926
csxy,4,193.550380,32.929743
dzf2,4,1232.662196,195.435390
dyf3,4,302.157814,48.278282
csyz,4,284.121451,46.977891
dxf3,4,171.632044,28.072379
dzf3,4,635.400486,109.856452
csxz,4,284.728905,47.163757
#========================= OptEWE [OpenMP] =========================
#Source type                                  :  Force monopole
#Grid Size                                    :  768 x 768 x 768
#Iterations                                   :  5
#Compute time                                 :  51.715874
#Total effective MLUPS                        :  43.795531
#===================================================================
#Number of threads                            :  9
