dxf,0,197.756796,31.189923
dzb,0,716.067353,115.895822
dyb,0,251.334634,39.048883
cvx,0,319.460827,49.278324
dyf,0,252.985015,39.328960
dzb2,0,720.927066,116.460298
dxb,0,207.274847,32.514629
cvy,0,958.021875,135.789992
dzf,0,715.036392,115.664114
dxb2,0,204.061203,32.076860
dyb2,0,251.959332,39.114445
cvz,0,327.213985,51.234225
dzb3,0,715.934354,115.965137
dxb3,0,204.434268,32.187108
dyb3,0,251.378672,39.102423
csxxsyyszz,0,875.595214,130.413639
dyf2,0,253.278440,39.256047
dxf2,0,204.789335,32.224869
csxy,0,177.132764,29.047793
dzf2,0,713.621309,115.749748
dyf3,0,253.484375,39.346366
csyz,0,211.823003,34.646610
dxf3,0,196.356542,31.034870
dzf3,0,713.277631,115.654847
csxz,0,209.947455,34.469317
dxf,1,197.107591,31.183609
dzb,1,716.929296,116.216682
dyb,1,250.909994,38.989869
cvx,1,319.908776,49.368974
dyf,1,252.911407,39.380247
dzb2,1,717.296775,116.267669
dxb,1,207.513819,32.620005
cvy,1,315.477240,48.689607
dzf,1,716.640957,116.106187
dxb2,1,203.659093,32.136659
dyb2,1,251.288024,39.125197
cvz,1,327.111901,51.365516
dzb3,1,714.123427,115.734620
dxb3,1,204.245277,32.156980
dyb3,1,253.628517,39.377691
csxxsyyszz,1,875.619855,130.597275
dyf2,1,253.401990,39.299666
dxf2,1,205.022881,32.238114
csxy,1,176.792465,28.926301
dzf2,1,713.204988,115.773615
dyf3,1,253.150475,39.261900
csyz,1,211.661573,34.633124
dxf3,1,196.381719,31.081869
dzf3,1,713.940532,115.623665
csxz,1,210.717063,34.581204
dxf,2,197.405468,31.174315
dzb,2,715.089558,117.192654
dyb,2,251.553026,39.149306
cvx,2,320.002233,49.395499
dyf,2,252.763320,39.332310
dzb2,2,719.935762,118.287639
dxb,2,207.762704,32.578856
cvy,2,315.469410,48.597713
dzf,2,714.456528,115.709774
dxb2,2,203.528653,32.005500
dyb2,2,251.886021,39.132309
cvz,2,327.200917,51.270717
dzb3,2,716.270038,116.020405
dxb3,2,204.271849,32.100552
dyb3,2,252.276618,39.135278
csxxsyyszz,2,875.621600,130.453263
dyf2,2,253.818172,39.427790
dxf2,2,206.294708,32.382813
csxy,2,176.949072,29.054565
dzf2,2,714.489508,115.625305
dyf3,2,253.098402,39.335213
csyz,2,212.012233,34.696197
dxf3,2,196.037554,30.992992
dzf3,2,713.459223,115.688782
csxz,2,210.316993,34.497938
dxf,3,197.071948,31.165838
dzb,3,716.155475,116.038878
dyb,3,251.230562,39.036189
cvx,3,319.956524,49.347686
dyf,3,253.125391,39.325262
dzb2,3,719.314513,116.371193
dxb,3,207.670106,32.653515
cvy,3,315.382655,48.803475
dzf,3,714.248604,116.057290
dxb2,3,203.351992,32.106303
dyb2,3,252.050948,39.256438
cvz,3,327.122930,51.458847
dzb3,3,715.349419,115.933121
dxb3,3,204.330962,32.159808
dyb3,3,251.985367,39.121723
csxxsyyszz,3,872.201363,129.918332
dyf2,3,255.007265,39.552172
dxf2,3,205.182626,32.233372
csxy,3,177.425769,29.011838
dzf2,3,715.796660,116.079229
dyf3,3,252.387159,39.223100
csyz,3,211.881639,34.707803
dxf3,3,195.478937,30.999287
dzf3,3,713.334337,115.711057
csxz,3,209.880163,34.523545
dxf,4,197.340321,31.233567
dzb,4,715.374903,115.995743
dyb,4,251.406131,39.107813
cvx,4,319.546314,49.286036
dyf,4,252.876779,39.314000
dzb2,4,719.507151,116.379904
dxb,4,207.331847,32.504970
cvy,4,315.423946,48.587227
dzf,4,714.765226,115.754404
dxb2,4,203.602327,32.018824
dyb2,4,251.639339,39.133024
cvz,4,327.264985,51.281004
dzb3,4,715.035310,115.880345
dxb3,4,204.253867,32.148913
dyb3,4,251.947973,39.130108
csxxsyyszz,4,863.460485,128.765164
dyf2,4,253.068443,39.284905
dxf2,4,205.528522,32.309555
csxy,4,177.196999,29.028382
dzf2,4,717.638376,116.229966
dyf3,4,254.264211,40.899291
csyz,4,211.718903,35.132788
dxf3,4,195.397259,31.220538
dzf3,4,714.153895,116.573153
csxz,4,210.171400,34.507895
#========================= OptEWE [OpenMP] =========================
#Source type                                  :  Force monopole
#Grid Size                                    :  768 x 768 x 768
#Iterations                                   :  5
#Compute time                                 :  47.931011
#Total effective MLUPS                        :  47.253836
#===================================================================
#Number of threads                            :  5
