dxf,0,86.242662,20.597173
dzb,0,318.919617,80.663739
dyb,0,87.433340,21.237337
cvx,0,99.524907,25.318126
dyf,0,87.500826,21.319109
dzb2,0,318.474731,80.670891
dxb,0,85.130450,20.439380
cvy,0,803.925542,158.114798
dzf,0,318.491142,80.685996
dxb2,0,84.998424,20.472018
dyb2,0,87.783119,21.375435
cvz,0,115.521856,29.502627
dzb3,0,318.419822,80.791440
dxb3,0,85.005271,20.465995
dyb3,0,87.756263,21.385905
csxxsyyszz,0,212.139070,51.473215
dyf2,0,87.322912,21.315375
dxf2,0,85.151816,20.514613
csxy,0,82.659393,21.064368
dzf2,0,317.835411,80.765438
dyf3,0,87.165011,21.294583
csyz,0,98.383899,25.072644
dxf3,0,84.983996,20.505477
dzf3,0,318.054521,80.847718
csxz,0,98.506540,25.171991
dxf,1,85.020913,20.509218
dzb,1,319.030022,80.976352
dyb,1,87.373578,21.278779
cvx,1,99.505704,25.387254
dyf,1,87.385576,21.346013
dzb2,1,318.473268,80.876782
dxb,1,85.130827,20.512370
cvy,1,99.019096,25.284305
dzf,1,318.360955,80.890542
dxb2,1,84.820533,20.473062
dyb2,1,87.680986,21.387633
cvz,1,115.690605,29.594175
dzb3,1,319.213728,81.036778
dxb3,1,85.071397,20.501350
dyb3,1,87.808407,21.421428
csxxsyyszz,1,211.957822,51.514581
dyf2,1,87.423107,21.359846
dxf2,1,85.169644,20.544851
csxy,1,82.562256,21.064555
dzf2,1,318.699190,80.992417
dyf3,1,87.102442,21.324072
csyz,1,98.328085,25.101439
dxf3,1,84.948403,20.513681
dzf3,1,318.019751,80.912049
csxz,1,98.571140,25.205133
dxf,2,84.961194,20.536775
dzb,2,319.265992,81.123398
dyb,2,87.497132,21.334307
cvx,2,99.506777,25.391222
dyf,2,87.342175,21.359700
dzb2,2,318.487555,80.938385
dxb,2,85.220317,20.564911
cvy,2,99.283876,25.364203
dzf,2,318.387416,80.974997
dxb2,2,85.008453,20.536869
dyb2,2,87.916352,21.487151
cvz,2,115.588005,29.608188
dzb3,2,318.382561,80.966300
dxb3,2,84.975747,20.542145
dyb3,2,87.753694,21.458366
csxxsyyszz,2,212.073377,51.557737
dyf2,2,87.405819,21.387295
dxf2,2,85.160334,20.596075
csxy,2,82.549989,21.076289
dzf2,2,317.821535,80.876238
dyf3,2,87.252203,21.399215
csyz,2,98.351461,25.123142
dxf3,2,85.023814,20.538259
dzf3,2,317.993036,80.963492
csxz,2,98.481504,25.217789
dxf,3,85.017357,20.542807
dzb,3,318.942210,81.098156
dyb,3,87.464610,21.367039
cvx,3,99.527348,25.439953
dyf,3,87.402284,21.400670
dzb2,3,318.532270,80.990312
dxb,3,85.114261,20.570869
cvy,3,99.216885,25.367473
dzf,3,318.324026,80.995433
dxb2,3,84.979512,20.542314
dyb2,3,87.769207,21.445271
cvz,3,115.573034,29.609415
dzb3,3,318.281408,80.964323
dxb3,3,84.930395,20.537601
dyb3,3,87.749978,21.459306
csxxsyyszz,3,212.052545,51.578808
dyf2,3,87.408562,21.396437
dxf2,3,85.155333,20.613096
csxy,3,82.629653,21.102408
dzf2,3,317.941719,80.937220
dyf3,3,87.323259,21.453803
csyz,3,98.367392,25.137049
dxf3,3,85.004554,20.540080
dzf3,3,317.845319,80.968602
csxz,3,98.461267,25.223314
dxf,4,85.039783,20.556534
dzb,4,318.948279,81.133837
dyb,4,87.570942,21.432249
cvx,4,99.440764,25.431236
dyf,4,87.313888,21.405024
dzb2,4,318.560141,81.017433
dxb,4,85.092268,20.567510
cvy,4,99.161997,25.358103
dzf,4,318.343016,81.018793
dxb2,4,84.966657,20.545876
dyb2,4,88.412145,21.586684
cvz,4,115.559787,29.600219
dzb3,4,318.203943,80.971093
dxb3,4,84.922639,20.534614
dyb3,4,87.865733,21.475890
csxxsyyszz,4,212.054400,51.601802
dyf2,4,87.431572,21.416928
dxf2,4,85.504869,20.653971
csxy,4,82.669936,21.120077
dzf2,4,317.842675,80.930565
dyf3,4,87.233447,21.440069
csyz,4,98.301693,25.121611
dxf3,4,85.061285,20.558310
dzf3,4,318.034243,81.033260
csxz,4,98.471711,25.318777
#========================= OptEWE [OpenMP] =========================
#Source type                                  :  Force monopole
#Grid Size                                    :  768 x 768 x 768
#Iterations                                   :  5
#Compute time                                 :  19.464821
#Total effective MLUPS                        :  116.359877
#===================================================================
#Number of threads                            :  23
