dxf,0,162.328803,26.089776
dzb,0,704.824930,112.796320
dyb,0,163.949997,26.703107
cvx,0,201.557479,32.936154
dyf,0,164.158879,26.837627
dzb2,0,706.514386,112.784217
dxb,0,161.670799,26.037677
cvy,0,1021.679724,145.029331
dzf,0,703.386760,111.410848
dxb2,0,161.551274,26.027842
dyb2,0,164.400295,26.833148
cvz,0,237.539380,38.710594
dzb3,0,704.682993,113.067930
dxb3,0,161.593961,26.045625
dyb3,0,164.043084,26.784356
csxxsyyszz,0,383.802777,62.956613
dyf2,0,163.914567,26.801149
dxf2,0,161.342598,26.062520
csxy,0,164.126580,26.935050
dzf2,0,703.068915,111.787830
dyf3,0,163.856518,26.768196
csyz,0,199.724440,32.611721
dxf3,0,161.155472,26.024754
dzf3,0,703.357701,111.666887
csxz,0,199.612502,32.612312
dxf,1,161.250079,26.039785
dzb,1,704.946561,113.287705
dyb,1,163.975586,26.753237
cvx,1,201.793117,33.007215
dyf,1,164.072737,26.838988
dzb2,1,705.008542,112.883133
dxb,1,161.568529,26.066678
cvy,1,201.478230,32.937348
dzf,1,707.727128,112.492675
dxb2,1,161.522229,26.051900
dyb2,1,164.252142,26.805627
cvz,1,237.492285,38.754094
dzb3,1,704.560065,113.347470
dxb3,1,161.529554,26.098542
dyb3,1,163.873796,26.780454
csxxsyyszz,1,384.174798,63.056419
dyf2,1,163.828506,26.825304
dxf2,1,161.495543,26.088341
csxy,1,165.088931,27.101522
dzf2,1,703.348010,112.216803
dyf3,1,163.875560,26.790425
csyz,1,199.644258,32.597139
dxf3,1,161.428046,26.064563
dzf3,1,703.527560,111.929111
csxz,1,199.966568,32.714306
dxf,2,161.282344,26.075916
dzb,2,704.514033,113.234662
dyb,2,163.806981,26.764571
cvx,2,201.793656,33.033894
dyf,2,164.057791,26.866686
dzb2,2,704.954922,113.355076
dxb,2,161.542333,26.083016
cvy,2,201.629181,32.992443
dzf,2,703.464158,112.485662
dxb2,2,161.637670,26.174890
dyb2,2,164.290634,26.927209
cvz,2,237.557629,38.883660
dzb3,2,704.680028,111.966767
dxb3,2,161.466911,26.087678
dyb3,2,163.788465,26.777552
csxxsyyszz,2,384.146202,63.136940
dyf2,2,163.893455,26.897274
dxf2,2,164.671430,26.602991
csxy,2,164.038712,27.028095
dzf2,2,703.277503,112.929281
dyf3,2,163.986997,26.845540
csyz,2,199.652834,32.641748
dxf3,2,161.246558,26.074829
dzf3,2,703.486983,112.363707
csxz,2,199.609610,32.636419
dxf,3,161.342472,26.050746
dzb,3,704.957640,111.831891
dyb,3,163.986964,26.766150
cvx,3,201.848664,33.026865
dyf,3,163.988105,26.816403
dzb2,3,704.912657,113.353023
dxb,3,161.682335,26.105993
cvy,3,201.400947,32.956834
dzf,3,703.282262,112.741880
dxb2,3,161.648867,26.105919
dyb2,3,163.940746,26.793754
cvz,3,237.685405,38.793191
dzb3,3,704.652492,112.204678
dxb3,3,161.551232,26.100310
dyb3,3,163.866855,26.795582
csxxsyyszz,3,384.017532,63.037571
dyf2,3,164.029486,26.875885
dxf2,3,161.587424,26.114708
csxy,3,164.088215,26.973235
dzf2,3,703.449657,113.127673
dyf3,3,163.911453,26.819638
csyz,3,199.617295,32.626006
dxf3,3,161.385524,26.077499
dzf3,3,703.430424,112.872518
csxz,3,201.445522,32.882383
dxf,4,161.221477,26.054824
dzb,4,704.930826,112.308408
dyb,4,164.104921,26.808293
cvx,4,201.546074,32.997956
dyf,4,164.003070,26.846240
dzb2,4,704.955697,112.004452
dxb,4,161.486991,26.096619
cvy,4,201.675094,32.984681
dzf,4,703.348501,113.175380
dxb2,4,161.519536,26.078716
dyb2,4,164.326550,26.877784
cvz,4,237.534659,38.775793
dzb3,4,704.737533,112.634474
dxb3,4,161.521657,26.072741
dyb3,4,163.986954,26.805655
csxxsyyszz,4,383.924227,63.005579
dyf2,4,163.818766,26.817628
dxf2,4,161.618687,26.133270
csxy,4,164.182755,26.969242
dzf2,4,703.442598,113.373491
dyf3,4,163.869180,26.823646
csyz,4,199.673004,32.642810
dxf3,4,162.874861,26.290261
dzf3,4,703.372069,113.280314
csxz,4,199.628718,32.709870
#========================= OptEWE [OpenMP] =========================
#Source type                                  :  Force monopole
#Grid Size                                    :  768 x 768 x 768
#Iterations                                   :  5
#Compute time                                 :  39.663342
#Total effective MLUPS                        :  57.103715
#===================================================================
#Number of threads                            :  16
