dxf,0,163.416253,29.417153
dzb,0,613.204119,114.614827
dyb,0,289.516075,50.557614
cvx,0,200.999672,38.276506
dyf,0,167.513596,30.598117
dzb2,0,613.716645,114.809292
dxb,0,287.496121,49.830960
cvy,0,726.151787,119.464060
dzf,0,612.640929,114.629829
dxb2,0,163.685167,29.581009
dyb2,0,289.679367,50.639884
cvz,0,284.716682,52.772385
dzb3,0,612.184182,114.638465
dxb3,0,163.866572,29.633779
dyb3,0,375.727526,64.136164
csxxsyyszz,0,396.739029,75.377174
dyf2,0,167.744369,30.598086
dxf2,0,169.972465,31.094399
csxy,0,136.005836,26.955149
dzf2,0,1487.382672,253.332029
dyf3,0,168.177873,30.787061
csyz,0,198.441720,37.912290
dxf3,0,162.908503,29.534864
dzf3,0,613.509996,115.057562
csxz,0,197.972444,37.785005
dxf,1,162.870605,29.502172
dzb,1,613.361463,115.183545
dyb,1,289.365826,50.624848
cvx,1,200.789472,38.296739
dyf,1,167.442529,30.659445
dzb2,1,613.825615,115.309135
dxb,1,287.414833,50.103788
cvy,1,335.235982,60.043175
dzf,1,612.423190,114.855653
dxb2,1,163.645596,29.643779
dyb2,1,289.897292,50.802756
cvz,1,284.657808,52.962276
dzb3,1,612.196862,115.135881
dxb3,1,163.864178,29.671705
dyb3,1,376.151280,64.047839
csxxsyyszz,1,394.147665,74.665973
dyf2,1,167.524747,30.672269
dxf2,1,169.540614,31.300939
csxy,1,136.267445,27.111790
dzf2,1,1487.567831,253.651538
dyf3,1,167.922457,30.805697
csyz,1,198.228741,37.910007
dxf3,1,163.043967,29.635587
dzf3,1,613.785120,115.243393
csxz,1,197.856356,37.793546
dxf,2,162.792672,29.495996
dzb,2,613.890863,115.194621
dyb,2,289.432829,50.863218
cvx,2,201.146395,38.474078
dyf,2,167.382900,30.652859
dzb2,2,613.714628,115.132612
dxb,2,287.154430,49.883517
cvy,2,335.075112,59.842102
dzf,2,612.571265,115.210036
dxb2,2,163.662498,29.782606
dyb2,2,289.680926,50.880562
cvz,2,284.790647,52.878826
dzb3,2,612.027141,114.879684
dxb3,2,163.659299,29.697343
dyb3,2,376.118234,64.264724
csxxsyyszz,2,394.076347,74.923266
dyf2,2,167.637465,30.691666
dxf2,2,169.596960,31.145588
csxy,2,136.171813,27.019620
dzf2,2,1487.006943,253.715310
dyf3,2,168.147293,30.818802
csyz,2,198.172076,37.839842
dxf3,2,162.920871,29.553125
dzf3,2,612.884105,114.776895
csxz,2,197.987644,37.924084
dxf,3,162.851436,29.624934
dzb,3,614.136341,115.515080
dyb,3,289.662965,50.813204
cvx,3,200.757248,38.301525
dyf,3,167.493401,30.692669
dzb2,3,614.073082,115.288854
dxb,3,287.454431,50.109697
cvy,3,334.918704,60.026825
dzf,3,612.699757,115.120319
dxb2,3,163.743775,29.646430
dyb2,3,289.328481,51.116561
cvz,3,285.014758,52.955393
dzb3,3,612.038620,114.737178
dxb3,3,163.767399,29.673907
dyb3,3,376.663285,64.141994
csxxsyyszz,3,394.091913,74.681535
dyf2,3,167.763162,30.682665
dxf2,3,169.838617,31.132609
csxy,3,136.186825,27.021982
dzf2,3,1487.539354,253.248823
dyf3,3,168.067714,30.727226
csyz,3,198.372989,37.820305
dxf3,3,163.125691,29.495843
dzf3,3,613.063036,114.771379
csxz,3,197.782495,37.784779
dxf,4,162.731389,29.467032
dzb,4,613.275038,114.963264
dyb,4,289.346145,50.636320
cvx,4,200.987449,38.321440
dyf,4,167.410275,30.583207
dzb2,4,614.516360,115.149739
dxb,4,287.778886,49.983407
cvy,4,335.581276,59.925902
dzf,4,612.494164,114.814597
dxb2,4,163.680514,29.672176
dyb2,4,289.738424,50.700489
cvz,4,285.228099,52.886953
dzb3,4,612.086088,114.670064
dxb3,4,163.924296,29.641237
dyb3,4,376.173864,64.015361
csxxsyyszz,4,393.983749,74.642588
dyf2,4,167.585989,30.575022
dxf2,4,169.379145,31.070548
csxy,4,136.198871,27.015983
dzf2,4,1487.793403,253.199025
dyf3,4,168.064016,30.720989
csyz,4,198.155916,37.766907
dxf3,4,162.928692,29.478419
dzf3,4,613.164407,114.697758
csxz,4,198.180335,37.861417
#========================= OptEWE [OpenMP] =========================
#Source type                                  :  Force monopole
#Grid Size                                    :  768 x 768 x 768
#Iterations                                   :  5
#Compute time                                 :  44.741341
#Total effective MLUPS                        :  50.622626
#===================================================================
#Number of threads                            :  12
