dxf,0,131.318358,22.230939
dzb,0,554.949715,94.265967
dyb,0,134.630256,23.085129
cvx,0,162.317566,27.974665
dyf,0,134.708630,23.168398
dzb2,0,554.854479,94.414450
dxb,0,129.620928,22.044091
cvy,0,1134.288821,163.962893
dzf,0,553.634045,94.197588
dxb2,0,129.626275,22.055267
dyb2,0,134.532674,23.133189
cvz,0,190.385354,32.813212
dzb3,0,554.751519,94.433598
dxb3,0,129.452139,22.037250
dyb3,0,134.515892,23.130304
csxxsyyszz,0,357.314307,60.289945
dyf2,0,134.793297,23.181101
dxf2,0,129.643393,22.074137
csxy,0,131.875654,22.892572
dzf2,0,553.387556,94.284150
dyf3,0,134.482956,23.136877
csyz,0,159.754262,27.633642
dxf3,0,129.489703,22.065638
dzf3,0,553.694573,94.336334
csxz,0,159.633825,27.646768
dxf,1,129.544341,22.054058
dzb,1,554.830014,94.505586
dyb,1,134.500860,23.129573
cvx,1,162.265756,27.992326
dyf,1,134.606416,23.180511
dzb2,1,554.752836,94.508155
dxb,1,129.711491,22.093654
cvy,1,162.053897,27.977024
dzf,1,555.143260,94.566958
dxb2,1,129.968706,22.144410
dyb2,1,134.480246,23.145310
cvz,1,190.369111,32.838175
dzb3,1,554.707909,94.500376
dxb3,1,129.452565,22.056345
dyb3,1,136.620807,23.451753
csxxsyyszz,1,357.493949,60.360462
dyf2,1,134.868137,23.203269
dxf2,1,129.658811,22.088640
csxy,1,131.799513,22.894219
dzf2,1,553.554691,94.315494
dyf3,1,134.421186,23.152937
csyz,1,159.747378,27.640885
dxf3,1,129.396752,22.047206
dzf3,1,553.557140,94.343215
csxz,1,159.823796,27.690589
dxf,2,129.263516,22.038812
dzb,2,554.949901,94.537360
dyb,2,134.489402,23.113882
cvx,2,163.515441,28.596992
dyf,2,134.773050,23.396130
dzb2,2,554.753734,94.841185
dxb,2,129.629055,22.147024
cvy,2,161.943423,27.953992
dzf,2,553.520950,94.332933
dxb2,2,129.632520,22.086016
dyb2,2,134.680405,23.142500
cvz,2,190.442283,32.838646
dzb3,2,554.528386,94.462811
dxb3,2,129.367308,22.046880
dyb3,2,134.502367,23.136384
csxxsyyszz,2,357.088947,60.351636
dyf2,2,134.800382,23.206108
dxf2,2,129.537125,22.095226
csxy,2,131.840188,22.919871
dzf2,2,553.848552,94.424939
dyf3,2,134.488390,23.151409
csyz,2,159.788389,27.655796
dxf3,2,129.374374,22.048701
dzf3,2,553.915830,94.536712
csxz,2,159.662816,27.748975
dxf,3,130.539167,22.231339
dzb,3,554.886479,94.551506
dyb,3,134.488144,23.130230
cvx,3,162.052487,27.988267
dyf,3,134.775679,23.189840
dzb2,3,554.775565,94.436444
dxb,3,129.628849,22.045933
cvy,3,162.096159,27.968876
dzf,3,553.467774,94.326239
dxb2,3,129.645001,22.071071
dyb2,3,134.717137,23.159955
cvz,3,190.428278,32.827925
dzb3,3,554.533981,94.458777
dxb3,3,129.614316,22.073763
dyb3,3,134.772944,23.178097
csxxsyyszz,3,355.216087,60.027537
dyf2,3,135.005915,23.205496
dxf2,3,129.634064,22.083682
csxy,3,131.812660,22.900095
dzf2,3,553.436167,94.329702
dyf3,3,134.427741,23.127501
csyz,3,159.732463,27.654922
dxf3,3,129.483540,22.052850
dzf3,3,553.923813,94.345200
csxz,3,159.693241,27.632509
dxf,4,129.517811,22.068574
dzb,4,555.056610,94.575366
dyb,4,134.652180,23.137897
cvx,4,162.203295,28.006772
dyf,4,134.709669,23.192968
dzb2,4,554.839607,94.577822
dxb,4,129.643189,22.077814
cvy,4,161.975134,27.971391
dzf,4,553.431721,94.342157
dxb2,4,129.730755,22.095821
dyb2,4,134.384718,23.117382
cvz,4,190.411029,32.846893
dzb3,4,554.654817,94.519014
dxb3,4,129.412867,22.041925
dyb3,4,137.919255,23.647074
csxxsyyszz,4,355.390945,60.071023
dyf2,4,134.935648,23.219721
dxf2,4,129.626951,22.090015
csxy,4,131.813334,22.910371
dzf2,4,553.677803,94.389343
dyf3,4,134.619857,23.155357
csyz,4,159.775500,27.659644
dxf3,4,129.448289,22.055246
dzf3,4,553.688288,94.419065
csxz,4,159.733880,27.738091
#========================= OptEWE [OpenMP] =========================
#Source type                                  :  Force monopole
#Grid Size                                    :  768 x 768 x 768
#Iterations                                   :  5
#Compute time                                 :  32.147915
#Total effective MLUPS                        :  70.453221
#===================================================================
#Number of threads                            :  19
