dxf,0,261.709498,35.726580
dzb,0,905.350596,126.388238
dyb,0,330.297556,44.423777
cvx,0,436.599826,59.208741
dyf,0,332.089904,44.688959
dzb2,0,901.958525,126.022980
dxb,0,262.763507,35.884387
cvy,0,1260.980379,159.425960
dzf,0,901.365948,126.004817
dxb2,0,268.654247,36.579140
dyb2,0,330.582847,44.491272
cvz,0,446.942131,62.325605
dzb3,0,902.519564,126.065582
dxb3,0,263.049383,35.900532
dyb3,0,337.490712,46.281275
csxxsyyszz,0,1211.605130,159.362653
dyf2,0,332.949689,44.765159
dxf2,0,259.602345,36.250333
csxy,0,210.749995,31.007835
dzf2,0,1838.935369,247.201254
dyf3,0,332.504372,44.727810
csyz,0,283.389299,41.031786
dxf3,0,255.947822,35.062859
dzf3,0,901.799644,126.097403
csxz,0,279.919528,40.669144
dxf,1,261.916224,35.778328
dzb,1,901.870825,126.051426
dyb,1,331.057099,44.537493
cvx,1,436.720722,59.277358
dyf,1,332.122914,44.704588
dzb2,1,902.045706,126.050781
dxb,1,263.173810,35.905597
cvy,1,436.146754,60.289570
dzf,1,901.332926,126.013926
dxb2,1,268.302121,36.543742
dyb2,1,330.719965,44.516077
cvz,1,446.917201,62.332104
dzb3,1,904.232749,126.845338
dxb3,1,261.682594,37.771469
dyb3,1,338.134072,47.624442
csxxsyyszz,1,1186.641731,159.722672
dyf2,1,332.932439,44.745521
dxf2,1,259.871549,36.271869
csxy,1,211.096646,31.045081
dzf2,1,1836.896184,247.025803
dyf3,1,333.088283,44.804847
csyz,1,283.399167,41.050120
dxf3,1,255.803351,35.044561
dzf3,1,901.722353,126.156496
csxz,1,280.123307,40.696477
dxf,2,261.527429,35.736156
dzb,2,902.343456,126.113475
dyb,2,330.704396,44.498915
cvx,2,436.719458,59.258616
dyf,2,332.032792,44.721784
dzb2,2,901.784338,126.150937
dxb,2,264.304292,36.083621
cvy,2,437.565432,60.475104
dzf,2,901.244828,126.019574
dxb2,2,268.641243,36.578987
dyb2,2,330.336740,44.470090
cvz,2,446.879620,62.326239
dzb3,2,902.440254,126.154830
dxb3,2,263.899628,35.999145
dyb3,2,337.004022,46.297915
csxxsyyszz,2,1211.309529,159.412524
dyf2,2,333.237763,44.800956
dxf2,2,259.359217,36.236506
csxy,2,212.719483,31.270012
dzf2,2,1838.156825,247.326991
dyf3,2,333.741076,44.965631
csyz,2,283.646590,41.091433
dxf3,2,255.839350,35.098769
dzf3,2,901.171542,126.168753
csxz,2,280.313765,40.731975
dxf,3,261.580767,35.749039
dzb,3,903.691203,126.448115
dyb,3,330.789175,44.586917
cvx,3,436.756738,59.332604
dyf,3,332.018851,44.736060
dzb2,3,901.966775,126.179705
dxb,3,262.933618,35.920192
cvy,3,436.014189,60.283689
dzf,3,901.169615,126.012176
dxb2,3,268.250352,36.546005
dyb2,3,330.669397,45.768578
cvz,3,446.702895,64.726301
dzb3,3,902.057460,126.383960
dxb3,3,263.102483,35.992915
dyb3,3,337.495081,46.313110
csxxsyyszz,3,1203.032422,158.539078
dyf2,3,332.602549,44.803255
dxf2,3,259.767770,36.295205
csxy,3,211.057989,31.069742
dzf2,3,1839.181342,247.464041
dyf3,3,333.011734,44.844626
csyz,3,283.420691,41.067284
dxf3,3,255.874418,35.093126
dzf3,3,901.839605,126.199741
csxz,3,280.206585,40.707706
dxf,4,261.890691,35.816787
dzb,4,902.337753,126.054784
dyb,4,330.617765,44.513523
cvx,4,436.708261,59.261459
dyf,4,332.098765,44.746579
dzb2,4,902.052991,126.117283
dxb,4,262.754224,35.889215
cvy,4,436.039515,60.288559
dzf,4,901.242625,126.056693
dxb2,4,268.699726,36.591553
dyb2,4,330.359144,44.501590
cvz,4,446.911119,62.366545
dzb3,4,901.918201,126.171786
dxb3,4,265.962994,36.242936
dyb3,4,337.580475,46.296198
csxxsyyszz,4,1211.710710,159.420993
dyf2,4,332.476757,44.780462
dxf2,4,259.337466,36.251477
csxy,4,211.157744,31.058652
dzf2,4,1837.841812,247.144621
dyf3,4,332.442807,44.715672
csyz,4,283.556276,41.065290
dxf3,4,256.287733,35.116758
dzf3,4,902.698831,126.225677
csxz,4,280.293993,40.764817
#========================= OptEWE [OpenMP] =========================
#Source type                                  :  Force monopole
#Grid Size                                    :  768 x 768 x 768
#Iterations                                   :  5
#Compute time                                 :  66.915298
#Total effective MLUPS                        :  33.847629
#===================================================================
#Number of threads                            :  4
