dxf,0,114.222183,22.802957
dzb,0,422.836224,88.071348
dyb,0,125.876624,25.207289
cvx,0,144.221756,29.148846
dyf,0,126.787267,25.409084
dzb2,0,424.424561,88.307207
dxb,0,116.003395,23.155948
cvy,0,891.972034,150.609050
dzf,0,425.340480,88.515020
dxb2,0,113.684951,22.835105
dyb2,0,125.072411,25.148048
cvz,0,152.910282,31.883282
dzb3,0,417.028433,87.286214
dxb3,0,113.304509,22.804010
dyb3,0,125.008187,25.118893
csxxsyyszz,0,368.789166,71.186773
dyf2,0,125.344890,25.212088
dxf2,0,112.650745,22.698013
csxy,0,107.345064,22.580994
dzf2,0,416.399286,87.175878
dyf3,0,124.309944,25.053139
csyz,0,128.075157,26.960189
dxf3,0,112.510719,22.680779
dzf3,0,416.410895,87.281290
csxz,0,128.405554,27.101843
dxf,1,112.637450,22.733003
dzb,1,416.499259,87.295577
dyb,1,125.273708,25.262749
cvx,1,139.476625,28.506895
dyf,1,125.289597,25.206022
dzb2,1,416.769882,87.331110
dxb,1,112.899111,22.753874
cvy,1,138.016731,28.233293
dzf,1,416.476336,87.341462
dxb2,1,113.760167,22.930463
dyb2,1,124.882476,25.163199
cvz,1,152.681488,31.921956
dzb3,1,416.468332,87.358216
dxb3,1,113.393816,22.875723
dyb3,1,124.868462,25.128662
csxxsyyszz,1,368.946174,71.352194
dyf2,1,124.896370,25.155590
dxf2,1,112.606329,22.747959
csxy,1,107.292349,22.595128
dzf2,1,417.017713,87.428906
dyf3,1,125.201843,25.310735
csyz,1,127.985982,26.991400
dxf3,1,112.579912,22.747561
dzf3,1,416.013038,87.357386
csxz,1,128.351291,27.148395
dxf,2,112.528300,22.745522
dzb,2,416.701575,87.425085
dyb,2,124.977805,25.139632
cvx,2,138.960134,28.423550
dyf,2,125.170382,25.256820
dzb2,2,416.558439,87.417726
dxb,2,113.557030,22.906057
cvy,2,141.185044,28.790394
dzf,2,415.641845,87.275192
dxb2,2,113.714196,22.906365
dyb2,2,124.927755,25.182857
cvz,2,152.583922,31.899823
dzb3,2,416.716569,87.408541
dxb3,2,113.124083,22.806060
dyb3,2,124.999735,25.151980
csxxsyyszz,2,368.942414,71.395590
dyf2,2,125.356473,25.256984
dxf2,2,112.774937,22.778434
csxy,2,107.304356,22.597903
dzf2,2,415.419754,87.218097
dyf3,2,125.006814,25.246577
csyz,2,128.040104,27.023602
dxf3,2,112.468220,22.732638
dzf3,2,416.084593,87.330231
csxz,2,128.085462,27.069137
dxf,3,111.553565,22.543321
dzb,3,416.697433,87.427580
dyb,3,125.082311,25.193744
cvx,3,139.490057,28.520646
dyf,3,125.235339,25.250451
dzb2,3,416.836053,87.436969
dxb,3,113.679992,22.930489
cvy,3,137.773243,28.205106
dzf,3,416.230819,87.346234
dxb2,3,113.826352,22.921162
dyb2,3,124.529023,25.105569
cvz,3,151.872133,31.769317
dzb3,3,416.763879,87.472804
dxb3,3,113.203335,22.824622
dyb3,3,124.848697,25.168778
csxxsyyszz,3,368.627131,71.311664
dyf2,3,125.184277,25.220688
dxf2,3,112.772951,22.767770
csxy,3,107.402361,22.644654
dzf2,3,415.944091,87.296763
dyf3,3,125.058368,25.216370
csyz,3,128.078549,27.028760
dxf3,3,111.212907,22.472634
dzf3,3,415.986734,87.335764
csxz,3,128.389858,27.138405
dxf,4,112.529131,22.740508
dzb,4,416.865092,87.510502
dyb,4,125.286529,25.253497
cvx,4,139.437872,28.549285
dyf,4,125.157807,25.247507
dzb2,4,416.727132,87.472942
dxb,4,114.745932,23.105354
cvy,4,137.680886,28.208856
dzf,4,415.860299,87.323804
dxb2,4,113.724323,22.948950
dyb2,4,124.866978,25.165031
cvz,4,152.705672,31.943373
dzb3,4,415.918930,87.285123
dxb3,4,113.227948,22.866137
dyb3,4,124.947161,25.182554
csxxsyyszz,4,368.996800,71.431296
dyf2,4,125.290991,25.249094
dxf2,4,112.768736,22.784106
csxy,4,107.271500,22.628750
dzf2,4,415.964978,87.327830
dyf3,4,124.990142,25.206717
csyz,4,128.013850,27.013014
dxf3,4,112.434075,22.725860
dzf3,4,415.732175,87.306621
csxz,4,128.175165,27.179947
#========================= OptEWE [OpenMP] =========================
#Source type                                  :  Force monopole
#Grid Size                                    :  768 x 768 x 768
#Iterations                                   :  5
#Compute time                                 :  26.236118
#Total effective MLUPS                        :  86.328478
#===================================================================
#Number of threads                            :  18
