dxf,0,118.835420,23.128095
dzb,0,490.818708,97.072241
dyb,0,119.020152,23.688083
cvx,0,146.101609,29.225874
dyf,0,119.215674,23.758402
dzb2,0,490.955170,97.194527
dxb,0,117.478604,22.998904
cvy,0,962.261486,162.119221
dzf,0,489.805019,97.059825
dxb2,0,117.370964,23.015065
dyb2,0,119.180283,23.754058
cvz,0,170.978527,34.217201
dzb3,0,490.742181,97.290383
dxb3,0,117.302329,23.006658
dyb3,0,119.124564,23.731138
csxxsyyszz,0,275.088261,55.145388
dyf2,0,119.418448,23.840017
dxf2,0,117.539979,23.063022
csxy,0,119.756737,24.074444
dzf2,0,489.633682,97.142547
dyf3,0,118.982478,23.763899
csyz,0,144.646427,28.950585
dxf3,0,117.379818,23.031473
dzf3,0,489.991291,97.217363
csxz,0,144.674145,28.992054
dxf,1,117.404529,23.041871
dzb,1,490.828578,97.375100
dyb,1,118.990230,23.738798
cvx,1,146.037750,29.284145
dyf,1,119.139397,23.810032
dzb2,1,492.305418,97.628073
dxb,1,117.485338,23.043416
cvy,1,145.652080,29.189246
dzf,1,490.276968,97.337041
dxb2,1,117.324356,23.017510
dyb2,1,120.456464,23.971082
cvz,1,170.974840,34.251255
dzb3,1,490.698459,97.362251
dxb3,1,117.232706,23.013198
dyb3,1,119.498091,23.849991
csxxsyyszz,1,274.760558,55.130306
dyf2,1,119.477438,23.853398
dxf2,1,117.426439,23.044198
csxy,1,119.831431,24.095897
dzf2,1,489.631154,97.225562
dyf3,1,118.975886,23.767292
csyz,1,144.662014,28.972407
dxf3,1,117.439705,23.058397
dzf3,1,489.848626,97.254404
csxz,1,144.677062,29.013696
dxf,2,117.291532,23.033370
dzb,2,490.846256,97.372995
dyb,2,119.079242,23.768856
cvx,2,146.007290,29.296288
dyf,2,119.104357,23.782974
dzb2,2,490.947198,97.440418
dxb,2,117.405594,23.054413
cvy,2,145.659648,29.228292
dzf,2,489.751630,97.244622
dxb2,2,117.410231,23.055693
dyb2,2,119.269816,23.799133
cvz,2,170.975726,34.266840
dzb3,2,490.548931,97.371218
dxb3,2,117.383637,23.046526
dyb3,2,119.181446,23.788641
csxxsyyszz,2,275.390358,55.248077
dyf2,2,119.357159,23.829385
dxf2,2,117.478909,23.094477
csxy,2,119.762619,24.102103
dzf2,2,489.724682,97.246877
dyf3,2,119.024805,23.815289
csyz,2,144.753652,29.002905
dxf3,2,117.409341,23.050339
dzf3,2,490.022106,97.334124
csxz,2,144.619003,29.021616
dxf,3,117.387509,23.048396
dzb,3,491.599704,97.575185
dyb,3,118.968578,23.732124
cvx,3,146.035733,29.301872
dyf,3,119.034222,23.784463
dzb2,3,491.504380,97.561374
dxb,3,117.382740,23.063982
cvy,3,145.671388,29.210705
dzf,3,489.829360,97.271030
dxb2,3,117.460669,23.075469
dyb2,3,119.392464,23.835077
cvz,3,170.971737,34.272129
dzb3,3,490.666835,97.412199
dxb3,3,117.335891,23.044916
dyb3,3,119.142201,23.790038
csxxsyyszz,3,274.964750,55.193444
dyf2,3,119.268587,23.837946
dxf2,3,117.489551,23.104714
csxy,3,119.767621,24.107069
dzf2,3,489.711350,97.269039
dyf3,3,119.133034,23.865374
csyz,3,144.668410,28.990781
dxf3,3,117.394333,23.071808
dzf3,3,489.987228,97.342172
csxz,3,144.703884,29.044720
dxf,4,117.289615,23.059113
dzb,4,490.892551,97.448654
dyb,4,118.924612,23.779347
cvx,4,146.030505,29.324627
dyf,4,119.107680,23.835562
dzb2,4,490.901461,97.491082
dxb,4,117.494975,23.118246
cvy,4,145.582633,29.225094
dzf,4,489.848174,97.301079
dxb2,4,117.389808,23.080537
dyb2,4,119.453019,23.860740
cvz,4,171.005681,34.288121
dzb3,4,493.359903,98.112961
dxb3,4,117.237610,23.101227
dyb3,4,119.280058,23.882381
csxxsyyszz,4,275.127652,55.347587
dyf2,4,119.453718,23.893211
dxf2,4,117.538381,23.120243
csxy,4,119.742711,24.103786
dzf2,4,489.573657,97.253156
dyf3,4,119.027877,23.842464
csyz,4,144.745369,29.011656
dxf3,4,117.470422,23.090464
dzf3,4,490.873584,97.496146
csxz,4,144.629924,29.079464
#========================= OptEWE [OpenMP] =========================
#Source type                                  :  Force monopole
#Grid Size                                    :  768 x 768 x 768
#Iterations                                   :  5
#Compute time                                 :  28.367689
#Total effective MLUPS                        :  79.841687
#===================================================================
#Number of threads                            :  19
