dxf,0,264.206479,34.012362
dzb,0,911.500576,120.296359
dyb,0,346.742494,43.867159
cvx,0,472.289550,60.116779
dyf,0,348.617615,44.058667
dzb2,0,910.858867,120.384054
dxb,0,275.259164,35.382975
cvy,0,1427.034161,169.706963
dzf,0,913.752385,121.081051
dxb2,0,297.800029,39.685090
dyb2,0,346.030898,45.906640
cvz,0,480.894039,63.835190
dzb3,0,909.707218,121.017894
dxb3,0,277.625681,35.477253
dyb3,0,351.755400,45.381677
csxxsyyszz,0,1299.074640,160.464671
dyf2,0,348.156026,43.958303
dxf2,0,266.329875,35.111568
csxy,0,211.090787,29.348432
dzf2,0,1880.308718,238.609996
dyf3,0,348.372051,44.025517
csyz,0,290.488870,39.721368
dxf3,0,266.231955,34.310146
dzf3,0,910.824303,120.086239
csxz,0,287.227612,39.370059
dxf,1,263.705227,33.979164
dzb,1,914.171116,120.571532
dyb,1,347.327601,44.090949
cvx,1,471.048436,59.880537
dyf,1,348.166396,43.909501
dzb2,1,911.425272,120.031361
dxb,1,277.050562,35.450555
cvy,1,470.286599,61.015575
dzf,1,909.187830,119.970500
dxb2,1,297.864929,37.912277
dyb2,1,346.910835,43.853566
cvz,1,479.445032,62.771040
dzb3,1,910.046668,120.285066
dxb3,1,277.162303,35.667013
dyb3,1,350.999780,45.543591
csxxsyyszz,1,1298.836369,161.640681
dyf2,1,348.791904,44.208252
dxf2,1,266.426743,35.244753
csxy,1,210.774948,29.412053
dzf2,1,1881.415282,238.998685
dyf3,1,348.489950,44.063690
csyz,1,290.379445,39.719954
dxf3,1,266.681254,34.300756
dzf3,1,911.430552,120.068119
csxz,1,287.000307,39.351937
dxf,2,264.245242,34.079937
dzb,2,911.825011,120.369637
dyb,2,347.733555,43.960146
cvx,2,472.395551,60.048051
dyf,2,348.665070,44.116466
dzb2,2,911.247748,122.160592
dxb,2,275.001259,35.301921
cvy,2,469.784434,61.004649
dzf,2,909.785063,119.989012
dxb2,2,298.267380,37.889153
dyb2,2,347.595912,43.820240
cvz,2,481.320043,62.885633
dzb3,2,911.581906,119.964875
dxb3,2,278.035423,35.549062
dyb3,2,354.870294,45.786740
csxxsyyszz,2,1301.589628,160.696119
dyf2,2,348.353507,43.962958
dxf2,2,266.921943,35.190744
csxy,2,211.227314,29.351423
dzf2,2,1879.560042,238.578715
dyf3,2,348.779760,44.090992
csyz,2,290.618633,39.769840
dxf3,2,265.517923,34.222226
dzf3,2,911.548760,120.084815
csxz,2,286.946571,39.325254
dxf,3,264.627236,34.011314
dzb,3,911.960145,120.061847
dyb,3,349.385247,44.068826
cvx,3,471.720547,59.924589
dyf,3,348.407515,43.970769
dzb2,3,910.638104,120.093143
dxb,3,275.109456,35.215748
cvy,3,473.364559,61.408835
dzf,3,909.840067,119.918740
dxb2,3,297.909183,37.823630
dyb2,3,347.556204,43.871625
cvz,3,481.269330,62.926212
dzb3,3,910.808379,120.053305
dxb3,3,277.921159,35.563697
dyb3,3,351.945568,45.459178
csxxsyyszz,3,1299.036618,160.397319
dyf2,3,348.511940,43.991665
dxf2,3,266.722993,35.149462
csxy,3,210.831818,29.301147
dzf2,3,1879.021207,238.317273
dyf3,3,349.094840,44.129789
csyz,3,290.794668,39.740153
dxf3,3,266.688989,34.346531
dzf3,3,911.295238,120.216483
csxz,3,288.592800,39.540696
dxf,4,266.890172,34.558293
dzb,4,911.751657,120.705730
dyb,4,347.537486,43.945068
cvx,4,472.189941,60.049185
dyf,4,348.750746,44.053570
dzb2,4,910.842533,120.240824
dxb,4,275.619116,35.373897
cvy,4,470.410823,61.234382
dzf,4,910.491916,120.309723
dxb2,4,297.984835,37.894028
dyb2,4,347.892874,43.969073
cvz,4,481.341125,63.127438
dzb3,4,910.983836,120.400570
dxb3,4,277.596700,35.579389
dyb3,4,350.826056,45.341401
csxxsyyszz,4,1300.585145,160.549715
dyf2,4,349.176588,44.017762
dxf2,4,266.904819,35.131968
csxy,4,211.200593,29.349073
dzf2,4,1880.847640,238.617422
dyf3,4,349.339797,44.136121
csyz,4,292.393497,39.950125
dxf3,4,266.605579,34.295748
dzf3,4,911.248359,120.203437
csxz,4,287.274484,39.433946
#========================= OptEWE [OpenMP] =========================
#Source type                                  :  Force monopole
#Grid Size                                    :  768 x 768 x 768
#Iterations                                   :  5
#Compute time                                 :  69.410912
#Total effective MLUPS                        :  32.630664
#===================================================================
#Number of threads                            :  5
