dxf,0,245.243847,31.513461
dzb,0,1042.115746,133.872192
dyb,0,288.243926,36.870000
cvx,0,306.785835,40.963378
dyf,0,291.258623,37.237986
dzb2,0,1043.154483,134.117096
dxb,0,247.695072,31.852690
cvy,0,1136.292119,135.202783
dzf,0,1041.591853,133.954526
dxb2,0,247.529269,31.813848
dyb2,0,288.249156,36.773137
cvz,0,348.867134,46.973339
dzb3,0,1042.709004,134.622693
dxb3,0,247.309090,32.099776
dyb3,0,302.801927,39.308595
csxxsyyszz,0,838.340975,106.821354
dyf2,0,290.034599,37.103445
dxf2,0,270.166028,35.167769
csxy,0,219.325557,30.350538
dzf2,0,2291.070435,283.242817
dyf3,0,289.968176,36.962472
csyz,0,329.542912,43.772706
dxf3,0,244.095699,31.378204
dzf3,0,1041.810960,133.703148
csxz,0,325.046225,43.302965
dxf,1,245.746137,31.618921
dzb,1,1042.038096,133.914618
dyb,1,288.145377,36.892295
cvx,1,306.676082,40.983947
dyf,1,289.477937,37.055911
dzb2,1,1042.029682,133.842421
dxb,1,247.799538,31.858163
cvy,1,416.449651,54.233101
dzf,1,1041.584971,133.865011
dxb2,1,247.479752,31.792699
dyb2,1,288.282667,36.781015
cvz,1,349.290022,46.987592
dzb3,1,1041.759333,133.912516
dxb3,1,247.219628,31.768838
dyb3,1,302.708436,39.315253
csxxsyyszz,1,838.361511,106.834326
dyf2,1,290.256502,37.109964
dxf2,1,270.260450,35.125412
csxy,1,219.021421,30.024516
dzf2,1,2291.051972,282.994619
dyf3,1,290.055252,37.104349
csyz,1,329.278993,43.767991
dxf3,1,244.091373,31.498949
dzf3,1,1042.156943,133.903688
csxz,1,325.499735,43.362013
dxf,2,244.186809,31.457042
dzb,2,1041.860512,133.855848
dyb,2,288.244475,36.894671
cvx,2,306.622037,40.990164
dyf,2,289.362455,37.125401
dzb2,2,1041.952295,134.115016
dxb,2,247.755505,31.861208
cvy,2,416.328255,54.289377
dzf,2,1042.664477,137.047456
dxb2,2,246.688730,33.223152
dyb2,2,287.178192,38.391202
cvz,2,347.381493,47.263416
dzb3,2,1041.304888,134.558203
dxb3,2,247.299330,31.786281
dyb3,2,302.766849,39.353340
csxxsyyszz,2,838.510849,107.032912
dyf2,2,290.175060,37.266626
dxf2,2,270.045330,35.217956
csxy,2,219.215201,30.086294
dzf2,2,2290.426901,283.349384
dyf3,2,289.949953,37.056674
csyz,2,328.867811,43.727584
dxf3,2,243.992344,31.545471
dzf3,2,1041.725256,134.217631
csxz,2,324.897818,43.313811
dxf,3,244.144834,31.472601
dzb,3,1044.047217,134.474850
dyb,3,287.950871,36.900679
cvx,3,306.535243,40.950321
dyf,3,289.267046,37.050411
dzb2,3,1042.278392,134.319506
dxb,3,247.743198,31.909497
cvy,3,416.027193,54.221629
dzf,3,1041.258304,134.109424
dxb2,3,247.472550,31.965701
dyb2,3,288.158312,36.996545
cvz,3,349.597810,47.063857
dzb3,3,1041.612737,134.157071
dxb3,3,247.299447,31.940362
dyb3,3,302.719733,39.433227
csxxsyyszz,3,838.432390,106.911730
dyf2,3,290.048279,37.091909
dxf2,3,270.142050,35.362661
csxy,3,219.083507,30.118901
dzf2,3,2290.884901,283.750501
dyf3,3,290.007427,37.156332
csyz,3,328.699102,43.733539
dxf3,3,244.059487,31.481193
dzf3,3,1043.650651,134.649656
csxz,3,325.361616,43.479803
dxf,4,244.180601,31.517660
dzb,4,1043.817196,134.449270
dyb,4,288.059532,37.030921
cvx,4,306.628455,41.112230
dyf,4,289.412702,37.116059
dzb2,4,1041.963977,137.829578
dxb,4,247.373765,32.010438
cvy,4,416.120644,54.296525
dzf,4,1041.301408,133.993049
dxb2,4,247.495569,31.770379
dyb2,4,288.559555,36.859626
cvz,4,349.618653,47.051224
dzb3,4,1041.869805,133.910109
dxb3,4,247.132875,31.792056
dyb3,4,303.611536,39.401186
csxxsyyszz,4,836.003735,106.478241
dyf2,4,290.078900,37.040815
dxf2,4,269.846706,35.093887
csxy,4,219.122834,30.014002
dzf2,4,2291.075245,282.881216
dyf3,4,290.043180,37.069156
csyz,4,328.872660,43.710041
dxf3,4,244.111581,31.437924
dzf3,4,1041.696045,133.739836
csxz,4,325.185247,43.361010
#========================= OptEWE [OpenMP] =========================
#Source type                                  :  Force monopole
#Grid Size                                    :  768 x 768 x 768
#Iterations                                   :  5
#Compute time                                 :  68.395691
#Total effective MLUPS                        :  33.115013
#===================================================================
#Number of threads                            :  6
