dxf,0,132.013723,24.908230
dzb,0,492.177790,96.311793
dyb,0,138.279987,26.308508
cvx,0,154.072138,30.218261
dyf,0,138.424316,26.379225
dzb2,0,491.096245,96.260216
dxb,0,131.954317,24.974710
cvy,0,772.133289,126.841345
dzf,0,490.084888,96.020651
dxb2,0,132.648567,25.104731
dyb2,0,138.267942,26.323623
cvz,0,178.043564,35.133063
dzb3,0,490.604710,96.159019
dxb3,0,132.477323,25.056874
dyb3,0,138.696551,26.427017
csxxsyyszz,0,377.795216,70.364108
dyf2,0,138.345948,26.373060
dxf2,0,131.685194,24.987141
csxy,0,126.030227,24.898477
dzf2,0,490.103931,96.104696
dyf3,0,138.461703,26.449646
csyz,0,150.705046,29.701039
dxf3,0,131.530221,24.947475
dzf3,0,490.575669,96.194707
csxz,0,151.030823,29.815137
dxf,1,131.545778,24.946346
dzb,1,491.334041,96.389048
dyb,1,138.215185,26.346528
cvx,1,154.027421,30.249355
dyf,1,138.513293,26.422894
dzb2,1,491.138509,96.338983
dxb,1,131.791340,24.954640
cvy,1,153.507241,30.142755
dzf,1,490.266602,96.084031
dxb2,1,132.699813,25.101432
dyb2,1,138.608677,26.387750
cvz,1,177.997875,35.103119
dzb3,1,490.670592,96.114712
dxb3,1,132.459692,25.059964
dyb3,1,138.568934,26.393546
csxxsyyszz,1,377.684706,70.308149
dyf2,1,139.986103,26.654569
dxf2,1,131.778934,25.004680
csxy,1,126.307550,24.964613
dzf2,1,490.379058,96.221439
dyf3,1,138.378023,26.417476
csyz,1,150.819025,29.750292
dxf3,1,131.187353,24.910678
dzf3,1,490.628519,96.297811
csxz,1,150.896215,29.801753
dxf,2,131.631713,24.976498
dzb,2,491.420449,96.454219
dyb,2,138.321861,26.347473
cvx,2,154.116322,30.271013
dyf,2,138.314813,26.412324
dzb2,2,491.131275,96.371684
dxb,2,131.954373,25.001012
cvy,2,153.365042,30.162450
dzf,2,490.032766,96.164321
dxb2,2,132.823295,25.164934
dyb2,2,138.696418,26.426620
cvz,2,177.960535,35.153667
dzb3,2,490.406409,96.319504
dxb3,2,132.635169,25.219735
dyb3,2,138.704000,26.455310
csxxsyyszz,2,377.787374,70.435414
dyf2,2,138.348025,26.452018
dxf2,2,131.667504,25.028705
csxy,2,126.079856,24.933522
dzf2,2,490.037187,96.180627
dyf3,2,138.370043,26.501075
csyz,2,150.872711,29.780486
dxf3,2,131.352169,24.949504
dzf3,2,490.352692,96.289768
csxz,2,150.775065,29.843791
dxf,3,131.741971,25.029364
dzb,3,491.136471,96.493744
dyb,3,138.577355,26.415689
cvx,3,154.325878,30.322685
dyf,3,138.384071,26.434569
dzb2,3,491.031742,96.386640
dxb,3,132.040752,25.067419
cvy,3,153.185512,30.151355
dzf,3,491.833969,96.397086
dxb2,3,132.751554,25.183043
dyb2,3,138.730893,26.481993
cvz,3,179.484747,35.415761
dzb3,3,490.544414,96.248650
dxb3,3,132.674332,25.138691
dyb3,3,138.572431,26.436650
csxxsyyszz,3,371.999427,69.445958
dyf2,3,138.579023,26.464262
dxf2,3,131.640692,25.014576
csxy,3,126.203509,24.953046
dzf2,3,490.009717,96.119711
dyf3,3,138.578018,26.489682
csyz,3,150.730756,29.746639
dxf3,3,131.375692,24.928166
dzf3,3,490.631421,96.253755
csxz,3,150.780853,29.811829
dxf,4,131.639975,25.009862
dzb,4,491.327075,96.504782
dyb,4,139.883701,26.702161
cvx,4,154.222771,30.515841
dyf,4,138.333672,26.589337
dzb2,4,491.111070,96.500459
dxb,4,131.869154,25.031467
cvy,4,153.293001,30.190314
dzf,4,490.068944,96.139422
dxb2,4,132.547550,25.142613
dyb2,4,138.570682,26.444482
cvz,4,178.118060,35.189819
dzb3,4,490.502918,96.212469
dxb3,4,132.648488,25.156686
dyb3,4,138.396049,26.408684
csxxsyyszz,4,377.446103,70.307178
dyf2,4,138.419809,26.441767
dxf2,4,131.803076,25.067606
csxy,4,126.369534,24.978468
dzf2,4,490.183282,96.170196
dyf3,4,138.421285,26.477396
csyz,4,150.780003,29.750902
dxf3,4,131.155225,24.923313
dzf3,4,490.425819,96.193982
csxz,4,150.798784,29.884599
#========================= OptEWE [OpenMP] =========================
#Source type                                  :  Force monopole
#Grid Size                                    :  768 x 768 x 768
#Iterations                                   :  5
#Compute time                                 :  29.908043
#Total effective MLUPS                        :  75.729601
#===================================================================
#Number of threads                            :  15
