dxf,0,431.406930,59.513481
dzb,0,1518.338137,212.909709
dyb,0,571.437818,77.877349
cvx,0,789.492706,106.592741
dyf,0,574.405651,78.252546
dzb2,0,1516.668382,213.090903
dxb,0,449.913899,66.981055
cvy,0,1862.276503,252.518793
dzf,0,1514.835881,212.790345
dxb2,0,451.820200,62.146471
dyb2,0,571.882803,78.030437
cvz,0,799.240943,108.748028
dzb3,0,1517.357216,213.357625
dxb3,0,449.861373,62.005933
dyb3,0,585.611850,81.010843
csxxsyyszz,0,2175.727188,289.596202
dyf2,0,573.614804,78.215619
dxf2,0,436.040208,60.963746
csxy,0,349.018843,49.897637
dzf2,0,2279.847078,321.047762
dyf3,0,573.654636,78.342266
csyz,0,405.697279,57.624836
dxf3,0,432.020243,59.658236
dzf3,0,1516.776838,213.140863
csxz,0,403.307095,57.494412
dxf,1,431.715663,59.788256
dzb,1,1516.379736,213.115903
dyb,1,571.842039,78.169956
cvx,1,787.641754,106.643222
dyf,1,573.416855,78.276510
dzb2,1,1516.135278,213.338231
dxb,1,452.366449,62.251202
cvy,1,781.525814,108.217118
dzf,1,1514.712184,216.912449
dxb2,1,453.469345,62.251996
dyb2,1,571.462636,77.995921
cvz,1,797.915026,108.544403
dzb3,1,1516.520276,213.265029
dxb3,1,449.850525,61.956310
dyb3,1,585.192705,80.831236
csxxsyyszz,1,2175.650099,289.131973
dyf2,1,573.610622,78.188737
dxf2,1,435.944772,60.921036
csxy,1,349.142693,49.808785
dzf2,1,2286.563835,322.158897
dyf3,1,573.624967,78.260400
csyz,1,405.801375,57.583288
dxf3,1,432.094211,59.638084
dzf3,1,1515.455544,212.745553
csxz,1,402.455832,57.325175
dxf,2,431.882424,59.670839
dzb,2,1516.403076,212.867699
dyb,2,571.450008,77.934485
cvx,2,787.782104,106.384279
dyf,2,574.131661,78.253720
dzb2,2,1515.536218,212.762248
dxb,2,452.326523,62.182441
cvy,2,782.882379,108.162088
dzf,2,1515.640926,212.795806
dxb2,2,451.766500,62.276085
dyb2,2,571.771536,77.944408
cvz,2,797.456124,108.328398
dzb3,2,1512.264543,216.740016
dxb3,2,447.582705,65.249009
dyb3,2,582.441162,82.438112
csxxsyyszz,2,2175.980703,289.373566
dyf2,2,573.469961,78.190383
dxf2,2,435.171781,60.926786
csxy,2,348.413356,49.803573
dzf2,2,2282.315025,321.101930
dyf3,2,573.054258,78.156127
csyz,2,405.376584,57.596342
dxf3,2,431.304690,59.586908
dzf3,2,1513.020844,212.671303
csxz,2,402.402664,57.258212
dxf,3,431.595415,59.540355
dzb,3,1516.358649,212.543182
dyb,3,571.787566,77.943225
cvx,3,787.676602,106.187089
dyf,3,574.354204,78.217618
dzb2,3,1516.610122,213.026769
dxb,3,451.650822,62.166170
cvy,3,781.609630,108.006993
dzf,3,1512.622530,212.550435
dxb2,3,451.064833,62.081779
dyb2,3,571.306906,77.854647
cvz,3,797.260926,108.188629
dzb3,3,1515.088146,212.586861
dxb3,3,449.958066,61.933583
dyb3,3,585.146608,80.717832
csxxsyyszz,3,2174.453153,291.743329
dyf2,3,575.231554,78.566459
dxf2,3,436.169363,61.060971
csxy,3,349.153102,49.847324
dzf2,3,2280.795366,320.682869
dyf3,3,573.555119,78.199999
csyz,3,404.945449,57.541525
dxf3,3,431.906683,59.604118
dzf3,3,1513.759588,212.544455
csxz,3,402.413802,57.290675
dxf,4,431.447188,59.628640
dzb,4,1515.908398,212.826739
dyb,4,571.971848,77.970591
cvx,4,789.285198,106.662263
dyf,4,574.165109,78.288557
dzb2,4,1518.126002,213.122163
dxb,4,452.485215,62.246865
cvy,4,781.428335,107.954746
dzf,4,1513.598810,212.727191
dxb2,4,451.388011,62.105334
dyb2,4,571.216339,77.918069
cvz,4,796.163325,108.235184
dzb3,4,1514.781749,212.880287
dxb3,4,449.225917,61.858830
dyb3,4,584.194474,80.620954
csxxsyyszz,4,2176.126436,288.699933
dyf2,4,575.285294,78.262602
dxf2,4,435.456939,60.855604
csxy,4,348.916799,49.792046
dzf2,4,2270.978439,323.923280
dyf3,4,571.844739,81.425000
csyz,4,405.031817,57.477073
dxf3,4,433.377098,59.714008
dzf3,4,1513.695489,212.270559
csxz,4,402.820438,57.277976
#========================= OptEWE [OpenMP] =========================
#Source type                                  :  Force monopole
#Grid Size                                    :  768 x 768 x 768
#Iterations                                   :  5
#Compute time                                 :  109.378464
#Total effective MLUPS                        :  20.707222
#===================================================================
#Number of threads                            :  2
