dxf,0,185.603174,26.399073
dzb,0,800.821600,116.729606
dyb,0,392.029968,53.759347
cvx,0,344.126132,49.018081
dyf,0,209.114127,29.825149
dzb2,0,800.405084,116.944095
dxb,0,389.042492,52.975696
cvy,0,1025.616223,132.633920
dzf,0,741.671933,107.053303
dxb2,0,348.327949,47.826670
dyb2,0,392.558072,53.842352
cvz,0,449.449936,63.319621
dzb3,0,740.655220,107.137846
dxb3,0,348.038714,47.784968
dyb3,0,476.141768,64.245020
csxxsyyszz,0,626.592317,89.728167
dyf2,0,209.008669,29.901859
dxf2,0,424.250315,57.433009
csxy,0,229.589315,33.594208
dzf2,0,1476.546238,202.400093
dyf3,0,357.297088,49.427547
csyz,0,337.993671,48.163224
dxf3,0,185.309016,26.421275
dzf3,0,801.906966,117.353040
csxz,0,338.256315,48.234479
dxf,1,185.145943,26.485522
dzb,1,801.967707,117.015749
dyb,1,392.517539,53.909643
cvx,1,344.158213,49.115777
dyf,1,209.289959,29.848120
dzb2,1,801.974075,117.345633
dxb,1,387.913753,52.968799
cvy,1,474.699453,65.745374
dzf,1,741.602353,107.294038
dxb2,1,348.025807,47.797615
dyb2,1,392.644213,53.887427
cvz,1,449.145902,63.286623
dzb3,1,740.696944,107.110066
dxb3,1,347.754441,47.770399
dyb3,1,475.887691,64.237105
csxxsyyszz,1,624.628705,89.521090
dyf2,1,209.024672,29.866009
dxf2,1,424.265662,57.414297
csxy,1,229.684791,33.603829
dzf2,1,1477.404575,202.431767
dyf3,1,357.229210,49.384449
csyz,1,338.784362,48.206772
dxf3,1,185.375763,26.392997
dzf3,1,801.384791,117.137279
csxz,1,338.253917,48.191606
dxf,2,185.112574,26.373220
dzb,2,801.302782,116.813577
dyb,2,392.017923,53.792270
cvx,2,344.482376,49.079777
dyf,2,209.023767,29.784029
dzb2,2,800.591353,116.999386
dxb,2,388.225515,52.915634
cvy,2,474.546403,65.620120
dzf,2,741.886157,107.185822
dxb2,2,347.701668,47.724668
dyb2,2,392.812070,53.876193
cvz,2,449.301093,63.321939
dzb3,2,740.576435,107.262064
dxb3,2,347.846970,47.787719
dyb3,2,475.872595,64.262876
csxxsyyszz,2,626.534884,89.749249
dyf2,2,209.113148,29.888561
dxf2,2,424.309694,57.469435
csxy,2,229.249219,33.544072
dzf2,2,1476.925737,202.459608
dyf3,2,358.048182,49.545289
csyz,2,338.117760,48.164749
dxf3,2,185.300301,26.433162
dzf3,2,801.709204,117.364409
csxz,2,338.324483,48.267957
dxf,3,185.168505,26.487760
dzb,3,800.954505,116.983048
dyb,3,392.138255,53.883801
cvx,3,344.274843,49.245107
dyf,3,209.088388,29.824699
dzb2,3,800.653462,117.062746
dxb,3,388.105304,52.963311
cvy,3,475.052811,65.711404
dzf,3,741.505620,107.308360
dxb2,3,347.926272,47.809829
dyb2,3,392.784052,53.925436
cvz,3,449.449073,63.341300
dzb3,3,742.047636,107.372370
dxb3,3,348.116248,47.830052
dyb3,3,475.996369,64.275225
csxxsyyszz,3,623.595153,89.399721
dyf2,3,209.013524,29.899211
dxf2,3,424.538765,57.504198
csxy,3,229.634940,33.602376
dzf2,3,1476.708833,202.400525
dyf3,3,357.232563,49.433423
csyz,3,338.137218,48.172742
dxf3,3,185.356231,26.450680
dzf3,3,801.758527,117.246698
csxz,3,338.692887,48.345669
dxf,4,185.004953,26.432953
dzb,4,801.060885,116.780808
dyb,4,392.248198,53.851122
cvx,4,344.415283,49.102818
dyf,4,209.106391,29.818595
dzb2,4,800.734208,117.047844
dxb,4,388.251762,52.992507
cvy,4,474.857186,65.643892
dzf,4,742.487623,107.227335
dxb2,4,347.814659,47.777674
dyb2,4,392.545664,55.160012
cvz,4,449.533648,63.392217
dzb3,4,741.523690,107.263320
dxb3,4,348.274012,47.837798
dyb3,4,476.486762,64.339418
csxxsyyszz,4,626.166692,89.733150
dyf2,4,208.910326,29.859502
dxf2,4,424.004139,57.504813
csxy,4,229.584446,33.632630
dzf2,4,1477.701387,202.625676
dyf3,4,357.409546,49.483798
csyz,4,338.429753,48.247888
dxf3,4,185.346378,26.437257
dzf3,4,801.538215,117.252286
csxz,4,338.520695,48.293190
#========================= OptEWE [OpenMP] =========================
#Source type                                  :  Force monopole
#Grid Size                                    :  768 x 768 x 768
#Iterations                                   :  5
#Compute time                                 :  60.949154
#Total effective MLUPS                        :  37.160880
#===================================================================
#Number of threads                            :  8
