dxf,0,576.313728,70.231254
dzb,0,1941.174804,240.204890
dyb,0,768.649474,92.708233
cvx,0,1086.955587,129.966492
dyf,0,771.910924,93.074930
dzb2,0,1942.130426,240.384840
dxb,0,605.183843,73.566475
cvy,0,2533.464043,299.426834
dzf,0,1937.632502,239.704696
dxb2,0,602.236565,73.125252
dyb2,0,769.529773,92.770629
cvz,0,1098.153050,131.902903
dzb3,0,1945.033363,242.384043
dxb3,0,608.520815,74.011966
dyb3,0,780.904056,95.666986
csxxsyyszz,0,3002.086290,355.529230
dyf2,0,771.842177,93.118563
dxf2,0,577.535019,71.428437
csxy,0,450.211036,56.454296
dzf2,0,2565.729535,323.435462
dyf3,0,772.926881,93.185870
csyz,0,512.840948,64.158371
dxf3,0,576.945468,70.344798
dzf3,0,1938.252342,240.235382
csxz,0,511.152420,64.117493
dxf,1,575.439757,70.313850
dzb,1,1938.162560,240.388848
dyb,1,768.467464,92.931042
cvx,1,1085.214445,129.978387
dyf,1,771.838062,93.379672
dzb2,1,1939.518680,241.623577
dxb,1,604.321218,73.630331
cvy,1,1077.450359,131.968568
dzf,1,1935.605250,239.768972
dxb2,1,602.745154,74.245552
dyb2,1,769.347323,93.272010
cvz,1,1097.619742,132.522225
dzb3,1,1942.316478,240.471063
dxb3,1,608.584082,73.981125
dyb3,1,781.229541,95.535241
csxxsyyszz,1,2960.045066,350.288646
dyf2,1,770.916747,93.018792
dxf2,1,577.686686,71.410902
csxy,1,450.108348,56.423993
dzf2,1,2565.576102,323.153391
dyf3,1,772.596446,93.203802
csyz,1,513.726301,64.233866
dxf3,1,577.813878,70.434786
dzf3,1,1941.523527,240.381316
csxz,1,512.253158,64.168302
dxf,2,576.254352,70.304525
dzb,2,1941.045103,240.358170
dyb,2,771.612437,93.079242
cvx,2,1086.878370,129.955012
dyf,2,771.487096,93.090071
dzb2,2,1939.852166,240.232345
dxb,2,605.599817,74.089574
cvy,2,1076.510901,132.327453
dzf,2,1937.659114,240.014276
dxb2,2,601.360975,73.199990
dyb2,2,768.926290,92.888415
cvz,2,1096.019676,132.186782
dzb3,2,1939.495281,240.848386
dxb3,2,607.686759,73.890193
dyb3,2,779.337732,95.530239
csxxsyyszz,2,3002.027865,355.889445
dyf2,2,770.987824,93.128236
dxf2,2,576.972761,71.592785
csxy,2,449.002286,56.453325
dzf2,2,2564.943258,323.540945
dyf3,2,771.605678,93.338082
csyz,2,512.905578,64.350938
dxf3,2,576.955834,70.413066
dzf3,2,1936.602313,240.544138
csxz,2,512.794393,64.416053
dxf,3,575.614066,70.489527
dzb,3,1940.851196,240.958494
dyb,3,769.270308,92.961226
cvx,3,1085.412756,130.055811
dyf,3,772.129267,93.804850
dzb2,3,1939.908324,240.876317
dxb,3,603.462891,73.477216
cvy,3,1078.678679,132.407555
dzf,3,1938.944986,240.786603
dxb2,3,602.194358,73.400412
dyb2,3,771.050416,93.283757
cvz,3,1098.026172,132.006325
dzb3,3,1942.186800,241.064439
dxb3,3,608.861685,74.017866
dyb3,3,779.796389,95.676571
csxxsyyszz,3,2973.613042,352.627268
dyf2,3,770.964668,93.279732
dxf2,3,577.702438,71.740239
csxy,3,450.006400,56.591539
dzf2,3,2566.797185,323.811002
dyf3,3,773.525857,94.821667
csyz,3,510.885400,66.923990
dxf3,3,576.240148,71.794361
dzf3,3,1938.179939,241.011795
csxz,3,511.766927,64.494103
dxf,4,576.103256,70.726765
dzb,4,1940.448656,243.159593
dyb,4,770.766855,93.094931
cvx,4,1085.265402,130.054503
dyf,4,770.917743,93.369545
dzb2,4,1937.097633,240.235940
dxb,4,602.365190,73.359277
cvy,4,1076.471260,131.877712
dzf,4,1933.853780,239.781372
dxb2,4,601.215728,73.127099
dyb2,4,770.204729,92.906941
cvz,4,1094.833723,131.625407
dzb3,4,1941.266128,240.560009
dxb3,4,607.640244,73.828038
dyb3,4,778.660732,95.205498
csxxsyyszz,4,2967.517546,351.275633
dyf2,4,770.665267,92.999055
dxf2,4,576.282992,71.316389
csxy,4,450.170986,56.554098
dzf2,4,2567.812166,323.566189
dyf3,4,771.397671,93.000320
csyz,4,513.211036,64.193855
dxf3,4,576.674442,70.286436
dzf3,4,1931.051601,245.679232
csxz,4,511.572591,64.149446
#========================= OptEWE [OpenMP] =========================
#Source type                                  :  Force monopole
#Grid Size                                    :  768 x 768 x 768
#Iterations                                   :  5
#Compute time                                 :  142.242050
#Total effective MLUPS                        :  15.923028
#===================================================================
#Number of threads                            :  2
