dxf,0,125.024674,23.650336
dzb,0,480.107397,93.282524
dyb,0,128.930716,24.692587
cvx,0,147.789272,28.936444
dyf,0,129.277560,24.800197
dzb2,0,480.230156,93.445737
dxb,0,124.622452,23.658360
cvy,0,803.394717,132.042534
dzf,0,480.555548,93.573360
dxb2,0,124.759325,23.720237
dyb2,0,129.495231,24.856164
cvz,0,172.428107,33.801606
dzb3,0,480.154762,93.583232
dxb3,0,124.651788,23.716981
dyb3,0,129.435143,24.841296
csxxsyyszz,0,327.921473,62.191452
dyf2,0,129.199776,24.821273
dxf2,0,124.720045,23.711903
csxy,0,121.709770,23.903353
dzf2,0,479.633861,93.502674
dyf3,0,129.238470,24.827474
csyz,0,146.186627,28.644306
dxf3,0,124.354595,23.670921
dzf3,0,479.765272,93.515575
csxz,0,146.303086,28.687637
dxf,1,124.627682,23.700896
dzb,1,480.215414,93.609997
dyb,1,129.113133,24.746847
cvx,1,147.535348,28.946385
dyf,1,129.459808,24.871106
dzb2,1,480.217003,93.629112
dxb,1,124.770133,23.708800
cvy,1,147.937905,29.002158
dzf,1,479.398815,93.480524
dxb2,1,124.757878,23.722438
dyb2,1,129.495176,24.836878
cvz,1,172.342651,33.793521
dzb3,1,479.996733,93.598737
dxb3,1,124.831041,23.737959
dyb3,1,129.547969,24.859859
csxxsyyszz,1,326.152839,61.953749
dyf2,1,129.356586,24.845474
dxf2,1,124.777134,23.733650
csxy,1,121.867743,23.947011
dzf2,1,479.691611,93.512436
dyf3,1,129.224138,24.794388
csyz,1,146.281132,28.649974
dxf3,1,124.537584,23.672889
dzf3,1,480.251180,93.665667
csxz,1,146.803248,28.829479
dxf,2,124.551675,23.672108
dzb,2,480.156381,93.545070
dyb,2,129.269124,24.770702
cvx,2,149.695397,29.292464
dyf,2,129.242506,24.817274
dzb2,2,480.362185,93.600239
dxb,2,124.756233,23.711976
cvy,2,148.007351,28.999079
dzf,2,479.401421,93.508067
dxb2,2,124.752266,23.721247
dyb2,2,129.415017,24.835951
cvz,2,172.428059,33.815966
dzb3,2,480.179503,93.629770
dxb3,2,124.618530,23.702493
dyb3,2,129.440780,24.828791
csxxsyyszz,2,327.760801,62.192361
dyf2,2,129.466029,24.868966
dxf2,2,124.617021,23.696148
csxy,2,121.847487,23.943650
dzf2,2,479.695374,93.424162
dyf3,2,129.127838,24.794762
csyz,2,146.288582,28.671943
dxf3,2,124.511498,23.692141
dzf3,2,479.617015,93.515220
csxz,2,146.226432,28.689526
dxf,3,124.844466,23.761567
dzb,3,480.347585,93.621436
dyb,3,129.270465,24.762078
cvx,3,147.551927,28.959788
dyf,3,129.412821,24.862573
dzb2,3,480.222016,93.624610
dxb,3,124.755699,23.725612
cvy,3,147.899485,28.990780
dzf,3,479.513135,93.494217
dxb2,3,124.720211,23.718121
dyb2,3,129.497046,24.823891
cvz,3,172.343186,33.752273
dzb3,3,480.049004,93.463771
dxb3,3,124.670562,23.670957
dyb3,3,129.582389,24.827762
csxxsyyszz,3,326.040874,61.849480
dyf2,3,129.452151,24.829243
dxf2,3,124.523126,23.657787
csxy,3,121.818114,23.927974
dzf2,3,480.209034,93.621581
dyf3,3,129.266964,24.854410
csyz,3,146.184604,28.646255
dxf3,3,124.414378,23.666502
dzf3,3,480.653444,93.733278
csxz,3,146.378933,28.718087
dxf,4,124.550768,23.698872
dzb,4,480.290804,93.673146
dyb,4,129.014038,24.773772
cvx,4,147.627327,28.973472
dyf,4,129.430643,24.864515
dzb2,4,480.126999,93.615050
dxb,4,124.820459,23.744120
cvy,4,147.943203,29.001087
dzf,4,479.364770,93.504780
dxb2,4,124.674073,23.715655
dyb2,4,129.627498,24.892437
cvz,4,172.387558,33.807280
dzb3,4,479.924852,93.593451
dxb3,4,124.766419,23.746960
dyb3,4,129.636060,24.873424
csxxsyyszz,4,326.103421,61.942125
dyf2,4,129.411519,24.840713
dxf2,4,124.686445,23.732110
csxy,4,121.871485,23.967191
dzf2,4,479.672346,93.553307
dyf3,4,129.327034,24.866700
csyz,4,146.203213,28.649531
dxf3,4,124.457681,23.679802
dzf3,4,479.770729,93.561274
csxz,4,146.253900,28.701697
#========================= OptEWE [OpenMP] =========================
#Source type                                  :  Force monopole
#Grid Size                                    :  768 x 768 x 768
#Iterations                                   :  5
#Compute time                                 :  28.724537
#Total effective MLUPS                        :  78.849806
#===================================================================
#Number of threads                            :  16
