dxf,0,514.631251,65.511759
dzb,0,1762.790567,228.147964
dyb,0,691.353665,86.968398
cvx,0,963.266050,120.067741
dyf,0,693.671860,87.245827
dzb2,0,1763.746309,228.031407
dxb,0,540.388802,68.629501
cvy,0,2259.195512,277.396553
dzf,0,1758.563350,227.758303
dxb2,0,537.985072,68.311501
dyb2,0,689.144830,86.736130
cvz,0,967.819857,121.455521
dzb3,0,1762.744576,227.994242
dxb3,0,540.365268,68.462259
dyb3,0,699.707605,89.109907
csxxsyyszz,0,2657.679095,327.560689
dyf2,0,692.117522,87.164296
dxf2,0,516.763075,66.692737
csxy,0,404.874175,53.170399
dzf2,0,2446.618812,320.960550
dyf3,0,691.570731,87.110716
csyz,0,463.734087,60.703663
dxf3,0,513.604955,65.671123
dzf3,0,1758.465711,231.194148
csxz,0,468.402849,61.334362
dxf,1,514.787195,65.594587
dzb,1,1761.275953,227.983455
dyb,1,690.957213,86.920942
cvx,1,963.278779,120.160041
dyf,1,692.780323,87.171902
dzb2,1,1759.962082,227.904715
dxb,1,538.065126,68.331529
cvy,1,954.314805,121.740644
dzf,1,1761.623875,227.888725
dxb2,1,540.883892,68.552416
dyb2,1,690.676219,86.902187
cvz,1,970.107357,121.634692
dzb3,1,1760.991319,227.951300
dxb3,1,539.461080,68.486003
dyb3,1,699.594762,89.230266
csxxsyyszz,1,2645.764100,325.977969
dyf2,1,693.854118,87.299200
dxf2,1,515.890623,66.632835
csxy,1,405.122462,53.254566
dzf2,1,2445.803540,320.147629
dyf3,1,692.427432,87.258949
csyz,1,464.415768,60.843945
dxf3,1,512.311048,68.752091
dzf3,1,1756.355415,228.049707
csxz,1,465.717011,61.105411
dxf,2,513.143864,65.481390
dzb,2,1757.994945,227.824870
dyb,2,692.073765,87.175614
cvx,2,960.560145,119.874308
dyf,2,694.013765,87.369575
dzb2,2,1758.109757,228.057671
dxb,2,537.433957,68.273180
cvy,2,951.835562,121.452916
dzf,2,1757.264733,227.604489
dxb2,2,538.284164,68.343646
dyb2,2,689.727428,86.764290
cvz,2,968.068021,121.418307
dzb3,2,1761.187156,228.096333
dxb3,2,539.780337,68.496227
dyb3,2,701.406833,89.357906
csxxsyyszz,2,2654.880825,326.754622
dyf2,2,691.848687,87.030669
dxf2,2,515.958000,66.660499
csxy,2,404.951922,53.202054
dzf2,2,2446.350289,320.180201
dyf3,2,691.192159,86.954814
csyz,2,466.705370,61.617074
dxf3,2,514.307892,65.909402
dzf3,2,1761.112129,228.241075
csxz,2,464.827589,60.882188
dxf,3,514.818367,65.594194
dzb,3,1761.951776,228.112535
dyb,3,693.597774,87.254348
cvx,3,963.634236,120.612053
dyf,3,693.526357,87.489969
dzb2,3,1761.641630,228.011054
dxb,3,547.156721,70.411170
cvy,3,954.005177,121.694035
dzf,3,1759.466946,227.914783
dxb2,3,538.073091,68.326687
dyb2,3,689.772418,86.793283
cvz,3,968.604801,121.566764
dzb3,3,1759.173048,227.879585
dxb3,3,539.359521,68.453420
dyb3,3,699.452620,89.138175
csxxsyyszz,3,2645.430204,325.586039
dyf2,3,692.062582,87.038959
dxf2,3,515.952877,66.639254
csxy,3,406.165884,53.361286
dzf2,3,2446.587501,320.293200
dyf3,3,692.354584,87.551801
csyz,3,463.948106,60.742778
dxf3,3,513.569992,65.393538
dzf3,3,1758.259681,227.699743
csxz,3,464.355345,60.859197
dxf,4,513.934947,65.512109
dzb,4,1762.686097,228.236367
dyb,4,692.429153,87.080073
cvx,4,962.950202,120.078214
dyf,4,692.304432,87.109153
dzb2,4,1759.676372,227.818129
dxb,4,537.356073,68.218299
cvy,4,951.703330,121.413574
dzf,4,1756.435264,227.470725
dxb2,4,538.061080,68.341851
dyb2,4,689.850464,86.856764
cvz,4,969.172363,121.594198
dzb3,4,1761.402637,228.125739
dxb3,4,540.530448,68.453143
dyb3,4,700.560729,89.127888
csxxsyyszz,4,2645.343338,325.680158
dyf2,4,690.864155,86.982990
dxf2,4,515.788098,66.657753
csxy,4,404.438134,53.149744
dzf2,4,2446.555889,320.473203
dyf3,4,692.484632,89.276883
csyz,4,464.505604,60.940069
dxf3,4,513.698786,65.519161
dzf3,4,1761.384859,228.391440
csxz,4,465.394371,60.960643
#========================= OptEWE [OpenMP] =========================
#Source type                                  :  Force monopole
#Grid Size                                    :  768 x 768 x 768
#Iterations                                   :  5
#Compute time                                 :  128.501648
#Total effective MLUPS                        :  17.625643
#===================================================================
#Number of threads                            :  2
