dxf,0,173.125122,25.914357
dzb,0,707.364746,109.902305
dyb,0,353.150129,51.016390
cvx,0,312.648687,46.916718
dyf,0,195.822757,29.371922
dzb2,0,707.557568,110.180383
dxb,0,347.560462,49.971027
cvy,0,1013.984113,137.258480
dzf,0,664.453497,102.183667
dxb2,0,308.988059,44.838527
dyb2,0,353.405177,51.076255
cvz,0,408.458286,60.665020
dzb3,0,664.577913,102.228870
dxb3,0,308.860595,44.831114
dyb3,0,426.757413,60.634076
csxxsyyszz,0,583.082647,87.751943
dyf2,0,197.594028,29.580520
dxf2,0,381.015643,54.323702
csxy,0,207.797593,32.138407
dzf2,0,1342.119554,193.673514
dyf3,0,320.916529,46.806098
csyz,0,305.450786,46.181521
dxf3,0,172.576416,27.365015
dzf3,0,707.029824,111.995167
csxz,0,305.233042,46.395048
dxf,1,172.620295,25.976997
dzb,1,707.746321,110.165104
dyb,1,353.598586,51.139319
cvx,1,312.350497,46.936008
dyf,1,195.761446,29.356018
dzb2,1,707.584422,110.218247
dxb,1,347.192116,49.971166
cvy,1,429.812817,62.575783
dzf,1,664.465314,102.327531
dxb2,1,309.485822,44.946222
dyb2,1,353.615744,51.145287
cvz,1,407.414341,60.551706
dzb3,1,664.548171,102.336175
dxb3,1,308.741284,44.836205
dyb3,1,427.089245,60.704537
csxxsyyszz,1,582.607604,87.698778
dyf2,1,195.864736,29.343668
dxf2,1,381.109219,54.351969
csxy,1,207.972228,32.165417
dzf2,1,1341.365155,193.651849
dyf3,1,320.731251,46.784055
csyz,1,305.789106,45.981666
dxf3,1,172.800331,25.970077
dzf3,1,707.444229,110.190173
csxz,1,307.536645,46.280532
dxf,2,172.650216,25.984229
dzb,2,707.603036,110.167003
dyb,2,353.480608,51.136943
cvx,2,312.470946,46.934951
dyf,2,195.822582,29.367050
dzb2,2,707.675216,110.187723
dxb,2,347.500984,49.985252
cvy,2,430.032120,62.617951
dzf,2,664.329817,102.230107
dxb2,2,308.932892,44.868017
dyb2,2,354.058830,51.210730
cvz,2,407.514135,60.571021
dzb3,2,665.226362,102.407083
dxb3,2,308.582546,44.813277
dyb3,2,426.503960,60.638672
csxxsyyszz,2,582.331803,87.712105
dyf2,2,196.042624,29.419759
dxf2,2,380.984945,54.346578
csxy,2,207.889046,32.163618
dzf2,2,1341.488638,193.624602
dyf3,2,320.993995,46.851290
csyz,2,305.876587,45.998931
dxf3,2,172.708612,25.953066
dzf3,2,707.507104,110.249612
csxz,2,307.108095,46.230948
dxf,3,172.818816,25.982787
dzb,3,707.554964,110.185341
dyb,3,353.623355,51.170045
cvx,3,312.423756,46.959578
dyf,3,195.966204,29.387593
dzb2,3,709.059525,110.717498
dxb,3,347.396508,49.993865
cvy,3,430.539195,62.698016
dzf,3,664.447073,102.560047
dxb2,3,308.873123,44.859835
dyb2,3,354.494566,51.299146
cvz,3,407.645620,60.613862
dzb3,3,664.619511,102.303003
dxb3,3,308.720411,44.831057
dyb3,3,426.871711,60.696817
csxxsyyszz,3,582.271584,87.739178
dyf2,3,196.076318,29.402287
dxf2,3,380.944934,54.331273
csxy,3,207.741635,32.130498
dzf2,3,1342.199247,193.891237
dyf3,3,320.799261,46.862096
csyz,3,305.230886,45.946071
dxf3,3,172.687675,25.999295
dzf3,3,707.548769,110.352532
csxz,3,307.347277,46.302637
dxf,4,172.688766,26.030598
dzb,4,707.801836,110.293293
dyb,4,353.880973,51.206451
cvx,4,313.715259,47.182774
dyf,4,195.926814,29.440365
dzb2,4,707.593469,110.370980
dxb,4,347.403218,50.004660
cvy,4,430.197964,62.664630
dzf,4,665.308390,102.509358
dxb2,4,309.145417,44.929837
dyb2,4,353.837895,51.181529
cvz,4,407.325327,60.556651
dzb3,4,664.566804,102.427104
dxb3,4,309.316047,44.934992
dyb3,4,426.712467,60.718042
csxxsyyszz,4,582.621359,87.743872
dyf2,4,195.847578,29.382355
dxf2,4,380.945523,54.377105
csxy,4,207.983985,32.184401
dzf2,4,1341.511526,193.773868
dyf3,4,321.193000,46.904742
csyz,4,305.611042,46.019845
dxf3,4,172.781354,25.961018
dzf3,4,707.588735,110.241748
csxz,4,307.303247,46.282278
#========================= OptEWE [OpenMP] =========================
#Source type                                  :  Force monopole
#Grid Size                                    :  768 x 768 x 768
#Iterations                                   :  5
#Compute time                                 :  55.017311
#Total effective MLUPS                        :  41.167482
#===================================================================
#Number of threads                            :  10
