dxf,0,94.514762,20.168687
dzb,0,384.806781,84.292870
dyb,0,93.616648,20.511653
cvx,0,114.628735,25.476977
dyf,0,93.958924,20.643888
dzb2,0,384.716264,84.326115
dxb,0,92.432705,19.892329
cvy,0,1095.374595,195.799951
dzf,0,384.907085,84.402842
dxb2,0,92.336773,19.881629
dyb2,0,94.097593,20.631632
cvz,0,134.276471,29.752111
dzb3,0,384.448786,84.349157
dxb3,0,92.510716,19.921788
dyb3,0,93.934793,20.620170
csxxsyyszz,0,212.425681,47.252925
dyf2,0,93.832737,20.623571
dxf2,0,92.644738,19.956070
csxy,0,94.333867,20.984863
dzf2,0,384.919718,84.502092
dyf3,0,93.656273,20.610295
csyz,0,113.743944,25.179570
dxf3,0,92.375031,19.912715
dzf3,0,385.026156,84.522566
csxz,0,113.699821,25.212935
dxf,1,92.359228,19.920608
dzb,1,384.645099,84.464972
dyb,1,93.888316,20.599343
cvx,1,114.688820,25.528643
dyf,1,94.045671,20.661270
dzb2,1,384.634992,84.439834
dxb,1,93.253727,20.070042
cvy,1,114.275792,25.430673
dzf,1,384.980940,84.553307
dxb2,1,92.325387,19.903364
dyb2,1,93.951541,20.647705
cvz,1,134.351439,29.807125
dzb3,1,385.395743,84.606314
dxb3,1,92.276322,19.880639
dyb3,1,94.053853,20.666742
csxxsyyszz,1,211.545217,47.144166
dyf2,1,93.951882,20.661254
dxf2,1,92.712592,19.987084
csxy,1,94.298241,20.978657
dzf2,1,384.958541,84.579428
dyf3,1,93.620283,20.619128
csyz,1,113.736730,25.175130
dxf3,1,92.349161,19.917945
dzf3,1,385.091022,84.568648
csxz,1,113.688429,25.225114
dxf,2,92.342954,19.928518
dzb,2,384.596780,84.504429
dyb,2,93.854947,20.599061
cvx,2,114.633487,25.522503
dyf,2,93.720759,20.639037
dzb2,2,384.785837,84.506718
dxb,2,92.422376,19.925256
cvy,2,114.277848,25.456498
dzf,2,385.053278,84.568195
dxb2,2,92.387718,19.918275
dyb2,2,94.100263,20.655375
cvz,2,134.322166,29.796310
dzb3,2,384.492063,84.465857
dxb3,2,92.293625,19.894553
dyb3,2,94.030754,20.659585
csxxsyyszz,2,211.597608,47.154476
dyf2,2,93.885957,20.663434
dxf2,2,92.555966,19.960334
csxy,2,94.286423,20.988059
dzf2,2,384.862245,84.578586
dyf3,2,93.651129,20.622964
csyz,2,113.770289,25.191833
dxf3,2,92.282766,19.911479
dzf3,2,385.066612,84.592516
csxz,2,113.676229,25.228585
dxf,3,92.395562,19.944908
dzb,3,384.594757,84.519553
dyb,3,93.989235,20.632121
cvx,3,114.658215,25.543823
dyf,3,93.903239,20.671562
dzb2,3,384.724929,84.519256
dxb,3,92.403112,19.935479
cvy,3,114.203051,25.445867
dzf,3,385.015191,84.580473
dxb2,3,92.333425,19.912587
dyb2,3,94.130865,20.670917
cvz,3,134.356549,29.812952
dzb3,3,384.550618,84.482830
dxb3,3,92.263337,19.896613
dyb3,3,95.214527,20.871245
csxxsyyszz,3,211.544667,47.129271
dyf2,3,93.895893,20.675628
dxf2,3,92.653137,19.981043
csxy,3,94.349232,21.011008
dzf2,3,384.935997,84.612744
dyf3,3,95.595728,20.984863
csyz,3,113.728464,25.177009
dxf3,3,92.298950,19.912639
dzf3,3,385.087255,84.613593
csxz,3,113.682287,25.227087
dxf,4,92.367562,19.932600
dzb,4,384.714833,84.569986
dyb,4,93.603514,20.546217
cvx,4,114.609994,25.535304
dyf,4,93.947991,20.688460
dzb2,4,384.766085,84.532783
dxb,4,92.466751,19.943061
cvy,4,114.239497,25.454726
dzf,4,384.913523,84.593221
dxb2,4,92.282590,19.908250
dyb2,4,94.184021,20.687740
cvz,4,134.307871,29.800052
dzb3,4,384.415290,84.468909
dxb3,4,92.323780,19.910507
dyb3,4,94.103297,20.667313
csxxsyyszz,4,212.385161,47.291426
dyf2,4,93.917790,20.669328
dxf2,4,92.521358,19.956807
csxy,4,94.252771,20.989404
dzf2,4,384.901794,84.619810
dyf3,4,93.618104,20.615322
csyz,4,113.741466,25.193981
dxf3,4,92.401278,19.928940
dzf3,4,385.070590,84.592146
csxz,4,113.695514,25.257661
#========================= OptEWE [OpenMP] =========================
#Source type                                  :  Force monopole
#Grid Size                                    :  768 x 768 x 768
#Iterations                                   :  5
#Compute time                                 :  22.606009
#Total effective MLUPS                        :  100.191246
#===================================================================
#Number of threads                            :  24
