dxf,0,415.504192,57.063197
dzb,0,1009.423073,145.182566
dyb,0,432.812620,59.596875
cvx,0,500.320582,72.684145
dyf,0,416.024904,59.457720
dzb2,0,1009.235815,147.183963
dxb,0,432.265311,59.280355
cvy,0,1070.619398,143.474980
dzf,0,1002.428862,144.126477
dxb2,0,431.974709,59.256852
dyb2,0,433.364358,59.783110
cvz,0,621.594544,86.161807
dzb3,0,1003.496183,145.111785
dxb3,0,432.307816,59.304114
dyb3,0,526.499380,71.647290
csxxsyyszz,0,635.149061,92.166782
dyf2,0,416.251080,57.749857
dxf2,0,522.451655,71.026129
csxy,0,376.619795,53.065528
dzf2,0,1913.811927,258.811326
dyf3,0,433.411211,59.887713
csyz,0,496.004324,69.116159
dxf3,0,414.137063,57.044641
dzf3,0,1008.555421,145.589340
csxz,0,501.874788,69.460891
dxf,1,414.839999,57.039252
dzb,1,1009.242513,145.126524
dyb,1,432.737980,59.803465
cvx,1,500.612851,69.740379
dyf,1,416.309225,57.619486
dzb2,1,1009.439119,145.344128
dxb,1,432.248177,59.262444
cvy,1,655.444336,89.227346
dzf,1,1002.404204,143.910021
dxb2,1,431.859184,59.206222
dyb2,1,433.313525,59.737248
cvz,1,621.685818,86.039494
dzb3,1,1003.503808,144.628110
dxb3,1,432.184817,59.257864
dyb3,1,525.979982,71.517681
csxxsyyszz,1,636.873977,92.175652
dyf2,1,416.091185,57.596898
dxf2,1,523.169960,72.361255
csxy,1,375.856052,53.643730
dzf2,1,1913.070691,258.365685
dyf3,1,434.024348,59.867983
csyz,1,496.670276,68.927585
dxf3,1,414.885751,57.058258
dzf3,1,1008.313104,145.333605
csxz,1,500.846982,69.760151
dxf,2,414.972087,57.056167
dzb,2,1009.302885,144.874768
dyb,2,432.608828,59.570683
cvx,2,499.907769,70.014775
dyf,2,416.192847,57.546749
dzb2,2,1009.547968,145.186175
dxb,2,432.309023,59.413602
cvy,2,655.616793,89.213153
dzf,2,1002.456971,144.004088
dxb2,2,431.946458,59.388023
dyb2,2,434.808756,60.010712
cvz,2,622.123941,86.042530
dzb3,2,1003.539700,144.505345
dxb3,2,432.000510,59.263824
dyb3,2,526.125206,71.595873
csxxsyyszz,2,636.680498,92.175217
dyf2,2,416.536155,57.679294
dxf2,2,522.526503,70.970989
csxy,2,376.029143,53.104540
dzf2,2,1913.631787,258.564749
dyf3,2,433.342282,59.971831
csyz,2,496.787933,69.106018
dxf3,2,415.217359,57.212744
dzf3,2,1008.160446,145.363881
csxz,2,500.761113,69.880738
dxf,3,415.162415,57.222098
dzb,3,1009.803906,144.870525
dyb,3,432.705410,59.644302
cvx,3,499.774889,70.032077
dyf,3,416.463664,57.671872
dzb2,3,1009.811565,147.124098
dxb,3,432.299436,61.310816
cvy,3,653.022620,91.519622
dzf,3,1002.414322,145.622392
dxb2,3,432.009298,59.165613
dyb2,3,433.523953,59.710698
cvz,3,621.864018,85.873130
dzb3,3,1003.519724,144.680206
dxb3,3,432.264310,59.308604
dyb3,3,526.152475,71.630102
csxxsyyszz,3,636.435857,92.267236
dyf2,3,416.250437,57.727486
dxf2,3,522.667197,71.034236
csxy,3,376.106782,53.147593
dzf2,3,1911.944058,258.648520
dyf3,3,433.164599,59.949730
csyz,3,497.490591,69.098600
dxf3,3,414.276568,57.064853
dzf3,3,1008.198593,145.276922
csxz,3,500.851801,69.842260
dxf,4,414.533646,57.148469
dzb,4,1009.262969,145.738792
dyb,4,433.005531,59.914153
cvx,4,499.847010,70.165149
dyf,4,416.600866,58.444839
dzb2,4,1009.227087,145.270923
dxb,4,431.996997,59.402828
cvy,4,655.998364,89.628395
dzf,4,1002.378879,144.706217
dxb2,4,431.687978,59.338278
dyb2,4,433.410392,59.796933
cvz,4,622.718258,86.046513
dzb3,4,1004.011957,144.680265
dxb3,4,431.963638,59.311823
dyb3,4,525.915097,71.610648
csxxsyyszz,4,636.613618,92.267438
dyf2,4,416.730144,57.834890
dxf2,4,522.709722,71.054853
csxy,4,375.529958,53.123044
dzf2,4,1904.405073,260.735504
dyf3,4,433.662776,59.850571
csyz,4,497.766665,68.843422
dxf3,4,414.876074,57.068646
dzf3,4,1008.448408,145.014004
csxz,4,501.223797,69.579328
#========================= OptEWE [OpenMP] =========================
#Source type                                  :  Force monopole
#Grid Size                                    :  768 x 768 x 768
#Iterations                                   :  5
#Compute time                                 :  80.614204
#Total effective MLUPS                        :  28.095845
#===================================================================
#Number of threads                            :  13
