dxf,0,131.532986,26.595252
dzb,0,489.545027,102.880851
dyb,0,137.292870,27.983669
cvx,0,152.787191,32.255087
dyf,0,136.714013,27.954671
dzb2,0,489.479324,103.113403
dxb,0,131.828277,26.759033
cvy,0,749.711691,133.061593
dzf,0,489.115134,103.003560
dxb2,0,131.401641,26.695156
dyb2,0,137.380654,28.014287
cvz,0,177.452605,37.593061
dzb3,0,491.377834,103.559371
dxb3,0,131.575338,26.723396
dyb3,0,141.841922,28.990430
csxxsyyszz,0,351.473887,70.837917
dyf2,0,136.986114,28.006339
dxf2,0,134.014381,27.267738
csxy,0,125.773300,26.688326
dzf2,0,1024.116940,189.207097
dyf3,0,136.679775,27.931576
csyz,0,150.371174,31.792868
dxf3,0,131.152587,26.655407
dzf3,0,489.562960,103.243192
csxz,0,150.349431,31.879642
dxf,1,131.045101,26.662258
dzb,1,489.493266,102.772025
dyb,1,137.289420,27.934322
cvx,1,152.874381,32.075079
dyf,1,136.711826,27.872618
dzb2,1,489.686133,102.490133
dxb,1,131.700681,26.623713
cvy,1,144.318655,30.551319
dzf,1,489.113771,102.393998
dxb2,1,131.512909,26.617273
dyb2,1,137.295414,27.927887
cvz,1,177.447380,37.313391
dzb3,1,489.191157,102.444198
dxb3,1,131.591409,26.625740
dyb3,1,141.658911,28.884548
csxxsyyszz,1,351.260533,70.606351
dyf2,1,136.811653,27.891608
dxf2,1,133.523210,27.048587
csxy,1,125.732328,26.466159
dzf2,1,1023.118557,188.999813
dyf3,1,136.798730,27.860845
csyz,1,150.334330,31.538065
dxf3,1,131.362245,26.572334
dzf3,1,489.477774,102.435558
csxz,1,150.339205,31.623653
dxf,2,131.080650,26.536809
dzb,2,491.028435,102.845181
dyb,2,137.403834,27.913242
cvx,2,152.722286,32.056804
dyf,2,136.817801,27.880716
dzb2,2,490.303671,102.587943
dxb,2,131.729366,26.624559
cvy,2,144.081942,30.519466
dzf,2,489.053829,102.400000
dxb2,2,131.443104,26.591162
dyb2,2,137.343742,27.947104
cvz,2,177.372895,37.287943
dzb3,2,489.229213,102.397365
dxb3,2,131.561946,26.626826
dyb3,2,141.747486,28.870641
csxxsyyszz,2,351.205406,70.569029
dyf2,2,136.835006,27.870340
dxf2,2,133.410503,27.035267
csxy,2,125.716965,26.447211
dzf2,2,1022.553893,189.378674
dyf3,2,136.711487,27.859051
csyz,2,150.332488,31.544601
dxf3,2,131.326680,26.554402
dzf3,2,489.368744,102.341105
csxz,2,150.391800,31.640653
dxf,3,131.133916,26.548825
dzb,3,489.419276,102.447363
dyb,3,137.286335,27.908262
cvx,3,152.723484,32.066352
dyf,3,136.730553,27.901702
dzb2,3,489.639669,102.390408
dxb,3,131.822158,26.653969
cvy,3,144.265568,30.568490
dzf,3,489.025205,102.423762
dxb2,3,131.304996,26.586052
dyb2,3,137.408968,27.942830
cvz,3,177.372301,37.323863
dzb3,3,489.283937,102.455904
dxb3,3,131.456798,26.595909
dyb3,3,142.253668,29.157185
csxxsyyszz,3,348.997087,70.235911
dyf2,3,136.904931,27.924637
dxf2,3,135.060218,27.356594
csxy,3,125.714574,26.455988
dzf2,3,1022.737919,189.927745
dyf3,3,136.665962,27.858935
csyz,3,150.388462,31.554244
dxf3,3,131.309562,26.585249
dzf3,3,489.642085,102.547355
csxz,3,150.309019,31.632878
dxf,4,131.067497,26.559275
dzb,4,489.447682,102.444836
dyb,4,137.139993,27.911564
cvx,4,152.759187,32.115758
dyf,4,136.829013,27.919315
dzb2,4,489.478668,102.549143
dxb,4,131.806435,26.703933
cvy,4,144.481835,30.620871
dzf,4,489.076689,102.490575
dxb2,4,131.400893,26.595836
dyb2,4,137.435033,27.965557
cvz,4,177.501552,37.353044
dzb3,4,489.209943,102.448256
dxb3,4,131.420031,26.612061
dyb3,4,142.159745,28.972822
csxxsyyszz,4,351.450441,70.658960
dyf2,4,138.762041,28.247491
dxf2,4,133.586438,27.074012
csxy,4,125.709882,26.471580
dzf2,4,1024.054846,189.150211
dyf3,4,136.701292,27.864527
csyz,4,150.395770,31.530052
dxf3,4,131.263411,26.568010
dzf3,4,489.379855,102.427774
csxz,4,150.397052,31.678892
#========================= OptEWE [OpenMP] =========================
#Source type                                  :  Force monopole
#Grid Size                                    :  768 x 768 x 768
#Iterations                                   :  5
#Compute time                                 :  32.312172
#Total effective MLUPS                        :  70.095077
#===================================================================
#Number of threads                            :  15
