dxf,0,142.343310,24.203799
dzb,0,569.606802,98.449076
dyb,0,148.724280,25.535338
cvx,0,173.692517,30.256987
dyf,0,148.569664,25.568219
dzb2,0,569.279261,98.544506
dxb,0,142.571871,24.290187
cvy,0,893.059586,132.630695
dzf,0,568.555302,98.372159
dxb2,0,142.400477,24.256783
dyb2,0,148.681708,25.532985
cvz,0,202.956143,35.334017
dzb3,0,569.054792,98.464664
dxb3,0,141.779987,24.173115
dyb3,0,157.348650,26.929008
csxxsyyszz,0,395.527860,66.830508
dyf2,0,148.827600,25.581851
dxf2,0,148.231957,25.214008
csxy,0,141.758019,24.804183
dzf2,0,1186.599628,183.707816
dyf3,0,148.577717,25.576663
csyz,0,170.847631,29.752071
dxf3,0,141.728032,24.197707
dzf3,0,568.604315,98.533265
csxz,0,170.898394,29.786993
dxf,1,144.172731,24.542197
dzb,1,569.502065,98.440200
dyb,1,148.756838,25.553449
cvx,1,174.158355,30.338310
dyf,1,148.625445,25.597017
dzb2,1,569.342935,98.360221
dxb,1,142.587166,24.299229
cvy,1,169.287519,29.655138
dzf,1,568.514175,98.498569
dxb2,1,142.442989,24.288013
dyb2,1,148.686505,25.556607
cvz,1,203.089387,35.373836
dzb3,1,569.275660,98.585631
dxb3,1,141.997290,24.216743
dyb3,1,157.404856,26.970925
csxxsyyszz,1,393.319787,66.575969
dyf2,1,148.718446,25.586760
dxf2,1,148.114807,25.218273
csxy,1,141.694909,24.813949
dzf2,1,1186.889523,183.332965
dyf3,1,148.530614,25.571525
csyz,1,170.905558,29.761538
dxf3,1,141.776529,24.192355
dzf3,1,568.476508,98.480200
csxz,1,170.942850,29.804804
dxf,2,141.863887,24.205897
dzb,2,569.712353,98.367794
dyb,2,148.861074,25.588225
cvx,2,173.956824,30.340803
dyf,2,148.522539,25.598354
dzb2,2,569.300819,98.587246
dxb,2,142.444590,24.285071
cvy,2,169.131661,29.646381
dzf,2,569.404671,98.640756
dxb2,2,142.523766,24.401874
dyb2,2,151.798908,26.049014
cvz,2,203.057101,35.397804
dzb3,2,569.215370,98.482854
dxb3,2,141.860595,24.217116
dyb3,2,157.154004,26.946228
csxxsyyszz,2,395.406036,66.896201
dyf2,2,148.724069,25.619703
dxf2,2,148.785059,25.313297
csxy,2,141.775065,24.821541
dzf2,2,1187.057995,183.381237
dyf3,2,148.451248,25.540294
csyz,2,170.930601,29.766023
dxf3,2,141.754668,24.202378
dzf3,2,568.514271,98.570897
csxz,2,170.924375,29.833135
dxf,3,141.844005,24.232014
dzb,3,569.573391,98.277841
dyb,3,148.721456,25.550098
cvx,3,173.787031,30.322112
dyf,3,148.407349,25.572441
dzb2,3,569.400576,98.661735
dxb,3,142.349276,24.283031
cvy,3,169.048056,29.650262
dzf,3,568.452627,98.576913
dxb2,3,142.232315,24.278759
dyb2,3,148.812889,25.590360
cvz,3,203.135123,35.401868
dzb3,3,569.405448,98.401062
dxb3,3,142.009667,24.239151
dyb3,3,157.221864,26.948593
csxxsyyszz,3,393.517871,66.607506
dyf2,3,148.731737,25.607142
dxf2,3,148.189317,25.238616
csxy,3,141.690432,24.824931
dzf2,3,1187.672243,183.366875
dyf3,3,148.441929,25.549082
csyz,3,170.897752,29.752105
dxf3,3,141.766849,24.194668
dzf3,3,568.483243,98.507921
csxz,3,170.889840,29.801647
dxf,4,141.880781,24.224406
dzb,4,569.450457,98.443371
dyb,4,148.530138,25.555971
cvx,4,173.580424,30.287551
dyf,4,148.653402,25.620661
dzb2,4,569.410424,98.644121
dxb,4,142.386065,24.310195
cvy,4,169.530335,29.715395
dzf,4,568.511518,98.560820
dxb2,4,142.320799,24.291639
dyb2,4,148.948424,25.625955
cvz,4,203.178562,35.402005
dzb3,4,569.507705,98.319992
dxb3,4,141.981136,24.219201
dyb3,4,157.202865,26.923585
csxxsyyszz,4,393.512752,66.596179
dyf2,4,148.570780,25.585745
dxf2,4,148.057659,25.208666
csxy,4,141.781273,24.840599
dzf2,4,1187.999729,183.312400
dyf3,4,148.543154,25.547689
csyz,4,170.874417,29.768657
dxf3,4,141.666341,24.212065
dzf3,4,568.526925,98.542296
csxz,4,170.874831,29.886285
#========================= OptEWE [OpenMP] =========================
#Source type                                  :  Force monopole
#Grid Size                                    :  768 x 768 x 768
#Iterations                                   :  5
#Compute time                                 :  36.809223
#Total effective MLUPS                        :  61.531431
#===================================================================
#Number of threads                            :  15
