dxf,0,264.079890,39.881895
dzb,0,897.190742,139.203781
dyb,0,350.870408,51.890443
cvx,0,482.417979,71.673455
dyf,0,351.976756,52.871918
dzb2,0,892.378645,141.750950
dxb,0,276.077761,41.496200
cvy,0,1315.277793,183.889588
dzf,0,894.141709,138.847430
dxb2,0,276.461441,41.544919
dyb2,0,350.951983,52.027010
cvz,0,492.039596,75.073512
dzb3,0,896.450218,139.366934
dxb3,0,278.093069,41.903038
dyb3,0,356.061051,53.715364
csxxsyyszz,0,1330.137015,192.117416
dyf2,0,352.440539,52.202267
dxf2,0,269.392553,41.467813
csxy,0,208.435737,34.005793
dzf2,0,1706.432493,255.920658
dyf3,0,352.347004,52.208693
csyz,0,272.805118,43.989451
dxf3,0,265.536911,40.189060
dzf3,0,894.896784,139.074797
csxz,0,270.490673,43.724145
dxf,1,263.510905,39.915065
dzb,1,895.416680,139.129606
dyb,1,350.061292,51.890245
cvx,1,482.714967,71.798863
dyf,1,352.817211,52.232768
dzb2,1,896.204991,139.267183
dxb,1,275.964829,41.545657
cvy,1,481.653515,72.920520
dzf,1,893.886724,138.991642
dxb2,1,276.212709,41.575476
dyb2,1,350.057103,51.877691
cvz,1,491.738602,75.048984
dzb3,1,894.982916,139.123393
dxb3,1,276.545529,41.586403
dyb3,1,356.307382,53.789848
csxxsyyszz,1,1330.038411,192.144613
dyf2,1,352.372243,52.158058
dxf2,1,269.258197,41.438935
csxy,1,208.616751,34.020921
dzf2,1,1706.321664,255.775538
dyf3,1,353.752419,52.380393
csyz,1,272.854957,43.956783
dxf3,1,265.293005,40.193876
dzf3,1,894.666983,140.831039
csxz,1,268.646984,44.422395
dxf,2,263.938413,41.646244
dzb,2,893.715070,140.601348
dyb,2,350.795515,51.959217
cvx,2,482.316091,71.678248
dyf,2,352.766266,52.173656
dzb2,2,894.910447,138.919362
dxb,2,276.471397,41.565683
cvy,2,479.828391,72.625292
dzf,2,894.146158,138.759680
dxb2,2,276.340336,41.544240
dyb2,2,351.080701,51.967277
cvz,2,491.739330,74.988625
dzb3,2,894.764846,138.890394
dxb3,2,276.347573,41.538742
dyb3,2,355.871722,53.670090
csxxsyyszz,2,1329.520764,191.978273
dyf2,2,352.165491,52.033320
dxf2,2,270.985077,41.633942
csxy,2,208.532744,33.977679
dzf2,2,1708.531232,255.885392
dyf3,2,352.063694,52.110398
csyz,2,272.698575,43.906336
dxf3,2,265.195760,40.081309
dzf3,2,895.073529,138.947689
csxz,2,270.237176,43.630511
dxf,3,263.374100,39.866141
dzb,3,895.874489,139.112476
dyb,3,351.167145,51.987161
cvx,3,482.265546,71.687177
dyf,3,352.384055,52.279135
dzb2,3,894.807906,138.987333
dxb,3,276.531579,41.584927
cvy,3,479.839396,72.619226
dzf,3,894.029205,138.841560
dxb2,3,275.998884,41.561620
dyb2,3,350.343500,51.942155
cvz,3,493.308711,75.329484
dzb3,3,895.382150,139.061229
dxb3,3,276.232679,41.565316
dyb3,3,355.747592,53.654981
csxxsyyszz,3,1329.595834,192.195021
dyf2,3,353.678994,52.409871
dxf2,3,269.381208,41.455133
csxy,3,208.533327,33.981250
dzf2,3,1704.844541,256.381980
dyf3,3,352.183141,52.411615
csyz,3,272.835794,43.925939
dxf3,3,265.200311,40.192993
dzf3,3,894.439324,139.111890
csxz,3,270.622579,43.694726
dxf,4,263.841766,39.914778
dzb,4,896.146459,139.067107
dyb,4,350.531661,51.883415
cvx,4,482.404494,71.706212
dyf,4,352.395832,52.123598
dzb2,4,896.987729,139.265457
dxb,4,278.080497,41.800091
cvy,4,480.023933,72.649678
dzf,4,894.337835,138.940894
dxb2,4,276.295486,41.598123
dyb2,4,351.118390,51.975964
cvz,4,492.012984,75.020898
dzb3,4,895.233341,139.319562
dxb3,4,276.243890,41.659167
dyb3,4,355.785345,53.663167
csxxsyyszz,4,1351.716837,195.402003
dyf2,4,352.219125,52.236881
dxf2,4,269.475977,41.477547
csxy,4,208.574607,33.998157
dzf2,4,1706.277395,255.998795
dyf3,4,352.193197,52.126333
csyz,4,272.953958,43.967751
dxf3,4,265.505536,40.238009
dzf3,4,896.062827,139.543322
csxz,4,271.729853,43.903366
#========================= OptEWE [OpenMP] =========================
#Source type                                  :  Force monopole
#Grid Size                                    :  768 x 768 x 768
#Iterations                                   :  5
#Compute time                                 :  68.164543
#Total effective MLUPS                        :  33.227306
#===================================================================
#Number of threads                            :  4
