dxf,0,105.312149,20.472263
dzb,0,394.058894,79.600765
dyb,0,117.261507,22.805022
cvx,0,131.043724,25.893820
dyf,0,117.655557,22.918733
dzb2,0,394.110157,79.777572
dxb,0,105.203624,20.505734
cvy,0,926.853582,149.966254
dzf,0,393.451081,79.646450
dxb2,0,105.345766,20.549069
dyb2,0,117.411812,22.871870
cvz,0,143.104682,28.918248
dzb3,0,393.815073,79.716020
dxb3,0,105.293423,20.550299
dyb3,0,117.401363,22.875877
csxxsyyszz,0,348.110749,65.096833
dyf2,0,117.612550,22.939018
dxf2,0,104.784193,20.477772
csxy,0,100.758635,20.516236
dzf2,0,393.485465,79.698487
dyf3,0,117.573103,22.908353
csyz,0,120.584775,24.543325
dxf3,0,104.807262,20.472887
dzf3,0,393.541592,79.688932
csxz,0,120.579149,24.596045
dxf,1,104.580908,20.446554
dzb,1,394.059022,79.813369
dyb,1,117.197358,22.844620
cvx,1,130.935680,25.901581
dyf,1,117.441833,22.905598
dzb2,1,393.901819,79.790795
dxb,1,105.196755,20.518405
cvy,1,132.658347,26.156835
dzf,1,393.505013,79.670692
dxb2,1,105.319089,20.559983
dyb2,1,117.281166,22.864653
cvz,1,143.026231,28.897586
dzb3,1,393.795431,79.728868
dxb3,1,105.281190,20.542254
dyb3,1,117.442323,22.891260
csxxsyyszz,1,347.813314,65.053546
dyf2,1,117.575116,22.930976
dxf2,1,104.724617,20.469093
csxy,1,100.722612,20.512233
dzf2,1,393.731166,79.740901
dyf3,1,117.491642,22.923705
csyz,1,120.495633,24.530367
dxf3,1,104.904745,20.511351
dzf3,1,393.508710,79.715025
csxz,1,120.482372,24.579514
dxf,2,104.486886,20.442095
dzb,2,393.916097,79.799047
dyb,2,117.200048,22.855363
cvx,2,131.067575,25.939184
dyf,2,117.608727,22.932589
dzb2,2,393.847055,79.806623
dxb,2,105.201595,20.561135
cvy,2,129.324265,25.647173
dzf,2,393.333086,79.731602
dxb2,2,105.424753,20.562137
dyb2,2,117.505104,22.903250
cvz,2,143.092578,28.908771
dzb3,2,393.832243,79.813467
dxb3,2,105.300448,20.547733
dyb3,2,117.467897,22.895011
csxxsyyszz,2,347.898286,65.081525
dyf2,2,117.592861,22.931348
dxf2,2,104.653651,20.492492
csxy,2,100.759030,20.532245
dzf2,2,393.494375,79.739018
dyf3,2,117.635268,22.967791
csyz,2,120.528099,24.532901
dxf3,2,104.685108,20.479147
dzf3,2,393.372567,79.702010
csxz,2,120.524880,24.605351
dxf,3,104.474046,20.434655
dzb,3,394.009041,79.840184
dyb,3,117.194284,22.862364
cvx,3,132.735935,26.350806
dyf,3,117.642371,23.157010
dzb2,3,394.004925,80.476126
dxb,3,105.324267,20.732761
cvy,3,129.374066,25.869998
dzf,3,395.266163,80.321915
dxb2,3,105.455603,20.573451
dyb2,3,117.292353,22.887779
cvz,3,143.092574,28.922216
dzb3,3,393.883106,79.761576
dxb3,3,105.325057,20.563609
dyb3,3,117.329105,22.859579
csxxsyyszz,3,347.888163,65.071283
dyf2,3,117.798290,22.974007
dxf2,3,104.698156,20.459970
csxy,3,100.688057,20.511736
dzf2,3,394.835653,79.944870
dyf3,3,117.738800,22.975514
csyz,3,120.541450,24.538830
dxf3,3,104.700377,20.478554
dzf3,3,393.575929,79.762893
csxz,3,120.494392,24.583201
dxf,4,104.496216,20.456736
dzb,4,394.057662,79.815084
dyb,4,117.449483,22.876864
cvx,4,131.068729,25.938796
dyf,4,117.488432,22.934679
dzb2,4,394.089252,79.843252
dxb,4,105.277461,20.549397
cvy,4,129.244370,25.642058
dzf,4,393.318948,79.763836
dxb2,4,105.405773,20.582447
dyb2,4,117.559584,22.941530
cvz,4,143.185372,28.937022
dzb3,4,393.854318,79.789274
dxb3,4,105.199133,20.534968
dyb3,4,117.508541,22.902809
csxxsyyszz,4,346.420745,64.864296
dyf2,4,117.578631,22.929561
dxf2,4,104.654362,20.479056
csxy,4,100.687045,20.532630
dzf2,4,393.563536,79.760132
dyf3,4,117.508868,22.934225
csyz,4,120.477844,24.532300
dxf3,4,104.680070,20.474458
dzf3,4,393.564418,79.772765
csxz,4,120.484428,24.651594
#========================= OptEWE [OpenMP] =========================
#Source type                                  :  Force monopole
#Grid Size                                    :  768 x 768 x 768
#Iterations                                   :  5
#Compute time                                 :  24.756607
#Total effective MLUPS                        :  91.487665
#===================================================================
#Number of threads                            :  19
