dxf,0,186.388572,27.963614
dzb,0,828.877847,127.066846
dyb,0,389.353037,56.241970
cvx,0,337.441980,50.944281
dyf,0,190.092156,28.980514
dzb2,0,829.224840,127.170008
dxb,0,387.642317,55.677368
cvy,0,937.184707,129.538959
dzf,0,770.503811,117.322926
dxb2,0,345.154438,49.965580
dyb2,0,389.145609,56.251444
cvz,0,447.641567,66.705197
dzb3,0,771.116808,117.500168
dxb3,0,345.226930,49.996469
dyb3,0,473.437045,67.342680
csxxsyyszz,0,491.144073,76.671398
dyf2,0,190.380981,29.010789
dxf2,0,423.503431,60.490115
csxy,0,228.389499,35.279846
dzf2,0,1459.811651,211.450115
dyf3,0,347.714342,50.793691
csyz,0,335.505908,50.475220
dxf3,0,185.963012,27.994767
dzf3,0,828.636763,127.242288
csxz,0,337.320289,50.770060
dxf,1,185.647511,28.004604
dzb,1,828.767491,127.610220
dyb,1,389.230036,56.313049
cvx,1,337.314070,51.042881
dyf,1,190.335266,29.089077
dzb2,1,828.516010,127.547042
dxb,1,387.374946,55.677056
cvy,1,473.448471,69.322074
dzf,1,770.940606,117.878264
dxb2,1,345.441086,50.061206
dyb2,1,389.029194,56.258868
cvz,1,447.851124,66.748767
dzb3,1,770.795790,117.400583
dxb3,1,345.092450,50.000240
dyb3,1,473.550134,67.377708
csxxsyyszz,1,491.229616,76.685251
dyf2,1,190.642975,29.027254
dxf2,1,423.428697,60.476327
csxy,1,228.375248,35.292043
dzf2,1,1459.602617,211.479155
dyf3,1,348.097452,50.851566
csyz,1,333.064720,51.100205
dxf3,1,185.754358,28.958557
dzf3,1,827.961720,128.283252
csxz,1,337.642566,50.812590
dxf,2,185.730953,27.979324
dzb,2,828.599046,127.253094
dyb,2,389.537471,56.352173
cvx,2,337.576669,51.016646
dyf,2,190.151967,28.988518
dzb2,2,829.210273,127.559179
dxb,2,387.311410,55.663319
cvy,2,473.488062,69.311299
dzf,2,770.942887,117.807710
dxb2,2,345.386594,50.151974
dyb2,2,389.075154,56.278202
cvz,2,447.712086,66.767556
dzb3,2,770.294515,117.800055
dxb3,2,345.204555,50.136608
dyb3,2,473.215028,67.356927
csxxsyyszz,2,491.464962,76.753392
dyf2,2,190.327363,29.130370
dxf2,2,423.655837,60.746514
csxy,2,228.384269,35.441266
dzf2,2,1458.878486,211.675519
dyf3,2,347.470776,50.925624
csyz,2,335.338936,50.628715
dxf3,2,185.870500,28.064705
dzf3,2,829.307606,127.531863
csxz,2,337.370967,50.948364
dxf,3,185.746408,28.148278
dzb,3,828.893523,127.479951
dyb,3,389.342874,56.331614
cvx,3,337.325824,51.031724
dyf,3,190.086178,29.116103
dzb2,3,829.403163,127.904868
dxb,3,387.384084,55.670652
cvy,3,473.366938,69.319977
dzf,3,770.148143,117.928308
dxb2,3,345.398131,50.183013
dyb2,3,389.340842,56.343020
cvz,3,447.494688,66.749711
dzb3,3,770.323243,117.824155
dxb3,3,345.142714,50.152368
dyb3,3,473.147150,67.352620
csxxsyyszz,3,491.400836,76.752722
dyf2,3,190.237285,29.191514
dxf2,3,423.128292,60.682445
csxy,3,228.091682,35.411853
dzf2,3,1458.642551,211.673131
dyf3,3,348.301671,51.080180
csyz,3,335.903426,50.719672
dxf3,3,185.882582,28.003036
dzf3,3,828.855990,128.912818
csxz,3,337.542271,50.781068
dxf,4,185.770595,27.974741
dzb,4,828.835964,127.715255
dyb,4,388.993680,56.298605
cvx,4,337.040232,50.984418
dyf,4,190.417890,29.052612
dzb2,4,828.452147,127.567903
dxb,4,387.583850,55.728130
cvy,4,473.390857,69.369449
dzf,4,770.170779,117.859570
dxb2,4,345.186685,50.182010
dyb2,4,388.974901,56.315336
cvz,4,447.949435,66.868299
dzb3,4,770.337255,117.941549
dxb3,4,345.121065,50.204298
dyb3,4,473.238231,67.444043
csxxsyyszz,4,490.770203,76.745685
dyf2,4,190.216666,29.112189
dxf2,4,423.584234,60.756803
csxy,4,228.166641,35.407494
dzf2,4,1453.004176,211.599595
dyf3,4,348.496175,51.091778
csyz,4,335.333487,50.650903
dxf3,4,185.805415,28.119960
dzf3,4,828.562200,127.416392
csxz,4,337.232749,50.956143
#========================= OptEWE [OpenMP] =========================
#Source type                                  :  Force monopole
#Grid Size                                    :  768 x 768 x 768
#Iterations                                   :  5
#Compute time                                 :  60.411205
#Total effective MLUPS                        :  37.491789
#===================================================================
#Number of threads                            :  11
