dxf,0,109.857216,21.700264
dzb,0,444.364274,89.865947
dyb,0,109.950852,22.198556
cvx,0,134.286182,27.418201
dyf,0,110.053309,22.280022
dzb2,0,443.911410,90.015256
dxb,0,108.745867,21.640056
cvy,0,963.926881,163.412073
dzf,0,442.808465,89.843741
dxb2,0,108.158497,21.552424
dyb2,0,110.301939,22.316322
cvz,0,156.719068,31.993379
dzb3,0,443.642154,89.919782
dxb3,0,108.277645,21.573705
dyb3,0,110.120703,22.295878
csxxsyyszz,0,257.518212,52.377488
dyf2,0,110.378440,22.361489
dxf2,0,108.460528,21.630603
csxy,0,110.639954,22.656123
dzf2,0,442.609150,89.861991
dyf3,0,110.132477,22.342880
csyz,0,133.037494,27.140141
dxf3,0,108.417874,21.617415
dzf3,0,443.014500,89.957452
csxz,0,132.772907,27.142150
dxf,1,108.274163,21.596881
dzb,1,443.850179,90.073906
dyb,1,110.123152,22.297848
cvx,1,134.170376,27.420207
dyf,1,110.176905,22.320906
dzb2,1,443.777903,90.059737
dxb,1,108.666541,21.667861
cvy,1,133.686507,27.354610
dzf,1,442.836944,89.971823
dxb2,1,108.208707,21.591571
dyb2,1,110.311381,22.332514
cvz,1,156.828081,32.052110
dzb3,1,444.152452,90.090123
dxb3,1,108.345984,21.617978
dyb3,1,110.308228,22.336800
csxxsyyszz,1,258.224748,52.964750
dyf2,1,110.344129,22.444315
dxf2,1,108.361201,21.722972
csxy,1,110.673731,22.763091
dzf2,1,442.837341,90.301039
dyf3,1,110.174080,22.395463
csyz,1,133.040233,27.173713
dxf3,1,109.185033,21.764954
dzf3,1,442.911108,90.018189
csxz,1,132.741424,27.169024
dxf,2,108.287083,21.632928
dzb,2,444.198134,90.399920
dyb,2,110.174057,22.301024
cvx,2,134.291519,27.472489
dyf,2,110.219364,22.370594
dzb2,2,443.950496,90.213607
dxb,2,108.650789,21.685956
cvy,2,133.730698,27.376778
dzf,2,442.755294,90.037378
dxb2,2,108.269863,21.609188
dyb2,2,110.193675,22.323688
cvz,2,156.741916,32.061905
dzb3,2,443.474278,90.014688
dxb3,2,108.265645,21.616712
dyb3,2,110.122085,22.326023
csxxsyyszz,2,257.804893,52.506345
dyf2,2,110.172659,22.365172
dxf2,2,108.502422,21.684085
csxy,2,110.724968,22.704549
dzf2,2,442.914878,90.031799
dyf3,2,110.761281,22.457096
csyz,2,132.954297,27.144008
dxf3,2,108.331432,21.602887
dzf3,2,442.958360,89.934138
csxz,2,132.806347,27.141305
dxf,3,108.404209,21.629965
dzb,3,443.901430,90.128073
dyb,3,110.008247,22.275564
cvx,3,134.186886,27.461321
dyf,3,110.155503,22.365255
dzb2,3,443.954808,90.175699
dxb,3,108.644316,21.676639
cvy,3,133.750877,27.380538
dzf,3,442.967531,90.017934
dxb2,3,108.293103,21.612226
dyb2,3,110.169797,22.315900
cvz,3,156.696728,32.035058
dzb3,3,444.075349,90.125388
dxb3,3,108.406682,21.625531
dyb3,3,110.262968,22.341664
csxxsyyszz,3,254.465686,51.903792
dyf2,3,110.341481,22.364838
dxf2,3,108.512341,21.667694
csxy,3,110.699494,22.685118
dzf2,3,442.893576,89.979464
dyf3,3,110.623276,22.428375
csyz,3,132.950098,27.157041
dxf3,3,109.139594,21.765482
dzf3,3,443.004861,90.015350
csxz,3,132.749916,27.165808
dxf,4,108.309008,21.627216
dzb,4,443.860268,90.131934
dyb,4,110.187248,22.329765
cvx,4,134.158477,27.457233
dyf,4,110.044726,22.322621
dzb2,4,443.912905,90.183274
dxb,4,108.604491,21.672396
cvy,4,133.681839,27.371480
dzf,4,442.870585,90.017060
dxb2,4,108.271256,21.607497
dyb2,4,110.179122,22.325044
cvz,4,156.849916,32.077792
dzb3,4,443.621108,90.051344
dxb3,4,108.299461,21.615341
dyb3,4,110.273527,22.346757
csxxsyyszz,4,257.463853,52.407934
dyf2,4,110.390028,22.399935
dxf2,4,108.514402,21.672545
csxy,4,110.740107,22.699002
dzf2,4,442.662066,89.961467
dyf3,4,110.132125,22.357804
csyz,4,132.954790,27.167549
dxf3,4,108.139110,21.588990
dzf3,4,443.028036,90.023295
csxz,4,132.788243,27.237427
#========================= OptEWE [OpenMP] =========================
#Source type                                  :  Force monopole
#Grid Size                                    :  768 x 768 x 768
#Iterations                                   :  5
#Compute time                                 :  25.985241
#Total effective MLUPS                        :  87.161946
#===================================================================
#Number of threads                            :  20
