dxf,0,167.477544,26.175055
dzb,0,665.372500,108.577168
dyb,0,330.876455,49.942909
cvx,0,297.490682,46.886371
dyf,0,184.134596,30.124568
dzb2,0,665.464730,108.711817
dxb,0,327.614551,49.176661
cvy,0,965.032870,136.411933
dzf,0,632.014655,102.060645
dxb2,0,292.659931,44.352910
dyb2,0,330.934280,50.017924
cvz,0,388.706748,60.321430
dzb3,0,631.160814,102.097987
dxb3,0,292.755349,44.382805
dyb3,0,403.740222,59.887134
csxxsyyszz,0,530.685768,83.982891
dyf2,0,183.935809,28.918188
dxf2,0,361.236244,53.775188
csxy,0,199.086063,32.181989
dzf2,0,1277.893011,192.723047
dyf3,0,299.441016,45.734889
csyz,0,292.305577,45.962441
dxf3,0,167.155664,26.256791
dzf3,0,665.387307,108.977744
csxz,0,293.968782,46.262339
dxf,1,167.083715,26.260814
dzb,1,666.485427,109.038460
dyb,1,330.770587,50.030794
cvx,1,297.427530,46.751454
dyf,1,184.078794,28.939462
dzb2,1,665.324353,108.861450
dxb,1,327.634292,49.254935
cvy,1,409.570654,62.330598
dzf,1,630.966802,102.111666
dxb2,1,292.623507,44.385088
dyb2,1,330.873799,50.044038
cvz,1,388.878647,60.402325
dzb3,1,632.117468,102.312796
dxb3,1,292.791479,44.421769
dyb3,1,403.705678,59.893349
csxxsyyszz,1,530.644811,84.008702
dyf2,1,184.091296,28.951077
dxf2,1,361.297511,53.807076
csxy,1,198.479584,32.128510
dzf2,1,1278.244749,192.726848
dyf3,1,299.892072,45.801912
csyz,1,291.236510,45.799922
dxf3,1,167.238579,26.229366
dzf3,1,665.564702,108.873585
csxz,1,294.051378,46.258577
dxf,2,167.106468,26.257345
dzb,2,666.438232,109.146343
dyb,2,330.409301,50.001649
cvx,2,297.071221,46.719540
dyf,2,184.043744,28.929499
dzb2,2,665.325960,108.946999
dxb,2,328.255378,49.350335
cvy,2,409.936581,62.363970
dzf,2,631.202629,102.170688
dxb2,2,292.664386,44.413562
dyb2,2,330.877986,50.072701
cvz,2,388.931921,60.432166
dzb3,2,631.649334,102.618192
dxb3,2,292.352882,45.337194
dyb3,2,402.349046,60.891020
csxxsyyszz,2,530.141703,85.123242
dyf2,2,184.091508,28.967441
dxf2,2,361.007839,53.802101
csxy,2,198.727707,32.190658
dzf2,2,1278.685983,192.917372
dyf3,2,299.414597,45.748386
csyz,2,291.760040,45.921710
dxf3,2,167.160167,26.256757
dzf3,2,665.609829,109.058347
csxz,2,293.850403,46.265002
dxf,3,168.528950,26.450990
dzb,3,665.481328,108.943631
dyb,3,330.674031,50.045945
cvx,3,297.845027,46.838246
dyf,3,184.000439,28.940746
dzb2,3,665.534312,109.010177
dxb,3,328.234604,49.408756
cvy,3,410.296525,62.672046
dzf,3,631.180407,102.244119
dxb2,3,293.066089,44.476379
dyb2,3,330.829629,50.074725
cvz,3,388.866609,60.422017
dzb3,3,631.298817,102.231386
dxb3,3,292.306912,44.353720
dyb3,3,403.461817,59.910965
csxxsyyszz,3,530.874429,84.095572
dyf2,3,184.153604,28.926100
dxf2,3,361.035837,53.809630
csxy,3,198.692280,32.166292
dzf2,3,1279.412113,193.021185
dyf3,3,301.015731,45.985492
csyz,3,291.370874,45.851383
dxf3,3,167.240637,26.316278
dzf3,3,665.604606,108.944977
csxz,3,294.399452,46.351626
dxf,4,167.202519,26.249434
dzb,4,665.381942,108.948559
dyb,4,330.670400,50.045893
cvx,4,297.502235,46.785957
dyf,4,184.174148,28.968687
dzb2,4,666.514533,109.218581
dxb,4,327.707887,49.278201
cvy,4,409.567314,62.344290
dzf,4,631.153269,102.135902
dxb2,4,292.455097,44.383417
dyb2,4,330.430386,50.015166
cvz,4,388.836137,60.429870
dzb3,4,631.174911,102.189883
dxb3,4,292.518047,44.387001
dyb3,4,403.358261,59.873428
csxxsyyszz,4,530.572599,84.028685
dyf2,4,184.054529,28.973002
dxf2,4,360.952225,53.762811
csxy,4,198.497944,32.140042
dzf2,4,1278.776935,192.997281
dyf3,4,299.727292,45.817946
csyz,4,291.729723,45.910964
dxf3,4,167.196070,26.272289
dzf3,4,666.976787,110.339600
csxz,4,293.931703,46.276123
#========================= OptEWE [OpenMP] =========================
#Source type                                  :  Force monopole
#Grid Size                                    :  768 x 768 x 768
#Iterations                                   :  5
#Compute time                                 :  52.013634
#Total effective MLUPS                        :  43.544817
#===================================================================
#Number of threads                            :  11
