dxf,0,123.737632,22.793090
dzb,0,465.447524,88.680957
dyb,0,138.574227,25.522526
cvx,0,153.735167,28.761617
dyf,0,138.684463,25.550011
dzb2,0,465.333608,88.796013
dxb,0,124.423185,22.944968
cvy,0,925.638116,145.113866
dzf,0,464.919878,88.723621
dxb2,0,124.294194,22.968531
dyb2,0,138.374547,25.512065
cvz,0,167.639730,32.089740
dzb3,0,467.094438,89.160134
dxb3,0,124.678075,23.033655
dyb3,0,138.396575,25.522799
csxxsyyszz,0,407.430424,72.449769
dyf2,0,138.577977,25.580628
dxf2,0,123.536906,22.860504
csxy,0,118.829531,22.870104
dzf2,0,464.838839,88.763518
dyf3,0,138.530424,25.590032
csyz,0,142.145932,27.310527
dxf3,0,123.284252,22.819914
dzf3,0,464.850862,88.794867
csxz,0,142.607747,27.432803
dxf,1,123.366134,22.854563
dzb,1,465.436419,88.952796
dyb,1,138.198508,25.515392
cvx,1,153.789554,28.832068
dyf,1,138.571141,25.595697
dzb2,1,465.339244,88.939331
dxb,1,124.407498,23.024766
cvy,1,151.752594,28.492665
dzf,1,464.733352,88.833878
dxb2,1,124.350534,23.010276
dyb2,1,138.188509,25.523047
cvz,1,167.792638,32.131172
dzb3,1,465.179701,88.938596
dxb3,1,124.507513,23.018326
dyb3,1,138.557127,25.556985
csxxsyyszz,1,406.119106,72.245029
dyf2,1,138.541969,25.564704
dxf2,1,123.466335,22.885472
csxy,1,118.849008,22.893661
dzf2,1,464.882185,88.875545
dyf3,1,138.607942,25.606331
csyz,1,142.279985,27.370123
dxf3,1,123.252992,22.858253
dzf3,1,464.671171,88.869730
csxz,1,142.435468,27.442690
dxf,2,123.459552,22.865326
dzb,2,465.890511,89.114278
dyb,2,138.176466,25.513050
cvx,2,153.799459,28.822886
dyf,2,138.536541,25.595738
dzb2,2,467.118920,89.240876
dxb,2,124.585309,23.021832
cvy,2,151.697710,28.498347
dzf,2,464.724573,88.856508
dxb2,2,124.575461,23.011237
dyb2,2,138.503226,25.555699
cvz,2,167.969544,32.174366
dzb3,2,465.320899,88.902819
dxb3,2,124.485763,23.006277
dyb3,2,138.180779,25.505580
csxxsyyszz,2,407.142291,72.437854
dyf2,2,138.626537,25.574120
dxf2,2,123.405807,22.863517
csxy,2,118.927194,22.897201
dzf2,2,464.914773,88.864191
dyf3,2,140.614725,25.898236
csyz,2,142.235812,27.308164
dxf3,2,123.308755,22.840357
dzf3,2,464.716406,88.921014
csxz,2,142.427168,27.420691
dxf,3,123.383435,22.865911
dzb,3,465.306142,89.003996
dyb,3,138.311927,25.544854
cvx,3,153.736853,28.845248
dyf,3,138.754348,25.609592
dzb2,3,465.289356,88.959810
dxb,3,124.418180,23.003662
cvy,3,151.751386,28.499753
dzf,3,464.716773,88.843049
dxb2,3,124.314150,22.980851
dyb2,3,138.429787,25.547834
cvz,3,168.029045,32.157670
dzb3,3,465.299252,88.908024
dxb3,3,124.505918,23.015314
dyb3,3,138.537799,25.553296
csxxsyyszz,3,405.646819,72.182582
dyf2,3,138.509176,25.547893
dxf2,3,123.409109,22.863882
csxy,3,118.825025,22.885328
dzf2,3,464.877412,88.872638
dyf3,3,138.397923,25.544054
csyz,3,142.214006,27.341259
dxf3,3,123.320656,22.847371
dzf3,3,464.823861,88.887462
csxz,3,142.454931,27.433703
dxf,4,126.555265,23.347345
dzb,4,465.359388,88.962239
dyb,4,138.383208,25.514033
cvx,4,153.794072,28.831923
dyf,4,138.789749,25.614887
dzb2,4,465.374042,88.963421
dxb,4,124.434687,22.988691
cvy,4,151.757145,28.502074
dzf,4,464.732088,88.921771
dxb2,4,124.312668,22.978851
dyb2,4,138.439783,25.552275
cvz,4,167.835073,32.147616
dzb3,4,465.270825,88.939953
dxb3,4,124.528392,23.001308
dyb3,4,138.420067,25.536030
csxxsyyszz,4,406.058638,72.264627
dyf2,4,138.601516,25.554530
dxf2,4,123.521768,22.892783
csxy,4,118.884280,22.907266
dzf2,4,464.844498,88.881433
dyf3,4,138.512241,25.565278
csyz,4,142.088331,27.332268
dxf3,4,123.368427,22.862019
dzf3,4,464.870937,88.922027
csxz,4,142.440667,27.474253
#========================= OptEWE [OpenMP] =========================
#Source type                                  :  Force monopole
#Grid Size                                    :  768 x 768 x 768
#Iterations                                   :  5
#Compute time                                 :  29.025095
#Total effective MLUPS                        :  78.033308
#===================================================================
#Number of threads                            :  16
