dxf,0,131.760243,26.593030
dzb,0,494.700649,103.551390
dyb,0,135.526727,27.772962
cvx,0,153.865476,32.451221
dyf,0,135.464241,27.812934
dzb2,0,494.820596,103.879027
dxb,0,131.982933,26.813374
cvy,0,716.624639,128.431633
dzf,0,494.041207,103.632237
dxb2,0,131.683899,26.731088
dyb2,0,135.453993,27.763371
cvz,0,179.204763,37.803293
dzb3,0,494.584262,103.898340
dxb3,0,131.885997,26.808307
dyb3,0,140.779890,28.904738
csxxsyyszz,0,324.332936,66.484022
dyf2,0,135.647864,27.878977
dxf2,0,135.855209,27.680126
csxy,0,126.807365,26.820500
dzf2,0,1047.804861,194.367922
dyf3,0,135.398699,27.772175
csyz,0,151.846683,31.966083
dxf3,0,131.514563,26.725019
dzf3,0,494.147059,103.911602
csxz,0,151.903163,32.122802
dxf,1,131.389362,26.767989
dzb,1,494.612864,104.091075
dyb,1,135.414242,27.810946
cvx,1,154.039737,32.519047
dyf,1,135.551914,27.867543
dzb2,1,494.719654,103.997599
dxb,1,131.938555,26.862639
cvy,1,145.914413,31.187964
dzf,1,493.837928,104.043543
dxb2,1,131.586181,26.810931
dyb2,1,135.456090,27.861315
cvz,1,179.190524,37.867238
dzb3,1,494.532410,104.002730
dxb3,1,131.619096,26.779290
dyb3,1,140.600112,28.884906
csxxsyyszz,1,323.687931,66.402585
dyf2,1,135.627935,27.863991
dxf2,1,134.584486,27.405384
csxy,1,126.805139,26.828450
dzf2,1,1049.970086,193.275162
dyf3,1,135.357574,27.794862
csyz,1,151.831319,31.980587
dxf3,1,131.565953,26.782945
dzf3,1,494.204028,104.044393
csxz,1,151.918836,32.139025
dxf,2,131.405384,26.787678
dzb,2,494.425611,103.986251
dyb,2,135.279285,27.785204
cvx,2,153.942608,32.537259
dyf,2,135.536396,27.897743
dzb2,2,495.220524,104.252512
dxb,2,131.676117,26.858338
cvy,2,145.384756,31.094658
dzf,2,493.884958,104.118804
dxb2,2,132.072699,26.875685
dyb2,2,135.491051,27.820540
cvz,2,179.321165,37.866239
dzb3,2,494.665339,104.010865
dxb3,2,131.879237,26.834945
dyb3,2,140.785062,28.936163
csxxsyyszz,2,324.193173,66.506090
dyf2,2,135.600953,27.866490
dxf2,2,134.950727,27.479093
csxy,2,126.821820,26.831731
dzf2,2,1049.006966,193.473036
dyf3,2,135.357786,27.812937
csyz,2,151.749437,31.970531
dxf3,2,131.573238,26.760685
dzf3,2,494.011801,103.656571
csxz,2,151.874502,32.064751
dxf,3,131.635700,26.964286
dzb,3,494.764581,104.003178
dyb,3,135.245902,27.796364
cvx,3,153.960002,32.544288
dyf,3,135.396401,27.933413
dzb2,3,494.619050,104.150714
dxb,3,131.711274,26.862291
cvy,3,145.577064,31.115859
dzf,3,493.796042,103.940199
dxb2,3,131.579047,26.789073
dyb2,3,135.580122,27.841674
cvz,3,179.233156,37.880704
dzb3,3,494.589424,103.930835
dxb3,3,131.566737,26.826630
dyb3,3,140.357068,28.899099
csxxsyyszz,3,322.410618,66.344068
dyf2,3,135.682222,27.919588
dxf2,3,134.872305,27.473413
csxy,3,126.801396,26.850566
dzf2,3,1044.174570,193.568348
dyf3,3,135.440584,27.958346
csyz,3,151.847075,32.142328
dxf3,3,131.542118,26.894552
dzf3,3,494.743108,104.258629
csxz,3,151.846344,32.074314
dxf,4,131.317397,26.736912
dzb,4,494.736326,104.025791
dyb,4,135.569970,27.846887
cvx,4,154.057836,32.566443
dyf,4,135.489864,27.892986
dzb2,4,494.726678,104.031367
dxb,4,131.786705,26.824539
cvy,4,145.850839,31.138037
dzf,4,493.936890,103.957996
dxb2,4,131.554762,26.790929
dyb2,4,135.400401,27.829600
cvz,4,179.319151,37.885628
dzb3,4,494.492944,103.900965
dxb3,4,131.729873,26.771125
dyb3,4,140.419354,28.819588
csxxsyyszz,4,324.028314,66.454627
dyf2,4,142.454984,29.233196
dxf2,4,134.712272,27.425585
csxy,4,126.790613,26.830082
dzf2,4,1048.270589,194.093784
dyf3,4,135.322656,27.799298
csyz,4,151.872042,31.996609
dxf3,4,131.660598,26.770658
dzf3,4,493.947114,103.845767
csxz,4,151.884470,32.152549
#========================= OptEWE [OpenMP] =========================
#Source type                                  :  Force monopole
#Grid Size                                    :  768 x 768 x 768
#Iterations                                   :  5
#Compute time                                 :  32.400391
#Total effective MLUPS                        :  69.904224
#===================================================================
#Number of threads                            :  15
