dxf,0,267.948835,32.649166
dzb,0,1056.502488,129.410817
dyb,0,335.410435,40.352885
cvx,0,401.016341,49.432601
dyf,0,337.192486,40.584944
dzb2,0,1056.224913,129.588087
dxb,0,273.914023,33.332721
cvy,0,1385.355787,155.756761
dzf,0,1056.133569,129.393329
dxb2,0,277.593587,33.676504
dyb2,0,335.356016,40.275809
cvz,0,418.463116,52.660966
dzb3,0,1056.419155,129.418832
dxb3,0,282.398260,34.203500
dyb3,0,342.748032,42.028854
csxxsyyszz,0,1152.903153,136.434695
dyf2,0,337.511298,40.522511
dxf2,0,284.146222,35.211156
csxy,0,225.999001,29.516390
dzf2,0,2298.152734,272.003355
dyf3,0,337.414479,40.484511
csyz,0,338.743353,42.961249
dxf3,0,273.982585,33.304450
dzf3,0,1056.213416,129.303405
csxz,0,332.215771,42.315361
dxf,1,267.128439,32.587186
dzb,1,1059.913232,130.426765
dyb,1,335.156716,40.735090
cvx,1,401.203707,49.506968
dyf,1,337.111821,40.835154
dzb2,1,1056.294288,130.175663
dxb,1,274.587690,33.429061
cvy,1,439.695267,54.518224
dzf,1,1055.872702,130.149044
dxb2,1,274.569614,33.453223
dyb2,1,335.419693,40.458009
cvz,1,418.805269,52.808476
dzb3,1,1055.852305,130.064369
dxb3,1,282.357422,34.329666
dyb3,1,343.042355,42.115160
csxxsyyszz,1,1153.325651,137.193450
dyf2,1,337.501349,40.686708
dxf2,1,283.921082,35.228255
csxy,1,226.043732,29.574054
dzf2,1,2294.513285,272.144409
dyf3,1,337.418021,40.774951
csyz,1,337.883249,43.063917
dxf3,1,273.905527,33.534004
dzf3,1,1056.206032,129.831852
csxz,1,331.620941,42.418475
dxf,2,267.290484,32.738985
dzb,2,1056.666661,129.915565
dyb,2,335.643371,40.548856
cvx,2,401.222720,49.605762
dyf,2,337.126161,40.775483
dzb2,2,1056.532732,129.888363
dxb,2,274.544130,33.584530
cvy,2,439.383591,54.654186
dzf,2,1055.970865,129.954595
dxb2,2,274.559111,33.640081
dyb2,2,336.082377,40.736812
cvz,2,423.748979,53.368690
dzb3,2,1056.274980,129.798021
dxb3,2,282.574031,34.376274
dyb3,2,343.022547,42.285606
csxxsyyszz,2,1153.638552,137.080848
dyf2,2,337.406409,40.625248
dxf2,2,283.795168,35.202549
csxy,2,226.109152,29.540714
dzf2,2,2295.086617,272.737490
dyf3,2,337.280439,40.467931
csyz,2,338.687628,42.972361
dxf3,2,273.301135,33.330812
dzf3,2,1056.111153,129.479174
csxz,2,332.218076,42.331569
dxf,3,267.210489,32.621408
dzb,3,1056.821921,129.612013
dyb,3,337.144246,40.549426
cvx,3,402.689996,49.607494
dyf,3,336.778557,40.520039
dzb2,3,1056.504990,129.915784
dxb,3,274.473296,33.439126
cvy,3,439.813418,54.502954
dzf,3,1056.095708,129.848861
dxb2,3,274.612888,33.438471
dyb2,3,335.516167,40.453840
cvz,3,418.490052,52.710191
dzb3,3,1056.416720,129.793597
dxb3,3,282.455690,34.308420
dyb3,3,342.226629,42.048733
csxxsyyszz,3,1157.404201,137.028066
dyf2,3,337.382143,40.514096
dxf2,3,284.119755,35.227993
csxy,3,225.970246,29.511265
dzf2,3,2296.731952,271.804427
dyf3,3,337.278548,40.526777
csyz,3,338.907885,43.002550
dxf3,3,273.980847,33.366134
dzf3,3,1055.812533,129.404206
csxz,3,331.927380,42.293328
dxf,4,267.337003,32.603685
dzb,4,1056.738703,129.518656
dyb,4,335.345435,40.330139
cvx,4,401.059505,49.397866
dyf,4,338.308045,40.686641
dzb2,4,1056.569567,129.488190
dxb,4,274.420933,33.377688
cvy,4,439.611820,54.449810
dzf,4,1055.830681,129.443515
dxb2,4,274.679811,33.406812
dyb2,4,335.477741,40.350032
cvz,4,418.816827,52.725298
dzb3,4,1059.741786,130.125001
dxb3,4,282.425553,34.208421
dyb3,4,342.961179,42.074930
csxxsyyszz,4,1159.399784,137.476999
dyf2,4,337.266510,40.675932
dxf2,4,283.832888,35.205734
csxy,4,225.969759,29.516926
dzf2,4,2294.121848,271.726911
dyf3,4,336.703616,40.560457
csyz,4,338.616899,43.070201
dxf3,4,273.716073,33.430685
dzf3,4,1056.217985,129.605830
csxz,4,331.903240,42.376374
#========================= OptEWE [OpenMP] =========================
#Source type                                  :  Force monopole
#Grid Size                                    :  768 x 768 x 768
#Iterations                                   :  5
#Compute time                                 :  73.818100
#Total effective MLUPS                        :  30.682504
#===================================================================
#Number of threads                            :  6
