dxf,0,221.545530,29.636060
dzb,0,866.407734,117.111896
dyb,0,281.815783,37.166198
cvx,0,338.553559,45.893797
dyf,0,282.641063,37.283241
dzb2,0,866.487488,117.402064
dxb,0,229.398985,30.552021
cvy,0,1103.419459,134.975407
dzf,0,865.566083,116.982701
dxb2,0,229.108139,30.625112
dyb2,0,281.977432,37.182908
cvz,0,356.613057,49.228912
dzb3,0,865.910265,117.285894
dxb3,0,229.413615,30.601640
dyb3,0,290.187465,38.914188
csxxsyyszz,0,934.599805,121.009578
dyf2,0,282.889057,37.204891
dxf2,0,240.679426,32.578247
csxy,0,198.776277,28.456438
dzf2,0,2003.395760,257.394882
dyf3,0,282.219842,37.273514
csyz,0,294.816541,40.947004
dxf3,0,221.016936,29.658267
dzf3,0,867.018021,117.486925
csxz,0,291.594117,40.607217
dxf,1,220.846868,29.647945
dzb,1,866.326538,117.443135
dyb,1,281.650483,37.189681
cvx,1,339.747600,45.644242
dyf,1,282.046231,37.590853
dzb2,1,866.136691,117.527786
dxb,1,228.995873,30.642261
cvy,1,377.311830,51.130978
dzf,1,865.399355,117.488690
dxb2,1,228.909204,30.736161
dyb2,1,281.261114,37.253555
cvz,1,356.779729,49.365657
dzb3,1,865.528903,117.419425
dxb3,1,230.316638,30.888240
dyb3,1,289.356955,39.062566
csxxsyyszz,1,932.577792,121.278294
dyf2,1,282.697418,37.334225
dxf2,1,241.306073,32.805709
csxy,1,198.835670,28.557897
dzf2,1,2002.180811,257.830852
dyf3,1,282.372044,37.443874
csyz,1,295.289187,41.137785
dxf3,1,220.934096,29.747357
dzf3,1,864.714724,122.592905
csxz,1,291.685182,40.571616
dxf,2,220.876811,29.626594
dzb,2,866.178919,117.450815
dyb,2,281.413608,37.202406
cvx,2,339.834093,45.655115
dyf,2,282.630325,37.298121
dzb2,2,866.098845,117.438460
dxb,2,228.761260,30.599056
cvy,2,377.292462,51.084801
dzf,2,866.837504,117.426269
dxb2,2,228.945725,30.561267
dyb2,2,283.868933,37.400105
cvz,2,357.591456,49.323838
dzb3,2,866.256427,117.205215
dxb3,2,229.197077,30.568043
dyb3,2,290.206534,38.936622
csxxsyyszz,2,934.176446,121.043465
dyf2,2,282.868837,37.285897
dxf2,2,240.526255,32.625348
csxy,2,198.973855,28.471790
dzf2,2,2001.085801,256.766376
dyf3,2,282.801712,37.211950
csyz,2,295.525665,40.934781
dxf3,2,221.359713,29.605000
dzf3,2,865.851832,117.120813
csxz,2,291.656973,40.534719
dxf,3,221.138314,29.587289
dzb,3,867.456390,117.296896
dyb,3,281.577523,37.184152
cvx,3,339.803116,45.993746
dyf,3,284.347644,37.481194
dzb2,3,867.092799,117.514520
dxb,3,229.065991,30.636708
cvy,3,377.487229,51.111172
dzf,3,865.160222,117.247793
dxb2,3,228.569960,30.593716
dyb2,3,282.180071,37.239944
cvz,3,357.070285,49.305910
dzb3,3,865.943949,117.105058
dxb3,3,229.222654,30.537716
dyb3,3,290.257498,38.914509
csxxsyyszz,3,934.027781,120.985908
dyf2,3,283.103128,37.291386
dxf2,3,240.413977,32.599936
csxy,3,198.888486,28.430860
dzf2,3,2001.117034,256.780749
dyf3,3,283.170426,37.356885
csyz,3,295.111655,40.931961
dxf3,3,220.981918,29.637581
dzf3,3,866.840875,117.199280
csxz,3,290.109115,41.204808
dxf,4,221.971886,31.055160
dzb,4,863.032363,121.700780
dyb,4,281.494303,38.093862
cvx,4,339.872805,46.015014
dyf,4,283.151666,37.303617
dzb2,4,866.316769,117.271017
dxb,4,229.340316,30.658754
cvy,4,377.535211,51.057153
dzf,4,865.676215,117.210884
dxb2,4,229.674489,30.682423
dyb2,4,282.218626,37.236710
cvz,4,357.570079,49.297732
dzb3,4,866.459876,117.229498
dxb3,4,229.269609,30.581067
dyb3,4,290.525325,39.050035
csxxsyyszz,4,943.508007,122.140603
dyf2,4,282.678250,37.278442
dxf2,4,240.870324,32.662811
csxy,4,198.760719,28.432348
dzf2,4,2003.947579,257.114339
dyf3,4,282.993149,37.335041
csyz,4,295.197302,40.941976
dxf3,4,221.211600,29.677445
dzf3,4,865.485989,117.194486
csxz,4,291.867837,40.644482
#========================= OptEWE [OpenMP] =========================
#Source type                                  :  Force monopole
#Grid Size                                    :  768 x 768 x 768
#Iterations                                   :  5
#Compute time                                 :  61.731388
#Total effective MLUPS                        :  36.689992
#===================================================================
#Number of threads                            :  5
