dxf,0,472.970272,53.055489
dzb,0,1674.951115,189.950045
dyb,0,621.544400,68.887794
cvx,0,847.385444,93.022259
dyf,0,626.480125,69.438661
dzb2,0,1673.399786,189.715951
dxb,0,493.109725,55.106878
cvy,0,2252.252952,242.359248
dzf,0,1673.664311,190.254160
dxb2,0,493.802575,55.258252
dyb2,0,624.236937,69.327817
cvz,0,862.463563,95.418265
dzb3,0,1674.812762,189.951343
dxb3,0,492.175686,54.952809
dyb3,0,632.474658,71.166615
csxxsyyszz,0,2339.298462,253.414917
dyf2,0,625.742032,69.367794
dxf2,0,475.253918,54.167986
csxy,0,389.759835,44.903995
dzf2,0,2632.320105,300.708336
dyf3,0,626.627121,69.402694
csyz,0,461.275498,53.018785
dxf3,0,472.339847,52.990002
dzf3,0,1673.327442,189.964743
csxz,0,457.359084,52.749120
dxf,1,472.611833,52.998331
dzb,1,1672.865623,189.914838
dyb,1,622.160553,69.012460
cvx,1,849.384975,93.218252
dyf,1,628.455246,69.675235
dzb2,1,1673.334115,189.830260
dxb,1,494.035477,55.276816
cvy,1,836.105487,94.333874
dzf,1,1672.066229,189.677505
dxb2,1,493.594629,55.179017
dyb2,1,622.505098,69.038831
cvz,1,862.526633,95.436598
dzb3,1,1674.535876,190.564875
dxb3,1,491.809847,55.062625
dyb3,1,633.038382,71.235259
csxxsyyszz,1,2324.082618,251.967369
dyf2,1,627.691025,69.633536
dxf2,1,475.631840,54.258174
csxy,1,389.998521,44.969147
dzf2,1,2628.825360,300.314428
dyf3,1,625.727018,69.396692
csyz,1,463.275206,53.192212
dxf3,1,472.453678,52.896994
dzf3,1,1671.917711,189.790262
csxz,1,457.836338,53.220106
dxf,2,472.659386,54.224825
dzb,2,1673.089323,189.631560
dyb,2,624.707228,69.160128
cvx,2,847.325345,93.039240
dyf,2,626.435993,69.528408
dzb2,2,1673.415482,190.100493
dxb,2,491.859890,55.070223
cvy,2,835.700679,94.404346
dzf,2,1672.111133,189.949922
dxb2,2,493.386712,55.270150
dyb2,2,622.411287,69.137150
cvz,2,864.118373,95.744388
dzb3,2,1676.070838,190.400219
dxb3,2,491.826346,55.072703
dyb3,2,632.884323,71.262249
csxxsyyszz,2,2338.854995,253.804242
dyf2,2,626.812544,69.620232
dxf2,2,475.130891,54.303874
csxy,2,389.980155,45.002686
dzf2,2,2629.788586,300.641627
dyf3,2,626.762439,69.535698
csyz,2,461.692937,53.132081
dxf3,2,472.425063,53.128383
dzf3,2,1675.587349,190.404719
csxz,2,457.534792,52.890373
dxf,3,471.195126,52.952045
dzb,3,1673.354910,190.688278
dyb,3,623.231698,69.263850
cvx,3,848.902451,93.509474
dyf,3,627.041429,69.589385
dzb2,3,1673.340823,190.481376
dxb,3,494.706937,55.405056
cvy,3,837.123262,94.851850
dzf,3,1673.917207,190.342495
dxb2,3,493.740738,55.279511
dyb2,3,622.551802,69.076935
cvz,3,862.423861,95.652686
dzb3,3,1674.238819,190.222644
dxb3,3,491.712014,55.254515
dyb3,3,632.720507,71.239811
csxxsyyszz,3,2295.889061,249.789000
dyf2,3,628.601406,69.864679
dxf2,3,475.296019,54.450165
csxy,3,389.962700,44.992693
dzf2,3,2629.059500,300.769246
dyf3,3,626.602410,69.696670
csyz,3,461.267724,53.269945
dxf3,3,472.217484,53.086110
dzf3,3,1672.413246,190.213025
csxz,3,459.620060,53.392820
dxf,4,472.461024,53.023407
dzb,4,1673.305270,190.158402
dyb,4,624.657773,71.659895
cvx,4,848.962312,93.545157
dyf,4,626.947401,69.542616
dzb2,4,1674.657376,190.084973
dxb,4,492.770566,55.139304
cvy,4,837.061531,94.489553
dzf,4,1672.529108,189.780469
dxb2,4,493.792467,55.262857
dyb2,4,622.380953,69.015712
cvz,4,862.988012,95.526603
dzb3,4,1676.098806,190.133327
dxb3,4,491.725769,55.022042
dyb3,4,631.673817,71.097855
csxxsyyszz,4,2340.469283,253.658595
dyf2,4,626.776854,69.558007
dxf2,4,475.201347,54.272451
csxy,4,389.870932,44.994071
dzf2,4,2627.910804,300.400235
dyf3,4,626.607582,69.570527
csyz,4,461.420319,53.112791
dxf3,4,472.224729,53.082691
dzf3,4,1673.684148,190.186345
csxz,4,458.133524,52.903644
#========================= OptEWE [OpenMP] =========================
#Source type                                  :  Force monopole
#Grid Size                                    :  768 x 768 x 768
#Iterations                                   :  5
#Compute time                                 :  120.624237
#Total effective MLUPS                        :  18.776692
#===================================================================
#Number of threads                            :  3
