dxf,0,282.801887,41.617682
dzb,0,615.673929,99.055272
dyb,0,299.328168,44.161718
cvx,0,361.065972,53.593429
dyf,0,285.882517,42.465381
dzb2,0,614.454975,98.909792
dxb,0,297.165474,43.543437
cvy,0,987.290383,135.790982
dzf,0,610.003941,98.351795
dxb2,0,296.968740,43.538930
dyb2,0,299.166252,44.197961
cvz,0,443.273317,65.387420
dzb3,0,609.932834,98.489176
dxb3,0,296.848263,43.519399
dyb3,0,367.978023,53.184540
csxxsyyszz,0,532.567892,81.604059
dyf2,0,286.306380,42.517118
dxf2,0,364.763314,52.498010
csxy,0,270.061646,40.626529
dzf2,0,1392.948005,199.995827
dyf3,0,299.417088,44.228926
csyz,0,354.945050,52.684911
dxf3,0,282.547158,41.630189
dzf3,0,613.700286,98.901790
csxz,0,362.222859,53.617067
dxf,1,282.391390,41.621035
dzb,1,614.152427,98.913558
dyb,1,299.032661,44.146931
cvx,1,362.051961,53.747681
dyf,1,286.181819,42.491416
dzb2,1,614.236095,98.921175
dxb,1,297.091479,43.557311
cvy,1,469.700696,67.723908
dzf,1,610.113425,98.404215
dxb2,1,296.851306,43.525448
dyb2,1,299.515872,44.226353
cvz,1,443.039311,65.426575
dzb3,1,611.484665,98.695792
dxb3,1,296.626421,43.504917
dyb3,1,368.174447,53.232053
csxxsyyszz,1,532.055494,81.574741
dyf2,1,286.288593,42.522926
dxf2,1,364.731113,52.506082
csxy,1,270.761761,40.918497
dzf2,1,1391.383656,200.944561
dyf3,1,299.880021,44.317359
csyz,1,355.250569,52.784686
dxf3,1,282.429839,41.648953
dzf3,1,613.807530,99.024618
csxz,1,362.429834,53.810125
dxf,2,282.565752,41.677328
dzb,2,614.171059,98.980493
dyb,2,299.061985,44.194231
cvx,2,361.014232,53.791368
dyf,2,286.269732,42.557772
dzb2,2,614.299866,98.971210
dxb,2,296.948360,43.546778
cvy,2,468.637534,67.700922
dzf,2,610.031868,98.389192
dxb2,2,296.513829,43.487284
dyb2,2,299.358399,44.221251
cvz,2,444.304212,65.559401
dzb3,2,610.975365,98.641696
dxb3,2,296.636209,43.531238
dyb3,2,368.160850,53.251854
csxxsyyszz,2,530.368916,81.384585
dyf2,2,286.175833,42.532137
dxf2,2,364.622727,52.521238
csxy,2,269.978473,40.654174
dzf2,2,1392.572658,200.018108
dyf3,2,299.874413,44.339694
csyz,2,355.040847,52.740844
dxf3,2,281.939157,41.576436
dzf3,2,614.186356,99.021221
csxz,2,362.485813,53.705160
dxf,3,282.489157,41.657700
dzb,3,614.222407,98.983035
dyb,3,299.021027,44.437529
cvx,3,362.828762,54.672138
dyf,3,286.266693,42.553841
dzb2,3,614.074450,98.939628
dxb,3,297.843644,43.693861
cvy,3,470.177465,67.825961
dzf,3,611.139285,98.597052
dxb2,3,296.490890,43.491009
dyb2,3,299.286269,44.231850
cvz,3,443.358518,65.498996
dzb3,3,610.122618,98.530813
dxb3,3,296.787597,43.566650
dyb3,3,368.559033,53.297619
csxxsyyszz,3,530.422151,81.378421
dyf2,3,286.137011,42.531459
dxf2,3,364.750671,52.535930
csxy,3,269.956185,40.639113
dzf2,3,1391.482471,200.064558
dyf3,3,299.556330,44.284949
csyz,3,354.988159,52.716488
dxf3,3,281.773156,41.582448
dzf3,3,614.148614,99.048535
csxz,3,362.631406,53.908295
dxf,4,282.595250,41.726581
dzb,4,614.157582,99.047240
dyb,4,298.843585,44.187509
cvx,4,361.349753,53.726137
dyf,4,286.079150,42.545457
dzb2,4,614.627989,99.045028
dxb,4,299.007662,43.870557
cvy,4,468.995847,67.847357
dzf,4,611.049385,98.623667
dxb2,4,296.762634,43.564604
dyb2,4,299.391717,44.249050
cvz,4,443.625629,65.514656
dzb3,4,610.152234,98.558526
dxb3,4,296.895522,43.578010
dyb3,4,367.923987,53.225588
csxxsyyszz,4,530.610801,81.424694
dyf2,4,286.472535,42.588170
dxf2,4,364.279591,52.463600
csxy,4,269.802649,40.583146
dzf2,4,1392.990025,200.022595
dyf3,4,299.330212,44.267556
csyz,4,355.606187,52.810257
dxf3,4,281.929474,41.572517
dzf3,4,614.041483,98.979423
csxz,4,361.977406,53.613377
#========================= OptEWE [OpenMP] =========================
#Source type                                  :  Force monopole
#Grid Size                                    :  768 x 768 x 768
#Iterations                                   :  5
#Compute time                                 :  55.060741
#Total effective MLUPS                        :  41.135010
#===================================================================
#Number of threads                            :  13
