dxf,0,238.848388,30.056581
dzb,0,1085.408727,138.026392
dyb,0,502.048733,61.172246
cvx,0,428.186229,54.197795
dyf,0,280.120954,35.096448
dzb2,0,1085.766931,138.194803
dxb,0,488.732942,59.655215
cvy,0,1350.992979,156.473362
dzf,0,1016.397919,127.961799
dxb2,0,440.113769,54.065536
dyb2,0,501.113596,61.283676
cvz,0,552.506241,69.322702
dzb3,0,1016.554002,127.918414
dxb3,0,440.004487,54.009554
dyb3,0,595.226777,72.021192
csxxsyyszz,0,838.430694,106.182379
dyf2,0,279.822703,35.060987
dxf2,0,531.741391,64.479503
csxy,0,284.629636,36.894494
dzf2,0,1823.506201,224.026849
dyf3,0,456.597932,56.275071
csyz,0,416.882183,52.851659
dxf3,0,237.979277,30.006298
dzf3,0,1085.064704,138.083090
csxz,0,415.592009,52.802982
dxf,1,238.082347,30.058020
dzb,1,1085.501759,138.108001
dyb,1,502.043223,61.233956
cvx,1,426.515979,54.113341
dyf,1,280.235346,35.118730
dzb2,1,1085.688032,138.248559
dxb,1,489.334285,59.799937
cvy,1,587.942167,72.591266
dzf,1,1017.223452,128.189493
dxb2,1,440.224573,54.086368
dyb2,1,499.862994,61.252047
cvz,1,552.474878,69.412633
dzb3,1,1017.830876,128.227334
dxb3,1,439.898481,54.063248
dyb3,1,594.859135,72.014009
csxxsyyszz,1,840.606501,106.251985
dyf2,1,280.410558,35.136337
dxf2,1,531.857901,64.521446
csxy,1,284.661826,36.919444
dzf2,1,1826.968143,223.798095
dyf3,1,456.378383,56.350398
csyz,1,415.829690,52.838415
dxf3,1,237.989874,30.059664
dzf3,1,1085.385701,138.284575
csxz,1,415.699711,52.832740
dxf,2,238.868779,30.174476
dzb,2,1085.782308,140.805959
dyb,2,498.313103,61.286281
cvx,2,427.652093,54.251504
dyf,2,280.024099,35.162263
dzb2,2,1085.469203,138.260013
dxb,2,488.629242,59.704135
cvy,2,587.118097,72.512946
dzf,2,1017.238609,129.074748
dxb2,2,439.893637,54.893438
dyb2,2,499.802417,61.740436
cvz,2,553.020270,69.469682
dzb3,2,1016.449840,128.097888
dxb3,2,440.269232,54.113520
dyb3,2,594.770707,72.003928
csxxsyyszz,2,841.984697,106.534283
dyf2,2,280.396005,35.156637
dxf2,2,532.213832,64.563441
csxy,2,284.606516,36.907543
dzf2,2,1825.771499,223.838256
dyf3,2,457.365100,56.465282
csyz,2,416.435424,52.862142
dxf3,2,237.999045,30.040035
dzf3,2,1085.450386,138.231654
csxz,2,416.045281,52.875820
dxf,3,238.237480,30.084057
dzb,3,1085.665365,138.343178
dyb,3,499.902236,61.228169
cvx,3,426.370359,54.112798
dyf,3,280.452576,35.154655
dzb2,3,1085.614053,138.286079
dxb,3,488.668622,59.721662
cvy,3,587.591660,72.573928
dzf,3,1016.614974,128.142916
dxb2,3,439.880599,54.063544
dyb2,3,499.590461,61.358881
cvz,3,553.355126,69.551378
dzb3,3,1016.690766,128.188923
dxb3,3,440.320089,54.142061
dyb3,3,595.016510,72.039728
csxxsyyszz,3,840.411005,106.246488
dyf2,3,280.355248,35.147550
dxf2,3,532.021693,64.563297
csxy,3,285.042552,36.950254
dzf2,3,1825.836757,223.755065
dyf3,3,457.532903,56.450114
csyz,3,415.942845,52.782348
dxf3,3,238.084272,30.005066
dzf3,3,1087.070798,139.169016
csxz,3,415.652706,52.815926
dxf,4,238.154042,30.052311
dzb,4,1086.591480,138.395348
dyb,4,497.816088,61.151567
cvx,4,426.199422,54.107160
dyf,4,280.378658,35.133210
dzb2,4,1085.741029,138.262674
dxb,4,488.130932,59.637395
cvy,4,586.929456,72.484788
dzf,4,1016.422926,128.183109
dxb2,4,440.345815,54.149707
dyb2,4,498.686826,61.221411
cvz,4,553.770472,69.597721
dzb3,4,1016.361626,128.140185
dxb3,4,440.411199,54.115400
dyb3,4,595.481823,72.089457
csxxsyyszz,4,840.583621,106.338942
dyf2,4,280.269922,35.089644
dxf2,4,531.598362,64.495696
csxy,4,285.436205,37.012969
dzf2,4,1825.110315,223.815010
dyf3,4,457.761319,56.574411
csyz,4,415.642200,52.884488
dxf3,4,237.968417,30.123291
dzf3,4,1085.442134,138.309240
csxz,4,415.769459,52.976334
#========================= OptEWE [OpenMP] =========================
#Source type                                  :  Force monopole
#Grid Size                                    :  768 x 768 x 768
#Iterations                                   :  5
#Compute time                                 :  78.916962
#Total effective MLUPS                        :  28.700093
#===================================================================
#Number of threads                            :  8
