dxf,0,154.134992,26.405374
dzb,0,665.559194,113.925745
dyb,0,154.574266,26.894188
cvx,0,191.105057,33.314908
dyf,0,154.830008,26.986572
dzb2,0,664.510494,114.249406
dxb,0,152.599039,26.257067
cvy,0,1087.236945,164.713772
dzf,0,663.105745,112.695192
dxb2,0,152.728098,26.269852
dyb2,0,154.766895,26.966395
cvz,0,225.176316,39.208701
dzb3,0,664.248145,112.890391
dxb3,0,152.692675,26.248019
dyb3,0,154.952462,26.997734
csxxsyyszz,0,348.460310,61.336480
dyf2,0,154.830135,27.014880
dxf2,0,152.842765,26.303222
csxy,0,155.281729,27.210897
dzf2,0,663.142678,113.011850
dyf3,0,154.520738,26.922885
csyz,0,188.922192,32.952131
dxf3,0,152.588601,26.262578
dzf3,0,663.543977,113.710605
csxz,0,188.866764,32.966071
dxf,1,152.410123,26.255117
dzb,1,664.570082,113.804381
dyb,1,154.489198,26.934844
cvx,1,191.056826,33.405122
dyf,1,154.605422,27.019527
dzb2,1,665.973915,114.581708
dxb,1,153.563259,26.446069
cvy,1,190.604305,33.301525
dzf,1,662.793142,114.003537
dxb2,1,152.740898,26.302676
dyb2,1,154.767373,27.009634
cvz,1,225.164255,39.259172
dzb3,1,664.364690,114.284814
dxb3,1,152.636450,26.278247
dyb3,1,154.773181,26.991921
csxxsyyszz,1,348.916907,61.437661
dyf2,1,154.854319,27.039946
dxf2,1,152.720423,26.339438
csxy,1,155.202033,27.230418
dzf2,1,662.957817,114.106120
dyf3,1,154.611298,26.991688
csyz,1,188.827602,32.982342
dxf3,1,152.435833,26.278848
dzf3,1,663.326676,114.147421
csxz,1,188.864241,32.997564
dxf,2,152.443854,26.274044
dzb,2,664.578914,114.395632
dyb,2,154.540489,26.987747
cvx,2,191.055277,33.416483
dyf,2,154.714017,27.037761
dzb2,2,664.713794,112.749829
dxb,2,152.536274,26.322411
cvy,2,190.731672,33.343645
dzf,2,663.177533,112.449103
dxb2,2,152.785163,26.325180
dyb2,2,154.948383,27.042589
cvz,2,225.248174,39.281743
dzb3,2,664.379001,112.663612
dxb3,2,152.699567,26.307581
dyb3,2,154.699087,27.002179
csxxsyyszz,2,351.821358,61.917069
dyf2,2,155.164209,27.111486
dxf2,2,154.160531,26.589356
csxy,2,155.271731,27.260202
dzf2,2,663.077436,112.691752
dyf3,2,154.599164,26.995887
csyz,2,188.965789,33.012571
dxf3,2,152.544751,26.310254
dzf3,2,663.537662,113.406067
csxz,2,188.862245,33.013119
dxf,3,152.488514,26.296099
dzb,3,664.430818,113.422254
dyb,3,154.460317,26.972137
cvx,3,191.103087,33.421379
dyf,3,154.882965,27.060337
dzb2,3,664.644239,113.994468
dxb,3,152.503969,26.309038
cvy,3,190.804773,33.334189
dzf,3,662.964475,113.656969
dxb2,3,152.720193,26.298119
dyb2,3,154.693630,27.006557
cvz,3,225.192836,39.241339
dzb3,3,664.435262,113.861105
dxb3,3,152.638545,26.288148
dyb3,3,154.698951,26.992983
csxxsyyszz,3,348.594766,61.397621
dyf2,3,155.149891,27.088849
dxf2,3,152.660536,26.312133
csxy,3,155.212044,27.233287
dzf2,3,663.028693,113.952944
dyf3,3,154.663981,26.995184
csyz,3,188.948806,32.993817
dxf3,3,152.551289,26.293180
dzf3,3,663.310417,114.178287
csxz,3,188.937533,33.024540
dxf,4,152.929572,26.367689
dzb,4,664.896001,114.438482
dyb,4,154.638387,27.002488
cvx,4,191.210487,33.428397
dyf,4,154.820261,27.034619
dzb2,4,664.479298,114.056472
dxb,4,152.513851,26.320523
cvy,4,190.696858,33.329365
dzf,4,663.015977,114.127106
dxb2,4,152.623412,26.307221
dyb2,4,154.700578,27.005043
cvz,4,225.229604,39.258040
dzb3,4,664.402735,114.291733
dxb3,4,152.617970,26.306655
dyb3,4,154.878818,27.022009
csxxsyyszz,4,349.971277,61.790119
dyf2,4,154.956275,27.041856
dxf2,4,152.660299,26.314199
csxy,4,155.231664,27.239201
dzf2,4,663.011530,112.929430
dyf3,4,154.510644,26.981297
csyz,4,188.881228,32.980401
dxf3,4,152.565803,26.304721
dzf3,4,663.454646,112.991062
csxz,4,188.906922,33.052270
#========================= OptEWE [OpenMP] =========================
#Source type                                  :  Force monopole
#Grid Size                                    :  768 x 768 x 768
#Iterations                                   :  5
#Compute time                                 :  37.487801
#Total effective MLUPS                        :  60.417633
#===================================================================
#Number of threads                            :  17
