dxf,0,105.976401,22.050024
dzb,0,406.278903,87.499080
dyb,0,108.078217,22.957532
cvx,0,125.216273,27.126823
dyf,0,107.997214,22.996842
dzb2,0,406.372158,87.691972
dxb,0,105.193957,22.023755
cvy,0,817.273602,145.891567
dzf,0,406.347887,87.641170
dxb2,0,105.158827,22.025860
dyb2,0,108.497214,23.076001
cvz,0,146.023431,31.631215
dzb3,0,406.052183,87.678159
dxb3,0,105.141879,22.043559
dyb3,0,108.709468,23.093720
csxxsyyszz,0,259.159206,55.003561
dyf2,0,108.280473,23.039131
dxf2,0,105.183123,22.044957
csxy,0,103.086172,22.406147
dzf2,0,405.951816,87.677361
dyf3,0,108.042988,23.001001
csyz,0,123.719955,26.839311
dxf3,0,105.039691,22.024712
dzf3,0,405.694776,87.654615
csxz,0,123.737774,26.890321
dxf,1,105.087839,22.055923
dzb,1,406.262337,87.773200
dyb,1,108.435072,23.047504
cvx,1,125.052930,27.113345
dyf,1,108.033398,23.051135
dzb2,1,406.344794,87.811556
dxb,1,105.193711,22.061922
cvy,1,124.806186,27.081456
dzf,1,405.523851,87.642844
dxb2,1,105.153833,22.044837
dyb2,1,108.678995,23.134546
cvz,1,146.025019,31.641795
dzb3,1,406.036139,87.695096
dxb3,1,105.044862,22.025674
dyb3,1,108.570647,23.093716
csxxsyyszz,1,258.518007,55.103360
dyf2,1,108.234559,23.051255
dxf2,1,105.364413,22.121603
csxy,1,103.139565,22.449554
dzf2,1,405.496592,87.669955
dyf3,1,107.951627,23.034302
csyz,1,123.664946,26.842094
dxf3,1,105.079742,22.051155
dzf3,1,405.643180,87.675859
csxz,1,123.709447,26.894557
dxf,2,105.074326,22.055542
dzb,2,406.423509,87.804659
dyb,2,108.361933,23.031959
cvx,2,125.107406,27.145597
dyf,2,108.063098,23.032052
dzb2,2,406.371530,87.791437
dxb,2,105.196662,22.065491
cvy,2,124.792862,27.101716
dzf,2,405.627538,87.653916
dxb2,2,105.165546,22.068055
dyb2,2,110.385799,23.420022
cvz,2,145.925465,31.630709
dzb3,2,405.975605,87.681502
dxb3,2,105.104073,22.028512
dyb3,2,108.526607,23.080032
csxxsyyszz,2,259.049474,55.052850
dyf2,2,108.198329,23.050424
dxf2,2,105.262072,22.075645
csxy,2,103.085877,22.429032
dzf2,2,405.539820,87.661988
dyf3,2,107.945550,23.031396
csyz,2,124.229296,26.938161
dxf3,2,105.020181,22.029332
dzf3,2,405.666034,87.696248
csxz,2,123.711571,26.909493
dxf,3,105.061383,22.065958
dzb,3,410.139114,88.610578
dyb,3,108.301778,23.056463
cvx,3,125.189135,27.170108
dyf,3,108.167498,23.044101
dzb2,3,406.307110,87.846483
dxb,3,105.175505,22.082186
cvy,3,124.929605,27.130669
dzf,3,405.698141,87.710291
dxb2,3,105.141945,22.077843
dyb2,3,108.567614,23.123544
cvz,3,146.046566,31.682236
dzb3,3,405.962340,87.774392
dxb3,3,105.061114,22.045159
dyb3,3,108.648330,23.120611
csxxsyyszz,3,259.137281,55.073993
dyf2,3,108.246504,23.074587
dxf2,3,105.457136,22.147107
csxy,3,103.162489,22.457614
dzf2,3,405.548689,87.692927
dyf3,3,108.019781,23.067869
csyz,3,123.714067,26.869829
dxf3,3,105.096189,22.065779
dzf3,3,405.730131,87.748360
csxz,3,123.666914,26.897800
dxf,4,105.149543,22.077718
dzb,4,406.339441,87.815379
dyb,4,108.415276,23.057711
cvx,4,125.190389,27.183688
dyf,4,108.085103,23.054797
dzb2,4,406.209059,87.824910
dxb,4,105.142034,22.067789
cvy,4,125.000984,27.139608
dzf,4,405.540117,87.695931
dxb2,4,105.243069,22.088380
dyb2,4,108.620797,23.126601
cvz,4,145.996422,31.683706
dzb3,4,406.960364,87.912039
dxb3,4,105.122643,22.069368
dyb3,4,108.234468,23.057508
csxxsyyszz,4,259.101664,55.091242
dyf2,4,108.224644,23.063040
dxf2,4,105.350091,22.126718
csxy,4,103.140403,22.448876
dzf2,4,405.788804,87.764289
dyf3,4,108.033635,23.069477
csyz,4,123.743871,26.873827
dxf3,4,105.067311,22.073095
dzf3,4,406.338450,87.895212
csxz,4,123.738873,26.990921
#========================= OptEWE [OpenMP] =========================
#Source type                                  :  Force monopole
#Grid Size                                    :  768 x 768 x 768
#Iterations                                   :  5
#Compute time                                 :  24.311432
#Total effective MLUPS                        :  93.162927
#===================================================================
#Number of threads                            :  19
