dxf,0,223.547141,29.248659
dzb,0,830.938043,110.510263
dyb,0,281.745892,36.228613
cvx,0,348.907537,45.822275
dyf,0,282.792307,36.394697
dzb2,0,831.308525,110.600956
dxb,0,226.936406,29.633863
cvy,0,1175.974460,140.594137
dzf,0,829.805174,111.044356
dxb2,0,228.677235,29.986420
dyb2,0,281.103800,36.350545
cvz,0,361.996154,48.751806
dzb3,0,831.107468,110.920169
dxb3,0,234.001409,30.660505
dyb3,0,287.935964,37.978529
csxxsyyszz,0,982.295122,124.058680
dyf2,0,282.882815,36.553389
dxf2,0,233.020449,31.020227
csxy,0,186.346504,26.657090
dzf2,0,1906.569932,244.035574
dyf3,0,282.624788,36.570428
csyz,0,279.261237,38.306492
dxf3,0,219.387370,28.828344
dzf3,0,830.059997,110.721720
csxz,0,275.889035,37.962256
dxf,1,222.905186,29.289890
dzb,1,830.566071,110.859978
dyb,1,281.749639,36.304013
cvx,1,349.181772,45.941278
dyf,1,282.697196,36.516215
dzb2,1,830.773865,111.002918
dxb,1,226.795447,29.671036
cvy,1,373.262582,49.482797
dzf,1,831.236913,111.018772
dxb2,1,228.640675,29.987591
dyb2,1,281.767423,36.377990
cvz,1,362.148580,48.738581
dzb3,1,830.932831,110.932526
dxb3,1,234.131251,30.641431
dyb3,1,287.973198,37.985931
csxxsyyszz,1,982.060808,123.995029
dyf2,1,283.042455,36.486158
dxf2,1,232.911083,31.128217
csxy,1,185.793461,26.379814
dzf2,1,1925.789220,242.894656
dyf3,1,282.728412,36.535802
csyz,1,279.541826,38.367239
dxf3,1,219.467004,28.891564
dzf3,1,829.865898,110.652404
csxz,1,276.022390,37.975045
dxf,2,223.089427,29.370590
dzb,2,830.666165,110.884820
dyb,2,281.402858,36.278595
cvx,2,349.213891,45.810320
dyf,2,283.221299,36.630948
dzb2,2,831.216685,111.054862
dxb,2,226.789172,29.692098
cvy,2,374.075065,49.572780
dzf,2,830.124400,110.860766
dxb2,2,228.633585,30.024435
dyb2,2,281.838052,36.435161
cvz,2,365.557251,49.187868
dzb3,2,830.793951,110.958046
dxb3,2,234.264903,30.592291
dyb3,2,287.694218,37.974018
csxxsyyszz,2,982.209301,124.021514
dyf2,2,283.022478,36.443984
dxf2,2,232.906948,31.165363
csxy,2,185.716440,26.363292
dzf2,2,1918.869013,244.356719
dyf3,2,282.517803,36.405999
csyz,2,279.175219,38.210865
dxf3,2,219.545542,28.796725
dzf3,2,829.867804,110.998061
csxz,2,276.009169,37.921226
dxf,3,222.817400,29.287929
dzb,3,830.874424,110.801271
dyb,3,281.442322,36.291763
cvx,3,349.228693,46.105648
dyf,3,282.704531,36.499120
dzb2,3,830.800557,110.914118
dxb,3,230.105958,30.121439
cvy,3,373.941420,49.578274
dzf,3,829.796779,110.744665
dxb2,3,228.651081,29.868665
dyb2,3,281.789954,36.307589
cvz,3,362.139400,48.755130
dzb3,3,832.164364,110.922942
dxb3,3,234.402744,30.476826
dyb3,3,287.696212,37.826700
csxxsyyszz,3,978.682795,123.540724
dyf2,3,282.786317,36.425416
dxf2,3,233.056209,31.069615
csxy,3,185.769218,26.290566
dzf2,3,1926.089529,242.599112
dyf3,3,282.332506,36.319118
csyz,3,279.199406,38.192193
dxf3,3,219.718151,28.867460
dzf3,3,829.854285,110.725502
csxz,3,276.383019,37.916419
dxf,4,223.060948,29.222223
dzb,4,833.090890,110.963962
dyb,4,281.169043,36.239758
cvx,4,348.952507,45.904078
dyf,4,282.422925,36.441879
dzb2,4,830.876881,110.773387
dxb,4,227.059986,29.675822
cvy,4,373.406099,49.509291
dzf,4,830.252048,110.593287
dxb2,4,228.610913,29.886776
dyb2,4,281.935869,36.285046
cvz,4,362.088880,48.729055
dzb3,4,830.806121,110.693304
dxb3,4,234.214937,30.483421
dyb3,4,287.867469,37.853326
csxxsyyszz,4,979.006463,123.535693
dyf2,4,282.860268,36.407801
dxf2,4,233.118980,31.049215
csxy,4,185.731561,26.286726
dzf2,4,1926.044076,242.502729
dyf3,4,283.385385,36.675785
csyz,4,278.994774,38.694457
dxf3,4,219.637136,29.153599
dzf3,4,832.479325,111.510802
csxz,4,276.362059,37.936470
#========================= OptEWE [OpenMP] =========================
#Source type                                  :  Force monopole
#Grid Size                                    :  768 x 768 x 768
#Iterations                                   :  5
#Compute time                                 :  60.541927
#Total effective MLUPS                        :  37.410837
#===================================================================
#Number of threads                            :  6
