dxf,0,117.980627,23.136967
dzb,0,438.476168,89.440043
dyb,0,131.702891,25.800150
cvx,0,147.134440,29.281728
dyf,0,131.634096,25.822551
dzb2,0,437.225626,89.372551
dxb,0,118.664251,23.303804
cvy,0,905.775081,150.412711
dzf,0,436.813640,89.276902
dxb2,0,118.600252,23.304949
dyb2,0,131.337001,25.802289
cvz,0,160.250800,32.644422
dzb3,0,437.136284,89.407064
dxb3,0,118.408863,23.277332
dyb3,0,131.275665,25.787031
csxxsyyszz,0,388.897564,73.395189
dyf2,0,131.639911,25.844601
dxf2,0,117.776092,23.219952
csxy,0,112.216837,23.069788
dzf2,0,436.955859,89.437904
dyf3,0,131.424291,25.866128
csyz,0,134.122966,27.619098
dxf3,0,117.761041,23.214139
dzf3,0,436.785111,89.468397
csxz,0,134.240938,27.717422
dxf,1,117.687811,23.220348
dzb,1,437.319018,89.572944
dyb,1,131.453130,25.830663
cvx,1,147.070938,29.316962
dyf,1,131.589199,25.868779
dzb2,1,439.029247,89.830011
dxb,1,118.752759,23.366955
cvy,1,145.154406,29.017180
dzf,1,436.671036,89.462353
dxb2,1,118.492249,23.357290
dyb2,1,131.686971,25.890227
cvz,1,160.380533,32.724310
dzb3,1,436.984280,89.502335
dxb3,1,118.368008,23.306167
dyb3,1,131.524037,25.857575
csxxsyyszz,1,388.281438,73.366896
dyf2,1,131.713370,25.870412
dxf2,1,117.740917,23.211533
csxy,1,112.219935,23.100694
dzf2,1,436.996492,89.499224
dyf3,1,131.368539,25.847130
csyz,1,134.028625,27.596468
dxf3,1,117.625806,23.195512
dzf3,1,436.858482,89.488288
csxz,1,134.155535,27.694856
dxf,2,117.755580,23.229761
dzb,2,437.338037,89.588172
dyb,2,131.622362,25.863670
cvx,2,146.787944,29.293120
dyf,2,131.719741,25.927124
dzb2,2,437.108466,89.517994
dxb,2,118.522197,23.322452
cvy,2,145.103393,29.009450
dzf,2,436.784134,89.501105
dxb2,2,118.557725,23.351055
dyb2,2,131.326220,25.810292
cvz,2,160.247956,32.710242
dzb3,2,437.142883,89.550933
dxb3,2,118.478580,23.319176
dyb3,2,131.589606,25.860820
csxxsyyszz,2,388.960746,73.453490
dyf2,2,131.678245,25.871309
dxf2,2,117.882424,23.247107
csxy,2,112.315814,23.127821
dzf2,2,436.788032,89.474480
dyf3,2,131.433701,25.880333
csyz,2,134.023357,27.604376
dxf3,2,117.470508,23.169330
dzf3,2,436.793473,89.533560
csxz,2,134.166283,27.717052
dxf,3,117.590707,23.218853
dzb,3,437.322521,89.593959
dyb,3,133.603009,26.219466
cvx,3,146.724449,29.283671
dyf,3,131.614701,25.903603
dzb2,3,437.151991,89.574457
dxb,3,118.515828,23.356136
cvy,3,145.185657,29.018735
dzf,3,436.677106,89.508585
dxb2,3,118.498607,23.333980
dyb2,3,131.568719,25.891462
cvz,3,160.387401,32.720143
dzb3,3,437.130967,89.581476
dxb3,3,118.467665,23.352444
dyb3,3,131.361730,25.825296
csxxsyyszz,3,388.953824,73.519875
dyf2,3,131.634423,25.915155
dxf2,3,117.670040,23.225865
csxy,3,112.286620,23.136953
dzf2,3,437.034402,89.523359
dyf3,3,131.348246,25.855605
csyz,3,134.562629,27.841724
dxf3,3,117.665046,23.219070
dzf3,3,436.547534,89.469941
csxz,3,134.306482,27.703550
dxf,4,117.671314,23.227847
dzb,4,437.297518,89.613615
dyb,4,131.555959,25.886602
cvx,4,146.794959,29.309770
dyf,4,131.512372,25.904970
dzb2,4,437.069730,89.599541
dxb,4,118.412408,23.353887
cvy,4,145.224431,29.045256
dzf,4,436.731205,89.525906
dxb2,4,118.576416,23.377093
dyb2,4,131.319904,25.878413
cvz,4,160.369694,32.755262
dzb3,4,438.481998,89.821540
dxb3,4,118.597099,23.389077
dyb3,4,131.507614,25.868560
csxxsyyszz,4,387.513620,73.457364
dyf2,4,131.655191,25.893383
dxf2,4,117.796853,23.252999
csxy,4,112.218078,23.129597
dzf2,4,436.860675,89.550452
dyf3,4,131.287391,25.872376
csyz,4,134.069760,27.634512
dxf3,4,117.607591,23.217245
dzf3,4,436.815060,89.567530
csxz,4,135.741705,28.075486
#========================= OptEWE [OpenMP] =========================
#Source type                                  :  Force monopole
#Grid Size                                    :  768 x 768 x 768
#Iterations                                   :  5
#Compute time                                 :  27.475910
#Total effective MLUPS                        :  82.433090
#===================================================================
#Number of threads                            :  17
