dxf,0,175.567529,25.699936
dzb,0,730.256256,110.426440
dyb,0,364.405715,51.363158
cvx,0,324.283823,47.449138
dyf,0,201.449389,29.448079
dzb2,0,728.984701,110.328836
dxb,0,360.724400,50.541523
cvy,0,1027.339768,135.715673
dzf,0,679.502887,101.681842
dxb2,0,324.405085,45.781791
dyb2,0,364.605447,51.399903
cvz,0,421.934218,61.048793
dzb3,0,679.496784,105.084025
dxb3,0,323.835963,46.582806
dyb3,0,442.682383,61.723657
csxxsyyszz,0,616.807786,90.211006
dyf2,0,201.286468,29.430585
dxf2,0,395.420840,54.897011
csxy,0,214.775003,32.306236
dzf2,0,1383.403556,194.639756
dyf3,0,333.887494,47.432579
csyz,0,317.399659,46.469946
dxf3,0,175.044077,25.648654
dzf3,0,729.342761,110.426083
csxz,0,317.362975,46.525013
dxf,1,174.899424,25.694812
dzb,1,730.269558,110.477086
dyb,1,364.460337,51.388408
cvx,1,324.795377,47.551262
dyf,1,201.423080,29.443737
dzb2,1,729.336700,110.408204
dxb,1,360.406121,50.500537
cvy,1,445.181650,63.176578
dzf,1,679.327714,101.740420
dxb2,1,324.496621,45.807773
dyb2,1,364.948111,51.428392
cvz,1,422.471063,61.118060
dzb3,1,679.412422,101.743130
dxb3,1,324.362991,45.780576
dyb3,1,442.697321,61.317192
csxxsyyszz,1,614.833738,89.945008
dyf2,1,201.445442,29.385357
dxf2,1,395.447120,54.921577
csxy,1,214.587236,32.297241
dzf2,1,1381.928075,194.790526
dyf3,1,334.492936,47.653794
csyz,1,316.260142,46.491856
dxf3,1,175.095269,25.740117
dzf3,1,730.153157,110.620445
csxz,1,317.088120,46.503481
dxf,2,175.031346,25.762858
dzb,2,729.339699,110.835935
dyb,2,364.888615,51.594102
cvx,2,324.637037,47.529948
dyf,2,201.340965,29.462853
dzb2,2,729.316688,110.734415
dxb,2,360.742502,50.750838
cvy,2,444.942277,63.279943
dzf,2,679.385405,102.052215
dxb2,2,324.262029,45.964266
dyb2,2,364.893005,51.669995
cvz,2,422.384863,61.359369
dzb3,2,679.363530,101.937822
dxb3,2,324.361969,45.845852
dyb3,2,442.983830,61.605555
csxxsyyszz,2,614.738868,90.435969
dyf2,2,200.468955,30.316339
dxf2,2,395.508989,55.162170
csxy,2,213.431557,32.381413
dzf2,2,1383.033390,194.717491
dyf3,2,335.172122,47.605380
csyz,2,316.700997,46.383499
dxf3,2,175.112837,25.697313
dzf3,2,729.228820,110.463574
csxz,2,317.351158,46.508856
dxf,3,175.017964,25.699212
dzb,3,729.168788,110.468570
dyb,3,364.828608,51.476717
cvx,3,324.542984,47.526382
dyf,3,201.411687,29.482751
dzb2,3,728.973791,110.515919
dxb,3,360.674205,50.577083
cvy,3,445.525537,63.227373
dzf,3,679.388728,101.789214
dxb2,3,324.319444,45.809872
dyb2,3,364.596520,51.431269
cvz,3,421.750844,61.064510
dzb3,3,679.601104,101.787852
dxb3,3,324.296903,45.785797
dyb3,3,443.207349,61.396915
csxxsyyszz,3,611.957838,89.615757
dyf2,3,201.424078,29.459015
dxf2,3,395.005589,54.892841
csxy,3,214.512178,32.290786
dzf2,3,1382.934395,194.645513
dyf3,3,333.772815,47.383160
csyz,3,316.485500,46.360522
dxf3,3,175.225711,25.673288
dzf3,3,729.259312,110.431655
csxz,3,317.215862,46.493751
dxf,4,175.014117,25.682332
dzb,4,729.154975,110.371842
dyb,4,364.713638,51.416276
cvx,4,324.953835,47.555273
dyf,4,201.405935,29.396212
dzb2,4,729.209220,110.362596
dxb,4,360.662276,50.536430
cvy,4,445.491918,63.183484
dzf,4,679.351555,101.720298
dxb2,4,324.314079,45.787725
dyb2,4,365.106515,51.477281
cvz,4,422.846691,61.181377
dzb3,4,679.451619,101.723433
dxb3,4,323.995791,45.737986
dyb3,4,442.922815,61.334084
csxxsyyszz,4,611.810720,89.543687
dyf2,4,201.455333,29.397220
dxf2,4,395.430391,54.936934
csxy,4,214.879038,32.340911
dzf2,4,1383.712653,194.737944
dyf3,4,334.013453,47.452525
csyz,4,316.452594,46.332938
dxf3,4,175.141688,25.646506
dzf3,4,729.320420,111.538755
csxz,4,314.703264,46.515755
#========================= OptEWE [OpenMP] =========================
#Source type                                  :  Force monopole
#Grid Size                                    :  768 x 768 x 768
#Iterations                                   :  5
#Compute time                                 :  56.823814
#Total effective MLUPS                        :  39.858714
#===================================================================
#Number of threads                            :  9
