dxf,0,85.748031,17.302868
dzb,0,322.632397,68.347780
dyb,0,92.219140,18.755558
cvx,0,100.799571,21.228438
dyf,0,92.007579,18.788999
dzb2,0,322.413693,68.400088
dxb,0,84.711003,17.240289
cvy,0,982.777147,158.509016
dzf,0,322.520487,68.390642
dxb2,0,85.049817,17.267556
dyb2,0,92.338638,18.797666
cvz,0,115.935762,24.716860
dzb3,0,322.489245,68.414250
dxb3,0,84.757000,17.253470
dyb3,0,92.400261,18.814143
csxxsyyszz,0,258.976759,50.970609
dyf2,0,91.988079,18.770637
dxf2,0,84.136747,17.153501
csxy,0,82.038864,17.549602
dzf2,0,321.837664,68.368207
dyf3,0,91.740287,18.744612
csyz,0,98.309518,20.966470
dxf3,0,84.325955,17.229336
dzf3,0,322.277491,68.424533
csxz,0,98.254329,21.002722
dxf,1,84.147905,17.202498
dzb,1,322.634448,68.523846
dyb,1,92.148961,18.772409
cvx,1,100.789446,21.253109
dyf,1,91.971762,18.815147
dzb2,1,322.360126,68.433994
dxb,1,84.608333,17.224682
cvy,1,100.127687,21.159826
dzf,1,322.601456,68.516714
dxb2,1,84.914653,17.286056
dyb2,1,92.385165,18.823845
cvz,1,115.809801,24.714751
dzb3,1,322.423545,68.454050
dxb3,1,84.687289,17.248141
dyb3,1,92.405160,18.830500
csxxsyyszz,1,255.502859,50.427017
dyf2,1,92.042962,18.772357
dxf2,1,84.158903,17.161810
csxy,1,82.148373,17.567527
dzf2,1,323.029577,68.585017
dyf3,1,91.766392,18.764870
csyz,1,98.273347,20.969566
dxf3,1,84.327892,17.231816
dzf3,1,323.217192,68.600983
csxz,1,98.362329,21.022488
dxf,2,84.323190,17.230487
dzb,2,322.384111,68.456498
dyb,2,92.065168,18.765746
cvx,2,100.789670,21.264396
dyf,2,92.001741,18.805302
dzb2,2,323.124130,68.570543
dxb,2,84.792470,17.259581
cvy,2,100.154819,21.162614
dzf,2,322.549762,68.515068
dxb2,2,84.958314,17.305440
dyb2,2,92.442612,18.849441
cvz,2,115.969891,24.745942
dzb3,2,322.375042,68.444871
dxb3,2,84.572571,17.232275
dyb3,2,92.387859,18.840611
csxxsyyszz,2,258.980968,51.028837
dyf2,2,92.052959,18.768888
dxf2,2,84.280437,17.179979
csxy,2,82.272020,17.574258
dzf2,2,322.042716,68.428609
dyf3,2,91.728998,18.763758
csyz,2,98.279210,20.979417
dxf3,2,84.265569,17.212344
dzf3,2,322.254762,68.479260
csxz,2,98.399478,21.039899
dxf,3,84.285224,17.216972
dzb,3,322.499238,68.514290
dyb,3,92.101691,18.792541
cvx,3,100.773676,21.271890
dyf,3,91.936121,18.853824
dzb2,3,322.415636,68.490931
dxb,3,84.614140,17.240377
cvy,3,100.172816,21.196003
dzf,3,322.417468,68.511222
dxb2,3,84.981339,17.314083
dyb2,3,92.517129,18.847535
cvz,3,115.892087,24.735283
dzb3,3,322.552898,68.510383
dxb3,3,84.732529,17.264991
dyb3,3,92.385651,18.837950
csxxsyyszz,3,258.936735,51.041409
dyf2,3,92.072842,18.786532
dxf2,3,84.261523,17.184206
csxy,3,82.210808,17.589320
dzf2,3,321.834814,68.423525
dyf3,3,91.842189,18.793084
csyz,3,98.370903,20.999113
dxf3,3,84.224217,17.200225
dzf3,3,322.340160,68.492557
csxz,3,98.246124,21.013003
dxf,4,84.253387,17.239369
dzb,4,322.535399,68.519110
dyb,4,92.138596,18.779732
cvx,4,100.799285,21.284460
dyf,4,91.947254,18.843254
dzb2,4,322.349646,68.473182
dxb,4,84.830761,17.285500
cvy,4,100.109388,21.169823
dzf,4,322.486248,68.548855
dxb2,4,85.005709,17.285837
dyb2,4,92.437095,18.841187
cvz,4,116.098864,24.743816
dzb3,4,323.252152,68.601938
dxb3,4,84.678842,17.247406
dyb3,4,92.459209,18.872744
csxxsyyszz,4,256.167052,50.581201
dyf2,4,92.156228,18.796684
dxf2,4,84.187770,17.167330
csxy,4,82.108360,17.573266
dzf2,4,322.820768,68.571762
dyf3,4,91.734624,18.751222
csyz,4,98.325707,20.988482
dxf3,4,84.283639,17.234289
dzf3,4,322.372157,68.495873
csxz,4,98.381494,21.063782
#========================= OptEWE [OpenMP] =========================
#Source type                                  :  Force monopole
#Grid Size                                    :  768 x 768 x 768
#Iterations                                   :  5
#Compute time                                 :  20.126040
#Total effective MLUPS                        :  112.537003
#===================================================================
#Number of threads                            :  24
