dxf,0,104.761928,18.100340
dzb,0,425.043969,74.724370
dyb,0,112.507316,19.551847
cvx,0,127.072995,22.414346
dyf,0,112.736640,19.618153
dzb2,0,424.765374,74.726672
dxb,0,103.962990,18.012578
cvy,0,1148.645111,161.831856
dzf,0,424.062108,74.565123
dxb2,0,103.226199,17.908025
dyb2,0,112.688038,19.597586
cvz,0,148.268318,26.286613
dzb3,0,425.784485,74.867643
dxb3,0,103.366924,17.926408
dyb3,0,112.718189,19.600358
csxxsyyszz,0,327.145723,54.778387
dyf2,0,112.856515,19.647923
dxf2,0,103.033535,17.903671
csxy,0,103.625906,18.523994
dzf2,0,423.727541,74.603463
dyf3,0,114.362173,19.847629
csyz,0,124.968586,22.271187
dxf3,0,103.465053,17.966952
dzf3,0,423.989741,74.649378
csxz,0,125.115895,22.353752
dxf,1,102.741201,17.884995
dzb,1,424.788754,74.805821
dyb,1,112.526022,19.577183
cvx,1,127.116208,22.460522
dyf,1,112.710658,19.630315
dzb2,1,424.737792,74.769179
dxb,1,103.880641,18.014387
cvy,1,126.354534,22.344762
dzf,1,423.809789,74.629786
dxb2,1,103.148810,17.946787
dyb2,1,112.683841,19.630711
cvz,1,154.476588,27.405854
dzb3,1,424.790975,74.895708
dxb3,1,103.172338,17.944126
dyb3,1,112.622487,19.606562
csxxsyyszz,1,327.108085,54.780288
dyf2,1,112.851115,19.664801
dxf2,1,103.060844,17.908907
csxy,1,103.584949,18.547008
dzf2,1,423.735164,74.608669
dyf3,1,112.802187,19.670004
csyz,1,125.029176,22.304786
dxf3,1,103.400636,17.972138
dzf3,1,423.895082,74.650041
csxz,1,125.044915,22.336886
dxf,2,102.865936,17.903371
dzb,2,424.888329,74.834826
dyb,2,112.521404,19.589951
cvx,2,127.030911,22.439173
dyf,2,112.659398,19.635223
dzb2,2,424.865316,74.796739
dxb,2,103.833601,18.028727
cvy,2,126.265077,22.356440
dzf,2,423.737542,74.613449
dxb2,2,103.335701,17.960728
dyb2,2,112.800333,19.621815
cvz,2,148.339577,26.324464
dzb3,2,424.441426,74.669806
dxb3,2,103.154470,17.933404
dyb3,2,112.908339,19.643079
csxxsyyszz,2,324.490595,54.426080
dyf2,2,112.954453,19.660391
dxf2,2,103.692003,18.008708
csxy,2,103.588769,18.539676
dzf2,2,423.599984,74.593090
dyf3,2,112.586020,19.626138
csyz,2,125.589374,22.391497
dxf3,2,103.478258,17.966782
dzf3,2,424.055159,74.693432
csxz,2,125.016186,22.319695
dxf,3,102.744952,17.874040
dzb,3,425.424383,74.880792
dyb,3,112.737349,19.606162
cvx,3,127.496557,22.519696
dyf,3,112.870648,19.658304
dzb2,3,424.829063,74.810551
dxb,3,104.010645,18.051488
cvy,3,126.347491,22.363012
dzf,3,423.764303,74.624767
dxb2,3,103.206162,17.940916
dyb2,3,112.692601,19.612343
cvz,3,148.241779,26.320945
dzb3,3,424.595166,74.744695
dxb3,3,103.195171,17.948342
dyb3,3,112.657775,19.617399
csxxsyyszz,3,324.517924,54.455301
dyf2,3,112.965769,19.670164
dxf2,3,103.029145,17.923023
csxy,3,103.620620,18.533041
dzf2,3,423.641927,74.614555
dyf3,3,112.866179,19.657402
csyz,3,125.024193,22.284946
dxf3,3,103.449984,17.964705
dzf3,3,423.988711,74.675259
csxz,3,125.034182,22.341491
dxf,4,102.744684,17.881279
dzb,4,424.805658,74.822634
dyb,4,112.483640,19.569809
cvx,4,127.033077,22.463559
dyf,4,112.880673,19.672180
dzb2,4,424.744361,74.797505
dxb,4,103.978245,18.058669
cvy,4,126.351624,22.374231
dzf,4,423.891502,74.633079
dxb2,4,103.119381,17.935529
dyb2,4,112.607237,19.614279
cvz,4,148.313431,26.348004
dzb3,4,424.594772,74.739766
dxb3,4,103.124928,17.912799
dyb3,4,112.683737,19.624144
csxxsyyszz,4,321.452624,54.003791
dyf2,4,112.878126,19.658740
dxf2,4,103.100394,17.954933
csxy,4,104.298305,18.649471
dzf2,4,423.657838,74.594929
dyf3,4,112.729968,19.650489
csyz,4,125.079675,22.286095
dxf3,4,103.373067,17.953932
dzf3,4,424.571544,74.772803
csxz,4,125.064843,22.388750
#========================= OptEWE [OpenMP] =========================
#Source type                                  :  Force monopole
#Grid Size                                    :  768 x 768 x 768
#Iterations                                   :  5
#Compute time                                 :  25.647764
#Total effective MLUPS                        :  88.308834
#===================================================================
#Number of threads                            :  22
