dxf,0,263.780817,33.103372
dzb,0,1092.019008,136.969650
dyb,0,324.684775,40.215595
cvx,0,365.453852,46.656979
dyf,0,327.691431,40.594892
dzb2,0,1091.745614,136.927920
dxb,0,271.097638,33.863744
cvy,0,1234.290415,144.767732
dzf,0,1090.567128,137.235311
dxb2,0,274.866739,34.300580
dyb2,0,324.915607,40.170058
cvz,0,393.273606,51.210320
dzb3,0,1091.726171,136.631450
dxb3,0,270.136679,33.702281
dyb3,0,335.483274,42.351900
csxxsyyszz,0,1063.113542,130.147679
dyf2,0,325.811876,40.372275
dxf2,0,285.250038,36.381678
csxy,0,241.829563,32.211722
dzf2,0,2357.857730,286.997706
dyf3,0,325.426954,40.482565
csyz,0,348.236608,45.296503
dxf3,0,263.458041,33.110958
dzf3,0,1093.467932,136.910170
csxz,0,344.573150,44.788533
dxf,1,263.531265,33.007663
dzb,1,1092.181401,136.741807
dyb,1,324.659274,40.117453
cvx,1,364.503752,46.718101
dyf,1,326.182294,40.312476
dzb2,1,1091.520160,136.734617
dxb,1,270.965079,33.882464
cvy,1,438.086178,55.790149
dzf,1,1090.414122,136.724147
dxb2,1,274.803523,34.230960
dyb2,1,324.438256,40.105444
cvz,1,393.255974,51.220718
dzb3,1,1091.352242,136.535102
dxb3,1,270.221475,33.717703
dyb3,1,335.608149,42.294219
csxxsyyszz,1,1064.100357,130.036729
dyf2,1,327.197341,40.514538
dxf2,1,286.757773,36.431678
csxy,1,241.828756,32.096049
dzf2,1,2358.554292,286.071641
dyf3,1,325.161187,40.339252
csyz,1,348.122278,45.271560
dxf3,1,263.246330,33.075162
dzf3,1,1090.935037,137.443825
csxz,1,344.230927,46.055684
dxf,2,263.451867,33.539162
dzb,2,1091.993900,137.113543
dyb,2,324.734956,40.262651
cvx,2,364.746458,46.701124
dyf,2,326.189737,40.527458
dzb2,2,1091.265153,137.555067
dxb,2,271.164134,33.924569
cvy,2,439.076701,55.858445
dzf,2,1092.408961,137.488127
dxb2,2,274.858660,34.311895
dyb2,2,324.970912,40.304367
cvz,2,393.476116,51.337550
dzb3,2,1091.529522,137.186807
dxb3,2,270.044516,33.781501
dyb3,2,335.761618,42.412445
csxxsyyszz,2,1064.738407,130.689644
dyf2,2,325.778929,40.399450
dxf2,2,285.709039,36.286665
csxy,2,242.034074,32.081665
dzf2,2,2355.524759,286.158899
dyf3,2,326.132637,40.534284
csyz,2,348.080246,45.333473
dxf3,2,263.896214,33.088477
dzf3,2,1091.244109,136.808487
csxz,2,345.096530,44.869385
dxf,3,264.909467,33.215389
dzb,3,1092.038036,136.960931
dyb,3,324.980569,40.213478
cvx,3,364.657199,46.732039
dyf,3,326.223568,40.398511
dzb2,3,1091.298895,136.954888
dxb,3,271.268629,33.902119
cvy,3,438.773106,55.818669
dzf,3,1090.694795,136.837497
dxb2,3,274.914912,34.340582
dyb2,3,325.202425,40.269656
cvz,3,393.855801,51.324769
dzb3,3,1091.868516,136.863667
dxb3,3,271.615572,34.020720
dyb3,3,335.746364,42.407405
csxxsyyszz,3,1064.676697,130.275950
dyf2,3,326.183896,40.369980
dxf2,3,285.749511,36.312340
csxy,3,243.291184,32.237943
dzf2,3,2342.609905,288.387864
dyf3,3,325.883721,40.403476
csyz,3,348.392526,45.230681
dxf3,3,263.907423,33.202914
dzf3,3,1091.157550,137.008903
csxz,3,344.537266,44.844984
dxf,4,263.356536,33.126773
dzb,4,1092.234765,137.160198
dyb,4,324.866141,40.358887
cvx,4,365.725849,46.901723
dyf,4,326.176821,40.364753
dzb2,4,1091.773424,137.092352
dxb,4,271.200230,34.035504
cvy,4,439.826171,55.971993
dzf,4,1092.506900,137.284374
dxb2,4,274.802294,34.400193
dyb2,4,326.252705,40.472617
cvz,4,393.532734,51.294998
dzb3,4,1091.408269,137.015545
dxb3,4,270.056487,33.790321
dyb3,4,335.311356,42.455193
csxxsyyszz,4,1064.594940,130.254586
dyf2,4,326.247255,40.440609
dxf2,4,285.749272,36.318657
csxy,4,242.023277,32.068455
dzf2,4,2356.845797,285.920096
dyf3,4,325.664865,40.366632
csyz,4,348.295029,45.245389
dxf3,4,263.847210,33.181897
dzf3,4,1091.241420,137.350401
csxz,4,344.695290,44.940024
#========================= OptEWE [OpenMP] =========================
#Source type                                  :  Force monopole
#Grid Size                                    :  768 x 768 x 768
#Iterations                                   :  5
#Compute time                                 :  73.809837
#Total effective MLUPS                        :  30.685939
#===================================================================
#Number of threads                            :  5
