dxf,0,277.726828,39.303322
dzb,0,942.417096,136.668944
dyb,0,371.387260,51.426680
cvx,0,513.628292,71.511393
dyf,0,371.469775,51.456779
dzb2,0,943.042262,136.724160
dxb,0,291.270157,41.003854
cvy,0,1407.590711,184.890007
dzf,0,941.629968,136.523236
dxb2,0,290.806818,40.943010
dyb2,0,369.976575,51.323030
cvz,0,523.619959,74.643769
dzb3,0,944.706440,136.988796
dxb3,0,292.209374,41.110330
dyb3,0,375.513754,52.837498
csxxsyyszz,0,1419.686996,192.292777
dyf2,0,371.496215,51.499159
dxf2,0,281.012409,40.539018
csxy,0,220.674746,33.607545
dzf2,0,1764.408310,248.601353
dyf3,0,371.842657,51.605878
csyz,0,286.156927,43.181750
dxf3,0,278.216252,39.389086
dzf3,0,945.054320,137.069547
csxz,0,284.084396,42.982788
dxf,1,277.473774,39.297720
dzb,1,942.609551,136.758014
dyb,1,369.061251,51.209237
cvx,1,513.035773,71.465134
dyf,1,371.436640,51.489034
dzb2,1,944.012445,136.877186
dxb,1,291.524382,41.040513
cvy,1,511.327579,73.360305
dzf,1,939.087376,139.978654
dxb2,1,291.837972,41.063992
dyb2,1,369.680539,51.299152
cvz,1,523.096494,74.776766
dzb3,1,942.930260,136.889572
dxb3,1,292.552625,41.164591
dyb3,1,374.591919,53.013971
csxxsyyszz,1,1419.457810,192.388347
dyf2,1,374.866636,51.910304
dxf2,1,280.174291,40.457614
csxy,1,220.513376,33.597000
dzf2,1,1765.247388,248.821078
dyf3,1,371.802990,51.620807
csyz,1,286.305340,43.199921
dxf3,1,277.736236,39.374212
dzf3,1,940.816800,136.639654
csxz,1,283.717103,42.952404
dxf,2,277.927548,39.346048
dzb,2,943.371741,137.052319
dyb,2,369.384261,51.263639
cvx,2,513.662951,71.545019
dyf,2,371.181482,51.493966
dzb2,2,944.928981,137.266413
dxb,2,291.391875,41.061266
cvy,2,510.581584,72.528262
dzf,2,941.507700,137.087711
dxb2,2,295.023106,41.666922
dyb2,2,370.687214,51.453526
cvz,2,523.196176,74.775569
dzb3,2,942.787066,137.270268
dxb3,2,292.621975,41.299634
dyb3,2,375.532702,52.964927
csxxsyyszz,2,1419.461016,192.802083
dyf2,2,371.348071,51.602571
dxf2,2,280.192510,40.477260
csxy,2,220.424434,33.610381
dzf2,2,1763.634716,249.079548
dyf3,2,371.760220,51.637917
csyz,2,285.916288,43.305856
dxf3,2,277.705728,39.493561
dzf3,2,941.325605,136.997685
csxz,2,284.263747,43.039990
dxf,3,277.776703,39.376589
dzb,3,945.067198,139.618456
dyb,3,371.169152,52.526155
cvx,3,513.627585,72.608239
dyf,3,371.446778,51.867736
dzb2,3,943.308263,137.009782
dxb,3,291.773342,41.158463
cvy,3,510.507639,72.649622
dzf,3,941.702900,136.848002
dxb2,3,290.928941,41.068928
dyb2,3,369.583031,51.387356
cvz,3,523.305901,74.738547
dzb3,3,942.758948,136.937107
dxb3,3,292.872384,41.276203
dyb3,3,375.188892,52.967937
csxxsyyszz,3,1419.355469,192.991636
dyf2,3,370.715712,51.524749
dxf2,3,280.348114,40.502970
csxy,3,220.727617,33.631878
dzf2,3,1759.134869,248.817808
dyf3,3,371.404249,51.518025
csyz,3,287.109857,43.305777
dxf3,3,277.748359,39.429315
dzf3,3,941.596981,136.928342
csxz,3,283.960994,42.994807
dxf,4,279.545816,39.766759
dzb,4,943.880524,137.548859
dyb,4,370.121121,51.449073
cvx,4,513.483721,71.589225
dyf,4,371.562589,51.563647
dzb2,4,942.756380,136.840236
dxb,4,291.431252,41.055625
cvy,4,510.501806,72.515309
dzf,4,941.361145,138.275018
dxb2,4,290.876813,41.050985
dyb2,4,369.668322,51.376173
cvz,4,523.488606,74.779473
dzb3,4,945.212015,137.710999
dxb3,4,291.373593,41.128674
dyb3,4,375.171912,53.068165
csxxsyyszz,4,1419.305351,192.976831
dyf2,4,370.816363,51.596055
dxf2,4,280.558408,40.497411
csxy,4,220.863598,33.731566
dzf2,4,1758.454369,249.433998
dyf3,4,371.558278,52.081412
csyz,4,286.670631,43.269472
dxf3,4,277.906243,39.363825
dzf3,4,942.173224,136.782290
csxz,4,284.674021,43.124089
#========================= OptEWE [OpenMP] =========================
#Source type                                  :  Force monopole
#Grid Size                                    :  768 x 768 x 768
#Iterations                                   :  5
#Compute time                                 :  71.781364
#Total effective MLUPS                        :  31.553094
#===================================================================
#Number of threads                            :  4
