dxf,0,132.511140,25.591213
dzb,0,494.814784,99.219839
dyb,0,138.986752,27.086283
cvx,0,154.622469,31.067841
dyf,0,138.733042,27.108436
dzb2,0,494.713498,99.410356
dxb,0,132.677104,25.719926
cvy,0,787.188078,132.757420
dzf,0,494.169507,99.297058
dxb2,0,132.462433,25.710809
dyb2,0,139.006398,27.110190
cvz,0,179.104908,36.151978
dzb3,0,494.455371,99.429639
dxb3,0,132.284039,25.704565
dyb3,0,143.892891,28.108111
csxxsyyszz,0,368.941449,70.663254
dyf2,0,138.981662,27.164461
dxf2,0,135.134625,26.288123
csxy,0,126.804235,25.674885
dzf2,0,1038.115948,183.039426
dyf3,0,139.002324,27.335028
csyz,0,151.663181,30.713280
dxf3,0,131.902444,25.749984
dzf3,0,495.685631,99.728555
csxz,0,151.884436,30.703612
dxf,1,132.130685,25.682531
dzb,1,494.797267,99.675086
dyb,1,138.559710,27.048958
cvx,1,154.540856,31.102337
dyf,1,138.702674,27.139407
dzb2,1,494.576525,99.468710
dxb,1,132.656416,25.769869
cvy,1,147.612106,29.915475
dzf,1,493.935050,99.388086
dxb2,1,132.368775,25.719672
dyb2,1,139.015349,27.154331
cvz,1,179.221241,36.207517
dzb3,1,494.451085,99.485599
dxb3,1,132.230404,25.704874
dyb3,1,143.897092,28.135726
csxxsyyszz,1,367.129686,70.448852
dyf2,1,139.052822,27.176443
dxf2,1,135.314047,26.302902
csxy,1,126.875059,25.680056
dzf2,1,1035.726338,183.798598
dyf3,1,138.787084,27.092973
csyz,1,151.609398,30.580383
dxf3,1,131.914188,25.641192
dzf3,1,494.111671,99.345831
csxz,1,151.729415,30.694339
dxf,2,132.154163,25.683643
dzb,2,494.771336,99.506768
dyb,2,138.638081,27.066609
cvx,2,154.576454,31.114580
dyf,2,138.821327,27.154194
dzb2,2,494.588387,99.495027
dxb,2,132.611757,25.757112
cvy,2,147.640857,29.913870
dzf,2,494.043779,99.403523
dxb2,2,132.504691,25.730383
dyb2,2,138.868541,27.319781
cvz,2,179.102947,36.498409
dzb3,2,495.917851,100.535118
dxb3,2,132.296357,25.925642
dyb3,2,145.745919,28.471142
csxxsyyszz,2,368.907546,70.709230
dyf2,2,138.880997,27.159914
dxf2,2,135.309358,26.297916
csxy,2,126.733303,25.657676
dzf2,2,1035.932325,183.755484
dyf3,2,138.615398,27.086438
csyz,2,151.600205,30.589428
dxf3,2,131.970877,25.650350
dzf3,2,494.075883,99.407617
csxz,2,151.702763,30.686221
dxf,3,132.185527,25.688505
dzb,3,494.713533,99.514218
dyb,3,138.883791,27.112471
cvx,3,154.611651,31.124266
dyf,3,138.653145,27.154104
dzb2,3,494.636699,99.489787
dxb,3,132.699762,25.758112
cvy,3,147.758783,29.966274
dzf,3,493.845760,99.402419
dxb2,3,132.474384,25.719555
dyb2,3,139.069501,27.169470
cvz,3,179.185656,36.222231
dzb3,3,494.410317,99.493844
dxb3,3,132.216545,25.710444
dyb3,3,143.918865,28.141969
csxxsyyszz,3,363.784907,69.885944
dyf2,3,139.001494,27.170478
dxf2,3,135.339902,26.320647
csxy,3,126.849857,25.688334
dzf2,3,1036.285641,183.756876
dyf3,3,138.680446,27.098901
csyz,3,151.709831,30.609193
dxf3,3,131.892682,25.627590
dzf3,3,494.101569,99.402325
csxz,3,151.783281,30.689859
dxf,4,132.125171,25.688978
dzb,4,496.028526,99.728251
dyb,4,138.661181,27.090061
cvx,4,154.488899,31.111315
dyf,4,138.829200,27.157842
dzb2,4,494.628372,99.437876
dxb,4,132.476777,25.750914
cvy,4,147.918933,29.974803
dzf,4,493.912209,99.410930
dxb2,4,132.350794,25.714326
dyb2,4,138.788180,27.130734
cvz,4,179.168805,36.206327
dzb3,4,494.514502,99.525652
dxb3,4,132.237271,25.706826
dyb3,4,143.976078,28.150922
csxxsyyszz,4,366.988989,70.401550
dyf2,4,139.062168,27.190352
dxf2,4,134.904606,26.248989
csxy,4,126.805795,25.676315
dzf2,4,1032.168790,183.670638
dyf3,4,138.780696,27.097921
csyz,4,151.631028,30.587223
dxf3,4,131.930606,25.656162
dzf3,4,494.108501,99.434352
csxz,4,151.632066,30.746307
#========================= OptEWE [OpenMP] =========================
#Source type                                  :  Force monopole
#Grid Size                                    :  768 x 768 x 768
#Iterations                                   :  5
#Compute time                                 :  32.751915
#Total effective MLUPS                        :  69.153946
#===================================================================
#Number of threads                            :  15
