dxf,0,487.567049,55.489416
dzb,0,1668.089145,192.376871
dyb,0,656.020082,73.680500
cvx,0,915.598193,101.755457
dyf,0,653.399433,73.435236
dzb2,0,1665.096499,194.287140
dxb,0,508.906642,60.403101
cvy,0,2365.418078,260.161880
dzf,0,1662.022283,192.500804
dxb2,0,512.505394,58.302348
dyb2,0,653.308752,73.939837
cvz,0,924.821801,104.236952
dzb3,0,1669.497705,192.687855
dxb3,0,509.810112,57.854966
dyb3,0,661.947871,75.586982
csxxsyyszz,0,2509.820191,275.954773
dyf2,0,653.138777,73.366180
dxf2,0,489.255146,56.564022
csxy,0,385.566736,45.263491
dzf2,0,2443.297500,285.044373
dyf3,0,653.216574,73.445850
csyz,0,453.998079,53.167414
dxf3,0,492.620259,56.136894
dzf3,0,1663.085585,191.951286
csxz,0,452.648139,53.126832
dxf,1,487.260023,55.385221
dzb,1,1664.205783,192.111625
dyb,1,655.096042,73.762741
cvx,1,914.496894,102.081961
dyf,1,653.601906,73.820467
dzb2,1,1666.066049,194.396592
dxb,1,509.601763,57.820477
cvy,1,905.343257,103.442951
dzf,1,1662.632825,192.018599
dxb2,1,510.650965,58.018600
dyb2,1,653.906332,73.529020
cvz,1,925.082714,103.817954
dzb3,1,1666.242727,192.770693
dxb3,1,509.707521,57.887586
dyb3,1,663.672024,76.033484
csxxsyyszz,1,2510.611527,276.972066
dyf2,1,652.992320,73.445908
dxf2,1,490.718529,56.933696
csxy,1,385.868339,45.511026
dzf2,1,2443.019081,285.790385
dyf3,1,653.197920,73.460706
csyz,1,451.890832,53.071484
dxf3,1,492.881449,56.330536
dzf3,1,1662.241736,192.310825
csxz,1,453.130602,53.403307
dxf,2,487.329813,55.577896
dzb,2,1667.899518,193.097839
dyb,2,656.113491,73.801673
cvx,2,915.413621,102.109420
dyf,2,653.801573,73.782130
dzb2,2,1665.191276,193.986413
dxb,2,508.874246,60.301846
cvy,2,904.068868,104.952314
dzf,2,1662.921420,191.513903
dxb2,2,510.903116,57.853041
dyb2,2,655.048330,73.430717
cvz,2,927.140916,103.591403
dzb3,2,1666.668194,191.970345
dxb3,2,511.611132,57.963396
dyb3,2,662.206014,75.560547
csxxsyyszz,2,2510.765795,275.944098
dyf2,2,652.203159,73.256175
dxf2,2,487.692839,56.419777
csxy,2,385.465223,45.293034
dzf2,2,2443.827442,285.084958
dyf3,2,653.947212,73.463604
csyz,2,451.946585,52.951203
dxf3,2,491.621542,56.251774
dzf3,2,1663.754537,192.157024
csxz,2,452.696200,53.179463
dxf,3,487.406019,55.589702
dzb,3,1667.253050,192.343208
dyb,3,655.079510,73.466243
cvx,3,913.979031,101.579652
dyf,3,653.524840,73.405679
dzb2,3,1665.549249,192.361941
dxb,3,511.213987,58.002980
cvy,3,907.444707,104.410795
dzf,3,1664.126898,192.328140
dxb2,3,510.958310,57.953474
dyb2,3,655.247655,73.562393
cvz,3,925.724564,103.627972
dzb3,3,1665.289601,192.231057
dxb3,3,509.902369,57.828515
dyb3,3,662.872001,75.648518
csxxsyyszz,3,2511.084501,276.005701
dyf2,3,654.770339,73.590670
dxf2,3,489.349185,56.572900
csxy,3,386.015202,45.285775
dzf2,3,2443.622886,285.111317
dyf3,3,653.218097,73.579781
csyz,3,452.253019,53.044596
dxf3,3,493.011870,56.276183
dzf3,3,1662.491640,192.425784
csxz,3,453.024119,53.271403
dxf,4,487.582757,55.644384
dzb,4,1666.441657,193.011504
dyb,4,656.467565,73.861952
cvx,4,914.038587,102.136325
dyf,4,653.399032,73.585323
dzb2,4,1667.228632,193.073612
dxb,4,511.349873,58.148478
cvy,4,905.769589,104.231033
dzf,4,1655.283380,197.539386
dxb2,4,510.856479,58.003411
dyb2,4,655.320489,73.772303
cvz,4,927.208963,103.905788
dzb3,4,1667.968065,192.605709
dxb3,4,509.761263,57.897057
dyb3,4,661.982419,75.654579
csxxsyyszz,4,2512.994442,276.337668
dyf2,4,653.097456,73.383349
dxf2,4,489.193879,56.598286
csxy,4,385.832910,45.271434
dzf2,4,2443.627606,285.093253
dyf3,4,653.238541,73.390600
csyz,4,451.707499,52.990374
dxf3,4,492.977310,56.061323
dzf3,4,1664.342585,192.051243
csxz,4,452.849632,53.119085
#========================= OptEWE [OpenMP] =========================
#Source type                                  :  Force monopole
#Grid Size                                    :  768 x 768 x 768
#Iterations                                   :  5
#Compute time                                 :  122.709518
#Total effective MLUPS                        :  18.457608
#===================================================================
#Number of threads                            :  3
