dxf,0,206.652277,29.312209
dzb,0,767.526653,110.963242
dyb,0,260.345947,36.309440
cvx,0,324.500490,45.044350
dyf,0,261.668907,36.510398
dzb2,0,768.578793,111.091823
dxb,0,210.171732,29.788496
cvy,0,1003.308190,128.220537
dzf,0,767.357263,110.869401
dxb2,0,213.715070,30.253355
dyb2,0,262.040461,36.646581
cvz,0,331.929758,46.909000
dzb3,0,766.114690,110.789733
dxb3,0,210.738068,29.846524
dyb3,0,260.510918,36.385271
csxxsyyszz,0,882.272518,118.750110
dyf2,0,261.524940,36.531951
dxf2,0,207.423083,29.534466
csxy,0,189.088715,27.641601
dzf2,0,766.578670,110.805925
dyf3,0,261.605065,36.595862
csyz,0,227.149699,33.192249
dxf3,0,204.927187,29.119183
dzf3,0,765.599724,110.710384
csxz,0,225.520909,33.026145
dxf,1,206.611462,29.318712
dzb,1,769.147816,111.311074
dyb,1,260.562248,36.409471
cvx,1,324.015760,45.132736
dyf,1,260.719258,36.499078
dzb2,1,767.775167,111.123097
dxb,1,210.405852,29.824409
cvy,1,317.322038,44.213578
dzf,1,766.742558,110.843841
dxb2,1,213.339132,30.223084
dyb2,1,260.751668,36.445145
cvz,1,332.127636,46.984002
dzb3,1,765.931803,110.832052
dxb3,1,210.504145,29.865399
dyb3,1,260.278609,36.395418
csxxsyyszz,1,884.212649,119.058082
dyf2,1,261.442987,36.503106
dxf2,1,207.986813,29.543829
csxy,1,189.167048,27.713096
dzf2,1,766.606291,110.898381
dyf3,1,260.942478,36.579130
csyz,1,227.086944,33.249395
dxf3,1,204.539532,29.148620
dzf3,1,765.344633,110.848118
csxz,1,225.500534,33.025397
dxf,2,206.492596,29.347387
dzb,2,768.635499,111.318132
dyb,2,260.386330,36.372963
cvx,2,323.538930,47.755465
dyf,2,259.991643,38.880205
dzb2,2,765.873469,116.083748
dxb,2,210.432976,29.875774
cvy,2,317.292994,44.285373
dzf,2,767.929579,111.087152
dxb2,2,213.338438,30.242831
dyb2,2,260.614155,36.464719
cvz,2,331.962888,47.060723
dzb3,2,766.070403,111.126589
dxb3,2,210.377300,29.869855
dyb3,2,260.515610,36.479518
csxxsyyszz,2,884.037609,119.044741
dyf2,2,262.095246,36.596909
dxf2,2,207.668780,29.483128
csxy,2,189.159391,27.713831
dzf2,2,766.253929,110.779687
dyf3,2,260.704217,36.512645
csyz,2,228.417666,33.373682
dxf3,2,204.874471,29.122010
dzf3,2,765.498240,110.719162
csxz,2,225.702799,33.039111
dxf,3,206.353187,29.314181
dzb,3,767.537961,111.060569
dyb,3,260.109949,36.370096
cvx,3,324.446494,45.168848
dyf,3,261.518153,36.542438
dzb2,3,767.471429,111.151991
dxb,3,210.657284,29.838933
cvy,3,317.344258,44.236445
dzf,3,768.485857,111.082881
dxb2,3,213.448667,30.228922
dyb2,3,261.086161,36.454527
cvz,3,332.026463,46.994667
dzb3,3,765.771477,110.811099
dxb3,3,210.727449,29.871112
dyb3,3,260.487474,36.401508
csxxsyyszz,3,881.881659,118.702467
dyf2,3,261.565461,36.553524
dxf2,3,207.870016,29.516796
csxy,3,189.099136,27.693370
dzf2,3,766.211257,110.782622
dyf3,3,261.195676,36.567642
csyz,3,227.102351,33.191652
dxf3,3,204.797553,29.118781
dzf3,3,765.107070,110.721938
csxz,3,225.662193,33.043232
dxf,4,206.585498,29.347555
dzb,4,768.817214,111.203666
dyb,4,260.140858,36.334702
cvx,4,322.815581,44.957922
dyf,4,263.016631,36.722207
dzb2,4,767.844898,111.048317
dxb,4,210.774374,29.869810
cvy,4,316.940884,44.181483
dzf,4,766.762657,110.818542
dxb2,4,213.541746,30.245580
dyb2,4,260.511229,36.414149
cvz,4,331.914981,46.972697
dzb3,4,765.468820,110.809718
dxb3,4,210.333732,29.836633
dyb3,4,260.731774,36.420471
csxxsyyszz,4,873.055474,118.788798
dyf2,4,261.756067,36.546944
dxf2,4,208.034930,29.521518
csxy,4,188.953123,27.673800
dzf2,4,766.241802,110.900403
dyf3,4,261.309703,36.609190
csyz,4,227.211293,33.230023
dxf3,4,204.584662,29.103905
dzf3,4,765.348087,110.861341
csxz,4,225.696718,33.115426
#========================= OptEWE [OpenMP] =========================
#Source type                                  :  Force monopole
#Grid Size                                    :  768 x 768 x 768
#Iterations                                   :  5
#Compute time                                 :  50.270561
#Total effective MLUPS                        :  45.054682
#===================================================================
#Number of threads                            :  5
