dxf,0,221.866421,32.626053
dzb,0,762.039015,115.690411
dyb,0,281.441175,40.767574
cvx,0,368.824705,53.796945
dyf,0,283.243254,40.927034
dzb2,0,763.306872,115.819467
dxb,0,225.120587,33.181484
cvy,0,1122.641543,152.063741
dzf,0,764.004930,116.597398
dxb2,0,225.909677,33.322921
dyb2,0,281.735711,40.750382
cvz,0,378.420994,56.905429
dzb3,0,762.707286,115.748939
dxb3,0,236.208695,34.582118
dyb3,0,286.041450,42.223268
csxxsyyszz,0,1006.220519,142.237328
dyf2,0,283.158631,40.964732
dxf2,0,226.986395,34.058412
csxy,0,175.140066,28.056671
dzf2,0,1687.034694,241.984345
dyf3,0,283.348306,40.944451
csyz,0,251.250757,39.188662
dxf3,0,215.824907,31.825595
dzf3,0,763.291762,115.556134
csxz,0,249.025702,38.926511
dxf,1,221.631599,32.604194
dzb,1,761.229879,115.626750
dyb,1,281.196932,40.739771
cvx,1,371.995000,54.290325
dyf,1,282.840551,40.975403
dzb2,1,761.896326,115.790514
dxb,1,225.244974,33.129739
cvy,1,371.096730,55.206855
dzf,1,764.809979,115.812172
dxb2,1,225.739237,33.181802
dyb2,1,281.747359,40.743355
cvz,1,378.626245,56.937166
dzb3,1,762.953067,115.806211
dxb3,1,236.018447,34.576330
dyb3,1,285.425211,42.182762
csxxsyyszz,1,1003.232906,141.886577
dyf2,1,282.762983,40.921602
dxf2,1,227.029881,34.083604
csxy,1,175.113100,28.070159
dzf2,1,1686.999037,242.010524
dyf3,1,283.105044,41.026514
csyz,1,251.774896,39.343683
dxf3,1,215.152978,31.874492
dzf3,1,761.362010,115.826683
csxz,1,250.273049,39.295475
dxf,2,221.651792,32.794276
dzb,2,761.264030,115.905688
dyb,2,281.274531,40.798596
cvx,2,367.995364,53.912691
dyf,2,282.799645,41.096936
dzb2,2,761.886447,115.951525
dxb,2,224.688368,33.156571
cvy,2,369.906142,55.152032
dzf,2,764.397054,116.382442
dxb2,2,225.448048,33.327329
dyb2,2,281.239014,40.870462
cvz,2,378.808123,57.268310
dzb3,2,763.151485,116.847966
dxb3,2,236.735165,34.650244
dyb3,2,286.482133,42.263574
csxxsyyszz,2,1006.333553,142.257424
dyf2,2,283.105581,41.035035
dxf2,2,227.344314,34.122370
csxy,2,175.175613,28.061871
dzf2,2,1686.535162,241.636121
dyf3,2,283.391436,40.969203
csyz,2,252.912607,39.408314
dxf3,2,217.430095,32.036561
dzf3,2,762.983297,115.556514
csxz,2,249.281980,38.992393
dxf,3,221.958275,32.712220
dzb,3,761.385157,115.608175
dyb,3,281.550916,40.763448
cvx,3,368.614680,53.791341
dyf,3,283.246025,40.910042
dzb2,3,762.584472,115.579456
dxb,3,225.351211,33.085925
cvy,3,371.189683,55.172170
dzf,3,763.992843,115.753651
dxb2,3,225.710076,33.220520
dyb2,3,281.812988,40.801018
cvz,3,379.018522,56.946661
dzb3,3,763.125721,115.663297
dxb3,3,236.321868,34.547426
dyb3,3,286.234123,42.230340
csxxsyyszz,3,1003.107881,141.703083
dyf2,3,283.294819,40.947780
dxf2,3,227.212928,34.078714
csxy,3,175.069012,28.037499
dzf2,3,1686.357623,241.730817
dyf3,3,283.214870,40.985414
csyz,3,251.426102,39.247067
dxf3,3,215.945857,31.974664
dzf3,3,763.568212,116.108279
csxz,3,248.925471,38.928333
dxf,4,221.556908,32.618790
dzb,4,761.749420,115.622427
dyb,4,281.155140,40.665538
cvx,4,369.309382,54.079559
dyf,4,283.075616,40.938941
dzb2,4,762.587317,115.738718
dxb,4,225.012710,33.110074
cvy,4,371.206633,55.198450
dzf,4,764.244945,115.929769
dxb2,4,225.772020,33.224291
dyb2,4,281.591955,40.798992
cvz,4,378.348528,56.914694
dzb3,4,764.013799,116.145804
dxb3,4,235.630475,34.530800
dyb3,4,285.673110,42.254610
csxxsyyszz,4,1001.592167,142.416317
dyf2,4,283.510399,43.231356
dxf2,4,227.781884,35.377684
csxy,4,174.698268,28.777444
dzf2,4,1675.957716,242.486690
dyf3,4,283.850341,41.052726
csyz,4,251.702909,39.277840
dxf3,4,216.185544,32.036614
dzf3,4,763.603411,116.214572
csxz,4,256.325354,40.530566
#========================= OptEWE [OpenMP] =========================
#Source type                                  :  Force monopole
#Grid Size                                    :  768 x 768 x 768
#Iterations                                   :  5
#Compute time                                 :  57.503105
#Total effective MLUPS                        :  39.387858
#===================================================================
#Number of threads                            :  5
