dxf,0,207.232687,28.439587
dzb,0,851.260209,117.534532
dyb,0,247.486301,33.705223
cvx,0,278.208263,38.230907
dyf,0,248.057008,33.845269
dzb2,0,850.453391,117.605124
dxb,0,209.543415,28.762564
cvy,0,973.359790,120.528519
dzf,0,849.811600,117.522650
dxb2,0,209.610431,28.784429
dyb2,0,247.275545,33.713636
cvz,0,299.600746,41.683321
dzb3,0,849.698043,117.328220
dxb3,0,209.833362,28.784463
dyb3,0,247.842947,33.763873
csxxsyyszz,0,756.397242,100.132947
dyf2,0,248.835011,33.929524
dxf2,0,212.081381,29.089215
csxy,0,206.952507,29.004319
dzf2,0,850.781000,117.696861
dyf3,0,248.528901,33.864299
csyz,0,254.159271,35.434989
dxf3,0,206.439934,28.343681
dzf3,0,850.097577,117.824569
csxz,0,250.263661,34.949890
dxf,1,206.837217,28.556090
dzb,1,850.005111,117.782571
dyb,1,247.103296,33.753540
cvx,1,277.887948,38.237605
dyf,1,248.601943,33.890286
dzb2,1,850.263070,117.627705
dxb,1,209.709270,28.752532
cvy,1,273.948054,37.684044
dzf,1,849.188441,117.386204
dxb2,1,209.776075,28.811898
dyb2,1,247.648135,33.771024
cvz,1,299.570518,41.669785
dzb3,1,849.891531,117.437205
dxb3,1,209.670025,28.784166
dyb3,1,247.877354,33.732474
csxxsyyszz,1,751.383769,99.430871
dyf2,1,248.853814,33.925244
dxf2,1,211.763064,29.050934
csxy,1,206.920754,28.979848
dzf2,1,850.875365,117.593943
dyf3,1,248.777734,33.918853
csyz,1,253.947313,35.403118
dxf3,1,206.175562,28.361406
dzf3,1,849.973250,117.473092
csxz,1,250.155276,34.961929
dxf,2,206.924512,28.482711
dzb,2,850.007339,117.441929
dyb,2,247.200272,33.648151
cvx,2,278.315596,38.206145
dyf,2,248.832549,33.932796
dzb2,2,850.569109,118.780675
dxb,2,209.642655,28.753955
cvy,2,274.063415,37.681733
dzf,2,850.435719,117.636992
dxb2,2,209.655859,28.789674
dyb2,2,247.487614,33.741183
cvz,2,299.559746,41.617158
dzb3,2,849.709359,117.470693
dxb3,2,209.858507,28.880657
dyb3,2,247.697223,33.727980
csxxsyyszz,2,757.301154,100.215061
dyf2,2,250.516209,34.108477
dxf2,2,210.912996,28.934253
csxy,2,207.028682,28.952564
dzf2,2,850.793082,117.605539
dyf3,2,248.601401,33.870200
csyz,2,253.755743,35.387357
dxf3,2,206.132730,28.363194
dzf3,2,849.971008,117.415227
csxz,2,250.233929,34.890503
dxf,3,207.181102,28.422843
dzb,3,850.011117,117.257260
dyb,3,247.153607,33.677780
cvx,3,277.873338,38.176708
dyf,3,248.263115,33.871405
dzb2,3,850.116163,117.589546
dxb,3,209.800313,28.796335
cvy,3,274.090268,37.758913
dzf,3,850.007849,117.436014
dxb2,3,209.890992,28.793114
dyb2,3,247.672243,33.715378
cvz,3,299.591641,41.565229
dzb3,3,849.373255,117.232719
dxb3,3,209.829052,28.802020
dyb3,3,247.819747,33.728864
csxxsyyszz,3,752.929664,99.612267
dyf2,3,248.602133,33.861723
dxf2,3,210.772230,28.901396
csxy,3,207.942427,29.096642
dzf2,3,849.560261,117.428118
dyf3,3,248.988932,33.829503
csyz,3,253.870149,35.311470
dxf3,3,206.443753,28.318152
dzf3,3,849.862762,117.289172
csxz,3,250.273520,34.960081
dxf,4,206.992501,28.475774
dzb,4,850.050159,117.436621
dyb,4,247.178925,33.661376
cvx,4,278.061371,38.197066
dyf,4,248.420164,33.893950
dzb2,4,850.168595,117.528072
dxb,4,209.752583,28.779595
cvy,4,274.109526,37.725440
dzf,4,849.593948,117.413556
dxb2,4,209.974896,28.881001
dyb2,4,247.268317,33.684101
cvz,4,299.668760,41.609653
dzb3,4,849.779052,117.444879
dxb3,4,209.848410,28.771360
dyb3,4,247.376067,33.660282
csxxsyyszz,4,760.564519,100.483346
dyf2,4,249.291524,34.808197
dxf2,4,210.402593,30.383821
csxy,4,206.391565,30.359281
dzf2,4,848.874937,121.042073
dyf3,4,248.399875,33.855660
csyz,4,254.921016,35.582392
dxf3,4,205.914964,28.362796
dzf3,4,849.938656,117.481669
csxz,4,250.314680,35.065124
#========================= OptEWE [OpenMP] =========================
#Source type                                  :  Force monopole
#Grid Size                                    :  768 x 768 x 768
#Iterations                                   :  5
#Compute time                                 :  51.507580
#Total effective MLUPS                        :  43.972638
#===================================================================
#Number of threads                            :  6
