dxf,0,138.109234,25.304817
dzb,0,545.097449,101.893609
dyb,0,141.386682,26.234273
cvx,0,166.652949,31.470251
dyf,0,141.493423,26.310602
dzb2,0,545.005561,102.122905
dxb,0,137.812383,25.337525
cvy,0,795.811653,128.964920
dzf,0,543.681579,101.880314
dxb2,0,138.239994,25.421964
dyb2,0,141.593241,26.322975
cvz,0,194.333337,36.646582
dzb3,0,545.217840,102.145737
dxb3,0,137.602885,25.336254
dyb3,0,150.178704,27.806278
csxxsyyszz,0,341.323984,63.354282
dyf2,0,141.527778,26.344579
dxf2,0,143.885706,26.421012
csxy,0,136.372842,25.813995
dzf2,0,1159.557110,192.895591
dyf3,0,141.123084,26.221014
csyz,0,164.186718,30.885400
dxf3,0,137.390449,25.261927
dzf3,0,544.237886,102.023544
csxz,0,164.110853,30.937243
dxf,1,137.507378,25.299378
dzb,1,544.878016,102.157764
dyb,1,142.537412,26.557367
cvx,1,166.652758,31.860931
dyf,1,141.440162,26.512611
dzb2,1,544.939231,102.352510
dxb,1,137.827845,25.344210
cvy,1,162.268483,30.839421
dzf,1,543.821811,102.017601
dxb2,1,137.768056,25.350437
dyb2,1,141.461409,26.312316
cvz,1,194.303473,36.658918
dzb3,1,544.812030,102.160236
dxb3,1,137.717009,25.334851
dyb3,1,149.960491,27.795822
csxxsyyszz,1,343.441243,63.953113
dyf2,1,141.214966,26.302891
dxf2,1,143.971935,26.446651
csxy,1,136.402445,25.849622
dzf2,1,1161.048838,192.520836
dyf3,1,141.247803,26.266288
csyz,1,164.289355,30.918316
dxf3,1,137.489931,25.300372
dzf3,1,544.840757,102.201172
csxz,1,164.205325,30.966057
dxf,2,137.538006,25.309342
dzb,2,545.034860,101.797588
dyb,2,141.491540,26.278095
cvx,2,166.828713,31.532612
dyf,2,141.454300,26.355260
dzb2,2,545.047119,101.947100
dxb,2,137.824555,25.362940
cvy,2,162.360126,30.885424
dzf,2,543.753608,102.083252
dxb2,2,137.844738,25.383265
dyb2,2,141.620996,26.336181
cvz,2,194.395028,36.691441
dzb3,2,544.738600,102.195603
dxb3,2,137.624723,25.337676
dyb3,2,150.264474,27.837605
csxxsyyszz,2,343.537583,63.795550
dyf2,2,151.003424,28.147457
dxf2,2,145.706562,26.968971
csxy,2,139.805859,26.587529
dzf2,2,1159.235699,192.952705
dyf3,2,141.126192,26.239972
csyz,2,164.215140,30.937365
dxf3,2,137.536394,25.324877
dzf3,2,544.151995,102.137377
csxz,2,164.188065,31.015100
dxf,3,137.590683,25.370137
dzb,3,544.951185,102.330676
dyb,3,141.391124,26.307771
cvx,3,166.693960,31.523142
dyf,3,141.421382,26.312041
dzb2,3,544.842206,102.221401
dxb,3,138.824894,25.536839
cvy,3,162.338383,30.850479
dzf,3,545.581728,102.385839
dxb2,3,139.164477,25.578504
dyb2,3,141.387060,26.320609
cvz,3,194.470487,36.727015
dzb3,3,544.683552,102.058581
dxb3,3,137.546449,25.302485
dyb3,3,149.821875,27.769261
csxxsyyszz,3,343.195076,63.742764
dyf2,3,141.345191,26.330730
dxf2,3,143.868208,26.433798
csxy,3,136.469349,25.851670
dzf2,3,1161.483818,192.340043
dyf3,3,141.316332,26.278290
csyz,3,164.204902,30.924679
dxf3,3,137.524115,25.305055
dzf3,3,546.010101,102.313373
csxz,3,164.256141,30.985535
dxf,4,137.601510,25.351098
dzb,4,544.876811,102.018076
dyb,4,141.161323,26.292036
cvx,4,166.656396,31.545178
dyf,4,141.415890,26.383705
dzb2,4,545.063350,101.727178
dxb,4,137.764322,25.327697
cvy,4,162.378222,30.861639
dzf,4,543.852947,102.128221
dxb2,4,137.863935,25.399818
dyb2,4,141.829116,26.403398
cvz,4,194.417612,36.724097
dzb3,4,544.629324,102.236323
dxb3,4,137.663901,25.367916
dyb3,4,150.045243,27.820929
csxxsyyszz,4,341.434094,63.488449
dyf2,4,141.470396,26.372480
dxf2,4,144.048531,26.484950
csxy,4,136.449551,25.844335
dzf2,4,1153.747539,193.335493
dyf3,4,141.658432,26.508205
csyz,4,164.233073,31.098422
dxf3,4,137.437052,25.295956
dzf3,4,544.198411,102.021751
csxz,4,164.093841,30.995376
#========================= OptEWE [OpenMP] =========================
#Source type                                  :  Force monopole
#Grid Size                                    :  768 x 768 x 768
#Iterations                                   :  5
#Compute time                                 :  35.167141
#Total effective MLUPS                        :  64.404558
#===================================================================
#Number of threads                            :  15
