dxf,0,91.434275,17.816288
dzb,0,343.210739,69.874347
dyb,0,96.504861,19.019950
cvx,0,105.851994,21.470889
dyf,0,96.867220,19.112989
dzb2,0,342.621968,69.832630
dxb,0,90.090374,17.629315
cvy,0,912.839684,144.089219
dzf,0,342.190002,69.775424
dxb2,0,90.224300,17.672194
dyb2,0,96.900374,19.094688
cvz,0,122.957315,25.127541
dzb3,0,342.622228,69.863061
dxb3,0,90.543602,17.716036
dyb3,0,96.925651,19.104738
csxxsyyszz,0,264.014920,50.604016
dyf2,0,96.818645,19.099700
dxf2,0,90.241582,17.679993
csxy,0,87.287501,17.905093
dzf2,0,342.112626,69.754053
dyf3,0,96.922866,19.120384
csyz,0,104.308181,21.374566
dxf3,0,89.925424,17.658858
dzf3,0,342.328794,69.824374
csxz,0,104.352080,21.448413
dxf,1,89.924721,17.662178
dzb,1,343.264210,69.965080
dyb,1,96.491207,19.010613
cvx,1,105.965726,21.514260
dyf,1,96.715756,19.102965
dzb2,1,342.680921,69.892586
dxb,1,90.131891,17.656421
cvy,1,105.426891,21.412620
dzf,1,341.886337,69.781815
dxb2,1,90.172423,17.666566
dyb2,1,96.934134,19.110613
cvz,1,123.001292,25.119200
dzb3,1,342.595005,69.864232
dxb3,1,90.521679,17.733762
dyb3,1,96.807917,19.096596
csxxsyyszz,1,265.766909,50.879058
dyf2,1,96.965111,19.138859
dxf2,1,90.377882,17.717625
csxy,1,87.186374,17.896105
dzf2,1,342.130159,69.801637
dyf3,1,98.571799,19.380078
csyz,1,104.305329,21.389972
dxf3,1,89.896320,17.657464
dzf3,1,342.300202,69.825632
csxz,1,104.307053,21.472861
dxf,2,90.005206,17.687490
dzb,2,344.167500,70.179705
dyb,2,96.579970,19.101891
cvx,2,105.837724,21.507808
dyf,2,96.823007,19.138598
dzb2,2,342.844707,69.932968
dxb,2,90.110165,17.711054
cvy,2,105.428224,21.439371
dzf,2,342.001323,69.836743
dxb2,2,90.258176,17.714148
dyb2,2,96.786418,19.129884
cvz,2,123.122567,25.182381
dzb3,2,342.642405,69.930051
dxb3,2,90.513061,17.739084
dyb3,2,96.913055,19.136496
csxxsyyszz,2,265.628856,50.884962
dyf2,2,97.034119,19.157132
dxf2,2,90.408260,17.731074
csxy,2,87.164453,17.928454
dzf2,2,341.996178,69.804484
dyf3,2,96.860466,19.146003
csyz,2,104.310304,21.425680
dxf3,2,89.898731,17.666335
dzf3,2,342.270103,69.865012
csxz,2,104.347374,21.478331
dxf,3,89.918071,17.682734
dzb,3,343.211636,70.035690
dyb,3,96.451620,19.082288
cvx,3,105.789466,21.503315
dyf,3,96.852106,19.147191
dzb2,3,342.784849,69.949282
dxb,3,90.141336,17.728081
cvy,3,105.461856,21.454711
dzf,3,341.942322,69.812308
dxb2,3,90.212153,17.691755
dyb2,3,96.837891,19.156486
cvz,3,122.982240,25.163257
dzb3,3,342.584193,69.892029
dxb3,3,90.509681,17.752563
dyb3,3,96.758338,19.102983
csxxsyyszz,3,265.729052,50.905027
dyf2,3,97.034459,19.174352
dxf2,3,90.500467,17.772152
csxy,3,87.244586,17.922023
dzf2,3,342.032004,69.820637
dyf3,3,96.890775,19.158420
csyz,3,104.280155,21.427481
dxf3,3,89.894208,17.672979
dzf3,3,342.338110,69.899295
csxz,3,104.220891,21.465816
dxf,4,89.922069,17.675121
dzb,4,343.076028,69.992729
dyb,4,96.547713,19.073714
cvx,4,105.728642,21.503797
dyf,4,96.840829,19.170407
dzb2,4,342.794158,69.955168
dxb,4,90.146002,17.706095
cvy,4,107.052732,21.691436
dzf,4,341.893173,69.849745
dxb2,4,90.224655,17.695187
dyb2,4,96.837048,19.143597
cvz,4,122.948783,25.148479
dzb3,4,343.356523,70.017858
dxb3,4,90.511345,17.764081
dyb3,4,96.865311,19.126327
csxxsyyszz,4,265.680903,50.899783
dyf2,4,96.956078,19.175661
dxf2,4,90.399575,17.765972
csxy,4,87.170585,17.924696
dzf2,4,342.201212,69.866991
dyf3,4,96.845061,19.173098
csyz,4,104.252614,21.409896
dxf3,4,89.932414,17.690002
dzf3,4,342.201924,69.898472
csxz,4,104.384758,21.699621
#========================= OptEWE [OpenMP] =========================
#Source type                                  :  Force monopole
#Grid Size                                    :  768 x 768 x 768
#Iterations                                   :  5
#Compute time                                 :  21.176228
#Total effective MLUPS                        :  106.955980
#===================================================================
#Number of threads                            :  22
