dxf,0,578.729108,69.428657
dzb,0,1967.295764,239.702843
dyb,0,775.565045,91.945629
cvx,0,1088.554283,128.006116
dyf,0,778.439636,92.307345
dzb2,0,1968.948723,239.972241
dxb,0,607.472150,72.530203
cvy,0,2544.082814,296.155813
dzf,0,1964.889618,240.051963
dxb2,0,608.220855,73.042836
dyb2,0,775.844367,92.385513
cvz,0,1098.782446,130.226943
dzb3,0,1970.592016,240.326281
dxb3,0,616.243414,73.485903
dyb3,0,785.434779,94.403494
csxxsyyszz,0,3011.817509,352.107623
dyf2,0,778.214825,92.665803
dxf2,0,581.310932,70.866462
csxy,0,457.835294,56.600884
dzf2,0,2610.803477,323.391033
dyf3,0,779.851974,92.763190
csyz,0,520.206726,64.005731
dxf3,0,580.996210,69.814130
dzf3,0,1966.758213,239.786346
csxz,0,522.857373,64.280024
dxf,1,579.637531,69.560867
dzb,1,1969.021202,239.773904
dyb,1,776.381898,92.073103
cvx,1,1089.885050,128.139286
dyf,1,778.765423,92.349970
dzb2,1,1970.768633,240.016778
dxb,1,607.458072,72.710934
cvy,1,1080.816347,130.320152
dzf,1,1965.457477,239.510897
dxb2,1,608.036528,72.692385
dyb2,1,777.592716,92.286727
cvz,1,1099.243089,129.907991
dzb3,1,1968.685395,239.783502
dxb3,1,614.611491,73.379222
dyb3,1,783.955055,97.238262
csxxsyyszz,1,2983.755170,347.730542
dyf2,1,778.303243,92.407418
dxf2,1,581.423739,70.944291
csxy,1,458.103989,56.471149
dzf2,1,2611.456781,323.498198
dyf3,1,778.335326,92.506024
csyz,1,520.373215,64.201293
dxf3,1,580.880062,69.587209
dzf3,1,1967.473458,240.676755
csxz,1,523.152107,64.617380
dxf,2,579.321511,69.762124
dzb,2,1966.194425,239.962384
dyb,2,775.960948,92.278182
cvx,2,1088.039339,127.895153
dyf,2,778.627801,92.372956
dzb2,2,1966.323296,240.975886
dxb,2,608.658036,72.912491
cvy,2,1080.123661,130.269823
dzf,2,1966.028905,239.575301
dxb2,2,606.979429,72.584330
dyb2,2,776.060293,92.082095
cvz,2,1098.431975,136.001852
dzb3,2,1963.242634,242.129131
dxb3,2,614.527842,73.563769
dyb3,2,783.269711,94.502237
csxxsyyszz,2,3013.557274,351.925009
dyf2,2,778.144618,92.620531
dxf2,2,581.336144,70.936095
csxy,2,457.852125,56.597853
dzf2,2,2610.393360,323.598074
dyf3,2,777.942674,92.643708
csyz,2,519.810854,64.052219
dxf3,2,580.852775,70.041786
dzf3,2,1966.398525,240.332262
csxz,2,522.965630,64.475098
dxf,3,579.629289,69.776864
dzb,3,1969.579189,240.813776
dyb,3,775.909633,92.351968
cvx,3,1089.755575,128.679304
dyf,3,778.736274,92.693451
dzb2,3,1969.281949,240.768941
dxb,3,607.296305,72.960816
cvy,3,1079.248593,130.328624
dzf,3,1965.112803,242.248101
dxb2,3,609.578969,72.995084
dyb2,3,775.860010,92.525048
cvz,3,1098.553337,130.119145
dzb3,3,1968.234176,240.545935
dxb3,3,614.543541,73.477483
dyb3,3,783.852745,94.330934
csxxsyyszz,3,2986.542483,348.440817
dyf2,3,778.129716,92.657290
dxf2,3,582.999091,70.984255
csxy,3,458.033652,56.586447
dzf2,3,2611.387095,323.967271
dyf3,3,778.103615,92.539586
csyz,3,519.270381,63.961327
dxf3,3,581.312848,69.959579
dzf3,3,1965.062363,240.018700
csxz,3,522.594884,64.966695
dxf,4,579.844462,69.764219
dzb,4,1972.456836,241.450718
dyb,4,776.460242,92.560321
cvx,4,1089.612650,128.922346
dyf,4,778.709812,92.689926
dzb2,4,1969.273797,240.576487
dxb,4,607.365491,72.690253
cvy,4,1078.876383,130.051927
dzf,4,1964.996421,240.594365
dxb2,4,607.722356,73.069381
dyb2,4,775.959626,92.153942
cvz,4,1101.241421,130.257363
dzb3,4,1968.891861,239.780290
dxb3,4,614.522719,73.418130
dyb3,4,783.887372,94.330358
csxxsyyszz,4,2981.861900,347.122004
dyf2,4,778.290409,92.324947
dxf2,4,583.171479,70.956640
csxy,4,458.061385,56.445360
dzf2,4,2613.168130,323.531191
dyf3,4,778.130523,92.409108
csyz,4,520.194327,64.025382
dxf3,4,581.079132,69.767369
dzf3,4,1964.563688,239.663274
csxz,4,523.250701,64.385897
#========================= OptEWE [OpenMP] =========================
#Source type                                  :  Force monopole
#Grid Size                                    :  768 x 768 x 768
#Iterations                                   :  5
#Compute time                                 :  143.755203
#Total effective MLUPS                        :  15.755424
#===================================================================
#Number of threads                            :  2
