dxf,0,95.003055,18.952864
dzb,0,386.303394,79.233637
dyb,0,94.927959,19.422532
cvx,0,115.541936,24.044943
dyf,0,95.217445,19.529637
dzb2,0,386.263928,79.326463
dxb,0,93.983755,18.950463
cvy,0,1119.995219,185.187108
dzf,0,385.439566,79.170480
dxb2,0,92.935668,18.779678
dyb2,0,95.284538,19.538487
cvz,0,135.338986,28.099880
dzb3,0,386.060554,79.333079
dxb3,0,93.100802,18.800971
dyb3,0,95.221869,19.515329
csxxsyyszz,0,226.552649,46.591470
dyf2,0,95.195976,19.544862
dxf2,0,93.081701,18.810464
csxy,0,94.993992,19.791528
dzf2,0,385.316464,79.224349
dyf3,0,95.080150,19.521081
csyz,0,114.581481,23.760470
dxf3,0,92.807526,18.785008
dzf3,0,385.446584,79.262307
csxz,0,114.240276,23.714582
dxf,1,92.900197,18.822790
dzb,1,386.225545,79.410533
dyb,1,95.213107,19.486908
cvx,1,115.667150,24.066305
dyf,1,95.040968,19.515119
dzb2,1,386.267700,79.426045
dxb,1,92.909135,18.781606
cvy,1,115.197482,23.988767
dzf,1,386.235017,79.412107
dxb2,1,92.955831,18.801800
dyb2,1,95.337812,19.553097
cvz,1,135.360776,28.116878
dzb3,1,386.015124,79.348118
dxb3,1,93.064696,18.804578
dyb3,1,95.241044,19.539510
csxxsyyszz,1,226.487410,46.603757
dyf2,1,95.279691,19.556033
dxf2,1,93.119896,18.826882
csxy,1,94.947263,19.793537
dzf2,1,385.285315,79.252167
dyf3,1,95.050779,19.527913
csyz,1,114.543626,23.758174
dxf3,1,92.769313,18.784428
dzf3,1,385.563304,79.355302
csxz,1,114.263526,23.718916
dxf,2,93.037457,18.838003
dzb,2,386.244328,79.467777
dyb,2,95.190033,19.506228
cvx,2,115.625710,24.076336
dyf,2,95.220394,19.561778
dzb2,2,386.183183,79.403938
dxb,2,92.939674,18.793588
cvy,2,115.251165,24.015953
dzf,2,385.941377,79.407312
dxb2,2,92.988046,18.806461
dyb2,2,95.268581,19.547860
cvz,2,135.258801,28.112850
dzb3,2,386.191552,79.401305
dxb3,2,94.610381,19.073231
dyb3,2,95.243342,19.507211
csxxsyyszz,2,226.493787,46.593397
dyf2,2,95.169607,19.537608
dxf2,2,93.211145,18.857595
csxy,2,95.055591,19.805003
dzf2,2,385.320040,79.268395
dyf3,2,95.066361,19.520088
csyz,2,114.605056,23.764370
dxf3,2,92.828833,18.792777
dzf3,2,385.539983,79.351997
csxz,2,114.232331,23.718103
dxf,3,92.970479,18.844077
dzb,3,386.342231,79.485556
dyb,3,95.037419,19.474097
cvx,3,115.602825,24.101830
dyf,3,95.069459,19.524155
dzb2,3,386.261540,79.434360
dxb,3,92.950174,18.791014
cvy,3,115.202020,24.030328
dzf,3,385.287768,79.250805
dxb2,3,92.928297,18.798578
dyb2,3,95.193754,19.533979
cvz,3,135.378260,28.119274
dzb3,3,386.057507,79.367526
dxb3,3,93.123181,18.810882
dyb3,3,95.265558,19.540488
csxxsyyszz,3,226.548658,46.610025
dyf2,3,95.318766,19.557912
dxf2,3,93.103012,18.822488
csxy,3,94.999107,19.798407
dzf2,3,385.266082,79.251073
dyf3,3,95.114587,19.530603
csyz,3,114.602720,23.771172
dxf3,3,92.762020,18.779991
dzf3,3,385.542486,79.338191
csxz,3,114.235509,23.723071
dxf,4,92.982887,18.848447
dzb,4,386.187135,79.455886
dyb,4,94.967879,19.471506
cvx,4,115.603592,24.069260
dyf,4,95.132119,19.540210
dzb2,4,386.290662,79.459888
dxb,4,93.016464,18.798749
cvy,4,115.194078,23.996796
dzf,4,385.448151,79.308445
dxb2,4,92.913320,18.791718
dyb2,4,95.339648,19.574114
cvz,4,135.549644,28.166374
dzb3,4,386.079760,79.381554
dxb3,4,93.022809,18.795380
dyb3,4,95.107045,19.516921
csxxsyyszz,4,226.991257,46.718259
dyf2,4,95.313841,19.559235
dxf2,4,93.156347,18.831678
csxy,4,95.021079,19.775527
dzf2,4,385.313638,79.269940
dyf3,4,95.090962,19.527468
csyz,4,114.466714,23.746539
dxf3,4,94.145187,19.001269
dzf3,4,385.422035,79.264106
csxz,4,114.274184,23.761066
#========================= OptEWE [OpenMP] =========================
#Source type                                  :  Force monopole
#Grid Size                                    :  768 x 768 x 768
#Iterations                                   :  5
#Compute time                                 :  22.814304
#Total effective MLUPS                        :  99.276495
#===================================================================
#Number of threads                            :  24
