dxf,0,366.950737,43.249954
dzb,0,1269.429247,152.135373
dyb,0,490.744858,56.900967
cvx,0,684.823019,79.804216
dyf,0,490.649217,56.914310
dzb2,0,1267.791991,151.933852
dxb,0,384.883986,45.201682
cvy,0,1901.746782,211.373203
dzf,0,1266.737479,151.820681
dxb2,0,383.124110,45.037233
dyb2,0,489.285704,56.684146
cvz,0,696.445360,82.415152
dzb3,0,1269.286795,152.446234
dxb3,0,389.197790,45.704735
dyb3,0,496.396209,58.463984
csxxsyyszz,0,1869.361090,213.955040
dyf2,0,490.569107,56.972197
dxf2,0,369.750664,44.535769
csxy,0,298.844468,37.420805
dzf2,0,2204.316631,262.014526
dyf3,0,490.062253,56.888681
csyz,0,374.036493,46.807284
dxf3,0,366.534897,43.317601
dzf3,0,1266.934884,152.071899
csxz,0,371.646060,46.602970
dxf,1,366.816877,43.395283
dzb,1,1263.616299,157.810064
dyb,1,489.455588,57.101074
cvx,1,684.515299,79.953830
dyf,1,491.332683,57.016017
dzb2,1,1267.113673,152.321738
dxb,1,382.425571,45.177256
cvy,1,679.501013,81.039848
dzf,1,1266.670359,152.430238
dxb2,1,383.305852,45.240543
dyb2,1,488.149193,56.837749
cvz,1,696.895727,82.703949
dzb3,1,1267.446690,152.378375
dxb3,1,390.866200,45.976757
dyb3,1,494.730843,58.578973
csxxsyyszz,1,1869.834167,214.320991
dyf2,1,491.159708,57.217489
dxf2,1,369.868497,44.555694
csxy,1,299.003394,37.355308
dzf2,1,2203.655927,262.264281
dyf3,1,491.253857,57.137655
csyz,1,373.845195,47.007667
dxf3,1,366.306387,43.492910
dzf3,1,1266.398124,152.315581
csxz,1,372.172310,46.847686
dxf,2,366.821026,43.511402
dzb,2,1267.060066,152.344000
dyb,2,487.759162,56.911468
cvx,2,686.460054,80.205447
dyf,2,492.454133,57.286919
dzb2,2,1267.656971,152.608938
dxb,2,383.257006,45.071894
cvy,2,679.113612,80.829352
dzf,2,1266.287838,153.398834
dxb2,2,381.735056,46.815244
dyb2,2,488.967113,57.023792
cvz,2,696.628201,82.709127
dzb3,2,1267.461979,152.256613
dxb3,2,388.972638,45.945397
dyb3,2,494.928999,58.409977
csxxsyyszz,2,1870.914591,214.525163
dyf2,2,491.046596,57.031749
dxf2,2,371.394391,44.798078
csxy,2,298.854523,37.545217
dzf2,2,2204.751004,262.335130
dyf3,2,492.775684,57.437418
csyz,2,373.813421,46.816890
dxf3,2,366.422422,43.259253
dzf3,2,1266.507088,152.438432
csxz,2,371.847720,46.660159
dxf,3,366.622689,43.349147
dzb,3,1267.364410,152.595440
dyb,3,489.185371,56.859952
cvx,3,684.577456,80.006495
dyf,3,491.219897,57.189752
dzb2,3,1270.309960,152.684862
dxb,3,382.479328,45.217721
cvy,3,679.096081,81.141758
dzf,3,1266.596402,152.219811
dxb2,3,383.130616,45.535695
dyb2,3,487.441658,58.519039
cvz,3,696.458303,82.394233
dzb3,3,1268.059001,151.900110
dxb3,3,388.924251,45.628916
dyb3,3,494.555122,58.242339
csxxsyyszz,3,1869.591574,213.239479
dyf2,3,491.318879,56.869411
dxf2,3,370.678778,44.800067
csxy,3,301.057995,37.510782
dzf2,3,2207.865027,261.978821
dyf3,3,491.053037,56.827684
csyz,3,373.877810,46.766879
dxf3,3,366.320752,43.193496
dzf3,3,1266.475459,151.551938
csxz,3,371.957870,46.603802
dxf,4,366.734013,43.202237
dzb,4,1267.188318,151.685508
dyb,4,488.357157,56.537555
cvx,4,683.163057,79.533392
dyf,4,490.177698,56.778791
dzb2,4,1268.559643,151.897777
dxb,4,383.827848,45.043194
cvy,4,679.306103,80.165599
dzf,4,1265.492847,151.595452
dxb2,4,382.530876,44.910145
dyb2,4,489.268253,56.677889
cvz,4,696.341191,82.360301
dzb3,4,1267.569727,151.708065
dxb3,4,388.989496,45.578596
dyb3,4,494.801150,58.193751
csxxsyyszz,4,1869.742063,213.300364
dyf2,4,491.086544,56.870784
dxf2,4,370.216132,44.378911
csxy,4,299.539894,37.299806
dzf2,4,2208.279229,262.008077
dyf3,4,491.269751,56.793472
csyz,4,374.147958,46.770732
dxf3,4,366.447984,43.185844
dzf3,4,1266.746664,151.645331
csxz,4,371.884623,46.647522
#========================= OptEWE [OpenMP] =========================
#Source type                                  :  Force monopole
#Grid Size                                    :  768 x 768 x 768
#Iterations                                   :  5
#Compute time                                 :  94.838287
#Total effective MLUPS                        :  23.881960
#===================================================================
#Number of threads                            :  4
