dxf,0,175.144155,28.368652
dzb,0,559.769492,95.762114
dyb,0,270.414531,42.039393
cvx,0,283.177508,45.006468
dyf,0,188.830569,30.702483
dzb2,0,559.592172,95.810706
dxb,0,269.112465,41.522389
cvy,0,939.302085,135.219070
dzf,0,538.558225,92.941060
dxb2,0,268.350931,41.405057
dyb2,0,272.151312,42.339393
cvz,0,359.484244,56.568728
dzb3,0,540.102982,93.187941
dxb3,0,268.736646,41.494430
dyb3,0,333.176878,50.653203
csxxsyyszz,0,475.364152,76.833345
dyf2,0,188.754694,30.665186
dxf2,0,329.685040,49.897979
csxy,0,200.647302,32.703523
dzf2,0,1155.582799,176.195161
dyf3,0,271.031649,42.181037
csyz,0,278.564767,44.330473
dxf3,0,175.031714,28.385298
dzf3,0,558.758125,95.705661
csxz,0,281.384677,44.777821
dxf,1,174.966196,28.411129
dzb,1,559.855367,95.874106
dyb,1,270.607134,42.085999
cvx,1,282.748232,44.961199
dyf,1,188.972051,30.742892
dzb2,1,559.577351,95.860286
dxb,1,268.924294,41.517552
cvy,1,379.102065,58.391791
dzf,1,538.707229,93.040223
dxb2,1,268.605440,41.479518
dyb2,1,271.225797,42.218455
cvz,1,359.033215,56.536790
dzb3,1,540.149877,93.231286
dxb3,1,269.057075,41.542387
dyb3,1,332.902153,50.632522
csxxsyyszz,1,474.544319,76.726387
dyf2,1,193.358283,31.346723
dxf2,1,329.651441,49.878204
csxy,1,200.548069,32.711549
dzf2,1,1155.561082,176.630428
dyf3,1,271.275021,42.241519
csyz,1,278.583326,44.373348
dxf3,1,175.114934,28.423775
dzf3,1,558.980021,95.905622
csxz,1,281.317436,44.866775
dxf,2,174.679844,28.423809
dzb,2,560.281797,95.990376
dyb,2,272.662083,42.982713
cvx,2,287.744144,45.829726
dyf,2,188.968869,30.728326
dzb2,2,559.775876,95.904023
dxb,2,268.886414,41.512327
cvy,2,379.461034,59.119978
dzf,2,538.533905,94.028017
dxb2,2,268.624490,41.480346
dyb2,2,271.182396,42.187859
cvz,2,358.929693,56.517467
dzb3,2,539.195024,93.085017
dxb3,2,268.602752,41.488305
dyb3,2,334.090403,50.795660
csxxsyyszz,2,473.569285,76.572911
dyf2,2,188.908743,30.703263
dxf2,2,330.088312,49.983895
csxy,2,200.513789,32.698388
dzf2,2,1157.948491,176.052251
dyf3,2,271.377284,42.234828
csyz,2,278.734332,44.386575
dxf3,2,175.026497,28.408802
dzf3,2,558.721586,95.731703
csxz,2,281.669031,44.839743
dxf,3,174.598092,28.366857
dzb,3,559.687299,95.847320
dyb,3,270.539634,42.080102
cvx,3,283.064248,45.037507
dyf,3,188.854136,30.723461
dzb2,3,559.580593,95.862462
dxb,3,268.821012,41.515795
cvy,3,378.885449,58.455667
dzf,3,538.548305,93.135444
dxb2,3,268.631395,41.492481
dyb2,3,271.308229,42.235634
cvz,3,359.496928,56.645536
dzb3,3,539.395491,93.251607
dxb3,3,268.563055,41.526064
dyb3,3,332.959312,50.663147
csxxsyyszz,3,475.127417,76.833306
dyf2,3,188.876210,30.690892
dxf2,3,330.222300,50.055408
csxy,3,200.510460,32.730354
dzf2,3,1157.601439,176.199869
dyf3,3,270.973632,42.163546
csyz,3,278.757452,44.375199
dxf3,3,174.830790,28.391874
dzf3,3,558.913318,95.727127
csxz,3,281.451082,44.794231
dxf,4,174.807831,28.406768
dzb,4,559.677894,95.850449
dyb,4,270.498515,42.097449
cvx,4,282.838700,45.033223
dyf,4,188.878776,30.733931
dzb2,4,559.770546,95.944395
dxb,4,268.837751,41.507179
cvy,4,379.703991,58.476780
dzf,4,538.791417,93.069355
dxb2,4,268.778195,41.498730
dyb2,4,271.213826,42.212742
cvz,4,359.720282,56.640872
dzb3,4,539.069732,93.063511
dxb3,4,268.570188,41.478302
dyb3,4,333.032744,50.637379
csxxsyyszz,4,475.272711,76.815078
dyf2,4,188.849738,30.698021
dxf2,4,329.896582,49.957404
csxy,4,200.507400,32.701689
dzf2,4,1157.461454,176.166453
dyf3,4,272.616637,42.433176
csyz,4,278.790603,44.395287
dxf3,4,174.862139,28.409136
dzf3,4,558.849374,95.762331
csxz,4,281.577393,45.014168
#========================= OptEWE [OpenMP] =========================
#Source type                                  :  Force monopole
#Grid Size                                    :  768 x 768 x 768
#Iterations                                   :  5
#Compute time                                 :  46.475807
#Total effective MLUPS                        :  48.733401
#===================================================================
#Number of threads                            :  14
