dxf,0,206.168262,29.416766
dzb,0,730.032509,106.935174
dyb,0,337.146528,46.086015
cvx,0,338.906634,47.532402
dyf,0,212.664712,30.654524
dzb2,0,730.254373,107.036758
dxb,0,335.783671,45.593842
cvy,0,1012.903481,131.051002
dzf,0,685.552121,101.580211
dxb2,0,335.752994,45.604372
dyb2,0,337.355510,46.158492
cvz,0,433.766027,60.173567
dzb3,0,686.406322,101.686280
dxb3,0,335.565522,45.573307
dyb3,0,412.292834,55.357905
csxxsyyszz,0,482.294447,70.416108
dyf2,0,212.636851,30.663426
dxf2,0,408.987754,54.739393
csxy,0,240.675735,34.431547
dzf2,0,1393.837695,186.809842
dyf3,0,338.109010,46.250204
csyz,0,335.359545,46.906176
dxf3,0,205.378667,29.375970
dzf3,0,730.298142,106.759085
csxz,0,338.250505,47.266901
dxf,1,205.296363,29.361470
dzb,1,730.700280,107.541834
dyb,1,336.609764,46.464844
cvx,1,338.692029,47.624332
dyf,1,212.634735,30.665232
dzb2,1,730.325569,107.070639
dxb,1,335.642815,45.605591
cvy,1,460.547477,62.690030
dzf,1,685.560824,101.391025
dxb2,1,335.574452,45.591945
dyb2,1,337.856467,46.242109
cvz,1,432.601438,60.019461
dzb3,1,686.340813,101.464837
dxb3,1,335.664687,45.561500
dyb3,1,412.438383,55.353663
csxxsyyszz,1,484.485247,70.707181
dyf2,1,212.852230,30.701198
dxf2,1,409.255068,54.805700
csxy,1,240.575399,34.432229
dzf2,1,1395.201138,186.858575
dyf3,1,337.568571,46.232952
csyz,1,335.426447,46.949375
dxf3,1,205.493857,29.403490
dzf3,1,729.256110,107.113728
csxz,1,337.880101,47.416712
dxf,2,205.231906,29.452885
dzb,2,729.996256,107.077765
dyb,2,336.688877,46.084662
cvx,2,339.161263,47.710714
dyf,2,212.512611,30.732525
dzb2,2,731.226566,107.394285
dxb,2,335.830640,45.765020
cvy,2,461.219923,62.847563
dzf,2,685.640903,101.473604
dxb2,2,335.691072,45.613642
dyb2,2,337.324631,46.178397
cvz,2,432.971832,60.071348
dzb3,2,686.381565,101.335930
dxb3,2,335.361429,45.563252
dyb3,2,412.337367,55.401732
csxxsyyszz,2,484.330685,70.718133
dyf2,2,212.566423,30.669783
dxf2,2,409.168007,54.805241
csxy,2,240.556316,34.432107
dzf2,2,1394.613829,186.641234
dyf3,2,337.572898,46.311092
csyz,2,335.580639,47.061823
dxf3,2,205.415355,29.446836
dzf3,2,729.177039,107.030044
csxz,2,338.351650,47.377689
dxf,3,204.988314,29.416817
dzb,3,730.314199,107.027443
dyb,3,336.812723,46.149196
cvx,3,338.449849,47.503053
dyf,3,212.896553,30.714555
dzb2,3,730.257674,107.136629
dxb,3,335.764805,45.714950
cvy,3,460.821423,63.161459
dzf,3,685.740579,102.792460
dxb2,3,335.597643,45.602565
dyb2,3,337.472713,46.162458
cvz,3,433.751156,59.897792
dzb3,3,686.983312,101.783490
dxb3,3,335.562992,45.591384
dyb3,3,412.491110,55.388139
csxxsyyszz,3,484.566849,70.691297
dyf2,3,212.714912,30.663624
dxf2,3,408.595494,54.667584
csxy,3,240.772003,34.425172
dzf2,3,1394.090219,186.923551
dyf3,3,337.604353,46.186565
csyz,3,335.193549,46.904841
dxf3,3,205.443050,29.392374
dzf3,3,729.234530,106.710776
csxz,3,338.679164,47.382708
dxf,4,204.915238,29.333964
dzb,4,730.073550,107.013246
dyb,4,336.830569,46.061828
cvx,4,339.075417,47.569993
dyf,4,212.491827,30.634941
dzb2,4,730.265879,107.064383
dxb,4,335.879892,45.631948
cvy,4,460.772677,62.688769
dzf,4,685.634057,101.498289
dxb2,4,335.876541,45.634857
dyb2,4,337.441430,46.189037
cvz,4,432.781656,60.095321
dzb3,4,687.466153,101.758707
dxb3,4,335.613943,45.604158
dyb3,4,412.175467,55.367783
csxxsyyszz,4,484.814307,70.750342
dyf2,4,212.971727,30.701516
dxf2,4,408.944697,54.729641
csxy,4,240.628076,34.423238
dzf2,4,1395.213317,186.930241
dyf3,4,337.284599,46.171549
csyz,4,334.997963,46.893981
dxf3,4,205.630669,29.420831
dzf3,4,729.006345,107.039894
csxz,4,338.699921,47.239592
#========================= OptEWE [OpenMP] =========================
#Source type                                  :  Force monopole
#Grid Size                                    :  768 x 768 x 768
#Iterations                                   :  5
#Compute time                                 :  56.876633
#Total effective MLUPS                        :  39.821699
#===================================================================
#Number of threads                            :  14
