dxf,0,105.973985,19.520507
dzb,0,426.280473,80.081092
dyb,0,109.816907,20.489386
cvx,0,128.995668,24.401763
dyf,0,109.539410,20.500275
dzb2,0,426.318271,80.236359
dxb,0,105.284423,19.453142
cvy,0,1051.009389,161.167620
dzf,0,425.660358,80.178534
dxb2,0,104.283181,19.332478
dyb2,0,110.035389,20.576986
cvz,0,150.837705,28.583620
dzb3,0,426.301939,80.285328
dxb3,0,105.342817,19.533831
dyb3,0,110.036501,20.575965
csxxsyyszz,0,298.335800,54.494016
dyf2,0,109.497509,20.512286
dxf2,0,104.135047,19.353768
csxy,0,106.098729,20.203211
dzf2,0,425.695332,80.258647
dyf3,0,111.293264,20.824397
csyz,0,127.516697,24.224588
dxf3,0,104.332835,19.374410
dzf3,0,426.610351,80.434614
csxz,0,127.612563,24.277177
dxf,1,104.330224,19.371711
dzb,1,426.436905,80.389706
dyb,1,109.821470,20.565059
cvx,1,128.759942,24.423532
dyf,1,109.554571,20.534079
dzb2,1,426.276910,80.372990
dxb,1,105.359797,19.519625
cvy,1,128.717218,24.410353
dzf,1,425.500988,80.293130
dxb2,1,104.246564,19.364413
dyb2,1,110.034185,20.600953
cvz,1,150.941322,28.638632
dzb3,1,426.142425,80.343527
dxb3,1,104.829054,19.444800
dyb3,1,110.396191,20.649632
csxxsyyszz,1,298.245644,54.519054
dyf2,1,109.638209,20.561732
dxf2,1,104.148101,19.358651
csxy,1,106.341422,20.265056
dzf2,1,425.608114,80.294906
dyf3,1,109.320160,20.502823
csyz,1,127.647600,24.268876
dxf3,1,104.277552,19.361439
dzf3,1,425.639958,80.322220
csxz,1,127.426152,24.254555
dxf,2,104.494227,19.407338
dzb,2,426.256089,80.398693
dyb,2,109.765423,20.574712
cvx,2,129.068304,24.602783
dyf,2,109.590450,20.545123
dzb2,2,426.422094,80.429382
dxb,2,105.330512,19.520967
cvy,2,128.571389,24.394690
dzf,2,425.509766,80.327547
dxb2,2,104.328457,19.385777
dyb2,2,110.211284,20.630912
cvz,2,150.759518,28.613809
dzb3,2,426.378928,80.400444
dxb3,2,104.761346,19.460778
dyb3,2,111.650773,20.834355
csxxsyyszz,2,299.672106,54.776401
dyf2,2,109.698262,20.561506
dxf2,2,104.039507,19.331718
csxy,2,106.198788,20.224846
dzf2,2,425.550208,80.274389
dyf3,2,109.279294,20.514233
csyz,2,127.650359,24.266555
dxf3,2,104.217537,19.356809
dzf3,2,425.557808,80.320795
csxz,2,128.390889,24.421057
dxf,3,104.390842,19.384320
dzb,3,426.315412,80.370663
dyb,3,109.851602,20.560681
cvx,3,128.759882,24.421292
dyf,3,109.655757,20.566999
dzb2,3,426.263916,80.394070
dxb,3,105.228637,19.545850
cvy,3,128.537040,24.396082
dzf,3,425.432420,80.329510
dxb2,3,104.124021,19.365103
dyb2,3,110.169333,20.653307
cvz,3,150.921567,28.655115
dzb3,3,426.260905,80.414541
dxb3,3,104.681569,19.433614
dyb3,3,110.053842,20.614091
csxxsyyszz,3,298.630149,54.621444
dyf2,3,109.572161,20.557983
dxf2,3,104.153785,19.370393
csxy,3,106.219927,20.243010
dzf2,3,425.530802,80.319933
dyf3,3,109.428314,20.556256
csyz,3,127.686875,24.288468
dxf3,3,104.476949,19.405361
dzf3,3,425.687502,80.357735
csxz,3,127.476122,24.264684
dxf,4,104.339990,19.386074
dzb,4,426.579879,80.470355
dyb,4,109.825492,20.582756
cvx,4,128.839440,24.456450
dyf,4,109.505071,20.530720
dzb2,4,426.461756,80.455545
dxb,4,105.217309,19.505273
cvy,4,128.589522,24.414946
dzf,4,425.317720,80.328272
dxb2,4,104.218280,19.385706
dyb2,4,110.085689,20.640575
cvz,4,150.873117,28.638347
dzb3,4,426.245854,80.414316
dxb3,4,104.781486,19.454758
dyb3,4,110.177148,20.637433
csxxsyyszz,4,300.208785,54.869988
dyf2,4,109.575306,20.555118
dxf2,4,104.261517,19.402109
csxy,4,106.209305,20.250082
dzf2,4,425.410034,80.292406
dyf3,4,109.311029,20.549242
csyz,4,127.760496,24.304205
dxf3,4,104.276159,19.394012
dzf3,4,425.437279,80.366669
csxz,4,127.510257,24.351928
#========================= OptEWE [OpenMP] =========================
#Source type                                  :  Force monopole
#Grid Size                                    :  768 x 768 x 768
#Iterations                                   :  5
#Compute time                                 :  25.480888
#Total effective MLUPS                        :  88.887174
#===================================================================
#Number of threads                            :  21
