dxf,0,97.408348,20.387493
dzb,0,352.085692,78.001027
dyb,0,105.559265,22.344775
cvx,0,118.579405,25.464556
dyf,0,106.251344,22.484825
dzb2,0,352.213787,78.268319
dxb,0,95.447228,20.233705
cvy,0,886.376509,154.473062
dzf,0,351.711775,78.280403
dxb2,0,95.939272,20.353343
dyb2,0,105.969113,22.466070
cvz,0,129.537591,28.575275
dzb3,0,351.848103,78.374288
dxb3,0,95.567448,20.303156
dyb3,0,106.126555,22.527449
csxxsyyszz,0,311.945097,63.482321
dyf2,0,106.321913,22.568917
dxf2,0,95.950125,20.395336
csxy,0,91.833674,20.485944
dzf2,0,351.514937,78.410110
dyf3,0,105.839705,22.516902
csyz,0,109.273835,24.432054
dxf3,0,95.493977,20.338125
dzf3,0,351.329621,78.420278
csxz,0,109.393487,24.558098
dxf,1,95.783131,20.402053
dzb,1,353.141488,78.734509
dyb,1,105.664374,22.477009
cvx,1,118.553604,25.606343
dyf,1,106.196042,22.566167
dzb2,1,352.124008,78.563688
dxb,1,95.585166,20.342518
cvy,1,117.035358,25.312215
dzf,1,351.578547,78.539085
dxb2,1,95.835065,20.403729
dyb2,1,105.898438,22.518634
cvz,1,129.589918,28.648274
dzb3,1,352.485430,78.673327
dxb3,1,95.523358,20.330718
dyb3,1,105.747297,22.515032
csxxsyyszz,1,311.897317,63.620574
dyf2,1,106.282291,22.620537
dxf2,1,95.890683,20.427310
csxy,1,91.877184,20.554185
dzf2,1,351.432889,78.539400
dyf3,1,105.756615,22.514668
csyz,1,109.187991,24.473356
dxf3,1,95.501580,20.366696
dzf3,1,351.168597,78.538283
csxz,1,109.433752,24.600534
dxf,2,95.699359,20.406778
dzb,2,351.927865,78.661858
dyb,2,105.517915,22.486656
cvx,2,118.543008,25.616526
dyf,2,106.120341,22.602404
dzb2,2,352.165758,78.696858
dxb,2,95.435583,20.345365
cvy,2,116.970592,25.346436
dzf,2,351.374102,78.627668
dxb2,2,95.675628,20.393210
dyb2,2,105.852804,22.554932
cvz,2,129.577900,28.683699
dzb3,2,351.828172,78.635962
dxb3,2,95.574891,20.376049
dyb3,2,105.839892,22.547606
csxxsyyszz,2,312.046805,63.686739
dyf2,2,106.336567,22.620027
dxf2,2,96.005429,20.478423
csxy,2,91.887784,20.567178
dzf2,2,351.539400,78.607395
dyf3,2,105.872336,22.555012
csyz,2,109.123882,24.475945
dxf3,2,95.525628,20.389920
dzf3,2,351.415562,78.642918
csxz,2,109.359664,24.591145
dxf,3,95.658396,20.422327
dzb,3,351.997815,78.734954
dyb,3,105.687079,22.522953
cvx,3,118.616236,25.661881
dyf,3,106.101472,22.604279
dzb2,3,352.229533,78.768944
dxb,3,95.375964,20.371986
cvy,3,116.948007,25.355046
dzf,3,352.785690,78.927201
dxb2,3,96.052741,20.475160
dyb2,3,105.786312,22.539899
cvz,3,129.484840,28.698436
dzb3,3,352.112574,78.751989
dxb3,3,95.569870,20.378550
dyb3,3,105.788870,22.562071
csxxsyyszz,3,311.872855,63.708498
dyf2,3,106.305745,22.663301
dxf2,3,95.941441,20.464704
csxy,3,91.882124,20.578878
dzf2,3,352.220846,78.760410
dyf3,3,106.048630,22.624444
csyz,3,109.241224,24.517027
dxf3,3,95.417474,20.380606
dzf3,3,351.358856,78.666558
csxz,3,109.282145,24.592297
dxf,4,95.520007,20.400291
dzb,4,352.050903,78.758335
dyb,4,105.789329,22.552777
cvx,4,118.467109,25.639614
dyf,4,106.293193,22.642418
dzb2,4,352.100588,78.765223
dxb,4,95.480940,20.412372
cvy,4,117.133912,25.400094
dzf,4,351.591335,78.729938
dxb2,4,95.836118,20.452242
dyb2,4,107.814920,22.923652
cvz,4,129.559177,28.680915
dzb3,4,352.615572,78.881670
dxb3,4,95.563555,20.402695
dyb3,4,105.785623,22.563727
csxxsyyszz,4,312.013235,63.747085
dyf2,4,106.324337,22.648068
dxf2,4,95.942416,20.460585
csxy,4,91.709018,20.540724
dzf2,4,351.493778,78.686809
dyf3,4,105.731056,22.549864
csyz,4,109.144450,24.507107
dxf3,4,95.371516,20.385415
dzf3,4,351.527875,78.754192
csxz,4,109.410318,24.698492
#========================= OptEWE [OpenMP] =========================
#Source type                                  :  Force monopole
#Grid Size                                    :  768 x 768 x 768
#Iterations                                   :  5
#Compute time                                 :  22.316404
#Total effective MLUPS                        :  101.491447
#===================================================================
#Number of threads                            :  21
