dxf,0,189.290499,29.928338
dzb,0,665.164570,111.599304
dyb,0,330.672060,51.538775
cvx,0,326.647937,51.924074
dyf,0,240.650537,37.508170
dzb2,0,663.469246,111.495505
dxb,0,310.933984,48.369293
cvy,0,1240.151728,176.106159
dzf,0,635.837527,108.534818
dxb2,0,288.212231,45.663003
dyb2,0,330.826016,51.821229
cvz,0,386.796141,61.568249
dzb3,0,635.685646,105.184391
dxb3,0,288.299140,45.056805
dyb3,0,383.365355,58.806128
csxxsyyszz,0,839.373619,128.809788
dyf2,0,241.116295,37.537614
dxf2,0,341.817505,52.596918
csxy,0,192.131454,32.158001
dzf2,0,1211.444130,188.945206
dyf3,0,317.535095,49.556502
csyz,0,280.043299,45.607086
dxf3,0,189.067703,29.965869
dzf3,0,664.062390,111.673156
csxz,0,280.674511,45.788636
dxf,1,188.930199,29.979617
dzb,1,663.718789,111.682785
dyb,1,330.862001,51.590802
cvx,1,326.856558,51.963340
dyf,1,241.265858,37.588823
dzb2,1,663.441851,111.632818
dxb,1,310.664309,48.369038
cvy,1,398.139106,62.222671
dzf,1,634.920885,105.202944
dxb2,1,288.037010,45.056933
dyb2,1,330.911954,51.588500
cvz,1,386.414206,61.573932
dzb3,1,635.753174,105.449442
dxb3,1,288.565758,45.154445
dyb3,1,383.599355,58.910647
csxxsyyszz,1,839.285219,128.918223
dyf2,1,240.782200,37.480311
dxf2,1,341.943899,52.616367
csxy,1,192.191065,32.184077
dzf2,1,1210.412189,188.906689
dyf3,1,317.243803,49.541000
csyz,1,280.163754,45.622356
dxf3,1,189.048117,29.983798
dzf3,1,663.976271,111.721368
csxz,1,280.854033,45.830372
dxf,2,189.070734,30.016463
dzb,2,663.867848,111.646721
dyb,2,331.292435,51.653762
cvx,2,326.871851,51.992928
dyf,2,241.209710,37.592483
dzb2,2,663.469446,111.603664
dxb,2,310.624178,48.362789
cvy,2,397.866452,62.216739
dzf,2,634.997263,105.367859
dxb2,2,288.480606,45.177554
dyb2,2,331.127081,51.651597
cvz,2,386.321882,61.585357
dzb3,2,635.691364,105.496946
dxb3,2,288.342368,45.151679
dyb3,2,383.672395,58.939677
csxxsyyszz,2,839.529714,128.963016
dyf2,2,240.578488,38.913818
dxf2,2,342.297463,52.797019
csxy,2,192.578239,32.238986
dzf2,2,1210.700222,188.933910
dyf3,2,315.523730,49.323848
csyz,2,280.091568,45.642757
dxf3,2,188.957860,30.005388
dzf3,2,663.699508,111.624523
csxz,2,281.020851,45.843759
dxf,3,188.993750,29.982987
dzb,3,663.703627,111.655657
dyb,3,331.166475,51.665201
cvx,3,326.880560,51.989081
dyf,3,240.972288,37.535789
dzb2,3,665.046027,112.020370
dxb,3,310.696285,48.441110
cvy,3,397.770729,62.251865
dzf,3,634.992724,105.640172
dxb2,3,288.181577,45.121657
dyb2,3,331.042354,51.656896
cvz,3,386.749415,61.787080
dzb3,3,635.475230,105.829568
dxb3,3,288.202817,45.222623
dyb3,3,383.792539,58.935081
csxxsyyszz,3,841.009059,129.414755
dyf2,3,241.040422,37.759279
dxf2,3,342.244558,52.905635
csxy,3,192.271740,32.281086
dzf2,3,1210.447126,189.217374
dyf3,3,315.493608,49.521921
csyz,3,280.289686,45.850223
dxf3,3,189.117586,30.159303
dzf3,3,663.704103,111.756914
csxz,3,280.951938,45.918081
dxf,4,188.900243,30.171469
dzb,4,663.684585,112.108674
dyb,4,330.746119,51.697261
cvx,4,326.882710,52.030657
dyf,4,241.091972,37.720599
dzb2,4,663.426954,111.952672
dxb,4,310.662030,48.617486
cvy,4,398.034211,62.444725
dzf,4,634.885448,105.510896
dxb2,4,288.239853,45.228062
dyb2,4,330.882858,51.809951
cvz,4,386.233185,61.814853
dzb3,4,635.423077,105.647313
dxb3,4,288.287281,45.171385
dyb3,4,383.582365,59.003933
csxxsyyszz,4,839.169681,129.385418
dyf2,4,241.018323,37.611008
dxf2,4,342.889990,52.802316
csxy,4,192.222255,32.213204
dzf2,4,1210.885203,189.522512
dyf3,4,315.511996,49.350753
csyz,4,280.091071,45.674336
dxf3,4,189.046886,30.002161
dzf3,4,663.697470,111.943429
csxz,4,281.036706,46.019634
#========================= OptEWE [OpenMP] =========================
#Source type                                  :  Force monopole
#Grid Size                                    :  768 x 768 x 768
#Iterations                                   :  5
#Compute time                                 :  53.986431
#Total effective MLUPS                        :  41.953582
#===================================================================
#Number of threads                            :  9
