dxf,0,174.715006,26.795797
dzb,0,757.313949,114.670076
dyb,0,183.448689,28.314932
cvx,0,217.749638,33.896360
dyf,0,181.819025,28.174869
dzb2,0,757.269812,115.288464
dxb,0,174.123057,26.749159
cvy,0,1133.187150,153.894299
dzf,0,755.731517,114.549852
dxb2,0,174.469861,26.816190
dyb2,0,181.842832,28.313822
cvz,0,258.070695,40.123913
dzb3,0,756.991618,115.238863
dxb3,0,173.925535,26.725645
dyb3,0,194.443981,29.933336
csxxsyyszz,0,485.781326,74.083396
dyf2,0,181.924928,28.195381
dxf2,0,182.435065,27.970567
csxy,0,175.804788,27.533686
dzf2,0,1435.460591,201.421113
dyf3,0,181.616109,28.138215
csyz,0,213.821900,33.269817
dxf3,0,173.859053,26.756287
dzf3,0,756.051692,115.315584
csxz,0,213.805679,33.299364
dxf,1,173.649247,26.730324
dzb,1,760.410391,116.380583
dyb,1,181.761894,28.139074
cvx,1,217.856419,33.953146
dyf,1,181.781884,28.190098
dzb2,1,757.367070,114.846381
dxb,1,174.101239,26.788591
cvy,1,210.946932,33.023891
dzf,1,755.746748,115.156284
dxb2,1,174.441498,26.835866
dyb2,1,181.579843,28.127139
cvz,1,256.177665,39.839970
dzb3,1,757.896315,115.653077
dxb3,1,174.189263,26.806218
dyb3,1,194.378091,29.915630
csxxsyyszz,1,485.563427,74.031471
dyf2,1,181.792359,28.183899
dxf2,1,182.410667,28.008463
csxy,1,175.678841,27.517807
dzf2,1,1435.430624,201.726819
dyf3,1,181.539202,28.119851
csyz,1,213.896575,33.280565
dxf3,1,173.771931,26.744368
dzf3,1,755.923857,115.776801
csxz,1,213.775144,33.308901
dxf,2,173.805141,26.755314
dzb,2,757.275502,114.769514
dyb,2,181.583421,28.108840
cvx,2,217.736826,33.929412
dyf,2,181.683076,28.185076
dzb2,2,759.372574,115.547864
dxb,2,174.324201,26.819183
cvy,2,211.051000,33.030843
dzf,2,755.915402,115.617358
dxb2,2,174.384295,26.823970
dyb2,2,181.659118,28.150090
cvz,2,256.326084,39.858333
dzb3,2,757.010894,116.035355
dxb3,2,174.038463,26.770279
dyb3,2,194.278446,29.919004
csxxsyyszz,2,485.755496,74.093296
dyf2,2,182.031060,28.233363
dxf2,2,182.209015,27.965988
csxy,2,175.724104,27.506654
dzf2,2,1434.875008,201.857232
dyf3,2,181.757374,28.148307
csyz,2,213.771250,33.245903
dxf3,2,173.881546,26.755401
dzf3,2,756.303416,114.646690
csxz,2,213.826177,33.286022
dxf,3,173.833566,26.756462
dzb,3,757.334460,115.216736
dyb,3,181.544162,28.103011
cvx,3,217.807174,33.946341
dyf,3,181.872983,28.212549
dzb2,3,757.655093,116.620859
dxb,3,174.169809,26.928037
cvy,3,215.736729,33.748257
dzf,3,755.581475,115.814318
dxb2,3,174.645001,26.883298
dyb2,3,181.542673,28.135517
cvz,3,256.312632,39.847921
dzb3,3,756.946264,114.714929
dxb3,3,173.944011,26.765510
dyb3,3,194.115323,29.897720
csxxsyyszz,3,486.000319,74.118781
dyf2,3,181.907474,28.200131
dxf2,3,182.565929,28.010102
csxy,3,175.708997,27.515830
dzf2,3,1436.494319,201.377294
dyf3,3,181.455996,28.136710
csyz,3,213.704920,33.244657
dxf3,3,173.714893,26.740181
dzf3,3,755.986242,115.031867
csxz,3,213.793937,33.310586
dxf,4,173.835211,26.751624
dzb,4,757.218767,115.644213
dyb,4,181.569106,28.132049
cvx,4,217.725051,33.929068
dyf,4,181.778939,28.217703
dzb2,4,757.952781,116.182724
dxb,4,174.327880,26.859865
cvy,4,211.015069,33.059770
dzf,4,755.777552,114.889042
dxb2,4,175.986683,27.076470
dyb2,4,181.656773,28.168339
cvz,4,256.256932,39.854532
dzb3,4,756.907832,115.244582
dxb3,4,174.061425,26.803975
dyb3,4,194.431358,29.945900
csxxsyyszz,4,484.251460,73.906386
dyf2,4,182.094500,28.234048
dxf2,4,182.733374,28.027848
csxy,4,175.724652,27.518281
dzf2,4,1436.457944,201.715700
dyf3,4,181.564146,28.165385
csyz,4,213.694205,33.261378
dxf3,4,173.834638,26.779474
dzf3,4,755.982231,115.564414
csxz,4,213.707793,33.358324
#========================= OptEWE [OpenMP] =========================
#Source type                                  :  Force monopole
#Grid Size                                    :  768 x 768 x 768
#Iterations                                   :  5
#Compute time                                 :  46.683826
#Total effective MLUPS                        :  48.516249
#===================================================================
#Number of threads                            :  15
