dxf,0,302.695689,48.655717
dzb,0,637.728560,112.506069
dyb,0,304.058275,49.270605
cvx,0,452.992299,72.667596
dyf,0,304.461545,49.381597
dzb2,0,638.558562,112.742251
dxb,0,303.093899,48.786937
cvy,0,822.549286,125.933016
dzf,0,637.026912,112.525094
dxb2,0,302.700801,48.746901
dyb2,0,304.468425,49.359703
cvz,0,467.087714,75.790457
dzb3,0,638.862404,112.765575
dxb3,0,350.499012,55.736436
dyb3,0,375.376777,59.617074
csxxsyyszz,0,489.271639,83.663455
dyf2,0,353.200964,56.491010
dxf2,0,372.512031,58.986133
csxy,0,285.498365,47.113446
dzf2,0,1434.019152,228.329472
dyf3,0,304.393776,49.398334
csyz,0,375.449754,61.149510
dxf3,0,301.857412,48.648106
dzf3,0,1138.773587,185.594118
csxz,0,379.031501,61.749304
dxf,1,302.084162,48.666354
dzb,1,637.764154,112.682643
dyb,1,303.950598,49.330932
cvx,1,453.159217,72.771144
dyf,1,304.445759,50.030958
dzb2,1,638.211094,112.832602
dxb,1,302.836512,48.788804
cvy,1,486.442066,77.564581
dzf,1,638.047788,112.775941
dxb2,1,302.677705,48.859050
dyb2,1,303.981856,49.330523
cvz,1,466.965269,75.854914
dzb3,1,636.852609,112.570434
dxb3,1,350.576116,55.774592
dyb3,1,375.265284,59.620519
csxxsyyszz,1,490.438875,83.851214
dyf2,1,353.580987,56.565237
dxf2,1,372.474016,58.961440
csxy,1,285.103585,47.044574
dzf2,1,1433.932317,228.260285
dyf3,1,304.477657,49.411822
csyz,1,375.215404,61.110719
dxf3,1,301.830925,48.611463
dzf3,1,1137.357032,186.880787
csxz,1,379.640477,63.365830
dxf,2,301.507385,49.136374
dzb,2,637.867675,112.785159
dyb,2,303.970032,49.307052
cvx,2,453.555059,72.798576
dyf,2,304.407040,49.426973
dzb2,2,638.166112,112.826769
dxb,2,303.228313,48.871828
cvy,2,485.564044,77.417427
dzf,2,636.992666,112.611290
dxb2,2,302.630578,48.768568
dyb2,2,303.985133,49.396088
cvz,2,466.792530,75.818126
dzb3,2,636.864710,112.547617
dxb3,2,350.780612,55.815348
dyb3,2,375.229247,59.651869
csxxsyyszz,2,489.725164,83.844487
dyf2,2,353.204416,56.499771
dxf2,2,372.591273,58.993700
csxy,2,285.820583,47.163383
dzf2,2,1433.346145,228.260742
dyf3,2,304.072859,49.376935
csyz,2,375.074903,61.109848
dxf3,2,301.732041,48.628399
dzf3,2,1139.511602,185.806800
csxz,2,380.206161,61.934661
dxf,3,301.996545,48.662930
dzb,3,637.462500,112.732347
dyb,3,303.832496,49.308028
cvx,3,453.434408,72.852457
dyf,3,304.451224,49.456782
dzb2,3,638.416436,112.876637
dxb,3,303.197069,48.902828
cvy,3,485.863213,77.499919
dzf,3,636.954886,112.625951
dxb2,3,302.645578,48.772105
dyb2,3,303.850923,49.354355
cvz,3,466.627559,75.807160
dzb3,3,636.792767,112.525172
dxb3,3,350.890843,55.830644
dyb3,3,375.229256,59.617408
csxxsyyszz,3,490.241641,83.901317
dyf2,3,353.595867,56.548320
dxf2,3,372.297676,58.948333
csxy,3,285.555847,47.125793
dzf2,3,1433.389162,228.287196
dyf3,3,304.372189,49.430142
csyz,3,375.550844,61.179547
dxf3,3,301.833395,48.619207
dzf3,3,1138.833376,185.656808
csxz,3,378.825751,61.727661
dxf,4,301.880048,48.636685
dzb,4,637.968759,114.633698
dyb,4,303.402604,50.363463
cvx,4,451.740004,73.605821
dyf,4,304.238762,49.409592
dzb2,4,638.393717,112.853418
dxb,4,302.966543,48.834917
cvy,4,485.035353,77.594823
dzf,4,636.963551,112.686512
dxb2,4,302.752917,48.796748
dyb2,4,304.246113,49.384065
cvz,4,467.174188,75.886916
dzb3,4,636.769500,112.589179
dxb3,4,350.873575,55.859670
dyb3,4,375.206210,59.670226
csxxsyyszz,4,487.963742,83.547947
dyf2,4,353.105384,56.487908
dxf2,4,372.652216,59.025270
csxy,4,285.652762,47.162688
dzf2,4,1433.361701,228.304048
dyf3,4,304.597983,49.479129
csyz,4,375.505432,61.184102
dxf3,4,301.910347,48.648044
dzf3,4,1138.589794,185.629208
csxz,4,378.927210,61.762244
#========================= OptEWE [OpenMP] =========================
#Source type                                  :  Force monopole
#Grid Size                                    :  768 x 768 x 768
#Iterations                                   :  5
#Compute time                                 :  60.018837
#Total effective MLUPS                        :  37.736889
#===================================================================
#Number of threads                            :  12
