dxf,0,185.496824,27.162884
dzb,0,829.119391,123.801565
dyb,0,391.001994,55.071460
cvx,0,337.845679,49.618218
dyf,0,191.193338,28.308996
dzb2,0,828.807254,123.845145
dxb,0,387.928439,54.303623
cvy,0,982.605992,131.482839
dzf,0,770.854907,114.160788
dxb2,0,345.010112,48.718260
dyb2,0,389.734073,54.904907
cvz,0,447.546489,64.878166
dzb3,0,770.823644,114.283214
dxb3,0,345.084922,48.743990
dyb3,0,474.888462,65.806844
csxxsyyszz,0,512.192483,77.400727
dyf2,0,191.132783,28.326150
dxf2,0,424.141551,59.038810
csxy,0,228.336459,34.341306
dzf2,0,1477.545720,208.379272
dyf3,0,348.573876,49.618245
csyz,0,335.212998,49.119645
dxf3,0,186.040366,27.292764
dzf3,0,829.007207,124.078982
csxz,0,337.455569,49.503686
dxf,1,184.830443,27.146971
dzb,1,829.424308,123.509236
dyb,1,390.015433,54.999885
cvx,1,338.021584,49.700232
dyf,1,191.216595,28.341419
dzb2,1,829.127078,124.724630
dxb,1,387.081649,55.926331
cvy,1,472.975714,69.210115
dzf,1,770.785195,114.651050
dxb2,1,345.199491,48.793250
dyb2,1,389.952910,54.999815
cvz,1,447.475554,64.923942
dzb3,1,770.701614,114.478388
dxb3,1,344.687041,48.826014
dyb3,1,475.001147,65.982338
csxxsyyszz,1,512.295405,77.481190
dyf2,1,191.110432,28.319248
dxf2,1,424.233653,59.227025
csxy,1,228.183208,34.409035
dzf2,1,1477.044000,208.538209
dyf3,1,348.545706,49.641496
csyz,1,335.384342,49.162790
dxf3,1,184.807210,27.124804
dzf3,1,829.169812,123.533452
csxz,1,337.339943,49.519313
dxf,2,184.724386,27.274406
dzb,2,828.979094,124.567839
dyb,2,389.932388,55.001408
cvx,2,338.245359,49.756637
dyf,2,191.422725,28.393915
dzb2,2,828.915716,124.286920
dxb,2,387.739180,54.379920
cvy,2,475.355970,67.710196
dzf,2,770.841311,114.613716
dxb2,2,344.927854,48.936389
dyb2,2,390.264577,55.129226
cvz,2,447.272896,64.923925
dzb3,2,770.597942,114.586514
dxb3,2,344.695084,48.925531
dyb3,2,474.935307,65.972853
csxxsyyszz,2,512.058508,77.429795
dyf2,2,191.484353,28.374409
dxf2,2,424.169911,59.292679
csxy,2,228.426476,34.489790
dzf2,2,1477.946154,208.768133
dyf3,2,348.153134,49.755060
csyz,2,335.027260,49.276842
dxf3,2,184.922399,27.293327
dzf3,2,829.884937,124.150184
csxz,2,337.296925,49.540360
dxf,3,184.791307,27.227285
dzb,3,828.736007,124.476644
dyb,3,390.172848,55.206346
cvx,3,337.901777,49.714919
dyf,3,191.311683,28.451665
dzb2,3,829.874545,124.664305
dxb,3,388.111908,54.502604
cvy,3,475.366818,67.962131
dzf,3,770.801058,116.033638
dxb2,3,344.905445,48.793403
dyb2,3,390.315514,55.094851
cvz,3,447.474476,64.973990
dzb3,3,770.835329,114.501744
dxb3,3,344.841551,48.806789
dyb3,3,475.202488,65.956759
csxxsyyszz,3,512.379130,77.513540
dyf2,3,191.535716,28.405217
dxf2,3,424.359159,59.135344
csxy,3,228.071549,34.335055
dzf2,3,1478.607312,208.731018
dyf3,3,348.314230,49.636269
csyz,3,334.957887,49.144601
dxf3,3,184.816125,27.143626
dzf3,3,828.783144,123.999186
csxz,3,337.341195,49.502456
dxf,4,184.809236,27.156276
dzb,4,829.560919,124.279902
dyb,4,389.998915,55.030242
cvx,4,337.886220,49.715371
dyf,4,191.393010,28.418514
dzb2,4,829.699121,124.128127
dxb,4,387.860909,54.389390
cvy,4,475.761433,67.763587
dzf,4,770.848235,114.378224
dxb2,4,345.055668,48.782865
dyb2,4,390.243447,55.028058
cvz,4,447.855596,65.004642
dzb3,4,770.725694,114.335706
dxb3,4,345.019760,48.790466
dyb3,4,475.329905,65.920882
csxxsyyszz,4,510.694384,77.218834
dyf2,4,191.453722,28.374458
dxf2,4,424.297725,59.113586
csxy,4,228.091475,34.329254
dzf2,4,1477.962621,208.576720
dyf3,4,348.235925,49.624364
csyz,4,335.132838,49.162718
dxf3,4,185.576316,27.305768
dzf3,4,829.102033,124.016351
csxz,4,337.416212,49.524113
#========================= OptEWE [OpenMP] =========================
#Source type                                  :  Force monopole
#Grid Size                                    :  768 x 768 x 768
#Iterations                                   :  5
#Compute time                                 :  60.700760
#Total effective MLUPS                        :  37.312946
#===================================================================
#Number of threads                            :  11
