dxf,0,190.928421,30.277319
dzb,0,637.581488,105.067116
dyb,0,304.306733,46.298503
cvx,0,311.968187,48.838095
dyf,0,194.901407,31.272725
dzb2,0,637.531398,105.106751
dxb,0,303.490027,45.825625
cvy,0,849.759202,123.118347
dzf,0,600.402345,100.128932
dxb2,0,303.550076,45.844644
dyb2,0,304.634876,46.373192
cvz,0,399.786748,61.874600
dzb3,0,600.088167,100.054607
dxb3,0,303.474318,45.849371
dyb3,0,371.632940,55.507314
csxxsyyszz,0,421.274742,68.980376
dyf2,0,194.817993,31.249277
dxf2,0,368.873283,54.899808
csxy,0,222.830176,35.542780
dzf2,0,1244.884971,185.221469
dyf3,0,304.754217,46.438292
csyz,0,309.648533,48.290235
dxf3,0,190.553931,30.279465
dzf3,0,637.164843,105.279397
csxz,0,311.561686,48.533321
dxf,1,190.656123,30.335548
dzb,1,637.536050,105.181972
dyb,1,304.084410,46.335109
cvx,1,311.910197,48.875355
dyf,1,195.009815,31.293135
dzb2,1,637.468505,105.218713
dxb,1,303.733078,45.964274
cvy,1,419.244849,63.737041
dzf,1,600.741444,100.138332
dxb2,1,303.519795,45.863706
dyb2,1,304.766787,46.443818
cvz,1,399.361968,61.748728
dzb3,1,600.338872,99.999052
dxb3,1,303.529378,45.875479
dyb3,1,371.750806,55.591818
csxxsyyszz,1,422.260603,69.814789
dyf2,1,194.832154,32.105803
dxf2,1,368.983646,56.297429
csxy,1,222.884224,36.264332
dzf2,1,1243.280233,185.897602
dyf3,1,304.493669,46.384410
csyz,1,309.222929,48.206089
dxf3,1,190.513464,30.254802
dzf3,1,636.748901,105.063816
csxz,1,311.839756,48.680127
dxf,2,190.305477,30.289792
dzb,2,637.598268,105.292142
dyb,2,304.025976,46.331297
cvx,2,312.468646,48.944381
dyf,2,194.654586,31.260185
dzb2,2,637.540192,105.162826
dxb,2,303.626591,45.861675
cvy,2,419.029667,63.692259
dzf,2,601.263232,100.302894
dxb2,2,303.290560,45.858153
dyb2,2,305.103645,46.484452
cvz,2,399.652342,61.915465
dzb3,2,600.551300,100.220238
dxb3,2,303.400581,45.812367
dyb3,2,371.700262,55.500802
csxxsyyszz,2,422.191759,69.213806
dyf2,2,195.022579,31.315106
dxf2,2,369.147187,54.912011
csxy,2,222.962445,35.548574
dzf2,2,1244.800084,185.502556
dyf3,2,304.682817,46.409863
csyz,2,309.591211,48.283909
dxf3,2,190.420579,30.261003
dzf3,2,636.848893,105.086179
csxz,2,311.954381,48.702880
dxf,3,190.487066,30.270329
dzb,3,637.706410,105.083834
dyb,3,305.864134,47.301464
cvx,3,312.058047,49.053859
dyf,3,195.114710,31.340176
dzb2,3,637.496249,105.244867
dxb,3,303.943291,45.949124
cvy,3,419.201049,63.757018
dzf,3,601.128256,100.341188
dxb2,3,304.459143,46.077428
dyb2,3,304.734061,46.441071
cvz,3,399.032370,61.854742
dzb3,3,600.479365,100.239778
dxb3,3,303.253998,45.857472
dyb3,3,371.700741,55.587819
csxxsyyszz,3,421.749202,69.115769
dyf2,3,195.200191,31.328515
dxf2,3,369.172891,55.017581
csxy,3,223.091501,35.607138
dzf2,3,1243.004603,185.884594
dyf3,3,305.260474,46.543521
csyz,3,309.368200,48.290161
dxf3,3,190.449767,30.263781
dzf3,3,636.981336,105.075585
csxz,3,311.421152,48.621870
dxf,4,190.341363,30.254486
dzb,4,637.569401,105.157916
dyb,4,304.249336,46.962152
cvx,4,312.646017,49.736354
dyf,4,194.763605,31.762242
dzb2,4,637.542944,105.383152
dxb,4,303.556808,45.869423
cvy,4,420.320307,63.513310
dzf,4,601.064308,100.086674
dxb2,4,303.248743,45.898063
dyb2,4,304.613686,46.499751
cvz,4,399.145237,61.959831
dzb3,4,600.279545,100.041520
dxb3,4,303.161440,45.840866
dyb3,4,371.928303,55.636559
csxxsyyszz,4,421.941268,69.278041
dyf2,4,194.851672,31.350490
dxf2,4,368.826648,55.049619
csxy,4,222.861292,35.587664
dzf2,4,1244.202892,185.797008
dyf3,4,304.786886,46.531917
csyz,4,309.729265,48.275438
dxf3,4,190.574745,30.286743
dzf3,4,637.863127,105.164436
csxz,4,312.164284,48.884548
#========================= OptEWE [OpenMP] =========================
#Source type                                  :  Force monopole
#Grid Size                                    :  768 x 768 x 768
#Iterations                                   :  5
#Compute time                                 :  50.886040
#Total effective MLUPS                        :  44.509735
#===================================================================
#Number of threads                            :  14
