dxf,0,228.582792,33.590116
dzb,0,740.005521,113.008290
dyb,0,290.493109,42.223222
cvx,0,390.715830,57.029434
dyf,0,291.767302,42.738681
dzb2,0,740.289828,118.966418
dxb,0,233.056742,35.522061
cvy,0,1221.381533,164.461566
dzf,0,739.209492,113.025727
dxb2,0,231.322758,33.999232
dyb2,0,290.185277,41.972641
cvz,0,397.867758,59.513761
dzb3,0,738.879509,113.101357
dxb3,0,233.398156,34.249316
dyb3,0,292.722585,43.217900
csxxsyyszz,0,1071.532293,151.292392
dyf2,0,291.047603,42.303346
dxf2,0,224.695111,33.893790
csxy,0,170.164110,27.445516
dzf2,0,1603.766582,232.216277
dyf3,0,291.897760,42.174867
csyz,0,240.458635,37.967995
dxf3,0,225.412190,33.257979
dzf3,0,740.028482,113.463592
csxz,0,237.909273,37.808785
dxf,1,228.093476,33.725727
dzb,1,742.441624,113.584959
dyb,1,290.607809,42.074312
cvx,1,392.393865,57.429057
dyf,1,291.265181,42.310367
dzb2,1,739.719366,113.377338
dxb,1,233.900593,34.355642
cvy,1,390.457799,57.926330
dzf,1,738.901742,113.478080
dxb2,1,231.508695,34.147904
dyb2,1,290.395656,42.045461
cvz,1,397.689962,59.539493
dzb3,1,739.027137,113.346664
dxb3,1,233.728156,34.440465
dyb3,1,293.528625,43.544349
csxxsyyszz,1,1065.324966,150.151410
dyf2,1,291.258198,42.255798
dxf2,1,224.469589,33.918993
csxy,1,170.073518,27.534605
dzf2,1,1602.929733,231.878420
dyf3,1,291.383488,42.354155
csyz,1,239.994221,38.024519
dxf3,1,225.503624,33.301644
dzf3,1,740.534261,113.309598
csxz,1,238.216043,37.721882
dxf,2,228.083098,33.686757
dzb,2,740.258123,113.729010
dyb,2,289.780416,41.954179
cvx,2,390.524964,57.101946
dyf,2,291.078994,42.109717
dzb2,2,740.077467,113.569223
dxb,2,233.812500,34.434735
cvy,2,390.416692,57.929445
dzf,2,736.789991,115.525148
dxb2,2,230.538438,33.912502
dyb2,2,289.893448,42.007652
cvz,2,396.794500,59.451130
dzb3,2,738.673123,113.153365
dxb3,2,233.276734,34.244279
dyb3,2,293.380525,43.322606
csxxsyyszz,2,1071.743815,150.921851
dyf2,2,291.109118,42.118545
dxf2,2,224.706266,33.854335
csxy,2,170.208377,27.462799
dzf2,2,1604.800538,231.842710
dyf3,2,291.055771,42.091456
csyz,2,240.878440,38.090644
dxf3,2,225.684242,33.378400
dzf3,2,739.535520,113.441103
csxz,2,237.784115,37.664157
dxf,3,228.473518,33.677120
dzb,3,740.235967,113.373820
dyb,3,290.565391,42.173774
cvx,3,390.789591,57.211545
dyf,3,291.373245,42.147810
dzb2,3,739.852714,113.240521
dxb,3,233.997349,34.422752
cvy,3,390.301289,58.129874
dzf,3,738.833244,115.309652
dxb2,3,231.190599,34.008583
dyb2,3,290.111408,41.978722
cvz,3,397.327198,59.626089
dzb3,3,738.726129,113.410056
dxb3,3,233.424756,34.276935
dyb3,3,293.001666,43.293726
csxxsyyszz,3,1063.397075,150.097994
dyf2,3,290.868450,42.170196
dxf2,3,227.683798,34.277845
csxy,3,170.137071,27.459702
dzf2,3,1603.883135,232.078261
dyf3,3,291.340482,42.154257
csyz,3,240.796529,38.024209
dxf3,3,225.212551,33.207441
dzf3,3,738.873663,113.242121
csxz,3,237.695024,37.774985
dxf,4,227.858324,33.650644
dzb,4,739.891765,113.301166
dyb,4,289.165726,41.850279
cvx,4,389.958207,57.304033
dyf,4,290.882610,42.202882
dzb2,4,739.745478,113.370110
dxb,4,233.455983,34.274690
cvy,4,389.595598,57.827668
dzf,4,738.724838,113.353081
dxb2,4,231.018974,34.047164
dyb2,4,290.050783,42.001115
cvz,4,397.156127,59.477115
dzb3,4,738.765005,113.238821
dxb3,4,233.959909,34.976259
dyb3,4,292.630192,44.227220
csxxsyyszz,4,1076.501543,153.560495
dyf2,4,291.266807,42.097993
dxf2,4,224.683235,33.821164
csxy,4,170.045213,27.421273
dzf2,4,1603.623716,231.604973
dyf3,4,291.224727,42.145212
csyz,4,240.504399,37.957705
dxf3,4,225.549390,33.222704
dzf3,4,739.410042,113.113394
csxz,4,238.652981,37.820832
#========================= OptEWE [OpenMP] =========================
#Source type                                  :  Force monopole
#Grid Size                                    :  768 x 768 x 768
#Iterations                                   :  5
#Compute time                                 :  57.443943
#Total effective MLUPS                        :  39.428424
#===================================================================
#Number of threads                            :  6
