dxf,0,116.950440,24.026996
dzb,0,441.675201,93.809866
dyb,0,119.747441,24.996412
cvx,0,137.640463,29.411489
dyf,0,119.960004,25.094690
dzb2,0,441.893350,94.019416
dxb,0,116.584501,24.044318
cvy,0,755.588539,134.907236
dzf,0,441.138436,93.829670
dxb2,0,116.469773,24.056683
dyb2,0,120.073813,25.079802
cvz,0,160.287594,34.256772
dzb3,0,443.073086,95.709136
dxb3,0,116.545487,24.417637
dyb3,0,120.060850,25.417349
csxxsyyszz,0,287.662358,60.795671
dyf2,0,120.023826,25.338677
dxf2,0,116.994088,24.158783
csxy,0,113.050607,24.228219
dzf2,0,441.402008,94.026596
dyf3,0,119.601292,25.048686
csyz,0,135.481571,28.990336
dxf3,0,116.455418,24.079994
dzf3,0,441.269307,94.119230
csxz,0,135.579615,29.074652
dxf,1,116.421076,24.095216
dzb,1,441.734732,94.202547
dyb,1,119.827760,25.092774
cvx,1,137.668229,29.502969
dyf,1,119.833235,25.136382
dzb2,1,441.786100,94.212255
dxb,1,116.552879,24.129285
cvy,1,137.523338,29.458067
dzf,1,441.271858,94.186886
dxb2,1,116.320838,24.070280
dyb2,1,128.457036,26.799842
cvz,1,161.253062,34.498385
dzb3,1,441.706126,94.136871
dxb3,1,116.466534,24.080072
dyb3,1,119.969811,25.092776
csxxsyyszz,1,286.710900,59.885867
dyf2,1,120.150821,25.151653
dxf2,1,116.571913,24.099637
csxy,1,113.089194,24.261934
dzf2,1,441.279286,94.109280
dyf3,1,119.699107,25.101693
csyz,1,135.423318,29.006290
dxf3,1,116.439843,24.107117
dzf3,1,441.405049,94.163004
csxz,1,135.515407,29.069538
dxf,2,116.348976,24.086949
dzb,2,441.631686,94.179699
dyb,2,119.880736,25.098295
cvx,2,137.706893,29.511007
dyf,2,120.009891,25.156950
dzb2,2,441.804868,94.233585
dxb,2,116.540999,24.112752
cvy,2,137.444150,29.432947
dzf,2,441.278906,94.156763
dxb2,2,116.522522,24.129542
dyb2,2,121.905518,25.456820
cvz,2,160.289195,34.346288
dzb3,2,441.642472,94.208169
dxb3,2,116.335245,24.087310
dyb3,2,120.035860,25.116765
csxxsyyszz,2,289.345198,60.359047
dyf2,2,120.228756,25.205909
dxf2,2,116.548506,24.118626
csxy,2,113.058791,24.242631
dzf2,2,441.313777,94.158351
dyf3,2,119.697237,25.115151
csyz,2,135.410194,29.023370
dxf3,2,116.356018,24.088160
dzf3,2,441.609717,94.193955
csxz,2,135.612607,29.114640
dxf,3,116.406173,24.114451
dzb,3,441.751542,94.244772
dyb,3,119.850555,25.105719
cvx,3,137.754033,29.521977
dyf,3,119.960640,25.154804
dzb2,3,441.782027,94.256636
dxb,3,116.472704,24.110589
cvy,3,137.495768,29.457726
dzf,3,441.117472,94.143602
dxb2,3,116.473867,24.110460
dyb2,3,119.920087,25.119293
cvz,3,160.195192,34.334427
dzb3,3,441.699286,94.246336
dxb3,3,116.650553,24.138137
dyb3,3,119.853521,25.095940
csxxsyyszz,3,287.571221,60.097408
dyf2,3,120.073258,25.198775
dxf2,3,116.437812,24.141357
csxy,3,113.023982,24.268582
dzf2,3,441.338759,94.174516
dyf3,3,121.753534,25.615879
csyz,3,135.463777,29.026698
dxf3,3,116.451390,24.117280
dzf3,3,441.340238,94.210572
csxz,3,135.494889,29.078983
dxf,4,116.313544,24.094153
dzb,4,441.634773,94.235063
dyb,4,119.744484,25.084861
cvx,4,137.742342,29.531610
dyf,4,119.887948,25.159253
dzb2,4,441.902250,94.298122
dxb,4,116.598523,24.140958
cvy,4,137.481186,29.458805
dzf,4,442.292654,94.376683
dxb2,4,116.516943,24.135669
dyb2,4,120.084668,25.152201
cvz,4,160.324727,34.349943
dzb3,4,442.454861,94.378161
dxb3,4,116.430508,24.113448
dyb3,4,119.828573,25.088735
csxxsyyszz,4,287.612123,60.087172
dyf2,4,120.196717,25.204118
dxf2,4,116.561104,24.138643
csxy,4,113.061044,24.284651
dzf2,4,441.311656,94.204595
dyf3,4,119.786535,25.148489
csyz,4,135.521179,29.042954
dxf3,4,116.451703,24.102788
dzf3,4,441.475718,94.256434
csxz,4,135.532626,29.169098
#========================= OptEWE [OpenMP] =========================
#Source type                                  :  Force monopole
#Grid Size                                    :  768 x 768 x 768
#Iterations                                   :  5
#Compute time                                 :  26.510334
#Total effective MLUPS                        :  85.435520
#===================================================================
#Number of threads                            :  17
