dxf,0,171.792934,26.158453
dzb,0,723.677568,113.761487
dyb,0,353.611307,51.784756
cvx,0,310.505435,47.442642
dyf,0,180.887742,27.803911
dzb2,0,723.542056,114.063533
dxb,0,351.256703,51.151880
cvy,0,930.409238,128.941789
dzf,0,676.316481,105.423697
dxb2,0,312.628584,45.924789
dyb2,0,355.016055,52.002144
cvz,0,410.500228,61.924132
dzb3,0,676.006988,105.481142
dxb3,0,312.840412,45.976455
dyb3,0,431.880009,62.156808
csxxsyyszz,0,493.177974,77.138015
dyf2,0,180.583068,27.798381
dxf2,0,385.598913,55.752047
csxy,0,209.088919,32.824606
dzf2,0,1354.715366,198.447938
dyf3,0,317.063622,46.946536
csyz,0,307.249274,46.888699
dxf3,0,171.166859,26.179377
dzf3,0,723.559400,114.103069
csxz,0,309.703165,47.273299
dxf,1,171.138362,26.200120
dzb,1,723.551246,114.080825
dyb,1,353.510308,51.821996
cvx,1,311.368692,47.602477
dyf,1,180.504549,27.789394
dzb2,1,723.597498,114.143510
dxb,1,352.210820,51.316568
cvy,1,434.929329,64.330759
dzf,1,676.716923,105.547626
dxb2,1,312.864408,45.963293
dyb2,1,353.554925,51.824179
cvz,1,410.202111,62.824642
dzb3,1,676.692690,105.599114
dxb3,1,312.833647,46.006222
dyb3,1,431.640855,62.157278
csxxsyyszz,1,490.240335,76.780403
dyf2,1,180.650211,27.818395
dxf2,1,385.449352,55.727559
csxy,1,209.007373,32.834339
dzf2,1,1353.742867,198.404749
dyf3,1,316.850745,46.930775
csyz,1,307.674606,47.056540
dxf3,1,171.144940,26.134846
dzf3,1,723.323776,113.892813
csxz,1,309.918557,47.352017
dxf,2,171.154154,26.206990
dzb,2,723.497617,114.170042
dyb,2,353.876680,51.913708
cvx,2,310.456668,47.517531
dyf,2,180.731953,27.899129
dzb2,2,723.766515,114.180030
dxb,2,352.049513,51.327624
cvy,2,435.243968,64.401913
dzf,2,676.163600,105.597703
dxb2,2,312.870916,46.016560
dyb2,2,353.670427,51.883450
cvz,2,411.335122,62.086703
dzb3,2,676.125555,105.597870
dxb3,2,312.349351,45.964220
dyb3,2,431.835961,62.250947
csxxsyyszz,2,491.699320,77.037837
dyf2,2,180.864422,27.848648
dxf2,2,385.646992,55.786900
csxy,2,209.093409,32.856650
dzf2,2,1354.639781,198.629922
dyf3,2,316.955188,46.993340
csyz,2,307.496193,46.968674
dxf3,2,171.068988,26.208658
dzf3,2,723.472400,114.209471
csxz,2,309.599089,47.298353
dxf,3,171.058780,26.212780
dzb,3,723.500490,114.224009
dyb,3,353.843020,51.909268
cvx,3,310.976999,47.584214
dyf,3,180.708795,27.839703
dzb2,3,723.550032,114.213991
dxb,3,351.386427,51.232239
cvy,3,434.961175,64.390962
dzf,3,676.758597,105.677649
dxb2,3,312.388110,45.957737
dyb2,3,353.704517,51.908005
cvz,3,410.135757,61.972183
dzb3,3,677.180526,105.765697
dxb3,3,312.517968,45.980200
dyb3,3,431.388364,62.180322
csxxsyyszz,3,490.164921,76.811556
dyf2,3,180.888873,27.833653
dxf2,3,385.481424,55.762949
csxy,3,209.202007,32.865411
dzf2,3,1353.420027,198.443708
dyf3,3,317.090920,46.966234
csyz,3,307.577149,46.963123
dxf3,3,171.190459,26.174946
dzf3,3,723.463476,114.032435
csxz,3,309.918280,47.352473
dxf,4,171.140957,26.243921
dzb,4,723.571873,114.411930
dyb,4,353.640157,51.967918
cvx,4,310.786177,47.584027
dyf,4,180.834812,27.874145
dzb2,4,723.954858,114.955416
dxb,4,351.535029,51.261125
cvy,4,435.001747,64.457776
dzf,4,676.049231,105.657742
dxb2,4,312.856296,46.049905
dyb2,4,353.609317,51.983432
cvz,4,410.400992,62.163173
dzb3,4,676.038742,105.728393
dxb3,4,312.943556,46.056271
dyb3,4,431.664820,62.330579
csxxsyyszz,4,491.501789,77.245411
dyf2,4,180.678660,27.893632
dxf2,4,385.870989,55.872896
csxy,4,209.192308,32.860542
dzf2,4,1353.845480,198.723279
dyf3,4,316.582083,46.980083
csyz,4,307.404001,46.959939
dxf3,4,171.123365,26.175816
dzf3,4,723.391142,114.220091
csxz,4,309.655461,47.450928
#========================= OptEWE [OpenMP] =========================
#Source type                                  :  Force monopole
#Grid Size                                    :  768 x 768 x 768
#Iterations                                   :  5
#Compute time                                 :  54.868015
#Total effective MLUPS                        :  41.279499
#===================================================================
#Number of threads                            :  11
