dxf,0,112.646579,21.597758
dzb,0,448.359760,87.891463
dyb,0,114.521719,22.350863
cvx,0,136.821778,27.007676
dyf,0,114.488468,22.363742
dzb2,0,448.461646,88.021434
dxb,0,111.577465,21.485203
cvy,0,915.729360,149.865797
dzf,0,447.601455,87.913061
dxb2,0,111.562210,21.504232
dyb2,0,114.515402,22.377025
cvz,0,159.876134,31.551207
dzb3,0,448.244676,88.078831
dxb3,0,111.654953,21.525567
dyb3,0,114.408773,22.352367
csxxsyyszz,0,283.453833,54.993648
dyf2,0,114.625441,22.420143
dxf2,0,111.684302,21.537773
csxy,0,112.211367,22.248856
dzf2,0,447.692110,88.007766
dyf3,0,114.418184,22.391564
csyz,0,135.146408,26.710774
dxf3,0,111.446676,21.499715
dzf3,0,447.883509,88.038783
csxz,0,135.084304,26.748294
dxf,1,111.480982,21.497701
dzb,1,448.401954,88.116836
dyb,1,114.313739,22.358313
cvx,1,136.767510,27.054322
dyf,1,114.371014,22.395027
dzb2,1,448.469181,88.141881
dxb,1,111.583870,21.526058
cvy,1,136.483932,26.975974
dzf,1,447.599407,87.998639
dxb2,1,111.658685,21.521593
dyb2,1,114.552936,22.378681
cvz,1,159.644496,31.533877
dzb3,1,448.940922,88.236842
dxb3,1,112.690594,21.693804
dyb3,1,114.439750,22.360022
csxxsyyszz,1,283.472989,55.009797
dyf2,1,114.633682,22.425955
dxf2,1,111.755453,21.574859
csxy,1,112.309329,22.275668
dzf2,1,447.474066,87.988821
dyf3,1,114.408924,22.402574
csyz,1,135.174919,26.721589
dxf3,1,111.569207,21.520515
dzf3,1,447.881587,88.064590
csxz,1,135.076004,26.748869
dxf,2,111.370483,21.488466
dzb,2,449.483725,88.336008
dyb,2,114.429256,22.370796
cvx,2,136.857316,27.070104
dyf,2,114.464765,22.413755
dzb2,2,448.534695,88.182293
dxb,2,111.532206,21.512637
cvy,2,136.572244,27.001346
dzf,2,447.590389,88.014810
dxb2,2,111.602030,21.531784
dyb2,2,114.608222,22.417269
cvz,2,159.871408,31.584656
dzb3,2,448.125416,88.107305
dxb3,2,111.622321,21.527549
dyb3,2,114.402159,22.381278
csxxsyyszz,2,283.316597,55.013744
dyf2,2,114.581789,22.450251
dxf2,2,111.748958,21.560997
csxy,2,112.273239,22.262601
dzf2,2,447.478850,87.982288
dyf3,2,114.445165,22.413370
csyz,2,135.172675,26.732616
dxf3,2,111.544565,21.526496
dzf3,2,447.876611,88.080320
csxz,2,135.130213,26.768727
dxf,3,111.500593,21.518997
dzb,3,448.570943,88.199013
dyb,3,114.277768,22.354849
cvx,3,136.824560,27.060154
dyf,3,114.375064,22.397669
dzb2,3,448.427452,88.173665
dxb,3,111.564142,21.541752
cvy,3,136.453292,26.978941
dzf,3,447.563322,88.037896
dxb2,3,111.651546,21.531210
dyb2,3,114.588056,22.415670
cvz,3,160.313677,31.701410
dzb3,3,449.761972,88.614949
dxb3,3,111.799008,21.577455
dyb3,3,114.443339,22.384155
csxxsyyszz,3,283.504797,55.057625
dyf2,3,114.606667,22.464018
dxf2,3,111.675455,21.567569
csxy,3,112.286322,22.297330
dzf2,3,447.529794,88.087741
dyf3,3,114.358964,22.431116
csyz,3,135.202054,26.768279
dxf3,3,111.472276,21.526233
dzf3,3,447.942657,88.170377
csxz,3,135.078451,26.796310
dxf,4,111.451868,21.530182
dzb,4,448.524756,88.257709
dyb,4,114.246142,22.382518
cvx,4,136.809118,27.090435
dyf,4,114.507452,22.453208
dzb2,4,448.523225,88.264509
dxb,4,111.555922,21.558305
cvy,4,136.566840,27.024895
dzf,4,447.512257,88.095252
dxb2,4,111.493033,21.523211
dyb2,4,114.687812,22.451622
cvz,4,159.676624,31.588573
dzb3,4,448.232412,88.193709
dxb3,4,111.591403,21.567877
dyb3,4,114.504245,22.413342
csxxsyyszz,4,283.466911,55.091295
dyf2,4,114.660156,22.452509
dxf2,4,111.680086,21.573899
csxy,4,112.290256,22.291216
dzf2,4,447.492975,88.081988
dyf3,4,114.471172,22.429688
csyz,4,135.190919,26.757687
dxf3,4,111.504106,21.531516
dzf3,4,447.894279,88.036536
csxz,4,135.071457,26.793036
#========================= OptEWE [OpenMP] =========================
#Source type                                  :  Force monopole
#Grid Size                                    :  768 x 768 x 768
#Iterations                                   :  5
#Compute time                                 :  26.503702
#Total effective MLUPS                        :  85.456898
#===================================================================
#Number of threads                            :  19
