dxf,0,92.679608,19.264171
dzb,0,357.466737,76.787264
dyb,0,93.621353,19.812249
cvx,0,109.938782,23.806326
dyf,0,93.777019,19.915030
dzb2,0,357.258664,76.828399
dxb,0,91.164457,19.004603
cvy,0,913.365468,157.240228
dzf,0,356.757614,76.780988
dxb2,0,91.253679,19.050677
dyb2,0,94.439706,20.004493
cvz,0,128.091580,27.733427
dzb3,0,357.333677,76.925652
dxb3,0,91.216572,19.048938
dyb3,0,93.968721,19.910117
csxxsyyszz,0,225.181538,47.744437
dyf2,0,93.866446,19.928957
dxf2,0,91.259318,19.063997
csxy,0,90.573734,19.648347
dzf2,0,356.710383,76.872580
dyf3,0,93.472096,19.872044
csyz,0,108.618663,23.489032
dxf3,0,91.236999,19.073315
dzf3,0,356.807594,76.899883
csxz,0,108.541675,23.534795
dxf,1,91.099829,19.050272
dzb,1,357.515369,76.968625
dyb,1,93.548860,19.822880
cvx,1,109.886288,23.834434
dyf,1,93.817231,19.928137
dzb2,1,357.323536,76.931805
dxb,1,91.080268,19.047528
cvy,1,109.417936,23.739009
dzf,1,357.817424,77.060565
dxb2,1,91.476765,19.103274
dyb2,1,94.187095,19.942155
cvz,1,128.100628,27.764702
dzb3,1,357.145325,76.922659
dxb3,1,91.043331,19.030993
dyb3,1,95.821779,20.236423
csxxsyyszz,1,225.223781,47.782167
dyf2,1,93.917997,19.960416
dxf2,1,91.417580,19.107748
csxy,1,90.584766,19.653940
dzf2,1,356.787154,76.928740
dyf3,1,93.458167,19.872895
csyz,1,108.620175,23.493926
dxf3,1,91.246792,19.089098
dzf3,1,356.820642,76.927613
csxz,1,108.551638,23.540162
dxf,2,91.113200,19.066416
dzb,2,357.490238,77.006159
dyb,2,93.407616,19.811878
cvx,2,109.835052,23.827032
dyf,2,93.672300,19.921140
dzb2,2,357.236711,76.943462
dxb,2,91.038872,19.027491
cvy,2,109.376490,23.737900
dzf,2,356.891171,76.918519
dxb2,2,91.364319,19.099195
dyb2,2,94.037269,19.933452
cvz,2,128.082212,27.755784
dzb3,2,357.233421,76.960167
dxb3,2,91.179386,19.047667
dyb3,2,93.884632,19.920342
csxxsyyszz,2,224.094233,47.601184
dyf2,2,93.940756,19.955612
dxf2,2,91.472009,19.105601
csxy,2,90.622401,19.672079
dzf2,2,356.738294,76.935768
dyf3,2,93.473526,19.854514
csyz,2,108.752785,23.538304
dxf3,2,91.133716,19.069485
dzf3,2,356.893113,76.956072
csxz,2,108.617636,23.548056
dxf,3,91.169585,19.083607
dzb,3,357.616074,77.028284
dyb,3,93.676281,19.865164
cvx,3,109.989178,23.871119
dyf,3,93.835107,19.962184
dzb2,3,357.291961,76.960089
dxb,3,90.998953,19.039428
cvy,3,109.339088,23.742465
dzf,3,356.893978,76.956134
dxb2,3,91.393784,19.099581
dyb2,3,93.918015,19.912102
cvz,3,128.304579,27.794349
dzb3,3,357.354972,77.020695
dxb3,3,91.181053,19.062845
dyb3,3,93.995890,19.934673
csxxsyyszz,3,224.171011,47.621088
dyf2,3,93.752639,19.920461
dxf2,3,91.445995,19.112827
csxy,3,90.600589,19.657865
dzf2,3,357.797236,77.139562
dyf3,3,93.624803,19.904756
csyz,3,108.686847,23.540088
dxf3,3,91.169908,19.076322
dzf3,3,356.850913,76.939372
csxz,3,108.561482,23.542297
dxf,4,91.159986,19.085519
dzb,4,358.646783,77.257496
dyb,4,93.676484,19.877410
cvx,4,109.924451,23.849025
dyf,4,93.933244,19.966252
dzb2,4,357.387675,76.988919
dxb,4,91.109327,19.072586
cvy,4,109.444535,23.766102
dzf,4,356.832568,76.939404
dxb2,4,91.332227,19.084998
dyb2,4,93.916036,19.918602
cvz,4,128.050536,27.758893
dzb3,4,357.298504,76.992849
dxb3,4,91.015721,19.050299
dyb3,4,94.066693,19.950712
csxxsyyszz,4,225.285224,47.806739
dyf2,4,93.921825,19.966049
dxf2,4,91.387427,19.108201
csxy,4,90.545837,19.657796
dzf2,4,356.677209,76.952857
dyf3,4,93.579684,19.887283
csyz,4,108.665855,23.519489
dxf3,4,91.165751,19.082069
dzf3,4,356.774534,76.945577
csxz,4,108.502563,23.640123
#========================= OptEWE [OpenMP] =========================
#Source type                                  :  Force monopole
#Grid Size                                    :  768 x 768 x 768
#Iterations                                   :  5
#Compute time                                 :  21.474499
#Total effective MLUPS                        :  105.470409
#===================================================================
#Number of threads                            :  22
