dxf,0,318.737289,44.075265
dzb,0,712.163144,106.219654
dyb,0,335.227646,46.536335
cvx,0,397.086214,55.682756
dyf,0,320.687175,44.799101
dzb2,0,711.850920,106.282809
dxb,0,334.327720,46.095931
cvy,0,978.790330,128.709302
dzf,0,706.380066,105.608057
dxb2,0,333.958953,46.066023
dyb2,0,335.726156,46.634803
cvz,0,490.201055,68.282788
dzb3,0,706.739772,105.738324
dxb3,0,333.578828,46.018692
dyb3,0,410.906371,55.996090
csxxsyyszz,0,528.066212,77.431443
dyf2,0,321.810847,44.945043
dxf2,0,407.627995,55.348704
csxy,0,298.216533,42.282133
dzf2,0,1527.615272,206.770814
dyf3,0,336.055181,46.722979
csyz,0,392.672955,54.864209
dxf3,0,318.683168,44.134008
dzf3,0,711.487444,106.211701
csxz,0,399.093563,55.719208
dxf,1,317.856351,44.050505
dzb,1,711.697821,106.152647
dyb,1,334.943611,46.547192
cvx,1,397.011981,55.668989
dyf,1,320.779588,44.805411
dzb2,1,712.120189,106.253142
dxb,1,334.742490,46.153989
cvy,1,518.115481,70.636077
dzf,1,706.362465,105.623010
dxb2,1,333.821725,46.042609
dyb2,1,335.701519,46.641840
cvz,1,489.554627,68.188926
dzb3,1,706.800341,105.765231
dxb3,1,333.828341,46.053611
dyb3,1,410.678694,55.976900
csxxsyyszz,1,527.718929,77.403596
dyf2,1,321.204558,44.880256
dxf2,1,407.899374,55.412730
csxy,1,298.035827,42.270544
dzf2,1,1527.102456,206.688169
dyf3,1,336.261257,46.938787
csyz,1,392.433855,55.129610
dxf3,1,318.059200,44.192213
dzf3,1,711.095062,106.121336
csxz,1,399.089357,55.735912
dxf,2,318.460669,44.109787
dzb,2,713.017391,106.288203
dyb,2,335.047393,46.559532
cvx,2,396.626497,55.617273
dyf,2,320.934475,44.828415
dzb2,2,711.733389,106.186526
dxb,2,333.639301,46.021681
cvy,2,518.512812,70.677158
dzf,2,706.379792,105.621860
dxb2,2,333.671125,46.028934
dyb2,2,335.495276,46.603105
cvz,2,489.476310,68.164683
dzb3,2,706.842618,105.593224
dxb3,2,333.859667,46.047095
dyb3,2,411.043875,56.011693
csxxsyyszz,2,527.954143,77.378838
dyf2,2,321.443275,44.876291
dxf2,2,407.836038,55.370347
csxy,2,298.364723,42.292328
dzf2,2,1528.005967,206.803743
dyf3,2,336.131474,46.715561
csyz,2,392.467763,54.850108
dxf3,2,319.060571,44.171997
dzf3,2,711.217569,106.141614
csxz,2,399.325739,55.726229
dxf,3,318.452532,44.091493
dzb,3,711.913440,106.108424
dyb,3,335.105673,46.537178
cvx,3,397.280894,55.846092
dyf,3,320.904170,44.828792
dzb2,3,711.808116,106.219638
dxb,3,334.016401,46.074132
cvy,3,518.023902,70.649119
dzf,3,706.098457,105.580666
dxb2,3,334.031141,46.078650
dyb2,3,335.703761,46.643148
cvz,3,489.476863,68.201646
dzb3,3,706.777879,105.620489
dxb3,3,333.779206,46.042225
dyb3,3,410.831703,56.002991
csxxsyyszz,3,523.850848,76.892696
dyf2,3,321.929246,44.982260
dxf2,3,407.896482,55.392515
csxy,3,298.456763,42.314328
dzf2,3,1526.101076,206.624143
dyf3,3,335.796765,46.686834
csyz,3,392.414658,55.007271
dxf3,3,318.145213,44.735814
dzf3,3,711.317087,107.156225
csxz,3,398.891821,55.677818
dxf,4,318.610857,44.124118
dzb,4,711.863384,106.157997
dyb,4,335.354193,46.576044
cvx,4,396.695521,55.625208
dyf,4,320.458018,44.767586
dzb2,4,711.952261,106.226170
dxb,4,334.354587,46.085579
cvy,4,517.887926,70.604886
dzf,4,705.883729,105.524248
dxb2,4,333.888693,46.036024
dyb2,4,335.745576,46.624424
cvz,4,489.609446,68.194193
dzb3,4,707.252488,105.646586
dxb3,4,334.867450,46.172340
dyb3,4,410.911578,55.980218
csxxsyyszz,4,527.776443,77.371750
dyf2,4,322.058367,44.976220
dxf2,4,408.319496,55.457504
csxy,4,298.322419,42.299756
dzf2,4,1526.780185,206.645396
dyf3,4,335.579717,46.644459
csyz,4,392.596407,54.879795
dxf3,4,318.459648,44.086383
dzf3,4,711.248310,106.157424
csxz,4,398.780948,55.666605
#========================= OptEWE [OpenMP] =========================
#Source type                                  :  Force monopole
#Grid Size                                    :  768 x 768 x 768
#Iterations                                   :  5
#Compute time                                 :  61.481987
#Total effective MLUPS                        :  36.838825
#===================================================================
#Number of threads                            :  13
