dxf,0,195.179590,30.797877
dzb,0,666.102436,109.225964
dyb,0,248.590674,38.499610
cvx,0,315.208513,49.387679
dyf,0,248.349858,38.475228
dzb2,0,664.123785,109.059892
dxb,0,199.992450,31.467219
cvy,0,1061.283960,151.397819
dzf,0,664.887450,109.177187
dxb2,0,204.329684,32.073188
dyb2,0,247.568861,38.445007
cvz,0,322.891561,52.181741
dzb3,0,665.251760,109.289541
dxb3,0,200.055647,31.532533
dyb3,0,249.922866,39.542327
csxxsyyszz,0,882.487995,135.264367
dyf2,0,247.720491,40.072022
dxf2,0,197.860321,32.282178
csxy,0,149.400655,26.246652
dzf2,0,1527.016886,233.458180
dyf3,0,248.323734,38.479872
csyz,0,219.413922,37.018032
dxf3,0,194.130481,30.719538
dzf3,0,665.930855,109.311000
csxz,0,216.972544,36.906357
dxf,1,195.082757,30.867018
dzb,1,665.464523,109.409049
dyb,1,247.974080,38.490879
cvx,1,314.985743,49.621841
dyf,1,248.625678,38.583596
dzb2,1,664.057496,109.179874
dxb,1,199.509739,31.449707
cvy,1,320.430030,51.169913
dzf,1,664.953116,109.248749
dxb2,1,204.237043,32.095454
dyb2,1,247.753960,38.440792
cvz,1,322.875843,52.188295
dzb3,1,665.362293,109.275778
dxb3,1,200.083962,31.512976
dyb3,1,250.103049,39.551141
csxxsyyszz,1,882.120591,133.009113
dyf2,1,248.528793,38.559490
dxf2,1,198.353799,31.916861
csxy,1,149.155389,25.948715
dzf2,1,1528.174451,233.275325
dyf3,1,248.286418,38.503636
csyz,1,219.290861,36.994417
dxf3,1,194.354433,30.775429
dzf3,1,664.419595,109.106723
csxz,1,216.840142,36.716232
dxf,2,195.250667,30.852702
dzb,2,665.369742,109.391222
dyb,2,248.306700,38.548869
cvx,2,315.503072,49.387551
dyf,2,248.420040,38.600871
dzb2,2,664.004520,109.252793
dxb,2,199.591658,31.528530
cvy,2,320.494138,51.216729
dzf,2,664.752643,109.328850
dxb2,2,204.290561,32.151590
dyb2,2,248.256221,38.502553
cvz,2,322.892846,52.224428
dzb3,2,665.405209,109.367249
dxb3,2,200.113601,31.499688
dyb3,2,250.157632,39.539423
csxxsyyszz,2,881.842760,133.012944
dyf2,2,248.321374,38.562694
dxf2,2,197.919825,31.862480
csxy,2,149.390900,25.992285
dzf2,2,1527.613313,233.132119
dyf3,2,248.192019,38.516546
csyz,2,219.380934,37.007751
dxf3,2,193.992055,30.708817
dzf3,2,664.571596,109.126944
csxz,2,217.107106,36.736702
dxf,3,194.994624,30.822083
dzb,3,665.857740,109.411180
dyb,3,248.519916,38.589799
cvx,3,315.432863,49.570348
dyf,3,248.530998,38.529263
dzb2,3,664.192440,109.106321
dxb,3,199.773609,31.490805
cvy,3,320.444171,51.170803
dzf,3,664.511784,109.158655
dxb2,3,204.711535,32.162318
dyb2,3,247.820552,38.433583
cvz,3,322.616120,52.171332
dzb3,3,665.071126,109.216741
dxb3,3,201.750576,31.741676
dyb3,3,249.846958,39.520985
csxxsyyszz,3,881.550449,132.858909
dyf2,3,247.841570,38.432861
dxf2,3,197.931497,31.876668
csxy,3,149.421044,26.000127
dzf2,3,1528.301475,233.215553
dyf3,3,248.381087,38.505401
csyz,3,219.163947,36.966932
dxf3,3,194.221788,30.734235
dzf3,3,664.547895,109.063557
csxz,3,216.620316,36.663733
dxf,4,194.963470,30.832204
dzb,4,665.468407,109.320643
dyb,4,248.635909,38.560569
cvx,4,316.076365,49.853715
dyf,4,248.234314,38.528199
dzb2,4,663.958745,109.117498
dxb,4,199.705848,31.458390
cvy,4,320.472385,51.177548
dzf,4,664.639322,109.166507
dxb2,4,204.325786,32.116963
dyb2,4,247.723213,38.416621
cvz,4,322.872867,52.183329
dzb3,4,665.261255,109.188619
dxb3,4,200.210697,31.494901
dyb3,4,250.656288,39.641739
csxxsyyszz,4,881.860588,132.961952
dyf2,4,248.187766,38.461905
dxf2,4,197.767463,31.850996
csxy,4,149.343795,25.973704
dzf2,4,1527.814129,233.094069
dyf3,4,248.366259,38.492920
csyz,4,219.130366,36.952964
dxf3,4,194.344921,30.751365
dzf3,4,664.434702,109.060818
csxz,4,216.304812,36.633734
#========================= OptEWE [OpenMP] =========================
#Source type                                  :  Force monopole
#Grid Size                                    :  768 x 768 x 768
#Iterations                                   :  5
#Compute time                                 :  50.548439
#Total effective MLUPS                        :  44.807005
#===================================================================
#Number of threads                            :  7
