dxf,0,104.669899,21.178127
dzb,0,386.762485,81.838142
dyb,0,110.832549,22.685047
cvx,0,123.129919,25.878091
dyf,0,110.765339,22.714806
dzb2,0,386.799311,82.093167
dxb,0,104.189317,21.197734
cvy,0,815.361813,138.796383
dzf,0,385.669739,81.936755
dxb2,0,105.755324,21.488839
dyb2,0,111.017615,22.718698
cvz,0,140.716603,29.928042
dzb3,0,387.528119,82.201162
dxb3,0,104.818850,21.348188
dyb3,0,111.103665,22.755357
csxxsyyszz,0,305.890777,60.926815
dyf2,0,110.802805,22.721500
dxf2,0,104.311593,21.265664
csxy,0,100.196215,21.357510
dzf2,0,385.988454,82.078398
dyf3,0,110.637113,22.702216
csyz,0,119.302462,25.377901
dxf3,0,104.338501,21.228701
dzf3,0,386.180958,82.138473
csxz,0,119.264338,25.540186
dxf,1,103.959780,21.248636
dzb,1,386.860607,82.223830
dyb,1,110.979573,22.787846
cvx,1,123.433063,25.985375
dyf,1,110.793355,22.787324
dzb2,1,386.574306,82.207191
dxb,1,104.095970,21.254359
cvy,1,122.307830,25.814596
dzf,1,385.800392,82.313178
dxb2,1,105.704926,21.576153
dyb2,1,111.242679,22.885596
cvz,1,140.719590,30.062460
dzb3,1,386.362827,82.169812
dxb3,1,104.532821,21.334310
dyb3,1,111.274358,22.834015
csxxsyyszz,1,305.219736,60.889472
dyf2,1,110.770638,22.759162
dxf2,1,104.445809,21.325420
csxy,1,100.098572,21.388341
dzf2,1,386.248292,82.282083
dyf3,1,111.220267,22.927984
csyz,1,119.146491,25.530458
dxf3,1,104.435304,21.374138
dzf3,1,386.062709,82.344039
csxz,1,119.361186,25.494464
dxf,2,104.001499,21.199380
dzb,2,386.732512,81.977448
dyb,2,110.754909,22.716375
cvx,2,123.101064,25.881875
dyf,2,110.836307,22.744574
dzb2,2,386.672013,82.173282
dxb,2,104.151030,21.269531
cvy,2,122.362008,25.827141
dzf,2,385.891798,82.047001
dxb2,2,105.705717,21.483945
dyb2,2,111.132940,22.746478
cvz,2,140.667355,29.898251
dzb3,2,387.573972,82.273533
dxb3,2,104.496584,21.478237
dyb3,2,111.089670,22.963488
csxxsyyszz,2,306.373886,61.211362
dyf2,2,111.043797,22.801688
dxf2,2,105.010348,21.421742
csxy,2,100.172336,21.377095
dzf2,2,385.945000,82.003088
dyf3,2,110.862140,22.755567
csyz,2,119.295046,25.398383
dxf3,2,104.298411,21.227555
dzf3,2,386.216746,81.923861
csxz,2,119.263965,25.465197
dxf,3,103.908132,21.186868
dzb,3,386.778991,81.923751
dyb,3,110.910246,22.715309
cvx,3,123.092599,25.853876
dyf,3,110.807629,22.734237
dzb2,3,386.640767,81.945046
dxb,3,104.017976,21.181273
cvy,3,122.343663,25.738417
dzf,3,385.796775,81.871905
dxb2,3,105.774039,21.480285
dyb2,3,111.254085,22.756259
cvz,3,140.679116,29.866324
dzb3,3,386.418244,81.899502
dxb3,3,104.637282,21.300350
dyb3,3,111.139810,22.740385
csxxsyyszz,3,303.761043,60.516294
dyf2,3,110.858017,22.721068
dxf2,3,104.604885,21.307447
csxy,3,100.116320,21.272877
dzf2,3,386.127652,81.907077
dyf3,3,110.604475,22.720701
csyz,3,119.197927,25.365638
dxf3,3,104.504881,21.270563
dzf3,3,386.161770,81.889060
csxz,3,119.322284,25.451023
dxf,4,104.008805,21.191180
dzb,4,386.799955,81.945014
dyb,4,111.076686,22.748726
cvx,4,123.372783,25.911121
dyf,4,110.893143,22.753762
dzb2,4,386.752883,81.989366
dxb,4,104.011366,21.179559
cvy,4,122.297820,25.729636
dzf,4,385.808182,81.911337
dxb2,4,105.852882,21.481333
dyb2,4,111.138349,22.710334
cvz,4,140.623572,29.849457
dzb3,4,386.364460,81.845284
dxb3,4,104.292363,21.230874
dyb3,4,111.093319,22.754467
csxxsyyszz,4,305.926156,60.879802
dyf2,4,110.922047,22.735305
dxf2,4,104.589845,21.300807
csxy,4,100.117905,21.274686
dzf2,4,385.992966,81.893592
dyf3,4,110.730630,22.721035
csyz,4,120.224756,25.524602
dxf3,4,104.268877,21.194616
dzf3,4,386.084723,81.862646
csxz,4,119.304003,25.542655
#========================= OptEWE [OpenMP] =========================
#Source type                                  :  Force monopole
#Grid Size                                    :  768 x 768 x 768
#Iterations                                   :  5
#Compute time                                 :  23.903749
#Total effective MLUPS                        :  94.751837
#===================================================================
#Number of threads                            :  19
