dxf,0,89.731211,18.186347
dzb,0,328.215229,70.266030
dyb,0,100.570387,20.355396
cvx,0,115.491549,23.518447
dyf,0,101.031140,20.449242
dzb2,0,328.322444,70.380764
dxb,0,90.491848,18.300746
cvy,0,958.616689,154.951147
dzf,0,328.207919,70.323393
dxb2,0,90.477771,18.310930
dyb2,0,101.287172,20.494672
cvz,0,122.984108,25.842035
dzb3,0,328.983242,70.509705
dxb3,0,89.569986,18.183568
dyb3,0,100.798433,20.414894
csxxsyyszz,0,310.931063,59.602220
dyf2,0,101.352832,20.543628
dxf2,0,88.585786,18.063379
csxy,0,85.209001,18.312589
dzf2,0,327.443912,70.314597
dyf3,0,100.664459,20.417490
csyz,0,101.210521,21.838626
dxf3,0,88.008841,17.969938
dzf3,0,327.666023,70.374867
csxz,0,101.078244,21.886997
dxf,1,88.483904,18.057475
dzb,1,328.196363,70.450083
dyb,1,100.369296,20.328226
cvx,1,115.405558,23.568749
dyf,1,101.060954,20.467541
dzb2,1,328.220031,70.465606
dxb,1,90.621966,18.354641
cvy,1,114.201270,23.345791
dzf,1,328.020640,70.417332
dxb2,1,90.366486,18.315420
dyb2,1,100.445008,20.389721
cvz,1,122.895371,25.866625
dzb3,1,328.355100,70.477814
dxb3,1,89.441854,18.171193
dyb3,1,100.831172,20.435488
csxxsyyszz,1,307.165338,59.019979
dyf2,1,101.259757,20.502520
dxf2,1,88.343981,18.027816
csxy,1,85.213408,18.330554
dzf2,1,328.381213,70.523471
dyf3,1,100.881216,20.459971
csyz,1,101.122527,21.821725
dxf3,1,88.139691,17.992983
dzf3,1,327.566082,70.380160
csxz,1,101.052072,21.885254
dxf,2,88.450936,18.054310
dzb,2,328.045563,70.448528
dyb,2,100.326367,20.334162
cvx,2,115.369269,23.572677
dyf,2,100.842232,20.448851
dzb2,2,328.185346,70.484141
dxb,2,90.476503,18.348536
cvy,2,114.190845,23.371592
dzf,2,328.001678,70.448795
dxb2,2,90.390734,18.349564
dyb2,2,100.630234,20.402039
cvz,2,122.851897,25.871841
dzb3,2,328.140304,70.476829
dxb3,2,89.468834,18.201008
dyb3,2,100.767822,20.411905
csxxsyyszz,2,311.239257,59.631029
dyf2,2,103.172570,20.790501
dxf2,2,88.456629,18.025372
csxy,2,85.113285,18.324303
dzf2,2,327.468927,70.356299
dyf3,2,100.864332,20.446164
csyz,2,101.223320,21.839422
dxf3,2,88.053176,17.994400
dzf3,2,328.527917,70.577377
csxz,2,101.151305,21.892137
dxf,3,88.452033,18.046794
dzb,3,328.098545,70.491101
dyb,3,100.205840,20.351855
cvx,3,115.434749,23.584453
dyf,3,100.893361,20.483454
dzb2,3,328.287375,70.510531
dxb,3,90.414361,18.364557
cvy,3,114.199437,23.357476
dzf,3,328.271723,70.497719
dxb2,3,90.260721,18.339972
dyb2,3,100.621217,20.419448
cvz,3,122.998067,25.907707
dzb3,3,328.174224,70.464349
dxb3,3,89.391575,18.205797
dyb3,3,100.819602,20.439938
csxxsyyszz,3,307.103800,59.008279
dyf2,3,101.278358,20.509727
dxf2,3,88.407351,18.037309
csxy,3,85.142241,18.348519
dzf2,3,327.741536,70.417359
dyf3,3,101.077882,20.531567
csyz,3,101.269841,21.865559
dxf3,3,88.091021,17.994548
dzf3,3,327.874228,70.457952
csxz,3,100.945193,21.888653
dxf,4,88.354353,18.045640
dzb,4,328.089696,70.485471
dyb,4,100.377043,20.348862
cvx,4,115.359312,23.577052
dyf,4,100.839039,20.459820
dzb2,4,328.291802,70.531254
dxb,4,90.433374,18.349128
cvy,4,114.215510,23.387102
dzf,4,328.040927,70.480213
dxb2,4,90.395379,18.356525
dyb2,4,100.614327,20.404733
cvz,4,122.919019,25.896633
dzb3,4,328.066985,70.480344
dxb3,4,89.448178,18.205653
dyb3,4,100.755932,20.427153
csxxsyyszz,4,310.020099,59.497277
dyf2,4,101.317788,20.525827
dxf2,4,88.472292,18.051542
csxy,4,85.242454,18.361665
dzf2,4,327.630361,70.397829
dyf3,4,100.921433,20.491008
csyz,4,101.245955,21.862122
dxf3,4,88.086759,17.993066
dzf3,4,327.709582,70.436765
csxz,4,101.014475,22.001386
#========================= OptEWE [OpenMP] =========================
#Source type                                  :  Force monopole
#Grid Size                                    :  768 x 768 x 768
#Iterations                                   :  5
#Compute time                                 :  21.138145
#Total effective MLUPS                        :  107.148670
#===================================================================
#Number of threads                            :  23
