dxf,0,141.431483,26.300815
dzb,0,568.446102,107.668675
dyb,0,143.727256,27.169159
cvx,0,172.859852,33.054727
dyf,0,143.777023,27.225666
dzb2,0,568.338051,107.628642
dxb,0,141.332235,26.330046
cvy,0,779.128801,129.319416
dzf,0,568.392281,107.795593
dxb2,0,141.008429,26.485179
dyb2,0,143.944972,27.219125
cvz,0,201.862372,38.507111
dzb3,0,568.258292,107.792613
dxb3,0,142.395239,26.568948
dyb3,0,151.440836,28.581982
csxxsyyszz,0,330.373294,63.063484
dyf2,0,143.859341,27.250927
dxf2,0,146.164142,27.293313
csxy,0,141.528625,27.143928
dzf2,0,1186.937601,200.085029
dyf3,0,143.682305,27.191256
csyz,0,170.641733,32.492864
dxf3,0,141.037442,26.304715
dzf3,0,567.602751,107.482162
csxz,0,170.579483,32.514606
dxf,1,141.046300,26.341752
dzb,1,568.920048,107.649651
dyb,1,143.750821,27.179810
cvx,1,172.874101,33.074714
dyf,1,143.822642,27.265053
dzb2,1,568.858099,107.949180
dxb,1,141.251989,26.373622
cvy,1,166.338852,32.125551
dzf,1,567.232040,107.712277
dxb2,1,141.011890,26.340379
dyb2,1,144.145543,27.279667
cvz,1,201.880525,38.539290
dzb3,1,568.205998,107.189317
dxb3,1,141.227713,26.354399
dyb3,1,151.455641,28.587128
csxxsyyszz,1,330.268443,63.065354
dyf2,1,143.674884,27.231592
dxf2,1,146.809237,27.419972
csxy,1,141.553994,27.142483
dzf2,1,1185.786709,200.880580
dyf3,1,143.590164,27.208355
csyz,1,170.639159,32.513455
dxf3,1,141.087892,26.345327
dzf3,1,567.671737,107.799513
csxz,1,170.562516,32.560706
dxf,2,140.899597,26.331356
dzb,2,568.351778,107.903202
dyb,2,143.714229,27.207581
cvx,2,172.984867,33.121382
dyf,2,143.780763,27.282895
dzb2,2,568.354768,107.660350
dxb,2,141.319464,26.402650
cvy,2,166.402073,32.156333
dzf,2,567.253502,107.741775
dxb2,2,140.937147,26.353881
dyb2,2,143.894368,27.254337
cvz,2,201.956959,38.572037
dzb3,2,568.824368,108.006023
dxb3,2,141.308992,26.404400
dyb3,2,151.197667,28.557706
csxxsyyszz,2,331.521430,63.306903
dyf2,2,144.024485,27.304600
dxf2,2,146.613077,27.392993
csxy,2,141.559488,27.158632
dzf2,2,1187.334882,200.225449
dyf3,2,143.598455,27.203984
csyz,2,170.565619,32.501055
dxf3,2,140.953824,26.334789
dzf3,2,567.664464,107.583013
csxz,2,170.584700,32.571883
dxf,3,140.943795,26.345943
dzb,3,568.609269,107.838366
dyb,3,143.683781,27.206647
cvx,3,172.806557,33.089972
dyf,3,143.699190,27.283520
dzb2,3,568.411155,107.963463
dxb,3,141.355508,26.405060
cvy,3,166.333696,32.156981
dzf,3,567.227676,107.750950
dxb2,3,140.899013,26.346130
dyb2,3,143.802900,27.248417
cvz,3,201.884977,38.575942
dzb3,3,567.987970,107.243662
dxb3,3,141.224991,26.385370
dyb3,3,151.054569,28.539934
csxxsyyszz,3,330.364135,63.121440
dyf2,3,143.888403,27.292280
dxf2,3,146.512089,27.371526
csxy,3,141.568270,27.161802
dzf2,3,1186.545193,200.474696
dyf3,3,143.747117,27.234873
csyz,3,171.047698,32.598304
dxf3,3,141.679213,26.812295
dzf3,3,567.679600,109.541084
csxz,3,170.614308,33.081692
dxf,4,141.770470,26.907638
dzb,4,568.476432,108.117109
dyb,4,143.762269,27.221261
cvx,4,172.803945,33.091458
dyf,4,143.767697,27.308673
dzb2,4,568.476159,107.692196
dxb,4,141.047422,26.362182
cvy,4,166.148511,32.129215
dzf,4,567.235374,107.788675
dxb2,4,140.971025,26.357734
dyb2,4,143.812461,27.249113
cvz,4,201.870408,38.571542
dzb3,4,568.317427,107.923726
dxb3,4,141.245549,26.393162
dyb3,4,151.253615,28.584955
csxxsyyszz,4,330.007895,63.057350
dyf2,4,144.060855,27.324569
dxf2,4,146.317125,27.359942
csxy,4,141.630182,27.176281
dzf2,4,1187.527338,200.302099
dyf3,4,143.589426,27.201035
csyz,4,170.601570,32.517452
dxf3,4,141.087083,26.355905
dzf3,4,567.756206,107.586181
csxz,4,170.611735,32.590879
#========================= OptEWE [OpenMP] =========================
#Source type                                  :  Force monopole
#Grid Size                                    :  768 x 768 x 768
#Iterations                                   :  5
#Compute time                                 :  36.136230
#Total effective MLUPS                        :  62.677378
#===================================================================
#Number of threads                            :  15
