dxf,0,123.575362,22.581420
dzb,0,532.322902,97.990152
dyb,0,122.111015,22.801769
cvx,0,151.393352,28.478895
dyf,0,121.660216,22.775806
dzb2,0,532.342353,98.092674
dxb,0,120.257924,22.146556
cvy,0,1326.900743,206.227148
dzf,0,530.885130,97.844771
dxb2,0,120.484053,22.194866
dyb2,0,121.692695,22.790296
cvz,0,178.865457,33.535782
dzb3,0,532.108351,98.104734
dxb3,0,120.440922,22.192226
dyb3,0,121.615104,22.771068
csxxsyyszz,0,271.648114,51.642246
dyf2,0,121.583399,22.774152
dxf2,0,120.764374,22.266426
csxy,0,123.117135,23.225308
dzf2,0,530.574334,97.903678
dyf3,0,121.683457,22.787700
csyz,0,150.271220,28.167820
dxf3,0,120.264949,22.172494
dzf3,0,530.819716,97.948084
csxz,0,150.084343,28.170312
dxf,1,120.243959,22.177002
dzb,1,532.125469,98.155971
dyb,1,121.408251,22.729376
cvx,1,151.431593,28.527410
dyf,1,121.529419,22.783431
dzb2,1,532.351447,98.187063
dxb,1,120.254058,22.175045
cvy,1,150.927652,28.447503
dzf,1,530.717422,97.941803
dxb2,1,120.494071,22.215230
dyb2,1,121.912510,22.832081
cvz,1,179.578665,33.662565
dzb3,1,532.142454,98.156862
dxb3,1,120.446788,22.209721
dyb3,1,121.676847,22.795860
csxxsyyszz,1,273.930266,52.026952
dyf2,1,121.600026,22.793331
dxf2,1,120.756373,22.281901
csxy,1,123.120398,23.237005
dzf2,1,530.631111,97.951807
dyf3,1,121.467771,22.771256
csyz,1,150.332075,28.194434
dxf3,1,120.287431,22.186622
dzf3,1,531.005853,98.000590
csxz,1,150.048337,28.162320
dxf,2,120.266267,22.182348
dzb,2,532.359179,98.212415
dyb,2,121.279366,22.710423
cvx,2,151.378339,28.522449
dyf,2,121.576573,22.801661
dzb2,2,532.454165,98.250753
dxb,2,120.300989,22.181111
cvy,2,150.977427,28.455271
dzf,2,530.600003,97.925494
dxb2,2,120.552997,22.213618
dyb2,2,121.702042,22.788583
cvz,2,178.809801,33.544842
dzb3,2,532.011339,98.143885
dxb3,2,120.598123,22.231324
dyb3,2,121.499699,22.749830
csxxsyyszz,2,271.966504,51.726434
dyf2,2,121.643551,22.800995
dxf2,2,121.811127,22.450013
csxy,2,123.096583,23.215399
dzf2,2,530.627003,97.928483
dyf3,2,121.610091,22.803869
csyz,2,150.249317,28.174959
dxf3,2,120.278241,22.186775
dzf3,2,530.934394,97.980721
csxz,2,150.009434,28.158102
dxf,3,120.320244,22.189838
dzb,3,532.321392,98.229618
dyb,3,121.387941,22.731248
cvx,3,151.328867,28.512138
dyf,3,122.850044,23.001193
dzb2,3,532.306551,98.163830
dxb,3,121.086142,22.301753
cvy,3,151.018174,28.427443
dzf,3,531.611514,98.083194
dxb2,3,120.513961,22.219144
dyb2,3,121.661057,22.790676
cvz,3,179.021706,33.573616
dzb3,3,532.090353,98.142892
dxb3,3,120.459808,22.207061
dyb3,3,121.806462,22.833264
csxxsyyszz,3,271.306660,51.625035
dyf2,3,121.671428,22.818956
dxf2,3,120.650847,22.259586
csxy,3,123.109605,23.238045
dzf2,3,530.696305,97.974192
dyf3,3,121.650401,22.798199
csyz,3,150.264484,28.182869
dxf3,3,120.300085,22.194502
dzf3,3,531.035133,98.018572
csxz,3,150.098646,28.180526
dxf,4,120.290264,22.203536
dzb,4,532.376063,98.238959
dyb,4,121.419533,22.731241
cvx,4,151.339514,28.523665
dyf,4,121.534445,22.805123
dzb2,4,532.291886,98.215202
dxb,4,120.331389,22.205086
cvy,4,151.047363,28.452682
dzf,4,530.712368,97.959450
dxb2,4,120.485541,22.216002
dyb2,4,121.495581,22.764987
cvz,4,178.911836,33.576781
dzb3,4,531.962601,98.163191
dxb3,4,120.474068,22.221170
dyb3,4,121.818220,22.825441
csxxsyyszz,4,271.798132,51.704242
dyf2,4,121.633020,22.801617
dxf2,4,120.747031,22.270156
csxy,4,123.108270,23.236316
dzf2,4,530.579746,97.957410
dyf3,4,121.653128,22.816266
csyz,4,150.272627,28.185138
dxf3,4,120.304212,22.196866
dzf3,4,531.594836,98.126121
csxz,4,150.103040,28.252713
#========================= OptEWE [OpenMP] =========================
#Source type                                  :  Force monopole
#Grid Size                                    :  768 x 768 x 768
#Iterations                                   :  5
#Compute time                                 :  30.275965
#Total effective MLUPS                        :  74.809314
#===================================================================
#Number of threads                            :  23
