dxf,0,132.681271,24.680696
dzb,0,490.988699,94.831296
dyb,0,144.589738,26.950635
cvx,0,159.121882,30.322477
dyf,0,144.234888,26.931666
dzb2,0,490.882503,95.017939
dxb,0,134.075819,24.915057
cvy,0,840.128126,135.101479
dzf,0,490.603334,94.876774
dxb2,0,134.511963,24.998331
dyb2,0,144.322962,26.953177
cvz,0,178.372389,34.612294
dzb3,0,490.647944,94.980265
dxb3,0,134.650884,25.046673
dyb3,0,144.719259,27.008479
csxxsyyszz,0,420.473426,75.825829
dyf2,0,144.382632,26.962343
dxf2,0,132.336314,24.710226
csxy,0,126.186152,24.594839
dzf2,0,490.730106,95.020357
dyf3,0,144.380729,26.994745
csyz,0,150.713908,29.310136
dxf3,0,133.458796,24.953458
dzf3,0,490.619151,95.283073
csxz,0,150.771043,29.377167
dxf,1,134.076932,24.990190
dzb,1,490.814114,95.043482
dyb,1,144.490694,27.000955
cvx,1,159.054331,30.370362
dyf,1,144.370676,26.994102
dzb2,1,490.909956,95.143984
dxb,1,133.890539,24.954964
cvy,1,157.577209,30.181362
dzf,1,490.546403,95.061808
dxb2,1,134.501347,25.031590
dyb2,1,144.516595,27.014209
cvz,1,178.314883,34.637046
dzb3,1,490.693950,95.072698
dxb3,1,134.771435,25.068725
dyb3,1,144.639362,27.003227
csxxsyyszz,1,417.220739,75.348047
dyf2,1,144.505175,27.002795
dxf2,1,132.435441,24.756532
csxy,1,126.285669,24.602889
dzf2,1,490.510819,94.994097
dyf3,1,144.238467,26.984571
csyz,1,150.773630,29.326462
dxf3,1,132.580545,24.779081
dzf3,1,490.387259,94.963067
csxz,1,150.591736,29.382106
dxf,2,131.990764,24.682892
dzb,2,490.911042,95.111268
dyb,2,144.503765,26.981995
cvx,2,159.099803,30.393126
dyf,2,144.410892,27.014109
dzb2,2,490.814120,95.135636
dxb,2,133.968165,24.984566
cvy,2,157.569355,30.165240
dzf,2,490.452476,95.035009
dxb2,2,134.278895,25.019194
dyb2,2,144.401943,26.992778
cvz,2,178.302109,34.658462
dzb3,2,490.525605,95.059149
dxb3,2,134.850867,25.111511
dyb3,2,144.278955,26.981523
csxxsyyszz,2,420.141917,75.855028
dyf2,2,146.758390,27.354449
dxf2,2,132.468901,24.759821
csxy,2,126.038152,24.552330
dzf2,2,490.614098,95.024818
dyf3,2,144.150313,26.969066
csyz,2,150.611305,29.301329
dxf3,2,132.628116,24.777579
dzf3,2,490.530636,94.956061
csxz,2,150.689930,29.390979
dxf,3,132.021944,24.675787
dzb,3,490.736286,95.051975
dyb,3,144.633419,26.994192
cvx,3,159.115114,30.377891
dyf,3,144.424389,27.004269
dzb2,3,490.806944,95.092970
dxb,3,133.850002,24.938114
cvy,3,157.409060,30.124653
dzf,3,490.696141,94.983237
dxb2,3,134.419679,25.016885
dyb2,3,144.671902,27.032588
cvz,3,178.196522,34.597844
dzb3,3,490.836947,95.057132
dxb3,3,134.881744,25.083541
dyb3,3,144.246454,26.969146
csxxsyyszz,3,420.328024,75.856382
dyf2,3,144.298387,26.978115
dxf2,3,132.537352,24.758273
csxy,3,126.023102,24.576227
dzf2,3,491.553467,95.187133
dyf3,3,144.441201,26.999127
csyz,3,150.579666,29.301861
dxf3,3,132.569359,24.756214
dzf3,3,490.491451,94.950095
csxz,3,150.539204,29.375695
dxf,4,132.248604,24.787977
dzb,4,490.801127,95.196462
dyb,4,144.249105,26.955563
cvx,4,159.050105,30.362516
dyf,4,144.149797,26.966995
dzb2,4,490.959581,95.142750
dxb,4,134.194092,25.000433
cvy,4,157.345667,30.131571
dzf,4,491.799477,95.170304
dxb2,4,134.509581,25.034482
dyb2,4,144.573353,27.016526
cvz,4,178.363107,34.638362
dzb3,4,490.578589,95.045611
dxb3,4,134.733612,25.067757
dyb3,4,144.609924,27.003426
csxxsyyszz,4,413.829929,74.845753
dyf2,4,144.538936,27.024573
dxf2,4,132.628399,24.748310
csxy,4,125.879878,24.531336
dzf2,4,490.593281,94.974669
dyf3,4,144.457725,26.995537
csyz,4,150.572538,29.275709
dxf3,4,132.588066,24.761934
dzf3,4,490.564882,94.904111
csxz,4,150.667670,29.443900
#========================= OptEWE [OpenMP] =========================
#Source type                                  :  Force monopole
#Grid Size                                    :  768 x 768 x 768
#Iterations                                   :  5
#Compute time                                 :  30.449490
#Total effective MLUPS                        :  74.382993
#===================================================================
#Number of threads                            :  15
