dxf,0,108.555024,19.706190
dzb,0,428.089795,79.539953
dyb,0,116.322014,21.256862
cvx,0,132.188377,24.537960
dyf,0,116.184146,21.289021
dzb2,0,427.842777,79.628994
dxb,0,107.421200,19.578499
cvy,0,1020.972348,154.553307
dzf,0,427.234203,79.567015
dxb2,0,106.997054,19.534888
dyb2,0,116.392364,21.303254
cvz,0,152.598234,28.488182
dzb3,0,427.848952,79.708183
dxb3,0,108.015187,19.695587
dyb3,0,116.384365,21.294023
csxxsyyszz,0,335.132160,59.282715
dyf2,0,116.510860,21.319882
dxf2,0,106.750450,19.517169
csxy,0,108.011024,20.265077
dzf2,0,427.317081,79.631383
dyf3,0,116.086378,21.281682
csyz,0,128.773359,24.161968
dxf3,0,106.796511,19.521141
dzf3,0,427.124399,79.626465
csxz,0,128.615002,24.175291
dxf,1,107.131521,19.675096
dzb,1,427.891165,80.006669
dyb,1,116.304233,21.304249
cvx,1,133.824830,24.825744
dyf,1,116.177769,21.293637
dzb2,1,427.877226,79.774415
dxb,1,107.365961,19.598597
cvy,1,130.947750,24.397946
dzf,1,427.248984,79.695752
dxb2,1,107.100366,19.556870
dyb2,1,116.446392,21.340774
cvz,1,152.847857,28.586394
dzb3,1,428.576664,79.884944
dxb3,1,107.867815,19.680804
dyb3,1,116.413947,21.304615
csxxsyyszz,1,335.189576,59.292498
dyf2,1,116.420700,21.298944
dxf2,1,107.089566,19.575284
csxy,1,108.020096,20.268129
dzf2,1,427.258424,79.645101
dyf3,1,115.906109,21.252920
csyz,1,128.740172,24.169357
dxf3,1,106.841195,19.541056
dzf3,1,427.004186,79.649840
csxz,1,128.656543,24.185821
dxf,2,106.993131,19.566492
dzb,2,427.803452,79.785965
dyb,2,116.586576,21.347940
cvx,2,132.296429,24.602569
dyf,2,116.243503,21.329451
dzb2,2,427.869569,79.821859
dxb,2,107.384942,19.617332
cvy,2,131.075389,24.430653
dzf,2,427.116540,79.694444
dxb2,2,107.027975,19.558257
dyb2,2,116.467633,21.356265
cvz,2,152.779482,28.577203
dzb3,2,427.960244,79.834535
dxb3,2,107.813545,19.683637
dyb3,2,116.609028,21.349087
csxxsyyszz,2,335.161099,59.329978
dyf2,2,116.486385,21.338232
dxf2,2,106.915269,19.557203
csxy,2,107.955122,20.278230
dzf2,2,427.247580,79.662874
dyf3,2,116.046692,21.263958
csyz,2,128.663969,24.161979
dxf3,2,106.744930,19.530739
dzf3,2,430.465394,81.065500
csxz,2,128.697631,24.191070
dxf,3,107.035340,19.557394
dzb,3,428.918937,79.963330
dyb,3,118.272074,21.710194
cvx,3,132.313430,24.567838
dyf,3,116.164962,21.295966
dzb2,3,427.956834,79.751350
dxb,3,107.512258,19.629001
cvy,3,131.258804,24.440537
dzf,3,427.284645,79.757682
dxb2,3,107.167443,19.596402
dyb2,3,116.565244,21.372928
cvz,3,152.800197,28.597697
dzb3,3,428.643420,79.941996
dxb3,3,108.024063,19.707517
dyb3,3,116.448653,21.329347
csxxsyyszz,3,335.442683,59.351704
dyf2,3,116.459377,21.330941
dxf2,3,107.142533,19.588407
csxy,3,107.986899,20.300793
dzf2,3,427.257849,79.685205
dyf3,3,116.045151,21.291211
csyz,3,128.655437,24.152707
dxf3,3,106.842890,19.543468
dzf3,3,427.403383,79.705498
csxz,3,128.671758,24.201672
dxf,4,107.003848,19.559125
dzb,4,427.956381,79.857631
dyb,4,116.382167,21.308662
cvx,4,132.213559,24.592461
dyf,4,116.148742,21.318830
dzb2,4,427.804368,79.792742
dxb,4,107.481698,19.634514
cvy,4,131.187914,24.431036
dzf,4,428.126054,79.844885
dxb2,4,107.279172,19.604038
dyb2,4,116.528451,21.361121
cvz,4,152.716891,28.567355
dzb3,4,427.878799,79.825201
dxb3,4,107.967199,19.707728
dyb3,4,116.648573,21.356079
csxxsyyszz,4,335.258412,59.362002
dyf2,4,116.431563,21.333370
dxf2,4,106.870716,19.554001
csxy,4,107.991576,20.287183
dzf2,4,427.276580,79.672140
dyf3,4,116.081805,21.270269
csyz,4,128.731967,24.157791
dxf3,4,106.832337,19.540178
dzf3,4,427.258713,79.702795
csxz,4,128.590082,24.236572
#========================= OptEWE [OpenMP] =========================
#Source type                                  :  Force monopole
#Grid Size                                    :  768 x 768 x 768
#Iterations                                   :  5
#Compute time                                 :  26.019220
#Total effective MLUPS                        :  87.048118
#===================================================================
#Number of threads                            :  20
