dxf,0,696.265472,84.681291
dzb,0,2257.234994,279.745501
dyb,0,935.044310,112.477994
cvx,0,1358.723639,162.652703
dyf,0,938.240100,113.103593
dzb2,0,2261.388495,279.057257
dxb,0,728.299580,88.294849
cvy,0,3097.139302,366.646342
dzf,0,2259.659950,279.245017
dxb2,0,728.945128,88.414302
dyb2,0,934.954194,112.719288
cvz,0,1368.258496,164.293759
dzb3,0,2265.143423,279.876598
dxb3,0,731.927727,88.645507
dyb3,0,943.809449,114.968972
csxxsyyszz,0,3718.487853,440.973914
dyf2,0,929.718131,110.405898
dxf2,0,691.885287,84.127208
csxy,0,536.368695,66.218103
dzf2,0,2764.080535,344.338871
dyf3,0,929.858921,110.523992
csyz,0,595.325470,73.239864
dxf3,0,695.206264,83.603414
dzf3,0,2237.207117,273.433240
csxz,0,603.219197,74.380166
dxf,1,691.088854,82.996104
dzb,1,2241.202169,273.999198
dyb,1,928.489224,110.758403
cvx,1,1354.277486,159.662046
dyf,1,931.074526,110.871962
dzb2,1,2240.330361,273.640808
dxb,1,723.048300,86.762303
cvy,1,1344.567531,162.236528
dzf,1,2237.340359,275.620290
dxb2,1,723.789617,86.787988
dyb2,1,929.618880,110.365404
cvz,1,1359.975149,160.734619
dzb3,1,2238.821843,272.779446
dxb3,1,726.357606,86.826297
dyb3,1,936.647759,112.766071
csxxsyyszz,1,3719.466598,434.084656
dyf2,1,931.703228,110.608674
dxf2,1,691.792742,84.151394
csxy,1,536.801582,65.957248
dzf2,1,2762.006110,343.943449
dyf3,1,929.601747,110.426525
csyz,1,595.440117,73.179165
dxf3,1,695.306589,83.281791
dzf3,1,2239.453409,272.705160
csxz,1,603.255759,74.162691
dxf,2,691.024727,82.818389
dzb,2,2241.746933,273.029003
dyb,2,930.122308,110.409981
cvx,2,1351.636495,165.230315
dyf,2,931.170249,110.551513
dzb2,2,2238.327449,272.771170
dxb,2,723.413617,86.498689
cvy,2,1342.072036,161.689470
dzf,2,2241.629775,273.488944
dxb2,2,723.752101,86.496360
dyb2,2,928.564369,110.497285
cvz,2,1361.275162,161.073279
dzb3,2,2241.033791,273.325311
dxb3,2,726.654095,86.919631
dyb3,2,937.117596,113.304650
csxxsyyszz,2,3716.065839,433.748729
dyf2,2,928.836351,110.238390
dxf2,2,691.651242,84.041986
csxy,2,535.092726,65.836333
dzf2,2,2761.335016,344.049792
dyf3,2,932.381191,110.943127
csyz,2,595.917541,74.030650
dxf3,2,694.400468,83.889261
dzf3,2,2236.436789,274.184595
csxz,2,602.036237,74.047216
dxf,3,689.792385,82.683619
dzb,3,2236.845691,272.674281
dyb,3,927.452641,110.112161
cvx,3,1349.610710,158.822504
dyf,3,931.617240,110.616564
dzb2,3,2238.962171,272.957844
dxb,3,722.025613,86.544840
cvy,3,1342.109260,161.721540
dzf,3,2233.115117,272.593408
dxb2,3,722.919360,86.528403
dyb2,3,927.874561,110.342535
cvz,3,1360.362452,161.060992
dzb3,3,2238.492206,273.141262
dxb3,3,725.404666,86.816443
dyb3,3,935.347242,112.779341
csxxsyyszz,3,3717.789897,435.962212
dyf2,3,928.998863,110.303753
dxf2,3,690.191924,83.976756
csxy,3,534.777163,65.741173
dzf2,3,2760.652666,344.157650
dyf3,3,929.209887,110.351406
csyz,3,594.200211,73.206262
dxf3,3,694.222415,83.268161
dzf3,3,2233.262980,272.550630
csxz,3,601.552535,74.051564
dxf,4,689.999471,82.917139
dzb,4,2237.548157,273.083052
dyb,4,927.965987,110.240783
cvx,4,1352.607240,159.522488
dyf,4,930.761451,110.561749
dzb2,4,2236.859426,272.604492
dxb,4,721.600378,86.254448
cvy,4,1341.766001,161.470869
dzf,4,2235.168836,274.474879
dxb2,4,722.106388,86.666852
dyb2,4,930.526799,110.511412
cvz,4,1357.576675,160.513583
dzb3,4,2236.963708,272.775003
dxb3,4,725.261665,86.668393
dyb3,4,934.920865,112.597781
csxxsyyszz,4,3719.740504,434.323928
dyf2,4,929.781653,110.439781
dxf2,4,693.427199,84.357038
csxy,4,543.619498,67.736110
dzf2,4,2760.383152,343.808986
dyf3,4,928.616046,110.249563
csyz,4,594.391293,73.067742
dxf3,4,693.869952,83.109769
dzf3,4,2236.323554,272.650977
csxz,4,601.978754,74.052024
#========================= OptEWE [OpenMP] =========================
#Source type                                  :  Force monopole
#Grid Size                                    :  768 x 768 x 768
#Iterations                                   :  5
#Compute time                                 :  168.372742
#Total effective MLUPS                        :  13.451846
#===================================================================
#Number of threads                            :  2
