dxf,0,133.894111,25.237923
dzb,0,496.033164,97.193737
dyb,0,148.823333,28.057786
cvx,0,166.022591,31.786655
dyf,0,148.871230,28.100436
dzb2,0,496.027764,97.376697
dxb,0,134.799113,25.454359
cvy,0,895.246233,146.062738
dzf,0,496.446295,97.517676
dxb2,0,134.725570,25.452854
dyb2,0,148.763903,28.081541
cvz,0,181.106201,35.481970
dzb3,0,495.750185,97.409298
dxb3,0,134.264028,25.404160
dyb3,0,152.551444,28.856368
csxxsyyszz,0,439.732161,80.149535
dyf2,0,149.102319,28.146765
dxf2,0,140.972373,26.590541
csxy,0,126.989664,25.092363
dzf2,0,1031.912121,179.310834
dyf3,0,148.700508,28.054581
csyz,0,151.773464,29.931239
dxf3,0,133.704140,25.332106
dzf3,0,495.651660,97.397169
csxz,0,152.056243,30.051719
dxf,1,133.437990,25.294653
dzb,1,495.988078,97.529891
dyb,1,148.754545,28.164069
cvx,1,165.853353,31.881706
dyf,1,148.935855,28.219993
dzb2,1,495.997715,97.685101
dxb,1,134.803634,25.518154
cvy,1,162.719880,31.458018
dzf,1,495.152603,97.451659
dxb2,1,134.473172,25.465115
dyb2,1,148.823588,28.126789
cvz,1,181.192553,35.527354
dzb3,1,495.713767,97.497146
dxb3,1,134.224610,25.420142
dyb3,1,152.544973,28.869383
csxxsyyszz,1,439.538759,80.202615
dyf2,1,148.924231,28.141591
dxf2,1,137.838465,26.103035
csxy,1,126.977432,25.115119
dzf2,1,1034.392179,179.067909
dyf3,1,148.875409,28.135715
csyz,1,152.085124,30.124828
dxf3,1,133.737109,25.331665
dzf3,1,496.685473,97.778093
csxz,1,154.544104,30.685424
dxf,2,138.081951,26.213748
dzb,2,495.946285,97.535144
dyb,2,148.787340,28.115103
cvx,2,165.956818,31.848926
dyf,2,148.973570,28.175122
dzb2,2,497.306084,97.763746
dxb,2,134.691306,25.477578
cvy,2,162.780434,31.452231
dzf,2,495.293685,97.463106
dxb2,2,134.655352,25.480926
dyb2,2,148.779170,28.135380
cvz,2,181.235019,35.568609
dzb3,2,495.728683,97.528506
dxb3,2,134.299231,25.448593
dyb3,2,152.667038,28.902521
csxxsyyszz,2,439.575304,80.199565
dyf2,2,149.045007,28.157908
dxf2,2,137.675895,26.080419
csxy,2,127.084801,25.136068
dzf2,2,1032.671665,179.591236
dyf3,2,148.809495,28.125490
csyz,2,151.704246,29.956382
dxf3,2,133.723870,25.334110
dzf3,2,495.892156,97.514770
csxz,2,151.982079,30.078792
dxf,3,133.448857,25.328839
dzb,3,495.991968,97.560595
dyb,3,148.824711,28.128862
cvx,3,166.003396,31.872651
dyf,3,148.982226,28.200348
dzb2,3,496.145201,97.603490
dxb,3,134.652733,25.489588
cvy,3,162.726089,31.468397
dzf,3,495.284141,97.504205
dxb2,3,134.626970,25.505499
dyb2,3,148.751341,28.155405
cvz,3,181.171681,35.540339
dzb3,3,495.636811,97.518535
dxb3,3,135.330919,25.706700
dyb3,3,152.531158,29.136546
csxxsyyszz,3,440.080921,81.029649
dyf2,3,149.036248,28.421878
dxf2,3,137.726821,26.327125
csxy,3,127.153360,25.286884
dzf2,3,1035.733382,179.087236
dyf3,3,148.688123,28.112710
csyz,3,151.856124,29.965654
dxf3,3,133.659987,25.340076
dzf3,3,495.681957,97.522929
csxz,3,152.000315,30.085698
dxf,4,134.251459,25.468784
dzb,4,496.057478,97.556723
dyb,4,148.883172,28.130730
cvx,4,166.058538,31.896582
dyf,4,148.858111,28.188267
dzb2,4,496.072270,97.608691
dxb,4,134.679635,25.514858
cvy,4,162.765439,31.499702
dzf,4,495.222217,97.487032
dxb2,4,134.637093,25.514100
dyb2,4,148.814012,28.139241
cvz,4,181.213324,35.569427
dzb3,4,495.797820,97.580391
dxb3,4,134.248526,25.446018
dyb3,4,152.666215,28.913642
csxxsyyszz,4,439.718006,80.260624
dyf2,4,149.157080,28.228964
dxf2,4,137.265210,26.064712
csxy,4,127.004210,25.133542
dzf2,4,1033.913377,178.783972
dyf3,4,148.795694,28.118045
csyz,4,151.893648,29.980256
dxf3,4,133.605652,25.343631
dzf3,4,495.716590,97.493337
csxz,4,151.973676,30.150183
#========================= OptEWE [OpenMP] =========================
#Source type                                  :  Force monopole
#Grid Size                                    :  768 x 768 x 768
#Iterations                                   :  5
#Compute time                                 :  33.740952
#Total effective MLUPS                        :  67.126861
#===================================================================
#Number of threads                            :  15
