dxf,0,91.935412,19.018396
dzb,0,349.901170,75.095045
dyb,0,94.345151,19.774645
cvx,0,107.824583,23.259196
dyf,0,93.857444,19.785149
dzb2,0,349.654611,75.150462
dxb,0,90.517318,18.782466
cvy,0,900.442926,153.569813
dzf,0,348.783841,74.969590
dxb2,0,91.817119,19.028357
dyb2,0,94.440240,19.842533
cvz,0,125.545532,27.127349
dzb3,0,349.181098,75.079903
dxb3,0,90.683349,18.848460
dyb3,0,94.466864,19.858829
csxxsyyszz,0,228.632823,47.947160
dyf2,0,94.072855,19.824139
dxf2,0,90.893509,18.895352
csxy,0,90.043713,19.441367
dzf2,0,348.544532,74.955247
dyf3,0,94.185938,19.845394
csyz,0,106.558257,23.026326
dxf3,0,90.235138,18.783866
dzf3,0,349.827793,75.194411
csxz,0,106.552420,23.063172
dxf,1,90.343228,18.815450
dzb,1,349.816162,75.223180
dyb,1,94.187341,19.808529
cvx,1,107.697194,23.263458
dyf,1,94.109667,19.827730
dzb2,1,349.910385,75.357835
dxb,1,90.524311,18.840495
cvy,1,107.326437,23.197403
dzf,1,348.677607,75.054223
dxb2,1,91.789532,19.034977
dyb2,1,94.522670,19.854683
cvz,1,125.325169,27.128211
dzb3,1,349.209890,75.118179
dxb3,1,90.930713,18.901604
dyb3,1,94.586908,19.873226
csxxsyyszz,1,228.747861,48.004105
dyf2,1,94.076056,19.810481
dxf2,1,90.847210,18.909303
csxy,1,88.968381,19.277841
dzf2,1,348.644363,75.013448
dyf3,1,94.145401,19.853156
csyz,1,106.492486,23.005088
dxf3,1,90.359226,18.812520
dzf3,1,349.294168,75.148126
csxz,1,106.449560,23.044358
dxf,2,90.272998,18.818363
dzb,2,349.747982,75.228697
dyb,2,94.401558,19.854196
cvx,2,107.775914,23.281945
dyf,2,94.080532,19.830902
dzb2,2,349.692794,75.229777
dxb,2,90.550018,18.844246
cvy,2,107.357601,23.208201
dzf,2,348.819410,75.089730
dxb2,2,91.826703,19.038859
dyb2,2,94.379278,19.828250
cvz,2,125.306913,27.131413
dzb3,2,349.142921,75.126279
dxb3,2,90.699502,18.858965
dyb3,2,94.397547,19.850648
csxxsyyszz,2,228.888379,48.021900
dyf2,2,94.009776,19.812682
dxf2,2,90.881807,18.896624
csxy,2,89.041594,19.272001
dzf2,2,348.696740,75.035676
dyf3,2,94.117119,19.875501
csyz,2,106.503482,23.027433
dxf3,2,90.626638,18.860683
dzf3,2,349.298310,75.131353
csxz,2,106.456104,23.055508
dxf,3,90.333183,18.819126
dzb,3,349.826222,75.240667
dyb,3,94.295765,19.828140
cvx,3,107.768181,23.276320
dyf,3,94.056253,19.853829
dzb2,3,350.033372,75.293966
dxb,3,90.645626,18.846654
cvy,3,107.314229,23.205348
dzf,3,348.753794,75.073363
dxb2,3,92.085498,19.100516
dyb2,3,94.358137,19.855507
cvz,3,125.613055,27.169015
dzb3,3,349.433876,75.184529
dxb3,3,90.697671,18.859323
dyb3,3,94.553741,19.868350
csxxsyyszz,3,228.580514,47.971843
dyf2,3,93.927448,19.817949
dxf2,3,91.018988,18.929992
csxy,3,89.055566,19.274535
dzf2,3,348.609237,75.006388
dyf3,3,94.156534,19.866538
csyz,3,106.540736,23.019334
dxf3,3,90.277853,18.803429
dzf3,3,349.198933,75.130621
csxz,3,106.386067,23.046251
dxf,4,90.321901,18.806836
dzb,4,349.801754,75.235404
dyb,4,94.419114,19.878051
cvx,4,107.895367,23.315916
dyf,4,94.223177,19.870171
dzb2,4,349.614606,75.221423
dxb,4,90.717122,18.875324
cvy,4,107.291292,23.189806
dzf,4,348.789375,75.110544
dxb2,4,91.865493,19.057150
dyb2,4,94.449226,19.853030
cvz,4,125.457837,27.161497
dzb3,4,349.072748,75.091414
dxb3,4,90.846762,18.879586
dyb3,4,94.482227,19.854677
csxxsyyszz,4,228.442846,47.954249
dyf2,4,94.087056,19.832522
dxf2,4,90.887736,18.897610
csxy,4,88.935520,19.270350
dzf2,4,348.468196,75.001306
dyf3,4,94.327605,19.864312
csyz,4,106.581009,23.038027
dxf3,4,90.258423,18.789449
dzf3,4,349.307178,75.169584
csxz,4,106.541873,23.142924
#========================= OptEWE [OpenMP] =========================
#Source type                                  :  Force monopole
#Grid Size                                    :  768 x 768 x 768
#Iterations                                   :  5
#Compute time                                 :  21.181906
#Total effective MLUPS                        :  106.927308
#===================================================================
#Number of threads                            :  22
