dxf,0,95.184937,20.859729
dzb,0,347.387387,80.999240
dyb,0,96.944005,21.749832
cvx,0,109.030995,25.329938
dyf,0,96.745502,21.788222
dzb2,0,347.225586,81.157636
dxb,0,93.234573,20.782108
cvy,0,788.300868,146.473407
dzf,0,346.579755,81.147589
dxb2,0,93.753850,20.909945
dyb2,0,97.000303,21.849930
cvz,0,126.185522,29.609358
dzb3,0,347.168527,81.395226
dxb3,0,93.322391,20.852397
dyb3,0,97.069299,21.889862
csxxsyyszz,0,251.333117,55.797441
dyf2,0,96.846430,21.871975
dxf2,0,93.560637,20.934561
csxy,0,90.354179,21.244035
dzf2,0,346.439084,81.349843
dyf3,0,96.682346,21.885849
csyz,0,107.407093,25.310998
dxf3,0,93.614423,20.983056
dzf3,0,346.767019,81.462471
csxz,0,107.247991,25.339551
dxf,1,93.171506,20.895671
dzb,1,347.145645,81.581960
dyb,1,96.804679,21.887611
cvx,1,108.535083,25.412502
dyf,1,96.750055,21.938691
dzb2,1,347.304242,81.623212
dxb,1,93.559846,20.951865
cvy,1,108.315806,25.371992
dzf,1,346.635783,81.582174
dxb2,1,93.742999,20.989427
dyb2,1,97.110261,21.936374
cvz,1,126.176731,29.672232
dzb3,1,347.319807,81.648142
dxb3,1,93.442436,20.915121
dyb3,1,97.028794,21.933897
csxxsyyszz,1,250.117861,55.651471
dyf2,1,96.884350,21.915017
dxf2,1,93.653523,20.997735
csxy,1,91.269370,21.459465
dzf2,1,346.354261,81.465655
dyf3,1,96.813558,21.942842
csyz,1,109.029374,25.636268
dxf3,1,93.564492,20.951921
dzf3,1,346.708027,81.545377
csxz,1,107.188874,25.341318
dxf,2,93.159142,20.910304
dzb,2,347.149009,81.653001
dyb,2,96.747825,21.893637
cvx,2,108.563585,25.481353
dyf,2,96.700206,21.948726
dzb2,2,347.939526,81.858130
dxb,2,93.506526,20.958503
cvy,2,108.143833,25.367839
dzf,2,346.706383,81.684844
dxb2,2,93.723805,21.006217
dyb2,2,96.985297,21.954427
cvz,2,126.259161,29.732552
dzb3,2,347.351912,81.713416
dxb3,2,93.598627,20.992447
dyb3,2,96.990011,21.961309
csxxsyyszz,2,250.271941,55.722997
dyf2,2,96.914840,21.941939
dxf2,2,93.488230,20.990198
csxy,2,90.315186,21.298308
dzf2,2,346.331747,81.560876
dyf3,2,96.818263,21.958480
csyz,2,107.371830,25.355512
dxf3,2,93.431832,20.982822
dzf3,2,346.766296,81.660596
csxz,2,107.272556,25.403789
dxf,3,93.130487,20.930831
dzb,3,347.148246,81.743463
dyb,3,96.762241,21.901960
cvx,3,108.530631,25.472755
dyf,3,96.743731,21.969094
dzb2,3,347.302739,81.754590
dxb,3,93.390916,20.950777
cvy,3,108.225188,25.402050
dzf,3,346.527409,81.676907
dxb2,3,93.775756,21.030940
dyb2,3,97.035031,21.970593
cvz,3,126.342004,29.763165
dzb3,3,347.379696,81.782161
dxb3,3,93.239596,20.925173
dyb3,3,97.023740,21.963504
csxxsyyszz,3,250.164900,55.706113
dyf2,3,96.831889,21.943415
dxf2,3,93.412380,20.984230
csxy,3,90.410740,21.328458
dzf2,3,346.347024,81.614858
dyf3,3,96.741120,21.955915
csyz,3,107.421771,25.386277
dxf3,3,93.636887,21.045752
dzf3,3,346.716760,81.693391
csxz,3,107.351854,25.433402
dxf,4,93.127416,20.948154
dzb,4,347.116618,81.788481
dyb,4,96.806100,21.930409
cvx,4,110.628062,25.852395
dyf,4,96.735604,21.938376
dzb2,4,347.260976,81.795629
dxb,4,93.443701,20.975405
cvy,4,108.202449,25.411590
dzf,4,346.527024,81.737682
dxb2,4,93.815771,21.042013
dyb2,4,96.961764,21.974701
cvz,4,126.165367,29.752848
dzb3,4,347.240466,81.814802
dxb3,4,93.275520,20.941949
dyb3,4,97.069088,21.997056
csxxsyyszz,4,249.250174,55.597310
dyf2,4,96.788373,21.940590
dxf2,4,93.539125,21.011964
csxy,4,90.312539,21.314863
dzf2,4,346.551715,81.673673
dyf3,4,96.688849,21.959591
csyz,4,107.311931,25.373733
dxf3,4,93.654879,21.048317
dzf3,4,346.932188,81.768326
csxz,4,107.255849,25.491730
#========================= OptEWE [OpenMP] =========================
#Source type                                  :  Force monopole
#Grid Size                                    :  768 x 768 x 768
#Iterations                                   :  5
#Compute time                                 :  21.297239
#Total effective MLUPS                        :  106.348252
#===================================================================
#Number of threads                            :  21
