dxf,0,283.465999,45.731767
dzb,0,610.331305,106.483987
dyb,0,295.316488,47.270896
cvx,0,358.396766,58.050817
dyf,0,284.460501,45.760468
dzb2,0,611.391563,106.455436
dxb,0,294.661834,46.831321
cvy,0,813.791246,123.866513
dzf,0,605.988878,105.767769
dxb2,0,294.784217,46.839319
dyb2,0,296.181871,47.470971
cvz,0,442.796567,71.257210
dzb3,0,606.522595,105.990943
dxb3,0,294.663633,46.779468
dyb3,0,363.065915,56.986054
csxxsyyszz,0,465.936534,79.048201
dyf2,0,284.575345,45.887276
dxf2,0,360.429847,56.369186
csxy,0,269.446977,44.067629
dzf2,0,1352.496165,210.831072
dyf3,0,296.655353,47.771714
csyz,0,354.968919,61.163711
dxf3,0,282.686556,47.870578
dzf3,0,609.783766,108.099265
csxz,0,361.175005,58.183376
dxf,1,282.689819,45.222158
dzb,1,610.928626,106.589823
dyb,1,296.191415,47.372486
cvx,1,358.765981,58.026285
dyf,1,284.245940,45.702348
dzb2,1,610.681307,106.476449
dxb,1,295.119932,46.877862
cvy,1,463.933739,72.974655
dzf,1,606.332542,105.843794
dxb2,1,294.589558,46.772187
dyb2,1,296.422624,47.435079
cvz,1,443.171342,71.199582
dzb3,1,606.432563,105.962991
dxb3,1,294.859178,46.820847
dyb3,1,363.028709,56.935084
csxxsyyszz,1,466.381941,78.973384
dyf2,1,284.439402,45.769257
dxf2,1,360.727698,56.346886
csxy,1,269.698965,44.104114
dzf2,1,1352.041397,210.671186
dyf3,1,296.254114,47.444772
csyz,1,354.370851,57.173654
dxf3,1,282.821018,45.081196
dzf3,1,609.403936,106.285006
csxz,1,360.745251,58.094683
dxf,2,282.642612,45.064452
dzb,2,610.390709,106.462310
dyb,2,295.505366,47.280609
cvx,2,358.757265,58.089526
dyf,2,284.624170,45.800357
dzb2,2,610.695879,106.394670
dxb,2,294.772781,46.808746
cvy,2,463.002613,72.989871
dzf,2,606.167249,105.708512
dxb2,2,294.757869,46.767044
dyb2,2,295.996487,47.351962
cvz,2,443.540465,71.082840
dzb3,2,606.233845,105.839652
dxb3,2,294.864878,46.789875
dyb3,2,362.992619,56.899341
csxxsyyszz,2,466.644652,78.983220
dyf2,2,284.559658,45.779778
dxf2,2,360.430477,56.286768
csxy,2,269.564456,44.050909
dzf2,2,1351.656965,210.760329
dyf3,2,296.251205,47.421565
csyz,2,354.466788,57.151918
dxf3,2,283.275087,45.128081
dzf3,2,609.645550,106.272018
csxz,2,360.737641,58.161220
dxf,3,283.121690,45.126244
dzb,3,610.407199,106.438880
dyb,3,295.531376,47.268974
cvx,3,358.250582,58.002634
dyf,3,284.372504,45.734754
dzb2,3,610.911327,110.268369
dxb,3,295.095972,48.617805
cvy,3,462.398164,73.902610
dzf,3,606.187421,105.868063
dxb2,3,294.851261,46.848851
dyb2,3,296.173897,47.420744
cvz,3,442.862044,71.184586
dzb3,3,606.008718,105.847194
dxb3,3,294.730645,46.793467
dyb3,3,363.200974,57.003396
csxxsyyszz,3,465.849354,78.954855
dyf2,3,284.903743,45.862902
dxf2,3,360.613226,56.329752
csxy,3,269.628980,44.082969
dzf2,3,1352.739053,210.629782
dyf3,3,297.560503,47.632569
csyz,3,355.228001,57.153522
dxf3,3,283.019212,45.090918
dzf3,3,609.583148,106.359661
csxz,3,361.623421,58.043422
dxf,4,282.578146,45.042980
dzb,4,610.250110,106.378582
dyb,4,295.519328,47.320031
cvx,4,358.360942,58.032571
dyf,4,284.340239,45.749946
dzb2,4,610.672034,106.467473
dxb,4,294.790108,46.812867
cvy,4,463.783987,72.925791
dzf,4,606.075556,105.865348
dxb2,4,294.777415,46.830146
dyb2,4,296.392456,47.428759
cvz,4,442.947154,71.166217
dzb3,4,606.374469,105.982885
dxb3,4,294.389806,46.764342
dyb3,4,362.841452,56.920751
csxxsyyszz,4,463.619623,78.565328
dyf2,4,284.889221,45.847490
dxf2,4,360.597569,56.365159
csxy,4,269.196781,44.062967
dzf2,4,1352.138896,210.679387
dyf3,4,296.197528,47.441798
csyz,4,354.830457,57.245190
dxf3,4,282.331763,45.017376
dzf3,4,609.538135,106.319634
csxz,4,361.028040,58.116588
#========================= OptEWE [OpenMP] =========================
#Source type                                  :  Force monopole
#Grid Size                                    :  768 x 768 x 768
#Iterations                                   :  5
#Compute time                                 :  54.064266
#Total effective MLUPS                        :  41.893182
#===================================================================
#Number of threads                            :  13
