dxf,0,165.265979,27.834452
dzb,0,718.343046,120.358748
dyb,0,164.466509,28.120676
cvx,0,203.629708,34.939008
dyf,0,164.389063,28.198046
dzb2,0,718.261268,119.777046
dxb,0,162.517964,27.472596
cvy,0,1161.945764,174.110525
dzf,0,716.772126,118.989785
dxb2,0,162.421278,27.489429
dyb2,0,164.443202,28.186778
cvz,0,240.798194,41.239302
dzb3,0,718.101439,120.953089
dxb3,0,162.532003,27.513124
dyb3,0,164.670490,28.233176
csxxsyyszz,0,365.189545,63.358021
dyf2,0,164.837487,28.286261
dxf2,0,162.789645,27.587261
csxy,0,165.246795,28.498021
dzf2,0,716.714443,119.282043
dyf3,0,164.431115,28.179629
csyz,0,201.591933,34.591884
dxf3,0,162.362312,27.516080
dzf3,0,718.774506,121.166037
csxz,0,205.605992,35.610808
dxf,1,162.509944,27.596591
dzb,1,718.516793,120.721297
dyb,1,164.526842,28.207928
cvx,1,204.625847,35.159016
dyf,1,165.750714,28.448826
dzb2,1,718.392306,119.726685
dxb,1,162.480325,27.560477
cvy,1,203.349360,34.921408
dzf,1,716.575728,121.059877
dxb2,1,162.582599,27.555395
dyb2,1,165.127220,28.352813
cvz,1,240.875567,41.290376
dzb3,1,717.711777,120.145597
dxb3,1,162.573674,27.543970
dyb3,1,164.553553,28.244229
csxxsyyszz,1,365.900743,63.479914
dyf2,1,164.889525,28.312574
dxf2,1,162.675429,27.583900
csxy,1,165.203266,28.516605
dzf2,1,716.753031,121.169068
dyf3,1,164.422895,28.264889
csyz,1,201.583154,34.607383
dxf3,1,162.306419,27.532339
dzf3,1,716.681414,120.808353
csxz,1,201.645247,34.638654
dxf,2,162.728928,27.602770
dzb,2,718.278806,119.808029
dyb,2,164.580644,28.260033
cvx,2,203.666203,35.010095
dyf,2,164.449361,28.264485
dzb2,2,718.457368,119.035535
dxb,2,162.515325,27.566661
cvy,2,203.371480,34.922106
dzf,2,717.028510,120.815063
dxb2,2,163.560526,27.786454
dyb2,2,165.797540,28.511219
cvz,2,240.759381,41.396436
dzb3,2,718.161162,119.628690
dxb3,2,162.428387,27.553524
dyb3,2,164.471742,28.232044
csxxsyyszz,2,364.871433,63.390304
dyf2,2,164.706366,28.318952
dxf2,2,162.798966,27.619737
csxy,2,165.279983,28.545683
dzf2,2,716.628238,120.824840
dyf3,2,164.236036,28.221513
csyz,2,201.479129,34.588284
dxf3,2,162.505966,27.575230
dzf3,2,716.741368,120.173591
csxz,2,201.474878,34.608148
dxf,3,162.419158,27.570899
dzb,3,718.432515,119.171487
dyb,3,164.435914,28.213636
cvx,3,203.724730,35.034566
dyf,3,164.323313,28.264475
dzb2,3,718.345479,121.426448
dxb,3,162.430775,27.553434
cvy,3,203.214546,34.932456
dzf,3,716.615611,119.976970
dxb2,3,162.658701,27.593585
dyb2,3,164.542819,28.260476
cvz,3,240.898992,41.297005
dzb3,3,717.849167,120.149377
dxb3,3,162.423466,27.564202
dyb3,3,164.519272,28.258662
csxxsyyszz,3,364.851735,63.396103
dyf2,3,164.603089,28.285825
dxf2,3,163.499462,27.745610
csxy,3,165.729508,28.600744
dzf2,3,716.605386,120.183353
dyf3,3,164.575163,28.301970
csyz,3,201.560599,34.606986
dxf3,3,162.438599,27.555504
dzf3,3,716.830125,119.537535
csxz,3,201.569848,34.617138
dxf,4,162.346822,27.551567
dzb,4,718.274609,121.415840
dyb,4,164.421920,28.236492
cvx,4,203.664846,35.038425
dyf,4,164.518297,28.277573
dzb2,4,718.415925,120.811363
dxb,4,162.462891,27.549347
cvy,4,203.494221,34.965394
dzf,4,716.579474,119.295634
dxb2,4,162.582950,27.567971
dyb2,4,164.821234,28.310652
cvz,4,240.786789,41.250905
dzb3,4,717.785139,121.214465
dxb3,4,162.397323,27.551101
dyb3,4,164.623863,28.256173
csxxsyyszz,4,361.760139,62.906150
dyf2,4,166.406971,28.588816
dxf2,4,162.647582,27.607195
csxy,4,165.165363,28.518593
dzf2,4,716.670316,119.571024
dyf3,4,164.343037,28.265022
csyz,4,201.533371,34.601318
dxf3,4,162.561883,27.581497
dzf3,4,717.596782,119.028868
csxz,4,202.104339,34.755377
#========================= OptEWE [OpenMP] =========================
#Source type                                  :  Force monopole
#Grid Size                                    :  768 x 768 x 768
#Iterations                                   :  5
#Compute time                                 :  40.216965
#Total effective MLUPS                        :  56.317631
#===================================================================
#Number of threads                            :  17
