dxf,0,176.197269,27.692667
dzb,0,646.878522,104.889154
dyb,0,214.006344,33.289503
cvx,0,253.049316,40.556982
dyf,0,214.794504,33.421676
dzb2,0,646.917650,104.886763
dxb,0,179.561038,28.189718
cvy,0,891.812678,126.434792
dzf,0,646.095468,104.697250
dxb2,0,181.596332,28.458774
dyb2,0,213.813958,33.260376
cvz,0,267.196839,43.807119
dzb3,0,646.917111,104.895660
dxb3,0,182.432560,28.614645
dyb3,0,220.944129,34.989413
csxxsyyszz,0,701.454188,110.872165
dyf2,0,214.225573,35.120348
dxf2,0,187.691786,30.858788
csxy,0,146.701209,25.873062
dzf2,0,1588.156397,237.581574
dyf3,0,214.312573,33.380919
csyz,0,224.130592,37.009067
dxf3,0,175.377847,27.609872
dzf3,0,646.091209,104.773707
csxz,0,222.194756,36.795922
dxf,1,175.483601,27.645111
dzb,1,646.767403,105.034075
dyb,1,213.938880,33.304686
cvx,1,253.518740,40.680188
dyf,1,214.904033,33.448543
dzb2,1,646.921748,105.065505
dxb,1,179.595614,28.320913
cvy,1,289.626599,46.382181
dzf,1,646.331580,105.147323
dxb2,1,181.806749,28.550241
dyb2,1,213.658361,33.422502
cvz,1,267.450558,44.026189
dzb3,1,646.002041,106.743485
dxb3,1,180.842820,28.847286
dyb3,1,220.170654,34.876593
csxxsyyszz,1,715.127263,109.210253
dyf2,1,216.465052,33.656839
dxf2,1,189.172699,30.174902
csxy,1,148.527800,25.486875
dzf2,1,1587.387711,237.054596
dyf3,1,214.394067,33.410734
csyz,1,224.814211,37.115731
dxf3,1,175.449389,27.609860
dzf3,1,646.073603,104.805997
csxz,1,221.986925,36.769943
dxf,2,175.625286,27.684795
dzb,2,647.071217,105.030798
dyb,2,213.934068,33.275080
cvx,2,253.152760,40.627542
dyf,2,214.471150,33.385512
dzb2,2,646.941445,105.011672
dxb,2,180.210388,28.347613
cvy,2,289.623406,46.238600
dzf,2,646.157630,104.844059
dxb2,2,181.830661,28.522697
dyb2,2,213.611687,33.255116
cvz,2,267.241197,43.859222
dzb3,2,647.282047,104.943841
dxb3,2,180.952317,28.400068
dyb3,2,220.140621,34.833286
csxxsyyszz,2,704.361126,107.650521
dyf2,2,214.842644,33.426556
dxf2,2,188.773701,30.086056
csxy,2,147.387792,25.320530
dzf2,2,1588.113785,237.183914
dyf3,2,214.273378,33.334514
csyz,2,224.531646,37.072807
dxf3,2,175.486784,27.623057
dzf3,2,645.878178,104.765281
csxz,2,222.301214,36.806853
dxf,3,175.561000,27.689788
dzb,3,646.979078,105.023397
dyb,3,213.808116,33.247658
cvx,3,254.789318,40.856237
dyf,3,214.787230,33.422657
dzb2,3,646.783106,105.024274
dxb,3,179.489606,28.194990
cvy,3,290.359872,48.029201
dzf,3,646.377908,105.658596
dxb2,3,181.728617,28.533751
dyb2,3,213.531725,33.372028
cvz,3,266.975919,43.850545
dzb3,3,647.263188,104.943152
dxb3,3,180.891951,28.372827
dyb3,3,220.784014,34.926762
csxxsyyszz,3,704.655042,107.647783
dyf2,3,214.707965,33.398767
dxf2,3,188.862113,30.105614
csxy,3,147.626508,25.348536
dzf2,3,1587.806002,237.114314
dyf3,3,214.508036,33.397709
csyz,3,224.119395,37.004739
dxf3,3,175.634784,27.658260
dzf3,3,645.762496,104.780078
csxz,3,221.894698,36.741358
dxf,4,175.938985,27.740831
dzb,4,646.671094,104.965918
dyb,4,213.751261,33.252363
cvx,4,253.862430,40.710448
dyf,4,214.512681,33.415563
dzb2,4,646.920112,105.013451
dxb,4,179.931861,28.253154
cvy,4,289.836811,46.252252
dzf,4,646.400585,104.907421
dxb2,4,182.087081,28.591506
dyb2,4,213.649366,33.275143
cvz,4,267.336706,43.861480
dzb3,4,647.041582,104.937131
dxb3,4,181.481904,28.446296
dyb3,4,220.483028,34.866113
csxxsyyszz,4,715.164371,109.279756
dyf2,4,214.790684,33.430528
dxf2,4,189.035811,30.129314
csxy,4,147.309179,25.291082
dzf2,4,1587.212890,237.114517
dyf3,4,215.661328,33.659316
csyz,4,223.824309,37.050756
dxf3,4,176.519287,27.857817
dzf3,4,645.933876,104.860174
csxz,4,221.815246,36.767893
#========================= OptEWE [OpenMP] =========================
#Source type                                  :  Force monopole
#Grid Size                                    :  768 x 768 x 768
#Iterations                                   :  5
#Compute time                                 :  47.146523
#Total effective MLUPS                        :  48.040111
#===================================================================
#Number of threads                            :  7
