dxf,0,109.350237,23.226950
dzb,0,407.560030,90.385652
dyb,0,111.451241,24.118097
cvx,0,127.041317,28.358280
dyf,0,111.462351,24.209400
dzb2,0,407.546691,90.587837
dxb,0,109.088362,23.311249
cvy,0,715.645828,131.543959
dzf,0,406.903173,90.447318
dxb2,0,108.678502,23.278440
dyb2,0,111.677180,24.227400
cvz,0,147.422872,33.026185
dzb3,0,407.325161,90.688978
dxb3,0,108.681684,23.315802
dyb3,0,111.733159,24.256354
csxxsyyszz,0,267.074947,57.832522
dyf2,0,111.497131,24.228671
dxf2,0,108.872323,23.356700
csxy,0,105.051038,23.514251
dzf2,0,407.439660,90.666903
dyf3,0,111.381799,24.256097
csyz,0,125.581740,28.096565
dxf3,0,108.501812,23.288557
dzf3,0,407.289702,90.792615
csxz,0,125.551844,28.174896
dxf,1,109.575101,23.481771
dzb,1,407.537324,90.771588
dyb,1,111.486066,24.202465
cvx,1,127.146091,28.460765
dyf,1,111.492309,24.276586
dzb2,1,407.492821,90.805264
dxb,1,109.076700,23.396337
cvy,1,126.356705,28.311181
dzf,1,406.888175,90.689189
dxb2,1,108.605238,23.319889
dyb2,1,111.803355,24.319826
cvz,1,147.433954,33.086306
dzb3,1,407.302318,90.839493
dxb3,1,108.781486,23.377635
dyb3,1,111.682862,24.297199
csxxsyyszz,1,266.928900,57.926807
dyf2,1,111.509639,24.271725
dxf2,1,108.796373,23.374282
csxy,1,104.926766,23.550367
dzf2,1,407.296424,90.768968
dyf3,1,111.286881,24.265833
csyz,1,125.537920,28.128031
dxf3,1,108.584645,23.324968
dzf3,1,407.306315,91.060470
csxz,1,125.559349,28.246157
dxf,2,108.569520,23.350219
dzb,2,407.648720,90.976926
dyb,2,111.581830,24.266949
cvx,2,126.980895,28.492702
dyf,2,111.440190,24.316027
dzb2,2,408.397519,91.091695
dxb,2,109.181600,23.426953
cvy,2,126.218927,28.329246
dzf,2,406.714502,90.757516
dxb2,2,108.855714,23.414492
dyb2,2,111.675550,24.319574
cvz,2,147.454923,33.126391
dzb3,2,407.323746,90.979466
dxb3,2,108.646109,23.376938
dyb3,2,111.575528,24.305321
csxxsyyszz,2,266.444785,57.904639
dyf2,2,111.491348,24.312020
dxf2,2,108.726397,23.383217
csxy,2,105.083880,23.599064
dzf2,2,407.370402,90.788069
dyf3,2,111.308721,24.293866
csyz,2,125.596883,28.169798
dxf3,2,108.608626,23.357889
dzf3,2,407.246859,90.974241
csxz,2,125.529482,28.208549
dxf,3,108.596043,23.365549
dzb,3,408.244583,91.087579
dyb,3,111.469493,24.249176
cvx,3,127.215285,28.529876
dyf,3,111.361421,24.291325
dzb2,3,407.428552,90.928662
dxb,3,109.105356,23.444136
cvy,3,126.638540,28.411677
dzf,3,406.970691,90.843736
dxb2,3,108.757527,23.396957
dyb2,3,111.636696,24.302715
cvz,3,147.539098,33.160030
dzb3,3,407.270432,90.971541
dxb3,3,108.841909,23.418202
dyb3,3,111.779414,24.345531
csxxsyyszz,3,266.534880,57.923224
dyf2,3,111.816535,24.372788
dxf2,3,108.633185,23.387736
csxy,3,105.001332,23.579545
dzf2,3,407.258929,90.901883
dyf3,3,111.275483,24.336341
csyz,3,125.505700,28.161699
dxf3,3,108.670169,23.391500
dzf3,3,407.320313,90.908489
csxz,3,125.538953,28.216856
dxf,4,110.022750,23.941490
dzb,4,407.728313,92.764669
dyb,4,111.310592,24.676720
cvx,4,127.360436,28.747298
dyf,4,111.435967,24.431595
dzb2,4,407.530530,91.215344
dxb,4,109.083057,23.426077
cvy,4,126.440885,28.372766
dzf,4,406.808078,90.818405
dxb2,4,108.822330,23.413247
dyb2,4,111.751785,24.347919
cvz,4,147.249671,33.086333
dzb3,4,407.284434,90.949524
dxb3,4,108.778335,23.398837
dyb3,4,111.501104,24.286889
csxxsyyszz,4,266.369731,57.864598
dyf2,4,111.467572,24.269597
dxf2,4,108.803041,23.401555
csxy,4,104.986077,23.564669
dzf2,4,407.307439,90.761465
dyf3,4,111.145983,24.255643
csyz,4,125.518863,28.152917
dxf3,4,108.603992,23.357880
dzf3,4,407.273862,90.956375
csxz,4,125.432711,28.275133
#========================= OptEWE [OpenMP] =========================
#Source type                                  :  Force monopole
#Grid Size                                    :  768 x 768 x 768
#Iterations                                   :  5
#Compute time                                 :  24.540667
#Total effective MLUPS                        :  92.292691
#===================================================================
#Number of threads                            :  18
