dxf,0,278.494325,35.698620
dzb,0,999.168724,130.088446
dyb,0,365.673259,45.937328
cvx,0,488.818404,61.895008
dyf,0,367.285160,46.126013
dzb2,0,1000.138972,130.111888
dxb,0,289.616680,36.887933
cvy,0,1398.340031,166.038142
dzf,0,1000.036764,130.048815
dxb2,0,289.539413,36.906573
dyb2,0,365.942492,45.951457
cvz,0,502.571713,65.333573
dzb3,0,998.481470,129.920908
dxb3,0,289.827407,36.943656
dyb3,0,370.964846,47.644300
csxxsyyszz,0,1336.110656,164.575151
dyf2,0,367.466919,46.078135
dxf2,0,285.440824,37.244059
csxy,0,233.530498,31.968958
dzf2,0,1983.230911,250.092655
dyf3,0,368.104276,46.107422
csyz,0,313.122992,42.226871
dxf3,0,288.813033,36.835861
dzf3,0,998.323726,129.801923
csxz,0,308.976511,41.776613
dxf,1,279.892851,35.778473
dzb,1,999.308058,130.041072
dyb,1,369.732752,48.485441
cvx,1,489.248600,64.332328
dyf,1,366.464228,47.539272
dzb2,1,999.620559,130.340756
dxb,1,290.167565,36.891029
cvy,1,486.652288,62.823019
dzf,1,998.451677,129.735063
dxb2,1,289.875371,36.899590
dyb2,1,365.943637,45.974660
cvz,1,499.060384,64.966504
dzb3,1,999.224629,130.031963
dxb3,1,289.178446,36.827147
dyb3,1,371.498500,47.544461
csxxsyyszz,1,1340.143318,164.977056
dyf2,1,367.785540,46.094167
dxf2,1,286.559806,37.333866
csxy,1,234.049811,31.974575
dzf2,1,1985.370699,250.295837
dyf3,1,367.467791,46.163140
csyz,1,313.256068,42.269430
dxf3,1,287.763685,36.965435
dzf3,1,998.024998,130.137092
csxz,1,310.665563,42.021250
dxf,2,279.012555,35.776285
dzb,2,998.986572,130.109007
dyb,2,366.215848,45.981981
cvx,2,489.722372,62.000247
dyf,2,367.426659,46.150754
dzb2,2,999.717832,130.327847
dxb,2,289.529390,36.912509
cvy,2,486.665021,62.856326
dzf,2,998.616948,130.002697
dxb2,2,289.999141,36.964550
dyb2,2,366.112233,45.939374
cvz,2,499.315251,64.968038
dzb3,2,1001.543691,130.268079
dxb3,2,289.784380,36.906803
dyb3,2,370.282479,47.520330
csxxsyyszz,2,1336.131700,164.456663
dyf2,2,366.843987,46.050383
dxf2,2,285.540003,37.258617
csxy,2,233.221095,31.907994
dzf2,2,1986.197969,251.039231
dyf3,2,366.728822,46.085131
csyz,2,313.473978,42.297715
dxf3,2,287.808053,36.749303
dzf3,2,998.120621,129.974266
csxz,2,308.986050,41.839077
dxf,3,279.166352,35.806561
dzb,3,999.902969,130.118489
dyb,3,366.530465,46.013392
cvx,3,489.960127,62.039578
dyf,3,370.538108,46.520212
dzb2,3,1000.045475,130.156988
dxb,3,289.518624,36.909271
cvy,3,486.477355,62.839440
dzf,3,998.299646,129.967130
dxb2,3,289.358584,36.875817
dyb2,3,366.132580,45.994782
cvz,3,499.918476,65.063864
dzb3,3,999.125409,130.044628
dxb3,3,289.602528,36.934895
dyb3,3,371.518186,47.692401
csxxsyyszz,3,1338.568581,164.839597
dyf2,3,367.808162,46.207270
dxf2,3,286.646492,37.386465
csxy,3,234.093636,32.013792
dzf2,3,1987.500645,250.554852
dyf3,3,367.057429,46.112583
csyz,3,313.398265,42.277674
dxf3,3,288.124026,36.809210
dzf3,3,998.555760,129.994981
csxz,3,309.192037,41.832638
dxf,4,279.085764,35.790265
dzb,4,998.868536,130.073906
dyb,4,366.242388,45.968146
cvx,4,489.481602,61.985342
dyf,4,367.517449,46.146222
dzb2,4,1000.183858,130.131203
dxb,4,289.318297,36.898646
cvy,4,486.465078,62.835112
dzf,4,998.150639,129.957214
dxb2,4,289.326041,36.857378
dyb2,4,365.984794,45.967863
cvz,4,499.838907,65.043656
dzb3,4,999.086915,129.968504
dxb3,4,291.693195,37.572298
dyb3,4,372.213738,48.745443
csxxsyyszz,4,1337.525075,165.981339
dyf2,4,367.584328,46.158230
dxf2,4,285.762780,37.299012
csxy,4,233.872763,31.994415
dzf2,4,1984.356561,250.096739
dyf3,4,367.829236,46.129797
csyz,4,313.342690,42.246178
dxf3,4,288.069748,36.744661
dzf3,4,998.587468,129.858059
csxz,4,309.650424,41.908587
#========================= OptEWE [OpenMP] =========================
#Source type                                  :  Force monopole
#Grid Size                                    :  768 x 768 x 768
#Iterations                                   :  5
#Compute time                                 :  73.817032
#Total effective MLUPS                        :  30.682948
#===================================================================
#Number of threads                            :  4
