dxf,0,182.507867,26.561465
dzb,0,791.641672,118.303258
dyb,0,377.681498,53.046810
cvx,0,328.928775,48.064467
dyf,0,197.934778,28.959275
dzb2,0,791.662891,118.450935
dxb,0,374.696304,52.350105
cvy,0,1060.403220,140.094164
dzf,0,736.888495,109.115161
dxb2,0,333.778909,47.020978
dyb2,0,377.932823,53.119629
cvz,0,432.729099,62.448840
dzb3,0,737.202673,109.225826
dxb3,0,333.754545,47.018667
dyb3,0,458.471586,63.345946
csxxsyyszz,0,571.438952,84.451046
dyf2,0,197.801497,28.953069
dxf2,0,409.761007,56.815954
csxy,0,220.652585,33.098384
dzf2,0,1422.989646,199.915051
dyf3,0,340.049883,48.250666
csyz,0,323.773050,47.291536
dxf3,0,181.940527,26.569033
dzf3,0,791.150691,118.394750
csxz,0,326.126030,47.649572
dxf,1,181.889210,26.626641
dzb,1,791.509289,118.575674
dyb,1,377.819110,53.126200
cvx,1,330.130691,48.223815
dyf,1,197.736158,28.954559
dzb2,1,792.284016,119.377690
dxb,1,374.621840,52.320522
cvy,1,459.548237,65.084639
dzf,1,736.841392,109.389868
dxb2,1,333.636276,47.033252
dyb2,1,377.268669,53.046935
cvz,1,432.947472,62.502051
dzb3,1,736.150593,109.244172
dxb3,1,333.589912,47.075012
dyb3,1,458.935658,63.569945
csxxsyyszz,1,567.095874,83.883843
dyf2,1,197.680928,28.917664
dxf2,1,409.932178,56.846919
csxy,1,220.672770,33.097187
dzf2,1,1422.861189,199.836677
dyf3,1,340.309990,48.297026
csyz,1,324.919227,47.449294
dxf3,1,181.973334,26.553563
dzf3,1,791.056090,118.277596
csxz,1,326.200047,47.656036
dxf,2,181.823374,26.543355
dzb,2,791.676252,118.425480
dyb,2,377.869664,53.126330
cvx,2,329.551697,48.144913
dyf,2,197.448613,28.917291
dzb2,2,792.059301,118.641178
dxb,2,374.948431,52.409637
cvy,2,460.009543,65.092593
dzf,2,735.934240,108.979177
dxb2,2,333.661381,47.043764
dyb2,2,377.557145,53.067324
cvz,2,433.096683,62.509788
dzb3,2,736.166066,108.993847
dxb3,2,333.620192,47.033973
dyb3,2,458.762555,63.411331
csxxsyyszz,2,570.935521,84.410993
dyf2,2,197.822738,28.933687
dxf2,2,409.690314,56.842287
csxy,2,220.562029,33.090389
dzf2,2,1422.862252,199.875795
dyf3,2,339.940946,48.240959
csyz,2,324.199420,47.349150
dxf3,2,181.942871,26.583419
dzf3,2,792.401504,118.370835
csxz,2,326.181759,47.660076
dxf,3,181.957672,26.588564
dzb,3,792.432058,118.496534
dyb,3,377.551724,53.099685
cvx,3,329.659913,48.168068
dyf,3,197.852132,28.961102
dzb2,3,791.327588,118.490825
dxb,3,374.544584,52.372364
cvy,3,459.706612,65.073414
dzf,3,736.018149,112.148269
dxb2,3,333.326544,47.355129
dyb2,3,377.777026,53.224446
cvz,3,433.219705,62.544101
dzb3,3,736.383527,109.103623
dxb3,3,333.997045,47.078502
dyb3,3,458.471487,63.401995
csxxsyyszz,3,571.119693,84.449339
dyf2,3,197.597572,28.938859
dxf2,3,409.847497,56.893014
csxy,3,220.714855,33.113938
dzf2,3,1422.456420,199.977989
dyf3,3,340.275661,48.296259
csyz,3,323.810451,47.323775
dxf3,3,181.767288,26.596626
dzf3,3,792.004834,118.680525
csxz,3,326.048039,47.678933
dxf,4,181.861292,26.637958
dzb,4,791.675556,118.365351
dyb,4,377.503396,53.197349
cvx,4,329.351795,48.316579
dyf,4,197.577751,29.030897
dzb2,4,791.589452,118.735171
dxb,4,374.761085,52.412853
cvy,4,460.142861,65.269321
dzf,4,736.004112,109.380381
dxb2,4,333.683039,47.064248
dyb2,4,377.911529,53.162753
cvz,4,433.355318,62.600291
dzb3,4,736.315297,109.285325
dxb3,4,333.611595,47.156745
dyb3,4,459.214454,63.530351
csxxsyyszz,4,572.977524,84.865181
dyf2,4,197.656711,29.072297
dxf2,4,409.879806,57.076260
csxy,4,220.495123,33.188364
dzf2,4,1422.494950,200.213787
dyf3,4,339.791200,48.423857
csyz,4,323.974648,47.417302
dxf3,4,182.060982,26.617389
dzf3,4,791.058237,118.658109
csxz,4,326.188104,47.862081
#========================= OptEWE [OpenMP] =========================
#Source type                                  :  Force monopole
#Grid Size                                    :  768 x 768 x 768
#Iterations                                   :  5
#Compute time                                 :  59.101791
#Total effective MLUPS                        :  38.322428
#===================================================================
#Number of threads                            :  11
