dxf,0,528.382676,60.291702
dzb,0,1933.325016,222.922360
dyb,0,686.733746,77.601410
cvx,0,880.524418,99.017564
dyf,0,687.955382,77.806728
dzb2,0,1932.170407,222.320102
dxb,0,548.146828,62.414612
cvy,0,2189.891571,241.906676
dzf,0,1929.176209,222.317072
dxb2,0,549.052084,62.548091
dyb2,0,685.480361,77.398040
cvz,0,895.495968,100.876820
dzb3,0,1931.237161,222.193301
dxb3,0,546.884373,62.182772
dyb3,0,699.800234,80.144096
csxxsyyszz,0,2447.759044,270.925640
dyf2,0,688.545092,77.591172
dxf2,0,535.791314,61.899236
csxy,0,449.912640,52.485276
dzf2,0,2874.263931,334.822132
dyf3,0,686.999079,77.577472
csyz,0,525.148934,60.957259
dxf3,0,527.406721,60.177330
dzf3,0,1927.826137,222.869538
csxz,0,514.361737,59.950927
dxf,1,527.300326,60.224125
dzb,1,1929.140958,222.486967
dyb,1,684.472033,77.360803
cvx,1,882.015828,99.234012
dyf,1,688.772169,77.991218
dzb2,1,1931.192191,222.758593
dxb,1,547.540611,62.413893
cvy,1,869.081087,100.244160
dzf,1,1927.800644,222.167151
dxb2,1,548.987188,62.501067
dyb2,1,684.426842,77.290221
cvz,1,891.167470,100.666869
dzb3,1,1931.513798,222.541385
dxb3,1,546.634890,62.248795
dyb3,1,701.406815,80.330035
csxxsyyszz,1,2447.412016,271.075858
dyf2,1,687.572242,77.627054
dxf2,1,533.134950,61.639118
csxy,1,449.535236,52.490339
dzf2,1,2871.720324,334.466949
dyf3,1,687.866787,77.612637
csyz,1,527.642174,61.713311
dxf3,1,528.325135,60.216728
dzf3,1,1929.817535,222.239571
csxz,1,515.811845,59.991310
dxf,2,528.369908,60.166377
dzb,2,1931.306170,221.998293
dyb,2,685.150133,77.246686
cvx,2,881.729252,98.921557
dyf,2,689.813927,77.794238
dzb2,2,1931.407791,222.216429
dxb,2,549.585052,62.593596
cvy,2,871.246438,100.249350
dzf,2,1929.117934,222.265150
dxb2,2,549.575219,62.490117
dyb2,2,685.094814,77.194951
cvz,2,892.408845,100.641804
dzb3,2,1930.126854,222.442619
dxb3,2,547.459684,62.208595
dyb3,2,702.113907,80.289690
csxxsyyszz,2,2451.345163,272.396480
dyf2,2,687.275364,77.520719
dxf2,2,534.540961,61.838210
csxy,2,449.217910,52.485285
dzf2,2,2864.892738,335.236675
dyf3,2,687.716860,79.015696
csyz,2,524.847843,60.994352
dxf3,2,528.408185,60.354058
dzf3,2,1928.885698,222.336177
csxz,2,515.669336,60.053657
dxf,3,529.917314,60.504381
dzb,3,1932.762435,222.828815
dyb,3,684.938792,77.484198
cvx,3,884.255113,99.407463
dyf,3,689.809152,78.073965
dzb2,3,1931.656378,222.585543
dxb,3,548.523575,62.535675
cvy,3,871.337554,100.456085
dzf,3,1929.031267,222.179992
dxb2,3,551.376769,62.754876
dyb2,3,686.478003,77.499673
cvz,3,895.708507,101.029951
dzb3,3,1931.593305,222.298104
dxb3,3,547.290352,62.265615
dyb3,3,700.390268,80.192688
csxxsyyszz,3,2449.620295,271.376145
dyf2,3,688.600963,77.684042
dxf2,3,534.066255,61.728118
csxy,3,450.344962,52.523971
dzf2,3,2867.950517,335.758626
dyf3,3,688.909507,78.068671
csyz,3,525.077971,61.195619
dxf3,3,528.357748,60.348921
dzf3,3,1928.658129,222.774498
csxz,3,515.660392,60.095006
dxf,4,528.311519,60.518831
dzb,4,1931.353932,222.860678
dyb,4,687.819652,78.023729
cvx,4,884.037868,99.736506
dyf,4,689.729682,77.941199
dzb2,4,1933.517935,222.646708
dxb,4,548.775998,62.473282
cvy,4,871.376378,100.404291
dzf,4,1929.142599,222.195936
dxb2,4,549.841374,62.571523
dyb2,4,685.119282,77.413865
cvz,4,894.106951,100.913962
dzb3,4,1932.709092,222.903236
dxb3,4,547.535760,62.304506
dyb3,4,700.762618,80.264021
csxxsyyszz,4,2451.515310,271.773901
dyf2,4,688.765794,77.779499
dxf2,4,534.021983,63.337272
csxy,4,447.448718,55.686561
dzf2,4,2867.395184,335.283966
dyf3,4,687.972526,77.519599
csyz,4,525.494207,60.857238
dxf3,4,529.863626,60.504487
dzf3,4,1930.388450,222.875805
csxz,4,515.703647,60.017524
#========================= OptEWE [OpenMP] =========================
#Source type                                  :  Force monopole
#Grid Size                                    :  768 x 768 x 768
#Iterations                                   :  5
#Compute time                                 :  133.735504
#Total effective MLUPS                        :  16.935848
#===================================================================
#Number of threads                            :  2
