dxf,0,150.008183,24.749746
dzb,0,624.484660,103.864216
dyb,0,154.830982,25.836923
cvx,0,186.601973,31.560050
dyf,0,154.849766,25.912023
dzb2,0,624.769195,103.275044
dxb,0,150.029443,24.782371
cvy,0,933.504975,135.390167
dzf,0,623.120776,103.830363
dxb2,0,149.706022,24.781179
dyb2,0,155.191715,25.923935
cvz,0,217.970023,36.677686
dzb3,0,624.158157,104.046713
dxb3,0,149.804762,24.818110
dyb3,0,165.645207,27.526612
csxxsyyszz,0,399.820202,66.106929
dyf2,0,155.093783,25.932026
dxf2,0,156.914822,25.901497
csxy,0,152.595831,25.807398
dzf2,0,1263.943919,189.435838
dyf3,0,154.623237,25.851319
csyz,0,183.039231,30.764442
dxf3,0,149.774521,24.797849
dzf3,0,623.650722,103.104554
csxz,0,183.129061,30.803792
dxf,1,149.516783,24.761860
dzb,1,624.690272,103.664030
dyb,1,155.136834,25.878701
cvx,1,186.377761,31.428073
dyf,1,154.743836,25.905705
dzb2,1,624.490057,104.088324
dxb,1,149.974309,24.830680
cvy,1,180.672570,30.636036
dzf,1,622.975361,103.874525
dxb2,1,149.667810,24.785137
dyb2,1,154.849447,25.903284
cvz,1,218.104755,36.687573
dzb3,1,624.443148,103.457683
dxb3,1,150.010530,24.822178
dyb3,1,165.453274,27.483076
csxxsyyszz,1,393.428904,65.175854
dyf2,1,155.093171,25.943284
dxf2,1,156.730766,25.867519
csxy,1,151.460183,25.646886
dzf2,1,1265.914799,188.972000
dyf3,1,154.794969,25.874450
csyz,1,183.013085,30.758192
dxf3,1,149.771571,24.795873
dzf3,1,625.222498,104.063022
csxz,1,183.962198,30.940701
dxf,2,149.587366,24.776645
dzb,2,624.507700,104.085154
dyb,2,155.016030,25.893600
cvx,2,186.266118,31.398968
dyf,2,155.029310,25.939143
dzb2,2,624.467781,103.238188
dxb,2,150.022760,24.838759
cvy,2,180.836068,30.664878
dzf,2,623.297037,103.537239
dxb2,2,149.873512,24.822676
dyb2,2,154.816122,25.904160
cvz,2,218.064610,36.726044
dzb3,2,624.135396,103.978611
dxb3,2,149.996600,24.828162
dyb3,2,165.228885,27.463241
csxxsyyszz,2,400.029680,66.127666
dyf2,2,154.806854,25.911169
dxf2,2,156.625173,25.861120
csxy,2,151.282827,25.608820
dzf2,2,1266.020315,189.393839
dyf3,2,154.730717,25.885283
csyz,2,183.004748,30.767796
dxf3,2,149.633837,24.786200
dzf3,2,623.414411,103.897370
csxz,2,183.012356,30.826947
dxf,3,149.464678,24.775502
dzb,3,624.544981,103.698533
dyb,3,155.086296,25.926082
cvx,3,186.336425,31.419740
dyf,3,154.964603,25.946388
dzb2,3,624.433628,103.891389
dxb,3,150.940503,24.955206
cvy,3,180.952259,30.682219
dzf,3,623.106887,103.889113
dxb2,3,149.825271,24.810345
dyb2,3,154.954476,25.893786
cvz,3,217.945463,36.671314
dzb3,3,624.039214,104.003459
dxb3,3,150.118619,24.852655
dyb3,3,165.413745,27.489634
csxxsyyszz,3,396.366119,65.620625
dyf2,3,155.000086,25.931538
dxf2,3,156.757268,25.889132
csxy,3,151.314060,25.630673
dzf2,3,1264.288715,189.638559
dyf3,3,154.721316,25.866354
csyz,3,183.030006,30.749040
dxf3,3,149.799406,24.785353
dzf3,3,623.517908,103.243340
csxz,3,183.152430,30.840765
dxf,4,149.427994,24.761999
dzb,4,624.661641,103.859101
dyb,4,154.905856,25.876725
cvx,4,186.231102,31.412753
dyf,4,154.904705,25.929905
dzb2,4,624.289670,104.070133
dxb,4,149.913460,24.833387
cvy,4,180.823390,30.662976
dzf,4,623.095671,103.504413
dxb2,4,149.844727,24.815675
dyb2,4,154.866190,25.887347
cvz,4,217.895887,36.686727
dzb3,4,624.366759,103.682032
dxb3,4,150.107482,24.847232
dyb3,4,167.327030,27.770717
csxxsyyszz,4,396.490932,65.617629
dyf2,4,154.982640,25.945310
dxf2,4,156.960519,25.915746
csxy,4,151.479227,25.636126
dzf2,4,1266.598913,189.180477
dyf3,4,154.897950,25.891043
csyz,4,183.033954,30.779385
dxf3,4,149.674250,24.791903
dzf3,4,623.437466,103.927023
csxz,4,183.113924,30.896301
#========================= OptEWE [OpenMP] =========================
#Source type                                  :  Force monopole
#Grid Size                                    :  768 x 768 x 768
#Iterations                                   :  5
#Compute time                                 :  39.415390
#Total effective MLUPS                        :  57.462939
#===================================================================
#Number of threads                            :  15
