dxf,0,109.982969,22.284803
dzb,0,432.299430,89.865487
dyb,0,111.182726,22.978542
cvx,0,132.094710,27.658315
dyf,0,111.383189,23.077758
dzb2,0,432.025359,90.024028
dxb,0,109.038405,22.177527
cvy,0,863.062751,150.257974
dzf,0,430.487676,89.746339
dxb2,0,108.787330,22.169127
dyb2,0,111.429829,23.093092
cvz,0,154.142091,32.308206
dzb3,0,431.205863,89.930819
dxb3,0,108.823718,22.183962
dyb3,0,111.394583,23.064470
csxxsyyszz,0,262.951990,54.491943
dyf2,0,111.581907,23.096714
dxf2,0,109.067974,22.246795
csxy,0,108.720179,22.863853
dzf2,0,430.527989,89.862874
dyf3,0,111.289938,23.075673
csyz,0,130.564581,27.366632
dxf3,0,108.853577,22.208603
dzf3,0,430.757814,89.906607
csxz,0,130.587399,27.438316
dxf,1,108.790974,22.196820
dzb,1,431.247089,89.991580
dyb,1,111.159614,23.037829
cvx,1,132.083570,27.715247
dyf,1,111.338453,23.104453
dzb2,1,431.273079,90.023024
dxb,1,108.946905,22.229873
cvy,1,131.842902,27.665448
dzf,1,430.458277,89.887309
dxb2,1,108.919341,22.211995
dyb2,1,111.471218,23.108451
cvz,1,154.072320,32.317162
dzb3,1,431.238978,90.005822
dxb3,1,108.943797,22.211287
dyb3,1,111.285234,23.063002
csxxsyyszz,1,263.030466,54.541599
dyf2,1,111.569860,23.117299
dxf2,1,109.160897,22.283328
csxy,1,108.688179,22.866140
dzf2,1,430.459215,89.887504
dyf3,1,111.230000,23.078625
csyz,1,130.538964,27.375602
dxf3,1,108.908958,22.224729
dzf3,1,431.688707,90.110155
csxz,1,130.611549,27.436959
dxf,2,108.855487,22.197983
dzb,2,431.395026,90.064918
dyb,2,112.490735,23.267573
cvx,2,132.068647,27.737865
dyf,2,111.354945,23.139409
dzb2,2,431.264947,90.076355
dxb,2,108.956991,22.255703
cvy,2,131.837975,27.692665
dzf,2,430.521428,89.922420
dxb2,2,108.903388,22.223840
dyb2,2,111.432407,23.114212
cvz,2,154.079551,32.313123
dzb3,2,431.252704,90.029975
dxb3,2,108.955234,22.243087
dyb3,2,111.466599,23.102315
csxxsyyszz,2,263.107138,54.566682
dyf2,2,111.487190,23.113859
dxf2,2,111.267523,22.777594
csxy,2,108.732737,22.889229
dzf2,2,430.371979,89.926696
dyf3,2,111.406247,23.134172
csyz,2,130.651155,27.407914
dxf3,2,108.918432,22.228271
dzf3,2,430.808939,90.004162
csxz,2,130.567018,27.452086
dxf,3,108.954033,22.237394
dzb,3,431.368374,90.076040
dyb,3,111.243131,23.092547
cvx,3,132.241553,27.772329
dyf,3,111.346227,23.133533
dzb2,3,431.250958,90.084389
dxb,3,109.109006,22.458638
cvy,3,131.813602,27.694607
dzf,3,430.484965,89.977210
dxb2,3,108.842690,22.217019
dyb2,3,111.388554,23.102404
cvz,3,154.143260,32.344640
dzb3,3,431.190893,90.060639
dxb3,3,108.881160,22.217448
dyb3,3,111.482915,23.106437
csxxsyyszz,3,261.419625,54.302098
dyf2,3,111.703548,23.158591
dxf2,3,109.104011,22.264344
csxy,3,108.714508,22.893545
dzf2,3,430.540291,89.940936
dyf3,3,111.309906,23.082891
csyz,3,130.658134,27.420885
dxf3,3,108.840223,22.219484
dzf3,3,431.658491,90.156808
csxz,3,130.655320,27.440586
dxf,4,108.881280,22.228484
dzb,4,432.046108,90.257192
dyb,4,111.139067,23.239129
cvx,4,133.087047,28.105272
dyf,4,111.489434,23.191898
dzb2,4,431.314052,90.067063
dxb,4,109.009753,22.238112
cvy,4,131.737938,27.665709
dzf,4,430.526712,89.953422
dxb2,4,108.965143,22.227279
dyb2,4,111.478750,23.122221
cvz,4,154.135063,32.345020
dzb3,4,431.112389,90.055816
dxb3,4,108.835313,22.214029
dyb3,4,111.473878,23.096178
csxxsyyszz,4,261.457106,54.298575
dyf2,4,111.463233,23.109262
dxf2,4,109.025942,22.247921
csxy,4,108.721053,22.899371
dzf2,4,430.470695,89.950312
dyf3,4,111.150777,23.055179
csyz,4,130.627855,27.423313
dxf3,4,108.819902,22.220034
dzf3,4,430.797582,90.024601
csxz,4,130.591959,27.497326
#========================= OptEWE [OpenMP] =========================
#Source type                                  :  Force monopole
#Grid Size                                    :  768 x 768 x 768
#Iterations                                   :  5
#Compute time                                 :  25.530493
#Total effective MLUPS                        :  88.714471
#===================================================================
#Number of threads                            :  19
