dxf,0,129.732698,20.634554
dzb,0,554.826886,88.135895
dyb,0,132.916270,21.410430
cvx,0,157.870353,25.595351
dyf,0,133.336621,21.515962
dzb2,0,555.656664,88.297283
dxb,0,126.654281,20.241431
cvy,0,1405.641042,187.142943
dzf,0,553.825575,88.079719
dxb2,0,126.957899,20.308800
dyb2,0,133.149958,21.486581
cvz,0,186.482192,30.227473
dzb3,0,556.260001,88.411693
dxb3,0,126.757729,20.290520
dyb3,0,133.252907,21.489992
csxxsyyszz,0,356.003717,56.173755
dyf2,0,133.400436,21.523913
dxf2,0,126.574026,20.267171
csxy,0,127.939116,20.908375
dzf2,0,553.339819,88.030381
dyf3,0,133.370897,21.497042
csyz,0,155.987179,25.348785
dxf3,0,126.548915,20.248938
dzf3,0,553.533255,88.066266
csxz,0,155.903822,25.370740
dxf,1,126.475815,20.243911
dzb,1,554.787522,88.260481
dyb,1,132.914042,21.416642
cvx,1,157.773147,25.592615
dyf,1,133.405034,21.487227
dzb2,1,554.805817,88.232209
dxb,1,126.542873,20.253903
cvy,1,157.664116,25.573193
dzf,1,553.007407,88.007141
dxb2,1,126.935052,20.304525
dyb2,1,132.960700,21.444625
cvz,1,186.502493,30.220223
dzb3,1,554.584586,88.199769
dxb3,1,126.774071,20.275185
dyb3,1,132.938258,21.439518
csxxsyyszz,1,360.639369,56.786378
dyf2,1,133.450450,21.495654
dxf2,1,126.496719,20.242439
csxy,1,127.925240,20.896067
dzf2,1,553.160085,88.015118
dyf3,1,133.557786,21.518632
csyz,1,155.932387,25.315051
dxf3,1,126.655228,20.248509
dzf3,1,553.273931,87.994104
csxz,1,156.632900,25.453837
dxf,2,126.436076,20.217918
dzb,2,556.176038,88.402335
dyb,2,133.080553,21.416480
cvx,2,157.677453,25.569406
dyf,2,133.332585,21.487039
dzb2,2,554.855961,88.385758
dxb,2,126.501129,20.229927
cvy,2,157.476137,25.531932
dzf,2,553.196811,88.003643
dxb2,2,126.872977,20.292366
dyb2,2,133.084512,21.440777
cvz,2,186.418810,30.204309
dzb3,2,554.508572,88.188178
dxb3,2,126.779410,20.274924
dyb3,2,133.143840,21.446267
csxxsyyszz,2,360.351760,56.722178
dyf2,2,133.474639,21.497820
dxf2,2,126.725136,20.277754
csxy,2,127.967247,20.913220
dzf2,2,553.230695,88.031461
dyf3,2,133.330647,21.498702
csyz,2,155.993938,25.345909
dxf3,2,126.532573,20.257444
dzf3,2,553.438051,88.163427
csxz,2,155.960911,25.368109
dxf,3,126.499993,20.243087
dzb,3,554.658667,88.240480
dyb,3,132.853379,21.411453
cvx,3,157.896233,25.616925
dyf,3,133.158677,21.471466
dzb2,3,554.749502,88.239092
dxb,3,126.502723,20.233888
cvy,3,157.604318,25.561388
dzf,3,553.422166,88.061306
dxb2,3,126.832246,20.285727
dyb2,3,133.129804,21.450539
cvz,3,186.505429,30.225411
dzb3,3,554.622463,88.221628
dxb3,3,126.793854,20.285902
dyb3,3,134.798550,21.683114
csxxsyyszz,3,360.505040,56.743318
dyf2,3,133.604917,21.533401
dxf2,3,126.514077,20.244105
csxy,3,129.089530,21.047505
dzf2,3,553.190453,88.006618
dyf3,3,133.310411,21.491613
csyz,3,155.974850,25.345664
dxf3,3,126.547184,20.247796
dzf3,3,553.440081,88.062286
csxz,3,156.009819,25.352706
dxf,4,126.348964,20.221633
dzb,4,554.738363,88.259395
dyb,4,132.856505,21.406999
cvx,4,157.730554,25.588682
dyf,4,133.352438,21.491597
dzb2,4,554.739289,88.241458
dxb,4,126.262803,20.205007
cvy,4,157.583954,25.564279
dzf,4,553.231841,88.037874
dxb2,4,126.859316,20.291420
dyb2,4,133.054716,21.437578
cvz,4,186.509751,30.214951
dzb3,4,554.480601,88.201182
dxb3,4,127.094305,20.304054
dyb3,4,133.339983,21.472305
csxxsyyszz,4,360.450990,56.752484
dyf2,4,133.397449,21.487241
dxf2,4,126.681201,20.265404
csxy,4,127.851277,20.891295
dzf2,4,553.077977,88.002925
dyf3,4,133.146296,21.468977
csyz,4,156.094893,25.339115
dxf3,4,126.581574,20.256142
dzf3,4,553.471599,88.076027
csxz,4,155.951205,25.413883
#========================= OptEWE [OpenMP] =========================
#Source type                                  :  Force monopole
#Grid Size                                    :  768 x 768 x 768
#Iterations                                   :  5
#Compute time                                 :  32.181992
#Total effective MLUPS                        :  70.378620
#===================================================================
#Number of threads                            :  22
