dxf,0,168.924517,27.074128
dzb,0,658.071244,110.359417
dyb,0,330.628881,51.253326
cvx,0,299.952269,48.351109
dyf,0,189.881472,30.542086
dzb2,0,658.054036,110.478172
dxb,0,326.417772,50.913459
cvy,0,873.989450,131.953176
dzf,0,627.977538,104.965719
dxb2,0,295.488511,45.876456
dyb2,0,331.096353,51.408673
cvz,0,390.852583,62.309827
dzb3,0,628.086459,104.247520
dxb3,0,295.549695,45.878740
dyb3,0,402.463533,61.266230
csxxsyyszz,0,559.661702,90.318522
dyf2,0,189.932979,30.566903
dxf2,0,360.714027,55.034048
csxy,0,199.221296,33.095513
dzf2,0,1265.978724,195.879977
dyf3,0,304.340254,47.599287
csyz,0,294.100628,47.453657
dxf3,0,168.721776,27.156638
dzf3,0,658.853735,110.789622
csxz,0,294.477690,47.573690
dxf,1,168.501299,27.104920
dzb,1,658.081072,110.622179
dyb,1,330.563797,51.321148
cvx,1,299.925701,48.400758
dyf,1,189.960076,30.600603
dzb2,1,658.059370,110.636727
dxb,1,326.906913,50.380540
cvy,1,407.713019,63.757243
dzf,1,628.101205,104.151515
dxb2,1,295.556728,45.881449
dyb2,1,330.966713,51.374232
cvz,1,391.044284,62.347930
dzb3,1,627.049624,104.050857
dxb3,1,295.480385,45.894346
dyb3,1,402.698017,61.352262
csxxsyyszz,1,558.067416,90.070833
dyf2,1,189.837795,30.594323
dxf2,1,361.009315,55.085495
csxy,1,199.090271,33.085137
dzf2,1,1265.853592,195.961774
dyf3,1,304.448881,47.622743
csyz,1,294.266698,47.491761
dxf3,1,168.539958,27.160709
dzf3,1,658.716136,110.725938
csxz,1,294.372871,47.543206
dxf,2,168.482581,27.118633
dzb,2,658.229057,110.657028
dyb,2,330.691660,51.306511
cvx,2,300.409124,48.463352
dyf,2,189.895239,30.576364
dzb2,2,658.297486,110.565548
dxb,2,326.701139,50.340361
cvy,2,407.458066,63.676529
dzf,2,628.280387,104.138469
dxb2,2,295.580385,45.873428
dyb2,2,330.975363,51.340683
cvz,2,390.900963,62.326888
dzb3,2,626.776721,103.823865
dxb3,2,295.728244,45.898367
dyb3,2,402.543412,61.226702
csxxsyyszz,2,558.632028,90.104226
dyf2,2,189.930940,30.670117
dxf2,2,360.955798,55.095987
csxy,2,199.235283,33.103288
dzf2,2,1266.083825,195.877166
dyf3,2,304.267852,47.589455
csyz,2,294.832107,47.543170
dxf3,2,168.619859,27.088904
dzf3,2,658.921485,110.670977
csxz,2,294.781533,47.580203
dxf,3,168.511614,27.137060
dzb,3,658.191859,110.601535
dyb,3,330.723708,51.319452
cvx,3,300.320637,48.451314
dyf,3,189.855499,30.601276
dzb2,3,657.992018,110.545277
dxb,3,326.796869,50.357976
cvy,3,406.862642,63.598463
dzf,3,628.391071,104.425502
dxb2,3,295.384979,45.867468
dyb2,3,330.974569,51.367601
cvz,3,390.668279,62.328033
dzb3,3,627.911706,104.236086
dxb3,3,295.223213,45.842349
dyb3,3,402.666313,61.299092
csxxsyyszz,3,557.882888,90.001777
dyf2,3,189.934106,30.519228
dxf2,3,360.799970,55.020748
csxy,3,199.810995,33.209009
dzf2,3,1266.035730,195.960085
dyf3,3,304.323501,47.645771
csyz,3,294.215249,47.531044
dxf3,3,168.709355,27.147443
dzf3,3,658.747459,110.812424
csxz,3,294.721701,47.631033
dxf,4,168.541505,27.158852
dzb,4,658.122991,110.618381
dyb,4,330.910909,51.382514
cvx,4,300.804193,48.543147
dyf,4,189.793278,30.680803
dzb2,4,658.062925,110.798351
dxb,4,327.065702,50.420929
cvy,4,407.305939,63.700307
dzf,4,628.122573,104.212387
dxb2,4,295.706734,45.932116
dyb2,4,331.003214,51.407382
cvz,4,390.485538,62.314567
dzb3,4,627.906644,104.250968
dxb3,4,295.329242,45.898712
dyb3,4,402.165890,61.282763
csxxsyyszz,4,556.006932,89.771950
dyf2,4,189.925415,30.568669
dxf2,4,361.153958,55.179200
csxy,4,199.249013,33.140760
dzf2,4,1266.556160,196.211569
dyf3,4,304.288120,47.615993
csyz,4,293.782633,47.438674
dxf3,4,168.480196,27.146371
dzf3,4,659.048898,110.775673
csxz,4,294.629495,47.601265
#========================= OptEWE [OpenMP] =========================
#Source type                                  :  Force monopole
#Grid Size                                    :  768 x 768 x 768
#Iterations                                   :  5
#Compute time                                 :  51.996037
#Total effective MLUPS                        :  43.559554
#===================================================================
#Number of threads                            :  8
