dxf,0,122.369223,20.899849
dzb,0,494.005617,85.721675
dyb,0,138.343189,23.601965
cvx,0,159.267839,27.362412
dyf,0,138.662439,23.690353
dzb2,0,494.051761,85.843732
dxb,0,122.537479,20.999366
cvy,0,1097.583778,158.228083
dzf,0,493.272604,85.716576
dxb2,0,122.563917,21.007109
dyb2,0,138.339853,23.640922
cvz,0,174.154855,30.433684
dzb3,0,493.843125,85.844773
dxb3,0,122.132807,20.936911
dyb3,0,138.351251,23.657693
csxxsyyszz,0,426.129284,69.809284
dyf2,0,138.953095,23.732816
dxf2,0,121.612904,20.898880
csxy,0,122.326918,21.533113
dzf2,0,493.136093,85.777783
dyf3,0,138.467791,23.663527
csyz,0,147.201863,25.866034
dxf3,0,121.749751,20.924377
dzf3,0,493.106311,85.796013
csxz,0,147.222338,25.881983
dxf,1,121.336510,20.871359
dzb,1,496.281491,86.734406
dyb,1,143.540551,24.571048
cvx,1,159.163787,27.472559
dyf,1,138.618096,23.808029
dzb2,1,494.000863,86.190450
dxb,1,122.511337,21.035023
cvy,1,157.183541,27.111689
dzf,1,493.158482,85.887283
dxb2,1,122.670435,21.063824
dyb2,1,138.392757,23.688391
cvz,1,174.230122,30.493240
dzb3,1,494.007594,85.979106
dxb3,1,122.153189,20.971806
dyb3,1,138.333863,23.672505
csxxsyyszz,1,426.153919,69.888868
dyf2,1,138.857539,23.760384
dxf2,1,121.655175,20.923330
csxy,1,122.339597,21.539785
dzf2,1,493.086660,85.847879
dyf3,1,138.532687,23.703437
csyz,1,147.145311,25.882884
dxf3,1,121.632759,20.930105
dzf3,1,493.197697,85.857372
csxz,1,147.359434,25.911895
dxf,2,121.368568,20.878723
dzb,2,494.263020,86.021818
dyb,2,138.297495,23.642080
cvx,2,159.345242,27.433856
dyf,2,138.644291,23.728103
dzb2,2,493.944331,86.005061
dxb,2,122.438302,21.007425
cvy,2,157.220790,27.088078
dzf,2,493.150608,85.859013
dxb2,2,122.628116,21.034553
dyb2,2,138.589889,23.710007
cvz,2,174.156658,30.474940
dzb3,2,493.803330,85.934621
dxb3,2,122.203959,20.970421
dyb3,2,138.309176,23.665317
csxxsyyszz,2,426.173410,69.855471
dyf2,2,138.789087,23.723144
dxf2,2,121.509966,20.907740
csxy,2,122.266568,21.547140
dzf2,2,493.213397,85.866582
dyf3,2,142.019689,24.181317
csyz,2,147.175657,25.842044
dxf3,2,121.728243,20.933917
dzf3,2,493.312610,85.868657
csxz,2,147.260395,25.897815
dxf,3,121.344904,20.875516
dzb,3,494.017744,85.970415
dyb,3,138.341555,23.670363
cvx,3,159.184842,27.409207
dyf,3,138.645827,23.738146
dzb2,3,494.066238,85.931913
dxb,3,122.607381,21.036682
cvy,3,157.325949,27.097786
dzf,3,493.103087,85.818115
dxb2,3,122.671507,21.042491
dyb2,3,138.562379,23.688599
cvz,3,174.430348,30.524443
dzb3,3,493.656000,85.933041
dxb3,3,122.003202,20.945071
dyb3,3,138.341561,23.686916
csxxsyyszz,3,426.200667,69.865664
dyf2,3,138.930342,23.751878
dxf2,3,121.570805,20.915614
csxy,3,122.285215,21.551536
dzf2,3,493.203159,85.859444
dyf3,3,138.738018,23.721227
csyz,3,147.232063,25.880975
dxf3,3,121.620538,20.916754
dzf3,3,493.247242,85.831370
csxz,3,147.531931,26.090006
dxf,4,121.450883,20.905473
dzb,4,494.019848,86.032284
dyb,4,138.338356,23.668333
cvx,4,159.336287,27.445304
dyf,4,138.778136,23.762286
dzb2,4,494.047367,86.041808
dxb,4,122.498053,21.032001
cvy,4,157.208339,27.110528
dzf,4,493.008476,85.864271
dxb2,4,122.552164,21.038697
dyb2,4,138.362452,23.683945
cvz,4,174.156585,30.481112
dzb3,4,496.674933,86.390145
dxb3,4,122.427626,21.021884
dyb3,4,138.250150,23.679658
csxxsyyszz,4,426.376997,69.938403
dyf2,4,139.039307,23.766230
dxf2,4,121.666991,20.945269
csxy,4,122.186815,21.543555
dzf2,4,493.201717,85.908015
dyf3,4,138.728274,23.726126
csyz,4,147.273400,25.894666
dxf3,4,121.598450,20.915551
dzf3,4,493.235895,85.888808
csxz,4,147.336727,25.991560
#========================= OptEWE [OpenMP] =========================
#Source type                                  :  Force monopole
#Grid Size                                    :  768 x 768 x 768
#Iterations                                   :  5
#Compute time                                 :  30.247860
#Total effective MLUPS                        :  74.878823
#===================================================================
#Number of threads                            :  18
