dxf,0,169.136737,26.380508
dzb,0,659.911580,108.104945
dyb,0,329.331243,49.836721
cvx,0,298.677129,46.879117
dyf,0,192.455879,30.058706
dzb2,0,659.831660,108.239966
dxb,0,325.431533,48.962143
cvy,0,987.341016,138.962130
dzf,0,629.083985,101.716074
dxb2,0,290.279003,44.079288
dyb2,0,329.774665,49.971571
cvz,0,386.771892,60.101036
dzb3,0,629.169880,101.851608
dxb3,0,290.137667,44.075960
dyb3,0,400.864475,59.568260
csxxsyyszz,0,578.700168,90.522174
dyf2,0,192.678849,30.064479
dxf2,0,358.052308,53.416554
csxy,0,197.564055,32.020392
dzf2,0,1273.552620,192.247882
dyf3,0,300.469297,45.907379
csyz,0,290.273132,45.752065
dxf3,0,168.799458,26.491461
dzf3,0,659.980176,108.532040
csxz,0,292.068818,46.065907
dxf,1,168.757133,26.459629
dzb,1,659.875057,108.376863
dyb,1,329.344860,49.944500
cvx,1,297.944251,46.855594
dyf,1,192.506299,30.106645
dzb2,1,659.878002,108.395940
dxb,1,325.234909,49.016729
cvy,1,404.995442,63.094124
dzf,1,628.506757,106.739275
dxb2,1,290.038034,44.839432
dyb2,1,329.317912,49.929718
cvz,1,387.146712,60.256175
dzb3,1,629.242020,101.966747
dxb3,1,290.353305,44.146877
dyb3,1,400.495077,59.559445
csxxsyyszz,1,579.120198,90.656106
dyf2,1,192.693679,30.156560
dxf2,1,357.893155,53.398480
csxy,1,197.162022,31.971827
dzf2,1,1272.858844,192.300842
dyf3,1,300.916159,46.000066
csyz,1,289.991751,45.720911
dxf3,1,168.744321,26.449679
dzf3,1,660.920175,108.475268
csxz,1,291.936633,46.032203
dxf,2,168.653623,26.449104
dzb,2,659.899030,108.369195
dyb,2,329.370903,49.922950
cvx,2,298.648235,46.948124
dyf,2,192.681200,30.140702
dzb2,2,659.801279,108.359131
dxb,2,325.386385,49.000750
cvy,2,407.200890,61.993223
dzf,2,629.090463,101.823049
dxb2,2,290.256404,44.126428
dyb2,2,329.666300,49.964612
cvz,2,386.952734,60.187230
dzb3,2,628.992394,101.912864
dxb3,2,290.014804,44.099382
dyb3,2,401.159748,59.616891
csxxsyyszz,2,580.858849,90.853757
dyf2,2,192.603872,30.124138
dxf2,2,358.291795,53.475795
csxy,2,197.077442,31.968882
dzf2,2,1272.373166,192.697740
dyf3,2,300.903252,46.004071
csyz,2,290.104106,45.733992
dxf3,2,168.682454,26.452137
dzf3,2,660.884581,108.487146
csxz,2,291.916303,46.036844
dxf,3,168.605557,26.551407
dzb,3,659.892133,108.421847
dyb,3,329.504849,49.965278
cvx,3,298.474208,46.992151
dyf,3,192.546955,30.237687
dzb2,3,659.931992,108.581898
dxb,3,325.364291,49.030134
cvy,3,406.378091,61.905675
dzf,3,628.931759,102.110687
dxb2,3,290.205715,44.268669
dyb2,3,329.542503,50.109500
cvz,3,387.436661,60.265074
dzb3,3,628.895520,101.968793
dxb3,3,290.333184,44.268849
dyb3,3,400.579949,59.744206
csxxsyyszz,3,576.498958,90.381544
dyf2,3,192.653505,30.127060
dxf2,3,358.151707,53.818759
csxy,3,197.057060,32.478394
dzf2,3,1273.461850,192.436935
dyf3,3,300.632338,45.918975
csyz,3,289.792329,45.687228
dxf3,3,169.191289,26.529391
dzf3,3,660.025591,108.355860
csxz,3,291.588101,45.997400
dxf,4,168.675042,26.453579
dzb,4,659.773407,108.349314
dyb,4,329.259526,49.922855
cvx,4,298.040442,46.855682
dyf,4,192.365775,30.110325
dzb2,4,659.733678,108.358260
dxb,4,325.277626,49.031249
cvy,4,406.661752,61.958853
dzf,4,628.858355,101.960396
dxb2,4,290.481056,44.182963
dyb2,4,329.704464,50.045227
cvz,4,387.165476,60.251879
dzb3,4,629.283051,102.260488
dxb3,4,290.323293,44.312207
dyb3,4,400.561056,59.784608
csxxsyyszz,4,576.599650,90.336478
dyf2,4,192.762366,30.137004
dxf2,4,358.658817,53.626341
csxy,4,197.264391,32.098459
dzf2,4,1272.628770,192.452881
dyf3,4,300.994035,46.041497
csyz,4,290.542004,45.925660
dxf3,4,168.719791,26.631798
dzf3,4,660.011137,108.799643
csxz,4,291.884030,46.227384
#========================= OptEWE [OpenMP] =========================
#Source type                                  :  Force monopole
#Grid Size                                    :  768 x 768 x 768
#Iterations                                   :  5
#Compute time                                 :  52.120155
#Total effective MLUPS                        :  43.455821
#===================================================================
#Number of threads                            :  10
