dxf,0,139.868876,28.231441
dzb,0,524.056517,107.847042
dyb,0,141.930301,28.805151
cvx,0,162.152164,33.907599
dyf,0,142.354995,28.935753
dzb2,0,523.676959,107.861990
dxb,0,139.184401,28.020855
cvy,0,664.023076,119.482026
dzf,0,524.175097,107.885895
dxb2,0,139.796423,28.151504
dyb2,0,141.962905,28.861529
cvz,0,188.641619,39.470403
dzb3,0,523.567388,107.908856
dxb3,0,139.140199,28.034776
dyb3,0,142.183341,28.913327
csxxsyyszz,0,335.673810,68.655751
dyf2,0,142.645325,29.012969
dxf2,0,139.246506,28.095451
csxy,0,134.427295,28.098022
dzf2,0,523.310055,107.916125
dyf3,0,143.483743,29.158741
csyz,0,160.655102,33.491381
dxf3,0,139.169184,28.110447
dzf3,0,523.575715,107.895613
csxz,0,160.666557,33.576458
dxf,1,139.160645,28.119209
dzb,1,523.838269,108.136430
dyb,1,141.591346,28.793540
cvx,1,162.188510,33.978739
dyf,1,142.242045,28.950330
dzb2,1,523.638660,108.021666
dxb,1,139.277405,28.074892
cvy,1,162.067417,33.971899
dzf,1,523.447188,107.963597
dxb2,1,139.689113,28.160978
dyb2,1,142.455115,28.959813
cvz,1,188.726609,39.506935
dzb3,1,523.741926,107.996954
dxb3,1,139.140022,28.060644
dyb3,1,142.220633,28.920664
csxxsyyszz,1,335.591230,68.657284
dyf2,1,142.147499,28.948609
dxf2,1,139.302519,28.135156
csxy,1,134.500948,28.106371
dzf2,1,523.391747,107.937083
dyf3,1,142.138033,28.926816
csyz,1,160.732257,33.531030
dxf3,1,139.138062,28.115879
dzf3,1,524.441324,108.111931
csxz,1,160.751575,33.595094
dxf,2,139.977696,28.534601
dzb,2,523.851770,111.014539
dyb,2,141.771368,29.457958
cvx,2,162.051648,34.651631
dyf,2,142.097325,29.561547
dzb2,2,523.659496,108.044292
dxb,2,139.531746,28.162528
cvy,2,161.575737,33.973776
dzf,2,523.450559,107.953449
dxb2,2,139.906226,28.192096
dyb2,2,142.387081,28.931769
cvz,2,188.729101,39.510436
dzb3,2,523.808605,107.987631
dxb3,2,139.364590,28.089995
dyb3,2,141.793504,28.844814
csxxsyyszz,2,335.559145,68.653707
dyf2,2,142.066526,28.932488
dxf2,2,139.218054,28.111802
csxy,2,134.487718,28.102617
dzf2,2,523.567775,107.971889
dyf3,2,142.034289,28.897689
csyz,2,160.724005,33.507110
dxf3,2,139.232270,28.116771
dzf3,2,523.649762,107.936556
csxz,2,160.587857,33.576615
dxf,3,139.446963,28.162105
dzb,3,523.821033,108.098948
dyb,3,141.902173,28.861090
cvx,3,162.080052,33.964047
dyf,3,142.532923,29.022647
dzb2,3,523.625786,107.986470
dxb,3,139.213992,28.088273
cvy,3,161.754332,33.906138
dzf,3,523.459077,107.933395
dxb2,3,140.031588,28.208105
dyb2,3,142.205135,28.913685
cvz,3,188.843629,39.529443
dzb3,3,523.738481,107.991256
dxb3,3,140.670505,28.336438
dyb3,3,142.033885,28.899333
csxxsyyszz,3,335.631663,68.683234
dyf2,3,142.354409,28.964549
dxf2,3,139.280962,28.138334
csxy,3,134.521050,28.122812
dzf2,3,523.349629,107.989330
dyf3,3,142.073261,28.916718
csyz,3,160.682224,33.503607
dxf3,3,139.092406,28.091486
dzf3,3,523.556395,107.951467
csxz,3,160.619008,33.571355
dxf,4,139.373071,28.166704
dzb,4,523.923866,108.185909
dyb,4,141.682057,28.808519
cvx,4,162.137272,33.989137
dyf,4,142.279593,28.987367
dzb2,4,523.790781,108.074996
dxb,4,139.361920,28.105889
cvy,4,161.928797,33.950408
dzf,4,523.590540,107.992665
dxb2,4,139.981313,28.227951
dyb2,4,141.983959,28.896217
cvz,4,188.780265,39.549713
dzb3,4,523.851645,108.044149
dxb3,4,139.436047,28.135672
dyb3,4,142.241974,28.944512
csxxsyyszz,4,335.490050,68.672422
dyf2,4,142.308173,28.972930
dxf2,4,139.417911,28.146844
csxy,4,134.391066,28.095514
dzf2,4,523.558044,107.997182
dyf3,4,142.550137,29.040506
csyz,4,160.601011,33.507120
dxf3,4,139.303031,28.157489
dzf3,4,523.619076,107.938958
csxz,4,160.730343,33.628274
#========================= OptEWE [OpenMP] =========================
#Source type                                  :  Force monopole
#Grid Size                                    :  768 x 768 x 768
#Iterations                                   :  5
#Compute time                                 :  31.183453
#Total effective MLUPS                        :  72.632245
#===================================================================
#Number of threads                            :  14
