dxf,0,132.879547,24.153088
dzb,0,500.112461,94.027491
dyb,0,145.174817,26.466628
cvx,0,163.378718,30.329154
dyf,0,145.197142,26.507244
dzb2,0,499.844774,94.163744
dxb,0,133.091361,24.248876
cvy,0,876.913448,138.073914
dzf,0,499.481682,94.105562
dxb2,0,133.222405,24.286814
dyb2,0,145.004976,26.466737
cvz,0,180.531090,34.143561
dzb3,0,499.623926,94.208402
dxb3,0,132.984800,24.303344
dyb3,0,150.995912,27.592391
csxxsyyszz,0,414.573227,73.560212
dyf2,0,145.180577,26.537058
dxf2,0,138.743852,25.253610
csxy,0,127.303540,24.146101
dzf2,0,1070.382717,177.925536
dyf3,0,144.992534,26.497509
csyz,0,152.489679,28.828718
dxf3,0,132.343797,24.167433
dzf3,0,499.490169,94.147414
csxz,0,152.721309,28.931514
dxf,1,132.360787,24.188192
dzb,1,499.770489,94.219204
dyb,1,145.140858,26.513136
cvx,1,159.518108,29.785052
dyf,1,145.072470,26.512610
dzb2,1,499.674439,94.159207
dxb,1,133.041104,24.259059
cvy,1,157.816519,29.582656
dzf,1,499.242929,94.117255
dxb2,1,133.127653,24.288523
dyb2,1,144.999531,26.496429
cvz,1,180.509243,34.145132
dzb3,1,499.831491,94.226838
dxb3,1,132.930388,24.281620
dyb3,1,152.242552,27.765729
csxxsyyszz,1,414.578951,73.582281
dyf2,1,145.299028,26.563652
dxf2,1,138.595599,25.257686
csxy,1,127.340462,24.182348
dzf2,1,1074.916634,177.820527
dyf3,1,144.842298,26.479850
csyz,1,152.572112,28.843683
dxf3,1,132.281825,24.161176
dzf3,1,499.384550,94.107321
csxz,1,152.783774,28.942975
dxf,2,132.419103,24.195761
dzb,2,500.001233,94.235912
dyb,2,145.160952,26.501131
cvx,2,159.348868,29.750111
dyf,2,145.198369,26.537471
dzb2,2,499.991868,94.247467
dxb,2,133.081369,24.280202
cvy,2,157.929972,29.604295
dzf,2,499.433957,94.179809
dxb2,2,133.202649,24.298259
dyb2,2,145.229776,26.495295
cvz,2,180.427118,34.125260
dzb3,2,499.642235,94.209984
dxb3,2,132.938016,24.276564
dyb3,2,150.930382,27.579424
csxxsyyszz,2,414.477994,73.563117
dyf2,2,145.240629,26.560262
dxf2,2,138.662634,25.271883
csxy,2,127.289799,24.165326
dzf2,2,1074.891046,177.879354
dyf3,2,144.982308,26.495268
csyz,2,152.570834,28.848023
dxf3,2,132.263285,24.160997
dzf3,2,499.516091,94.166134
csxz,2,152.794486,28.945873
dxf,3,132.540327,24.217293
dzb,3,502.059481,94.585040
dyb,3,145.298211,26.547070
cvx,3,159.227748,29.742210
dyf,3,145.214935,26.560873
dzb2,3,499.760385,94.248971
dxb,3,133.173638,24.308011
cvy,3,157.799382,29.600781
dzf,3,499.208996,94.136640
dxb2,3,133.132709,24.279831
dyb2,3,145.357663,26.531604
cvz,3,180.607525,34.164592
dzb3,3,500.833276,94.409440
dxb3,3,133.171792,24.297316
dyb3,3,151.079661,27.593021
csxxsyyszz,3,414.655268,73.647159
dyf2,3,145.288708,26.563618
dxf2,3,138.762226,25.293380
csxy,3,127.353613,24.175220
dzf2,3,1075.027182,177.884554
dyf3,3,144.983710,26.500241
csyz,3,152.538395,28.830375
dxf3,3,132.335998,24.168355
dzf3,3,499.304984,94.121728
csxz,3,152.742172,28.941045
dxf,4,132.489638,24.216188
dzb,4,500.122009,94.470131
dyb,4,145.208878,26.523833
cvx,4,159.330237,29.780033
dyf,4,145.222423,26.595090
dzb2,4,499.855526,94.265417
dxb,4,133.023481,24.278263
cvy,4,157.955580,29.625115
dzf,4,499.195418,94.158990
dxb2,4,133.213599,24.309384
dyb2,4,145.024368,26.483595
cvz,4,180.570826,34.167323
dzb3,4,500.476104,94.446668
dxb3,4,133.013876,24.308162
dyb3,4,151.012760,27.608932
csxxsyyszz,4,418.562467,74.341426
dyf2,4,145.268569,26.570559
dxf2,4,138.902138,25.297799
csxy,4,127.318270,24.170238
dzf2,4,1074.614949,177.864499
dyf3,4,144.894492,26.489392
csyz,4,152.529215,28.855258
dxf3,4,132.250897,24.177363
dzf3,4,499.277470,94.157276
csxz,4,152.793583,29.019396
#========================= OptEWE [OpenMP] =========================
#Source type                                  :  Force monopole
#Grid Size                                    :  768 x 768 x 768
#Iterations                                   :  5
#Compute time                                 :  33.716187
#Total effective MLUPS                        :  67.176167
#===================================================================
#Number of threads                            :  15
