dxf,0,344.318349,42.348295
dzb,0,1257.666662,156.974701
dyb,0,448.280035,54.552566
cvx,0,587.603597,70.842894
dyf,0,450.815866,54.818510
dzb2,0,1256.767210,156.839149
dxb,0,357.837078,43.975958
cvy,0,1602.101427,186.571648
dzf,0,1254.818789,156.862085
dxb2,0,357.577826,43.965388
dyb2,0,448.562354,54.627293
cvz,0,600.244820,73.165804
dzb3,0,1258.784256,157.094648
dxb3,0,356.861148,44.005065
dyb3,0,458.693859,56.797392
csxxsyyszz,0,1626.313219,192.222750
dyf2,0,450.975027,55.000743
dxf2,0,349.211437,43.999521
csxy,0,294.594435,37.510903
dzf2,0,2232.022693,275.723859
dyf3,0,450.650055,55.001863
csyz,0,354.333953,45.101685
dxf3,0,348.089753,43.062307
dzf3,0,1254.903227,157.140157
csxz,0,348.874917,44.572383
dxf,1,343.956702,42.702597
dzb,1,1257.567239,157.478704
dyb,1,448.733175,54.868100
cvx,1,587.433465,71.015742
dyf,1,452.573272,55.122601
dzb2,1,1256.309242,157.540850
dxb,1,358.064547,44.122254
cvy,1,579.401383,71.759882
dzf,1,1252.088251,160.111779
dxb2,1,355.811065,45.691447
dyb2,1,447.071855,55.058167
cvz,1,599.280694,73.209464
dzb3,1,1255.769306,157.289972
dxb3,1,356.200665,43.904343
dyb3,1,458.643971,56.813897
csxxsyyszz,1,1623.497164,191.799450
dyf2,1,450.075701,54.947072
dxf2,1,351.011566,43.982842
csxy,1,296.016763,37.652363
dzf2,1,2234.055215,275.228152
dyf3,1,450.765988,54.750988
csyz,1,353.870766,44.895857
dxf3,1,347.568048,42.829420
dzf3,1,1253.592879,156.699106
csxz,1,348.564243,44.484639
dxf,2,343.550901,42.552761
dzb,2,1256.771169,157.332536
dyb,2,448.437660,54.753863
cvx,2,585.928170,70.888697
dyf,2,450.200208,54.815733
dzb2,2,1256.586694,157.387979
dxb,2,357.409503,44.123023
cvy,2,579.217626,71.743478
dzf,2,1254.051453,157.257274
dxb2,2,358.029999,44.263571
dyb2,2,447.899171,54.504914
cvz,2,600.158668,72.951303
dzb3,2,1257.315351,156.612904
dxb3,2,356.987456,43.807371
dyb3,2,458.521979,56.494766
csxxsyyszz,2,1620.770967,191.047873
dyf2,2,450.101274,54.734230
dxf2,2,350.456781,43.819666
csxy,2,294.513135,37.484133
dzf2,2,2234.743954,275.751881
dyf3,2,452.356278,54.879957
csyz,2,354.369742,44.846311
dxf3,2,347.562108,42.834664
dzf3,2,1254.087110,156.715329
csxz,2,348.827413,44.342690
dxf,3,343.536082,42.373432
dzb,3,1256.371170,156.834792
dyb,3,448.285712,54.552011
cvx,3,586.440072,70.687220
dyf,3,450.427570,54.772041
dzb2,3,1255.938181,156.885359
dxb,3,357.520765,43.968580
cvy,3,578.722878,71.594629
dzf,3,1255.654875,156.852093
dxb2,3,357.399235,43.978896
dyb2,3,450.110254,54.761712
cvz,3,599.846484,73.015962
dzb3,3,1258.184692,157.134033
dxb3,3,356.462792,43.823017
dyb3,3,458.357815,56.509663
csxxsyyszz,3,1621.185762,191.057311
dyf2,3,450.158533,54.721399
dxf2,3,349.557024,43.854965
csxy,3,294.184435,37.478326
dzf2,3,2234.368423,275.502566
dyf3,3,449.576313,55.615130
csyz,3,355.213877,45.058431
dxf3,3,347.736664,42.839612
dzf3,3,1255.909123,156.854003
csxz,3,348.743374,44.334997
dxf,4,343.704936,42.387535
dzb,4,1255.934141,156.909209
dyb,4,447.966077,54.545605
cvx,4,586.562223,70.720523
dyf,4,451.567675,55.253864
dzb2,4,1256.218833,157.617139
dxb,4,357.033233,43.993529
cvy,4,577.253402,71.618427
dzf,4,1252.704364,156.752871
dxb2,4,356.741069,43.928975
dyb2,4,447.474578,54.512044
cvz,4,600.185818,73.103528
dzb3,4,1255.772216,156.859258
dxb3,4,356.297562,43.840399
dyb3,4,460.170906,56.751920
csxxsyyszz,4,1620.591054,191.084865
dyf2,4,450.059453,54.732630
dxf2,4,348.796896,43.918511
csxy,4,294.278993,37.452842
dzf2,4,2235.660946,275.720225
dyf3,4,450.085073,54.739977
csyz,4,353.861476,44.880599
dxf3,4,347.696109,42.834740
dzf3,4,1254.169505,156.717512
csxz,4,348.925826,44.393646
#========================= OptEWE [OpenMP] =========================
#Source type                                  :  Force monopole
#Grid Size                                    :  768 x 768 x 768
#Iterations                                   :  5
#Compute time                                 :  89.617905
#Total effective MLUPS                        :  25.273121
#===================================================================
#Number of threads                            :  3
