dxf,0,102.826292,19.866113
dzb,0,421.344909,82.820669
dyb,0,102.569536,20.208787
cvx,0,125.070758,24.910992
dyf,0,102.568880,20.265490
dzb2,0,421.387471,82.849208
dxb,0,100.560434,19.526839
cvy,0,1066.519429,172.100831
dzf,0,421.026046,82.825924
dxb2,0,100.744508,19.599868
dyb2,0,102.595420,20.253346
cvz,0,146.565780,29.175997
dzb3,0,421.295974,82.887740
dxb3,0,100.652620,19.581745
dyb3,0,102.616995,20.251685
csxxsyyszz,0,238.270598,47.426272
dyf2,0,102.617416,20.299130
dxf2,0,100.928509,19.642963
csxy,0,102.716628,20.524806
dzf2,0,420.301379,82.810325
dyf3,0,102.658099,20.322601
csyz,0,124.042378,24.668189
dxf3,0,100.522285,19.577207
dzf3,0,420.514613,82.810112
csxz,0,124.152169,24.738304
dxf,1,100.661316,19.608355
dzb,1,421.383065,83.008726
dyb,1,102.523613,20.266281
cvx,1,125.173412,24.968769
dyf,1,102.651700,20.339225
dzb2,1,421.467941,82.978741
dxb,1,100.476962,19.579709
cvy,1,124.733268,24.903714
dzf,1,420.268262,82.790978
dxb2,1,100.652503,19.581599
dyb2,1,102.635617,20.295082
cvz,1,146.455412,29.196083
dzb3,1,421.361800,83.027821
dxb3,1,100.660538,19.589946
dyb3,1,102.779299,20.316329
csxxsyyszz,1,238.256452,47.464407
dyf2,1,102.889118,20.377486
dxf2,1,100.879957,19.650698
csxy,1,102.622260,20.526178
dzf2,1,420.389772,82.862607
dyf3,1,102.669417,20.346560
csyz,1,124.088793,24.692807
dxf3,1,100.454754,19.583506
dzf3,1,420.629249,82.916289
csxz,1,123.992946,24.741180
dxf,2,100.692380,19.622180
dzb,2,421.548174,83.100671
dyb,2,102.424441,20.258741
cvx,2,125.137924,24.983367
dyf,2,102.671490,20.352031
dzb2,2,422.158097,83.131664
dxb,2,100.493928,19.567620
cvy,2,124.754726,24.926687
dzf,2,421.134940,82.963954
dxb2,2,100.785193,19.621617
dyb2,2,104.566523,20.599974
cvz,2,146.450100,29.165833
dzb3,2,421.566557,83.035031
dxb3,2,100.462808,19.563285
dyb3,2,102.567145,20.287953
csxxsyyszz,2,238.532604,47.511345
dyf2,2,102.846587,20.368197
dxf2,2,100.794993,19.653047
csxy,2,102.630559,20.521670
dzf2,2,420.353808,82.848297
dyf3,2,102.778948,20.329725
csyz,2,124.145908,24.692842
dxf3,2,100.603109,19.592085
dzf3,2,420.569530,82.906635
csxz,2,124.014564,24.724542
dxf,3,100.752893,19.625083
dzb,3,421.645773,83.123898
dyb,3,102.449115,20.278029
cvx,3,125.247478,25.005362
dyf,3,102.652447,20.355165
dzb2,3,421.503226,83.033518
dxb,3,100.528815,19.596096
cvy,3,124.753157,24.916967
dzf,3,420.330111,82.857197
dxb2,3,100.745110,19.614801
dyb2,3,102.608739,20.283848
cvz,3,146.564557,29.214128
dzb3,3,421.362865,83.044218
dxb3,3,100.580181,19.599946
dyb3,3,102.803100,20.313497
csxxsyyszz,3,238.514813,47.512895
dyf2,3,102.728698,20.357197
dxf2,3,100.845733,19.632414
csxy,3,102.651370,20.535579
dzf2,3,420.356259,82.888998
dyf3,3,102.502172,20.316497
csyz,3,124.036597,24.682298
dxf3,3,100.559395,19.599839
dzf3,3,420.652217,82.927172
csxz,3,123.992578,24.735155
dxf,4,100.748055,19.634758
dzb,4,421.373903,83.083625
dyb,4,102.616216,20.293466
cvx,4,125.319300,25.024389
dyf,4,102.626431,20.341496
dzb2,4,421.477967,83.041869
dxb,4,100.499440,19.585690
cvy,4,124.774815,24.932434
dzf,4,420.998837,82.963705
dxb2,4,100.661210,19.606854
dyb2,4,102.846956,20.336254
cvz,4,146.567144,29.216624
dzb3,4,422.168120,83.159899
dxb3,4,100.679135,19.612566
dyb3,4,102.641524,20.303406
csxxsyyszz,4,238.305656,47.505238
dyf2,4,102.600946,20.328428
dxf2,4,100.787084,19.640141
csxy,4,102.622638,20.530201
dzf2,4,420.374737,82.888283
dyf3,4,102.679673,20.353036
csyz,4,124.067828,24.684081
dxf3,4,100.582076,19.601918
dzf3,4,420.576428,82.928675
csxz,4,124.017912,24.807140
#========================= OptEWE [OpenMP] =========================
#Source type                                  :  Force monopole
#Grid Size                                    :  768 x 768 x 768
#Iterations                                   :  5
#Compute time                                 :  24.605000
#Total effective MLUPS                        :  92.051380
#===================================================================
#Number of threads                            :  22
