dxf,0,164.050995,27.430981
dzb,0,703.988220,117.598358
dyb,0,166.034458,28.104049
cvx,0,203.384258,34.681232
dyf,0,166.079946,28.192070
dzb2,0,703.918106,117.393942
dxb,0,163.538318,27.393783
cvy,0,929.265923,139.205853
dzf,0,702.326661,117.166715
dxb2,0,163.483863,27.404477
dyb2,0,166.228132,28.176410
cvz,0,239.113070,40.637687
dzb3,0,703.698627,116.635300
dxb3,0,163.318889,27.374348
dyb3,0,175.898118,29.712496
csxxsyyszz,0,381.915921,65.329185
dyf2,0,166.203327,28.241951
dxf2,0,170.265596,28.510454
csxy,0,165.617621,28.337968
dzf2,0,1369.345774,208.479143
dyf3,0,165.779627,28.160448
csyz,0,201.073849,34.173267
dxf3,0,163.325280,27.409569
dzf3,0,703.770490,117.566604
csxz,0,200.982726,34.190817
dxf,1,163.339193,27.406583
dzb,1,703.948739,117.770995
dyb,1,165.922482,28.154411
cvx,1,203.530894,34.735649
dyf,1,165.797813,28.165399
dzb2,1,703.513804,117.347971
dxb,1,163.482090,27.436629
cvy,1,195.684316,33.661551
dzf,1,702.562115,116.594621
dxb2,1,163.506768,27.427516
dyb2,1,166.006891,28.185351
cvz,1,239.018471,40.675662
dzb3,1,703.744408,118.156562
dxb3,1,163.331178,27.418973
dyb3,1,175.736744,29.714154
csxxsyyszz,1,380.055681,65.066874
dyf2,1,166.105492,28.256101
dxf2,1,169.998574,28.526829
csxy,1,165.625600,28.349250
dzf2,1,1367.892767,208.334984
dyf3,1,165.747920,28.172307
csyz,1,201.046845,34.181305
dxf3,1,163.439698,27.441648
dzf3,1,702.646826,117.808618
csxz,1,201.018336,34.212726
dxf,2,163.159487,27.409433
dzb,2,705.331847,117.524170
dyb,2,165.926910,28.162863
cvx,2,203.461780,34.750899
dyf,2,165.994778,28.237749
dzb2,2,704.007709,116.902546
dxb,2,163.623966,27.463042
cvy,2,195.923120,33.724758
dzf,2,702.350076,117.993438
dxb2,2,163.481449,27.428595
dyb2,2,166.224915,28.231025
cvz,2,238.981163,40.679572
dzb3,2,703.477379,117.470491
dxb3,2,163.312678,27.398670
dyb3,2,176.167291,29.764972
csxxsyyszz,2,379.566508,64.946219
dyf2,2,166.146423,28.239452
dxf2,2,170.698523,28.670900
csxy,2,165.675118,28.317920
dzf2,2,1368.119769,208.785432
dyf3,2,165.849141,28.196215
csyz,2,200.991459,34.175512
dxf3,2,163.485206,27.435542
dzf3,2,702.850029,117.188259
csxz,2,201.049329,34.224933
dxf,3,163.317343,27.420239
dzb,3,704.064758,116.623936
dyb,3,165.989163,28.182002
cvx,3,203.431434,34.728226
dyf,3,165.912493,28.200031
dzb2,3,703.664327,118.188655
dxb,3,164.457872,27.598953
cvy,3,196.633692,33.815532
dzf,3,702.367705,117.420239
dxb2,3,163.428638,27.417506
dyb2,3,166.119999,28.199363
cvz,3,238.978833,40.663119
dzb3,3,703.648577,116.858310
dxb3,3,163.347751,27.405916
dyb3,3,175.680019,29.706175
csxxsyyszz,3,381.560143,65.247281
dyf2,3,165.846104,28.207864
dxf2,3,170.128879,28.540108
csxy,3,165.687351,28.342582
dzf2,3,1369.306806,208.561976
dyf3,3,165.572539,28.155015
csyz,3,201.012376,34.158116
dxf3,3,163.443353,27.428889
dzf3,3,702.777314,116.450023
csxz,3,200.947425,34.189040
dxf,4,163.298420,27.407907
dzb,4,703.992498,118.034325
dyb,4,165.933806,28.144285
cvx,4,203.628650,34.748111
dyf,4,165.960576,28.216651
dzb2,4,703.633883,117.599176
dxb,4,163.433473,27.430327
cvy,4,195.859071,33.699317
dzf,4,702.406114,116.787236
dxb2,4,163.393540,27.427957
dyb2,4,166.142556,28.206159
cvz,4,238.958655,40.652467
dzb3,4,704.304021,118.290401
dxb3,4,163.285899,27.402960
dyb3,4,175.836489,29.725058
csxxsyyszz,4,379.031488,64.859772
dyf2,4,165.974144,28.223803
dxf2,4,170.365795,28.570814
csxy,4,165.675905,28.328099
dzf2,4,1370.277658,208.236756
dyf3,4,165.753315,28.174341
csyz,4,200.945910,34.159933
dxf3,4,163.491038,27.446429
dzf3,4,702.455079,117.925516
csxz,4,200.892436,34.229824
#========================= OptEWE [OpenMP] =========================
#Source type                                  :  Force monopole
#Grid Size                                    :  768 x 768 x 768
#Iterations                                   :  5
#Compute time                                 :  43.063931
#Total effective MLUPS                        :  52.594460
#===================================================================
#Number of threads                            :  15
