dxf,0,318.202417,44.762875
dzb,0,710.060314,107.839286
dyb,0,334.870917,47.279960
cvx,0,396.261844,56.629599
dyf,0,319.166729,45.308376
dzb2,0,710.420791,107.943298
dxb,0,333.603281,46.762590
cvy,0,927.321499,124.658234
dzf,0,704.412231,106.987469
dxb2,0,333.619207,46.780881
dyb2,0,334.776808,47.275765
cvz,0,490.389174,69.456972
dzb3,0,705.244135,107.366434
dxb3,0,332.956173,46.695482
dyb3,0,410.609377,56.883599
csxxsyyszz,0,515.041123,77.023925
dyf2,0,320.834278,45.577398
dxf2,0,407.130550,56.239385
csxy,0,298.387593,43.007224
dzf2,0,1518.640065,211.224094
dyf3,0,335.248196,47.371589
csyz,0,393.500227,55.813149
dxf3,0,317.948355,44.755217
dzf3,0,710.392624,107.952488
csxz,0,399.034024,56.718058
dxf,1,317.482264,44.836282
dzb,1,710.264242,108.072388
dyb,1,334.236152,47.231621
cvx,1,396.632778,56.790861
dyf,1,319.706288,45.516190
dzb2,1,710.411373,107.839097
dxb,1,333.833870,46.832531
cvy,1,518.126840,71.952497
dzf,1,704.380988,107.320697
dxb2,1,333.329453,46.831668
dyb2,1,334.825984,47.321573
cvz,1,490.054083,69.543976
dzb3,1,705.268375,107.626495
dxb3,1,333.366580,46.875942
dyb3,1,410.311604,56.907454
csxxsyyszz,1,515.373485,77.127335
dyf2,1,320.965180,45.691062
dxf2,1,407.472802,56.422902
csxy,1,297.605758,43.092989
dzf2,1,1523.333348,209.912583
dyf3,1,334.928661,47.475763
csyz,1,392.454852,55.905765
dxf3,1,317.817414,44.803661
dzf3,1,709.786725,107.922769
csxz,1,398.935355,56.779595
dxf,2,318.319310,44.944074
dzb,2,709.871616,107.998078
dyb,2,334.136998,47.242097
cvx,2,396.047565,56.724608
dyf,2,319.693688,45.489871
dzb2,2,710.456777,107.898250
dxb,2,332.944957,46.721322
cvy,2,518.163154,72.109501
dzf,2,704.174708,107.414318
dxb2,2,333.180273,46.770553
dyb2,2,334.536791,47.307334
cvz,2,490.213724,69.668261
dzb3,2,705.136275,107.538640
dxb3,2,333.306330,46.911870
dyb3,2,410.181755,57.087940
csxxsyyszz,2,516.440902,77.437470
dyf2,2,320.939220,45.638528
dxf2,2,407.081872,56.285537
csxy,2,297.776134,43.048817
dzf2,2,1518.923636,209.761350
dyf3,2,334.958455,47.573570
csyz,2,392.210445,56.105255
dxf3,2,317.759339,44.983117
dzf3,2,709.897962,108.239467
csxz,2,398.338240,56.766932
dxf,3,317.494096,44.747632
dzb,3,710.414774,107.889003
dyb,3,334.667491,47.282863
cvx,3,396.226510,56.757828
dyf,3,319.518445,45.415539
dzb2,3,710.293891,107.956563
dxb,3,333.609798,46.789893
cvy,3,516.925610,72.038646
dzf,3,704.292959,107.241195
dxb2,3,333.499241,46.797409
dyb2,3,334.761823,47.312879
cvz,3,491.773470,69.572727
dzb3,3,705.176588,107.380338
dxb3,3,333.272528,46.760870
dyb3,3,410.160283,56.872281
csxxsyyszz,3,510.829331,76.563662
dyf2,3,320.427319,45.573073
dxf2,3,407.061267,56.241136
csxy,3,297.775231,43.015324
dzf2,3,1522.877039,210.097570
dyf3,3,335.059376,47.380949
csyz,3,392.155093,55.841167
dxf3,3,317.978779,44.789777
dzf3,3,709.351744,108.033345
csxz,3,398.542136,56.729981
dxf,4,317.568787,44.761394
dzb,4,710.185541,107.964283
dyb,4,334.390046,47.255607
cvx,4,396.062454,56.710445
dyf,4,320.045054,45.465778
dzb2,4,710.289609,107.965888
dxb,4,333.752952,46.834504
cvy,4,516.727849,72.076051
dzf,4,704.566560,107.242812
dxb2,4,333.256466,46.762472
dyb2,4,334.467316,47.275983
cvz,4,491.002257,69.513294
dzb3,4,706.213113,107.558848
dxb3,4,334.713988,46.998550
dyb3,4,413.677923,57.824571
csxxsyyszz,4,513.943857,77.082096
dyf2,4,320.174941,45.525246
dxf2,4,407.246188,56.316720
csxy,4,298.056798,43.067095
dzf2,4,1523.336471,210.424705
dyf3,4,335.270736,48.078021
csyz,4,392.154952,57.136054
dxf3,4,317.993530,45.661851
dzf3,4,709.360306,107.915175
csxz,4,398.013717,56.678257
#========================= OptEWE [OpenMP] =========================
#Source type                                  :  Force monopole
#Grid Size                                    :  768 x 768 x 768
#Iterations                                   :  5
#Compute time                                 :  61.250862
#Total effective MLUPS                        :  36.977833
#===================================================================
#Number of threads                            :  13
