dxf,0,318.647705,49.272145
dzb,0,656.480834,111.236085
dyb,0,320.054886,49.889051
cvx,0,472.189907,73.108868
dyf,0,319.957791,49.976085
dzb2,0,656.895102,111.412851
dxb,0,318.554199,49.314926
cvy,0,824.837819,122.462325
dzf,0,655.291685,111.144374
dxb2,0,318.694246,49.350052
dyb2,0,319.607345,49.866710
cvz,0,485.600708,76.069798
dzb3,0,656.167925,111.300487
dxb3,0,368.539958,56.457456
dyb3,0,393.869794,60.248491
csxxsyyszz,0,501.675555,82.761878
dyf2,0,371.105982,57.153305
dxf2,0,391.145242,59.657983
csxy,0,295.853560,47.084919
dzf2,0,1492.931848,229.079594
dyf3,0,320.213900,49.980715
csyz,0,390.214243,61.255422
dxf3,0,317.670268,49.191713
dzf3,0,1186.622472,186.171497
csxz,0,393.314652,61.782138
dxf,1,317.455923,49.178424
dzb,1,656.406807,111.354225
dyb,1,319.435071,49.827516
cvx,1,472.146399,73.152060
dyf,1,319.938407,49.966330
dzb2,1,656.790116,111.429606
dxb,1,318.570123,49.336431
cvy,1,506.916289,78.006731
dzf,1,655.524848,111.243786
dxb2,1,318.142942,49.277482
dyb2,1,319.794161,49.892994
cvz,1,485.681840,76.071911
dzb3,1,655.619406,111.215925
dxb3,1,369.796401,56.653978
dyb3,1,393.874599,60.240501
csxxsyyszz,1,500.726740,82.618538
dyf2,1,371.278128,57.166005
dxf2,1,391.518427,59.705562
csxy,1,295.789178,47.074050
dzf2,1,1493.434814,229.116620
dyf3,1,320.147128,49.959977
csyz,1,390.154218,61.272872
dxf3,1,317.855188,49.246255
dzf3,1,1180.025353,188.592905
csxz,1,391.928376,62.708414
dxf,2,317.896210,49.234673
dzb,2,656.425660,111.337595
dyb,2,319.371712,49.811539
cvx,2,472.219952,73.164203
dyf,2,320.313754,50.041811
dzb2,2,656.699880,111.405564
dxb,2,318.355869,49.320411
cvy,2,507.041301,78.008153
dzf,2,655.407255,111.211485
dxb2,2,318.621304,49.343860
dyb2,2,319.645058,49.864379
cvz,2,485.087900,75.993948
dzb3,2,655.676026,111.226653
dxb3,2,369.123200,56.547111
dyb3,2,394.562340,60.332665
csxxsyyszz,2,503.012981,82.901642
dyf2,2,370.814873,57.088543
dxf2,2,391.671983,59.724370
csxy,2,296.104627,47.127087
dzf2,2,1492.936539,229.069322
dyf3,2,320.211302,50.167513
csyz,2,389.552698,61.180321
dxf3,2,317.957999,49.258446
dzf3,2,1186.495315,186.141685
csxz,2,392.865270,61.725215
dxf,3,317.958874,49.264686
dzb,3,656.525008,111.493384
dyb,3,319.200292,49.867462
cvx,3,472.254191,73.211852
dyf,3,320.076968,50.002457
dzb2,3,656.862177,111.539787
dxb,3,318.792943,49.438558
cvy,3,506.953889,78.058423
dzf,3,655.515267,111.228441
dxb2,3,318.571835,49.365940
dyb2,3,319.953146,49.971871
cvz,3,485.544847,76.138440
dzb3,3,655.660047,111.216457
dxb3,3,368.683922,56.484742
dyb3,3,393.790493,60.316863
csxxsyyszz,3,503.211584,83.020692
dyf2,3,370.844277,57.100297
dxf2,3,391.532299,59.707802
csxy,3,296.173956,47.127313
dzf2,3,1492.486982,229.160556
dyf3,3,319.959612,49.942230
csyz,3,389.634245,61.223770
dxf3,3,317.626299,49.246513
dzf3,3,1181.903302,188.233082
csxz,3,392.501728,62.967262
dxf,4,317.684949,49.265814
dzb,4,656.555403,111.464121
dyb,4,320.353126,49.943996
cvx,4,471.920072,73.103211
dyf,4,320.089754,50.034153
dzb2,4,656.657386,111.514243
dxb,4,318.364166,49.334755
cvy,4,507.635104,78.089287
dzf,4,655.700257,111.259207
dxb2,4,318.661744,49.416344
dyb2,4,319.757311,49.948880
cvz,4,485.417714,76.040633
dzb3,4,655.728980,111.250731
dxb3,4,368.617236,56.543143
dyb3,4,394.556078,60.414156
csxxsyyszz,4,503.251485,82.956645
dyf2,4,371.154434,57.150070
dxf2,4,391.525900,59.704959
csxy,4,296.111758,47.181507
dzf2,4,1492.996161,229.172531
dyf3,4,319.872821,49.990715
csyz,4,389.799792,61.296140
dxf3,4,317.774394,49.273708
dzf3,4,1186.500471,186.128386
csxz,4,392.636891,61.743907
#========================= OptEWE [OpenMP] =========================
#Source type                                  :  Force monopole
#Grid Size                                    :  768 x 768 x 768
#Iterations                                   :  5
#Compute time                                 :  62.445168
#Total effective MLUPS                        :  36.270608
#===================================================================
#Number of threads                            :  12
