dxf,0,400.325951,55.121123
dzb,0,1313.253078,185.159067
dyb,0,537.301635,73.027415
cvx,0,776.333117,104.139647
dyf,0,537.164246,72.971992
dzb2,0,1312.858043,185.259227
dxb,0,419.240660,57.563185
cvy,0,1936.424362,253.694192
dzf,0,1310.907514,184.884541
dxb2,0,418.320288,57.433009
dyb2,0,535.988348,72.742325
cvz,0,783.524354,105.890070
dzb3,0,1314.532178,185.183342
dxb3,0,419.792793,57.612945
dyb3,0,542.194750,74.622790
csxxsyyszz,0,2130.064199,281.679627
dyf2,0,536.107721,73.356450
dxf2,0,400.439081,56.062341
csxy,0,311.640618,44.658323
dzf2,0,1935.365077,273.183343
dyf3,0,536.399857,72.817026
csyz,0,356.541839,51.187779
dxf3,0,401.224868,55.284778
dzf3,0,1312.909363,184.932247
csxz,0,359.565792,51.720326
dxf,1,400.296125,55.243229
dzb,1,1315.237236,185.834553
dyb,1,537.012584,73.035702
cvx,1,775.800014,103.967808
dyf,1,538.361614,73.070873
dzb2,1,1313.855439,185.185421
dxb,1,419.134362,57.557426
cvy,1,770.557056,105.766564
dzf,1,1312.046956,184.944946
dxb2,1,419.090778,57.519959
dyb2,1,536.788989,72.869103
cvz,1,784.886022,106.073573
dzb3,1,1314.798110,185.250528
dxb3,1,419.739843,57.631974
dyb3,1,544.063278,74.887294
csxxsyyszz,1,2132.158450,281.241709
dyf2,1,537.958591,73.024009
dxf2,1,401.303217,56.187926
csxy,1,311.890740,44.639361
dzf2,1,1935.384696,273.322374
dyf3,1,537.397409,73.045666
csyz,1,356.896777,51.247584
dxf3,1,402.282377,55.408670
dzf3,1,1313.782195,186.201521
csxz,1,359.454420,51.613571
dxf,2,400.343615,55.122932
dzb,2,1315.579448,185.324259
dyb,2,536.086211,72.850801
cvx,2,775.985698,103.883585
dyf,2,537.346789,72.908686
dzb2,2,1313.275298,185.102279
dxb,2,418.373032,57.652300
cvy,2,768.588228,105.579565
dzf,2,1312.350628,184.782259
dxb2,2,419.009436,57.436886
dyb2,2,536.202620,72.728085
cvz,2,780.701576,105.569419
dzb3,2,1314.456021,185.681266
dxb3,2,418.880505,57.419914
dyb3,2,542.733168,74.677064
csxxsyyszz,2,2130.531682,281.081777
dyf2,2,537.156510,72.933818
dxf2,2,400.557008,56.014085
csxy,2,311.628566,44.636435
dzf2,2,1937.068890,273.600609
dyf3,2,537.173625,73.115532
csyz,2,356.833608,51.270908
dxf3,2,402.258142,55.445658
dzf3,2,1310.206443,185.679941
csxz,2,359.758689,51.713317
dxf,3,399.231281,55.080724
dzb,3,1314.029571,185.275169
dyb,3,537.788316,73.153552
cvx,3,774.256942,103.790712
dyf,3,537.117290,72.999494
dzb2,3,1314.618009,187.141887
dxb,3,418.832526,57.726589
cvy,3,768.713351,105.579656
dzf,3,1311.983771,184.978091
dxb2,3,418.981524,57.576165
dyb2,3,536.730665,72.876774
cvz,3,782.660753,105.749919
dzb3,3,1315.845438,185.492489
dxb3,3,418.809489,57.554020
dyb3,3,542.445463,74.673748
csxxsyyszz,3,2134.080132,281.584173
dyf2,3,538.097615,73.042390
dxf2,3,401.262739,56.114676
csxy,3,312.084701,44.659419
dzf2,3,1935.392521,273.365069
dyf3,3,537.159498,73.000372
csyz,3,356.870215,51.257228
dxf3,3,402.202962,55.445270
dzf3,3,1311.689757,184.952996
csxz,3,359.191424,51.592971
dxf,4,402.291494,55.417519
dzb,4,1314.229914,185.402783
dyb,4,537.188104,72.970499
cvx,4,775.834516,104.057678
dyf,4,537.237618,73.032917
dzb2,4,1313.905867,185.311180
dxb,4,419.208918,57.589944
cvy,4,770.362506,105.818318
dzf,4,1312.132896,184.966546
dxb2,4,419.052365,57.544797
dyb2,4,536.662112,72.917965
cvz,4,783.437712,105.959823
dzb3,4,1314.248566,187.991219
dxb3,4,417.664411,57.410414
dyb3,4,541.415716,74.550225
csxxsyyszz,4,2133.106376,281.758242
dyf2,4,538.085759,73.140052
dxf2,4,401.179078,56.158972
csxy,4,311.984059,44.745665
dzf2,4,1934.829090,273.242508
dyf3,4,538.129971,73.100968
csyz,4,356.875430,51.251871
dxf3,4,402.213784,55.410174
dzf3,4,1313.117129,185.181090
csxz,4,359.420050,51.627225
#========================= OptEWE [OpenMP] =========================
#Source type                                  :  Force monopole
#Grid Size                                    :  768 x 768 x 768
#Iterations                                   :  5
#Compute time                                 :  99.566101
#Total effective MLUPS                        :  22.747945
#===================================================================
#Number of threads                            :  3
