dxf,0,121.376648,23.899111
dzb,0,493.315397,99.494488
dyb,0,120.836184,24.514764
cvx,0,147.638669,30.137114
dyf,0,120.953341,24.570134
dzb2,0,493.380562,99.257701
dxb,0,119.438207,23.640744
cvy,0,888.968371,152.345577
dzf,0,491.389543,98.720082
dxb2,0,119.406083,23.666334
dyb2,0,121.085653,24.427430
cvz,0,172.582694,34.970063
dzb3,0,492.182392,98.894659
dxb3,0,119.398760,23.683878
dyb3,0,121.077608,24.415225
csxxsyyszz,0,276.181375,56.340751
dyf2,0,121.049729,24.459426
dxf2,0,119.607498,23.725778
csxy,0,121.439758,24.697193
dzf2,0,491.256294,98.799934
dyf3,0,120.817996,24.439772
csyz,0,146.421199,29.643243
dxf3,0,119.447881,23.692635
dzf3,0,491.413526,98.681789
csxz,0,146.405883,29.682679
dxf,1,119.417749,23.682217
dzb,1,492.211941,98.973332
dyb,1,120.951765,24.416145
cvx,1,147.731117,30.010609
dyf,1,120.958540,24.448744
dzb2,1,492.418130,99.026131
dxb,1,119.467120,23.725330
cvy,1,147.514898,29.939707
dzf,1,491.488617,98.754317
dxb2,1,119.411831,23.674752
dyb2,1,121.095527,24.443082
cvz,1,172.710535,35.017060
dzb3,1,492.074628,98.988429
dxb3,1,119.375446,23.696889
dyb3,1,121.091094,24.443664
csxxsyyszz,1,275.916681,56.111939
dyf2,1,122.317269,24.693538
dxf2,1,119.660252,23.757628
csxy,1,121.392269,24.702833
dzf2,1,491.299867,98.844075
dyf3,1,120.800401,24.450817
csyz,1,146.832253,29.740351
dxf3,1,119.515668,23.711266
dzf3,1,491.435354,98.905474
csxz,1,146.393633,29.707521
dxf,2,119.434406,23.712171
dzb,2,492.329409,99.041053
dyb,2,120.879295,24.392351
cvx,2,147.601957,29.992048
dyf,2,120.931083,24.454842
dzb2,2,492.480171,99.064901
dxb,2,119.517334,23.723943
cvy,2,147.272326,29.912961
dzf,2,491.296000,98.874812
dxb2,2,119.575644,23.737123
dyb2,2,121.310365,24.498159
cvz,2,172.642329,35.033865
dzb3,2,492.088734,99.058755
dxb3,2,119.521419,23.735373
dyb3,2,121.203014,24.501115
csxxsyyszz,2,276.154374,56.198035
dyf2,2,121.130329,24.512888
dxf2,2,119.682521,23.773918
csxy,2,121.449312,24.726783
dzf2,2,491.401494,98.955724
dyf3,2,120.861992,24.465884
csyz,2,146.406838,29.681883
dxf3,2,119.482881,23.725868
dzf3,2,491.532965,98.943190
csxz,2,146.361458,29.721883
dxf,3,119.445745,23.721455
dzb,3,492.382818,99.109981
dyb,3,120.871266,24.432342
cvx,3,147.693473,30.049426
dyf,3,121.000561,24.507163
dzb2,3,493.150758,99.256924
dxb,3,119.497523,23.757169
cvy,3,147.427281,29.963234
dzf,3,491.301943,98.933061
dxb2,3,119.456504,23.726924
dyb2,3,121.047300,24.476157
cvz,3,173.350091,35.159731
dzb3,3,492.206786,98.950998
dxb3,3,119.348956,23.704823
dyb3,3,121.172474,24.487183
csxxsyyszz,3,277.563153,56.443311
dyf2,3,121.229632,24.531136
dxf2,3,119.628812,23.785989
csxy,3,121.482852,24.722377
dzf2,3,491.324429,98.880907
dyf3,3,120.924301,24.467842
csyz,3,146.487369,29.696973
dxf3,3,119.436344,23.704042
dzf3,3,491.483109,98.983375
csxz,3,146.450528,29.740589
dxf,4,119.479830,23.736494
dzb,4,492.360373,99.023610
dyb,4,120.844597,24.439705
cvx,4,147.618507,30.007052
dyf,4,120.996935,24.492829
dzb2,4,492.455439,99.153881
dxb,4,119.396743,23.754154
cvy,4,147.445583,29.977220
dzf,4,491.624306,99.036492
dxb2,4,119.553565,23.754848
dyb2,4,121.173349,24.511619
cvz,4,172.626224,35.059368
dzb3,4,492.016437,99.040217
dxb3,4,119.471859,23.743674
dyb3,4,121.123917,24.484017
csxxsyyszz,4,275.917530,56.159177
dyf2,4,121.114147,24.517121
dxf2,4,119.558991,23.767289
csxy,4,121.430698,24.740764
dzf2,4,491.512555,99.018217
dyf3,4,120.851226,24.489955
csyz,4,146.390431,29.684863
dxf3,4,119.459281,23.742161
dzf3,4,491.589806,98.857037
csxz,4,146.345962,29.779751
#========================= OptEWE [OpenMP] =========================
#Source type                                  :  Force monopole
#Grid Size                                    :  768 x 768 x 768
#Iterations                                   :  5
#Compute time                                 :  28.511246
#Total effective MLUPS                        :  79.439677
#===================================================================
#Number of threads                            :  18
