dxf,0,172.638163,25.546851
dzb,0,705.954100,108.441087
dyb,0,355.595019,50.815598
cvx,0,318.115084,47.165282
dyf,0,199.591185,29.447395
dzb2,0,704.507733,108.347499
dxb,0,351.245600,49.888068
cvy,0,1015.016706,135.735900
dzf,0,659.414462,100.295092
dxb2,0,316.162015,45.242236
dyb2,0,355.422474,50.816577
cvz,0,414.251370,60.753671
dzb3,0,659.792845,100.362000
dxb3,0,315.988626,45.225248
dyb3,0,431.727801,60.588334
csxxsyyszz,0,612.717517,90.614956
dyf2,0,199.339265,29.450392
dxf2,0,385.211900,54.239974
csxy,0,209.666774,32.029704
dzf2,0,1353.638624,192.966176
dyf3,0,326.584480,47.016465
csyz,0,310.048870,46.047101
dxf3,0,172.152246,25.564113
dzf3,0,707.613057,108.907161
csxz,0,310.382802,46.154021
dxf,1,172.250783,25.596688
dzb,1,704.616010,108.484789
dyb,1,355.527708,50.849175
cvx,1,318.521884,47.256577
dyf,1,199.354486,29.518845
dzb2,1,704.670631,108.656141
dxb,1,350.528953,50.182152
cvy,1,433.248824,62.825560
dzf,1,658.618302,102.158806
dxb2,1,316.119739,45.289743
dyb2,1,355.370801,50.852366
cvz,1,414.004144,60.772274
dzb3,1,659.713596,100.533712
dxb3,1,316.160526,45.306772
dyb3,1,432.108877,60.707935
csxxsyyszz,1,609.550860,90.280990
dyf2,1,199.749857,29.502109
dxf2,1,385.570028,54.325022
csxy,1,209.892438,32.084197
dzf2,1,1352.810700,192.969974
dyf3,1,327.538048,47.205051
csyz,1,309.943124,46.066043
dxf3,1,172.299543,25.625595
dzf3,1,706.661951,108.752951
csxz,1,310.578867,46.174839
dxf,2,172.241211,25.632263
dzb,2,704.981160,108.583198
dyb,2,354.983003,50.782012
cvx,2,317.932067,47.198086
dyf,2,199.482157,29.555241
dzb2,2,704.566183,108.466389
dxb,2,351.166719,49.921506
cvy,2,435.316492,62.625804
dzf,2,660.188057,100.541677
dxb2,2,316.275072,45.295960
dyb2,2,355.735996,50.880584
cvz,2,413.994627,60.766803
dzb3,2,659.762516,100.498996
dxb3,2,316.540528,45.325392
dyb3,2,432.127682,60.702612
csxxsyyszz,2,612.804369,90.709890
dyf2,2,199.387426,29.551993
dxf2,2,385.577997,54.349310
csxy,2,209.489141,32.024783
dzf2,2,1352.897479,192.988098
dyf3,2,326.233384,47.044743
csyz,2,310.309420,46.106807
dxf3,2,172.319383,25.642658
dzf3,2,706.988483,108.864615
csxz,2,310.104987,46.131470
dxf,3,172.229767,25.626477
dzb,3,704.714211,108.563168
dyb,3,355.068277,50.812059
cvx,3,317.893137,47.207005
dyf,3,199.393687,29.570653
dzb2,3,704.701028,108.593827
dxb,3,351.256708,49.971116
cvy,3,435.151857,62.608841
dzf,3,659.181803,100.624199
dxb2,3,316.068611,45.292233
dyb2,3,355.577127,50.939286
cvz,3,413.890045,60.889208
dzb3,3,660.783558,100.686643
dxb3,3,316.155462,45.672408
dyb3,3,431.669396,60.584499
csxxsyyszz,3,603.165312,89.401808
dyf2,3,199.805038,29.492739
dxf2,3,385.934498,54.358175
csxy,3,209.512331,32.018026
dzf2,3,1353.012071,192.932152
dyf3,3,326.099335,46.969488
csyz,3,310.336707,46.091963
dxf3,3,172.201888,25.572351
dzf3,3,706.783919,108.771597
csxz,3,310.499075,46.185243
dxf,4,172.225050,25.590885
dzb,4,704.743938,108.598567
dyb,4,355.316375,50.857516
cvx,4,318.127179,47.228588
dyf,4,199.692765,29.540868
dzb2,4,704.534673,108.482245
dxb,4,351.171629,49.937624
cvy,4,435.106115,62.600642
dzf,4,659.183288,100.364019
dxb2,4,316.036910,45.274398
dyb2,4,355.493845,50.863003
cvz,4,414.266546,60.800958
dzb3,4,659.769762,100.456182
dxb3,4,316.342298,45.316530
dyb3,4,431.655770,60.621341
csxxsyyszz,4,612.538773,90.642518
dyf2,4,199.724092,29.522648
dxf2,4,385.455987,54.319039
csxy,4,209.603750,32.029886
dzf2,4,1352.733757,192.943887
dyf3,4,326.191179,47.013421
csyz,4,310.748459,46.155731
dxf3,4,172.314234,25.595224
dzf3,4,706.725370,108.756971
csxz,4,310.032635,46.147677
#========================= OptEWE [OpenMP] =========================
#Source type                                  :  Force monopole
#Grid Size                                    :  768 x 768 x 768
#Iterations                                   :  5
#Compute time                                 :  55.470913
#Total effective MLUPS                        :  40.830843
#===================================================================
#Number of threads                            :  9
