dxf,0,97.521423,19.268607
dzb,0,360.580958,74.421119
dyb,0,107.003991,21.249372
cvx,0,119.338973,24.076760
dyf,0,107.194713,21.307776
dzb2,0,360.721886,74.622968
dxb,0,96.894252,19.244508
cvy,0,937.629940,152.765401
dzf,0,360.354677,74.593665
dxb2,0,97.611414,19.391024
dyb2,0,107.185995,21.293751
cvz,0,132.869686,27.401149
dzb3,0,361.301179,74.993383
dxb3,0,96.523529,19.293255
dyb3,0,107.363200,21.400243
csxxsyyszz,0,313.569785,60.102740
dyf2,0,107.182070,21.389583
dxf2,0,96.290166,19.254717
csxy,0,93.619386,19.506091
dzf2,0,359.987037,74.833051
dyf3,0,106.894730,21.358284
csyz,0,111.321697,23.216853
dxf3,0,96.212955,19.261489
dzf3,0,360.084714,74.721431
csxz,0,111.477096,23.233602
dxf,1,96.385502,19.210343
dzb,1,360.547113,74.724259
dyb,1,107.222287,21.334898
cvx,1,119.513387,24.179607
dyf,1,107.223937,21.359819
dzb2,1,360.550793,74.719419
dxb,1,96.830368,19.295426
cvy,1,117.828139,23.892377
dzf,1,360.356775,74.923846
dxb2,1,97.542790,19.408428
dyb2,1,107.285533,21.351666
cvz,1,131.453761,27.136800
dzb3,1,361.265367,74.843882
dxb3,1,96.580189,19.238428
dyb3,1,107.337624,21.355386
csxxsyyszz,1,317.021898,60.471801
dyf2,1,107.338829,21.337531
dxf2,1,96.385815,19.236715
csxy,1,93.606668,19.451465
dzf2,1,359.976896,74.644473
dyf3,1,107.058456,21.381734
csyz,1,111.351785,23.170655
dxf3,1,96.132248,19.177770
dzf3,1,360.062246,74.649381
csxz,1,111.494219,23.224344
dxf,2,96.378268,19.221563
dzb,2,361.345960,74.834448
dyb,2,107.277503,21.364339
cvx,2,119.464840,24.168181
dyf,2,107.076922,21.336795
dzb2,2,360.582003,74.753279
dxb,2,96.872322,19.296744
cvy,2,118.034966,23.941302
dzf,2,360.048779,74.711239
dxb2,2,97.452478,19.396119
dyb2,2,107.442704,21.370871
cvz,2,131.396132,27.126014
dzb3,2,361.379859,74.864366
dxb3,2,96.584903,19.264006
dyb3,2,107.247503,21.334873
csxxsyyszz,2,313.432946,59.894920
dyf2,2,107.458144,21.385526
dxf2,2,96.153838,19.192624
csxy,2,93.421484,19.442240
dzf2,2,360.144090,74.690724
dyf3,2,106.842411,21.308877
csyz,2,111.263919,23.165541
dxf3,2,96.154309,19.188671
dzf3,2,360.213388,74.728231
csxz,2,111.312840,23.239017
dxf,3,96.236129,19.215678
dzb,3,360.451286,74.755305
dyb,3,107.201220,21.370415
cvx,3,119.367594,24.167744
dyf,3,107.075960,21.349742
dzb2,3,360.599212,74.788972
dxb,3,96.912310,19.326094
cvy,3,117.764817,23.905268
dzf,3,360.034858,74.764170
dxb2,3,97.407504,19.407584
dyb2,3,107.424376,21.405538
cvz,3,131.631626,27.167455
dzb3,3,361.260805,74.889711
dxb3,3,96.535825,19.252617
dyb3,3,107.375107,21.380821
csxxsyyszz,3,313.237547,59.909663
dyf2,3,107.507413,21.378810
dxf2,3,96.243155,19.217327
csxy,3,93.504994,19.438950
dzf2,3,360.097835,74.654148
dyf3,3,107.032083,21.381622
csyz,3,111.308937,23.179962
dxf3,3,96.266247,19.217517
dzf3,3,360.814528,74.837491
csxz,3,111.353226,23.236732
dxf,4,96.341958,19.246640
dzb,4,360.506811,74.783750
dyb,4,107.133473,21.341061
cvx,4,119.365642,24.176598
dyf,4,107.107768,21.365420
dzb2,4,360.604863,74.811686
dxb,4,96.804945,19.315426
cvy,4,117.830179,23.908881
dzf,4,360.613421,74.866507
dxb2,4,97.476445,19.411350
dyb2,4,107.422266,21.391197
cvz,4,131.570747,27.176531
dzb3,4,361.170759,74.869801
dxb3,4,96.427158,19.257388
dyb3,4,107.329839,21.363068
csxxsyyszz,4,313.605478,59.959873
dyf2,4,107.432464,21.395446
dxf2,4,96.270701,19.218529
csxy,4,93.575872,19.475970
dzf2,4,360.173494,74.720452
dyf3,4,107.049468,21.354404
csyz,4,111.264495,23.159384
dxf3,4,96.147994,19.204825
dzf3,4,359.924755,74.713922
csxz,4,111.452751,23.346411
#========================= OptEWE [OpenMP] =========================
#Source type                                  :  Force monopole
#Grid Size                                    :  768 x 768 x 768
#Iterations                                   :  5
#Compute time                                 :  22.749788
#Total effective MLUPS                        :  99.558033
#===================================================================
#Number of threads                            :  21
