dxf,0,235.057146,30.401963
dzb,0,971.475080,125.862057
dyb,0,284.976378,36.443222
cvx,0,318.316940,42.076525
dyf,0,286.273308,36.610056
dzb2,0,971.705093,125.880497
dxb,0,238.412370,30.798780
cvy,0,1135.772048,135.126278
dzf,0,971.377367,125.883840
dxb2,0,238.705287,30.810760
dyb2,0,284.752923,36.398965
cvz,0,347.695376,46.830033
dzb3,0,971.862753,125.897175
dxb3,0,239.343364,30.913032
dyb3,0,294.995330,38.457399
csxxsyyszz,0,883.172379,111.928499
dyf2,0,285.951684,36.574041
dxf2,0,259.072811,33.835926
csxy,0,208.437612,28.763397
dzf2,0,2184.862286,270.945280
dyf3,0,285.902904,36.561078
csyz,0,314.971738,42.107160
dxf3,0,244.583421,32.191179
dzf3,0,971.262697,126.618139
csxz,0,311.887145,41.808570
dxf,1,234.526925,30.409247
dzb,1,971.342600,126.148250
dyb,1,284.857809,36.481843
cvx,1,318.318270,42.311585
dyf,1,286.006760,36.749882
dzb2,1,971.819295,126.265466
dxb,1,238.774855,30.924203
cvy,1,399.193519,52.321228
dzf,1,973.185579,126.370140
dxb2,1,238.887526,30.897363
dyb2,1,285.077609,36.526313
cvz,1,347.783741,46.874944
dzb3,1,971.828167,126.294460
dxb3,1,239.314922,30.962112
dyb3,1,295.167372,38.528037
csxxsyyszz,1,879.807341,112.135737
dyf2,1,285.514990,36.670520
dxf2,1,259.518750,33.932697
csxy,1,208.350869,28.806739
dzf2,1,2183.710201,271.585582
dyf3,1,285.860350,36.677525
csyz,1,315.515478,42.356210
dxf3,1,244.132149,31.573307
dzf3,1,971.308095,126.386346
csxz,1,311.505427,41.901211
dxf,2,234.683664,30.595515
dzb,2,972.272756,126.642142
dyb,2,286.159871,36.653800
cvx,2,318.274652,42.282911
dyf,2,285.998216,36.654233
dzb2,2,971.516576,126.605056
dxb,2,238.819080,30.946350
cvy,2,400.104164,52.387891
dzf,2,971.332957,126.489660
dxb2,2,238.807180,30.987221
dyb2,2,284.868384,36.568608
cvz,2,347.598697,46.840791
dzb3,2,971.702295,126.255758
dxb3,2,239.263127,30.923766
dyb3,2,295.615252,38.624073
csxxsyyszz,2,880.320682,111.779764
dyf2,2,285.555341,36.738634
dxf2,2,258.916820,33.995778
csxy,2,208.262648,28.867310
dzf2,2,2184.448640,272.040045
dyf3,2,287.590985,37.066646
csyz,2,315.839557,42.354756
dxf3,2,244.021338,31.484704
dzf3,2,971.184074,126.300215
csxz,2,311.938756,41.829441
dxf,3,234.605805,30.376108
dzb,3,971.212107,126.140536
dyb,3,284.819100,36.580456
cvx,3,318.118972,42.431726
dyf,3,286.242196,36.725469
dzb2,3,971.662072,126.288604
dxb,3,238.919454,30.963960
cvy,3,399.680490,52.516246
dzf,3,971.457662,126.282379
dxb2,3,238.961336,30.882889
dyb2,3,285.057912,36.573823
cvz,3,347.749341,47.014788
dzb3,3,971.860874,126.406085
dxb3,3,239.265382,30.918969
dyb3,3,295.345793,38.544490
csxxsyyszz,3,878.227406,111.942555
dyf2,3,287.671450,36.952094
dxf2,3,260.305793,34.038707
csxy,3,208.520897,28.821559
dzf2,3,2182.653718,271.364363
dyf3,3,286.008027,36.662777
csyz,3,314.339508,42.181675
dxf3,3,244.227745,31.628609
dzf3,3,971.154763,126.314618
csxz,3,311.859816,41.797434
dxf,4,234.520751,30.339507
dzb,4,971.392910,126.287689
dyb,4,285.055446,36.461769
cvx,4,318.256336,42.308822
dyf,4,285.983984,36.625380
dzb2,4,971.520965,126.409802
dxb,4,239.084432,30.945560
cvy,4,400.271878,52.397778
dzf,4,971.368685,126.226013
dxb2,4,238.782120,30.936337
dyb2,4,286.614630,36.722499
cvz,4,349.428140,47.049851
dzb3,4,971.476031,126.160836
dxb3,4,239.080291,30.966477
dyb3,4,295.851663,38.680861
csxxsyyszz,4,878.242571,111.433261
dyf2,4,287.342302,36.884336
dxf2,4,258.924149,33.944208
csxy,4,208.394761,28.872349
dzf2,4,2184.115654,272.626534
dyf3,4,285.811780,36.536355
csyz,4,314.661952,42.060767
dxf3,4,243.892612,31.394454
dzf3,4,970.795884,125.878739
csxz,4,311.369661,41.775680
#========================= OptEWE [OpenMP] =========================
#Source type                                  :  Force monopole
#Grid Size                                    :  768 x 768 x 768
#Iterations                                   :  5
#Compute time                                 :  65.750015
#Total effective MLUPS                        :  34.447508
#===================================================================
#Number of threads                            :  6
