dxf,0,181.404449,27.285013
dzb,0,665.559831,105.872655
dyb,0,334.575135,49.205322
cvx,0,314.999256,47.612984
dyf,0,226.606455,33.674041
dzb2,0,665.522656,106.012543
dxb,0,323.860976,47.445756
cvy,0,1199.693014,161.587582
dzf,0,633.556077,99.362168
dxb2,0,293.996399,43.364592
dyb2,0,335.252774,49.333390
cvz,0,392.181586,58.991475
dzb3,0,633.819637,99.523031
dxb3,0,294.184132,43.424211
dyb3,0,398.307664,57.572011
csxxsyyszz,0,754.908552,111.053935
dyf2,0,226.961260,33.695161
dxf2,0,355.904562,51.576377
csxy,0,197.984488,31.197106
dzf2,0,1260.819090,185.098503
dyf3,0,315.625674,46.625851
csyz,0,288.965338,44.265005
dxf3,0,181.175760,27.317443
dzf3,0,665.477065,106.031970
csxz,0,291.099800,44.620854
dxf,1,181.074850,27.336365
dzb,1,665.745457,106.099312
dyb,1,334.295038,49.221212
cvx,1,315.321450,47.696347
dyf,1,226.536475,33.681899
dzb2,1,665.677539,106.079381
dxb,1,323.883876,47.486732
cvy,1,406.877978,60.059376
dzf,1,633.835074,100.780772
dxb2,1,295.847202,43.673571
dyb2,1,334.937030,49.298294
cvz,1,390.670294,58.850442
dzb3,1,635.199392,99.720444
dxb3,1,294.058796,43.428807
dyb3,1,398.153306,57.622736
csxxsyyszz,1,754.906898,111.139942
dyf2,1,226.700350,33.655058
dxf2,1,355.509635,51.523502
csxy,1,198.254512,31.264364
dzf2,1,1260.347295,185.103892
dyf3,1,314.840666,46.550960
csyz,1,289.800049,44.418330
dxf3,1,181.223280,27.315571
dzf3,1,665.605037,106.111735
csxz,1,290.510477,44.569977
dxf,2,180.981738,27.333214
dzb,2,665.599960,106.114419
dyb,2,334.633305,49.304631
cvx,2,315.675621,47.765604
dyf,2,226.507345,33.676699
dzb2,2,665.340308,106.291727
dxb,2,324.053766,47.624223
cvy,2,406.989118,60.103588
dzf,2,634.752451,100.111363
dxb2,2,294.216815,43.624227
dyb2,2,335.181159,49.479252
cvz,2,392.130334,59.064754
dzb3,2,633.653675,99.736961
dxb3,2,294.045662,43.439161
dyb3,2,398.158731,57.584203
csxxsyyszz,2,754.664425,111.016025
dyf2,2,226.676321,33.631980
dxf2,2,355.784810,51.566124
csxy,2,197.960514,31.204147
dzf2,2,1260.070143,185.074295
dyf3,2,315.218530,46.603368
csyz,2,289.108125,44.333140
dxf3,2,181.032315,27.615094
dzf3,2,665.592683,106.141199
csxz,2,290.699951,44.598922
dxf,3,180.938287,27.376857
dzb,3,665.565135,106.199795
dyb,3,334.540707,49.298828
cvx,3,315.134896,47.723177
dyf,3,226.762838,33.696037
dzb2,3,665.433960,106.157415
dxb,3,323.955704,47.559811
cvy,3,407.504669,60.230484
dzf,3,633.487066,99.668463
dxb2,3,295.870781,43.694858
dyb2,3,334.842121,49.314345
cvz,3,390.663176,58.863696
dzb3,3,633.770279,99.751572
dxb3,3,294.410038,43.494233
dyb3,3,398.142964,57.602700
csxxsyyszz,3,754.836086,111.161093
dyf2,3,226.582161,33.740741
dxf2,3,355.595403,51.768016
csxy,3,196.741999,31.227202
dzf2,3,1260.121612,185.460665
dyf3,3,315.066281,46.631175
csyz,3,289.181643,44.465030
dxf3,3,181.297215,27.395073
dzf3,3,665.421825,106.110586
csxz,3,290.682571,44.685725
dxf,4,180.918748,27.545500
dzb,4,665.668784,106.531329
dyb,4,334.592610,49.348674
cvx,4,315.277756,47.735861
dyf,4,226.322826,33.748033
dzb2,4,666.774415,106.631999
dxb,4,325.168355,47.851829
cvy,4,406.553473,60.178133
dzf,4,634.596087,99.880907
dxb2,4,294.161696,43.464004
dyb2,4,335.081332,49.381989
cvz,4,390.970770,58.878875
dzb3,4,633.653393,99.568899
dxb3,4,294.062245,43.436147
dyb3,4,398.107449,57.603409
csxxsyyszz,4,754.632581,111.053639
dyf2,4,227.026551,33.691632
dxf2,4,355.809410,51.570063
csxy,4,198.027802,31.206705
dzf2,4,1259.906193,185.110913
dyf3,4,315.293287,46.624491
csyz,4,288.944390,44.306881
dxf3,4,180.997974,27.367241
dzf3,4,665.598291,106.183881
csxz,4,290.644710,44.620750
#========================= OptEWE [OpenMP] =========================
#Source type                                  :  Force monopole
#Grid Size                                    :  768 x 768 x 768
#Iterations                                   :  5
#Compute time                                 :  53.986832
#Total effective MLUPS                        :  41.953271
#===================================================================
#Number of threads                            :  10
