dxf,0,199.350323,28.420562
dzb,0,714.036733,104.341233
dyb,0,256.110167,35.735309
cvx,0,326.679239,46.329937
dyf,0,258.299326,36.014873
dzb2,0,713.933925,104.292389
dxb,0,207.384402,29.365730
cvy,0,1068.278821,137.270081
dzf,0,715.456052,104.417166
dxb2,0,207.201535,29.319140
dyb2,0,256.209458,35.725578
cvz,0,336.859828,48.989060
dzb3,0,713.898237,104.291044
dxb3,0,213.712703,30.153246
dyb3,0,261.217547,37.174459
csxxsyyszz,0,905.986840,123.216080
dyf2,0,257.861451,35.915918
dxf2,0,210.552960,30.382071
csxy,0,164.658681,25.461712
dzf2,0,1697.458591,231.304079
dyf3,0,258.745514,36.092759
csyz,0,248.477365,37.070710
dxf3,0,202.068179,28.741350
dzf3,0,713.136949,104.222095
csxz,0,244.351230,36.618415
dxf,1,198.631393,28.335016
dzb,1,713.987903,104.246850
dyb,1,256.307910,35.687771
cvx,1,327.016611,46.139781
dyf,1,257.888422,35.895279
dzb2,1,713.790143,104.185406
dxb,1,207.442426,29.365758
cvy,1,341.563313,48.971141
dzf,1,712.962537,104.063195
dxb2,1,207.219658,29.353556
dyb2,1,256.394019,35.721500
cvz,1,336.833653,48.985503
dzb3,1,713.804218,104.243616
dxb3,1,213.437108,30.113245
dyb3,1,261.010057,37.147288
csxxsyyszz,1,904.956368,123.092542
dyf2,1,257.240655,35.891526
dxf2,1,210.472742,30.393951
csxy,1,164.423129,25.425288
dzf2,1,1697.542996,231.402506
dyf3,1,257.851266,35.978589
csyz,1,247.111913,36.900556
dxf3,1,202.053669,28.755629
dzf3,1,712.840112,104.219668
csxz,1,244.535692,36.631769
dxf,2,202.072400,28.815251
dzb,2,713.872995,104.328417
dyb,2,256.358215,35.763585
cvx,2,326.130858,46.377075
dyf,2,257.530370,35.910819
dzb2,2,716.307463,105.798136
dxb,2,207.161002,29.666025
cvy,2,338.240414,48.910309
dzf,2,712.161916,104.519982
dxb2,2,207.108118,29.316698
dyb2,2,256.512801,35.765887
cvz,2,336.872792,48.998919
dzb3,2,713.825769,104.380543
dxb3,2,213.482956,30.152853
dyb3,2,261.302878,37.181883
csxxsyyszz,2,904.873168,123.923176
dyf2,2,257.884441,35.957454
dxf2,2,210.733426,30.414200
csxy,2,164.302821,25.409035
dzf2,2,1697.187890,231.290792
dyf3,2,257.965341,35.949561
csyz,2,247.232006,36.895032
dxf3,2,202.190299,28.773958
dzf3,2,713.504974,104.293094
csxz,2,243.919509,36.541133
dxf,3,199.101798,28.385130
dzb,3,713.822098,104.304506
dyb,3,256.342000,35.799824
cvx,3,326.454287,46.511648
dyf,3,261.075314,36.338606
dzb2,3,713.703417,104.192087
dxb,3,209.022789,29.587497
cvy,3,338.368429,48.563954
dzf,3,712.481604,104.186586
dxb2,3,206.791182,29.346079
dyb2,3,256.139256,35.765677
cvz,3,336.765048,49.011768
dzb3,3,713.686837,104.533284
dxb3,3,213.625725,30.162585
dyb3,3,261.275816,37.330278
csxxsyyszz,3,905.934212,123.370108
dyf2,3,257.927294,36.074094
dxf2,3,210.421713,30.379510
csxy,3,164.382687,25.418663
dzf2,3,1697.194507,231.454395
dyf3,3,257.569525,36.612662
csyz,3,246.996752,36.887669
dxf3,3,202.124711,28.768092
dzf3,3,713.337298,104.243269
csxz,3,244.490370,36.600009
dxf,4,198.832423,28.404951
dzb,4,713.814657,104.347595
dyb,4,259.567120,36.171572
cvx,4,326.698831,46.334210
dyf,4,257.949704,35.959458
dzb2,4,713.393064,104.220737
dxb,4,207.674741,29.447085
cvy,4,338.126414,48.519772
dzf,4,712.881120,104.148410
dxb2,4,207.059370,29.329488
dyb2,4,256.943303,35.826162
cvz,4,336.660200,48.961772
dzb3,4,714.149122,104.357656
dxb3,4,213.668509,30.159682
dyb3,4,261.205868,37.183225
csxxsyyszz,4,905.820912,124.342643
dyf2,4,258.041199,36.014611
dxf2,4,210.649068,30.425127
csxy,4,164.278137,25.416103
dzf2,4,1698.154776,231.531536
dyf3,4,258.120881,35.984160
csyz,4,247.387238,36.925898
dxf3,4,202.086872,28.732741
dzf3,4,713.347959,104.414808
csxz,4,244.914523,36.697114
#========================= OptEWE [OpenMP] =========================
#Source type                                  :  Force monopole
#Grid Size                                    :  768 x 768 x 768
#Iterations                                   :  5
#Compute time                                 :  53.828999
#Total effective MLUPS                        :  42.076283
#===================================================================
#Number of threads                            :  6
