dxf,0,228.248727,34.274523
dzb,0,718.325795,112.631486
dyb,0,277.066974,41.110308
cvx,0,368.204090,55.279623
dyf,0,276.647745,41.018252
dzb2,0,717.237337,112.564736
dxb,0,220.608832,33.273550
cvy,0,1159.681335,159.463296
dzf,0,716.656521,112.449569
dxb2,0,220.278233,33.264865
dyb2,0,276.479724,41.040828
cvz,0,372.866710,57.415864
dzb3,0,716.602560,112.522817
dxb3,0,221.454628,33.430959
dyb3,0,279.739689,42.415778
csxxsyyszz,0,1014.106351,146.352835
dyf2,0,277.581512,41.128575
dxf2,0,215.941157,33.332059
csxy,0,163.904182,27.188226
dzf2,0,1577.908287,232.871876
dyf3,0,277.190414,41.172338
csyz,0,233.565609,37.837255
dxf3,0,210.807455,32.018619
dzf3,0,719.478489,112.999907
csxz,0,230.623706,37.488404
dxf,1,227.506109,34.218681
dzb,1,716.699032,112.541584
dyb,1,276.845541,41.111064
cvx,1,365.477398,54.652936
dyf,1,276.520256,41.079421
dzb2,1,718.036211,112.697526
dxb,1,220.289323,33.283781
cvy,1,365.462431,55.778578
dzf,1,716.669696,112.537102
dxb2,1,220.018192,33.231294
dyb2,1,276.216868,41.046521
cvz,1,372.389663,57.391319
dzb3,1,716.937431,112.661772
dxb3,1,221.243805,33.410666
dyb3,1,279.876212,42.424029
csxxsyyszz,1,1006.528591,145.340403
dyf2,1,277.150988,41.141648
dxf2,1,215.732244,33.342561
csxy,1,163.749427,27.191088
dzf2,1,1577.601158,232.984909
dyf3,1,277.231846,41.190043
csyz,1,236.048154,38.517876
dxf3,1,210.511177,33.521298
dzf3,1,714.684537,117.183432
csxz,1,228.255607,37.461706
dxf,2,226.978228,35.220076
dzb,2,716.505469,112.930190
dyb,2,276.513927,41.074253
cvx,2,365.059451,54.802062
dyf,2,276.853077,41.112307
dzb2,2,717.342983,112.666869
dxb,2,220.716530,33.347210
cvy,2,367.229634,56.039838
dzf,2,716.314907,112.504711
dxb2,2,220.062811,33.259594
dyb2,2,276.084174,41.028913
cvz,2,372.806873,57.405529
dzb3,2,717.344896,112.718301
dxb3,2,220.957871,33.368121
dyb3,2,279.564581,42.399425
csxxsyyszz,2,1002.555663,144.810624
dyf2,2,276.989374,41.066787
dxf2,2,215.739388,33.324030
csxy,2,163.802464,27.183515
dzf2,2,1577.863362,233.015638
dyf3,2,277.358821,41.171257
csyz,2,233.581384,37.833101
dxf3,2,210.987358,32.062489
dzf3,2,716.377071,112.589305
csxz,2,230.204430,37.434514
dxf,3,227.772128,34.212069
dzb,3,716.670049,112.419501
dyb,3,276.872096,41.054255
cvx,3,365.354612,54.760508
dyf,3,276.517246,41.002508
dzb2,3,717.848833,112.577090
dxb,3,221.076926,33.320406
cvy,3,365.485304,55.794642
dzf,3,716.880635,112.666326
dxb2,3,219.712409,33.231750
dyb2,3,276.072946,41.035437
cvz,3,371.712184,57.318790
dzb3,3,716.810526,113.481935
dxb3,3,222.093371,33.458266
dyb3,3,280.185819,42.419089
csxxsyyszz,3,1007.275948,145.423964
dyf2,3,276.609270,41.090779
dxf2,3,215.181888,33.279440
csxy,3,163.759440,27.193867
dzf2,3,1578.668221,233.201388
dyf3,3,276.533885,41.118499
csyz,3,233.496750,37.834421
dxf3,3,211.712386,32.459956
dzf3,3,723.544396,114.199629
csxz,3,229.844436,37.424469
dxf,4,227.053422,34.216157
dzb,4,715.778159,112.711472
dyb,4,276.463028,41.216609
cvx,4,364.250763,54.690733
dyf,4,276.287512,41.097642
dzb2,4,717.481541,113.945596
dxb,4,220.907480,33.320335
cvy,4,366.816460,55.943496
dzf,4,716.766047,112.427447
dxb2,4,220.295167,33.228102
dyb2,4,276.336336,40.974440
cvz,4,372.579064,57.398717
dzb3,4,716.412672,112.585171
dxb3,4,221.340391,33.412721
dyb3,4,279.100550,42.332401
csxxsyyszz,4,1011.917021,146.389327
dyf2,4,278.495149,41.467678
dxf2,4,215.168505,33.371816
csxy,4,163.729306,27.238478
dzf2,4,1577.943789,233.421126
dyf3,4,277.209079,41.299432
csyz,4,233.832303,37.950111
dxf3,4,211.010019,32.085162
dzf3,4,716.442304,112.796254
csxz,4,230.097632,37.562684
#========================= OptEWE [OpenMP] =========================
#Source type                                  :  Force monopole
#Grid Size                                    :  768 x 768 x 768
#Iterations                                   :  5
#Compute time                                 :  55.216614
#Total effective MLUPS                        :  41.018889
#===================================================================
#Number of threads                            :  6
