dxf,0,201.928791,30.310953
dzb,0,709.228416,113.556220
dyb,0,357.234334,52.836474
cvx,0,357.238024,53.731110
dyf,0,261.782990,38.538337
dzb2,0,709.901207,112.566266
dxb,0,328.124039,48.584480
cvy,0,1307.141686,177.072134
dzf,0,666.238568,104.259352
dxb2,0,305.322379,45.397558
dyb2,0,356.704165,52.803673
cvz,0,411.418150,62.221639
dzb3,0,667.976655,104.644057
dxb3,0,305.369724,45.420388
dyb3,0,405.403527,59.245565
csxxsyyszz,0,937.950556,136.306487
dyf2,0,261.171678,38.584391
dxf2,0,359.471266,52.736475
csxy,0,203.754858,32.373167
dzf2,0,1271.901368,188.925682
dyf3,0,340.407771,50.502652
csyz,0,296.038647,45.858546
dxf3,0,201.943518,30.450446
dzf3,0,708.291622,112.656648
csxz,0,296.510364,45.907987
dxf,1,201.698633,30.325215
dzb,1,708.903515,112.744486
dyb,1,356.591322,52.982198
cvx,1,357.973281,54.036140
dyf,1,261.359167,38.616064
dzb2,1,708.161669,112.544466
dxb,1,328.309191,48.791346
cvy,1,420.477097,62.706386
dzf,1,665.671994,104.516613
dxb2,1,305.298926,45.417441
dyb2,1,357.037077,52.940069
cvz,1,411.580507,62.463569
dzb3,1,666.466814,104.655615
dxb3,1,305.232129,45.399177
dyb3,1,405.188964,59.238102
csxxsyyszz,1,937.581984,136.853766
dyf2,1,261.322580,38.574143
dxf2,1,359.835539,52.720017
csxy,1,203.818204,32.331780
dzf2,1,1272.054433,189.246798
dyf3,1,340.275281,50.502770
csyz,1,295.801886,45.739610
dxf3,1,201.914300,30.375420
dzf3,1,708.387537,112.720044
csxz,1,296.041813,45.997496
dxf,2,201.569778,30.445848
dzb,2,708.334660,112.578194
dyb,2,356.620641,52.851825
cvx,2,357.797212,54.031240
dyf,2,261.595474,38.704318
dzb2,2,708.092494,114.525730
dxb,2,327.302432,49.302539
cvy,2,420.345404,62.679773
dzf,2,665.806899,104.365354
dxb2,2,305.376675,45.424655
dyb2,2,356.738139,52.858153
cvz,2,411.812553,62.299734
dzb3,2,666.335958,104.529456
dxb3,2,305.118434,45.395683
dyb3,2,405.197108,59.256218
csxxsyyszz,2,939.480426,136.587696
dyf2,2,261.140716,38.510311
dxf2,2,359.432861,52.669110
csxy,2,205.087914,32.550275
dzf2,2,1272.070570,188.868776
dyf3,2,340.514933,50.634669
csyz,2,295.167320,45.745964
dxf3,2,201.951014,30.434415
dzf3,2,707.972852,112.422516
csxz,2,295.520260,45.825664
dxf,3,201.644946,30.422187
dzb,3,708.655435,112.736347
dyb,3,355.975717,52.758940
cvx,3,357.141080,53.773856
dyf,3,261.385255,38.611968
dzb2,3,707.907333,112.774553
dxb,3,327.978824,48.723795
cvy,3,420.641071,62.561387
dzf,3,665.784880,104.411187
dxb2,3,305.553790,45.585987
dyb2,3,356.405714,52.970425
cvz,3,411.619858,62.343962
dzb3,3,666.432634,104.488503
dxb3,3,307.099062,45.763474
dyb3,3,405.473326,59.393995
csxxsyyszz,3,939.706647,136.516604
dyf2,3,261.251582,38.501827
dxf2,3,359.499078,52.670721
csxy,3,204.060900,32.350091
dzf2,3,1272.359957,188.812495
dyf3,3,340.432659,50.510201
csyz,3,295.288367,45.658465
dxf3,3,201.821984,30.347862
dzf3,3,708.159952,112.382239
csxz,3,295.823673,45.788050
dxf,4,201.620509,30.342644
dzb,4,708.491739,112.461710
dyb,4,356.599044,52.790851
cvx,4,357.452637,53.798114
dyf,4,261.259088,38.504051
dzb2,4,708.319102,112.406872
dxb,4,327.919321,48.575665
cvy,4,420.438335,62.500598
dzf,4,665.917913,104.322353
dxb2,4,306.556105,45.813838
dyb2,4,356.426832,53.603657
cvz,4,413.579471,62.490362
dzb3,4,666.596414,104.397428
dxb3,4,307.484884,45.712876
dyb3,4,405.056112,59.206488
csxxsyyszz,4,937.661467,136.299551
dyf2,4,261.410250,38.529559
dxf2,4,359.372781,52.630441
csxy,4,203.958476,32.344207
dzf2,4,1272.135653,188.738769
dyf3,4,340.235815,50.480622
csyz,4,295.445457,45.677160
dxf3,4,201.777998,30.356778
dzf3,4,710.028416,113.000970
csxz,4,295.784114,45.980092
#========================= OptEWE [OpenMP] =========================
#Source type                                  :  Force monopole
#Grid Size                                    :  768 x 768 x 768
#Iterations                                   :  5
#Compute time                                 :  57.581970
#Total effective MLUPS                        :  39.333912
#===================================================================
#Number of threads                            :  8
