dxf,0,118.812203,21.687063
dzb,0,474.361795,88.257949
dyb,0,121.755335,22.556907
cvx,0,144.518577,27.109606
dyf,0,121.948442,22.673858
dzb2,0,475.728170,88.574325
dxb,0,118.267707,21.643113
cvy,0,910.630443,141.681537
dzf,0,473.517831,88.226338
dxb2,0,118.135292,21.666504
dyb2,0,121.872445,22.621457
cvz,0,168.679421,31.640290
dzb3,0,475.361762,88.524042
dxb3,0,117.962417,21.649077
dyb3,0,121.854111,22.621150
csxxsyyszz,0,311.018191,57.068731
dyf2,0,121.947660,22.669499
dxf2,0,118.016475,21.677044
csxy,0,118.649726,22.344462
dzf2,0,473.593174,88.451125
dyf3,0,121.715977,22.639790
csyz,0,142.762199,26.806576
dxf3,0,117.721371,21.605952
dzf3,0,473.606246,88.322577
csxz,0,142.780249,26.853965
dxf,1,118.010433,21.671632
dzb,1,474.271580,88.444175
dyb,1,121.805561,22.631695
cvx,1,144.421925,27.134010
dyf,1,121.783745,22.651157
dzb2,1,474.309133,88.446445
dxb,1,118.959930,21.814153
cvy,1,144.234108,27.066740
dzf,1,473.462757,88.263672
dxb2,1,118.167244,21.679257
dyb2,1,121.864883,22.629961
cvz,1,168.697417,31.676288
dzb3,1,474.124390,88.437768
dxb3,1,117.934169,21.665200
dyb3,1,121.852771,22.646411
csxxsyyszz,1,311.192042,57.123126
dyf2,1,121.922892,22.671214
dxf2,1,118.070148,21.708057
csxy,1,118.585701,22.345251
dzf2,1,473.474240,88.324125
dyf3,1,121.919635,22.706912
csyz,1,142.739628,26.814853
dxf3,1,117.713390,21.608567
dzf3,1,473.467386,88.344277
csxz,1,142.749691,26.867052
dxf,2,117.956642,21.651982
dzb,2,474.433918,88.483917
dyb,2,121.723502,22.631417
cvx,2,144.336559,27.127240
dyf,2,121.716452,22.663009
dzb2,2,474.447909,88.533248
dxb,2,118.180279,21.712917
cvy,2,144.059726,27.072621
dzf,2,474.784388,88.595163
dxb2,2,118.325696,21.698467
dyb2,2,121.908574,22.652322
cvz,2,168.685905,31.676111
dzb3,2,474.319825,88.438972
dxb3,2,118.125900,21.669827
dyb3,2,121.894417,22.667901
csxxsyyszz,2,310.913149,57.129542
dyf2,2,121.868258,22.644212
dxf2,2,118.103565,21.685167
csxy,2,118.561832,22.339766
dzf2,2,473.378393,88.355950
dyf3,2,121.712467,22.626149
csyz,2,142.697992,26.798360
dxf3,2,117.727561,21.617970
dzf3,2,473.657099,88.378305
csxz,2,142.756219,26.855641
dxf,3,117.911342,21.654442
dzb,3,474.407728,88.514787
dyb,3,121.646608,22.583371
cvx,3,144.355088,27.136408
dyf,3,121.906291,22.687206
dzb2,3,474.403941,88.522054
dxb,3,118.158361,21.662612
cvy,3,144.364826,27.141328
dzf,3,473.438038,88.400971
dxb2,3,118.091566,21.658362
dyb2,3,121.914889,22.654982
cvz,3,168.741585,31.691158
dzb3,3,474.162656,88.452875
dxb3,3,117.999040,21.654682
dyb3,3,121.813250,22.638695
csxxsyyszz,3,310.973337,57.127271
dyf2,3,121.995229,22.690492
dxf2,3,118.205392,21.707065
csxy,3,118.613171,22.358088
dzf2,3,473.459146,88.363298
dyf3,3,121.599404,22.594998
csyz,3,142.789137,26.823905
dxf3,3,117.709258,21.615351
dzf3,3,473.610138,88.385869
csxz,3,142.752800,26.839260
dxf,4,117.954667,21.649141
dzb,4,474.380004,88.506998
dyb,4,121.715594,22.601868
cvx,4,144.465074,27.140509
dyf,4,123.326975,22.873577
dzb2,4,474.783938,88.587100
dxb,4,118.196162,21.673851
cvy,4,144.200196,27.090994
dzf,4,473.437688,88.383962
dxb2,4,118.327378,21.696433
dyb2,4,121.963511,22.651623
cvz,4,168.841814,31.709857
dzb3,4,474.277660,88.445308
dxb3,4,118.012967,21.661771
dyb3,4,122.004947,22.654547
csxxsyyszz,4,310.824915,57.084937
dyf2,4,121.999155,22.678700
dxf2,4,118.133469,21.701733
csxy,4,118.658427,22.366000
dzf2,4,474.486462,88.549788
dyf3,4,121.822495,22.673716
csyz,4,142.740778,26.819282
dxf3,4,117.769258,21.627977
dzf3,4,473.644290,88.367813
csxz,4,142.724105,26.911338
#========================= OptEWE [OpenMP] =========================
#Source type                                  :  Force monopole
#Grid Size                                    :  768 x 768 x 768
#Iterations                                   :  5
#Compute time                                 :  28.051369
#Total effective MLUPS                        :  80.742020
#===================================================================
#Number of threads                            :  18
