dxf,0,251.907213,32.483584
dzb,0,1020.312099,131.005275
dyb,0,313.272913,39.204861
cvx,0,361.280017,46.573024
dyf,0,314.120335,39.345932
dzb2,0,1020.757867,130.082827
dxb,0,257.152953,32.893610
cvy,0,1210.213156,142.633277
dzf,0,1020.619313,130.403712
dxb2,0,258.890150,32.900830
dyb2,0,313.556795,39.391442
cvz,0,384.847362,50.744890
dzb3,0,1020.763774,130.496830
dxb3,0,257.723176,32.761317
dyb3,0,322.829488,41.351318
csxxsyyszz,0,1013.904237,125.812027
dyf2,0,313.878041,39.412743
dxf2,0,272.092986,35.121965
csxy,0,228.251648,30.828113
dzf2,0,2240.830963,274.972290
dyf3,0,314.226101,39.424064
csyz,0,331.739839,43.679202
dxf3,0,250.623247,31.914433
dzf3,0,1020.699897,130.194288
csxz,0,326.816617,43.175912
dxf,1,250.333701,31.902894
dzb,1,1023.110240,130.534764
dyb,1,313.006845,39.291053
cvx,1,361.778418,46.843577
dyf,1,314.122822,39.426886
dzb2,1,1020.940848,130.249872
dxb,1,257.512378,32.707178
cvy,1,420.110133,54.163096
dzf,1,1019.900224,130.121934
dxb2,1,257.764332,32.718155
dyb2,1,313.296580,39.307779
cvz,1,384.819665,50.723168
dzb3,1,1020.666802,130.109422
dxb3,1,258.238024,32.755754
dyb3,1,322.622266,41.266399
csxxsyyszz,1,1014.332260,125.744002
dyf2,1,314.263028,39.407066
dxf2,1,272.319368,35.117395
csxy,1,228.345733,30.794903
dzf2,1,2227.686132,277.525936
dyf3,1,313.048617,39.396049
csyz,1,332.024894,43.833249
dxf3,1,249.970122,31.897955
dzf3,1,1019.322588,130.352986
csxz,1,327.246193,43.314240
dxf,2,250.113191,31.889431
dzb,2,1020.200582,129.981237
dyb,2,313.433449,39.241991
cvx,2,361.117872,46.770981
dyf,2,314.075796,39.355510
dzb2,2,1020.205455,130.312776
dxb,2,257.364625,32.693008
cvy,2,421.623147,54.416421
dzf,2,1019.165701,130.456201
dxb2,2,257.201799,32.771630
dyb2,2,312.809941,39.318789
cvz,2,384.501613,50.778367
dzb3,2,1021.203842,130.664675
dxb3,2,257.577916,32.810354
dyb3,2,324.116244,41.517451
csxxsyyszz,2,1012.531704,125.782347
dyf2,2,313.837127,39.528034
dxf2,2,271.308582,35.114833
csxy,2,228.419746,30.873411
dzf2,2,2242.003560,275.646288
dyf3,2,313.708260,39.435742
csyz,2,331.411401,43.714456
dxf3,2,250.740980,31.848581
dzf3,2,1020.430745,129.886627
csxz,2,327.230942,43.183169
dxf,3,250.391367,31.823177
dzb,3,1020.164521,130.264749
dyb,3,312.606473,39.244307
cvx,3,361.233840,46.445913
dyf,3,313.998158,39.439538
dzb2,3,1022.419222,130.574988
dxb,3,257.446697,32.713498
cvy,3,419.870066,54.199265
dzf,3,1019.640108,130.222819
dxb2,3,257.735856,32.727726
dyb2,3,313.291402,39.339578
cvz,3,384.185032,50.699608
dzb3,3,1019.963184,130.205265
dxb3,3,257.761658,32.738218
dyb3,3,322.638107,41.307884
csxxsyyszz,3,1013.812696,127.219382
dyf2,3,314.364305,39.367538
dxf2,3,272.413266,35.101666
csxy,3,228.383850,30.807243
dzf2,3,2240.577691,274.912730
dyf3,3,314.096356,39.414992
csyz,3,331.626711,43.679619
dxf3,3,250.493150,31.901967
dzf3,3,1022.746861,130.316824
csxz,3,327.098915,43.193336
dxf,4,250.195544,31.836141
dzb,4,1021.273284,130.242165
dyb,4,313.240283,39.221909
cvx,4,362.759524,46.546705
dyf,4,314.061026,39.353535
dzb2,4,1020.986092,130.184839
dxb,4,257.599537,32.684681
cvy,4,420.142651,54.161563
dzf,4,1019.862728,130.048976
dxb2,4,257.757071,32.694344
dyb2,4,312.985477,39.245412
cvz,4,384.848617,50.726237
dzb3,4,1020.167256,129.963141
dxb3,4,257.946904,32.693275
dyb3,4,322.915363,41.370042
csxxsyyszz,4,1014.428796,125.790540
dyf2,4,315.979707,39.752763
dxf2,4,273.808067,35.388074
csxy,4,228.364242,30.884153
dzf2,4,2240.618259,274.768424
dyf3,4,313.866810,39.374092
csyz,4,331.544880,43.665853
dxf3,4,250.714941,31.891039
dzf3,4,1019.947012,130.594422
csxz,4,326.972107,43.251115
#========================= OptEWE [OpenMP] =========================
#Source type                                  :  Force monopole
#Grid Size                                    :  768 x 768 x 768
#Iterations                                   :  5
#Compute time                                 :  70.026962
#Total effective MLUPS                        :  32.343602
#===================================================================
#Number of threads                            :  5
