dxf,0,104.544639,22.632311
dzb,0,391.276643,88.362311
dyb,0,107.085954,23.599312
cvx,0,121.711535,27.582876
dyf,0,107.096771,23.669982
dzb2,0,390.562739,88.457227
dxb,0,103.917567,22.655514
cvy,0,778.456197,144.001169
dzf,0,390.034494,88.322787
dxb2,0,103.815416,22.653883
dyb2,0,107.441846,23.732696
cvz,0,141.542040,32.165180
dzb3,0,390.360274,88.511825
dxb3,0,103.923076,22.692716
dyb3,0,107.370902,23.717887
csxxsyyszz,0,265.775027,58.178600
dyf2,0,107.293910,23.713676
dxf2,0,104.037041,22.747551
csxy,0,100.468914,22.910236
dzf2,0,390.167897,88.491470
dyf3,0,107.102091,23.714269
csyz,0,120.129256,27.351068
dxf3,0,103.817088,22.684033
dzf3,0,390.310697,88.578745
csxz,0,120.002466,27.420194
dxf,1,103.647311,22.664705
dzb,1,390.599811,88.645105
dyb,1,107.147210,23.707548
cvx,1,121.809204,27.692282
dyf,1,107.134914,23.737877
dzb2,1,390.472968,88.628770
dxb,1,103.875169,22.689922
cvy,1,121.346941,27.581271
dzf,1,390.161192,88.604534
dxb2,1,104.034433,22.741706
dyb2,1,107.464192,23.772631
cvz,1,141.502411,32.209609
dzb3,1,390.216510,88.607765
dxb3,1,104.019065,22.738959
dyb3,1,107.436882,23.757103
csxxsyyszz,1,265.820647,58.246579
dyf2,1,107.327010,23.744869
dxf2,1,103.905293,22.719386
csxy,1,100.434926,22.921810
dzf2,1,390.293968,88.593742
dyf3,1,106.904533,23.698532
csyz,1,120.140945,27.379456
dxf3,1,103.791501,22.690304
dzf3,1,390.837759,88.730139
csxz,1,120.026238,27.426855
dxf,2,104.225378,22.830765
dzb,2,390.756199,89.234334
dyb,2,108.587486,24.100498
cvx,2,121.697504,27.846342
dyf,2,107.141067,23.866778
dzb2,2,390.332493,88.804623
dxb,2,103.973378,22.737120
cvy,2,121.348573,27.608156
dzf,2,390.109061,88.608743
dxb2,2,103.869129,22.708264
dyb2,2,107.473271,23.781788
cvz,2,141.489044,32.247010
dzb3,2,390.358971,88.678702
dxb3,2,103.946552,22.732863
dyb3,2,107.374872,23.747824
csxxsyyszz,2,265.730078,58.271146
dyf2,2,107.273910,23.740749
dxf2,2,104.000790,22.762068
csxy,2,100.478404,22.938382
dzf2,2,390.206882,88.646266
dyf3,2,107.056314,23.744771
csyz,2,120.002748,27.370216
dxf3,2,103.802566,22.726706
dzf3,2,390.325638,88.691915
csxz,2,120.026437,27.465516
dxf,3,103.735920,22.712979
dzb,3,390.627984,88.759744
dyb,3,107.111551,23.725085
cvx,3,121.535188,27.672104
dyf,3,107.144588,23.780691
dzb2,3,390.489250,88.728469
dxb,3,103.953902,22.739420
cvy,3,121.584449,27.651441
dzf,3,390.117912,88.663872
dxb2,3,103.959072,22.743027
dyb2,3,107.536735,23.809397
cvz,3,141.367918,32.207293
dzb3,3,390.348120,88.709471
dxb3,3,103.992576,22.747756
dyb3,3,107.343074,23.750024
csxxsyyszz,3,265.871822,58.304967
dyf2,3,107.277157,23.748480
dxf2,3,104.471120,22.859586
csxy,3,100.454975,22.938327
dzf2,3,390.237597,88.684603
dyf3,3,107.168949,23.790769
csyz,3,120.033906,27.388268
dxf3,3,103.822885,22.721514
dzf3,3,390.439482,88.755757
csxz,3,120.019635,27.448096
dxf,4,103.774272,22.717423
dzb,4,391.131808,88.848001
dyb,4,107.021893,23.705840
cvx,4,121.654612,27.719695
dyf,4,107.183977,23.800374
dzb2,4,390.377777,88.768867
dxb,4,103.842564,22.777124
cvy,4,122.678556,27.886987
dzf,4,390.079668,88.703318
dxb2,4,104.019085,22.781038
dyb2,4,107.460949,23.826384
cvz,4,141.488314,32.271950
dzb3,4,390.381192,88.766282
dxb3,4,103.929384,22.753111
dyb3,4,107.474061,23.810187
csxxsyyszz,4,265.938908,58.362508
dyf2,4,107.478500,23.851105
dxf2,4,103.971635,22.772758
csxy,4,100.430153,22.958258
dzf2,4,390.144953,88.709455
dyf3,4,107.039440,23.823640
csyz,4,120.102208,27.429079
dxf3,4,103.799437,22.743197
dzf3,4,390.293909,88.780537
csxz,4,120.028787,27.552836
#========================= OptEWE [OpenMP] =========================
#Source type                                  :  Force monopole
#Grid Size                                    :  768 x 768 x 768
#Iterations                                   :  5
#Compute time                                 :  23.662933
#Total effective MLUPS                        :  95.716120
#===================================================================
#Number of threads                            :  19
