dxf,0,207.941900,28.552089
dzb,0,733.731330,103.635555
dyb,0,264.970861,35.702830
cvx,0,338.395873,46.475811
dyf,0,265.983899,35.789278
dzb2,0,733.258974,103.703143
dxb,0,213.587696,29.209855
cvy,0,1174.404911,145.715459
dzf,0,732.583947,103.503679
dxb2,0,216.451175,29.575992
dyb2,0,264.503958,35.665027
cvz,0,347.456167,48.834391
dzb3,0,736.173976,104.033076
dxb3,0,215.734501,29.478826
dyb3,0,269.311146,37.076865
csxxsyyszz,0,934.091592,123.149769
dyf2,0,265.488898,35.746662
dxf2,0,218.509211,30.527226
csxy,0,166.440094,24.927128
dzf2,0,1733.118980,229.164148
dyf3,0,265.418964,35.783595
csyz,0,249.861540,36.178656
dxf3,0,206.723468,28.414289
dzf3,0,732.270943,103.513329
csxz,0,246.785791,35.855959
dxf,1,207.180402,28.496226
dzb,1,733.717226,103.773942
dyb,1,265.281756,35.728707
cvx,1,338.756041,46.507592
dyf,1,265.494224,35.783425
dzb2,1,733.263131,103.796386
dxb,1,213.477477,29.257956
cvy,1,349.560571,48.521944
dzf,1,732.759704,103.671394
dxb2,1,216.555996,29.571192
dyb2,1,269.353385,36.307046
cvz,1,347.797800,48.911307
dzb3,1,733.558742,103.723207
dxb3,1,215.821394,29.499900
dyb3,1,269.085134,37.086956
csxxsyyszz,1,918.404906,121.301444
dyf2,1,266.210890,35.843855
dxf2,1,218.936500,30.572989
csxy,1,166.581462,24.944582
dzf2,1,1732.661101,229.153917
dyf3,1,266.433005,35.920611
csyz,1,248.936110,36.067730
dxf3,1,206.923907,28.421446
dzf3,1,732.580506,103.636185
csxz,1,246.903369,35.876403
dxf,2,207.283693,28.510805
dzb,2,733.643507,103.856094
dyb,2,265.464539,35.814098
cvx,2,338.680672,46.640685
dyf,2,265.742242,35.812499
dzb2,2,732.864471,103.794299
dxb,2,213.542146,29.243106
cvy,2,349.529010,48.547686
dzf,2,734.654851,103.951163
dxb2,2,216.258113,29.580860
dyb2,2,264.737727,35.720558
cvz,2,347.737017,48.944482
dzb3,2,733.920419,103.784208
dxb3,2,216.132471,29.575448
dyb3,2,269.265275,37.079864
csxxsyyszz,2,930.387307,122.793901
dyf2,2,265.715926,35.799373
dxf2,2,218.773209,30.621660
csxy,2,166.545272,24.966672
dzf2,2,1732.579831,229.223103
dyf3,2,265.902120,35.858817
csyz,2,249.801935,36.200131
dxf3,2,206.578628,28.397112
dzf3,2,732.477064,103.605834
csxz,2,246.160366,35.786307
dxf,3,207.316957,28.495046
dzb,3,733.551514,103.880747
dyb,3,265.329752,35.791194
cvx,3,338.789166,46.649150
dyf,3,265.689428,35.803018
dzb2,3,736.161760,104.440578
dxb,3,213.405964,29.305973
cvy,3,349.440730,48.519869
dzf,3,732.282541,103.671352
dxb2,3,216.474008,29.686728
dyb2,3,265.036035,35.797483
cvz,3,347.602115,48.916157
dzb3,3,733.457209,103.711096
dxb3,3,215.769651,29.571379
dyb3,3,269.442602,37.111989
csxxsyyszz,3,920.948925,121.667638
dyf2,3,265.890718,35.831387
dxf2,3,218.418282,30.558578
csxy,3,166.481999,24.961399
dzf2,3,1732.709372,229.293078
dyf3,3,265.802327,35.883313
csyz,3,249.385635,36.135704
dxf3,3,206.512112,28.387596
dzf3,3,732.470790,103.533471
csxz,3,247.034199,35.868075
dxf,4,207.282898,28.467801
dzb,4,733.703014,103.779419
dyb,4,265.363905,35.765115
cvx,4,342.174306,46.706170
dyf,4,265.205884,37.931518
dzb2,4,731.206894,108.435835
dxb,4,212.653048,30.399697
cvy,4,348.981480,49.028656
dzf,4,732.087658,103.591897
dxb2,4,216.333279,29.620788
dyb2,4,265.252786,35.831105
cvz,4,347.554141,48.905796
dzb3,4,733.363992,103.756659
dxb3,4,215.575089,29.558498
dyb3,4,269.338899,37.114477
csxxsyyszz,4,918.312206,121.328628
dyf2,4,265.757103,35.806290
dxf2,4,218.841830,30.579912
csxy,4,166.512686,24.961539
dzf2,4,1732.946161,229.314668
dyf3,4,265.700301,35.845035
csyz,4,248.846021,36.085658
dxf3,4,206.623833,28.452126
dzf3,4,732.809898,103.716434
csxz,4,247.268190,35.970456
#========================= OptEWE [OpenMP] =========================
#Source type                                  :  Force monopole
#Grid Size                                    :  768 x 768 x 768
#Iterations                                   :  5
#Compute time                                 :  55.319435
#Total effective MLUPS                        :  40.942648
#===================================================================
#Number of threads                            :  7
