dxf,0,293.726852,48.938626
dzb,0,627.975205,114.991093
dyb,0,295.820674,49.680566
cvx,0,442.515109,73.471459
dyf,0,295.577165,49.717795
dzb2,0,628.308978,115.126772
dxb,0,294.000724,49.056031
cvy,0,808.104615,127.867712
dzf,0,627.464727,116.853831
dxb2,0,293.067015,49.671753
dyb2,0,294.934162,50.018865
cvz,0,457.342787,76.879545
dzb3,0,627.232773,115.012200
dxb3,0,340.672973,56.147661
dyb3,0,364.830363,60.032162
csxxsyyszz,0,480.306693,85.044052
dyf2,0,343.736054,56.962916
dxf2,0,362.083248,59.429398
csxy,0,279.249124,47.802654
dzf2,0,1399.565699,230.701067
dyf3,0,295.940606,49.858269
csyz,0,366.984409,62.043549
dxf3,0,293.014525,49.002208
dzf3,0,1111.598309,187.741759
csxz,0,371.818586,62.801703
dxf,1,293.103777,48.929948
dzb,1,627.996307,115.163812
dyb,1,295.364759,49.631596
cvx,1,442.497562,73.528841
dyf,1,295.516657,49.747541
dzb2,1,628.093152,115.148913
dxb,1,294.107460,49.095576
cvy,1,474.301160,78.259938
dzf,1,627.218721,115.073318
dxb2,1,293.751696,49.060391
dyb2,1,295.317922,49.671205
cvz,1,456.779704,76.836478
dzb3,1,627.214048,115.031328
dxb3,1,341.297453,56.371169
dyb3,1,365.035468,60.202130
csxxsyyszz,1,479.883115,85.121011
dyf2,1,343.474919,56.952869
dxf2,1,362.135272,59.380359
csxy,1,279.381822,47.784978
dzf2,1,1400.092104,231.094833
dyf3,1,295.626896,49.754652
csyz,1,366.998918,62.001499
dxf3,1,292.750264,48.988245
dzf3,1,1111.434502,187.831053
csxz,1,370.185413,62.473514
dxf,2,293.320770,49.046339
dzb,2,628.192716,115.380552
dyb,2,294.917210,49.617453
cvx,2,442.681965,73.576183
dyf,2,295.442894,49.724804
dzb2,2,627.992628,115.377668
dxb,2,293.835880,49.174180
cvy,2,474.039153,78.281190
dzf,2,627.146577,115.010229
dxb2,2,293.799078,49.061208
dyb2,2,295.244717,49.736432
cvz,2,456.330391,76.941238
dzb3,2,627.253517,116.828832
dxb3,2,339.956882,56.897042
dyb3,2,364.937218,60.093866
csxxsyyszz,2,480.233476,85.041924
dyf2,2,343.729532,56.994465
dxf2,2,362.894641,59.509984
csxy,2,279.480269,47.766757
dzf2,2,1399.742241,231.085973
dyf3,2,295.553341,49.774117
csyz,2,367.032674,61.946833
dxf3,2,292.940974,48.930358
dzf3,2,1111.267284,187.656147
csxz,2,369.902975,62.436580
dxf,3,292.969748,48.932424
dzb,3,628.012166,115.134315
dyb,3,294.975363,49.599334
cvx,3,442.469805,73.562098
dyf,3,295.670293,49.783235
dzb2,3,628.159151,115.226072
dxb,3,293.690571,49.044084
cvy,3,473.683082,78.173662
dzf,3,627.235833,115.101013
dxb2,3,293.463981,49.028753
dyb2,3,295.662131,49.740797
cvz,3,456.894024,76.873540
dzb3,3,628.588223,115.251648
dxb3,3,341.800073,56.326010
dyb3,3,364.962289,60.065961
csxxsyyszz,3,479.699119,85.018314
dyf2,3,343.670853,56.989840
dxf2,3,361.989626,59.375771
csxy,3,279.244660,47.747482
dzf2,3,1400.381957,230.889967
dyf3,3,295.421925,49.737438
csyz,3,367.062337,61.952959
dxf3,3,292.876132,48.917411
dzf3,3,1111.414917,187.903385
csxz,3,371.250881,62.661026
dxf,4,293.153794,48.963017
dzb,4,628.223656,115.199139
dyb,4,295.031292,49.622375
cvx,4,442.119919,73.497456
dyf,4,295.579842,49.773355
dzb2,4,628.138126,115.215236
dxb,4,293.992050,49.117350
cvy,4,473.967554,78.266510
dzf,4,627.315692,115.095347
dxb2,4,294.293401,49.157933
dyb2,4,295.672688,49.724529
cvz,4,457.195387,76.903823
dzb3,4,627.068625,115.021480
dxb3,4,340.700864,56.177661
dyb3,4,365.127491,60.106749
csxxsyyszz,4,480.416845,85.121490
dyf2,4,342.941263,58.531424
dxf2,4,361.563315,60.361027
csxy,4,277.215121,48.083905
dzf2,4,1399.719454,230.974060
dyf3,4,295.542921,49.775721
csyz,4,366.946479,61.962102
dxf3,4,293.175500,48.967140
dzf3,4,1111.367530,187.776673
csxz,4,369.282940,62.383603
#========================= OptEWE [OpenMP] =========================
#Source type                                  :  Force monopole
#Grid Size                                    :  768 x 768 x 768
#Iterations                                   :  5
#Compute time                                 :  58.630745
#Total effective MLUPS                        :  38.630315
#===================================================================
#Number of threads                            :  12
