dxf,0,604.292804,101.441165
dzb,0,3494.132080,565.323645
dyb,0,1098.568813,176.601424
cvx,0,1051.687867,172.039227
dyf,0,1092.099927,175.031969
dzb2,0,3490.279387,567.172885
dxb,0,616.747663,103.625830
cvy,0,2773.633674,429.344239
dzf,0,3491.012207,567.168788
dxb2,0,619.052863,103.571728
dyb2,0,1092.414294,175.291924
cvz,0,1080.576063,179.544524
dzb3,0,3496.525063,566.347209
dxb3,0,642.597562,107.231719
dyb3,0,1117.827497,182.611202
csxxsyyszz,0,2925.988443,470.979538
dyf2,0,1091.705814,175.149985
dxf2,0,612.267422,105.279829
csxy,0,528.590051,95.605108
dzf2,0,4504.837184,747.750717
dyf3,0,1098.439712,176.581044
csyz,0,705.202924,125.548934
dxf3,0,597.215112,100.826409
dzf3,0,3487.980235,566.582836
csxz,0,689.601169,123.442473
dxf,1,600.121961,101.375126
dzb,1,3480.752573,565.676259
dyb,1,1097.705322,176.431405
cvx,1,1054.337818,172.319206
dyf,1,1095.130146,175.941089
dzb2,1,3495.517860,566.589370
dxb,1,618.085608,103.732831
cvy,1,1066.948515,179.495726
dzf,1,3499.360867,569.961010
dxb2,1,616.608290,108.065714
dyb2,1,1095.478027,176.286951
cvz,1,1081.388458,179.568268
dzb3,1,3500.114268,566.702917
dxb3,1,643.593645,107.124788
dyb3,1,1117.243832,182.720906
csxxsyyszz,1,2935.102765,471.818132
dyf2,1,1093.034597,175.002196
dxf2,1,613.979752,105.340079
csxy,1,528.179431,95.363167
dzf2,1,4506.018587,745.495667
dyf3,1,1097.564541,176.251234
csyz,1,705.298625,125.431172
dxf3,1,597.677044,100.650832
dzf3,1,3499.457904,566.240712
csxz,1,689.443219,123.110510
dxf,2,602.212562,102.888861
dzb,2,3487.341069,573.434952
dyb,2,1097.313700,176.811655
cvx,2,1053.576821,171.993665
dyf,2,1091.832952,174.733225
dzb2,2,3489.609445,565.821639
dxb,2,619.316227,103.556826
cvy,2,1065.915835,179.474698
dzf,2,3490.333767,567.410612
dxb2,2,617.714859,103.871770
dyb2,2,1091.107303,175.348576
cvz,2,1080.854266,179.244616
dzb3,2,3494.297719,566.947292
dxb3,2,642.628492,107.496452
dyb3,2,1115.652350,182.824403
csxxsyyszz,2,2932.303655,474.570448
dyf2,2,1095.978023,175.929944
dxf2,2,612.615578,105.489606
csxy,2,528.572173,95.563976
dzf2,2,4506.594969,746.405647
dyf3,2,1096.148339,176.009173
csyz,2,705.425315,125.565329
dxf3,2,595.868762,100.679610
dzf3,2,3496.957023,567.394134
csxz,2,688.671854,123.188670
dxf,3,600.867676,101.564351
dzb,3,3492.057410,566.574307
dyb,3,1099.455995,176.734551
cvx,3,1054.156344,172.284805
dyf,3,1091.886934,175.326393
dzb2,3,3495.478990,570.075550
dxb,3,617.344650,104.370264
cvy,3,1066.756312,179.248017
dzf,3,3495.238196,567.091888
dxb2,3,617.562569,103.588636
dyb2,3,1090.612025,175.233983
cvz,3,1079.045991,179.533634
dzb3,3,3489.614140,566.166014
dxb3,3,644.160187,107.031051
dyb3,3,1119.458054,183.047864
csxxsyyszz,3,2915.575859,468.799998
dyf2,3,1093.205367,175.284369
dxf2,3,613.972819,105.556401
csxy,3,529.714684,95.586688
dzf2,3,4504.568910,745.098390
dyf3,3,1096.989149,175.875555
csyz,3,705.755132,126.357118
dxf3,3,596.586806,100.692353
dzf3,3,3493.382228,566.146930
csxz,3,689.117040,123.137533
dxf,4,601.751909,101.477898
dzb,4,3486.069365,565.350511
dyb,4,1097.801942,176.247902
cvx,4,1053.284777,172.010884
dyf,4,1091.294347,175.084595
dzb2,4,3492.008259,566.209286
dxb,4,616.604891,103.525639
cvy,4,1065.648055,179.255207
dzf,4,3491.902430,571.293167
dxb2,4,614.525919,109.726792
dyb2,4,1087.833662,181.903340
cvz,4,1081.443660,179.778770
dzb3,4,3496.533877,569.415350
dxb3,4,643.636214,107.255985
dyb3,4,1115.995821,182.671626
csxxsyyszz,4,2972.368978,477.403273
dyf2,4,1092.179885,175.103686
dxf2,4,613.796825,105.318301
csxy,4,529.772935,95.513518
dzf2,4,4503.274665,745.667919
dyf3,4,1095.606562,175.803526
csyz,4,705.981770,125.733403
dxf3,4,595.928348,100.874970
dzf3,4,3497.719106,567.178780
csxz,4,689.858223,123.429345
#========================= OptEWE [OpenMP] =========================
#Source type                                  :  Force monopole
#Grid Size                                    :  1024 x 1024 x 1024
#Iterations                                   :  5
#Compute time                                 :  203.256119
#Total effective MLUPS                        :  26.413518
#===================================================================
#Number of threads                            :  3
