dxf,0,386.399881,76.720665
dzb,0,1543.310679,314.973719
dyb,0,504.513789,100.393755
cvx,0,443.750887,92.392796
dyf,0,502.796237,99.899824
dzb2,0,1543.404239,317.533187
dxb,0,389.675423,81.527621
cvy,0,1533.658797,279.469094
dzf,0,1546.386040,316.503658
dxb2,0,386.538948,77.322980
dyb2,0,504.386785,100.464799
cvz,0,512.645524,107.571903
dzb3,0,1543.455310,315.513351
dxb3,0,388.396622,77.482012
dyb3,0,512.500122,104.062698
csxxsyyszz,0,1109.715075,226.041638
dyf2,0,503.297467,100.316900
dxf2,0,401.469134,81.606943
csxy,0,316.174945,70.203761
dzf2,0,3439.426563,650.923580
dyf3,0,503.744550,100.166235
csyz,0,486.804516,102.877104
dxf3,0,384.887172,76.884202
dzf3,0,1548.207349,316.829888
csxz,0,484.699581,102.704198
dxf,1,385.356429,77.139244
dzb,1,1543.950522,315.936114
dyb,1,504.773556,100.866174
cvx,1,443.122967,92.447273
dyf,1,503.517877,101.847954
dzb2,1,1543.454075,316.162948
dxb,1,390.338556,77.869179
cvy,1,459.186203,98.302699
dzf,1,1546.728788,316.729931
dxb2,1,385.258802,76.914877
dyb2,1,506.135435,101.109019
cvz,1,512.951545,112.507536
dzb3,1,1540.466016,321.962509
dxb3,1,388.882572,77.638409
dyb3,1,512.297162,103.971653
csxxsyyszz,1,1109.587605,225.966861
dyf2,1,504.392731,100.290044
dxf2,1,401.396827,81.618266
csxy,1,315.869293,70.149262
dzf2,1,3439.694638,651.103265
dyf3,1,503.542738,100.100804
csyz,1,486.821247,102.992494
dxf3,1,385.255326,77.117637
dzf3,1,1548.188790,317.143469
csxz,1,485.329919,103.031951
dxf,2,385.096065,77.204172
dzb,2,1544.350481,316.454362
dyb,2,504.973637,100.991606
cvx,2,443.879155,92.620121
dyf,2,503.064032,100.168140
dzb2,2,1543.932790,316.867964
dxb,2,390.587447,77.995429
cvy,2,458.895027,98.398938
dzf,2,1547.076837,317.249496
dxb2,2,385.607160,77.397059
dyb2,2,504.514361,100.901748
cvz,2,513.042793,108.069597
dzb3,2,1542.915801,316.257509
dxb3,2,388.421134,77.678374
dyb3,2,512.193358,104.078011
csxxsyyszz,2,1109.699485,226.305899
dyf2,2,503.624620,100.291231
dxf2,2,400.697973,82.615547
csxy,2,314.937124,71.879787
dzf2,2,3434.007919,652.126182
dyf3,2,504.170525,100.298795
csyz,2,487.555655,103.057448
dxf3,2,385.210483,76.928373
dzf3,2,1548.035148,316.688908
csxz,2,484.591746,102.631868
dxf,3,385.780312,76.913203
dzb,3,1543.909321,315.860480
dyb,3,504.901939,100.515022
cvx,3,443.817702,92.490983
dyf,3,503.007781,100.018239
dzb2,3,1543.432951,315.911996
dxb,3,391.031582,77.906200
cvy,3,458.937451,98.181808
dzf,3,1547.131957,316.680874
dxb2,3,385.853804,77.138978
dyb2,3,505.940206,100.820933
cvz,3,511.700231,107.474626
dzb3,3,1542.750388,315.341818
dxb3,3,388.452646,77.501779
dyb3,3,512.782572,104.025773
csxxsyyszz,3,1109.630466,225.955115
dyf2,3,503.659694,100.072815
dxf2,3,401.509967,81.630685
csxy,3,315.437350,70.063037
dzf2,3,3439.054262,650.110416
dyf3,3,505.373798,100.294767
csyz,3,484.487636,103.811318
dxf3,3,384.732756,79.848864
dzf3,3,1543.972160,321.145077
csxz,3,485.078303,102.682334
dxf,4,385.366209,76.903335
dzb,4,1546.214617,316.319369
dyb,4,505.015452,100.689196
cvx,4,443.689352,92.530664
dyf,4,502.877883,100.089159
dzb2,4,1543.996101,316.116330
dxb,4,390.804644,77.955430
cvy,4,459.061209,98.226151
dzf,4,1548.570070,316.865527
dxb2,4,386.450123,77.229142
dyb2,4,504.430313,100.533034
cvz,4,512.370543,107.844776
dzb3,4,1542.721423,315.520120
dxb3,4,388.207882,77.449337
dyb3,4,512.400913,104.070592
csxxsyyszz,4,1109.565932,225.928491
dyf2,4,503.489889,100.135537
dxf2,4,401.432973,81.588261
csxy,4,315.986558,70.199228
dzf2,4,3438.814241,650.415834
dyf3,4,504.539513,100.271492
csyz,4,487.397341,103.008036
dxf3,4,384.884408,76.824696
dzf3,4,1547.500760,316.479507
csxz,4,485.130793,102.731694
#========================= OptEWE [OpenMP] =========================
#Source type                                  :  Force monopole
#Grid Size                                    :  1024 x 1024 x 1024
#Iterations                                   :  5
#Compute time                                 :  102.801582
#Total effective MLUPS                        :  52.223993
#===================================================================
#Number of threads                            :  8
