dxf,0,399.914781,71.597335
dzb,0,1927.899527,347.719258
dyb,0,661.794131,103.515006
cvx,0,601.327632,105.701029
dyf,0,659.514877,103.069277
dzb2,0,1926.186844,346.744094
dxb,0,404.030454,73.798748
cvy,0,2901.108606,366.782864
dzf,0,1936.937536,347.954878
dxb2,0,413.873234,75.187675
dyb2,0,659.841509,103.473328
cvz,0,611.948727,111.248882
dzb3,0,1926.746731,347.805133
dxb3,0,408.320783,74.426046
dyb3,0,664.977067,107.425994
csxxsyyszz,0,1652.759395,241.229421
dyf2,0,660.601583,102.217240
dxf2,0,433.961453,73.661214
csxy,0,324.094948,65.581133
dzf2,0,3822.452367,573.214777
dyf3,0,658.592019,107.026439
csyz,0,494.113249,91.695363
dxf3,0,397.201271,72.724042
dzf3,0,1933.481725,349.713752
csxz,0,491.883541,91.528001
dxf,1,397.652211,73.107460
dzb,1,1925.950404,348.332408
dyb,1,661.185389,103.651403
cvx,1,601.422951,105.941448
dyf,1,659.733131,103.427139
dzb2,1,1931.639749,347.739240
dxb,1,402.275936,73.584755
cvy,1,630.066315,106.240443
dzf,1,1934.571547,348.708761
dxb2,1,413.138982,75.212696
dyb2,1,658.768526,103.481678
cvz,1,611.775318,111.351339
dzb3,1,1926.385892,348.265057
dxb3,1,407.615666,74.337037
dyb3,1,665.781725,107.367781
csxxsyyszz,1,1656.169979,241.789199
dyf2,1,660.784989,102.400335
dxf2,1,433.955934,73.757169
csxy,1,324.084700,65.569739
dzf2,1,3822.541566,573.424454
dyf3,1,659.613507,104.718631
csyz,1,495.122765,91.458861
dxf3,1,397.002055,72.762938
dzf3,1,1932.817107,349.780049
csxz,1,493.472536,91.590993
dxf,2,400.340088,73.278044
dzb,2,1926.081197,348.869065
dyb,2,661.344285,103.855863
cvx,2,601.334399,106.296074
dyf,2,659.988720,103.632330
dzb2,2,1927.363440,347.697380
dxb,2,402.454763,73.668023
cvy,2,630.332054,106.401694
dzf,2,1934.753969,349.352999
dxb2,2,413.103508,75.408684
dyb2,2,662.358628,104.152151
cvz,2,611.674918,111.370733
dzb3,2,1925.775000,348.728787
dxb3,2,407.507485,74.652953
dyb3,2,664.536899,107.704865
csxxsyyszz,2,1652.693321,242.363372
dyf2,2,661.040648,102.717164
dxf2,2,432.609892,73.709896
csxy,2,324.143060,65.618088
dzf2,2,3823.675934,574.461435
dyf3,2,661.100581,102.866325
csyz,2,493.438646,91.201415
dxf3,2,396.957089,73.975520
dzf3,2,1933.210745,349.652375
csxz,2,490.728494,91.272256
dxf,3,397.786412,72.957166
dzb,3,1926.245562,349.063312
dyb,3,661.301597,104.136546
cvx,3,601.386480,106.275485
dyf,3,659.578597,103.672332
dzb2,3,1931.939620,348.650253
dxb,3,402.520111,73.643743
cvy,3,630.550462,106.298758
dzf,3,1935.338097,349.265322
dxb2,3,413.136080,75.656289
dyb2,3,659.006336,104.625728
cvz,3,611.938067,111.500129
dzb3,3,1925.643813,348.790971
dxb3,3,407.536564,74.605345
dyb3,3,664.829094,107.539348
csxxsyyszz,3,1640.366383,239.696908
dyf2,3,661.426015,102.646481
dxf2,3,433.672861,73.893243
csxy,3,324.596211,65.724384
dzf2,3,3821.998591,573.808516
dyf3,3,660.306967,102.468642
csyz,3,496.745682,91.216918
dxf3,3,397.328645,72.739770
dzf3,3,1932.412250,349.809448
csxz,3,491.675815,91.426891
dxf,4,397.370566,72.833093
dzb,4,1928.300663,349.170281
dyb,4,661.454963,103.867008
cvx,4,601.357408,106.235692
dyf,4,659.968773,103.585641
dzb2,4,1925.896604,347.432563
dxb,4,401.740219,73.615529
cvy,4,630.173142,106.351811
dzf,4,1934.501104,349.122108
dxb2,4,413.295059,75.317794
dyb2,4,659.253139,103.699220
cvz,4,615.189782,111.870564
dzb3,4,1925.542089,348.471523
dxb3,4,407.648839,74.470663
dyb3,4,664.806504,107.568634
csxxsyyszz,4,1624.313077,238.225835
dyf2,4,660.549800,102.450323
dxf2,4,433.971581,73.739003
csxy,4,324.074145,65.600409
dzf2,4,3824.187757,574.151151
dyf3,4,660.670453,102.334807
csyz,4,498.824766,91.043623
dxf3,4,397.263491,75.304081
dzf3,4,1927.579378,358.232599
csxz,4,494.310910,91.539948
#========================= OptEWE [OpenMP] =========================
#Grid Size                                    :  1024 x 1024 x 1024
#Iterations                                   :  5
#Compute time                                 :  125.737762
#Total effective MLUPS                        :  42.697667
#===================================================================
#Number of threads                            :  11
