dxf,0,647.154559,109.597217
dzb,0,1632.203863,319.262164
dyb,0,709.561969,120.699382
cvx,0,1037.115434,175.187034
dyf,0,715.664599,119.234760
dzb2,0,1637.967421,320.915686
dxb,0,633.895098,110.194924
cvy,0,3027.494547,421.309739
dzf,0,1635.885802,319.913100
dxb2,0,632.597313,110.012062
dyb2,0,715.462219,119.727286
cvz,0,1000.259369,173.770604
dzb3,0,1829.224886,349.153041
dxb3,0,817.371995,135.786917
dyb3,0,863.480011,140.501670
csxxsyyszz,0,1248.850247,219.922273
dyf2,0,863.387270,140.429811
dxf2,0,819.880728,135.575289
csxy,0,590.057978,104.470410
dzf2,0,3438.431377,574.644331
dyf3,0,749.487103,124.546091
csyz,0,782.490530,134.602466
dxf3,0,682.759576,115.247118
dzf3,0,3442.045156,573.833712
csxz,0,780.780782,134.720750
dxf,1,644.132982,109.795754
dzb,1,1631.952006,320.264577
dyb,1,709.533212,120.996740
cvx,1,1035.281540,175.817032
dyf,1,717.237807,119.933456
dzb2,1,1633.640284,320.723546
dxb,1,633.824223,110.364266
cvy,1,1034.680680,175.628677
dzf,1,1634.535696,320.761012
dxb2,1,632.709675,110.317270
dyb2,1,716.265291,119.706457
cvz,1,998.513584,174.279433
dzb3,1,1824.621207,348.816654
dxb3,1,818.722478,135.782499
dyb3,1,863.661583,141.061144
csxxsyyszz,1,1253.364245,220.779856
dyf2,1,863.022282,140.556894
dxf2,1,820.447012,135.678302
csxy,1,590.574850,104.422509
dzf2,1,3441.202287,574.877290
dyf3,1,748.320549,124.337198
csyz,1,781.328294,134.922321
dxf3,1,683.232664,115.644232
dzf3,1,3443.072353,573.922667
csxz,1,783.365148,134.396641
dxf,2,644.834569,109.641214
dzb,2,1631.305925,320.707569
dyb,2,709.531177,121.203091
cvx,2,1038.143514,175.998137
dyf,2,716.375432,119.943993
dzb2,2,1637.140411,321.544632
dxb,2,634.897346,110.386285
cvy,2,1036.221753,175.277454
dzf,2,1635.062843,321.161492
dxb2,2,633.302635,110.403720
dyb2,2,717.284703,120.223872
cvz,2,1001.464699,173.898025
dzb3,2,1826.872428,349.669670
dxb3,2,817.942151,136.035686
dyb3,2,863.875119,140.938226
csxxsyyszz,2,1241.436816,219.328072
dyf2,2,863.756226,140.683043
dxf2,2,819.598899,135.967685
csxy,2,592.469530,103.982514
dzf2,2,3441.409495,573.777055
dyf3,2,747.899787,124.326853
csyz,2,782.185841,134.389675
dxf3,2,681.855908,115.395000
dzf3,2,3443.331720,573.892312
csxz,2,781.298097,134.660166
dxf,3,643.980480,109.970272
dzb,3,1633.559629,320.912406
dyb,3,710.138672,121.018797
cvx,3,1036.772249,175.980474
dyf,3,715.505011,119.817274
dzb2,3,1634.773437,321.241466
dxb,3,635.202298,110.727500
cvy,3,1036.120096,176.393578
dzf,3,1636.765097,321.192034
dxb2,3,633.953889,110.212007
dyb2,3,716.171129,120.042946
cvz,3,1000.234185,174.339591
dzb3,3,1824.399721,349.318710
dxb3,3,819.725776,135.474158
dyb3,3,864.500936,140.539797
csxxsyyszz,3,1240.365792,219.529135
dyf2,3,863.213705,140.626740
dxf2,3,821.524430,135.629013
csxy,3,591.427556,104.287725
dzf2,3,3439.341148,574.102961
dyf3,3,747.666391,124.386504
csyz,3,780.775880,134.735380
dxf3,3,683.033414,115.587822
dzf3,3,3445.104729,575.233904
csxz,3,783.817756,134.548305
dxf,4,644.543778,110.028534
dzb,4,1630.606488,320.587394
dyb,4,709.262428,121.223520
cvx,4,1040.129258,176.280069
dyf,4,715.018112,119.749450
dzb2,4,1633.391179,320.953741
dxb,4,633.983600,110.582212
cvy,4,1036.639071,176.248237
dzf,4,1635.972445,321.342531
dxb2,4,633.710759,110.412620
dyb2,4,716.749634,120.015880
cvz,4,997.516542,174.425848
dzb3,4,1825.327506,349.319670
dxb3,4,818.048101,135.946497
dyb3,4,863.898167,140.831877
csxxsyyszz,4,1239.760368,219.145871
dyf2,4,864.591900,140.982887
dxf2,4,819.795324,136.004016
csxy,4,589.279148,104.692393
dzf2,4,3440.272504,574.689161
dyf3,4,748.068507,124.671473
csyz,4,780.057999,135.312254
dxf3,4,682.810121,115.589568
dzf3,4,3442.295451,574.985640
csxz,4,780.021471,135.125432
#========================= OptEWE [OpenMP] =========================
#Grid Size                                    :  1024 x 1024 x 1024
#Iterations                                   :  5
#Compute time                                 :  146.670700
#Total effective MLUPS                        :  36.603828
#===================================================================
#Number of threads                            :  15
