dxf,0,493.161445,80.601632
dzb,0,2903.704415,436.783228
dyb,0,943.727634,133.072833
cvx,0,933.075507,133.701484
dyf,0,939.645200,131.616105
dzb2,0,2907.365563,434.593923
dxb,0,506.723073,81.919064
cvy,0,3412.324559,418.812728
dzf,0,2902.259978,437.860349
dxb2,0,512.248281,82.161906
dyb2,0,938.740348,132.352025
cvz,0,939.571817,145.458145
dzb3,0,2901.726953,437.993707
dxb3,0,516.352538,83.094379
dyb3,0,949.619204,137.075432
csxxsyyszz,0,2536.866425,332.277141
dyf2,0,943.384802,131.741188
dxf2,0,509.378178,82.277034
csxy,0,421.375917,75.465013
dzf2,0,3981.346320,585.766933
dyf3,0,940.860933,131.128119
csyz,0,498.919914,89.753944
dxf3,0,492.076033,82.646608
dzf3,0,2905.745660,435.653803
csxz,0,491.374361,88.879952
dxf,1,490.745936,82.325870
dzb,1,2900.375471,435.764912
dyb,1,944.191270,132.168809
cvx,1,932.113578,133.926579
dyf,1,938.693750,131.214154
dzb2,1,2911.222001,435.381084
dxb,1,511.978780,82.261914
cvy,1,936.786746,138.967267
dzf,1,2890.414079,438.523878
dxb2,1,510.074357,82.461936
dyb2,1,937.355405,132.308361
cvz,1,940.578170,146.953728
dzb3,1,2899.939890,438.884174
dxb3,1,515.981748,83.097386
dyb3,1,950.890478,136.845322
csxxsyyszz,1,2531.497588,331.707752
dyf2,1,938.611242,131.667059
dxf2,1,509.909542,82.388557
csxy,1,420.472291,75.155185
dzf2,1,3981.161382,586.170399
dyf3,1,943.866342,131.382196
csyz,1,500.329596,89.951311
dxf3,1,491.223156,82.539064
dzf3,1,2898.222548,436.021456
csxz,1,489.468351,88.963363
dxf,2,489.608830,82.172514
dzb,2,2892.962247,438.532180
dyb,2,945.573573,132.816639
cvx,2,931.550864,133.724722
dyf,2,939.741804,131.941718
dzb2,2,2906.112695,441.184597
dxb,2,509.619387,82.228482
cvy,2,937.400386,139.197340
dzf,2,2910.851206,436.291552
dxb2,2,511.762000,82.524364
dyb2,2,944.016869,133.263420
cvz,2,941.019956,146.124778
dzb3,2,2904.438608,436.235349
dxb3,2,515.977434,82.940002
dyb3,2,951.560018,137.387715
csxxsyyszz,2,2571.563641,336.803493
dyf2,2,943.011800,131.515591
dxf2,2,510.584412,82.605226
csxy,2,421.660503,75.455796
dzf2,2,3981.749189,587.057944
dyf3,2,942.513949,132.390882
csyz,2,498.777538,89.920734
dxf3,2,491.864102,82.690160
dzf3,2,2900.512669,445.838371
csxz,2,489.587650,88.670578
dxf,3,491.832495,82.397279
dzb,3,2896.842144,437.439646
dyb,3,944.421635,132.030715
cvx,3,930.957810,133.467582
dyf,3,940.334704,131.699138
dzb2,3,2900.440018,435.994617
dxb,3,509.203133,82.264953
cvy,3,937.634712,139.343099
dzf,3,2910.429955,434.528580
dxb2,3,511.398145,82.126378
dyb2,3,942.403448,132.198036
cvz,3,939.398555,145.279705
dzb3,3,2904.860311,434.853254
dxb3,3,516.414850,82.777535
dyb3,3,948.622055,136.462025
csxxsyyszz,3,2575.249182,336.605021
dyf2,3,942.612652,132.892529
dxf2,3,510.321699,82.342946
csxy,3,420.693594,75.167575
dzf2,3,3978.927042,586.167919
dyf3,3,940.737461,131.855537
csyz,3,498.733918,89.988678
dxf3,3,491.883638,82.842856
dzf3,3,2904.246347,436.688431
csxz,3,490.010612,88.946012
dxf,4,489.744302,82.487501
dzb,4,2896.990505,437.806679
dyb,4,945.001272,132.642326
cvx,4,931.392264,134.106756
dyf,4,941.408131,132.239512
dzb2,4,2909.569581,436.334975
dxb,4,509.652056,82.125290
cvy,4,936.593209,138.977373
dzf,4,2908.224989,435.383131
dxb2,4,512.508211,84.170747
dyb2,4,942.465342,134.678818
cvz,4,939.635436,145.601799
dzb3,4,2900.348616,436.033348
dxb3,4,515.846270,83.044887
dyb3,4,952.106854,137.121971
csxxsyyszz,4,2569.650142,337.045314
dyf2,4,941.873628,131.757804
dxf2,4,510.317832,82.401875
csxy,4,420.746293,75.227591
dzf2,4,3983.450401,586.320651
dyf3,4,942.927483,131.859141
csyz,4,499.051553,89.709495
dxf3,4,491.821337,82.593061
dzf3,4,2900.734804,435.009378
csxz,4,489.566414,88.889157
#========================= OptEWE [OpenMP] =========================
#Grid Size                                    :  1024 x 1024 x 1024
#Iterations                                   :  5
#Compute time                                 :  172.282715
#Total effective MLUPS                        :  31.162204
#===================================================================
#Number of threads                            :  7
