dxf,0,265.379211,55.323240
dzb,0,1192.270288,253.735381
dyb,0,414.160152,77.218093
cvx,0,364.984226,74.797332
dyf,0,410.526053,76.799757
dzb2,0,1192.912279,252.607661
dxb,0,265.035056,56.857835
cvy,0,2949.775164,409.236187
dzf,0,1196.283517,252.984000
dxb2,0,264.568399,56.847517
dyb2,0,410.706508,76.855198
cvz,0,391.008190,83.885681
dzb3,0,1193.766469,254.579809
dxb3,0,265.235689,57.015614
dyb3,0,415.918429,77.849430
csxxsyyszz,0,1000.042736,175.146452
dyf2,0,411.958406,75.740122
dxf2,0,294.255106,60.214062
csxy,0,239.243741,54.827392
dzf2,0,2449.636574,426.588307
dyf3,0,411.758017,75.524693
csyz,0,379.732451,78.443030
dxf3,0,263.197610,56.496235
dzf3,0,1194.156899,254.665185
csxz,0,377.825778,79.874511
dxf,1,262.748570,56.622564
dzb,1,1193.546007,254.750653
dyb,1,414.092507,77.405061
cvx,1,364.456426,74.612742
dyf,1,409.564774,76.732731
dzb2,1,1195.578074,253.477278
dxb,1,265.224265,56.964484
cvy,1,434.694407,89.628551
dzf,1,1194.564847,255.913538
dxb2,1,264.480395,56.907654
dyb2,1,410.648465,76.921084
cvz,1,391.009414,84.025359
dzb3,1,1191.885445,254.580555
dxb3,1,264.935222,56.998297
dyb3,1,415.625241,77.851365
csxxsyyszz,1,992.914193,174.255438
dyf2,1,412.020975,75.665187
dxf2,1,294.306070,60.276690
csxy,1,239.529519,54.893008
dzf2,1,2451.290417,426.378124
dyf3,1,412.007413,75.646525
csyz,1,381.512728,78.502717
dxf3,1,262.841231,56.489209
dzf3,1,1194.034104,254.802354
csxz,1,377.191862,79.817379
dxf,2,262.911803,56.721975
dzb,2,1192.564697,254.729166
dyb,2,412.094696,77.174808
cvx,2,364.616501,74.675400
dyf,2,409.165854,76.770986
dzb2,2,1192.008891,253.004380
dxb,2,265.063629,56.998110
cvy,2,434.585085,89.684006
dzf,2,1193.837973,254.196570
dxb2,2,264.584360,56.957750
dyb2,2,411.264630,77.075521
cvz,2,392.415527,84.290778
dzb3,2,1192.986670,254.896608
dxb3,2,265.025939,57.083682
dyb3,2,415.754448,77.926165
csxxsyyszz,2,997.879054,175.068461
dyf2,2,411.126811,75.490048
dxf2,2,294.255985,60.263699
csxy,2,238.855385,54.808850
dzf2,2,2448.958033,427.684021
dyf3,2,411.709581,75.558301
csyz,2,379.179811,78.504774
dxf3,2,262.948963,57.141224
dzf3,2,1193.321576,255.628074
csxz,2,377.598812,79.931888
dxf,3,262.627219,56.694152
dzb,3,1192.863478,254.974187
dyb,3,412.031062,77.225467
cvx,3,367.056651,75.153604
dyf,3,409.307119,76.792387
dzb2,3,1192.656976,253.265297
dxb,3,265.234740,57.054400
cvy,3,434.323760,89.702547
dzf,3,1193.269695,254.414329
dxb2,3,264.686206,57.031916
dyb2,3,410.580350,77.089324
cvz,3,390.666411,84.055065
dzb3,3,1190.864530,254.621841
dxb3,3,264.988372,57.152063
dyb3,3,415.800887,78.036078
csxxsyyszz,3,993.021844,174.455096
dyf2,3,411.063058,75.670561
dxf2,3,293.915607,60.251203
csxy,3,239.084990,54.870624
dzf2,3,2450.837482,427.130136
dyf3,3,411.686156,75.563347
csyz,3,380.895340,78.452597
dxf3,3,263.179817,56.609605
dzf3,3,1193.262495,254.865759
csxz,3,376.690111,79.804115
dxf,4,262.984872,56.762394
dzb,4,1192.749193,254.920165
dyb,4,412.066250,77.207304
cvx,4,364.744927,74.778189
dyf,4,410.486655,77.032626
dzb2,4,1193.288933,253.324624
dxb,4,265.082424,56.997932
cvy,4,434.490359,89.737828
dzf,4,1194.779948,254.492868
dxb2,4,264.486716,57.063008
dyb2,4,410.647481,77.063679
cvz,4,392.180449,84.306601
dzb3,4,1192.672298,255.069046
dxb3,4,265.163179,57.069173
dyb3,4,416.100274,78.020915
csxxsyyszz,4,993.797458,174.569009
dyf2,4,410.804952,75.451756
dxf2,4,293.958618,60.245945
csxy,4,239.317963,54.911679
dzf2,4,2452.170700,426.510565
dyf3,4,413.176703,75.695712
csyz,4,380.742375,78.535214
dxf3,4,263.222762,56.604812
dzf3,4,1196.669533,255.465215
csxz,4,377.529474,80.016040
#========================= OptEWE [OpenMP] =========================
#Grid Size                                    :  1024 x 1024 x 1024
#Iterations                                   :  5
#Compute time                                 :  80.964233
#Total effective MLUPS                        :  66.309639
#===================================================================
#Number of threads                            :  18
