dxf,0,411.494252,72.097303
dzb,0,2086.333518,362.115247
dyb,0,710.450879,106.105761
cvx,0,658.187269,109.048414
dyf,0,706.858533,105.841330
dzb2,0,2088.254830,360.701050
dxb,0,419.055104,74.435532
cvy,0,2977.791792,372.149245
dzf,0,2096.735823,361.991112
dxb2,0,418.657635,74.400568
dyb2,0,708.661226,106.045910
cvz,0,669.805279,116.862676
dzb3,0,2086.414807,362.167702
dxb3,0,418.451788,74.460380
dyb3,0,717.567692,109.965624
csxxsyyszz,0,1815.398713,255.463660
dyf2,0,713.591859,105.132039
dxf2,0,444.543089,73.867411
csxy,0,330.313910,64.375518
dzf2,0,3856.715286,571.586584
dyf3,0,709.632227,104.656154
csyz,0,505.533179,90.221467
dxf3,0,410.162401,73.085811
dzf3,0,2091.945741,363.588381
csxz,0,499.992453,90.212458
dxf,1,409.786967,73.302137
dzb,1,2084.641544,363.482627
dyb,1,710.228223,106.910417
cvx,1,658.276034,110.308609
dyf,1,706.716124,106.035864
dzb2,1,2086.551074,361.277490
dxb,1,418.772194,74.645643
cvy,1,660.851045,108.505974
dzf,1,2095.110800,362.699937
dxb2,1,418.587945,74.559855
dyb2,1,709.815657,106.535490
cvz,1,670.197710,117.030280
dzb3,1,2084.527069,362.714321
dxb3,1,418.636846,74.794953
dyb3,1,716.687067,110.783298
csxxsyyszz,1,1814.397668,256.933590
dyf2,1,711.327538,105.163239
dxf2,1,443.660726,73.876986
csxy,1,330.321413,64.535923
dzf2,1,3875.120519,574.666515
dyf3,1,709.146654,104.875157
csyz,1,506.394120,90.280574
dxf3,1,411.003116,73.196245
dzf3,1,2092.175826,363.597219
csxz,1,499.978292,90.203791
dxf,2,412.506678,73.654485
dzb,2,2085.381451,362.672880
dyb,2,709.976972,106.454853
cvx,2,658.139419,109.382519
dyf,2,708.314824,106.300095
dzb2,2,2086.766096,361.308724
dxb,2,418.803944,74.665138
cvy,2,659.181379,108.348449
dzf,2,2094.464033,363.138809
dxb2,2,418.424997,74.671052
dyb2,2,712.242993,106.633322
cvz,2,669.692476,117.111720
dzb3,2,2086.223843,362.998443
dxb3,2,418.796339,74.802508
dyb3,2,729.542765,113.005523
csxxsyyszz,2,1815.177854,256.790967
dyf2,2,709.470227,104.840937
dxf2,2,444.288788,74.167960
csxy,2,330.439622,64.415445
dzf2,2,3899.015479,574.231463
dyf3,2,709.199705,104.837369
csyz,2,507.017160,90.285161
dxf3,2,409.515156,73.022479
dzf3,2,2095.349980,363.784272
csxz,2,500.352611,90.213349
dxf,3,409.912077,73.141877
dzb,3,2084.219149,362.228361
dyb,3,710.248155,106.130973
cvx,3,658.188262,109.203028
dyf,3,709.173317,105.816935
dzb2,3,2088.666638,361.270738
dxb,3,418.975402,74.505296
cvy,3,659.489356,108.303040
dzf,3,2096.910367,363.173272
dxb2,3,418.668955,74.487311
dyb2,3,708.424839,106.221068
cvz,3,669.844847,117.057256
dzb3,3,2087.267661,362.684479
dxb3,3,419.105238,74.578083
dyb3,3,716.533790,110.360546
csxxsyyszz,3,1794.757838,256.493098
dyf2,3,708.444442,109.485845
dxf2,3,443.040987,73.967558
csxy,3,330.386480,64.471512
dzf2,3,3900.734411,574.687029
dyf3,3,710.142792,105.059115
csyz,3,506.263760,90.331953
dxf3,3,409.147336,73.031553
dzf3,3,2094.385255,364.141367
csxz,3,500.055179,90.208034
dxf,4,410.632000,73.287096
dzb,4,2086.584866,362.755718
dyb,4,710.100862,106.964300
cvx,4,657.998517,109.136640
dyf,4,708.691496,106.123305
dzb2,4,2087.715295,361.519525
dxb,4,419.202752,74.770559
cvy,4,661.117017,108.567402
dzf,4,2095.798836,363.497909
dxb2,4,418.714492,74.594109
dyb2,4,708.592798,106.336448
cvz,4,670.084762,117.221828
dzb3,4,2087.543849,363.272468
dxb3,4,418.724625,74.456838
dyb3,4,714.586103,110.249979
csxxsyyszz,4,1813.864772,256.080597
dyf2,4,710.255295,105.224145
dxf2,4,444.092485,74.116644
csxy,4,330.483279,64.577252
dzf2,4,3898.970867,575.461592
dyf3,4,708.870720,104.815519
csyz,4,505.644529,90.414625
dxf3,4,409.378233,73.176731
dzf3,4,2092.021077,364.355083
csxz,4,499.831389,90.385797
#========================= OptEWE [OpenMP] =========================
#Grid Size                                    :  1024 x 1024 x 1024
#Iterations                                   :  5
#Compute time                                 :  133.606827
#Total effective MLUPS                        :  40.182895
#===================================================================
#Number of threads                            :  10
