dxf,0,230.104664,50.128349
dzb,0,1024.210664,229.163761
dyb,0,353.227688,69.210113
cvx,0,317.440641,68.800655
dyf,0,352.709212,69.180323
dzb2,0,1023.521896,227.715767
dxb,0,230.414993,51.844614
cvy,0,3106.042598,437.904525
dzf,0,1025.916856,227.880402
dxb2,0,227.959452,51.598098
dyb2,0,351.909698,69.125082
cvz,0,327.097600,73.712909
dzb3,0,1024.531343,229.401399
dxb3,0,227.762815,51.498141
dyb3,0,353.024913,69.449943
csxxsyyszz,0,854.745720,157.845743
dyf2,0,353.022939,67.715392
dxf2,0,226.610339,49.763083
csxy,0,214.228751,51.283857
dzf2,0,1023.673306,229.314175
dyf3,0,352.548796,69.308701
csyz,0,257.039821,60.094594
dxf3,0,225.906299,51.174742
dzf3,0,1023.681404,229.502748
csxz,0,253.934354,61.419624
dxf,1,225.607822,51.144646
dzb,1,1021.652092,229.318695
dyb,1,352.950480,69.374833
cvx,1,315.715595,68.626559
dyf,1,351.711423,69.114157
dzb2,1,1022.747770,227.900708
dxb,1,230.090095,51.958086
cvy,1,314.232215,69.800321
dzf,1,1024.178460,229.692602
dxb2,1,228.210655,51.660938
dyb2,1,354.744995,69.793336
cvz,1,327.167666,73.830876
dzb3,1,1023.668582,229.604113
dxb3,1,227.614440,51.585855
dyb3,1,353.119392,69.394176
csxxsyyszz,1,853.078131,157.952775
dyf2,1,354.032559,67.934098
dxf2,1,226.765095,49.780407
csxy,1,213.502206,51.369871
dzf2,1,1023.759279,229.550920
dyf3,1,352.496644,69.550250
csyz,1,257.357848,60.156774
dxf3,1,226.690926,51.377061
dzf3,1,1023.834343,229.884766
csxz,1,254.094452,61.461575
dxf,2,225.712215,51.234932
dzb,2,1022.583224,229.718223
dyb,2,353.155182,69.492109
cvx,2,315.833376,68.660007
dyf,2,352.812442,69.376354
dzb2,2,1024.793205,228.408146
dxb,2,230.363502,51.949078
cvy,2,314.565942,69.932561
dzf,2,1025.691527,230.153887
dxb2,2,228.259951,51.665026
dyb2,2,353.049423,69.621344
cvz,2,327.221181,73.897407
dzb3,2,1023.338521,229.757713
dxb3,2,227.894267,51.663455
dyb3,2,352.945187,69.452557
csxxsyyszz,2,858.273507,158.460613
dyf2,2,353.968660,68.009094
dxf2,2,226.557497,49.761788
csxy,2,213.198335,51.240359
dzf2,2,1023.431527,229.606233
dyf3,2,352.603583,69.595753
csyz,2,257.045373,60.190671
dxf3,2,225.745186,51.251863
dzf3,2,1024.122800,229.927541
csxz,2,253.847374,61.492658
dxf,3,225.342342,51.265506
dzb,3,1023.608004,229.972881
dyb,3,353.288251,69.500381
cvx,3,315.792257,68.660532
dyf,3,352.864771,69.407826
dzb2,3,1024.860421,228.410891
dxb,3,230.071648,51.945987
cvy,3,314.514937,69.901565
dzf,3,1024.171781,229.952513
dxb2,3,228.032775,51.696268
dyb2,3,352.036109,69.249305
cvz,3,327.392714,73.929303
dzb3,3,1023.126130,229.724875
dxb3,3,227.723760,51.652769
dyb3,3,353.012237,69.450930
csxxsyyszz,3,854.565516,157.873612
dyf2,3,352.902303,67.802849
dxf2,3,226.722337,49.871082
csxy,3,213.219961,51.264400
dzf2,3,1025.351013,230.346797
dyf3,3,352.544606,69.549505
csyz,3,257.236886,60.236882
dxf3,3,225.634217,51.210269
dzf3,3,1026.990649,230.540538
csxz,3,254.132403,61.554267
dxf,4,225.468806,51.209601
dzb,4,1022.673972,229.861824
dyb,4,353.172798,69.518582
cvx,4,315.782189,68.659339
dyf,4,352.790164,69.514111
dzb2,4,1022.775980,228.059686
dxb,4,229.691305,51.930618
cvy,4,314.388141,69.893034
dzf,4,1024.964440,230.101514
dxb2,4,228.035770,51.751973
dyb2,4,353.144989,69.475804
cvz,4,327.360485,73.991925
dzb3,4,1023.645133,229.860008
dxb3,4,227.699267,51.654423
dyb3,4,353.100783,69.625380
csxxsyyszz,4,852.920432,157.923982
dyf2,4,354.208233,67.942684
dxf2,4,228.010234,50.080588
csxy,4,213.070586,51.233193
dzf2,4,1023.977282,229.874153
dyf3,4,354.337474,69.891696
csyz,4,257.512243,60.287070
dxf3,4,225.413498,51.200143
dzf3,4,1024.537724,230.140525
csxz,4,254.035744,61.716949
#========================= OptEWE [OpenMP] =========================
#Grid Size                                    :  1024 x 1024 x 1024
#Iterations                                   :  5
#Compute time                                 :  63.615704
#Total effective MLUPS                        :  84.392828
#===================================================================
#Number of threads                            :  21
