dxf,0,755.889284,120.307590
dzb,0,1925.142489,360.834083
dyb,0,822.140695,132.589265
cvx,0,1227.428616,192.695676
dyf,0,818.956008,131.459539
dzb2,0,1920.274455,361.158331
dxb,0,752.756943,120.684706
cvy,0,3119.417720,423.915589
dzf,0,1955.096465,365.262736
dxb2,0,780.263332,124.319294
dyb2,0,819.269076,131.722697
cvz,0,1421.786641,224.924418
dzb3,0,3972.236597,632.743713
dxb3,0,961.517021,149.373363
dyb3,0,985.197813,154.572492
csxxsyyszz,0,1428.070803,236.001677
dyf2,0,984.805748,154.468800
dxf2,0,960.531352,149.384713
csxy,0,664.593442,113.511385
dzf2,0,3979.662724,631.646233
dyf3,0,984.957047,154.543977
csyz,0,881.258560,147.159322
dxf3,0,961.236538,149.277635
dzf3,0,3964.100479,633.145842
csxz,0,932.398326,154.299066
dxf,1,756.500010,120.712772
dzb,1,1925.012131,361.597336
dyb,1,821.492371,132.669767
cvx,1,1219.571502,192.815148
dyf,1,818.527904,131.955304
dzb2,1,1919.828311,360.754444
dxb,1,753.346229,120.909198
cvy,1,1222.451740,192.850746
dzf,1,1954.149239,366.560199
dxb2,1,780.444615,124.427145
dyb2,1,819.026905,131.844125
cvz,1,1424.371020,225.602110
dzb3,1,3977.848383,632.472378
dxb3,1,960.590096,149.702271
dyb3,1,985.773307,154.917093
csxxsyyszz,1,1428.097869,236.364922
dyf2,1,986.063537,155.079820
dxf2,1,962.759761,149.555087
csxy,1,665.646069,113.579226
dzf2,1,3975.159851,632.415981
dyf3,1,987.061439,155.663652
csyz,1,877.881123,147.850683
dxf3,1,960.714722,149.375906
dzf3,1,3958.543472,632.425661
csxz,1,926.213597,153.462136
dxf,2,755.155669,120.642973
dzb,2,1926.330971,361.683118
dyb,2,822.021061,132.707516
cvx,2,1226.886675,192.796544
dyf,2,820.143776,131.674978
dzb2,2,1919.488000,361.239439
dxb,2,753.048785,120.772440
cvy,2,1217.499969,192.443019
dzf,2,1953.514389,366.480414
dxb2,2,781.082787,124.242661
dyb2,2,822.098338,131.972470
cvz,2,1420.718248,225.082178
dzb3,2,3969.786301,631.456051
dxb3,2,959.325845,149.905765
dyb3,2,987.265828,155.084459
csxxsyyszz,2,1435.980227,237.262375
dyf2,2,988.476754,154.937986
dxf2,2,960.245564,149.417250
csxy,2,662.952858,113.525432
dzf2,2,3977.049394,631.412797
dyf3,2,986.588703,154.590981
csyz,2,879.194625,147.084217
dxf3,2,959.600821,149.246382
dzf3,2,3961.685643,632.511887
csxz,2,929.652004,154.161587
dxf,3,754.691541,120.655309
dzb,3,1924.342397,361.557175
dyb,3,822.593624,132.656071
cvx,3,1224.160867,192.669536
dyf,3,819.553947,131.519064
dzb2,3,1922.128648,362.059870
dxb,3,752.907694,120.744822
cvy,3,1220.653879,192.658034
dzf,3,1953.260664,366.237989
dxb2,3,779.017625,124.213534
dyb2,3,819.380414,131.727000
cvz,3,1421.774083,225.146863
dzb3,3,3976.988325,632.067947
dxb3,3,962.097957,149.705033
dyb3,3,986.576406,155.063120
csxxsyyszz,3,1438.009863,237.656838
dyf2,3,986.445466,155.109185
dxf2,3,961.253234,149.467637
csxy,3,664.037561,113.676547
dzf2,3,3980.127684,632.558793
dyf3,3,985.430831,154.711763
csyz,3,880.034747,147.314146
dxf3,3,961.099648,149.491661
dzf3,3,3959.008235,634.363962
csxz,3,930.484104,154.085218
dxf,4,756.446277,120.846157
dzb,4,1923.405723,361.715171
dyb,4,821.954880,132.682165
cvx,4,1225.940165,193.147642
dyf,4,819.570017,131.740137
dzb2,4,1919.873422,361.785945
dxb,4,754.776122,120.964851
cvy,4,1219.544312,192.629067
dzf,4,1955.594399,366.049639
dxb2,4,779.549708,124.433872
dyb2,4,818.776648,131.693356
cvz,4,1423.408787,225.421123
dzb3,4,3975.477076,632.331251
dxb3,4,959.632151,149.447475
dyb3,4,987.350752,155.140852
csxxsyyszz,4,1432.716939,237.985368
dyf2,4,985.439298,154.628102
dxf2,4,961.099748,149.485314
csxy,4,665.407208,113.507543
dzf2,4,3976.092913,631.338919
dyf3,4,985.370789,154.587276
csyz,4,878.242099,147.121017
dxf3,4,960.123264,149.348941
dzf3,4,3958.467015,632.049337
csxz,4,924.631030,153.506904
#========================= OptEWE [OpenMP] =========================
#Grid Size                                    :  1024 x 1024 x 1024
#Iterations                                   :  5
#Compute time                                 :  182.277481
#Total effective MLUPS                        :  29.453496
#===================================================================
#Number of threads                            :  13
