dxf,0,454.308715,76.289988
dzb,0,2558.983622,403.748129
dyb,0,850.757746,120.298590
cvx,0,818.773677,121.784094
dyf,0,847.408047,118.532944
dzb2,0,2558.930680,403.625074
dxb,0,475.625657,80.321530
cvy,0,3248.123821,392.783236
dzf,0,2566.802892,404.369024
dxb2,0,483.589047,80.828542
dyb2,0,846.609190,120.250075
cvz,0,829.409266,131.994842
dzb3,0,2560.495432,403.769231
dxb3,0,472.021298,79.629319
dyb3,0,858.042702,124.595779
csxxsyyszz,0,2229.958414,302.287922
dyf2,0,848.466534,119.237494
dxf2,0,478.786510,77.645829
csxy,0,366.276766,69.467423
dzf2,0,3988.003512,578.599949
dyf3,0,850.621861,122.709314
csyz,0,543.470244,94.139888
dxf3,0,449.315268,77.205387
dzf3,0,2569.869556,406.615376
csxz,0,534.730840,93.737516
dxf,1,454.572592,78.340500
dzb,1,2560.999457,406.302378
dyb,1,848.397028,120.864634
cvx,1,818.044574,121.956352
dyf,1,846.156311,119.547390
dzb2,1,2561.043068,404.542248
dxb,1,474.651722,80.036773
cvy,1,829.475932,124.671552
dzf,1,2571.458443,406.425717
dxb2,1,483.483986,80.876402
dyb2,1,847.129902,120.454336
cvz,1,829.340069,132.164718
dzb3,1,2560.738244,404.642984
dxb3,1,472.209196,79.768858
dyb3,1,857.292554,124.853205
csxxsyyszz,1,2229.610961,301.469678
dyf2,1,850.235101,120.455708
dxf2,1,479.266381,77.635921
csxy,1,365.231450,69.301173
dzf2,1,3987.243018,578.604398
dyf3,1,848.183463,118.977810
csyz,1,543.976770,94.049963
dxf3,1,448.702835,77.022208
dzf3,1,2567.317098,406.317145
csxz,1,536.932479,94.056621
dxf,2,455.344886,78.125398
dzb,2,2557.504612,404.706730
dyb,2,848.652235,120.157172
cvx,2,817.534621,121.532033
dyf,2,847.609341,119.733926
dzb2,2,2560.919825,404.532486
dxb,2,475.235331,79.918241
cvy,2,827.197728,124.419166
dzf,2,2568.113269,406.084524
dxb2,2,483.227434,81.172617
dyb2,2,846.154973,121.284288
cvz,2,828.734610,133.343270
dzb3,2,2558.415268,411.150939
dxb3,2,472.188677,80.201095
dyb3,2,858.790783,126.206292
csxxsyyszz,2,2269.000099,307.674182
dyf2,2,850.286947,120.217048
dxf2,2,478.965089,78.311289
csxy,2,365.116058,69.787530
dzf2,2,3989.385233,584.154914
dyf3,2,848.973653,119.545225
csyz,2,544.017068,94.767198
dxf3,2,451.841055,78.081474
dzf3,2,2570.971984,409.501248
csxz,2,537.167811,94.222994
dxf,3,456.677460,78.825469
dzb,3,2558.033207,407.741614
dyb,3,849.569184,121.128372
cvx,3,818.235322,122.420349
dyf,3,846.108040,120.156443
dzb2,3,2561.062259,406.769346
dxb,3,474.908288,80.381593
cvy,3,829.580034,127.015214
dzf,3,2565.978668,407.099452
dxb2,3,483.164609,81.432536
dyb2,3,852.050330,121.306422
cvz,3,828.565405,133.037902
dzb3,3,2560.033295,406.441122
dxb3,3,472.639346,80.003929
dyb3,3,856.854371,125.807540
csxxsyyszz,3,2233.659196,302.792734
dyf2,3,849.180330,119.784067
dxf2,3,480.298075,79.010401
csxy,3,365.283128,69.364104
dzf2,3,3989.008948,578.979996
dyf3,3,848.316851,118.900087
csyz,3,545.102035,94.216823
dxf3,3,449.004675,77.019109
dzf3,3,2567.533063,405.876720
csxz,3,534.211193,93.903561
dxf,4,451.787084,77.631331
dzb,4,2557.852201,406.034787
dyb,4,848.865203,121.089245
cvx,4,817.885850,121.513467
dyf,4,845.917117,118.876320
dzb2,4,2557.204595,403.284095
dxb,4,474.289823,79.834882
cvy,4,823.735862,123.707026
dzf,4,2557.944589,403.839490
dxb2,4,482.634582,80.933903
dyb2,4,844.257344,119.837013
cvz,4,827.910755,131.866755
dzb3,4,2555.957389,403.158910
dxb3,4,471.204691,79.488892
dyb3,4,856.180548,124.730684
csxxsyyszz,4,2231.899460,299.838768
dyf2,4,848.912872,119.200847
dxf2,4,480.037311,77.831276
csxy,4,365.610859,69.412764
dzf2,4,3992.829524,579.325909
dyf3,4,848.423801,119.292875
csyz,4,543.666948,94.053133
dxf3,4,451.476637,77.408682
dzf3,4,2570.527043,407.256000
csxz,4,532.741131,94.115052
#========================= OptEWE [OpenMP] =========================
#Grid Size                                    :  1024 x 1024 x 1024
#Iterations                                   :  5
#Compute time                                 :  156.787872
#Total effective MLUPS                        :  34.241865
#===================================================================
#Number of threads                            :  8
