dxf,0,401.116623,73.317498
dzb,0,1927.000526,348.901218
dyb,0,661.352990,103.417450
cvx,0,601.308985,105.614361
dyf,0,662.657083,103.450349
dzb2,0,1926.810838,345.823686
dxb,0,405.641163,73.894089
cvy,0,2911.260507,367.031562
dzf,0,1936.182848,347.134323
dxb2,0,407.651349,74.134610
dyb2,0,658.672524,103.261262
cvz,0,611.748390,110.907211
dzb3,0,1931.014173,347.751369
dxb3,0,407.632406,74.137644
dyb3,0,665.021416,107.339888
csxxsyyszz,0,1633.902417,238.344884
dyf2,0,660.672844,102.068089
dxf2,0,435.877896,73.754503
csxy,0,324.374820,65.200705
dzf2,0,3886.776344,581.531279
dyf3,0,659.906604,102.402827
csyz,0,497.252482,90.831160
dxf3,0,408.465518,74.185555
dzf3,0,1933.069054,349.728397
csxz,0,491.523449,91.182209
dxf,1,398.921777,72.841743
dzb,1,1927.530288,347.884984
dyb,1,661.443144,103.525701
cvx,1,601.362125,105.813179
dyf,1,661.384182,103.525700
dzb2,1,1927.429188,346.418418
dxb,1,405.790116,73.921597
cvy,1,636.905978,106.961144
dzf,1,1937.049711,348.257603
dxb2,1,407.723064,74.298928
dyb2,1,659.117848,103.421296
cvz,1,611.850104,111.076618
dzb3,1,1928.178577,347.843281
dxb3,1,407.538057,74.232706
dyb3,1,665.217385,107.488829
csxxsyyszz,1,1632.900396,239.056512
dyf2,1,660.627079,102.125135
dxf2,1,436.071346,73.827225
csxy,1,324.408475,65.222521
dzf2,1,3890.487745,581.767224
dyf3,1,659.343836,101.948669
csyz,1,496.724248,90.953773
dxf3,1,407.950135,74.128103
dzf3,1,1931.178675,352.174475
csxz,1,491.242558,91.248054
dxf,2,397.861208,72.774198
dzb,2,1929.891170,348.750989
dyb,2,661.971656,103.779406
cvx,2,601.498210,106.095977
dyf,2,659.468820,103.319980
dzb2,2,1926.770429,346.988810
dxb,2,405.821960,74.119216
cvy,2,633.660039,106.719699
dzf,2,1935.199014,348.863198
dxb2,2,407.334298,74.475696
dyb2,2,658.449017,103.606576
cvz,2,611.796912,111.387456
dzb3,2,1929.659347,348.406806
dxb3,2,407.379490,74.278651
dyb3,2,664.323625,107.509455
csxxsyyszz,2,1654.011604,241.159455
dyf2,2,660.773035,102.217568
dxf2,2,436.041727,73.860290
csxy,2,324.262481,65.265283
dzf2,2,3889.741638,581.828009
dyf3,2,660.023788,102.184417
csyz,2,496.958703,91.033626
dxf3,2,407.800827,74.169023
dzf3,2,1929.785964,355.840630
csxz,2,486.877199,91.209906
dxf,3,397.195254,73.376844
dzb,3,1925.406970,347.961597
dyb,3,660.824815,103.638566
cvx,3,601.197699,105.945140
dyf,3,660.237802,103.399645
dzb2,3,1925.513838,346.658556
dxb,3,405.781354,74.151929
cvy,3,633.465316,106.587270
dzf,3,1938.034117,348.613868
dxb2,3,407.425884,74.289476
dyb2,3,658.254452,103.458398
cvz,3,611.520310,111.257788
dzb3,3,1925.795606,347.798353
dxb3,3,407.486705,74.312895
dyb3,3,664.457308,107.537324
csxxsyyszz,3,1634.596388,239.197972
dyf2,3,661.447229,102.335137
dxf2,3,435.847382,73.921385
csxy,3,324.283885,65.289361
dzf2,3,3888.683243,581.713634
dyf3,3,660.919667,102.264088
csyz,3,495.124870,90.845947
dxf3,3,407.924108,74.148184
dzf3,3,1930.654003,352.105388
csxz,3,490.832080,91.212834
dxf,4,397.671646,72.762074
dzb,4,1926.939932,348.236915
dyb,4,664.410196,104.123849
cvx,4,601.555278,105.985957
dyf,4,658.980445,103.287195
dzb2,4,1927.109181,346.841306
dxb,4,406.308387,74.225221
cvy,4,633.533385,106.587126
dzf,4,1935.993031,348.447753
dxb2,4,407.202599,74.342723
dyb2,4,658.254341,103.392306
cvz,4,611.346498,111.196620
dzb3,4,1929.214874,348.455311
dxb3,4,408.385328,74.516500
dyb3,4,664.568789,107.580937
csxxsyyszz,4,1636.229674,238.859434
dyf2,4,660.468330,102.242266
dxf2,4,435.122509,73.860550
csxy,4,324.191417,65.325066
dzf2,4,3886.727873,581.962509
dyf3,4,660.971305,102.236508
csyz,4,495.486755,90.912595
dxf3,4,407.869384,74.163292
dzf3,4,1933.773452,352.945501
csxz,4,487.989909,91.790172
#========================= OptEWE [OpenMP] =========================
#Grid Size                                    :  1024 x 1024 x 1024
#Iterations                                   :  5
#Compute time                                 :  126.106483
#Total effective MLUPS                        :  42.572824
#===================================================================
#Number of threads                            :  11
