dxf,0,264.716659,55.248405
dzb,0,1193.668293,253.936316
dyb,0,411.859673,76.932119
cvx,0,364.139711,74.651872
dyf,0,409.507718,76.534475
dzb2,0,1193.157330,252.610496
dxb,0,265.384396,56.961106
cvy,0,2962.067519,410.727027
dzf,0,1195.365470,252.831025
dxb2,0,264.675166,56.881776
dyb2,0,410.613166,76.748781
cvz,0,390.954442,83.901240
dzb3,0,1192.484259,254.207875
dxb3,0,265.121964,57.105358
dyb3,0,415.827714,77.773741
csxxsyyszz,0,983.126836,172.578430
dyf2,0,413.581270,75.983348
dxf2,0,294.633409,60.555625
csxy,0,239.209668,54.922935
dzf2,0,2458.452388,427.101626
dyf3,0,411.847355,75.480250
csyz,0,379.410334,78.475200
dxf3,0,262.725074,56.505669
dzf3,0,1194.019106,254.404433
csxz,0,377.299249,79.727859
dxf,1,262.793845,56.563512
dzb,1,1193.389720,254.598331
dyb,1,412.573075,77.160755
cvx,1,364.409347,74.641935
dyf,1,410.914444,76.973773
dzb2,1,1193.709960,253.084486
dxb,1,265.471784,57.039644
cvy,1,435.398307,89.633888
dzf,1,1195.537768,254.094342
dxb2,1,264.873512,56.923656
dyb2,1,410.700304,76.901013
cvz,1,391.105062,84.035091
dzb3,1,1191.972543,254.472019
dxb3,1,264.471813,56.906677
dyb3,1,416.022320,77.864597
csxxsyyszz,1,985.890368,173.051724
dyf2,1,411.432138,75.438646
dxf2,1,294.681378,60.361024
csxy,1,239.489914,54.826420
dzf2,1,2459.017422,427.012586
dyf3,1,412.076504,75.410869
csyz,1,380.235424,78.424425
dxf3,1,262.720146,56.357077
dzf3,1,1193.477057,254.599111
csxz,1,377.304619,79.779268
dxf,2,262.696434,56.616802
dzb,2,1194.213610,255.447252
dyb,2,411.987471,77.096021
cvx,2,364.312726,74.618162
dyf,2,410.250433,76.787652
dzb2,2,1195.351433,253.906194
dxb,2,265.600848,57.483806
cvy,2,435.242835,90.354344
dzf,2,1195.389476,254.293888
dxb2,2,265.680443,57.097910
dyb2,2,410.800712,76.928414
cvz,2,392.636681,84.311874
dzb3,2,1193.267238,254.829327
dxb3,2,264.693579,56.987481
dyb3,2,416.393402,77.986473
csxxsyyszz,2,997.883545,174.907180
dyf2,2,411.548939,75.445239
dxf2,2,295.244536,60.446098
csxy,2,239.395175,54.870416
dzf2,2,2457.402428,428.061329
dyf3,2,413.260493,75.844501
csyz,2,379.631742,78.488861
dxf3,2,262.664989,56.436656
dzf3,2,1194.648918,254.971510
csxz,2,377.368523,79.866088
dxf,3,263.416160,56.643046
dzb,3,1195.726116,255.133184
dyb,3,412.350025,77.123895
cvx,3,364.747253,74.736312
dyf,3,409.070516,76.831727
dzb2,3,1195.906137,253.717550
dxb,3,265.697979,57.133896
cvy,3,435.270213,89.710981
dzf,3,1195.839226,254.475730
dxb2,3,265.413643,57.070393
dyb2,3,410.888281,76.946932
cvz,3,391.086465,84.076498
dzb3,3,1193.155245,254.789060
dxb3,3,264.756263,56.916374
dyb3,3,416.067862,77.876977
csxxsyyszz,3,992.501182,174.078862
dyf2,3,411.461898,75.398647
dxf2,3,295.846919,60.519869
csxy,3,239.603816,54.920474
dzf2,3,2453.331795,427.250969
dyf3,3,411.937166,75.825861
csyz,3,380.670362,78.602324
dxf3,3,262.627858,56.449444
dzf3,3,1194.369881,254.845047
csxz,3,377.642012,79.921603
dxf,4,262.791726,56.689101
dzb,4,1194.833691,255.106727
dyb,4,412.201885,77.219151
cvx,4,364.747334,74.769091
dyf,4,410.405007,76.894282
dzb2,4,1195.013532,253.556382
dxb,4,265.648241,57.132652
cvy,4,437.239429,90.024135
dzf,4,1197.531272,254.723709
dxb2,4,265.361909,57.053927
dyb2,4,410.871659,76.954539
cvz,4,391.012991,84.075999
dzb3,4,1193.335764,254.886402
dxb3,4,264.867951,56.984695
dyb3,4,416.081778,77.911809
csxxsyyszz,4,982.991901,172.820011
dyf2,4,411.603208,75.684784
dxf2,4,295.182235,60.391973
csxy,4,239.483299,54.909495
dzf2,4,2455.059108,428.013365
dyf3,4,413.243185,75.637317
csyz,4,379.250836,78.508405
dxf3,4,262.594528,56.538391
dzf3,4,1197.959086,255.581917
csxz,4,377.988669,80.064289
#========================= OptEWE [OpenMP] =========================
#Grid Size                                    :  1024 x 1024 x 1024
#Iterations                                   :  5
#Compute time                                 :  81.008362
#Total effective MLUPS                        :  66.273518
#===================================================================
#Number of threads                            :  18
