dxf,0,338.222044,65.986622
dzb,0,1531.848673,304.900331
dyb,0,529.174434,92.556941
cvx,0,472.854059,90.784361
dyf,0,529.103719,92.450908
dzb2,0,1532.407421,304.123177
dxb,0,344.624567,68.615646
cvy,0,2878.568331,390.383581
dzf,0,1534.819801,304.514711
dxb2,0,338.237385,67.656677
dyb2,0,527.504225,92.484751
cvz,0,494.778401,97.904024
dzb3,0,1533.190945,305.893310
dxb3,0,341.088338,68.114867
dyb3,0,535.136179,94.016424
csxxsyyszz,0,1299.181441,214.624319
dyf2,0,530.919611,91.764512
dxf2,0,364.083201,67.861973
csxy,0,275.885534,59.192883
dzf2,0,3164.072166,521.695623
dyf3,0,529.169828,91.320908
csyz,0,421.078515,84.298822
dxf3,0,341.090498,68.039970
dzf3,0,1537.459930,307.500470
csxz,0,413.209414,84.625410
dxf,1,336.602776,67.330886
dzb,1,1536.648048,307.331850
dyb,1,530.431021,92.797010
cvx,1,475.185370,91.643780
dyf,1,528.323352,92.769466
dzb2,1,1532.279020,305.077220
dxb,1,343.822310,68.737054
cvy,1,561.674764,100.984606
dzf,1,1535.276871,305.957723
dxb2,1,338.144014,67.847103
dyb2,1,528.101620,92.622171
cvz,1,495.212620,98.132058
dzb3,1,1533.346868,306.783243
dxb3,1,341.116180,68.256799
dyb3,1,535.083754,94.321587
csxxsyyszz,1,1296.172886,214.581391
dyf2,1,531.554875,91.574162
dxf2,1,363.716918,68.102005
csxy,1,275.753788,59.356997
dzf2,1,3165.389327,522.646169
dyf3,1,529.038484,91.430501
csyz,1,421.491362,84.811433
dxf3,1,340.182510,68.138456
dzf3,1,1536.839310,307.342124
csxz,1,412.201691,84.525240
dxf,2,336.575105,67.429908
dzb,2,1533.296008,306.576660
dyb,2,529.258085,92.927650
cvx,2,474.726864,91.450742
dyf,2,528.039344,92.440508
dzb2,2,1532.214257,305.173448
dxb,2,343.921854,68.720444
cvy,2,560.911181,100.912984
dzf,2,1534.710234,305.939007
dxb2,2,338.631426,67.813556
dyb2,2,527.797515,92.474562
cvz,2,494.875577,98.125917
dzb3,2,1533.383479,306.767717
dxb3,2,341.286193,68.332484
dyb3,2,535.103808,94.216383
csxxsyyszz,2,1296.024956,214.617683
dyf2,2,532.377809,92.086279
dxf2,2,364.087505,68.113210
csxy,2,275.632439,59.343314
dzf2,2,3167.365452,523.089291
dyf3,2,529.322028,91.512150
csyz,2,420.717235,84.400785
dxf3,2,339.743064,67.947615
dzf3,2,1536.724420,307.497999
csxz,2,412.618237,84.686403
dxf,3,337.014938,67.568511
dzb,3,1533.316944,306.993893
dyb,3,531.050443,93.117526
cvx,3,474.506496,91.582493
dyf,3,528.409748,92.575142
dzb2,3,1531.801274,305.435096
dxb,3,344.209379,68.868610
cvy,3,561.766591,101.106758
dzf,3,1534.756145,306.220688
dxb2,3,338.381476,68.001364
dyb2,3,527.904283,92.859883
cvz,3,494.985170,98.266779
dzb3,3,1533.197746,307.053804
dxb3,3,341.514450,68.462444
dyb3,3,534.571080,94.282104
csxxsyyszz,3,1295.644244,214.713319
dyf2,3,532.784130,91.907131
dxf2,3,363.719321,67.996080
csxy,3,275.824953,59.421854
dzf2,3,3168.686803,523.329853
dyf3,3,529.457952,91.378607
csyz,3,421.442483,84.449898
dxf3,3,340.226584,67.896715
dzf3,3,1536.442724,307.529543
csxz,3,413.133020,84.825291
dxf,4,336.492252,67.586657
dzb,4,1533.594966,307.375384
dyb,4,529.046494,93.191263
cvx,4,474.841527,91.571715
dyf,4,528.168277,92.601474
dzb2,4,1532.408372,305.673881
dxb,4,343.873051,68.931719
cvy,4,561.759393,101.066798
dzf,4,1537.522241,306.890281
dxb2,4,338.699432,67.873372
dyb2,4,527.390872,92.778794
cvz,4,495.205371,98.265134
dzb3,4,1534.068064,307.712723
dxb3,4,341.802169,68.671716
dyb3,4,534.599345,94.409519
csxxsyyszz,4,1302.936768,216.209437
dyf2,4,531.227193,91.743332
dxf2,4,364.207549,68.130817
csxy,4,276.944213,59.472398
dzf2,4,3166.597629,523.325725
dyf3,4,530.039912,91.624171
csyz,4,424.783710,84.908254
dxf3,4,342.839158,68.427804
dzf3,4,1536.992527,307.929025
csxz,4,412.680664,84.907915
#========================= OptEWE [OpenMP] =========================
#Grid Size                                    :  1024 x 1024 x 1024
#Iterations                                   :  5
#Compute time                                 :  102.444748
#Total effective MLUPS                        :  52.405899
#===================================================================
#Number of threads                            :  14
