dxf,0,226.820127,49.644135
dzb,0,1023.775759,229.096663
dyb,0,352.958734,69.537729
cvx,0,315.042214,68.394470
dyf,0,352.480255,69.519136
dzb2,0,1024.302626,227.771928
dxb,0,226.478534,51.243747
cvy,0,3108.056625,438.078571
dzf,0,1025.305928,227.656222
dxb2,0,225.015067,51.100970
dyb2,0,352.713124,69.589849
cvz,0,325.874140,73.566957
dzb3,0,1024.654996,229.624580
dxb3,0,229.411769,51.860342
dyb3,0,352.431104,69.646457
csxxsyyszz,0,864.117821,159.283178
dyf2,0,353.712271,68.016502
dxf2,0,224.474377,49.510132
csxy,0,211.344129,50.912229
dzf2,0,1024.116661,229.588409
dyf3,0,352.545419,69.677762
csyz,0,254.794549,59.792740
dxf3,0,225.120160,51.150373
dzf3,0,1024.182811,229.740120
csxz,0,251.915791,61.179192
dxf,1,223.195642,50.895797
dzb,1,1027.548901,230.454797
dyb,1,352.879014,69.695099
cvx,1,315.108282,68.567859
dyf,1,352.412294,69.634154
dzb2,1,1025.301005,228.340119
dxb,1,226.602940,51.396005
cvy,1,313.383427,69.665756
dzf,1,1024.373100,229.729265
dxb2,1,225.258499,51.214429
dyb2,1,352.427916,69.646947
cvz,1,325.927091,73.701632
dzb3,1,1024.681865,229.924223
dxb3,1,229.352571,51.872774
dyb3,1,352.635535,69.721971
csxxsyyszz,1,864.373337,159.410252
dyf2,1,353.643866,68.091883
dxf2,1,224.779788,49.513217
csxy,1,211.336349,50.962321
dzf2,1,1024.344405,229.858361
dyf3,1,354.564957,70.007031
csyz,1,254.731201,59.849393
dxf3,1,225.167774,51.200993
dzf3,1,1026.492921,230.318969
csxz,1,252.032404,61.287656
dxf,2,223.731683,51.042766
dzb,2,1023.520594,229.986320
dyb,2,352.864734,69.697013
cvx,2,315.150190,68.584186
dyf,2,352.404631,69.692991
dzb2,2,1024.197163,228.306244
dxb,2,226.498794,51.412741
cvy,2,315.419195,70.121193
dzf,2,1024.603608,229.990299
dxb2,2,225.211496,51.219988
dyb2,2,352.394528,69.685767
cvz,2,325.794995,73.735401
dzb3,2,1024.347474,229.978357
dxb3,2,229.422992,51.951892
dyb3,2,352.435577,69.692391
csxxsyyszz,2,864.333046,159.510738
dyf2,2,353.556465,68.056008
dxf2,2,224.436742,49.520576
csxy,2,212.215609,51.119541
dzf2,2,1024.381270,229.899831
dyf3,2,352.761001,69.753379
csyz,2,254.817688,59.893229
dxf3,2,225.307646,51.205752
dzf3,2,1024.433564,230.054099
csxz,2,251.953192,61.268567
dxf,3,223.399282,50.985796
dzb,3,1023.836754,229.990063
dyb,3,352.585881,69.674927
cvx,3,315.040352,68.531337
dyf,3,352.376865,69.648181
dzb2,3,1024.111837,228.185038
dxb,3,226.603316,51.369505
cvy,3,313.333535,69.708752
dzf,3,1024.551108,230.200326
dxb2,3,225.078965,51.178816
dyb2,3,352.413040,69.715934
cvz,3,325.923858,73.696540
dzb3,3,1026.264069,230.328517
dxb3,3,229.847048,51.997172
dyb3,3,352.565657,69.720355
csxxsyyszz,3,864.447241,159.515841
dyf2,3,353.759850,68.127793
dxf2,3,224.477048,49.445042
csxy,3,211.432753,51.012617
dzf2,3,1024.132409,229.883657
dyf3,3,352.861896,69.744174
csyz,3,254.814699,59.826832
dxf3,3,225.401514,51.218769
dzf3,3,1024.090530,229.912435
csxz,3,251.717229,61.195019
dxf,4,223.812858,51.092620
dzb,4,1023.679415,229.993294
dyb,4,352.764698,69.759591
cvx,4,315.103949,68.570271
dyf,4,352.343701,69.676587
dzb2,4,1023.356980,228.160802
dxb,4,226.351346,51.326035
cvy,4,313.408721,69.753462
dzf,4,1028.023212,230.571503
dxb2,4,225.232244,51.213172
dyb2,4,352.521083,69.794318
cvz,4,325.862014,73.717559
dzb3,4,1023.904761,229.948775
dxb3,4,229.318012,51.876374
dyb3,4,352.506485,69.716246
csxxsyyszz,4,864.418151,159.684156
dyf2,4,353.784247,68.132616
dxf2,4,224.584521,49.461758
csxy,4,211.241295,50.967168
dzf2,4,1023.937869,229.911382
dyf3,4,352.700452,69.744146
csyz,4,254.814490,59.846193
dxf3,4,225.414563,51.243208
dzf3,4,1024.047124,229.924524
csxz,4,251.830468,61.291371
#========================= OptEWE [OpenMP] =========================
#Grid Size                                    :  1024 x 1024 x 1024
#Iterations                                   :  5
#Compute time                                 :  63.580986
#Total effective MLUPS                        :  84.438909
#===================================================================
#Number of threads                            :  21
