dxf,0,367.776484,70.608224
dzb,0,1727.295631,334.751183
dyb,0,573.490802,97.407161
cvx,0,507.317405,96.934998
dyf,0,570.590308,98.148763
dzb2,0,1711.141116,331.654202
dxb,0,368.618538,71.535033
cvy,0,2870.189592,387.636358
dzf,0,1666.576964,325.000859
dxb2,0,373.322548,72.974228
dyb2,0,570.482211,98.001137
cvz,0,526.202510,102.891772
dzb3,0,1728.931833,335.155926
dxb3,0,370.376132,71.571079
dyb3,0,576.301702,99.596373
csxxsyyszz,0,1379.932426,224.416626
dyf2,0,573.041494,97.092286
dxf2,0,389.957148,71.290722
csxy,0,297.307169,62.417600
dzf2,0,3395.535740,551.362596
dyf3,0,571.982673,96.608545
csyz,0,447.000627,87.432549
dxf3,0,366.287039,71.653034
dzf3,0,1727.543090,335.264249
csxz,0,436.988791,86.852892
dxf,1,366.247997,71.810731
dzb,1,1727.568694,335.274713
dyb,1,573.611269,97.457300
cvx,1,506.338837,96.529186
dyf,1,570.305460,97.943106
dzb2,1,1710.326039,331.598943
dxb,1,368.378710,71.523960
cvy,1,557.112861,100.631996
dzf,1,1666.510549,325.458736
dxb2,1,373.518779,73.078574
dyb2,1,570.979365,98.116987
cvz,1,526.244394,103.042362
dzb3,1,1727.017968,335.038605
dxb3,1,370.400764,71.568744
dyb3,1,576.356628,99.611100
csxxsyyszz,1,1381.615575,224.466196
dyf2,1,587.478323,99.378090
dxf2,1,390.304914,71.260017
csxy,1,298.390626,62.612174
dzf2,1,3395.289163,551.523331
dyf3,1,572.471741,96.760064
csyz,1,447.138160,87.461691
dxf3,1,365.617062,71.567297
dzf3,1,1726.192463,335.285656
csxz,1,437.068255,86.844166
dxf,2,366.432051,71.781597
dzb,2,1728.009256,335.547925
dyb,2,573.828342,97.529983
cvx,2,508.402805,96.863940
dyf,2,575.030395,98.590553
dzb2,2,1708.913042,331.564599
dxb,2,368.145606,71.583424
cvy,2,558.764732,100.735924
dzf,2,1666.225804,326.184795
dxb2,2,373.387077,73.277461
dyb2,2,570.615363,98.010543
cvz,2,526.412157,103.070725
dzb3,2,1728.855693,335.288193
dxb3,2,370.256239,71.509840
dyb3,2,578.079612,99.921058
csxxsyyszz,2,1385.884672,225.299928
dyf2,2,572.779205,97.102538
dxf2,2,390.095640,71.124658
csxy,2,296.979985,62.388592
dzf2,2,3394.477865,551.534045
dyf3,2,572.186727,96.739677
csyz,2,447.360788,87.523545
dxf3,2,366.342553,71.693136
dzf3,2,1727.595664,335.358134
csxz,2,437.383644,86.941206
dxf,3,365.898043,71.779822
dzb,3,1727.707812,335.487448
dyb,3,573.262988,97.387285
cvx,3,506.276628,96.543487
dyf,3,570.383033,98.065992
dzb2,3,1710.080047,331.398297
dxb,3,368.193878,71.607115
cvy,3,560.077210,101.109505
dzf,3,1662.693431,324.896183
dxb2,3,373.160847,73.070116
dyb2,3,571.054937,98.167505
cvz,3,526.241955,103.105049
dzb3,3,1728.155358,335.652964
dxb3,3,370.172729,71.695217
dyb3,3,576.394165,99.561619
csxxsyyszz,3,1381.876242,225.268553
dyf2,3,572.709323,96.955246
dxf2,3,389.946942,71.352684
csxy,3,296.944754,62.555571
dzf2,3,3391.375215,552.518028
dyf3,3,573.003226,97.099754
csyz,3,448.059172,87.859672
dxf3,3,365.502548,71.563430
dzf3,3,1726.400411,336.053872
csxz,3,437.600160,87.008790
dxf,4,365.364517,71.665950
dzb,4,1727.419957,335.477635
dyb,4,573.370420,97.491416
cvx,4,506.310060,96.588484
dyf,4,572.079081,97.869248
dzb2,4,1710.388501,331.739307
dxb,4,368.215163,71.569706
cvy,4,557.552524,100.753055
dzf,4,1661.768910,324.973616
dxb2,4,373.063237,73.061324
dyb2,4,576.589904,99.737332
cvz,4,527.899275,103.555823
dzb3,4,1729.512095,335.989189
dxb3,4,370.447561,71.873547
dyb3,4,575.982652,99.542303
csxxsyyszz,4,1379.916004,224.610051
dyf2,4,572.577244,97.272542
dxf2,4,390.070045,71.338909
csxy,4,297.110920,62.432915
dzf2,4,3395.843696,551.391109
dyf3,4,574.714161,98.584304
csyz,4,447.947343,87.675838
dxf3,4,366.519219,71.680276
dzf3,4,1723.786397,334.897462
csxz,4,436.749446,87.020693
#========================= OptEWE [OpenMP] =========================
#Grid Size                                    :  1024 x 1024 x 1024
#Iterations                                   :  5
#Compute time                                 :  111.234085
#Total effective MLUPS                        :  48.264964
#===================================================================
#Number of threads                            :  13
