dxf,0,264.251684,55.094240
dzb,0,1194.292613,254.053168
dyb,0,412.130788,76.957957
cvx,0,364.994287,74.820711
dyf,0,409.201413,76.580151
dzb2,0,1195.259251,253.066184
dxb,0,264.226480,56.732702
cvy,0,2960.732828,411.321447
dzf,0,1195.461493,252.895653
dxb2,0,263.847515,56.658141
dyb2,0,410.589544,76.728047
cvz,0,390.865405,83.860320
dzb3,0,1194.252649,254.593115
dxb3,0,263.916729,56.769483
dyb3,0,415.758697,77.835983
csxxsyyszz,0,993.688723,174.103623
dyf2,0,412.661351,75.636886
dxf2,0,294.261375,60.206025
csxy,0,238.684336,54.683823
dzf2,0,2446.216673,425.283826
dyf3,0,412.853280,75.705472
csyz,0,379.278893,78.549304
dxf3,0,262.390393,56.373680
dzf3,0,1194.297282,254.636207
csxz,0,377.211759,79.824077
dxf,1,262.171297,56.406426
dzb,1,1192.246112,254.641021
dyb,1,413.522315,77.354952
cvx,1,365.058623,74.785042
dyf,1,410.827223,76.851487
dzb2,1,1194.514362,253.382482
dxb,1,264.268318,56.862891
cvy,1,434.429709,89.587798
dzf,1,1195.130631,254.229090
dxb2,1,263.779941,56.925576
dyb2,1,410.191412,76.847915
cvz,1,390.622903,83.961501
dzb3,1,1192.747640,254.763247
dxb3,1,264.140052,56.836533
dyb3,1,415.821280,77.936947
csxxsyyszz,1,995.889534,174.646381
dyf2,1,411.443438,75.444827
dxf2,1,294.699390,60.354633
csxy,1,239.005568,54.778885
dzf2,1,2442.410722,426.892085
dyf3,1,411.873460,75.593986
csyz,1,379.654801,78.726428
dxf3,1,262.230196,56.511599
dzf3,1,1193.724275,255.228857
csxz,1,377.845494,80.082307
dxf,2,261.603963,56.556687
dzb,2,1192.920646,255.372308
dyb,2,411.639664,77.060463
cvx,2,365.219310,74.874186
dyf,2,409.187830,76.718112
dzb2,2,1194.814127,253.585805
dxb,2,264.892764,57.161940
cvy,2,434.093064,89.881655
dzf,2,1194.539630,254.643807
dxb2,2,265.517954,57.129493
dyb2,2,410.366846,76.876176
cvz,2,390.707969,84.100387
dzb3,2,1194.526554,255.175860
dxb3,2,263.928321,57.010632
dyb3,2,415.311774,77.791528
csxxsyyszz,2,998.961679,175.105241
dyf2,2,412.943957,75.767733
dxf2,2,294.184109,60.304759
csxy,2,238.853286,54.836732
dzf2,2,2445.743248,426.032196
dyf3,2,411.769520,75.572292
csyz,2,379.523425,78.598577
dxf3,2,262.648142,56.521829
dzf3,2,1194.694409,255.119068
csxz,2,378.165697,79.893224
dxf,3,263.126295,56.699371
dzb,3,1194.235734,255.105496
dyb,3,411.730628,77.128086
cvx,3,364.904409,74.819485
dyf,3,409.259725,76.804406
dzb2,3,1194.406634,253.510804
dxb,3,264.292214,56.944414
cvy,3,434.178683,89.634120
dzf,3,1194.175053,254.371261
dxb2,3,263.497427,56.955465
dyb2,3,411.589184,77.155281
cvz,3,390.847483,84.089538
dzb3,3,1193.669988,255.068790
dxb3,3,264.144199,56.940576
dyb3,3,415.584878,77.916183
csxxsyyszz,3,992.868012,174.333609
dyf2,3,412.994610,75.892621
dxf2,3,295.231707,60.584502
csxy,3,238.968874,54.890651
dzf2,3,2447.261317,425.606862
dyf3,3,414.851263,75.981104
csyz,3,379.589944,78.516210
dxf3,3,262.940865,56.483855
dzf3,3,1194.262315,255.112922
csxz,3,378.058577,80.099791
dxf,4,261.808749,56.560519
dzb,4,1192.613002,255.326676
dyb,4,411.839583,77.181653
cvx,4,365.424651,74.954245
dyf,4,411.719418,77.133463
dzb2,4,1194.651961,253.891504
dxb,4,264.322669,56.967869
cvy,4,434.646607,89.773837
dzf,4,1196.691081,254.959623
dxb2,4,263.633355,57.039686
dyb2,4,411.746499,77.169691
cvz,4,391.500294,84.436923
dzb3,4,1193.222048,255.165785
dxb3,4,263.875279,57.089913
dyb3,4,416.373795,78.188871
csxxsyyszz,4,998.887099,175.468374
dyf2,4,411.482346,75.553587
dxf2,4,294.283293,60.375547
csxy,4,238.957981,54.973278
dzf2,4,2446.457938,427.305523
dyf3,4,413.183865,75.859560
csyz,4,379.478995,78.652622
dxf3,4,262.580426,56.687905
dzf3,4,1195.743027,255.793601
csxz,4,378.376291,80.255416
#========================= OptEWE [OpenMP] =========================
#Grid Size                                    :  1024 x 1024 x 1024
#Iterations                                   :  5
#Compute time                                 :  80.957085
#Total effective MLUPS                        :  66.315495
#===================================================================
#Number of threads                            :  18
