dxf,0,453.968158,76.258791
dzb,0,2559.901951,403.940223
dyb,0,845.826115,119.074988
cvx,0,815.866503,121.206852
dyf,0,844.165498,118.554485
dzb2,0,2562.647473,403.208682
dxb,0,485.803068,81.702074
cvy,0,3210.798969,394.165298
dzf,0,2576.659218,407.214468
dxb2,0,476.615440,79.313593
dyb2,0,842.861814,119.249215
cvz,0,825.421010,132.002482
dzb3,0,2561.561278,403.440144
dxb3,0,479.302777,79.943665
dyb3,0,851.300074,123.984043
csxxsyyszz,0,2249.800042,302.760261
dyf2,0,844.629608,118.863269
dxf2,0,479.728923,77.833148
csxy,0,362.740868,68.940071
dzf2,0,3987.934456,578.847572
dyf3,0,847.595343,119.145421
csyz,0,542.453768,93.863071
dxf3,0,454.847565,77.791525
dzf3,0,2568.458676,405.875550
csxz,0,532.166131,93.973162
dxf,1,453.635219,79.777982
dzb,1,2561.629543,407.879901
dyb,1,845.447318,119.597354
cvx,1,817.520863,121.375268
dyf,1,844.037474,118.835310
dzb2,1,2563.237573,403.710782
dxb,1,485.939759,80.754305
cvy,1,824.497264,123.799733
dzf,1,2570.670939,404.746482
dxb2,1,476.374113,79.843987
dyb2,1,842.687948,119.808332
cvz,1,826.918151,131.618551
dzb3,1,2565.958382,404.206282
dxb3,1,479.214686,80.083522
dyb3,1,851.031418,124.060149
csxxsyyszz,1,2249.422932,303.244888
dyf2,1,850.244337,118.980814
dxf2,1,479.449359,77.622326
csxy,1,362.520800,68.893765
dzf2,1,3989.757518,579.091646
dyf3,1,844.374980,118.040949
csyz,1,543.138301,94.029196
dxf3,1,454.679115,77.813318
dzf3,1,2568.111177,406.095060
csxz,1,531.951976,94.097112
dxf,2,450.665541,77.525688
dzb,2,2562.061303,405.880987
dyb,2,849.524190,120.069036
cvx,2,814.235274,121.525235
dyf,2,845.325433,118.390968
dzb2,2,2562.282692,404.238433
dxb,2,486.366278,81.081019
cvy,2,824.868706,124.050364
dzf,2,2569.667359,405.534927
dxb2,2,475.876265,79.774493
dyb2,2,841.752025,120.289407
cvz,2,827.163414,132.801881
dzb3,2,2566.190900,405.271159
dxb3,2,479.906870,80.208300
dyb3,2,849.851657,124.048629
csxxsyyszz,2,2258.154331,304.545077
dyf2,2,845.733124,118.724402
dxf2,2,478.255825,77.616808
csxy,2,362.602572,69.001076
dzf2,2,3988.279697,579.186034
dyf3,2,845.943483,118.336329
csyz,2,542.616384,93.981853
dxf3,2,454.476768,77.856303
dzf3,2,2569.285222,406.078592
csxz,2,534.192052,93.859335
dxf,3,450.753514,77.501430
dzb,3,2565.318210,405.475540
dyb,3,844.946558,120.239837
cvx,3,814.131596,121.035350
dyf,3,844.513934,118.582456
dzb2,3,2561.915344,403.515525
dxb,3,486.050857,80.711581
cvy,3,826.654498,124.144683
dzf,3,2571.192562,404.880501
dxb2,3,476.505160,79.671187
dyb2,3,845.679255,119.731880
cvz,3,825.084351,136.201145
dzb3,3,2561.726523,406.171700
dxb3,3,479.922310,80.113973
dyb3,3,850.601938,124.047111
csxxsyyszz,3,2218.376792,298.682818
dyf2,3,845.236150,118.315095
dxf2,3,479.434197,77.682043
csxy,3,362.639534,68.936752
dzf2,3,3988.968882,579.234507
dyf3,3,846.296732,118.763597
csyz,3,542.723874,93.956823
dxf3,3,454.477278,77.748004
dzf3,3,2569.423497,406.005879
csxz,3,533.099275,94.014546
dxf,4,450.386138,77.520345
dzb,4,2566.006274,406.176400
dyb,4,845.836594,119.284802
cvx,4,814.199199,121.067975
dyf,4,844.658219,118.208093
dzb2,4,2562.721938,407.832348
dxb,4,486.345677,81.530419
cvy,4,824.309240,123.810172
dzf,4,2573.724038,405.490586
dxb2,4,475.994048,79.608630
dyb2,4,841.986539,120.499582
cvz,4,826.067270,131.816090
dzb3,4,2563.277585,404.267589
dxb3,4,479.428443,80.193874
dyb3,4,849.709604,124.261165
csxxsyyszz,4,2249.676849,303.550833
dyf2,4,846.714961,118.588768
dxf2,4,479.158736,77.754212
csxy,4,364.212254,69.191122
dzf2,4,3986.897270,578.848882
dyf3,4,845.683792,118.674669
csyz,4,542.837178,94.012362
dxf3,4,454.236625,77.747303
dzf3,4,2567.491214,405.898088
csxz,4,535.227356,94.252732
#========================= OptEWE [OpenMP] =========================
#Grid Size                                    :  1024 x 1024 x 1024
#Iterations                                   :  5
#Compute time                                 :  156.753952
#Total effective MLUPS                        :  34.249274
#===================================================================
#Number of threads                            :  8
