dxf,0,281.155275,57.751453
dzb,0,1275.293657,265.845542
dyb,0,449.585566,81.629809
cvx,0,390.868098,78.577822
dyf,0,437.251133,80.226990
dzb2,0,1276.314177,264.996597
dxb,0,287.156607,59.899848
cvy,0,2930.810607,402.877742
dzf,0,1279.955372,265.397266
dxb2,0,279.844896,58.849961
dyb2,0,448.241964,81.565218
cvz,0,423.355123,88.645455
dzb3,0,1276.500569,266.486217
dxb3,0,279.794771,58.793617
dyb3,0,457.305543,83.009298
csxxsyyszz,0,1061.649613,182.433570
dyf2,0,439.730082,79.229437
dxf2,0,304.502244,61.616550
csxy,0,240.897904,54.928080
dzf2,0,2593.295999,445.636420
dyf3,0,439.283798,79.373027
csyz,0,395.142222,80.522792
dxf3,0,277.035258,58.422415
dzf3,0,1279.775809,267.660208
csxz,0,385.161158,80.476909
dxf,1,277.282994,58.591436
dzb,1,1277.351840,267.301845
dyb,1,449.919221,81.952136
cvx,1,390.756043,78.717529
dyf,1,437.238592,80.310220
dzb2,1,1276.250573,265.826610
dxb,1,287.025241,59.977846
cvy,1,468.586407,92.819737
dzf,1,1279.031500,266.557122
dxb2,1,280.150142,58.990479
dyb2,1,448.540343,81.604811
cvz,1,423.743305,88.876542
dzb3,1,1275.682080,266.715946
dxb3,1,279.539648,58.900793
dyb3,1,459.798307,83.517722
csxxsyyszz,1,1066.954489,183.453229
dyf2,1,438.819556,79.266642
dxf2,1,305.122351,61.854734
csxy,1,241.155524,55.056772
dzf2,1,2592.817924,446.113479
dyf3,1,439.254564,79.082254
csyz,1,395.490321,80.285778
dxf3,1,277.107078,58.396839
dzf3,1,1278.569413,267.145834
csxz,1,385.514857,80.285335
dxf,2,277.588781,58.655304
dzb,2,1275.825263,266.855656
dyb,2,449.827531,81.781087
cvx,2,390.977256,78.797624
dyf,2,438.022414,80.423651
dzb2,2,1276.285966,265.632627
dxb,2,289.583396,60.422047
cvy,2,468.097688,92.815677
dzf,2,1282.567527,266.765798
dxb2,2,279.977440,58.934378
dyb2,2,448.669003,81.712718
cvz,2,423.638003,88.910774
dzb3,2,1276.296451,267.052792
dxb3,2,279.503310,58.983279
dyb3,2,457.012071,83.150930
csxxsyyszz,2,1067.306123,183.547694
dyf2,2,439.087806,79.315585
dxf2,2,304.878776,61.795614
csxy,2,241.216680,55.092945
dzf2,2,2595.876248,445.457900
dyf3,2,441.180599,79.375284
csyz,2,395.672708,80.297389
dxf3,2,277.458542,58.512798
dzf3,2,1278.500907,267.276101
csxz,2,385.256531,80.314661
dxf,3,277.749186,58.650622
dzb,3,1276.670611,267.067647
dyb,3,450.091512,81.878689
cvx,3,391.019738,78.543600
dyf,3,436.941038,80.328815
dzb2,3,1276.983721,265.717648
dxb,3,287.413624,60.042967
cvy,3,468.138937,92.819872
dzf,3,1280.455897,266.475525
dxb2,3,279.691870,58.918559
dyb2,3,448.321643,81.746468
cvz,3,423.096846,88.814621
dzb3,3,1277.045959,267.168442
dxb3,3,279.686096,58.941231
dyb3,3,457.355865,83.160546
csxxsyyszz,3,1059.207918,182.611034
dyf2,3,438.798448,79.161606
dxf2,3,304.157764,61.887779
csxy,3,241.231511,55.113829
dzf2,3,2596.073088,446.464229
dyf3,3,439.372500,79.114820
csyz,3,395.293425,80.242074
dxf3,3,276.975791,58.404529
dzf3,3,1280.682350,267.686455
csxz,3,384.828526,80.262791
dxf,4,277.418712,58.590408
dzb,4,1277.630064,267.254930
dyb,4,450.002919,81.792011
cvx,4,390.951329,78.776815
dyf,4,437.387268,80.502918
dzb2,4,1276.961874,265.856111
dxb,4,287.050924,60.047774
cvy,4,468.259918,92.874620
dzf,4,1279.205945,266.329473
dxb2,4,279.858338,58.975537
dyb2,4,448.465851,81.698268
cvz,4,423.569238,88.943060
dzb3,4,1275.434395,266.877149
dxb3,4,279.653565,58.947810
dyb3,4,460.236599,83.631687
csxxsyyszz,4,1067.172203,183.581566
dyf2,4,440.032746,79.364309
dxf2,4,304.743422,61.963000
csxy,4,240.940396,55.015925
dzf2,4,2596.653282,445.320654
dyf3,4,440.336604,79.263451
csyz,4,395.756566,80.274158
dxf3,4,276.986123,58.408202
dzf3,4,1277.736908,267.077851
csxz,4,384.549790,80.533811
#========================= OptEWE [OpenMP] =========================
#Grid Size                                    :  1024 x 1024 x 1024
#Iterations                                   :  5
#Compute time                                 :  86.126801
#Total effective MLUPS                        :  62.334942
#===================================================================
#Number of threads                            :  17
