dxf,0,490.806836,80.607165
dzb,0,2910.149722,436.151558
dyb,0,946.338680,132.372114
cvx,0,935.771093,134.441440
dyf,0,940.273029,140.425830
dzb2,0,2915.737810,436.631101
dxb,0,521.773841,83.623858
cvy,0,3427.051913,420.219743
dzf,0,2914.799852,435.818044
dxb2,0,523.863080,83.843535
dyb2,0,940.016752,131.874268
cvz,0,944.113571,146.533708
dzb3,0,2908.379946,436.031481
dxb3,0,521.321663,83.851173
dyb3,0,950.098923,136.948348
csxxsyyszz,0,2580.345458,337.003776
dyf2,0,944.409839,131.513559
dxf2,0,511.884977,82.663435
csxy,0,422.078849,75.359489
dzf2,0,3998.799598,588.564928
dyf3,0,941.916242,131.927827
csyz,0,498.280830,89.621161
dxf3,0,504.851629,84.097329
dzf3,0,2913.917101,437.403062
csxz,0,490.157867,88.770501
dxf,1,490.993732,82.743793
dzb,1,2912.261596,437.756056
dyb,1,945.621081,133.122251
cvx,1,934.771786,135.163902
dyf,1,941.911098,131.712480
dzb2,1,2912.717123,437.381598
dxb,1,521.858120,83.907899
cvy,1,936.085803,139.301390
dzf,1,2920.460176,438.292147
dxb2,1,523.596409,83.866554
dyb2,1,941.713093,132.824234
cvz,1,942.224515,146.617467
dzb3,1,2908.370379,437.456997
dxb3,1,521.207117,84.201730
dyb3,1,951.069028,137.076063
csxxsyyszz,1,2586.265309,339.761352
dyf2,1,941.404294,132.426156
dxf2,1,511.077271,82.651180
csxy,1,421.911958,75.600287
dzf2,1,3989.935257,589.091407
dyf3,1,942.810145,132.103153
csyz,1,498.376368,89.720951
dxf3,1,504.978068,84.294160
dzf3,1,2915.931506,438.919154
csxz,1,490.309546,88.818027
dxf,2,490.137542,82.676090
dzb,2,2908.478244,438.793656
dyb,2,945.840267,132.819017
cvx,2,934.403444,134.815646
dyf,2,942.409980,131.938142
dzb2,2,2915.251726,437.892260
dxb,2,521.839494,84.901188
cvy,2,937.267771,142.471934
dzf,2,2901.072500,438.751978
dxb2,2,523.350961,84.248911
dyb2,2,940.627659,133.433073
cvz,2,943.439326,147.309561
dzb3,2,2896.862198,441.971770
dxb3,2,519.449080,83.814004
dyb3,2,948.223736,136.726997
csxxsyyszz,2,2577.417637,337.349756
dyf2,2,942.391464,131.316731
dxf2,2,511.765700,82.641305
csxy,2,422.264256,75.418237
dzf2,2,3997.886956,588.948642
dyf3,2,940.853800,132.221542
csyz,2,498.756636,89.776940
dxf3,2,504.103857,84.260808
dzf3,2,2894.114428,440.892988
csxz,2,489.434406,88.984730
dxf,3,489.521260,82.510003
dzb,3,2915.025223,438.529158
dyb,3,947.825406,133.125021
cvx,3,932.231151,134.410336
dyf,3,944.538568,132.203071
dzb2,3,2914.811553,436.576610
dxb,3,521.749891,83.636605
cvy,3,936.433509,138.858211
dzf,3,2918.103104,436.218427
dxb2,3,522.468104,83.976650
dyb2,3,937.568463,132.175059
cvz,3,941.687001,146.014782
dzb3,3,2904.040460,439.201132
dxb3,3,521.046359,83.548237
dyb3,3,950.200429,136.801909
csxxsyyszz,3,2584.029887,338.301939
dyf2,3,942.223257,131.476947
dxf2,3,512.476233,82.783604
csxy,3,421.520911,75.293922
dzf2,3,3993.937768,588.614686
dyf3,3,941.006119,132.203498
csyz,3,498.114256,89.725443
dxf3,3,505.410805,84.287717
dzf3,3,2913.560410,437.021306
csxz,3,490.689609,89.253146
dxf,4,488.347419,82.296255
dzb,4,2902.811886,437.322993
dyb,4,944.353693,132.341533
cvx,4,930.369883,134.084440
dyf,4,941.293445,131.789563
dzb2,4,2911.144257,436.242401
dxb,4,521.576471,83.755780
cvy,4,937.400182,139.308620
dzf,4,2904.787778,437.417571
dxb2,4,521.669832,84.097065
dyb2,4,938.136081,132.631979
cvz,4,942.917115,146.106077
dzb3,4,2908.024657,438.709985
dxb3,4,519.527577,83.817446
dyb3,4,951.884702,137.278276
csxxsyyszz,4,2582.796729,339.415490
dyf2,4,942.040154,131.827863
dxf2,4,511.535048,82.746775
csxy,4,421.453247,75.473258
dzf2,4,3990.515896,588.739403
dyf3,4,941.212210,132.323903
csyz,4,500.262944,90.055798
dxf3,4,505.159684,84.298769
dzf3,4,2910.459466,436.832769
csxz,4,490.346001,89.036859
#========================= OptEWE [OpenMP] =========================
#Grid Size                                    :  1024 x 1024 x 1024
#Iterations                                   :  5
#Compute time                                 :  172.913467
#Total effective MLUPS                        :  31.048531
#===================================================================
#Number of threads                            :  7
