dxf,0,454.130803,76.538342
dzb,0,2551.488703,403.563826
dyb,0,846.016569,120.174880
cvx,0,814.934616,121.077834
dyf,0,843.897389,119.322594
dzb2,0,2557.439122,404.543585
dxb,0,476.299469,80.135515
cvy,0,3237.842456,393.271518
dzf,0,2564.261673,404.571353
dxb2,0,473.566552,79.462845
dyb2,0,842.524080,119.755087
cvz,0,826.983386,132.057533
dzb3,0,2558.106815,404.143769
dxb3,0,474.475482,79.660668
dyb3,0,851.159822,123.616118
csxxsyyszz,0,2249.474953,303.085513
dyf2,0,845.138610,119.653090
dxf2,0,481.030919,78.109634
csxy,0,362.495118,68.848054
dzf2,0,3918.367335,569.494069
dyf3,0,847.988334,118.699761
csyz,0,531.280470,93.154371
dxf3,0,471.233934,80.174898
dzf3,0,2561.748419,405.320089
csxz,0,522.452763,92.896137
dxf,1,451.674208,77.612932
dzb,1,2551.104685,408.361227
dyb,1,846.615791,119.891226
cvx,1,814.627524,120.950720
dyf,1,846.656738,119.095296
dzb2,1,2556.389860,403.664742
dxb,1,476.258882,80.048480
cvy,1,823.030498,123.756599
dzf,1,2562.877728,404.825468
dxb2,1,474.357003,79.666438
dyb2,1,843.820426,119.502944
cvz,1,827.773024,131.951660
dzb3,1,2560.527034,404.506668
dxb3,1,474.761944,80.023193
dyb3,1,850.174821,124.044445
csxxsyyszz,1,2240.413876,301.552755
dyf2,1,845.902517,118.820588
dxf2,1,480.914474,77.858255
csxy,1,362.197107,68.819563
dzf2,1,3915.321916,569.527889
dyf3,1,844.309153,118.565054
csyz,1,531.261486,93.618762
dxf3,1,470.855741,80.431162
dzf3,1,2558.910723,405.443275
csxz,1,522.799254,93.037812
dxf,2,452.326005,77.913650
dzb,2,2550.078164,405.158022
dyb,2,846.999673,120.303041
cvx,2,816.432341,121.743982
dyf,2,845.961592,119.222528
dzb2,2,2555.440249,404.357559
dxb,2,476.502559,80.198967
cvy,2,823.093195,123.959079
dzf,2,2565.682059,405.865379
dxb2,2,474.543367,80.293159
dyb2,2,844.241019,119.918147
cvz,2,828.466836,132.436409
dzb3,2,2562.846772,405.824627
dxb3,2,475.846284,80.216633
dyb3,2,850.717099,124.233150
csxxsyyszz,2,2248.546397,304.617818
dyf2,2,844.938521,119.530833
dxf2,2,480.674720,78.791635
csxy,2,361.489586,69.969768
dzf2,2,3916.969243,569.956125
dyf3,2,846.799051,119.221789
csyz,2,529.848162,93.365405
dxf3,2,470.656409,80.249658
dzf3,2,2561.642964,405.556770
csxz,2,522.809483,93.016809
dxf,3,452.011493,77.697438
dzb,3,2551.500169,405.006043
dyb,3,848.789551,120.055662
cvx,3,816.451185,121.524090
dyf,3,844.100619,118.791070
dzb2,3,2554.315443,403.440048
dxb,3,476.511856,79.963273
cvy,3,823.214844,123.733678
dzf,3,2564.297700,404.728937
dxb2,3,474.181277,79.621609
dyb2,3,844.181119,120.032000
cvz,3,830.399210,132.475743
dzb3,3,2573.254201,407.681902
dxb3,3,474.769178,79.361631
dyb3,3,850.215146,124.285709
csxxsyyszz,3,2244.200842,303.552886
dyf2,3,844.620596,118.971697
dxf2,3,481.280372,78.094589
csxy,3,362.535249,68.996980
dzf2,3,3915.686838,570.075930
dyf3,3,844.353848,118.891830
csyz,3,531.425975,93.275725
dxf3,3,470.678106,80.457783
dzf3,3,2560.578571,406.445363
csxz,3,521.928733,93.015582
dxf,4,451.770277,77.797108
dzb,4,2551.076406,404.525839
dyb,4,848.982078,120.463063
cvx,4,815.003273,121.197193
dyf,4,844.227370,118.848949
dzb2,4,2556.411077,403.642233
dxb,4,476.639617,80.003658
cvy,4,823.682182,123.737153
dzf,4,2562.326332,406.010041
dxb2,4,474.816398,79.931747
dyb2,4,844.375505,121.073688
cvz,4,829.403629,132.377706
dzb3,4,2559.780124,405.096189
dxb3,4,474.503863,80.145295
dyb3,4,850.042607,124.134901
csxxsyyszz,4,2248.958412,304.188360
dyf2,4,846.125514,118.682321
dxf2,4,481.400061,78.153255
csxy,4,361.061656,68.767697
dzf2,4,3912.955978,569.470044
dyf3,4,847.257310,118.811992
csyz,4,530.335954,93.483672
dxf3,4,470.665494,80.139150
dzf3,4,2560.059104,405.342056
csxz,4,523.134398,93.139718
#========================= OptEWE [OpenMP] =========================
#Grid Size                                    :  1024 x 1024 x 1024
#Iterations                                   :  5
#Compute time                                 :  156.152588
#Total effective MLUPS                        :  34.381173
#===================================================================
#Number of threads                            :  8
