dxf,0,459.778182,77.103976
dzb,0,2560.874972,405.022557
dyb,0,847.157780,119.949281
cvx,0,815.299266,121.544203
dyf,0,846.967838,120.862957
dzb2,0,2558.700857,403.906912
dxb,0,494.217762,81.806489
cvy,0,3209.719239,388.884440
dzf,0,2568.009913,405.112047
dxb2,0,470.746986,79.539907
dyb2,0,842.384395,120.613922
cvz,0,825.619682,131.800770
dzb3,0,2558.672952,405.476440
dxb3,0,469.477585,78.866252
dyb3,0,851.584526,124.249723
csxxsyyszz,0,2243.596742,302.277683
dyf2,0,846.457976,118.581722
dxf2,0,475.758420,77.149038
csxy,0,364.630151,69.178980
dzf2,0,3928.656351,571.134025
dyf3,0,846.341156,118.232634
csyz,0,543.071445,93.859060
dxf3,0,461.932990,78.680007
dzf3,0,2566.918991,405.022297
csxz,0,535.223085,93.559759
dxf,1,453.334609,77.814136
dzb,1,2555.731681,404.147925
dyb,1,845.869896,119.261036
cvx,1,814.484508,121.126120
dyf,1,843.747288,118.905957
dzb2,1,2561.211750,403.302402
dxb,1,495.134889,81.697753
cvy,1,824.202224,123.717266
dzf,1,2566.429158,405.265188
dxb2,1,469.942404,79.101482
dyb2,1,843.452821,120.063135
cvz,1,824.980601,132.438098
dzb3,1,2557.171057,403.190369
dxb3,1,469.022988,79.042072
dyb3,1,850.670942,124.016862
csxxsyyszz,1,2233.045283,301.651689
dyf2,1,845.399432,119.133944
dxf2,1,476.337831,77.434417
csxy,1,364.360963,69.305610
dzf2,1,3926.654667,571.669123
dyf3,1,845.950812,118.845349
csyz,1,542.659867,93.960456
dxf3,1,461.729151,78.810582
dzf3,1,2565.145010,405.916325
csxz,1,531.728818,93.876446
dxf,2,453.124750,77.836622
dzb,2,2556.012045,404.403962
dyb,2,847.646787,121.037144
cvx,2,814.896835,124.800798
dyf,2,845.314298,118.938688
dzb2,2,2562.627156,403.779928
dxb,2,494.190098,81.429773
cvy,2,824.239163,123.570137
dzf,2,2568.493903,404.367254
dxb2,2,469.853206,79.068387
dyb2,2,842.831745,120.150580
cvz,2,825.056121,132.245793
dzb3,2,2556.495611,402.645675
dxb3,2,470.346205,79.372041
dyb3,2,855.934025,124.692456
csxxsyyszz,2,2238.990969,303.328418
dyf2,2,848.420700,119.238664
dxf2,2,476.146480,77.397832
csxy,2,364.158961,69.110354
dzf2,2,3926.811778,571.638762
dyf3,2,846.121877,118.737936
csyz,2,544.380381,94.302059
dxf3,2,461.746425,78.696473
dzf3,2,2565.921896,407.041341
csxz,2,530.326721,93.865335
dxf,3,452.751598,77.824408
dzb,3,2557.079287,404.835278
dyb,3,847.211858,120.447154
cvx,3,815.669332,121.437137
dyf,3,848.897182,119.560798
dzb2,3,2563.214301,404.437233
dxb,3,494.394407,81.499446
cvy,3,824.026258,123.700704
dzf,3,2566.963238,404.904204
dxb2,3,469.890771,79.143546
dyb2,3,842.961652,119.913789
cvz,3,824.902051,132.326369
dzb3,3,2561.378577,404.119796
dxb3,3,468.504185,78.921646
dyb3,3,854.391278,124.625341
csxxsyyszz,3,2239.401945,302.580943
dyf2,3,846.350826,118.750354
dxf2,3,476.368458,77.198471
csxy,3,364.384916,69.248564
dzf2,3,3926.376557,571.102226
dyf3,3,848.694532,119.412191
csyz,3,543.113462,93.876910
dxf3,3,461.823485,78.721452
dzf3,3,2565.321999,405.474890
csxz,3,531.124218,93.945458
dxf,4,453.248201,77.836536
dzb,4,2556.920320,404.540044
dyb,4,847.929664,119.623247
cvx,4,815.677512,121.338017
dyf,4,846.251058,119.117942
dzb2,4,2560.726038,403.465265
dxb,4,494.242379,81.527072
cvy,4,824.119238,123.611397
dzf,4,2567.459822,404.722703
dxb2,4,470.080391,79.176176
dyb2,4,842.663082,120.054401
cvz,4,825.098391,131.644719
dzb3,4,2560.992856,403.972622
dxb3,4,469.690967,79.128217
dyb3,4,850.012865,124.120207
csxxsyyszz,4,2231.054039,300.708335
dyf2,4,846.740617,118.669995
dxf2,4,476.341658,77.267872
csxy,4,364.464084,69.157805
dzf2,4,3929.931277,571.185405
dyf3,4,847.119096,118.250813
csyz,4,543.056929,93.837619
dxf3,4,461.634621,78.577464
dzf3,4,2565.018855,404.783597
csxz,4,532.599007,93.762247
#========================= OptEWE [OpenMP] =========================
#Grid Size                                    :  1024 x 1024 x 1024
#Iterations                                   :  5
#Compute time                                 :  156.329224
#Total effective MLUPS                        :  34.342326
#===================================================================
#Number of threads                            :  8
