dxf,0,830.768780,128.977723
dzb,0,3214.465996,517.314989
dyb,0,895.340111,141.273337
cvx,0,1366.131933,207.969864
dyf,0,895.627594,140.545508
dzb2,0,2023.099885,371.134043
dxb,0,820.088433,129.297239
cvy,0,3152.521318,416.952044
dzf,0,2026.866006,371.780486
dxb2,0,947.473360,146.992276
dyb2,0,894.330576,140.307463
cvz,0,1597.771563,243.084225
dzb3,0,4483.438657,679.669040
dxb3,0,1057.231062,160.805190
dyb3,0,1083.402683,165.893910
csxxsyyszz,0,1547.800240,249.856695
dyf2,0,1081.166503,165.613765
dxf2,0,1057.078831,160.741110
csxy,0,758.672804,121.132093
dzf2,0,4483.175855,679.779639
dyf3,0,1082.513462,165.850995
csyz,0,996.113153,157.375768
dxf3,0,1054.931211,160.470917
dzf3,0,4480.815491,679.374139
csxz,0,1204.212682,185.753047
dxf,1,829.665070,129.250408
dzb,1,3224.784920,518.182489
dyb,1,901.635674,141.314039
cvx,1,1367.957356,208.319216
dyf,1,893.129395,140.120522
dzb2,1,2026.771011,371.830021
dxb,1,820.587916,129.402818
cvy,1,1365.878718,208.486093
dzf,1,2027.916424,373.079893
dxb2,1,942.084465,147.234500
dyb2,1,888.084199,140.320668
cvz,1,1596.105660,243.292741
dzb3,1,4479.483015,680.206754
dxb3,1,1055.090074,160.627103
dyb3,1,1082.551673,165.978935
csxxsyyszz,1,1558.409477,251.308506
dyf2,1,1081.881936,165.844355
dxf2,1,1056.799819,160.927609
csxy,1,757.727944,121.119789
dzf2,1,4478.747498,679.558316
dyf3,1,1081.364215,165.848491
csyz,1,996.907956,157.513576
dxf3,1,1056.332044,160.770638
dzf3,1,4483.116055,680.031587
csxz,1,1205.838986,186.043742
dxf,2,828.545309,129.233225
dzb,2,3222.288999,518.207699
dyb,2,900.775108,141.368011
cvx,2,1368.327741,208.520782
dyf,2,892.941957,140.198875
dzb2,2,2025.114410,371.953164
dxb,2,821.254876,129.534992
cvy,2,1365.680631,208.222833
dzf,2,2028.007276,372.624599
dxb2,2,949.441484,147.253154
dyb2,2,893.860958,140.466875
cvz,2,1597.109999,243.286966
dzb3,2,4483.986473,680.298088
dxb3,2,1055.942952,160.751077
dyb3,2,1073.210358,165.972976
csxxsyyszz,2,1558.381715,251.181906
dyf2,2,1080.852144,165.700024
dxf2,2,1056.084250,160.765615
csxy,2,758.487790,121.148087
dzf2,2,4477.806897,679.511803
dyf3,2,1081.977466,165.848509
csyz,2,997.182185,157.581483
dxf3,2,1055.190498,160.623300
dzf3,2,4476.697847,680.122403
csxz,2,1205.546983,186.678746
dxf,3,828.944063,129.445979
dzb,3,3224.302501,518.828714
dyb,3,900.663345,141.404641
cvx,3,1369.468321,208.854527
dyf,3,885.738136,140.895645
dzb2,3,2024.079514,371.867530
dxb,3,820.945986,129.438685
cvy,3,1366.287970,208.257912
dzf,3,2030.493961,373.043675
dxb2,3,948.254030,147.143943
dyb2,3,893.628358,140.434941
cvz,3,1599.624757,243.613677
dzb3,3,4482.833223,680.519234
dxb3,3,1056.622016,160.890921
dyb3,3,1081.345609,165.852252
csxxsyyszz,3,1538.488622,248.591408
dyf2,3,1081.518148,165.898688
dxf2,3,1056.536720,160.854965
csxy,3,758.202101,121.118044
dzf2,3,4474.936210,679.660662
dyf3,3,1080.919028,165.730133
csyz,3,997.181400,157.603568
dxf3,3,1056.423079,160.875482
dzf3,3,4471.203582,679.684027
csxz,3,1205.714106,186.172817
dxf,4,828.849179,129.311453
dzb,4,3221.451337,518.649654
dyb,4,901.144228,141.684593
cvx,4,1367.805544,208.571481
dyf,4,892.818533,140.267380
dzb2,4,2023.471136,371.718883
dxb,4,820.289756,129.538169
cvy,4,1366.670507,208.489676
dzf,4,2027.571192,372.764432
dxb2,4,949.445845,147.374258
dyb2,4,895.880722,140.999462
cvz,4,1595.541020,243.339357
dzb3,4,4482.385218,680.256045
dxb3,4,1057.100278,160.919432
dyb3,4,1083.132215,166.014715
csxxsyyszz,4,1543.147862,249.345970
dyf2,4,1081.342716,165.758202
dxf2,4,1056.133238,160.846193
csxy,4,757.287220,121.055203
dzf2,4,4481.089645,679.841156
dyf3,4,1080.437155,165.687705
csyz,4,998.480425,157.708481
dxf3,4,1056.049902,160.700372
dzf3,4,4482.217197,679.884433
csxz,4,1206.379743,186.413322
#========================= OptEWE [OpenMP] =========================
#Grid Size                                    :  1024 x 1024 x 1024
#Iterations                                   :  5
#Compute time                                 :  208.039719
#Total effective MLUPS                        :  25.806174
#===================================================================
#Number of threads                            :  12
