dxf,0,401.401129,71.782448
dzb,0,1928.148492,346.701820
dyb,0,662.340217,103.526317
cvx,0,601.777654,105.711898
dyf,0,663.183791,103.756597
dzb2,0,1929.560830,346.222010
dxb,0,416.706276,75.460096
cvy,0,2904.028845,365.626566
dzf,0,1939.864065,347.988343
dxb2,0,405.905313,73.912040
dyb2,0,659.521501,103.436616
cvz,0,611.544428,110.863998
dzb3,0,1931.037283,348.726918
dxb3,0,404.007457,76.589886
dyb3,0,665.482662,107.896238
csxxsyyszz,0,1630.171869,237.874483
dyf2,0,664.116316,102.623917
dxf2,0,431.791593,73.075988
csxy,0,323.072649,65.310501
dzf2,0,3814.139390,571.322658
dyf3,0,665.744193,102.738575
csyz,0,490.288908,90.159469
dxf3,0,406.154744,73.880218
dzf3,0,1940.982569,349.669450
csxz,0,486.187225,90.365316
dxf,1,401.205387,73.276105
dzb,1,1931.119835,348.401907
dyb,1,662.203718,103.599351
cvx,1,602.212125,105.929010
dyf,1,661.121043,103.381429
dzb2,1,1932.179715,346.898432
dxb,1,416.592487,75.648036
cvy,1,630.433927,105.990080
dzf,1,1940.125206,349.016227
dxb2,1,405.733280,73.898907
dyb2,1,659.627515,103.589085
cvz,1,611.307539,110.996568
dzb3,1,1935.390876,348.943997
dxb3,1,404.682094,75.334660
dyb3,1,664.605389,109.996804
csxxsyyszz,1,1628.799887,237.414815
dyf2,1,662.203221,102.405263
dxf2,1,432.987666,73.887248
csxy,1,329.926067,66.464651
dzf2,1,3815.732307,571.987955
dyf3,1,663.078843,102.574431
csyz,1,491.053160,90.324645
dxf3,1,406.216545,73.938379
dzf3,1,1937.934453,349.592272
csxz,1,486.599026,90.481117
dxf,2,399.240150,73.006187
dzb,2,1927.390807,348.296571
dyb,2,662.178792,103.936513
cvx,2,601.728085,106.007048
dyf,2,660.533061,103.720775
dzb2,2,1931.986041,347.655282
dxb,2,417.016556,75.722093
cvy,2,631.810487,106.172855
dzf,2,1937.314394,349.054288
dxb2,2,405.668252,74.053766
dyb2,2,659.460151,103.732281
cvz,2,611.241317,111.041630
dzb3,2,1929.725432,348.591000
dxb3,2,404.965519,73.896355
dyb3,2,665.028728,109.817602
csxxsyyszz,2,1655.156544,242.378915
dyf2,2,662.144344,102.615418
dxf2,2,430.485383,73.065550
csxy,2,322.892531,65.368171
dzf2,2,3814.876555,572.127749
dyf3,2,661.717388,102.415360
csyz,2,488.655786,90.359932
dxf3,2,405.803790,73.982915
dzf3,2,1937.092343,349.784272
csxz,2,486.631689,90.688874
dxf,3,399.262366,73.108447
dzb,3,1928.311207,348.423596
dyb,3,662.620356,103.893929
cvx,3,601.935273,106.203515
dyf,3,660.768960,103.408343
dzb2,3,1927.832160,347.274994
dxb,3,416.479292,75.668830
cvy,3,630.131234,106.011103
dzf,3,1935.654601,349.228006
dxb2,3,405.610033,74.111902
dyb2,3,659.115864,103.783823
cvz,3,611.110454,110.966266
dzb3,3,1932.137033,349.299072
dxb3,3,404.825834,73.960980
dyb3,3,667.976463,109.174335
csxxsyyszz,3,1654.854000,244.190265
dyf2,3,662.757952,102.582377
dxf2,3,429.442627,72.965514
csxy,3,322.890312,65.371334
dzf2,3,3817.171503,572.449646
dyf3,3,661.182532,102.423953
csyz,3,491.226741,90.416357
dxf3,3,406.747476,74.033896
dzf3,3,1938.150564,349.738261
csxz,3,486.288550,90.481182
dxf,4,398.834189,73.067169
dzb,4,1927.669625,348.373812
dyb,4,662.011121,103.884772
cvx,4,601.836628,106.007456
dyf,4,662.652885,103.723636
dzb2,4,1931.250906,347.398609
dxb,4,416.325993,75.629026
cvy,4,631.994787,106.246882
dzf,4,1938.625575,349.064390
dxb2,4,405.791565,74.007606
dyb2,4,661.370667,103.858510
cvz,4,611.182649,111.117091
dzb3,4,1928.728555,348.255291
dxb3,4,405.019610,73.967700
dyb3,4,667.177108,107.609482
csxxsyyszz,4,1655.315865,243.334423
dyf2,4,662.560680,102.505070
dxf2,4,428.900214,72.977120
csxy,4,324.333453,65.592708
dzf2,4,3816.859122,572.387521
dyf3,4,663.481648,102.546324
csyz,4,490.651639,90.288999
dxf3,4,406.215240,73.995763
dzf3,4,1938.269601,349.735763
csxz,4,486.450179,90.492018
#========================= OptEWE [OpenMP] =========================
#Grid Size                                    :  1024 x 1024 x 1024
#Iterations                                   :  5
#Compute time                                 :  125.839569
#Total effective MLUPS                        :  42.663124
#===================================================================
#Number of threads                            :  11
