dxf,0,220.590345,48.757421
dzb,0,983.077286,223.476416
dyb,0,339.217551,67.711452
cvx,0,303.126594,67.067378
dyf,0,337.759202,67.518337
dzb2,0,984.116094,222.411354
dxb,0,218.899842,50.344475
cvy,0,3138.056369,445.900184
dzf,0,983.524680,222.045668
dxb2,0,223.076998,50.970366
dyb2,0,337.329274,67.449061
cvz,0,313.641243,71.906360
dzb3,0,980.874503,223.687825
dxb3,0,218.789779,50.410656
dyb3,0,338.067410,67.687308
csxxsyyszz,0,811.143320,153.161415
dyf2,0,340.680088,66.252563
dxf2,0,217.945473,48.560042
csxy,0,205.457127,50.219130
dzf2,0,982.320060,223.917930
dyf3,0,338.388855,67.682372
csyz,0,247.853639,58.929939
dxf3,0,220.112106,50.582777
dzf3,0,984.858213,224.516078
csxz,0,245.019625,60.315622
dxf,1,216.595235,50.025798
dzb,1,981.457838,223.933877
dyb,1,339.064555,67.822231
cvx,1,302.978476,67.174139
dyf,1,337.747374,67.642254
dzb2,1,983.534365,222.653078
dxb,1,218.952819,50.396095
cvy,1,301.559564,68.572951
dzf,1,981.785236,224.078117
dxb2,1,223.306766,51.170868
dyb2,1,339.533358,68.036733
cvz,1,313.816671,72.053178
dzb3,1,981.661062,224.074243
dxb3,1,219.366225,50.580416
dyb3,1,337.775036,67.692756
csxxsyyszz,1,814.200040,153.918602
dyf2,1,339.190738,66.087235
dxf2,1,217.882127,48.569681
csxy,1,205.342111,50.249421
dzf2,1,981.079159,223.987203
dyf3,1,337.444285,67.631199
csyz,1,247.652951,58.989639
dxf3,1,220.129099,50.637500
dzf3,1,983.943293,224.603905
csxz,1,245.153039,60.390150
dxf,2,216.931770,50.184378
dzb,2,981.394867,224.075130
dyb,2,339.206611,67.950369
cvx,2,302.824915,67.213308
dyf,2,337.754694,67.712467
dzb2,2,981.901488,222.456119
dxb,2,219.400845,50.463682
cvy,2,300.974275,68.528577
dzf,2,981.805518,224.153535
dxb2,2,224.597500,51.400280
dyb2,2,338.216829,67.828389
cvz,2,313.383982,72.021855
dzb3,2,981.845216,224.255739
dxb3,2,218.997281,50.556765
dyb3,2,337.484613,67.627335
csxxsyyszz,2,817.381007,154.639825
dyf2,2,338.531412,66.035653
dxf2,2,217.991617,48.655180
csxy,2,205.199020,50.236461
dzf2,2,981.617672,224.160079
dyf3,2,337.395078,67.697972
csyz,2,247.604237,59.029246
dxf3,2,219.837469,50.624664
dzf3,2,983.247302,224.580541
csxz,2,244.935605,60.428649
dxf,3,216.964282,50.169630
dzb,3,982.238911,224.375204
dyb,3,339.315108,67.962650
cvx,3,304.919722,67.554290
dyf,3,337.698340,67.675767
dzb2,3,982.617754,222.623955
dxb,3,219.318868,50.504123
cvy,3,300.869606,68.559663
dzf,3,981.739421,224.262036
dxb2,3,223.019438,51.100195
dyb2,3,337.468481,67.629827
cvz,3,313.815531,72.124894
dzb3,3,981.118123,224.147184
dxb3,3,218.918495,50.523153
dyb3,3,337.831442,67.709790
csxxsyyszz,3,817.792615,154.716199
dyf2,3,339.048257,66.106827
dxf2,3,218.128231,48.600332
csxy,3,205.527033,50.320860
dzf2,3,981.619618,224.212450
dyf3,3,337.514298,67.774039
csyz,3,247.585641,59.028418
dxf3,3,220.065831,50.694939
dzf3,3,983.742116,224.613038
csxz,3,245.102971,60.454473
dxf,4,217.139118,50.234489
dzb,4,981.436977,224.341835
dyb,4,340.840072,68.328840
cvx,4,303.167894,67.232449
dyf,4,337.919567,67.713747
dzb2,4,982.141572,222.610641
dxb,4,218.753003,50.405538
cvy,4,300.864991,68.561227
dzf,4,982.577291,224.394335
dxb2,4,223.287805,51.145931
dyb2,4,337.456568,67.660040
cvz,4,313.712074,72.107963
dzb3,4,981.452500,224.243669
dxb3,4,218.751246,50.493877
dyb3,4,340.508020,68.155616
csxxsyyszz,4,817.756527,154.786879
dyf2,4,338.974786,66.154168
dxf2,4,218.177472,48.698450
csxy,4,205.294702,50.270547
dzf2,4,981.537296,224.195893
dyf3,4,337.955744,67.812214
csyz,4,248.423904,59.194695
dxf3,4,220.158517,50.690134
dzf3,4,983.808853,224.666105
csxz,4,245.918181,60.787017
#========================= OptEWE [OpenMP] =========================
#Grid Size                                    :  1024 x 1024 x 1024
#Iterations                                   :  5
#Compute time                                 :  61.208080
#Total effective MLUPS                        :  87.712424
#===================================================================
#Number of threads                            :  22
