dxf,0,401.104543,71.837896
dzb,0,1927.372200,347.850082
dyb,0,663.325823,103.948391
cvx,0,601.163763,105.826753
dyf,0,662.409971,103.692223
dzb2,0,1927.572716,347.025284
dxb,0,406.583697,74.234035
cvy,0,2904.515906,367.138022
dzf,0,1935.333628,355.069517
dxb2,0,409.317981,74.722689
dyb2,0,661.993931,104.018290
cvz,0,610.580012,110.993866
dzb3,0,1926.736532,348.251498
dxb3,0,405.876189,74.122888
dyb3,0,670.276518,108.221353
csxxsyyszz,0,1664.534225,243.198710
dyf2,0,665.204662,102.815880
dxf2,0,434.235607,73.678999
csxy,0,325.148758,65.470366
dzf2,0,3830.526082,574.657492
dyf3,0,664.246402,102.805717
csyz,0,495.850865,91.094760
dxf3,0,405.001412,73.841358
dzf3,0,1936.626189,349.754506
csxz,0,492.756084,91.310244
dxf,1,399.212766,73.041001
dzb,1,1929.300939,348.915714
dyb,1,663.075504,103.969239
cvx,1,601.422082,105.939674
dyf,1,662.236710,103.725440
dzb2,1,1928.826650,347.285354
dxb,1,406.680799,74.245284
cvy,1,630.087850,106.262394
dzf,1,1936.032399,353.920924
dxb2,1,409.483758,74.700521
dyb2,1,662.581016,104.243998
cvz,1,610.386199,111.347730
dzb3,1,1931.980461,349.581261
dxb3,1,405.867456,74.338562
dyb3,1,667.995133,108.323671
csxxsyyszz,1,1637.739526,239.711627
dyf2,1,664.668833,103.203556
dxf2,1,432.749381,73.750115
csxy,1,323.004822,65.429346
dzf2,1,3827.813723,575.516627
dyf3,1,662.157985,102.888279
csyz,1,498.251715,91.488728
dxf3,1,405.349708,74.066204
dzf3,1,1937.106293,351.311301
csxz,1,491.198807,91.452273
dxf,2,399.436924,73.398152
dzb,2,1925.462430,348.492454
dyb,2,662.757477,103.949241
cvx,2,601.349561,106.048566
dyf,2,662.106602,103.790692
dzb2,2,1928.844936,347.543994
dxb,2,406.654965,74.242811
cvy,2,631.945260,106.493007
dzf,2,1936.583241,352.802639
dxb2,2,408.502219,77.354128
dyb2,2,661.569399,105.035490
cvz,2,610.597039,111.268213
dzb3,2,1929.475221,350.314153
dxb3,2,406.130941,74.359911
dyb3,2,669.682695,108.281376
csxxsyyszz,2,1666.069479,242.990434
dyf2,2,665.317739,103.065396
dxf2,2,433.115006,73.799186
csxy,2,323.693669,65.366449
dzf2,2,3829.860688,575.197625
dyf3,2,661.689733,102.547684
csyz,2,497.588417,91.049205
dxf3,2,405.145039,73.867420
dzf3,2,1937.694060,350.264799
csxz,2,491.100590,91.170880
dxf,3,399.203990,73.130983
dzb,3,1929.349795,349.201438
dyb,3,665.053791,104.334798
cvx,3,601.860063,106.119754
dyf,3,660.617080,103.630560
dzb2,3,1932.057281,348.052018
dxb,3,406.561409,74.239307
cvy,3,630.807289,106.366258
dzf,3,1938.282223,350.095723
dxb2,3,409.446691,74.844562
dyb2,3,659.819395,103.764708
cvz,3,610.496616,111.217243
dzb3,3,1930.213964,349.431660
dxb3,3,406.526889,74.311345
dyb3,3,668.005349,108.037898
csxxsyyszz,3,1637.923181,239.587482
dyf2,3,663.417734,102.753054
dxf2,3,433.312642,73.698136
csxy,3,323.542827,65.402439
dzf2,3,3830.681339,575.195357
dyf3,3,663.533439,103.002214
csyz,3,496.387903,91.186107
dxf3,3,404.832488,73.882426
dzf3,3,1937.436540,350.278700
csxz,3,493.015835,91.480580
dxf,4,399.593244,73.161186
dzb,4,1926.984717,348.782101
dyb,4,662.895455,104.031780
cvx,4,601.490130,106.175599
dyf,4,662.450046,103.767584
dzb2,4,1930.392958,347.949450
dxb,4,406.399651,74.235668
cvy,4,630.533006,106.400571
dzf,4,1941.111714,350.853685
dxb2,4,409.282369,77.635312
dyb2,4,657.966837,108.495509
cvz,4,610.616860,111.164069
dzb3,4,1929.617941,349.164158
dxb3,4,406.381329,74.346242
dyb3,4,667.790729,108.203806
csxxsyyszz,4,1637.677287,240.250824
dyf2,4,665.531887,103.259215
dxf2,4,433.715706,73.749989
csxy,4,323.654507,65.416300
dzf2,4,3829.869905,575.521664
dyf3,4,664.073475,102.865577
csyz,4,498.539681,91.096035
dxf3,4,406.857796,74.204428
dzf3,4,1934.576716,349.954901
csxz,4,491.797401,91.539427
#========================= OptEWE [OpenMP] =========================
#Grid Size                                    :  1024 x 1024 x 1024
#Iterations                                   :  5
#Compute time                                 :  125.968674
#Total effective MLUPS                        :  42.619399
#===================================================================
#Number of threads                            :  11
