dxf,0,319.095213,62.768065
dzb,0,1446.678081,289.067354
dyb,0,498.425052,88.158430
cvx,0,444.213277,87.531178
dyf,0,496.717744,87.916545
dzb2,0,1447.194558,288.735657
dxb,0,321.361730,64.460013
cvy,0,2866.804119,392.726165
dzf,0,1450.530900,288.857562
dxb2,0,320.247353,64.613134
dyb2,0,498.787530,87.926263
cvz,0,462.169217,93.220848
dzb3,0,1445.385798,289.405535
dxb3,0,318.526804,64.142463
dyb3,0,497.305066,87.769857
csxxsyyszz,0,1203.205596,201.922981
dyf2,0,497.787923,86.720839
dxf2,0,317.794980,62.778828
csxy,0,298.489635,63.395839
dzf2,0,1448.201291,289.694309
dyf3,0,497.033813,87.977971
csyz,0,359.281437,74.864770
dxf3,0,318.545224,64.098514
dzf3,0,1448.311747,290.388371
csxz,0,356.441403,76.009136
dxf,1,316.970661,64.011252
dzb,1,1448.075656,290.597818
dyb,1,498.740612,88.109260
cvx,1,444.280003,87.521291
dyf,1,496.549574,88.124460
dzb2,1,1446.251936,288.882325
dxb,1,321.304721,64.708083
cvy,1,442.515248,88.806529
dzf,1,1447.162934,290.392486
dxb2,1,319.984697,64.568375
dyb2,1,496.719876,88.038609
cvz,1,461.054799,93.274968
dzb3,1,1445.104271,290.003558
dxb3,1,318.524823,64.174289
dyb3,1,496.921126,88.017776
csxxsyyszz,1,1203.384224,202.319841
dyf2,1,497.645340,86.823402
dxf2,1,317.753104,62.909635
csxy,1,298.365245,63.503187
dzf2,1,1447.873565,290.437409
dyf3,1,497.136456,88.195766
csyz,1,361.285028,75.559328
dxf3,1,318.020453,64.103108
dzf3,1,1447.714286,290.093111
csxz,1,356.644684,76.014255
dxf,2,316.931636,63.984933
dzb,2,1445.603964,289.864068
dyb,2,498.540225,87.983623
cvx,2,444.070495,87.449650
dyf,2,497.769353,88.065272
dzb2,2,1450.527281,289.152167
dxb,2,321.946384,64.505146
cvy,2,442.397461,88.684746
dzf,2,1446.985549,289.850659
dxb2,2,320.058627,64.419873
dyb2,2,496.645408,87.942511
cvz,2,460.342907,93.047929
dzb3,2,1445.997151,289.753289
dxb3,2,318.389071,64.143457
dyb3,2,498.390047,88.195973
csxxsyyszz,2,1221.302764,204.677556
dyf2,2,497.703049,86.725003
dxf2,2,317.714128,62.804686
csxy,2,298.498484,63.491994
dzf2,2,1451.372619,290.624874
dyf3,2,497.201490,88.006654
csyz,2,359.410484,74.944427
dxf3,2,317.820364,64.073182
dzf3,2,1448.031731,290.228493
csxz,2,356.552498,76.000333
dxf,3,316.152613,63.867052
dzb,3,1444.704180,289.841895
dyb,3,498.233657,88.122709
cvx,3,444.119129,87.490346
dyf,3,496.571986,87.875166
dzb2,3,1446.230117,288.490191
dxb,3,321.707261,64.601281
cvy,3,443.678961,89.063564
dzf,3,1450.596098,291.073663
dxb2,3,320.187708,64.487120
dyb2,3,496.769970,87.917185
cvz,3,460.216695,93.125269
dzb3,3,1445.020113,289.748246
dxb3,3,319.089811,64.296844
dyb3,3,497.033046,88.065488
csxxsyyszz,3,1203.120598,202.255800
dyf2,3,498.038210,86.805194
dxf2,3,317.676469,62.822014
csxy,3,298.298955,63.467824
dzf2,3,1447.026092,290.032106
dyf3,3,497.104662,88.125746
csyz,3,359.271447,74.982984
dxf3,3,317.830766,64.173418
dzf3,3,1451.032172,290.898863
csxz,3,356.418603,76.081307
dxf,4,316.233288,63.931952
dzb,4,1444.483348,289.943064
dyb,4,498.239087,88.201519
cvx,4,444.381767,87.585801
dyf,4,496.513298,87.987164
dzb2,4,1445.674841,288.632671
dxb,4,321.406682,64.590054
cvy,4,442.311362,88.737843
dzf,4,1447.588417,290.160549
dxb2,4,320.034992,64.471892
dyb2,4,496.526849,88.188351
cvz,4,460.394430,93.103934
dzb3,4,1447.676024,290.197217
dxb3,4,318.617456,64.233029
dyb3,4,498.043743,88.170176
csxxsyyszz,4,1206.137037,202.709770
dyf2,4,498.021390,86.716229
dxf2,4,317.718912,62.830283
csxy,4,298.393895,63.485413
dzf2,4,1448.325535,290.615626
dyf3,4,497.042858,88.119645
csyz,4,359.449637,75.105058
dxf3,4,317.873265,64.233566
dzf3,4,1448.384986,290.512808
csxz,4,356.531163,76.326623
#========================= OptEWE [OpenMP] =========================
#Grid Size                                    :  1024 x 1024 x 1024
#Iterations                                   :  5
#Compute time                                 :  88.187462
#Total effective MLUPS                        :  60.878372
#===================================================================
#Number of threads                            :  15
