dxf,0,230.002652,50.122484
dzb,0,1041.392757,231.825829
dyb,0,353.914562,69.271546
cvx,0,315.445893,68.422775
dyf,0,353.002786,69.417748
dzb2,0,1044.030932,231.122342
dxb,0,229.372961,51.529603
cvy,0,3093.880540,436.745711
dzf,0,1043.885813,230.768310
dxb2,0,227.598165,51.305992
dyb2,0,353.882836,69.747938
cvz,0,327.286635,74.246314
dzb3,0,1041.112945,232.520916
dxb3,0,230.429522,51.795614
dyb3,0,354.177574,69.457603
csxxsyyszz,0,856.363927,157.936136
dyf2,0,353.281598,67.787398
dxf2,0,226.977699,49.770086
csxy,0,214.293369,51.297466
dzf2,0,1042.728357,232.497455
dyf3,0,353.684139,69.338653
csyz,0,258.399037,60.267971
dxf3,0,227.835536,51.457376
dzf3,0,1042.818599,232.628576
csxz,0,255.711019,61.626105
dxf,1,226.201487,51.315865
dzb,1,1040.402333,232.320862
dyb,1,353.912017,69.391178
cvx,1,316.117123,68.636307
dyf,1,351.823963,69.240549
dzb2,1,1045.052509,231.454171
dxb,1,229.385001,51.676170
cvy,1,314.017335,69.788239
dzf,1,1042.329600,232.641796
dxb2,1,227.947804,51.540341
dyb2,1,354.087857,69.588830
cvz,1,327.317746,73.874320
dzb3,1,1042.388059,232.693658
dxb3,1,230.200361,51.809343
dyb3,1,352.527307,69.203399
csxxsyyszz,1,854.079110,158.305205
dyf2,1,353.347385,67.843816
dxf2,1,226.830040,49.808717
csxy,1,214.115961,51.340124
dzf2,1,1042.520519,232.704629
dyf3,1,353.654170,69.323563
csyz,1,258.461291,60.333562
dxf3,1,227.236858,51.389639
dzf3,1,1042.741515,232.817756
csxz,1,255.781108,61.656806
dxf,2,226.060470,51.301101
dzb,2,1039.608471,232.401422
dyb,2,353.997657,69.495971
cvx,2,315.770241,68.654002
dyf,2,351.868590,69.343778
dzb2,2,1049.198785,232.310175
dxb,2,229.432550,51.662051
cvy,2,314.298471,69.851093
dzf,2,1041.959493,232.749944
dxb2,2,227.606460,51.417441
dyb2,2,352.352062,69.244395
cvz,2,328.435370,74.073868
dzb3,2,1041.865139,232.754214
dxb3,2,230.263381,51.901191
dyb3,2,352.519853,69.229943
csxxsyyszz,2,855.815228,158.382984
dyf2,2,353.170735,67.820966
dxf2,2,227.035670,49.887865
csxy,2,214.109632,51.339598
dzf2,2,1042.233045,232.676899
dyf3,2,352.576108,69.177622
csyz,2,258.229603,60.392205
dxf3,2,227.821445,51.596831
dzf3,2,1043.044895,233.056648
csxz,2,255.646081,61.712167
dxf,3,226.050549,51.341854
dzb,3,1043.279161,233.130831
dyb,3,354.084360,69.570364
cvx,3,315.769228,68.695619
dyf,3,351.913673,69.316026
dzb2,3,1045.021250,231.674568
dxb,3,229.379605,51.732423
cvy,3,314.198807,69.892454
dzf,3,1041.720833,232.865800
dxb2,3,227.565719,51.471216
dyb2,3,352.292599,69.319663
cvz,3,327.353146,74.021982
dzb3,3,1042.006281,232.894012
dxb3,3,230.479962,51.895369
dyb3,3,352.288420,69.255896
csxxsyyszz,3,856.201916,158.498762
dyf2,3,353.281902,67.891948
dxf2,3,226.883666,49.797605
csxy,3,213.977849,51.355927
dzf2,3,1042.395711,232.826664
dyf3,3,354.494561,69.566444
csyz,3,258.294618,60.349543
dxf3,3,227.123195,51.446254
dzf3,3,1042.703463,232.986665
csxz,3,255.635713,61.647993
dxf,4,225.940417,51.295690
dzb,4,1040.620167,232.735019
dyb,4,353.964446,69.543293
cvx,4,315.757569,68.688724
dyf,4,352.018914,69.329452
dzb2,4,1044.942516,231.710378
dxb,4,229.311256,51.703855
cvy,4,314.209525,69.824116
dzf,4,1042.044883,232.860968
dxb2,4,227.506455,51.446262
dyb2,4,352.369278,69.484433
cvz,4,327.321510,73.902156
dzb3,4,1043.118725,232.982433
dxb3,4,230.350424,51.884198
dyb3,4,352.417276,69.247380
csxxsyyszz,4,849.346880,157.548602
dyf2,4,355.013792,68.100618
dxf2,4,227.020906,49.823405
csxy,4,214.150443,51.353845
dzf2,4,1042.530386,232.818050
dyf3,4,352.700066,69.223987
csyz,4,258.462266,60.346713
dxf3,4,227.410968,51.513548
dzf3,4,1043.284008,233.008367
csxz,4,255.747614,61.812510
#========================= OptEWE [OpenMP] =========================
#Grid Size                                    :  1024 x 1024 x 1024
#Iterations                                   :  5
#Compute time                                 :  64.201401
#Total effective MLUPS                        :  83.622928
#===================================================================
#Number of threads                            :  21
