dxf,0,828.525642,128.611383
dzb,0,3218.969853,516.251774
dyb,0,898.821542,140.748334
cvx,0,1363.129528,207.364326
dyf,0,890.930265,139.790026
dzb2,0,2053.647155,375.649280
dxb,0,820.324206,128.582822
cvy,0,3140.377248,415.563752
dzf,0,2060.067669,376.646323
dxb2,0,951.278204,146.736656
dyb2,0,892.137920,139.929060
cvz,0,1592.893028,242.303731
dzb3,0,4467.931400,677.536185
dxb3,0,1052.925006,160.294342
dyb3,0,1077.818834,165.137274
csxxsyyszz,0,1556.824626,250.897071
dyf2,0,1076.377114,164.924958
dxf2,0,1053.372789,160.112285
csxy,0,756.580242,120.693260
dzf2,0,4469.343315,677.171470
dyf3,0,1078.042887,165.017044
csyz,0,993.703122,156.904720
dxf3,0,1053.782965,160.090854
dzf3,0,4471.791832,677.524932
csxz,0,1202.911308,185.443410
dxf,1,826.973436,128.853794
dzb,1,3209.309908,516.686638
dyb,1,898.391985,140.778894
cvx,1,1364.835229,207.710481
dyf,1,890.455673,139.666771
dzb2,1,2052.163420,375.590731
dxb,1,820.878466,128.796902
cvy,1,1364.128404,207.646102
dzf,1,2055.565381,376.388551
dxb2,1,950.805259,146.813766
dyb2,1,891.979764,140.040195
cvz,1,1592.493484,242.387068
dzb3,1,4471.225254,677.938516
dxb3,1,1053.266802,160.194638
dyb3,1,1079.184966,165.230477
csxxsyyszz,1,1543.218628,249.041145
dyf2,1,1075.844564,165.529345
dxf2,1,1052.774416,160.185641
csxy,1,755.960329,120.713854
dzf2,1,4468.214615,677.344708
dyf3,1,1078.910680,165.209692
csyz,1,993.034347,156.898300
dxf3,1,1053.198547,160.203724
dzf3,1,4475.438941,678.105830
csxz,1,1202.417115,185.617270
dxf,2,825.614854,128.961636
dzb,2,3209.885267,516.790640
dyb,2,896.790767,140.672189
cvx,2,1363.004788,207.507363
dyf,2,891.059763,139.902990
dzb2,2,2054.883218,376.105086
dxb,2,821.646411,128.943948
cvy,2,1363.308247,207.619481
dzf,2,2055.923225,376.715563
dxb2,2,951.584656,146.977139
dyb2,2,892.393843,140.146881
cvz,2,1591.527375,242.275319
dzb3,2,4471.788473,677.945809
dxb3,2,1052.307615,160.108625
dyb3,2,1079.260091,165.299262
csxxsyyszz,2,1559.641558,251.137004
dyf2,2,1077.789408,165.045239
dxf2,2,1054.532937,160.290875
csxy,2,756.776175,120.784295
dzf2,2,4469.878172,677.535063
dyf3,2,1079.320350,165.345309
csyz,2,994.836889,157.013549
dxf3,2,1054.280840,160.217862
dzf3,2,4472.742498,677.700074
csxz,2,1203.547592,185.495769
dxf,3,826.567397,128.774306
dzb,3,3215.482410,516.492846
dyb,3,898.663641,140.867145
cvx,3,1363.828205,207.664071
dyf,3,889.902332,139.728146
dzb2,3,2055.441789,376.254630
dxb,3,821.422964,128.775263
cvy,3,1362.043766,207.533924
dzf,3,2057.471396,377.414339
dxb2,3,951.413462,146.909391
dyb2,3,891.340061,139.993662
cvz,3,1592.305139,242.475401
dzb3,3,4456.820030,677.558845
dxb3,3,1052.777673,160.155048
dyb3,3,1078.676593,165.356373
csxxsyyszz,3,1559.236570,251.201645
dyf2,3,1076.246678,165.071327
dxf2,3,1054.577250,160.441292
csxy,3,756.025608,120.832563
dzf2,3,4469.488104,678.358264
dyf3,3,1085.061751,166.755370
csyz,3,993.690146,156.992678
dxf3,3,1052.700030,160.115521
dzf3,3,4471.735989,678.006833
csxz,3,1202.989102,185.538708
dxf,4,825.318010,128.669270
dzb,4,3208.327447,516.472491
dyb,4,898.213305,140.942513
cvx,4,1363.714062,207.709631
dyf,4,891.420132,139.992512
dzb2,4,2051.879048,375.881519
dxb,4,819.580243,128.728750
cvy,4,1362.989100,207.627002
dzf,4,2056.396009,376.822943
dxb2,4,950.703199,146.838577
dyb2,4,890.988081,139.902980
cvz,4,1594.688700,242.692929
dzb3,4,4473.019798,678.024697
dxb3,4,1053.460436,160.113376
dyb3,4,1079.358669,165.206524
csxxsyyszz,4,1563.712059,251.603887
dyf2,4,1079.036062,165.175113
dxf2,4,1054.611168,160.611484
csxy,4,746.003266,120.258740
dzf2,4,4464.067898,677.201382
dyf3,4,1079.144036,165.250415
csyz,4,993.379396,156.886675
dxf3,4,1053.159462,160.152109
dzf3,4,4472.352007,678.733130
csxz,4,1203.452784,186.017302
#========================= OptEWE [OpenMP] =========================
#Grid Size                                    :  1024 x 1024 x 1024
#Iterations                                   :  5
#Compute time                                 :  207.953018
#Total effective MLUPS                        :  25.816933
#===================================================================
#Number of threads                            :  12
