dxf,0,255.643342,54.533349
dzb,0,1275.448369,271.164736
dyb,0,506.513970,94.847356
cvx,0,431.194469,89.772346
dyf,0,394.732409,74.874556
dzb2,0,1273.565128,270.295463
dxb,0,444.676640,85.000536
cvy,0,2870.797760,410.211575
dzf,0,1152.894057,250.831252
dxb2,0,444.404930,84.945858
dyb2,0,506.827480,94.642547
cvz,0,544.579830,110.931332
dzb3,0,1150.004376,250.520012
dxb3,0,444.236534,84.976296
dyb3,0,532.427100,100.294706
csxxsyyszz,0,938.969984,182.431874
dyf2,0,395.650416,75.271119
dxf2,0,530.085278,96.371270
csxy,0,324.979259,68.863078
dzf2,0,1783.742668,340.932299
dyf3,0,508.397298,94.066332
csyz,0,435.055436,91.023774
dxf3,0,253.713579,54.678260
dzf3,0,1269.837247,271.015957
csxz,0,432.473237,91.342406
dxf,1,253.977362,54.733739
dzb,1,1265.383416,270.673196
dyb,1,506.836880,95.220729
cvx,1,432.855020,90.283806
dyf,1,394.988132,75.129783
dzb2,1,1267.402765,269.802476
dxb,1,445.030739,85.335264
cvy,1,552.112688,108.003554
dzf,1,1144.992341,250.264996
dxb2,1,444.820198,85.338030
dyb2,1,505.910945,94.717228
cvz,1,546.527702,111.443403
dzb3,1,1142.381298,249.661610
dxb3,1,445.679778,85.363379
dyb3,1,533.685721,100.624320
csxxsyyszz,1,939.429106,182.771868
dyf2,1,393.764788,75.065897
dxf2,1,531.019904,96.648235
csxy,1,325.138927,68.969223
dzf2,1,1789.690458,343.622558
dyf3,1,507.463710,93.973503
csyz,1,435.021296,91.114561
dxf3,1,253.869671,54.731686
dzf3,1,1267.202035,270.895634
csxz,1,432.461260,91.400909
dxf,2,253.681517,54.701692
dzb,2,1265.160922,270.815078
dyb,2,506.667888,95.218777
cvx,2,432.934486,90.287911
dyf,2,393.440708,74.902767
dzb2,2,1266.451128,269.815134
dxb,2,445.471254,85.414626
cvy,2,551.613790,107.948596
dzf,2,1147.469302,250.740511
dxb2,2,445.212908,85.387376
dyb2,2,505.698588,95.224812
cvz,2,546.865699,111.725258
dzb3,2,1142.579243,249.869664
dxb3,2,445.783022,85.422920
dyb3,2,533.871009,100.707030
csxxsyyszz,2,938.524635,182.722754
dyf2,2,393.839950,75.330114
dxf2,2,530.984678,96.709949
csxy,2,325.489120,69.081331
dzf2,2,1786.903215,343.681792
dyf3,2,508.481735,94.222785
csyz,2,435.072737,91.143629
dxf3,2,253.278040,54.639894
dzf3,2,1270.551449,271.461376
csxz,2,432.635683,91.431792
dxf,3,253.847088,54.782440
dzb,3,1265.191173,270.969841
dyb,3,506.585814,95.310304
cvx,3,433.193890,90.373579
dyf,3,393.701445,74.974333
dzb2,3,1266.423156,269.954993
dxb,3,445.484436,85.543972
cvy,3,552.053737,108.070495
dzf,3,1143.287200,250.142746
dxb2,3,445.442217,85.424505
dyb2,3,506.801572,94.956704
cvz,3,546.402193,111.500444
dzb3,3,1143.388698,250.041002
dxb3,3,444.777629,85.375986
dyb3,3,533.713574,100.728957
csxxsyyszz,3,940.887764,183.120526
dyf2,3,393.664365,75.132088
dxf2,3,529.660392,96.646810
csxy,3,325.268093,69.870967
dzf2,3,1785.723491,341.492878
dyf3,3,508.616573,94.274573
csyz,3,434.800926,91.158605
dxf3,3,253.344196,54.705331
dzf3,3,1269.283315,271.376835
csxz,3,432.309126,91.433129
dxf,4,253.460586,54.713815
dzb,4,1265.739726,271.137526
dyb,4,507.257409,95.385069
cvx,4,433.059726,90.387651
dyf,4,393.534163,74.958293
dzb2,4,1267.101965,270.125363
dxb,4,445.491494,85.526392
cvy,4,552.095838,108.135665
dzf,4,1143.999854,250.369357
dxb2,4,445.114924,85.475008
dyb2,4,505.589952,94.816063
cvz,4,546.304302,111.514986
dzb3,4,1141.966052,249.881248
dxb3,4,445.566863,85.434080
dyb3,4,533.780210,100.774458
csxxsyyszz,4,944.136623,183.773045
dyf2,4,393.993500,75.173085
dxf2,4,530.868348,96.726057
csxy,4,325.154611,69.045262
dzf2,4,1789.676807,344.477802
dyf3,4,507.745434,94.139767
csyz,4,435.128426,91.246030
dxf3,4,253.573155,54.830470
dzf3,4,1267.071669,271.041001
csxz,4,432.756829,91.678804
#========================= OptEWE [OpenMP] =========================
#Grid Size                                    :  1024 x 1024 x 1024
#Iterations                                   :  5
#Compute time                                 :  86.131798
#Total effective MLUPS                        :  62.331325
#===================================================================
#Number of threads                            :  19
