dxf,0,831.195507,129.164585
dzb,0,3220.214342,517.007298
dyb,0,900.650848,141.289348
cvx,0,1369.073665,208.568282
dyf,0,892.422358,140.132642
dzb2,0,2024.863874,371.477309
dxb,0,818.457936,129.121592
cvy,0,3149.548071,417.001878
dzf,0,2027.797397,372.315810
dxb2,0,946.892386,147.431540
dyb2,0,886.222689,140.648053
cvz,0,1595.395101,243.183861
dzb3,0,4479.626525,680.254288
dxb3,0,1055.934350,160.819572
dyb3,0,1081.031358,165.883534
csxxsyyszz,0,1605.075524,257.321342
dyf2,0,1081.246340,165.832908
dxf2,0,1054.769070,160.616304
csxy,0,757.046539,120.977829
dzf2,0,4480.356319,680.071864
dyf3,0,1079.935741,165.615784
csyz,0,995.872591,157.840558
dxf3,0,1058.020663,161.325315
dzf3,0,4470.637004,680.573991
csxz,0,1204.630467,186.025255
dxf,1,829.595773,129.457119
dzb,1,3219.251604,518.582966
dyb,1,900.881167,141.524857
cvx,1,1366.939582,208.670741
dyf,1,893.287381,140.546664
dzb2,1,2025.548016,372.379930
dxb,1,819.536454,129.483887
cvy,1,1365.231044,208.648270
dzf,1,2027.681822,373.082828
dxb2,1,948.381848,147.330492
dyb2,1,893.234311,140.677165
cvz,1,1596.284394,243.610548
dzb3,1,4480.700203,681.447678
dxb3,1,1056.426172,161.026105
dyb3,1,1076.790263,166.276315
csxxsyyszz,1,1610.002158,258.870637
dyf2,1,1080.911146,166.150000
dxf2,1,1056.358619,161.169070
csxy,1,757.559329,121.133010
dzf2,1,4480.917006,680.460647
dyf3,1,1081.458262,165.872401
csyz,1,996.917637,157.656702
dxf3,1,1058.581752,161.156584
dzf3,1,4476.168547,680.817047
csxz,1,1203.227035,186.053968
dxf,2,828.873461,129.430335
dzb,2,3214.750867,517.662592
dyb,2,901.377124,141.512586
cvx,2,1366.927737,208.503563
dyf,2,889.025931,140.928442
dzb2,2,2025.455270,371.891240
dxb,2,818.841515,129.264615
cvy,2,1365.910655,208.317357
dzf,2,2028.271880,372.872672
dxb2,2,949.017318,147.300257
dyb2,2,892.302545,140.330416
cvz,2,1597.910924,243.490665
dzb3,2,4482.291344,680.472460
dxb3,2,1056.779457,160.870321
dyb3,2,1081.665198,165.827485
csxxsyyszz,2,1589.610173,255.320262
dyf2,2,1081.134444,165.776190
dxf2,2,1055.072911,160.666289
csxy,2,757.233437,121.012809
dzf2,2,4464.259897,678.927971
dyf3,2,1078.352667,165.575806
csyz,2,997.063794,157.612427
dxf3,2,1057.797333,161.085349
dzf3,2,4482.958539,680.200211
csxz,2,1206.344904,186.169073
dxf,3,829.083182,129.332234
dzb,3,3220.180799,518.000849
dyb,3,901.034876,141.816200
cvx,3,1369.043327,208.799198
dyf,3,893.308905,140.319612
dzb2,3,2023.208658,372.336575
dxb,3,817.292579,129.208190
cvy,3,1365.971554,208.931564
dzf,3,2027.105093,373.156295
dxb2,3,947.639207,147.391844
dyb2,3,895.795002,141.098070
cvz,3,1585.541020,243.357312
dzb3,3,4482.391460,680.484285
dxb3,3,1055.654487,160.772829
dyb3,3,1081.756139,165.850167
csxxsyyszz,3,1604.245144,257.341867
dyf2,3,1081.034256,165.809863
dxf2,3,1055.504049,160.756907
csxy,3,757.570352,121.057793
dzf2,3,4480.420196,681.065463
dyf3,3,1081.801267,166.082087
csyz,3,996.732273,157.915271
dxf3,3,1060.380630,161.448938
dzf3,3,4483.260200,680.883130
csxz,3,1188.654711,186.229975
dxf,4,819.727609,129.222416
dzb,4,3221.930426,518.219705
dyb,4,901.342906,141.432352
cvx,4,1367.333857,208.421401
dyf,4,892.672648,140.228485
dzb2,4,2023.206728,371.520942
dxb,4,819.161164,129.289520
cvy,4,1365.047635,208.300447
dzf,4,2027.565801,372.784926
dxb2,4,949.684359,147.456718
dyb2,4,892.658767,140.349993
cvz,4,1596.831208,243.363990
dzb3,4,4481.385136,680.514135
dxb3,4,1057.635811,161.082849
dyb3,4,1081.702894,166.250389
csxxsyyszz,4,1608.889477,259.189840
dyf2,4,1080.866913,166.014835
dxf2,4,1056.114993,161.137015
csxy,4,757.987886,121.149106
dzf2,4,4480.423672,681.150586
dyf3,4,1080.619561,166.202181
csyz,4,997.096462,157.821702
dxf3,4,1058.241375,161.338128
dzf3,4,4479.931074,680.268043
csxz,4,1204.841470,185.966850
#========================= OptEWE [OpenMP] =========================
#Grid Size                                    :  1024 x 1024 x 1024
#Iterations                                   :  5
#Compute time                                 :  208.226196
#Total effective MLUPS                        :  25.783063
#===================================================================
#Number of threads                            :  12
