dxf,0,200.519133,47.692656
dzb,0,910.796855,222.304085
dyb,0,341.796893,72.622745
cvx,0,293.783482,70.259687
dyf,0,307.380512,66.848669
dzb2,0,911.485937,221.108462
dxb,0,256.293188,59.150703
cvy,0,3326.491003,510.184677
dzf,0,903.193693,219.463212
dxb2,0,199.959194,49.726791
dyb2,0,341.365626,72.639468
cvz,0,404.346297,92.726388
dzb3,0,910.858654,221.304190
dxb3,0,219.876944,53.371769
dyb3,0,359.304653,78.594407
csxxsyyszz,0,769.430194,163.809538
dyf2,0,308.403207,65.892955
dxf2,0,268.639157,60.247304
csxy,0,234.276657,57.575100
dzf2,0,2124.326525,399.995761
dyf3,0,308.990869,65.251270
csyz,0,357.154808,81.153231
dxf3,0,198.957772,49.162962
dzf3,0,900.536127,221.232244
csxz,0,356.882646,82.988546
dxf,1,197.079797,49.002182
dzb,1,910.336227,223.389093
dyb,1,341.523270,72.928534
cvx,1,294.987679,70.698629
dyf,1,307.816509,67.014965
dzb2,1,915.037565,222.358987
dxb,1,256.147248,59.310745
cvy,1,440.634235,95.863240
dzf,1,901.241030,220.049519
dxb2,1,200.035319,49.891852
dyb2,1,341.194445,72.933917
cvz,1,403.540600,92.882713
dzb3,1,911.531784,222.112235
dxb3,1,201.755914,50.166657
dyb3,1,358.642106,78.899269
csxxsyyszz,1,758.724130,162.247535
dyf2,1,308.122439,66.456666
dxf2,1,268.688808,60.393779
csxy,1,234.757534,57.749482
dzf2,1,2123.966095,400.790892
dyf3,1,309.227354,65.403075
csyz,1,357.584889,81.180234
dxf3,1,198.753850,49.151826
dzf3,1,903.988213,222.174701
csxz,1,356.253290,83.028658
dxf,2,197.360976,49.128997
dzb,2,910.552632,223.728617
dyb,2,341.536586,72.987636
cvx,2,294.156639,70.636100
dyf,2,307.652667,67.107607
dzb2,2,911.247247,221.877221
dxb,2,256.186571,59.444716
cvy,2,440.332272,95.920455
dzf,2,902.073269,220.368311
dxb2,2,199.799343,49.877768
dyb2,2,340.871362,72.977990
cvz,2,403.536523,92.939690
dzb3,2,911.284081,222.215320
dxb3,2,201.688912,50.232212
dyb3,2,358.967248,78.936273
csxxsyyszz,2,769.412067,164.455588
dyf2,2,308.556771,65.986606
dxf2,2,268.342116,60.344177
csxy,2,234.748475,57.813649
dzf2,2,2123.788582,400.945788
dyf3,2,308.995392,65.384794
csyz,2,357.521591,81.379605
dxf3,2,199.135674,49.389485
dzf3,2,900.898242,221.717344
csxz,2,356.065937,83.052626
dxf,3,197.285344,49.164696
dzb,3,910.312520,223.822586
dyb,3,341.522753,73.125322
cvx,3,295.409125,70.916713
dyf,3,307.731655,67.106911
dzb2,3,911.643283,222.074501
dxb,3,255.525506,59.431055
cvy,3,440.088875,95.911867
dzf,3,902.447238,220.572474
dxb2,3,199.868791,49.952157
dyb2,3,340.386965,72.795782
cvz,3,403.231189,92.942049
dzb3,3,913.288464,222.673945
dxb3,3,201.779804,50.191483
dyb3,3,359.178140,79.034237
csxxsyyszz,3,769.508470,164.652726
dyf2,3,308.278387,66.039941
dxf2,3,268.755903,60.435985
csxy,3,234.382984,57.749582
dzf2,3,2124.132672,401.049426
dyf3,3,309.162468,65.481429
csyz,3,356.990382,81.307798
dxf3,3,199.283241,49.462397
dzf3,3,900.434850,221.724963
csxz,3,356.318286,83.131144
dxf,4,197.189089,49.138479
dzb,4,911.933982,224.199413
dyb,4,341.624429,72.957854
cvx,4,293.586642,70.611069
dyf,4,307.555957,67.110276
dzb2,4,911.550969,222.173195
dxb,4,255.802552,59.536425
cvy,4,441.043653,96.115780
dzf,4,903.414963,220.806840
dxb2,4,199.797730,49.911534
dyb2,4,340.760602,72.891630
cvz,4,403.704334,93.066805
dzb3,4,911.179485,222.412619
dxb3,4,201.717392,50.250857
dyb3,4,358.796019,79.014107
csxxsyyszz,4,760.394213,162.897118
dyf2,4,308.176552,66.273490
dxf2,4,268.265253,60.397560
csxy,4,234.712095,57.843850
dzf2,4,2121.840371,401.062551
dyf3,4,308.992816,65.336903
csyz,4,357.542365,81.311381
dxf3,4,198.903394,49.204472
dzf3,4,900.361406,221.737448
csxz,4,356.172718,83.200914
#========================= OptEWE [OpenMP] =========================
#Grid Size                                    :  1024 x 1024 x 1024
#Iterations                                   :  5
#Compute time                                 :  66.923897
#Total effective MLUPS                        :  80.221107
#===================================================================
#Number of threads                            :  24
