dxf,0,830.279427,128.835513
dzb,0,3211.610060,515.375439
dyb,0,897.640676,140.716031
cvx,0,1361.486991,207.258795
dyf,0,890.309306,139.691722
dzb2,0,2022.576363,370.687199
dxb,0,815.974680,128.577806
cvy,0,3145.794646,415.850650
dzf,0,2026.963562,371.516400
dxb2,0,943.474637,146.313194
dyb2,0,890.531102,139.939546
cvz,0,1590.282207,242.225846
dzb3,0,4460.451510,676.618838
dxb3,0,1051.737131,159.880146
dyb3,0,1076.904764,164.898915
csxxsyyszz,0,1542.813864,248.670313
dyf2,0,1068.658559,164.946196
dxf2,0,1052.203044,159.995505
csxy,0,752.696876,120.157097
dzf2,0,4458.167694,675.974157
dyf3,0,1076.800319,165.021018
csyz,0,990.542466,156.434311
dxf3,0,1052.594291,160.072224
dzf3,0,4462.467028,676.330771
csxz,0,1199.661462,184.999455
dxf,1,828.569257,129.041048
dzb,1,3209.526930,515.797252
dyb,1,898.103634,140.803187
cvx,1,1361.968618,207.279153
dyf,1,891.675245,139.781449
dzb2,1,2027.787637,372.267046
dxb,1,810.493208,128.495735
cvy,1,1359.318471,207.067594
dzf,1,2026.687026,371.984503
dxb2,1,945.563714,146.594074
dyb2,1,892.095577,139.959589
cvz,1,1591.547354,242.097900
dzb3,1,4462.878783,676.495150
dxb3,1,1051.974904,159.925781
dyb3,1,1077.948161,165.103267
csxxsyyszz,1,1554.313740,250.302193
dyf2,1,1076.593804,164.930821
dxf2,1,1052.410763,160.047185
csxy,1,752.331755,120.196220
dzf2,1,4459.730836,675.781417
dyf3,1,1077.052454,165.069015
csyz,1,991.789063,156.631005
dxf3,1,1053.514437,160.073027
dzf3,1,4463.059233,676.143586
csxz,1,1200.105417,185.019159
dxf,2,826.518175,128.825656
dzb,2,3209.889979,515.759381
dyb,2,897.843690,140.792548
cvx,2,1363.058106,207.430102
dyf,2,893.409474,140.110060
dzb2,2,2023.502753,371.445522
dxb,2,815.404816,128.683252
cvy,2,1359.582866,207.567016
dzf,2,2028.009579,372.867784
dxb2,2,945.410411,146.689356
dyb2,2,890.747344,140.156395
cvz,2,1591.079953,242.492240
dzb3,2,4459.363199,676.925643
dxb3,2,1051.052430,159.909064
dyb3,2,1077.442829,165.019627
csxxsyyszz,2,1560.585345,251.143709
dyf2,2,1076.799753,164.977979
dxf2,2,1052.537830,160.146523
csxy,2,753.660165,120.378242
dzf2,2,4458.148264,675.918108
dyf3,2,1076.379709,164.999370
csyz,2,992.076429,156.600857
dxf3,2,1053.349934,160.017829
dzf3,2,4462.677397,676.195329
csxz,2,1198.635650,184.878931
dxf,3,829.096014,129.103017
dzb,3,3211.687715,515.947172
dyb,3,898.434153,140.899178
cvx,3,1363.610505,207.603076
dyf,3,890.066887,139.630362
dzb2,3,2023.339222,371.051178
dxb,3,816.037206,128.660533
cvy,3,1359.471481,207.101016
dzf,3,2027.198174,372.164951
dxb2,3,945.781439,146.616343
dyb2,3,890.962811,139.812612
cvz,3,1591.005109,242.115915
dzb3,3,4463.082558,676.454237
dxb3,3,1052.442661,160.069884
dyb3,3,1078.767205,165.202081
csxxsyyszz,3,1560.469850,251.215909
dyf2,3,1077.470388,165.084137
dxf2,3,1051.944201,160.210074
csxy,3,752.431721,120.366120
dzf2,3,4458.838551,676.148983
dyf3,3,1076.611743,165.000608
csyz,3,990.311109,156.455549
dxf3,3,1052.915079,160.053702
dzf3,3,4460.273861,676.276262
csxz,3,1200.286743,185.126376
dxf,4,828.352633,129.045236
dzb,4,3207.540949,515.608571
dyb,4,899.911555,141.111072
cvx,4,1362.701666,207.468826
dyf,4,891.421606,139.760031
dzb2,4,2023.430991,371.272348
dxb,4,815.173581,128.555215
cvy,4,1349.121908,207.076102
dzf,4,2022.194963,373.579154
dxb2,4,944.511991,146.472989
dyb2,4,894.004881,140.299146
cvz,4,1590.777476,242.039235
dzb3,4,4463.483485,676.748050
dxb3,4,1051.640957,159.954536
dyb3,4,1078.166623,165.080783
csxxsyyszz,4,1552.996882,250.369524
dyf2,4,1074.733087,165.262432
dxf2,4,1050.568762,160.023364
csxy,4,750.789099,120.190898
dzf2,4,4455.664631,677.015080
dyf3,4,1076.145039,165.441573
csyz,4,990.562709,156.545975
dxf3,4,1051.665685,160.578260
dzf3,4,4451.120468,676.171337
csxz,4,1202.013180,185.225873
#========================= OptEWE [OpenMP] =========================
#Grid Size                                    :  1024 x 1024 x 1024
#Iterations                                   :  5
#Compute time                                 :  207.308716
#Total effective MLUPS                        :  25.897170
#===================================================================
#Number of threads                            :  12
