dxf,0,240.806817,51.486511
dzb,0,1085.581471,237.757067
dyb,0,374.688620,71.981818
cvx,0,336.651528,71.528986
dyf,0,373.472224,72.083997
dzb2,0,1086.264531,236.560054
dxb,0,240.730959,52.966032
cvy,0,3072.366018,429.921968
dzf,0,1087.242469,236.445529
dxb2,0,242.801981,53.382353
dyb2,0,374.301966,71.988545
cvz,0,346.904121,76.536218
dzb3,0,1084.268075,237.749107
dxb3,0,239.165285,52.981312
dyb3,0,374.335927,72.205516
csxxsyyszz,0,921.011225,166.092720
dyf2,0,374.694600,70.774801
dxf2,0,240.544086,51.582417
csxy,0,225.075675,52.683323
dzf2,0,1085.846374,238.106275
dyf3,0,373.985810,72.134132
csyz,0,271.570091,61.977416
dxf3,0,239.265758,52.963485
dzf3,0,1091.249005,239.094847
csxz,0,268.647964,63.228287
dxf,1,237.538911,52.758857
dzb,1,1085.710506,238.310953
dyb,1,374.595240,72.007714
cvx,1,334.730873,71.242757
dyf,1,373.425839,72.027370
dzb2,1,1085.384186,236.568314
dxb,1,240.776316,53.007726
cvy,1,332.625372,72.393446
dzf,1,1086.701085,238.531631
dxb2,1,242.738134,53.613043
dyb2,1,374.434322,72.245657
cvz,1,346.903620,76.682271
dzb3,1,1086.040107,238.318544
dxb3,1,239.148976,52.913694
dyb3,1,374.382586,72.150916
csxxsyyszz,1,921.058148,166.271199
dyf2,1,376.665547,71.167117
dxf2,1,238.968893,51.440542
csxy,1,224.969699,52.772813
dzf2,1,1085.264279,238.227609
dyf3,1,374.136497,72.096648
csyz,1,271.314594,62.067933
dxf3,1,239.143935,53.015902
dzf3,1,1087.216189,238.671402
csxz,1,268.352789,63.278953
dxf,2,237.513050,52.756219
dzb,2,1085.102956,238.359030
dyb,2,374.363879,72.247124
cvx,2,334.794288,71.340700
dyf,2,373.374061,72.008422
dzb2,2,1087.041443,236.992372
dxb,2,240.683727,53.091273
cvy,2,332.797569,72.493073
dzf,2,1085.546274,238.318721
dxb2,2,243.111143,53.579586
dyb2,2,374.186055,72.126102
cvz,2,348.666724,77.053725
dzb3,2,1083.878120,238.063708
dxb3,2,239.170320,52.909857
dyb3,2,374.300282,72.116513
csxxsyyszz,2,921.142684,166.352701
dyf2,2,374.608891,70.880409
dxf2,2,239.053869,51.469487
csxy,2,224.833898,52.754761
dzf2,2,1085.238535,238.307319
dyf3,2,374.055250,72.316269
csyz,2,271.327217,62.103370
dxf3,2,239.151997,53.066686
dzf3,2,1089.126987,239.024934
csxz,2,268.527833,63.336888
dxf,3,237.317405,52.843833
dzb,3,1087.103139,238.758265
dyb,3,374.535977,72.127808
cvx,3,334.848770,71.396782
dyf,3,373.382445,72.285097
dzb2,3,1086.188897,236.887385
dxb,3,240.802788,53.105223
cvy,3,334.033996,72.809965
dzf,3,1085.893597,238.336156
dxb2,3,243.233030,53.583367
dyb2,3,374.202103,72.135913
cvz,3,346.839296,76.806215
dzb3,3,1084.186676,238.249267
dxb3,3,239.138976,52.984910
dyb3,3,374.271597,72.137613
csxxsyyszz,3,920.889620,166.411467
dyf2,3,374.709199,70.919818
dxf2,3,239.159713,51.517829
csxy,3,224.908361,52.782433
dzf2,3,1086.889177,238.604510
dyf3,3,374.237673,72.171385
csyz,3,271.648100,62.166243
dxf3,3,239.394092,53.147846
dzf3,3,1087.025242,238.752137
csxz,3,268.383296,63.332616
dxf,4,238.798501,53.104805
dzb,4,1085.254416,238.553666
dyb,4,374.492274,72.295806
cvx,4,334.724341,71.385692
dyf,4,373.562723,72.011186
dzb2,4,1085.354946,236.880084
dxb,4,240.706734,53.186240
cvy,4,333.075372,72.603221
dzf,4,1085.984892,238.563500
dxb2,4,242.796422,53.569945
dyb2,4,374.171000,72.176564
cvz,4,346.794822,76.768214
dzb3,4,1083.509043,238.262884
dxb3,4,239.081827,52.975100
dyb3,4,375.965541,72.423228
csxxsyyszz,4,921.027390,166.465219
dyf2,4,374.595725,70.946536
dxf2,4,238.910925,51.441005
csxy,4,224.691832,52.757964
dzf2,4,1088.810550,239.010267
dyf3,4,374.157198,72.153129
csyz,4,271.461172,62.188347
dxf3,4,239.111011,53.089836
dzf3,4,1086.979294,238.870937
csxz,4,268.305894,63.424698
#========================= OptEWE [OpenMP] =========================
#Grid Size                                    :  1024 x 1024 x 1024
#Iterations                                   :  5
#Compute time                                 :  67.261391
#Total effective MLUPS                        :  79.818586
#===================================================================
#Number of threads                            :  20
