dxf,0,265.766766,55.325896
dzb,0,1193.237740,254.351474
dyb,0,412.393427,76.937769
cvx,0,364.945061,74.746430
dyf,0,410.306385,76.604051
dzb2,0,1194.657657,253.097857
dxb,0,266.148493,57.551134
cvy,0,2958.446622,411.493054
dzf,0,1196.586109,252.839113
dxb2,0,264.742486,56.895249
dyb2,0,411.732547,76.960462
cvz,0,390.761951,83.816443
dzb3,0,1191.842670,254.131970
dxb3,0,264.824687,56.886407
dyb3,0,416.796659,77.937109
csxxsyyszz,0,997.736812,174.714173
dyf2,0,412.546478,75.533247
dxf2,0,295.137863,60.331842
csxy,0,240.513102,54.963578
dzf2,0,2450.181473,426.961473
dyf3,0,412.986034,75.532924
csyz,0,381.920418,78.551206
dxf3,0,262.741112,56.360455
dzf3,0,1195.404450,254.737236
csxz,0,378.846634,79.979258
dxf,1,262.633608,56.377063
dzb,1,1192.249148,254.332249
dyb,1,412.273663,77.108368
cvx,1,364.960555,74.916005
dyf,1,412.095205,77.012654
dzb2,1,1193.698659,253.008420
dxb,1,265.837540,57.090353
cvy,1,435.587695,89.731935
dzf,1,1194.666942,253.959240
dxb2,1,264.726372,56.923508
dyb2,1,411.736637,77.052322
cvz,1,390.805156,83.955688
dzb3,1,1193.823028,254.824016
dxb3,1,264.721491,56.924325
dyb3,1,417.410251,78.134166
csxxsyyszz,1,997.326381,174.692843
dyf2,1,412.403131,75.487577
dxf2,1,295.142483,60.377256
csxy,1,240.969517,55.183761
dzf2,1,2449.385359,426.719819
dyf3,1,413.251078,75.614490
csyz,1,382.363516,78.564747
dxf3,1,263.336582,56.470169
dzf3,1,1194.172690,254.716604
csxz,1,378.856257,80.092329
dxf,2,262.975543,56.598138
dzb,2,1192.970808,254.705006
dyb,2,412.616530,77.206630
cvx,2,367.008130,75.299325
dyf,2,410.255723,76.801089
dzb2,2,1196.633723,253.702574
dxb,2,266.226674,57.182359
cvy,2,435.764479,89.789543
dzf,2,1194.647731,254.136326
dxb2,2,264.766521,56.947445
dyb2,2,411.661033,77.096983
cvz,2,390.964380,84.088133
dzb3,2,1193.534357,254.836683
dxb3,2,264.897249,56.998467
dyb3,2,416.765934,78.068832
csxxsyyszz,2,997.536023,174.861370
dyf2,2,412.283020,75.660405
dxf2,2,295.006661,60.460471
csxy,2,240.468780,55.058158
dzf2,2,2453.040667,425.944272
dyf3,2,413.224489,75.611118
csyz,2,382.067276,78.627006
dxf3,2,262.380887,56.374122
dzf3,2,1195.058746,254.990162
csxz,2,378.595364,80.093715
dxf,3,263.053832,56.657699
dzb,3,1194.282547,255.003907
dyb,3,412.610335,77.227647
cvx,3,365.578114,74.914873
dyf,3,410.462775,76.836861
dzb2,3,1196.558049,253.800143
dxb,3,267.522231,57.474017
cvy,3,435.705460,90.609410
dzf,3,1196.628730,254.930857
dxb2,3,265.006847,57.025601
dyb2,3,413.518149,77.313195
cvz,3,390.579240,84.047768
dzb3,3,1196.063742,255.266253
dxb3,3,264.887198,56.994438
dyb3,3,416.763144,77.952403
csxxsyyszz,3,997.703248,174.853857
dyf2,3,412.863214,75.734469
dxf2,3,294.879665,60.356063
csxy,3,240.600625,55.066224
dzf2,3,2452.568233,427.138633
dyf3,3,413.086936,75.670681
csyz,3,382.166038,78.630909
dxf3,3,262.792331,56.444979
dzf3,3,1195.093614,254.983749
csxz,3,378.709908,80.116328
dxf,4,262.970365,56.621428
dzb,4,1194.916234,255.049169
dyb,4,413.451063,77.319830
cvx,4,365.834466,74.933887
dyf,4,410.658259,76.822496
dzb2,4,1194.814846,253.537881
dxb,4,265.974237,57.182841
cvy,4,436.289384,90.013445
dzf,4,1197.102609,254.752215
dxb2,4,264.768242,56.963866
dyb2,4,411.705536,77.117280
cvz,4,390.944775,84.156845
dzb3,4,1194.414915,255.002460
dxb3,4,264.962147,57.026875
dyb3,4,416.693337,78.014112
csxxsyyszz,4,997.726841,174.837892
dyf2,4,412.743495,75.635617
dxf2,4,295.186498,60.443658
csxy,4,240.658290,55.126285
dzf2,4,2450.177352,427.447767
dyf3,4,414.485972,76.209621
csyz,4,381.486727,79.544961
dxf3,4,263.174475,56.668787
dzf3,4,1193.000738,254.741840
csxz,4,379.354622,80.211112
#========================= OptEWE [OpenMP] =========================
#Grid Size                                    :  1024 x 1024 x 1024
#Iterations                                   :  5
#Compute time                                 :  81.080734
#Total effective MLUPS                        :  66.214362
#===================================================================
#Number of threads                            :  18
