dxf,0,228.945741,49.997767
dzb,0,1033.144339,230.775866
dyb,0,354.213963,69.598067
cvx,0,316.198298,68.603843
dyf,0,352.026892,69.425742
dzb2,0,1027.523706,228.485717
dxb,0,229.679070,51.807046
cvy,0,3110.480126,438.995982
dzf,0,1028.181988,228.411372
dxb2,0,228.547964,51.612961
dyb2,0,353.517790,69.525496
cvz,0,327.088121,73.867482
dzb3,0,1023.539793,229.529542
dxb3,0,230.058499,51.853152
dyb3,0,352.127118,69.324030
csxxsyyszz,0,883.624277,162.136564
dyf2,0,353.379248,67.834753
dxf2,0,226.957536,49.862470
csxy,0,213.214611,51.161217
dzf2,0,1025.532503,229.829867
dyf3,0,352.807148,69.523437
csyz,0,258.600244,60.370971
dxf3,0,225.803598,51.311877
dzf3,0,1027.328710,230.372218
csxz,0,254.817746,61.596465
dxf,1,225.800162,51.333726
dzb,1,1032.034476,231.195180
dyb,1,354.150987,69.699225
cvx,1,315.952636,68.690419
dyf,1,351.795324,69.448681
dzb2,1,1026.264997,228.464502
dxb,1,228.995631,51.760230
cvy,1,314.621153,69.918949
dzf,1,1026.680294,230.222064
dxb2,1,228.563126,51.689798
dyb2,1,352.716619,69.538354
cvz,1,327.202211,73.852347
dzb3,1,1023.367419,229.787289
dxb3,1,230.038663,51.986134
dyb3,1,351.958269,69.370674
csxxsyyszz,1,885.418985,162.480993
dyf2,1,353.759740,67.962476
dxf2,1,228.368804,50.072465
csxy,1,213.194245,51.159305
dzf2,1,1025.209584,229.934189
dyf3,1,352.757710,69.554800
csyz,1,257.549507,60.280256
dxf3,1,226.100293,51.367159
dzf3,1,1025.707239,230.207724
csxz,1,254.988573,61.622943
dxf,2,226.308318,51.416281
dzb,2,1031.551584,231.201111
dyb,2,354.027332,69.754446
cvx,2,316.554318,68.829907
dyf,2,351.926028,69.489313
dzb2,2,1026.283176,228.660603
dxb,2,229.158901,51.848440
cvy,2,314.540018,69.941231
dzf,2,1027.345042,230.372510
dxb2,2,228.672638,51.725252
dyb2,2,353.807183,69.664882
cvz,2,327.233572,73.897967
dzb3,2,1026.928635,230.433465
dxb3,2,230.255897,52.003591
dyb3,2,352.012216,69.505755
csxxsyyszz,2,886.627526,162.561106
dyf2,2,352.889556,67.828312
dxf2,2,226.930260,49.840428
csxy,2,213.517699,51.245364
dzf2,2,1025.619100,230.103931
dyf3,2,353.662917,69.638966
csyz,2,257.677274,60.260416
dxf3,2,226.000948,51.528463
dzf3,2,1025.602922,230.280431
csxz,2,254.962636,61.640951
dxf,3,225.660204,51.331731
dzb,3,1031.804234,231.335023
dyb,3,354.104720,69.703051
cvx,3,316.709057,68.867287
dyf,3,351.980220,69.531921
dzb2,3,1026.892701,228.751831
dxb,3,229.016170,51.767567
cvy,3,314.623478,69.941992
dzf,3,1028.380519,230.738255
dxb2,3,228.726567,51.733846
dyb2,3,352.578638,69.548002
cvz,3,327.161891,74.015901
dzb3,3,1023.607197,229.928010
dxb3,3,230.001822,51.974462
dyb3,3,352.032857,69.462719
csxxsyyszz,3,886.202370,162.487271
dyf2,3,352.884265,67.833899
dxf2,3,226.846371,49.897370
csxy,3,213.502771,51.280261
dzf2,3,1026.573755,230.328992
dyf3,3,353.804858,69.729205
csyz,3,257.896507,60.287414
dxf3,3,225.786465,51.340061
dzf3,3,1026.142869,230.427587
csxz,3,255.104289,61.666869
dxf,4,226.222230,51.434798
dzb,4,1032.024917,231.462273
dyb,4,354.198934,69.822209
cvx,4,317.903577,69.082738
dyf,4,354.885974,69.951164
dzb2,4,1027.226894,228.924096
dxb,4,229.102309,51.849769
cvy,4,314.184749,69.921516
dzf,4,1025.988973,230.372481
dxb2,4,228.520300,51.747303
dyb2,4,352.521852,69.526220
cvz,4,326.794582,73.907881
dzb3,4,1024.217067,230.134506
dxb3,4,230.192170,52.031863
dyb3,4,351.958771,69.504752
csxxsyyszz,4,873.295535,160.505103
dyf2,4,353.303951,67.932511
dxf2,4,227.380062,49.974711
csxy,4,213.483806,51.267887
dzf2,4,1042.487201,233.479931
dyf3,4,352.976247,69.547786
csyz,4,257.849234,60.351030
dxf3,4,225.703592,51.357509
dzf3,4,1027.616004,230.741106
csxz,4,255.902874,61.978671
#========================= OptEWE [OpenMP] =========================
#Grid Size                                    :  1024 x 1024 x 1024
#Iterations                                   :  5
#Compute time                                 :  63.895157
#Total effective MLUPS                        :  84.023725
#===================================================================
#Number of threads                            :  21
