dxf,0,199.179402,47.469479
dzb,0,908.963795,222.072460
dyb,0,342.023317,72.732027
cvx,0,292.689840,70.040353
dyf,0,307.513502,66.903094
dzb2,0,911.359273,221.316307
dxb,0,254.922737,59.114938
cvy,0,3321.267226,509.747291
dzf,0,904.401578,219.843073
dxb2,0,198.984120,49.456134
dyb2,0,340.902945,72.694187
cvz,0,403.650785,92.629879
dzb3,0,911.424812,221.482712
dxb3,0,199.405998,49.525107
dyb3,0,359.939356,78.898007
csxxsyyszz,0,757.188668,162.797929
dyf2,0,308.270219,66.171444
dxf2,0,269.556786,60.356225
csxy,0,234.444817,57.606741
dzf2,0,2129.649846,401.953409
dyf3,0,310.705246,65.496565
csyz,0,357.973477,81.180705
dxf3,0,197.012233,48.787009
dzf3,0,899.398784,220.956496
csxz,0,357.981676,83.131769
dxf,1,196.383091,48.763507
dzb,1,910.950378,223.613341
dyb,1,342.016521,72.947325
cvx,1,292.345176,70.240401
dyf,1,307.304454,67.124639
dzb2,1,910.723810,221.904666
dxb,1,254.863165,59.298493
cvy,1,442.184820,96.146563
dzf,1,902.979186,220.589619
dxb2,1,198.967083,49.590430
dyb2,1,340.518300,72.906012
cvz,1,403.724756,92.930957
dzb3,1,910.935358,222.057343
dxb3,1,199.352663,49.583271
dyb3,1,360.090060,79.177287
csxxsyyszz,1,768.048775,164.873760
dyf2,1,308.506058,66.087221
dxf2,1,269.833106,60.539321
csxy,1,234.874815,57.817146
dzf2,1,2152.093000,405.974999
dyf3,1,309.467524,65.286078
csyz,1,358.488761,81.306369
dxf3,1,197.014242,48.832676
dzf3,1,900.151192,221.352861
csxz,1,357.276521,83.166807
dxf,2,195.902856,48.871670
dzb,2,909.804392,223.669187
dyb,2,341.862278,73.097977
cvx,2,292.437195,70.312120
dyf,2,307.927896,67.249483
dzb2,2,911.126059,222.143729
dxb,2,254.946683,59.315187
cvy,2,441.863661,96.184765
dzf,2,904.055928,220.896730
dxb2,2,199.102436,49.648445
dyb2,2,340.163539,72.845722
cvz,2,403.538839,92.978584
dzb3,2,913.566075,222.640165
dxb3,2,199.377217,49.622980
dyb3,2,359.920105,79.173697
csxxsyyszz,2,767.971157,164.807330
dyf2,2,308.673170,66.158865
dxf2,2,277.364209,61.809345
csxy,2,242.542163,59.018633
dzf2,2,2130.953687,401.957501
dyf3,2,308.838245,65.279188
csyz,2,358.000696,81.328557
dxf3,2,196.923941,48.887362
dzf3,2,900.229778,221.568674
csxz,2,357.275741,83.216509
dxf,3,196.586060,49.043877
dzb,3,909.516339,223.714307
dyb,3,341.693453,73.166105
cvx,3,292.581207,70.378343
dyf,3,307.469712,67.246684
dzb2,3,912.679894,222.549098
dxb,3,255.150819,59.316483
cvy,3,442.149969,96.265830
dzf,3,903.811998,221.014860
dxb2,3,199.250470,49.693165
dyb2,3,340.833297,73.099896
cvz,3,402.962066,92.911305
dzb3,3,911.276848,222.345556
dxb3,3,199.507144,49.700231
dyb3,3,360.758498,79.334728
csxxsyyszz,3,765.698603,164.645785
dyf2,3,308.488512,66.276516
dxf2,3,269.257046,60.522723
csxy,3,234.760170,57.890016
dzf2,3,2129.553992,402.052363
dyf3,3,308.873247,65.314858
csyz,3,358.385808,81.429360
dxf3,3,196.640620,48.835275
dzf3,3,899.505001,221.521320
csxz,3,357.663673,83.345970
dxf,4,195.884514,48.899162
dzb,4,910.196910,223.921034
dyb,4,341.916447,73.152922
cvx,4,292.503979,70.400557
dyf,4,307.630871,67.242357
dzb2,4,910.708884,222.324179
dxb,4,254.675661,59.439035
cvy,4,441.731233,96.253158
dzf,4,903.563318,221.115542
dxb2,4,198.954232,49.728982
dyb2,4,340.533685,73.030907
cvz,4,402.689167,93.039635
dzb3,4,910.884014,222.542093
dxb3,4,199.440312,49.681350
dyb3,4,359.981145,79.263284
csxxsyyszz,4,768.098463,164.943156
dyf2,4,308.760027,66.219438
dxf2,4,270.629684,60.793301
csxy,4,234.684553,57.880071
dzf2,4,2130.963736,402.261124
dyf3,4,308.934364,65.381846
csyz,4,357.913261,81.529698
dxf3,4,197.114761,48.955158
dzf3,4,901.094946,221.896246
csxz,4,357.264133,83.400416
#========================= OptEWE [OpenMP] =========================
#Grid Size                                    :  1024 x 1024 x 1024
#Iterations                                   :  5
#Compute time                                 :  66.944664
#Total effective MLUPS                        :  80.196222
#===================================================================
#Number of threads                            :  24
