dxf,0,757.161973,120.496115
dzb,0,1929.466675,361.604753
dyb,0,822.307900,132.560596
cvx,0,1222.281383,192.499452
dyf,0,821.160048,131.756773
dzb2,0,1948.501565,365.159676
dxb,0,755.306732,120.724603
cvy,0,3111.595770,422.726217
dzf,0,1948.974873,364.812855
dxb2,0,779.470608,124.079916
dyb2,0,822.370752,132.130475
cvz,0,1423.785075,224.981266
dzb3,0,3978.215998,631.624611
dxb3,0,959.958889,149.378365
dyb3,0,986.913991,154.896546
csxxsyyszz,0,1442.184614,238.247719
dyf2,0,985.955289,154.724301
dxf2,0,962.737215,149.504272
csxy,0,666.693045,113.603544
dzf2,0,3975.132515,631.010165
dyf3,0,986.191423,154.707902
csyz,0,879.428774,147.275492
dxf3,0,960.540877,149.363853
dzf3,0,3963.542366,630.858229
csxz,0,929.338164,154.206745
dxf,1,755.292870,120.644813
dzb,1,1924.937683,361.582319
dyb,1,823.473343,133.021510
cvx,1,1220.849971,192.738562
dyf,1,820.722817,131.825229
dzb2,1,1948.371601,365.400723
dxb,1,755.918515,120.928361
cvy,1,1218.954483,192.534480
dzf,1,1947.366460,365.581574
dxb2,1,778.600322,124.199351
dyb2,1,818.859346,131.695173
cvz,1,1423.285838,225.298152
dzb3,1,3979.309238,631.609370
dxb3,1,960.375678,149.321817
dyb3,1,988.846010,154.865017
csxxsyyszz,1,1442.800438,238.243166
dyf2,1,985.849228,154.665831
dxf2,1,963.803106,149.812078
csxy,1,664.839298,113.810927
dzf2,1,3980.111954,632.205834
dyf3,1,985.402679,154.691743
csyz,1,879.012106,147.078876
dxf3,1,960.578317,149.312010
dzf3,1,3979.144722,631.529158
csxz,1,928.941487,153.664148
dxf,2,756.741099,120.744753
dzb,2,1921.195195,361.176445
dyb,2,821.273532,132.746813
cvx,2,1217.098572,192.565657
dyf,2,818.842618,131.627200
dzb2,2,1948.084600,365.502745
dxb,2,755.876505,120.954217
cvy,2,1220.702345,192.556300
dzf,2,1948.827824,364.734361
dxb2,2,779.560564,124.203409
dyb2,2,820.504460,132.348264
cvz,2,1423.217262,225.193414
dzb3,2,3980.618631,632.066267
dxb3,2,960.180737,149.417893
dyb3,2,986.931938,154.826942
csxxsyyszz,2,1442.844875,238.353546
dyf2,2,986.468085,154.734080
dxf2,2,962.117066,149.345466
csxy,2,663.748117,113.689694
dzf2,2,3976.290017,632.026934
dyf3,2,986.388072,154.608714
csyz,2,878.438550,147.060841
dxf3,2,960.510447,149.247419
dzf3,2,3977.016963,631.131536
csxz,2,926.320397,153.371777
dxf,3,755.576021,120.637141
dzb,3,1928.521071,361.966159
dyb,3,821.590095,132.664335
cvx,3,1227.252969,192.703925
dyf,3,823.382552,132.061451
dzb2,3,1948.815590,365.138574
dxb,3,756.226909,120.839046
cvy,3,1218.815676,192.371193
dzf,3,1947.564651,365.500368
dxb2,3,778.905460,124.352378
dyb2,3,819.094727,131.887966
cvz,3,1421.445330,225.301951
dzb3,3,3977.597835,632.412548
dxb3,3,961.238143,149.606656
dyb3,3,986.663613,155.042998
csxxsyyszz,3,1426.987601,236.238391
dyf2,3,985.444526,155.004329
dxf2,3,960.985461,149.457834
csxy,3,665.350621,113.828570
dzf2,3,3963.531737,630.929885
dyf3,3,988.090613,154.688201
csyz,3,879.914668,147.123526
dxf3,3,961.279333,149.359272
dzf3,3,3978.282709,631.178025
csxz,3,930.456957,153.723940
dxf,4,756.393822,120.660653
dzb,4,1922.633256,361.185110
dyb,4,822.819113,132.611926
cvx,4,1219.923006,192.565616
dyf,4,820.528596,131.820236
dzb2,4,1947.004987,365.213272
dxb,4,755.115486,120.793038
cvy,4,1221.710058,192.513230
dzf,4,1948.725253,365.688902
dxb2,4,779.883019,124.311952
dyb2,4,820.426977,131.967722
cvz,4,1422.957770,225.180813
dzb3,4,3981.523578,632.192430
dxb3,4,960.507647,149.374786
dyb3,4,988.545202,155.006255
csxxsyyszz,4,1442.911836,238.127911
dyf2,4,986.845023,154.704559
dxf2,4,962.940618,149.415616
csxy,4,662.889784,113.500031
dzf2,4,3977.566496,631.172511
dyf3,4,987.167949,154.780245
csyz,4,878.671963,147.073083
dxf3,4,960.504491,149.268210
dzf3,4,3976.281348,630.960641
csxz,4,925.764331,153.378055
#========================= OptEWE [OpenMP] =========================
#Grid Size                                    :  1024 x 1024 x 1024
#Iterations                                   :  5
#Compute time                                 :  182.518600
#Total effective MLUPS                        :  29.414586
#===================================================================
#Number of threads                            :  13
