dxf,0,363.705373,70.024617
dzb,0,1728.444465,334.623718
dyb,0,573.158452,97.220006
cvx,0,508.913014,97.836903
dyf,0,571.121974,98.197344
dzb2,0,1709.157809,330.866746
dxb,0,368.856132,71.626874
cvy,0,2860.182521,385.787345
dzf,0,1689.009248,328.257840
dxb2,0,372.046997,72.524417
dyb2,0,572.181198,98.190253
cvz,0,525.789692,103.648785
dzb3,0,1729.749993,336.028535
dxb3,0,371.306831,71.520239
dyb3,0,577.690797,100.004485
csxxsyyszz,0,1387.854814,225.673405
dyf2,0,573.214563,97.228652
dxf2,0,391.885883,71.455353
csxy,0,294.314563,61.828056
dzf2,0,3415.815766,554.293317
dyf3,0,572.891128,97.162183
csyz,0,448.662938,87.580997
dxf3,0,363.501114,71.263645
dzf3,0,1721.993905,334.744163
csxz,0,437.495938,86.888784
dxf,1,362.307990,71.438624
dzb,1,1724.677011,335.193741
dyb,1,573.250291,97.803351
cvx,1,509.487206,98.176736
dyf,1,571.305532,98.395037
dzb2,1,1709.295379,331.470927
dxb,1,368.894108,71.718372
cvy,1,507.968781,96.155169
dzf,1,1688.859448,330.043350
dxb2,1,371.856446,72.686469
dyb2,1,573.271075,98.885145
cvz,1,525.764154,104.077231
dzb3,1,1728.251981,335.565463
dxb3,1,370.767997,71.703613
dyb3,1,577.265757,99.875323
csxxsyyszz,1,1387.431652,225.505708
dyf2,1,572.916694,97.331831
dxf2,1,391.839678,71.570562
csxy,1,295.652638,62.131102
dzf2,1,3417.233613,554.454635
dyf3,1,573.234021,97.074313
csyz,1,448.406776,87.683825
dxf3,1,363.251734,71.324974
dzf3,1,1720.774720,334.283090
csxz,1,437.733556,87.033942
dxf,2,362.130427,71.309225
dzb,2,1723.400429,334.777768
dyb,2,572.903835,97.588526
cvx,2,510.872404,98.345804
dyf,2,573.049977,98.554378
dzb2,2,1708.354713,331.278318
dxb,2,368.508058,71.739429
cvy,2,510.723888,95.135788
dzf,2,1687.663573,329.456726
dxb2,2,372.284549,72.668648
dyb2,2,571.989227,98.509919
cvz,2,525.979056,103.758848
dzb3,2,1728.787074,335.365447
dxb3,2,371.032467,71.672554
dyb3,2,578.952977,100.095103
csxxsyyszz,2,1391.526361,226.068586
dyf2,2,572.656599,97.294379
dxf2,2,391.691622,71.572298
csxy,2,294.435608,61.948728
dzf2,2,3386.756534,552.962088
dyf3,2,572.934132,97.217886
csyz,2,448.925544,87.730275
dxf3,2,363.367834,71.285674
dzf3,2,1720.986068,334.271927
csxz,2,437.415177,86.995425
dxf,3,362.096966,71.322034
dzb,3,1725.993301,335.156759
dyb,3,573.348682,97.694126
cvx,3,509.054226,98.104509
dyf,3,571.435588,98.488866
dzb2,3,1707.111822,331.413177
dxb,3,368.819602,71.849172
cvy,3,507.805464,96.099189
dzf,3,1686.182640,329.693774
dxb2,3,371.941210,72.760374
dyb2,3,574.315759,99.251557
cvz,3,525.591910,103.698059
dzb3,3,1729.799763,335.622741
dxb3,3,371.622268,71.833561
dyb3,3,578.164141,99.926448
csxxsyyszz,3,1387.615362,225.530573
dyf2,3,572.589331,97.269233
dxf2,3,391.848281,71.588835
csxy,3,294.451714,61.998125
dzf2,3,3419.643228,555.423867
dyf3,3,573.063658,97.068510
csyz,3,448.853337,87.749952
dxf3,3,363.465955,71.344133
dzf3,3,1720.635446,334.231178
csxz,3,438.257354,87.128921
dxf,4,362.081888,71.278777
dzb,4,1722.270146,334.615028
dyb,4,572.899755,97.694876
cvx,4,508.908235,98.016721
dyf,4,571.181158,98.447257
dzb2,4,1709.103563,331.410006
dxb,4,369.121553,71.866646
cvy,4,507.805747,96.070684
dzf,4,1687.613866,329.733912
dxb2,4,371.776299,72.631058
dyb2,4,572.196983,98.534013
cvz,4,525.693379,103.766334
dzb3,4,1729.001329,335.440857
dxb3,4,371.119101,71.751474
dyb3,4,578.086635,99.787468
csxxsyyszz,4,1389.721976,225.854168
dyf2,4,572.502333,97.322153
dxf2,4,392.372487,71.570134
csxy,4,294.351029,61.938018
dzf2,4,3418.338558,554.569819
dyf3,4,574.036116,97.462062
csyz,4,448.198817,87.604067
dxf3,4,364.458083,71.388723
dzf3,4,1720.384100,334.334337
csxz,4,437.316449,87.264439
#========================= OptEWE [OpenMP] =========================
#Grid Size                                    :  1024 x 1024 x 1024
#Iterations                                   :  5
#Compute time                                 :  111.192833
#Total effective MLUPS                        :  48.282870
#===================================================================
#Number of threads                            :  13
