dxf,0,492.073252,80.534908
dzb,0,2890.173566,436.874657
dyb,0,941.836308,132.164075
cvx,0,932.857484,133.855432
dyf,0,938.378582,131.176088
dzb2,0,2898.717019,435.368293
dxb,0,511.726647,82.892483
cvy,0,3440.902905,422.212371
dzf,0,2908.167195,435.686782
dxb2,0,521.559481,83.646969
dyb2,0,940.564695,133.271748
cvz,0,942.601611,146.184001
dzb3,0,2899.185045,445.234387
dxb3,0,510.595290,82.554007
dyb3,0,949.189663,136.876315
csxxsyyszz,0,2574.706237,335.162201
dyf2,0,944.578859,131.586771
dxf2,0,508.165097,82.021830
csxy,0,418.734238,74.957539
dzf2,0,3988.345932,586.918075
dyf3,0,944.287352,131.429623
csyz,0,497.284186,89.369515
dxf3,0,499.307408,83.370756
dzf3,0,2898.283754,437.485677
csxz,0,487.927766,88.678749
dxf,1,487.672501,82.131676
dzb,1,2894.595022,438.938562
dyb,1,941.301682,132.380028
cvx,1,930.908122,133.778211
dyf,1,938.610658,131.396128
dzb2,1,2887.094271,439.291144
dxb,1,512.773795,83.866945
cvy,1,930.965609,138.879688
dzf,1,2881.081996,437.924827
dxb2,1,520.900946,84.000015
dyb2,1,942.067154,132.717948
cvz,1,940.104983,145.807584
dzb3,1,2897.633649,440.578613
dxb3,1,511.989437,82.949897
dyb3,1,949.159879,136.946126
csxxsyyszz,1,2581.606089,338.885014
dyf2,1,940.513176,132.679748
dxf2,1,508.032113,82.324983
csxy,1,419.259365,75.212240
dzf2,1,3980.992775,587.680547
dyf3,1,943.514388,132.602208
csyz,1,497.146398,89.718982
dxf3,1,499.270987,83.642836
dzf3,1,2898.161999,438.818192
csxz,1,489.125044,89.825546
dxf,2,491.433721,83.341500
dzb,2,2884.089326,439.268229
dyb,2,943.110666,132.702154
cvx,2,931.811653,134.260024
dyf,2,941.479735,132.226732
dzb2,2,2893.229516,439.883931
dxb,2,512.753924,83.123120
cvy,2,935.536338,139.036721
dzf,2,2902.453550,436.030543
dxb2,2,520.276593,83.767893
dyb2,2,942.351607,133.162315
cvz,2,940.019901,146.740022
dzb3,2,2891.478918,442.047696
dxb3,2,512.118327,82.437722
dyb3,2,951.281863,136.991447
csxxsyyszz,2,2580.454869,337.923149
dyf2,2,940.995460,131.681048
dxf2,2,509.428308,82.336099
csxy,2,420.433198,75.405863
dzf2,2,3958.983129,588.569060
dyf3,2,940.699557,131.940100
csyz,2,497.412305,89.723733
dxf3,2,499.310469,83.698908
dzf3,2,2895.204149,438.486752
csxz,2,487.835571,88.845929
dxf,3,485.896516,81.914593
dzb,3,2885.399714,438.049665
dyb,3,945.626391,133.269286
cvx,3,930.757650,133.861821
dyf,3,941.854344,131.898058
dzb2,3,2891.201951,439.422710
dxb,3,512.368156,83.107184
cvy,3,935.395794,139.166700
dzf,3,2905.137265,436.333468
dxb2,3,523.929200,84.445285
dyb2,3,939.648330,132.440358
cvz,3,940.108344,147.283138
dzb3,3,2900.811540,444.203749
dxb3,3,511.418382,82.859246
dyb3,3,951.544533,137.401205
csxxsyyszz,3,2580.267257,337.706209
dyf2,3,945.521333,132.730549
dxf2,3,509.813872,82.466632
csxy,3,419.655090,75.028796
dzf2,3,3982.289202,587.479228
dyf3,3,943.585103,132.189030
csyz,3,497.232272,89.766615
dxf3,3,498.961535,83.666367
dzf3,3,2898.727491,437.820415
csxz,3,491.403611,89.181405
dxf,4,489.482210,82.394508
dzb,4,2890.577712,439.393538
dyb,4,943.104309,132.625537
cvx,4,932.471273,134.103642
dyf,4,938.360164,131.609876
dzb2,4,2890.444570,446.072569
dxb,4,512.813174,82.961995
cvy,4,939.288972,139.417905
dzf,4,2906.339445,435.557255
dxb2,4,522.179957,84.057144
dyb2,4,942.246463,133.114518
cvz,4,939.962021,145.647661
dzb3,4,2889.591825,438.800524
dxb3,4,512.133678,82.530739
dyb3,4,956.524209,138.012062
csxxsyyszz,4,2581.410494,338.756652
dyf2,4,941.616492,131.977334
dxf2,4,508.739134,82.363492
csxy,4,419.286350,75.098690
dzf2,4,3983.745479,587.335277
dyf3,4,939.350593,131.344618
csyz,4,500.278134,90.040843
dxf3,4,498.987303,83.609312
dzf3,4,2891.135005,440.244873
csxz,4,488.301084,88.844725
#========================= OptEWE [OpenMP] =========================
#Grid Size                                    :  1024 x 1024 x 1024
#Iterations                                   :  5
#Compute time                                 :  172.256378
#Total effective MLUPS                        :  31.166968
#===================================================================
#Number of threads                            :  7
