dxf,0,210.801743,47.479114
dzb,0,938.852758,217.519319
dyb,0,323.855490,66.045841
cvx,0,289.869487,65.340540
dyf,0,322.636536,66.067546
dzb2,0,939.106239,216.175190
dxb,0,208.706403,48.876554
cvy,0,3235.420853,464.379833
dzf,0,943.881403,216.782834
dxb2,0,210.727471,49.240771
dyb2,0,322.929471,65.995719
cvz,0,300.939111,70.182337
dzb3,0,939.916740,218.109996
dxb3,0,212.336103,49.564851
dyb3,0,323.104889,66.053076
csxxsyyszz,0,781.411792,150.351035
dyf2,0,324.735515,64.496232
dxf2,0,208.231312,47.308418
csxy,0,196.954277,49.222031
dzf2,0,939.439752,218.118986
dyf3,0,323.169999,66.093981
csyz,0,237.551859,57.619743
dxf3,0,208.367588,48.974196
dzf3,0,940.021979,218.349911
csxz,0,234.692052,59.050408
dxf,1,207.076380,48.817388
dzb,1,941.700370,218.786425
dyb,1,323.953422,66.236512
cvx,1,289.914055,65.475120
dyf,1,322.371414,66.105416
dzb2,1,940.507193,216.726997
dxb,1,208.638087,48.973319
cvy,1,287.937786,66.722108
dzf,1,939.643679,218.394754
dxb2,1,210.399060,49.349992
dyb2,1,323.688425,66.317034
cvz,1,300.713635,70.287827
dzb3,1,938.854033,218.299537
dxb3,1,212.304457,49.630134
dyb3,1,323.655785,66.244744
csxxsyyszz,1,783.668228,150.839408
dyf2,1,323.469545,64.350781
dxf2,1,208.536960,47.387292
csxy,1,197.021438,49.257957
dzf2,1,939.934433,218.465454
dyf3,1,322.793099,66.078685
csyz,1,237.406328,57.685887
dxf3,1,208.366882,48.938434
dzf3,1,942.219250,218.956926
csxz,1,234.777801,59.154927
dxf,2,206.957297,48.844782
dzb,2,938.738404,218.431938
dyb,2,323.819268,66.353306
cvx,2,289.772094,65.413061
dyf,2,322.785567,66.201176
dzb2,2,939.538308,216.740175
dxb,2,208.210786,48.891362
cvy,2,288.004096,66.771265
dzf,2,939.915983,218.604625
dxb2,2,210.327623,49.292311
dyb2,2,322.932451,66.296585
cvz,2,300.454465,70.305597
dzb3,2,938.565179,218.334468
dxb3,2,212.184567,49.685395
dyb3,2,323.490348,66.185253
csxxsyyszz,2,783.825171,150.992682
dyf2,2,323.708472,64.438776
dxf2,2,208.321595,47.354845
csxy,2,196.799390,49.300606
dzf2,2,938.465217,218.373113
dyf3,2,324.236431,66.418364
csyz,2,237.408206,57.830378
dxf3,2,207.965450,48.957578
dzf3,2,939.619627,218.688849
csxz,2,234.248177,59.128308
dxf,3,207.074161,48.909132
dzb,3,939.688838,218.831031
dyb,3,323.790168,66.338751
cvx,3,290.018937,65.598036
dyf,3,322.739368,66.249102
dzb2,3,938.802717,216.790390
dxb,3,208.172982,48.990165
cvy,3,288.093883,66.867334
dzf,3,940.037735,218.716064
dxb2,3,210.376143,49.412716
dyb2,3,322.947933,66.280950
cvz,3,300.734026,70.433500
dzb3,3,938.354643,218.495873
dxb3,3,212.227608,49.729812
dyb3,3,323.108297,66.141509
csxxsyyszz,3,778.068837,150.211921
dyf2,3,323.818183,64.509189
dxf2,3,208.371441,47.444936
csxy,3,197.648952,49.460780
dzf2,3,937.668835,218.344396
dyf3,3,323.607653,66.372799
csyz,3,237.651699,57.817599
dxf3,3,208.245644,49.070110
dzf3,3,940.514309,218.896712
csxz,3,234.697916,59.234247
dxf,4,206.923597,48.917284
dzb,4,939.890102,218.812228
dyb,4,324.226495,66.460462
cvx,4,290.587643,65.828673
dyf,4,322.867490,66.274530
dzb2,4,939.879184,217.070760
dxb,4,208.494817,49.085760
cvy,4,288.076043,66.890262
dzf,4,939.594777,218.788158
dxb2,4,210.372618,49.373187
dyb2,4,322.819922,66.263271
cvz,4,300.414058,70.367391
dzb3,4,939.085989,218.694509
dxb3,4,212.349597,49.785684
dyb3,4,323.069910,66.314322
csxxsyyszz,4,778.253998,150.281093
dyf2,4,323.865033,64.520390
dxf2,4,208.495458,47.473050
csxy,4,196.688613,49.317061
dzf2,4,938.736808,218.548908
dyf3,4,324.950188,66.562705
csyz,4,237.565584,57.854922
dxf3,4,208.192655,49.091455
dzf3,4,939.263385,218.798330
csxz,4,234.329000,59.285738
#========================= OptEWE [OpenMP] =========================
#Grid Size                                    :  1024 x 1024 x 1024
#Iterations                                   :  5
#Compute time                                 :  58.763527
#Total effective MLUPS                        :  91.361247
#===================================================================
#Number of threads                            :  23
