dxf,0,227.930637,49.811179
dzb,0,1052.135780,233.801609
dyb,0,354.682687,69.528889
cvx,0,316.545838,68.611060
dyf,0,352.759878,69.321923
dzb2,0,1044.548117,231.183657
dxb,0,226.283121,51.139860
cvy,0,3101.695359,438.205545
dzf,0,1047.188420,231.363123
dxb2,0,230.804360,51.870543
dyb2,0,352.511242,69.416457
cvz,0,327.150350,73.833929
dzb3,0,1046.914672,233.361320
dxb3,0,229.888691,51.802703
dyb3,0,355.896065,69.983047
csxxsyyszz,0,892.310316,164.293264
dyf2,0,354.372215,67.979987
dxf2,0,226.732179,49.734025
csxy,0,211.537331,50.950577
dzf2,0,1043.959460,233.009872
dyf3,0,353.927515,69.510490
csyz,0,255.631702,59.980695
dxf3,0,225.191261,51.162064
dzf3,0,1046.820950,233.624859
csxz,0,253.322625,61.351137
dxf,1,225.036981,51.262952
dzb,1,1053.975754,234.905589
dyb,1,355.370536,69.750923
cvx,1,316.403416,68.773216
dyf,1,352.947077,69.430994
dzb2,1,1046.005868,231.845498
dxb,1,226.958694,51.386359
cvy,1,315.009279,69.996526
dzf,1,1046.148637,233.547187
dxb2,1,229.692643,51.795938
dyb2,1,353.611225,69.691043
cvz,1,327.518391,74.045162
dzb3,1,1047.816147,233.899852
dxb3,1,230.029837,51.832067
dyb3,1,354.330476,69.807830
csxxsyyszz,1,886.149557,163.140828
dyf2,1,355.737505,68.268965
dxf2,1,226.529762,49.748120
csxy,1,211.757895,51.046079
dzf2,1,1044.182455,233.267460
dyf3,1,353.428355,69.418056
csyz,1,255.537541,59.964691
dxf3,1,225.799786,51.306037
dzf3,1,1048.107590,234.058390
csxz,1,253.684006,61.454576
dxf,2,225.693802,51.330798
dzb,2,1053.276666,234.856730
dyb,2,354.978024,69.801915
cvx,2,316.709044,68.844004
dyf,2,353.047707,69.530258
dzb2,2,1044.143828,231.681634
dxb,2,226.512877,51.288649
cvy,2,314.950917,70.072217
dzf,2,1045.806334,233.695008
dxb2,2,229.905400,51.852997
dyb2,2,352.596211,69.525945
cvz,2,327.534627,74.075588
dzb3,2,1048.815041,234.225989
dxb3,2,230.077806,51.792546
dyb3,2,356.360509,70.150137
csxxsyyszz,2,895.967599,165.071663
dyf2,2,354.740054,68.088166
dxf2,2,227.390102,49.960782
csxy,2,211.565331,51.036658
dzf2,2,1044.098504,233.369360
dyf3,2,355.207259,69.756436
csyz,2,255.655549,60.053064
dxf3,2,224.967638,51.215350
dzf3,2,1046.153496,233.776369
csxz,2,253.366267,61.416478
dxf,3,224.724349,51.192031
dzb,3,1052.103643,234.765093
dyb,3,354.616007,69.796846
cvx,3,316.784078,68.889826
dyf,3,352.679871,69.468842
dzb2,3,1044.128657,231.737038
dxb,3,226.610798,51.406484
cvy,3,315.079055,70.105585
dzf,3,1046.871265,233.881573
dxb2,3,229.683064,51.841753
dyb2,3,352.735434,69.625514
cvz,3,327.409311,73.985048
dzb3,3,1049.541860,234.340672
dxb3,3,229.918500,51.838409
dyb3,3,353.248824,69.693379
csxxsyyszz,3,885.662481,163.266308
dyf2,3,354.347238,68.086427
dxf2,3,226.608518,49.784052
csxy,3,211.732934,51.069635
dzf2,3,1044.058957,233.395955
dyf3,3,353.356852,69.509024
csyz,3,255.687153,60.050539
dxf3,3,224.992420,51.251231
dzf3,3,1046.614187,233.955466
csxz,3,253.314164,61.403600
dxf,4,224.816426,51.233026
dzb,4,1051.892375,234.800753
dyb,4,354.748794,69.778139
cvx,4,316.500937,68.912976
dyf,4,352.663188,69.471907
dzb2,4,1044.506462,231.892037
dxb,4,226.584167,51.457462
cvy,4,314.684815,70.046622
dzf,4,1047.438427,234.106352
dxb2,4,229.694460,51.902246
dyb2,4,352.877515,69.728819
cvz,4,328.825760,74.366310
dzb3,4,1047.390525,234.121606
dxb3,4,229.860378,52.038000
dyb3,4,353.289349,69.719039
csxxsyyszz,4,886.295165,163.310235
dyf2,4,355.438695,68.339310
dxf2,4,226.477423,49.890343
csxy,4,211.803153,51.161398
dzf2,4,1044.504964,233.539970
dyf3,4,353.358309,69.534692
csyz,4,255.813205,60.130535
dxf3,4,225.086424,51.431007
dzf3,4,1044.332945,234.531989
csxz,4,253.317588,61.889724
#========================= OptEWE [OpenMP] =========================
#Grid Size                                    :  1024 x 1024 x 1024
#Iterations                                   :  5
#Compute time                                 :  64.487343
#Total effective MLUPS                        :  83.252137
#===================================================================
#Number of threads                            :  21
