dxf,0,218.799206,48.531155
dzb,0,980.509869,223.575340
dyb,0,338.348675,67.925734
cvx,0,302.396195,67.041061
dyf,0,337.102838,67.594711
dzb2,0,982.422853,222.379244
dxb,0,216.038793,49.880185
cvy,0,3151.974255,449.192308
dzf,0,982.524625,222.153405
dxb2,0,218.543688,50.272125
dyb2,0,337.324872,67.585997
cvz,0,312.947527,71.885864
dzb3,0,980.621185,223.861231
dxb3,0,216.246916,49.994699
dyb3,0,338.169690,67.740858
csxxsyyszz,0,817.987104,154.936267
dyf2,0,338.393376,66.155281
dxf2,0,215.730859,48.343967
csxy,0,203.103062,49.941308
dzf2,0,980.446102,223.957796
dyf3,0,337.121629,67.799235
csyz,0,245.037978,58.616530
dxf3,0,215.817352,49.977007
dzf3,0,983.832733,224.641344
csxz,0,242.174252,60.039115
dxf,1,216.526755,50.144069
dzb,1,979.031145,223.831239
dyb,1,338.201688,67.881180
cvx,1,302.300586,67.192892
dyf,1,336.843324,67.598748
dzb2,1,979.726422,222.226365
dxb,1,215.917800,49.967806
cvy,1,300.767480,68.576602
dzf,1,980.812721,224.196977
dxb2,1,218.522341,50.362942
dyb2,1,338.876075,67.988506
cvz,1,312.974681,71.962745
dzb3,1,981.588664,224.297497
dxb3,1,216.238205,50.007316
dyb3,1,337.634871,67.785925
csxxsyyszz,1,811.108061,153.997167
dyf2,1,338.263647,66.163124
dxf2,1,215.792075,48.310574
csxy,1,204.148758,50.145648
dzf2,1,981.163864,224.099118
dyf3,1,338.167605,67.969325
csyz,1,246.180358,58.872592
dxf3,1,215.200097,49.928033
dzf3,1,983.969704,224.730059
csxz,1,242.260281,60.067889
dxf,2,214.833423,49.863856
dzb,2,979.095092,223.973236
dyb,2,338.031688,67.898882
cvx,2,302.245833,67.155741
dyf,2,337.018894,67.703267
dzb2,2,979.702930,222.301680
dxb,2,215.756801,49.985481
cvy,2,300.807102,68.620249
dzf,2,981.266463,224.390703
dxb2,2,218.390401,50.429320
dyb2,2,339.004535,68.051928
cvz,2,312.939279,71.958591
dzb3,2,981.519989,224.321245
dxb3,2,216.351980,50.055833
dyb3,2,339.105403,68.023448
csxxsyyszz,2,819.663778,155.314426
dyf2,2,338.126777,66.181105
dxf2,2,215.752369,48.322688
csxy,2,204.087637,50.179923
dzf2,2,981.277258,224.258284
dyf3,2,337.201261,67.843848
csyz,2,245.420705,58.742984
dxf3,2,215.390033,49.914530
dzf3,2,983.992493,224.777220
csxz,2,242.186087,60.055696
dxf,3,214.765595,49.884653
dzb,3,979.702150,224.173772
dyb,3,338.246492,67.973491
cvx,3,302.408206,67.256479
dyf,3,337.047686,67.788217
dzb2,3,980.481074,222.635345
dxb,3,215.853086,50.007912
cvy,3,300.770058,68.670185
dzf,3,980.602315,224.459315
dxb2,3,218.353635,50.417481
dyb2,3,337.376407,67.805192
cvz,3,314.851909,72.349430
dzb3,3,981.556144,224.485404
dxb3,3,216.160364,50.041619
dyb3,3,339.099644,68.098615
csxxsyyszz,3,817.316723,155.193373
dyf2,3,338.163409,66.232037
dxf2,3,215.940964,48.433343
csxy,3,202.996590,50.039778
dzf2,3,980.679055,224.342561
dyf3,3,337.148418,67.924713
csyz,3,245.089037,58.809336
dxf3,3,215.812527,50.100206
dzf3,3,984.329428,225.144262
csxz,3,242.138626,60.129768
dxf,4,214.995418,49.914395
dzb,4,980.948866,224.507299
dyb,4,338.322361,67.935253
cvx,4,302.430609,67.367411
dyf,4,336.912898,67.779672
dzb2,4,981.104651,222.864952
dxb,4,215.783368,50.037626
cvy,4,300.809430,68.700963
dzf,4,982.273117,224.835223
dxb2,4,218.560196,50.495724
dyb2,4,339.996565,68.255306
cvz,4,312.956528,72.174352
dzb3,4,982.559970,224.794163
dxb3,4,216.848690,50.247968
dyb3,4,338.354713,67.957174
csxxsyyszz,4,819.527553,155.548522
dyf2,4,338.445204,66.314230
dxf2,4,215.678199,48.372544
csxy,4,203.146782,50.082246
dzf2,4,982.159095,224.626966
dyf3,4,337.472322,67.937831
csyz,4,244.996478,58.788074
dxf3,4,215.255066,50.004891
dzf3,4,984.049264,225.133574
csxz,4,241.967298,60.277077
#========================= OptEWE [OpenMP] =========================
#Grid Size                                    :  1024 x 1024 x 1024
#Iterations                                   :  5
#Compute time                                 :  61.048023
#Total effective MLUPS                        :  87.942391
#===================================================================
#Number of threads                            :  22
