dxf,0,548.950404,86.185461
dzb,0,3350.782030,476.727828
dyb,0,1074.458311,146.436382
cvx,0,1081.386156,148.203569
dyf,0,1071.344954,146.966333
dzb2,0,3365.211598,477.783450
dxb,0,571.799859,87.713273
cvy,0,3712.733184,448.678645
dzf,0,3364.355857,485.698004
dxb2,0,573.615872,87.940299
dyb2,0,1072.913750,147.068350
cvz,0,1096.739691,158.367010
dzb3,0,3362.168587,477.546238
dxb3,0,585.885695,89.289926
dyb3,0,1091.774687,149.695491
csxxsyyszz,0,2990.821867,383.460564
dyf2,0,1074.613885,146.393542
dxf2,0,563.087263,88.609627
csxy,0,461.704291,80.613143
dzf2,0,4225.790998,613.089204
dyf3,0,1073.351434,146.129930
csyz,0,544.640576,95.711227
dxf3,0,542.622583,86.703157
dzf3,0,3366.286001,478.518217
csxz,0,531.385631,93.968642
dxf,1,545.209633,87.583888
dzb,1,3356.782938,478.498249
dyb,1,1077.179420,146.761075
cvx,1,1085.645831,148.700641
dyf,1,1082.917581,149.078736
dzb2,1,3364.642682,478.066383
dxb,1,571.932730,87.622238
cvy,1,1087.524832,157.026124
dzf,1,3366.760720,479.308933
dxb2,1,573.001339,87.944492
dyb2,1,1071.940981,146.489648
cvz,1,1097.905007,158.807984
dzb3,1,3364.076017,478.609886
dxb3,1,586.833270,89.483214
dyb3,1,1092.191582,149.881951
csxxsyyszz,1,3010.114334,385.896248
dyf2,1,1072.056186,146.416769
dxf2,1,561.325508,88.401911
csxy,1,461.615151,80.675471
dzf2,1,4224.905452,613.144012
dyf3,1,1071.859360,146.932260
csyz,1,544.863059,96.013775
dxf3,1,540.117518,86.489056
dzf3,1,3364.537144,479.507879
csxz,1,531.695458,94.160969
dxf,2,547.867676,87.488054
dzb,2,3354.858548,477.520017
dyb,2,1075.495233,146.582532
cvx,2,1085.952974,148.409032
dyf,2,1070.604275,146.138229
dzb2,2,3373.445955,478.589516
dxb,2,572.179211,87.577185
cvy,2,1088.542710,156.995942
dzf,2,3366.883106,478.785536
dxb2,2,573.467027,87.939047
dyb2,2,1072.185104,146.927042
cvz,2,1095.355796,158.034900
dzb3,2,3368.554645,479.270471
dxb3,2,586.934248,89.825767
dyb3,2,1091.750809,149.937936
csxxsyyszz,2,2991.025057,384.813901
dyf2,2,1076.687679,146.815800
dxf2,2,561.084879,88.419699
csxy,2,461.774798,80.889877
dzf2,2,4225.848035,614.247041
dyf3,2,1072.333698,147.328687
csyz,2,544.371982,95.963256
dxf3,2,540.655752,86.565767
dzf3,2,3362.988960,488.303560
csxz,2,531.974120,94.329963
dxf,3,544.443031,86.943860
dzb,3,3363.419937,481.814141
dyb,3,1076.885875,147.626764
cvx,3,1085.809266,150.438645
dyf,3,1072.992599,147.452807
dzb2,3,3370.446743,482.601708
dxb,3,572.561148,88.078780
cvy,3,1089.540770,157.383211
dzf,3,3364.074115,478.080668
dxb2,3,572.920853,88.008601
dyb2,3,1071.629036,146.388468
cvz,3,1096.078200,158.342368
dzb3,3,3363.418752,478.552630
dxb3,3,587.618216,89.777511
dyb3,3,1093.840034,151.677649
csxxsyyszz,3,3001.935031,385.743144
dyf2,3,1070.545800,145.948494
dxf2,3,560.128094,88.244342
csxy,3,461.762861,80.693931
dzf2,3,4228.068946,612.873821
dyf3,3,1072.823816,145.726979
csyz,3,544.173039,95.866394
dxf3,3,540.085930,86.497450
dzf3,3,3359.882207,477.505002
csxz,3,531.099197,94.086014
dxf,4,545.464927,87.132909
dzb,4,3354.941781,477.377663
dyb,4,1073.808519,146.368713
cvx,4,1085.367899,148.480097
dyf,4,1072.166638,146.186024
dzb2,4,3364.701201,479.299350
dxb,4,572.593375,87.848440
cvy,4,1089.737772,157.529906
dzf,4,3366.792599,479.198012
dxb2,4,572.872791,88.024796
dyb2,4,1071.435368,146.743205
cvz,4,1095.300912,158.676474
dzb3,4,3362.265804,478.111137
dxb3,4,586.639121,89.506486
dyb3,4,1093.877408,150.515155
csxxsyyszz,4,2968.108245,380.497726
dyf2,4,1073.442545,146.352654
dxf2,4,560.666302,88.394851
csxy,4,461.969884,80.780496
dzf2,4,4223.375053,613.081476
dyf3,4,1078.409908,147.063654
csyz,4,544.734557,95.974794
dxf3,4,543.003404,91.192064
dzf3,4,3361.011833,479.949079
csxz,4,531.211548,94.011513
#========================= OptEWE [OpenMP] =========================
#Grid Size                                    :  1024 x 1024 x 1024
#Iterations                                   :  5
#Compute time                                 :  196.049713
#Total effective MLUPS                        :  27.384427
#===================================================================
#Number of threads                            :  6
