dxf,0,641.625232,94.674146
dzb,0,4061.458043,540.203020
dyb,0,1271.017968,166.934552
cvx,0,1302.337390,170.742395
dyf,0,1269.328070,168.227410
dzb2,0,4065.779335,546.146767
dxb,0,667.720085,98.689450
cvy,0,4085.198722,488.070783
dzf,0,4067.257884,543.388363
dxb2,0,669.382272,98.551573
dyb2,0,1269.734186,167.384003
cvz,0,1312.561339,177.748920
dzb3,0,4062.558981,542.691989
dxb3,0,666.132053,97.941104
dyb3,0,1295.377980,172.581521
csxxsyyszz,0,3553.878565,446.676539
dyf2,0,1267.509922,166.056905
dxf2,0,643.953669,98.009746
csxy,0,531.941860,90.723405
dzf2,0,4677.359012,663.961041
dyf3,0,1269.963089,166.578486
csyz,0,622.632178,106.309453
dxf3,0,631.193021,94.605411
dzf3,0,4064.539883,540.859067
csxz,0,604.072939,103.752141
dxf,1,637.436594,95.497775
dzb,1,4071.364748,542.517086
dyb,1,1276.204982,167.333262
cvx,1,1301.946351,168.346880
dyf,1,1271.905665,173.134657
dzb2,1,4071.319876,541.746797
dxb,1,668.165522,97.952190
cvy,1,1306.762775,174.899278
dzf,1,4061.736468,541.891413
dxb2,1,668.960795,98.991842
dyb2,1,1267.974260,167.080334
cvz,1,1313.583760,177.972365
dzb3,1,4060.117463,540.636561
dxb3,1,664.237033,97.452222
dyb3,1,1290.156875,171.077094
csxxsyyszz,1,3565.035218,444.558481
dyf2,1,1270.436554,167.724338
dxf2,1,644.349005,99.138977
csxy,1,531.987814,90.176673
dzf2,1,4662.756837,662.420371
dyf3,1,1269.721827,166.791594
csyz,1,623.707943,106.428398
dxf3,1,631.614323,94.590728
dzf3,1,4060.090607,540.839888
csxz,1,603.130001,103.788701
dxf,2,643.260086,96.379806
dzb,2,4061.558588,542.080481
dyb,2,1275.429611,167.567301
cvx,2,1299.529879,168.242792
dyf,2,1267.685543,166.501351
dzb2,2,4067.887727,541.621267
dxb,2,665.216896,97.626436
cvy,2,1304.272941,174.785677
dzf,2,4060.624309,541.248368
dxb2,2,669.197724,98.006049
dyb2,2,1266.734080,166.255472
cvz,2,1309.560623,176.951503
dzb3,2,4056.923166,540.696593
dxb3,2,662.972759,97.320954
dyb3,2,1287.662047,170.605602
csxxsyyszz,2,3551.988629,444.865570
dyf2,2,1268.758781,167.028967
dxf2,2,644.039453,98.094260
csxy,2,531.647637,90.467000
dzf2,2,4676.029793,664.490255
dyf3,2,1270.437077,166.821143
csyz,2,622.304632,106.402371
dxf3,2,633.360925,95.043160
dzf3,2,4063.123835,541.574662
csxz,2,603.512159,103.687376
dxf,3,636.477332,95.405880
dzb,3,4064.933658,541.591662
dyb,3,1273.997068,167.167896
cvx,3,1300.626989,168.396602
dyf,3,1269.147145,167.304994
dzb2,3,4068.756499,545.310452
dxb,3,667.475138,98.211132
cvy,3,1307.859915,175.524987
dzf,3,4065.034111,550.458779
dxb2,3,669.071867,98.276659
dyb2,3,1273.012783,167.374718
cvz,3,1311.843964,176.914468
dzb3,3,4059.973783,539.934010
dxb3,3,665.100427,97.605729
dyb3,3,1290.284945,170.954387
csxxsyyszz,3,3566.245656,445.662629
dyf2,3,1269.667098,166.523554
dxf2,3,643.835246,97.971259
csxy,3,531.870402,90.374309
dzf2,3,4672.761266,663.742652
dyf3,3,1270.928361,166.962339
csyz,3,622.229408,106.312603
dxf3,3,630.439642,96.177954
dzf3,3,4061.641349,545.358434
csxz,3,602.949145,103.777877
dxf,4,636.665762,95.661648
dzb,4,4076.229532,549.292281
dyb,4,1271.705920,166.870939
cvx,4,1300.003841,168.036226
dyf,4,1271.406507,167.197941
dzb2,4,4060.106472,541.404114
dxb,4,665.259522,97.662364
cvy,4,1304.157751,174.846757
dzf,4,4052.006622,540.230970
dxb2,4,668.405962,97.916483
dyb2,4,1268.701119,170.394922
cvz,4,1310.954279,181.739525
dzb3,4,4056.217956,543.144488
dxb3,4,663.678779,97.243535
dyb3,4,1290.597908,170.878605
csxxsyyszz,4,3563.128225,445.105167
dyf2,4,1268.435980,166.379095
dxf2,4,642.844185,97.944022
csxy,4,531.914629,90.392178
dzf2,4,4670.764917,663.252100
dyf3,4,1268.751755,166.298135
csyz,4,622.342046,106.288713
dxf3,4,630.492380,94.457882
dzf3,4,4061.601653,541.347233
csxz,4,603.073743,104.072363
#========================= OptEWE [OpenMP] =========================
#Grid Size                                    :  1024 x 1024 x 1024
#Iterations                                   :  5
#Compute time                                 :  231.689270
#Total effective MLUPS                        :  23.172023
#===================================================================
#Number of threads                            :  5
