dxf,0,395.166063,71.446296
dzb,0,1786.602012,328.785847
dyb,0,619.566225,99.758391
cvx,0,553.487303,99.952075
dyf,0,615.520704,99.258447
dzb2,0,1787.216754,328.091504
dxb,0,396.166700,73.339612
cvy,0,2860.494077,370.582520
dzf,0,1796.082651,328.914994
dxb2,0,394.642120,72.838626
dyb2,0,615.621721,99.308038
cvz,0,570.207990,105.725605
dzb3,0,1790.100401,329.713859
dxb3,0,391.640553,72.436933
dyb3,0,619.433728,102.497951
csxxsyyszz,0,1479.994147,227.007462
dyf2,0,616.343558,97.951874
dxf2,0,409.626530,72.438114
csxy,0,369.990413,71.062341
dzf2,0,3314.604404,517.246578
dyf3,0,616.329699,97.801947
csyz,0,443.129098,84.896438
dxf3,0,389.329304,72.158724
dzf3,0,1797.485791,330.847160
csxz,0,439.590667,86.382056
dxf,1,392.345581,72.772759
dzb,1,1787.131781,329.439105
dyb,1,618.405414,99.610024
cvx,1,554.094673,100.165440
dyf,1,616.524597,99.421946
dzb2,1,1787.166621,328.176829
dxb,1,395.873112,73.101533
cvy,1,551.182585,100.446420
dzf,1,1801.386193,331.500510
dxb2,1,394.942114,72.921547
dyb2,1,615.565296,99.210517
cvz,1,570.119084,105.873578
dzb3,1,1786.791054,329.568755
dxb3,1,391.402036,72.456184
dyb3,1,619.691296,102.589592
csxxsyyszz,1,1480.664510,227.208563
dyf2,1,616.533611,98.066128
dxf2,1,409.226259,72.447608
csxy,1,369.911708,71.134219
dzf2,1,3313.830508,517.586074
dyf3,1,616.271309,97.869466
csyz,1,442.991023,84.936792
dxf3,1,388.825419,72.144311
dzf3,1,1795.910053,330.928150
csxz,1,439.657218,86.469407
dxf,2,392.174503,72.759691
dzb,2,1787.105083,329.566793
dyb,2,617.774729,99.636382
cvx,2,554.651457,100.266965
dyf,2,615.043700,99.182024
dzb2,2,1790.906064,328.900340
dxb,2,395.929916,73.119502
cvy,2,550.638441,100.397745
dzf,2,1793.376520,330.312471
dxb2,2,394.671949,72.995622
dyb2,2,615.698071,99.436608
cvz,2,571.601924,106.363219
dzb3,2,1787.776357,329.985508
dxb3,2,391.286507,72.539464
dyb3,2,619.667423,102.673326
csxxsyyszz,2,1496.847053,229.676336
dyf2,2,618.225917,98.513425
dxf2,2,409.692062,72.497550
csxy,2,370.883892,71.374958
dzf2,2,3310.519354,518.393258
dyf3,2,616.087648,98.145103
csyz,2,443.058420,85.164040
dxf3,2,388.975210,72.422819
dzf3,2,1795.007827,331.477479
csxz,2,439.821794,86.788132
dxf,3,392.016301,72.799117
dzb,3,1789.149862,330.805659
dyb,3,617.705761,99.835070
cvx,3,556.173284,100.474495
dyf,3,615.402338,99.188866
dzb2,3,1787.266713,328.691103
dxb,3,395.853803,73.198801
cvy,3,550.451493,100.459763
dzf,3,1793.418372,330.940133
dxb2,3,394.301662,73.036042
dyb2,3,615.605110,99.552049
cvz,3,570.091182,105.996841
dzb3,3,1787.072198,330.307797
dxb3,3,391.982764,72.736863
dyb3,3,622.857333,103.164985
csxxsyyszz,3,1497.585222,230.270831
dyf2,3,616.499863,98.115502
dxf2,3,409.682721,72.449796
csxy,3,369.892047,71.132308
dzf2,3,3311.149727,517.744296
dyf3,3,617.957654,98.261254
csyz,3,443.071977,85.059238
dxf3,3,389.039282,72.267527
dzf3,3,1798.759457,331.630277
csxz,3,439.637299,86.544868
dxf,4,392.943826,72.935708
dzb,4,1786.973245,330.010250
dyb,4,617.698065,99.712955
cvx,4,553.980469,100.262976
dyf,4,616.325835,99.378799
dzb2,4,1786.982198,328.325989
dxb,4,396.156758,73.257644
cvy,4,550.820055,100.475887
dzf,4,1793.301732,330.470784
dxb2,4,394.732513,73.041337
dyb2,4,617.285436,99.648590
cvz,4,570.166446,105.904178
dzb3,4,1786.170027,329.789989
dxb3,4,391.452609,72.574988
dyb3,4,619.253354,102.647099
csxxsyyszz,4,1490.437584,229.001558
dyf2,4,616.115876,98.078941
dxf2,4,409.891769,72.526033
csxy,4,369.845294,71.159080
dzf2,4,3310.660526,517.761503
dyf3,4,616.431296,98.185883
csyz,4,443.869770,85.223492
dxf3,4,389.418534,72.337479
dzf3,4,1794.681171,330.985890
csxz,4,439.659152,86.662162
#========================= OptEWE [OpenMP] =========================
#Grid Size                                    :  1024 x 1024 x 1024
#Iterations                                   :  5
#Compute time                                 :  116.120758
#Total effective MLUPS                        :  46.233845
#===================================================================
#Number of threads                            :  12
