dxf,0,281.993764,57.848453
dzb,0,1276.598357,266.429716
dyb,0,446.961527,81.541793
cvx,0,392.403307,78.919748
dyf,0,437.540417,80.000252
dzb2,0,1280.339964,266.094985
dxb,0,285.782931,59.937989
cvy,0,2921.957952,402.951161
dzf,0,1279.025006,265.742649
dxb2,0,281.430814,59.209238
dyb2,0,445.445025,81.504355
cvz,0,417.477394,87.980868
dzb3,0,1274.433249,266.681518
dxb3,0,281.794291,59.349063
dyb3,0,455.953784,83.252095
csxxsyyszz,0,1054.843172,181.884276
dyf2,0,440.832883,79.310272
dxf2,0,308.141880,62.296844
csxy,0,241.203575,54.960169
dzf2,0,2673.032825,455.352129
dyf3,0,439.190401,79.045307
csyz,0,387.854516,79.346781
dxf3,0,279.349757,58.773174
dzf3,0,1278.253890,267.560877
csxz,0,383.078916,80.294209
dxf,1,280.787758,59.101216
dzb,1,1275.215710,267.176283
dyb,1,446.764738,81.800826
cvx,1,390.886815,78.621970
dyf,1,439.495954,80.511346
dzb2,1,1280.886798,266.662615
dxb,1,286.081805,60.079164
cvy,1,472.339639,93.782834
dzf,1,1279.394046,266.798470
dxb2,1,281.511867,59.401862
dyb2,1,445.305730,81.648099
cvz,1,417.266538,88.044607
dzb3,1,1274.814379,267.185751
dxb3,1,281.581047,59.385242
dyb3,1,455.791719,83.304537
csxxsyyszz,1,1063.061360,183.189299
dyf2,1,439.186716,79.116099
dxf2,1,308.544068,62.437374
csxy,1,240.928969,55.045299
dzf2,1,2672.433958,455.663470
dyf3,1,439.526818,79.126910
csyz,1,387.644760,79.206336
dxf3,1,279.294107,58.762211
dzf3,1,1278.188337,267.631036
csxz,1,382.880041,80.324666
dxf,2,279.235111,58.975249
dzb,2,1275.323547,267.376269
dyb,2,447.053916,81.885166
cvx,2,390.728220,78.629318
dyf,2,437.440636,80.245568
dzb2,2,1277.364874,266.305227
dxb,2,285.722294,60.045858
cvy,2,472.051604,93.748799
dzf,2,1279.274607,266.756461
dxb2,2,282.801151,59.636811
dyb2,2,445.523517,81.630720
cvz,2,418.918935,88.361472
dzb3,2,1274.984764,267.498616
dxb3,2,281.653981,59.634880
dyb3,2,455.495176,83.600307
csxxsyyszz,2,1067.218912,184.091639
dyf2,2,439.070168,79.490117
dxf2,2,309.619608,62.658644
csxy,2,241.041698,55.169533
dzf2,2,2671.411175,456.136326
dyf3,2,440.772867,79.410789
csyz,2,388.086887,79.358915
dxf3,2,279.734139,58.967905
dzf3,2,1279.770008,268.242309
csxz,2,384.103707,80.321954
dxf,3,279.302747,58.966424
dzb,3,1275.945313,267.661121
dyb,3,447.038794,81.917866
cvx,3,391.179344,78.755324
dyf,3,437.371726,80.313253
dzb2,3,1277.114161,266.436936
dxb,3,285.623455,60.125104
cvy,3,473.117801,93.996179
dzf,3,1279.730070,266.928733
dxb2,3,281.497848,59.449136
dyb2,3,445.113213,81.663336
cvz,3,417.898741,88.261658
dzb3,3,1275.350190,267.660494
dxb3,3,281.802355,59.516681
dyb3,3,455.750369,83.361427
csxxsyyszz,3,1060.820429,183.108389
dyf2,3,439.167351,79.551529
dxf2,3,308.408827,62.520686
csxy,3,241.111514,55.197667
dzf2,3,2672.272427,456.776566
dyf3,3,440.186512,79.960201
csyz,3,387.403245,79.421522
dxf3,3,279.356254,58.909497
dzf3,3,1278.025732,267.894655
csxz,3,385.466258,80.737126
dxf,4,279.220189,59.177538
dzb,4,1275.999078,268.080080
dyb,4,447.366322,82.001547
cvx,4,390.874420,78.741999
dyf,4,442.731235,81.412189
dzb2,4,1279.465660,266.859349
dxb,4,285.762636,60.139965
cvy,4,471.920453,93.825990
dzf,4,1279.636209,267.154269
dxb2,4,281.560512,59.522438
dyb2,4,446.798324,81.966921
cvz,4,417.846128,88.310505
dzb3,4,1275.755944,267.721923
dxb3,4,281.734843,59.535026
dyb3,4,455.436095,83.330851
csxxsyyszz,4,1050.783360,181.737697
dyf2,4,438.968161,79.543398
dxf2,4,308.407104,62.500688
csxy,4,241.620707,55.197777
dzf2,4,2671.442823,456.564358
dyf3,4,439.320696,79.215820
csyz,4,387.596029,79.324415
dxf3,4,279.419500,58.928179
dzf3,4,1278.946080,268.094444
csxz,4,384.315267,80.546783
#========================= OptEWE [OpenMP] =========================
#Grid Size                                    :  1024 x 1024 x 1024
#Iterations                                   :  5
#Compute time                                 :  86.438736
#Total effective MLUPS                        :  62.109991
#===================================================================
#Number of threads                            :  17
