dxf,0,412.939815,70.113239
dzb,0,2086.811334,351.560989
dyb,0,711.973076,103.828988
cvx,0,658.277264,106.176754
dyf,0,709.245879,103.912748
dzb2,0,2089.188176,351.009207
dxb,0,419.813888,72.605239
cvy,0,3017.913309,367.884148
dzf,0,2103.156185,352.131656
dxb2,0,422.475940,72.975866
dyb2,0,712.111292,103.827868
cvz,0,669.456727,113.415794
dzb3,0,2087.050321,351.519359
dxb3,0,419.966968,72.547796
dyb3,0,715.319244,107.478460
csxxsyyszz,0,1803.547534,250.022641
dyf2,0,712.786292,102.431081
dxf2,0,444.626717,72.055072
csxy,0,362.727068,66.067769
dzf2,0,3909.944413,560.928299
dyf3,0,711.309234,102.243592
csyz,0,466.887684,83.040412
dxf3,0,410.724102,71.171158
dzf3,0,2096.856891,353.473543
csxz,0,463.772745,84.121642
dxf,1,411.124352,71.244464
dzb,1,2089.150580,351.823914
dyb,1,712.269079,103.549107
cvx,1,658.577116,106.019064
dyf,1,709.625706,103.281977
dzb2,1,2087.367791,355.988877
dxb,1,419.563982,72.449903
cvy,1,659.033531,105.334069
dzf,1,2099.266712,353.007401
dxb2,1,420.475264,72.584665
dyb2,1,713.205205,103.827838
cvz,1,671.096812,113.592606
dzb3,1,2090.320350,351.663666
dxb3,1,420.227382,72.498931
dyb3,1,717.649466,107.538996
csxxsyyszz,1,1804.111709,250.139433
dyf2,1,712.701406,102.126665
dxf2,1,442.629469,71.854014
csxy,1,362.431390,65.876509
dzf2,1,3909.467165,560.945423
dyf3,1,713.447501,102.362751
csyz,1,467.508956,83.110804
dxf3,1,411.308435,71.134945
dzf3,1,2098.276896,353.347822
csxz,1,463.872601,84.108954
dxf,2,411.392054,71.266201
dzb,2,2087.683985,352.009594
dyb,2,712.103039,103.679432
cvx,2,658.554133,106.015364
dyf,2,710.949413,104.364401
dzb2,2,2088.911443,363.573778
dxb,2,419.675698,72.374991
cvy,2,659.062806,105.267333
dzf,2,2098.262442,352.100169
dxb2,2,420.127791,72.505642
dyb2,2,711.000139,103.520944
cvz,2,669.578075,113.508449
dzb3,2,2089.003210,351.407970
dxb3,2,420.239661,72.501796
dyb3,2,715.708260,107.381566
csxxsyyszz,2,1807.864856,250.090714
dyf2,2,710.036083,102.470196
dxf2,2,442.455874,71.833805
csxy,2,362.771269,66.028480
dzf2,2,3911.272233,560.990174
dyf3,2,710.912997,101.915416
csyz,2,467.074449,82.987002
dxf3,2,409.788279,70.899228
dzf3,2,2100.215994,353.115041
csxz,2,464.595209,84.204265
dxf,3,409.972569,71.010040
dzb,3,2087.333973,351.306217
dyb,3,712.428376,103.467996
cvx,3,657.515695,111.209448
dyf,3,707.584697,104.774179
dzb2,3,2092.093534,350.495844
dxb,3,419.647405,72.490599
cvy,3,658.770450,105.273512
dzf,3,2104.640273,353.045901
dxb2,3,420.498498,72.573231
dyb2,3,710.508091,103.746528
cvz,3,669.690868,113.479289
dzb3,3,2088.997681,351.720982
dxb3,3,420.275252,72.540801
dyb3,3,715.843189,107.375852
csxxsyyszz,3,1797.681718,249.176642
dyf2,3,710.281265,102.163408
dxf2,3,442.320751,71.804272
csxy,3,362.815934,65.983658
dzf2,3,3912.251607,561.368859
dyf3,3,710.857391,102.057454
csyz,3,467.558812,83.125400
dxf3,3,410.078089,71.451502
dzf3,3,2101.511949,354.190069
csxz,3,464.009787,84.196241
dxf,4,409.724756,71.174472
dzb,4,2087.055071,356.644259
dyb,4,711.907227,107.778932
cvx,4,660.746836,106.617538
dyf,4,708.110289,103.411277
dzb2,4,2090.641836,351.560353
dxb,4,419.610752,72.707403
cvy,4,658.897972,105.311735
dzf,4,2100.212549,353.406463
dxb2,4,420.196382,72.903448
dyb2,4,710.621637,103.793798
cvz,4,669.620859,113.669011
dzb3,4,2092.351748,352.216782
dxb3,4,420.166389,72.548396
dyb3,4,715.078778,107.791142
csxxsyyszz,4,1805.277407,249.936505
dyf2,4,710.606830,102.286461
dxf2,4,442.475673,71.733751
csxy,4,362.642532,66.050504
dzf2,4,3908.441708,561.127265
dyf3,4,712.385312,102.277177
csyz,4,466.869069,83.066904
dxf3,4,410.666464,71.047415
dzf3,4,2099.957344,353.122786
csxz,4,463.823948,84.242022
#========================= OptEWE [OpenMP] =========================
#Grid Size                                    :  1024 x 1024 x 1024
#Iterations                                   :  5
#Compute time                                 :  133.656708
#Total effective MLUPS                        :  40.167899
#===================================================================
#Number of threads                            :  10
