dxf,0,281.246290,57.724806
dzb,0,1275.376805,265.928541
dyb,0,449.409530,81.581903
cvx,0,390.542266,78.512070
dyf,0,437.528277,80.030049
dzb2,0,1276.474436,265.288437
dxb,0,288.026740,60.087342
cvy,0,2937.842218,404.160963
dzf,0,1278.936393,265.608604
dxb2,0,282.000542,59.251266
dyb2,0,448.193396,81.567461
cvz,0,422.324589,88.634375
dzb3,0,1274.797912,266.324234
dxb3,0,281.961997,59.275783
dyb3,0,457.556415,83.169474
csxxsyyszz,0,1061.509932,182.639620
dyf2,0,440.473233,79.292903
dxf2,0,307.906751,62.524749
csxy,0,241.000080,55.165834
dzf2,0,2668.099651,455.370776
dyf3,0,442.779712,79.587283
csyz,0,394.950535,80.196649
dxf3,0,280.537392,58.775691
dzf3,0,1277.744483,266.968918
csxz,0,384.303688,80.325567
dxf,1,279.309306,58.734471
dzb,1,1276.155264,266.968329
dyb,1,449.368521,81.814462
cvx,1,390.697360,78.460525
dyf,1,438.247210,80.238580
dzb2,1,1277.337716,265.748657
dxb,1,288.232457,60.219089
cvy,1,474.613649,93.954057
dzf,1,1279.068747,266.107575
dxb2,1,282.021953,59.294369
dyb2,1,450.190840,81.930000
cvz,1,422.106343,88.634988
dzb3,1,1277.374770,267.003404
dxb3,1,282.008683,59.296793
dyb3,1,457.918699,83.245427
csxxsyyszz,1,1062.306082,182.831708
dyf2,1,439.138474,79.078780
dxf2,1,308.232017,62.319292
csxy,1,241.210852,55.009101
dzf2,1,2666.916078,455.398899
dyf3,1,439.880252,79.142036
csyz,1,395.256963,80.182776
dxf3,1,280.737708,58.822761
dzf3,1,1277.374203,267.049477
csxz,1,384.769311,80.525436
dxf,2,279.183580,58.902518
dzb,2,1277.894916,267.277735
dyb,2,449.498056,81.878286
cvx,2,391.773579,78.849540
dyf,2,437.189365,80.170594
dzb2,2,1276.615283,265.640608
dxb,2,287.982997,60.197538
cvy,2,474.833469,93.994954
dzf,2,1279.180122,266.264306
dxb2,2,282.226677,59.383125
dyb2,2,447.834506,81.715956
cvz,2,422.578783,88.778169
dzb3,2,1275.027574,266.767937
dxb3,2,281.683275,59.284997
dyb3,2,461.335514,83.805754
csxxsyyszz,2,1070.333898,184.097675
dyf2,2,440.490664,79.337898
dxf2,2,307.971968,62.295053
csxy,2,241.280540,55.148861
dzf2,2,2666.926776,456.056212
dyf3,2,440.044583,79.282691
csyz,2,394.828274,80.312406
dxf3,2,279.975454,58.802939
dzf3,2,1277.824520,267.364917
csxz,2,383.870935,80.440152
dxf,3,279.658232,59.010374
dzb,3,1275.999722,267.191162
dyb,3,449.061147,81.805671
cvx,3,390.647485,78.546676
dyf,3,438.651969,80.423472
dzb2,3,1279.911147,266.395863
dxb,3,288.436408,60.296635
cvy,3,475.536811,94.196039
dzf,3,1279.221536,266.449431
dxb2,3,282.432576,59.445343
dyb2,3,449.322536,81.908458
cvz,3,422.434270,88.744944
dzb3,3,1275.250012,266.945547
dxb3,3,281.731273,59.351967
dyb3,3,457.495123,83.291894
csxxsyyszz,3,1057.558698,182.496404
dyf2,3,439.264794,79.547515
dxf2,3,308.346030,62.474261
csxy,3,241.186649,55.076533
dzf2,3,2669.237338,455.754900
dyf3,3,440.003907,79.275736
csyz,3,395.394581,80.460679
dxf3,3,280.237120,58.864700
dzf3,3,1277.823427,267.361192
csxz,3,384.804443,80.434968
dxf,4,279.222783,58.765340
dzb,4,1276.573743,267.272007
dyb,4,449.002010,81.887859
cvx,4,390.384630,78.498181
dyf,4,437.222173,80.110504
dzb2,4,1276.237649,265.712946
dxb,4,288.091135,60.263449
cvy,4,474.881821,94.160907
dzf,4,1279.274469,266.585039
dxb2,4,282.860298,59.525533
dyb2,4,447.910541,81.814250
cvz,4,424.042333,89.092810
dzb3,4,1275.331268,266.972418
dxb3,4,281.726595,59.386198
dyb3,4,458.638331,83.489498
csxxsyyszz,4,1068.208882,183.971646
dyf2,4,439.464124,79.230596
dxf2,4,308.042197,62.326872
csxy,4,241.407103,55.104895
dzf2,4,2668.739738,455.697419
dyf3,4,439.999331,79.169447
csyz,4,395.245955,80.240900
dxf3,4,280.071245,58.727934
dzf3,4,1279.554443,267.597304
csxz,4,384.231627,80.559099
#========================= OptEWE [OpenMP] =========================
#Grid Size                                    :  1024 x 1024 x 1024
#Iterations                                   :  5
#Compute time                                 :  86.576996
#Total effective MLUPS                        :  62.010804
#===================================================================
#Number of threads                            :  17
