dxf,0,337.675327,66.431891
dzb,0,1532.651825,307.253971
dyb,0,529.126778,93.116346
cvx,0,472.325453,91.329953
dyf,0,527.626950,92.866580
dzb2,0,1535.295630,306.741221
dxb,0,347.289084,69.565534
cvy,0,2870.549789,392.011569
dzf,0,1538.791568,307.019511
dxb2,0,339.476415,68.210367
dyb2,0,527.683639,93.082918
cvz,0,495.574747,98.574626
dzb3,0,1542.007800,309.322862
dxb3,0,340.596099,68.516331
dyb3,0,533.131694,94.305763
csxxsyyszz,0,1288.143301,214.308221
dyf2,0,529.746679,91.889722
dxf2,0,364.147498,68.384610
csxy,0,277.868786,59.831672
dzf2,0,3186.035984,526.658705
dyf3,0,530.089536,91.849842
csyz,0,423.781191,84.666245
dxf3,0,336.112754,67.525100
dzf3,0,1538.314636,308.970736
csxz,0,414.905145,85.413358
dxf,1,336.450035,67.921347
dzb,1,1534.825089,308.573279
dyb,1,529.782746,93.251863
cvx,1,473.079183,91.587007
dyf,1,527.716334,93.038432
dzb2,1,1537.636924,307.557350
dxb,1,347.591303,69.669147
cvy,1,565.710570,102.005994
dzf,1,1542.822340,308.619168
dxb2,1,340.168024,68.393291
dyb2,1,529.100300,93.375240
cvz,1,495.739154,98.759566
dzb3,1,1541.514780,309.632667
dxb3,1,340.796117,68.493167
dyb3,1,533.603865,94.345275
csxxsyyszz,1,1292.956841,215.145914
dyf2,1,531.474620,92.149769
dxf2,1,366.946814,69.675894
csxy,1,276.963872,59.870397
dzf2,1,3183.200100,526.464054
dyf3,1,530.104010,91.926958
csyz,1,423.572552,84.724599
dxf3,1,336.224363,67.743363
dzf3,1,1537.241557,309.049347
csxz,1,415.804991,85.628779
dxf,2,337.420482,68.081797
dzb,2,1533.973953,308.935226
dyb,2,529.824476,93.335663
cvx,2,473.086927,91.646273
dyf,2,528.880879,93.105360
dzb2,2,1537.057099,307.795177
dxb,2,347.427068,69.710767
cvy,2,565.458655,102.150926
dzf,2,1540.068703,308.573031
dxb2,2,339.697356,68.605540
dyb2,2,529.482559,93.785842
cvz,2,495.848888,98.891047
dzb3,2,1542.679982,310.471582
dxb3,2,340.737408,68.655971
dyb3,2,534.649045,94.668663
csxxsyyszz,2,1295.524968,216.150519
dyf2,2,530.549747,92.152973
dxf2,2,364.840551,68.503297
csxy,2,277.701002,59.934892
dzf2,2,3177.994202,527.375203
dyf3,2,530.124869,92.030347
csyz,2,423.834461,84.969832
dxf3,2,336.477273,67.675981
dzf3,2,1538.226467,309.213852
csxz,2,416.841020,85.257574
dxf,3,336.947942,67.842298
dzb,3,1533.055437,308.280837
dyb,3,529.780431,93.192341
cvx,3,473.070980,91.642685
dyf,3,528.452052,92.972536
dzb2,3,1535.195450,307.354337
dxb,3,348.177729,70.240254
cvy,3,566.161835,101.987872
dzf,3,1540.432882,308.315710
dxb2,3,340.070370,68.418900
dyb2,3,527.906580,93.244990
cvz,3,495.929429,98.847364
dzb3,3,1541.253706,309.919592
dxb3,3,341.026600,68.569337
dyb3,3,534.219730,94.657305
csxxsyyszz,3,1293.740136,216.525139
dyf2,3,531.364328,92.686436
dxf2,3,365.144547,68.664709
csxy,3,277.883919,59.945984
dzf2,3,3181.247263,527.757464
dyf3,3,529.275818,91.757586
csyz,3,423.900572,84.993060
dxf3,3,336.313290,67.956924
dzf3,3,1537.446211,309.534417
csxz,3,414.660863,85.527414
dxf,4,336.728447,67.978921
dzb,4,1534.573300,309.021443
dyb,4,529.747484,93.585228
cvx,4,473.093781,91.761641
dyf,4,527.816568,93.264636
dzb2,4,1536.860305,308.118375
dxb,4,347.470396,69.750573
cvy,4,565.034581,102.178703
dzf,4,1539.111750,308.457812
dxb2,4,339.751535,68.667669
dyb2,4,529.185737,93.628377
cvz,4,495.731663,98.888988
dzb3,4,1542.354840,310.986777
dxb3,4,340.649675,69.492656
dyb3,4,533.514176,95.485572
csxxsyyszz,4,1293.412869,215.484826
dyf2,4,530.454471,92.423588
dxf2,4,364.470867,68.760639
csxy,4,277.732684,59.833474
dzf2,4,3180.106106,527.747689
dyf3,4,529.151171,92.034683
csyz,4,423.748683,84.885459
dxf3,4,336.367599,67.916647
dzf3,4,1536.473525,309.428702
csxz,4,415.054348,85.780702
#========================= OptEWE [OpenMP] =========================
#Grid Size                                    :  1024 x 1024 x 1024
#Iterations                                   :  5
#Compute time                                 :  102.620239
#Total effective MLUPS                        :  52.316279
#===================================================================
#Number of threads                            :  14
