dxf,0,491.789186,80.654547
dzb,0,2899.559104,435.920614
dyb,0,942.768535,132.322404
cvx,0,931.445301,133.764726
dyf,0,938.737232,131.244574
dzb2,0,2893.660453,435.100445
dxb,0,508.138294,82.213162
cvy,0,3416.756601,419.120216
dzf,0,2905.313440,434.260647
dxb2,0,532.392010,85.058594
dyb2,0,939.338494,131.777907
cvz,0,939.775615,145.750855
dzb3,0,2898.585871,434.964408
dxb3,0,518.232586,83.596271
dyb3,0,953.113651,137.077326
csxxsyyszz,0,2542.738416,339.003544
dyf2,0,942.079672,131.408759
dxf2,0,509.287991,82.278164
csxy,0,418.860629,74.781829
dzf2,0,3976.500256,585.226391
dyf3,0,940.970667,131.908576
csyz,0,500.270780,89.766962
dxf3,0,489.758485,82.176310
dzf3,0,2902.390454,435.528463
csxz,0,489.059200,88.623053
dxf,1,491.610778,82.499616
dzb,1,2899.006465,435.073181
dyb,1,943.620200,132.257854
cvx,1,931.652888,134.062026
dyf,1,940.568834,131.846879
dzb2,1,2896.610458,436.263208
dxb,1,508.743688,82.608626
cvy,1,935.433912,138.819836
dzf,1,2902.102454,439.494249
dxb2,1,532.133911,89.751008
dyb2,1,940.657929,132.167928
cvz,1,941.248913,145.699314
dzb3,1,2893.692089,435.935826
dxb3,1,517.875740,83.601631
dyb3,1,947.164107,136.359815
csxxsyyszz,1,2550.108025,333.970837
dyf2,1,938.811501,131.876546
dxf2,1,507.919070,82.131085
csxy,1,418.794811,74.746396
dzf2,1,3981.622572,586.004884
dyf3,1,941.527471,131.858897
csyz,1,498.781104,89.691689
dxf3,1,490.087142,82.378840
dzf3,1,2899.112896,435.237557
csxz,1,489.161816,88.754848
dxf,2,489.123529,82.174992
dzb,2,2901.518188,436.276681
dyb,2,944.213501,134.805687
cvx,2,931.404477,137.038745
dyf,2,938.596091,131.773022
dzb2,2,2898.925554,434.610282
dxb,2,508.740125,82.272254
cvy,2,935.452980,138.899913
dzf,2,2903.838416,435.959723
dxb2,2,532.381589,85.257694
dyb2,2,939.252185,132.116521
cvz,2,940.022108,145.651782
dzb3,2,2895.534976,435.508639
dxb3,2,518.128902,83.577677
dyb3,2,949.128557,136.711062
csxxsyyszz,2,2570.215460,336.565933
dyf2,2,944.491670,132.032644
dxf2,2,508.285409,82.118738
csxy,2,418.959745,74.946161
dzf2,2,3978.560174,585.900325
dyf3,2,943.719542,137.897519
csyz,2,498.322620,93.784190
dxf3,2,489.251227,85.708144
dzf3,2,2899.021430,437.635429
csxz,2,488.790192,88.738610
dxf,3,488.226872,82.131341
dzb,3,2894.838382,437.649372
dyb,3,940.512096,131.973463
cvx,3,928.121830,133.749463
dyf,3,936.447582,131.627413
dzb2,3,2877.712475,437.735140
dxb,3,508.266915,82.681695
cvy,3,930.941171,138.364249
dzf,3,2878.340705,437.953644
dxb2,3,531.044674,85.556102
dyb2,3,935.782591,132.169925
cvz,3,936.707743,145.779508
dzb3,3,2875.153249,438.427006
dxb3,3,516.591095,83.781001
dyb3,3,948.434667,136.951092
csxxsyyszz,3,2567.875871,336.781935
dyf2,3,945.152991,132.630062
dxf2,3,507.992720,82.288830
csxy,3,418.711624,74.988758
dzf2,3,3979.893514,586.355717
dyf3,3,943.865524,131.881981
csyz,3,499.146475,89.674999
dxf3,3,493.566330,82.773439
dzf3,3,2900.813624,435.886345
csxz,3,489.101683,88.733228
dxf,4,489.097828,82.135934
dzb,4,2896.321502,436.954761
dyb,4,944.666719,132.736905
cvx,4,933.622144,134.199068
dyf,4,939.435331,130.990327
dzb2,4,2897.657262,435.218564
dxb,4,508.647961,82.287893
cvy,4,935.191332,139.076521
dzf,4,2900.895506,444.064039
dxb2,4,532.676794,85.478788
dyb2,4,939.003804,131.895978
cvz,4,941.686143,145.877465
dzb3,4,2893.726878,436.806811
dxb3,4,517.952053,83.479722
dyb3,4,949.115408,136.695694
csxxsyyszz,4,2544.425066,333.541163
dyf2,4,941.620096,131.439627
dxf2,4,509.835774,82.367659
csxy,4,418.813700,74.861700
dzf2,4,3977.663391,586.870779
dyf3,4,943.567917,132.441736
csyz,4,498.659875,89.924455
dxf3,4,489.464674,82.295483
dzf3,4,2900.707651,436.153420
csxz,4,490.356818,89.082113
#========================= OptEWE [OpenMP] =========================
#Grid Size                                    :  1024 x 1024 x 1024
#Iterations                                   :  5
#Compute time                                 :  172.134262
#Total effective MLUPS                        :  31.189079
#===================================================================
#Number of threads                            :  7
