dxf,0,758.925725,120.687786
dzb,0,1930.637940,362.294143
dyb,0,825.069348,132.862475
cvx,0,1231.937693,193.471413
dyf,0,821.799358,131.840254
dzb2,0,1948.081867,365.072905
dxb,0,758.927044,121.223489
cvy,0,3123.646448,424.272392
dzf,0,1947.013197,365.045735
dxb2,0,785.226597,124.857885
dyb2,0,822.947339,132.059575
cvz,0,1426.040647,225.803744
dzb3,0,3998.678862,634.701782
dxb3,0,963.761009,149.823386
dyb3,0,992.121493,155.308806
csxxsyyszz,0,1433.290898,236.945952
dyf2,0,990.327074,154.997913
dxf2,0,966.064012,150.023849
csxy,0,668.797314,114.197638
dzf2,0,3997.238875,635.263596
dyf3,0,990.155489,155.245547
csyz,0,886.007226,147.952851
dxf3,0,965.190871,149.880189
dzf3,0,3997.651154,634.165510
csxz,0,935.157154,154.441649
dxf,1,759.024562,120.998711
dzb,1,1927.681592,362.201643
dyb,1,824.353587,133.051015
cvx,1,1230.492548,193.589707
dyf,1,822.576819,132.242198
dzb2,1,1948.014574,364.761349
dxb,1,758.883833,121.471961
cvy,1,1224.109325,193.371077
dzf,1,1947.479830,365.803575
dxb2,1,783.231900,124.949057
dyb2,1,823.266796,132.166874
cvz,1,1417.068188,227.171554
dzb3,1,3998.697237,635.450206
dxb3,1,965.026723,150.031463
dyb3,1,991.085842,155.300178
csxxsyyszz,1,1433.507518,237.181180
dyf2,1,989.858550,155.352727
dxf2,1,964.399986,149.991898
csxy,1,668.940282,114.230910
dzf2,1,3994.374803,634.803575
dyf3,1,989.796446,155.334740
csyz,1,886.870585,148.091779
dxf3,1,966.429796,150.014261
dzf3,1,3999.265819,634.388022
csxz,1,931.934774,154.299128
dxf,2,758.040099,121.047156
dzb,2,1932.588547,362.923307
dyb,2,825.134314,133.164403
cvx,2,1231.308194,193.565288
dyf,2,822.000896,132.213953
dzb2,2,1948.912957,366.189741
dxb,2,759.014342,121.585292
cvy,2,1229.443141,193.586729
dzf,2,1949.237559,365.612290
dxb2,2,783.864451,125.227585
dyb2,2,824.407990,132.601555
cvz,2,1428.435309,225.995317
dzb3,2,3995.595863,634.590100
dxb3,2,965.733421,150.050826
dyb3,2,990.069491,155.296687
csxxsyyszz,2,1433.546442,237.175757
dyf2,2,989.368862,155.239308
dxf2,2,965.535026,150.074418
csxy,2,669.699574,114.205108
dzf2,2,3976.498699,633.736721
dyf3,2,989.546544,155.432820
csyz,2,883.131615,148.065119
dxf3,2,964.513952,150.174619
dzf3,2,3994.256547,635.255201
csxz,2,936.375854,155.326582
dxf,3,757.584433,121.164722
dzb,3,1929.724639,362.725639
dyb,3,824.509976,133.460312
cvx,3,1231.543181,193.764037
dyf,3,823.974068,132.623741
dzb2,3,1949.468569,365.463646
dxb,3,759.147646,121.830350
cvy,3,1224.077942,193.724931
dzf,3,1949.032597,365.554615
dxb2,3,783.859142,125.113402
dyb2,3,822.150949,132.641181
cvz,3,1428.367335,226.257376
dzb3,3,3997.263548,636.868946
dxb3,3,965.697019,149.909603
dyb3,3,989.928478,155.260438
csxxsyyszz,3,1432.636643,236.820251
dyf2,3,989.341578,155.171883
dxf2,3,965.982129,150.034652
csxy,3,670.009930,114.181728
dzf2,3,3995.913449,634.326126
dyf3,3,989.356965,155.220470
csyz,3,884.394937,147.971322
dxf3,3,966.265935,150.093138
dzf3,3,3997.720197,634.455373
csxz,3,935.864763,154.889859
dxf,4,758.323000,121.142969
dzb,4,1928.041765,362.251691
dyb,4,825.550052,133.126181
cvx,4,1232.879535,193.737048
dyf,4,821.134910,132.382184
dzb2,4,1946.761191,365.751122
dxb,4,759.223380,121.245028
cvy,4,1231.573277,193.434784
dzf,4,1949.375260,365.869925
dxb2,4,783.812890,125.024268
dyb2,4,821.685819,132.225768
cvz,4,1429.241650,226.046397
dzb3,4,3997.161802,634.656620
dxb3,4,965.480134,150.232749
dyb3,4,991.407200,155.513397
csxxsyyszz,4,1433.874571,237.258273
dyf2,4,989.763319,155.199703
dxf2,4,963.833225,150.027879
csxy,4,667.798026,114.243494
dzf2,4,3998.894439,634.538805
dyf3,4,991.281057,155.400896
csyz,4,880.746146,148.238335
dxf3,4,965.783377,150.154592
dzf3,4,3997.777637,634.303289
csxz,4,930.217773,153.870557
#========================= OptEWE [OpenMP] =========================
#Grid Size                                    :  1024 x 1024 x 1024
#Iterations                                   :  5
#Compute time                                 :  183.183441
#Total effective MLUPS                        :  29.307830
#===================================================================
#Number of threads                            :  13
