dxf,0,211.157917,47.539403
dzb,0,956.010528,220.406076
dyb,0,324.523208,66.223762
cvx,0,290.182075,65.291214
dyf,0,323.214220,66.174132
dzb2,0,955.056001,218.796014
dxb,0,209.370204,48.939044
cvy,0,3232.135917,464.215384
dzf,0,956.972718,218.933351
dxb2,0,212.228700,49.408253
dyb2,0,324.114228,66.240719
cvz,0,300.932025,70.175578
dzb3,0,954.815427,220.462856
dxb3,0,210.811277,49.229777
dyb3,0,323.920985,66.279838
csxxsyyszz,0,792.702616,150.970409
dyf2,0,324.474841,64.550710
dxf2,0,210.675620,47.620142
csxy,0,196.386908,49.040934
dzf2,0,953.915209,220.393113
dyf3,0,323.660569,66.155223
csyz,0,237.571898,57.605468
dxf3,0,207.320845,48.726349
dzf3,0,954.530618,220.672296
csxz,0,234.696411,58.956657
dxf,1,207.471758,48.815423
dzb,1,953.065563,220.452542
dyb,1,324.445539,66.350479
cvx,1,290.283976,65.389571
dyf,1,323.546960,66.258060
dzb2,1,956.187149,219.280631
dxb,1,209.297252,48.952989
cvy,1,288.865802,66.850269
dzf,1,956.165291,220.984091
dxb2,1,212.196672,49.515200
dyb2,1,324.176647,66.320226
cvz,1,300.898453,70.237120
dzb3,1,952.773799,220.426560
dxb3,1,210.805319,49.308059
dyb3,1,326.430672,66.729942
csxxsyyszz,1,793.354445,151.405704
dyf2,1,324.297869,64.511648
dxf2,1,208.626530,47.363313
csxy,1,196.421642,49.120538
dzf2,1,954.471522,220.738007
dyf3,1,323.632241,66.195737
csyz,1,237.401128,57.669351
dxf3,1,207.326721,48.769642
dzf3,1,955.569002,221.059200
csxz,1,234.886809,59.058107
dxf,2,207.183866,48.817573
dzb,2,953.354960,220.772046
dyb,2,338.547358,68.915296
cvx,2,290.479181,65.524442
dyf,2,323.317384,66.260787
dzb2,2,955.912568,219.489057
dxb,2,209.372894,49.053041
cvy,2,288.873894,66.911161
dzf,2,954.601015,221.015717
dxb2,2,212.137078,49.580969
dyb2,2,324.070306,66.448452
cvz,2,301.030770,70.319991
dzb3,2,955.672833,221.136896
dxb3,2,210.652292,49.280836
dyb3,2,325.715936,66.661077
csxxsyyszz,2,792.545176,151.335699
dyf2,2,324.471651,64.640773
dxf2,2,208.564047,47.359183
csxy,2,196.380022,49.158357
dzf2,2,955.653194,221.116748
dyf3,2,323.888275,66.321479
csyz,2,237.434545,57.682685
dxf3,2,207.340533,48.790872
dzf3,2,956.684073,221.440027
csxz,2,234.789944,59.057131
dxf,3,207.711236,48.990532
dzb,3,953.534311,220.919292
dyb,3,324.596762,66.436168
cvx,3,292.347341,65.899589
dyf,3,323.436098,66.275787
dzb2,3,954.740918,219.378809
dxb,3,209.510928,49.086374
cvy,3,289.111800,66.996194
dzf,3,957.664350,221.519167
dxb2,3,212.199819,49.540972
dyb2,3,326.195263,66.776420
cvz,3,301.004550,70.398431
dzb3,3,953.058122,220.652036
dxb3,3,210.545367,49.318513
dyb3,3,324.090317,66.398126
csxxsyyszz,3,793.203657,151.672259
dyf2,3,324.598209,64.646694
dxf2,3,208.421304,47.316473
csxy,3,196.506996,49.210610
dzf2,3,954.522220,220.959532
dyf3,3,323.845101,66.373546
csyz,3,237.350369,57.720952
dxf3,3,207.566382,48.874682
dzf3,3,955.615143,221.265341
csxz,3,234.857158,59.131632
dxf,4,207.383191,48.899641
dzb,4,955.107507,221.204066
dyb,4,324.689359,66.459105
cvx,4,290.348590,65.516984
dyf,4,323.250178,66.273371
dzb2,4,957.015111,219.772677
dxb,4,209.331956,49.058084
cvy,4,289.005923,66.943354
dzf,4,953.818790,220.986449
dxb2,4,212.304542,49.615149
dyb2,4,324.110711,66.474260
cvz,4,301.158317,70.349165
dzb3,4,952.635630,220.766936
dxb3,4,210.612753,49.312814
dyb3,4,323.923683,66.461289
csxxsyyszz,4,791.742991,151.648607
dyf2,4,324.578041,64.673791
dxf2,4,208.517609,47.380909
csxy,4,196.488270,49.230110
dzf2,4,955.146604,221.157728
dyf3,4,323.822355,66.293534
csyz,4,237.177715,57.684050
dxf3,4,207.565994,48.881294
dzf3,4,957.191354,221.590042
csxz,4,234.945808,59.288523
#========================= OptEWE [OpenMP] =========================
#Grid Size                                    :  1024 x 1024 x 1024
#Iterations                                   :  5
#Compute time                                 :  59.331345
#Total effective MLUPS                        :  90.486894
#===================================================================
#Number of threads                            :  23
