dxf,0,696.298311,114.390063
dzb,0,1758.835864,337.696102
dyb,0,753.921101,125.399793
cvx,0,1146.707275,183.365655
dyf,0,756.221278,124.511631
dzb2,0,1756.089146,337.863602
dxb,0,688.337167,114.778474
cvy,0,3069.474360,422.404664
dzf,0,1761.776277,338.678621
dxb2,0,686.321229,114.669261
dyb2,0,758.759563,124.758788
cvz,0,1218.626012,200.783489
dzb3,0,2866.054394,486.468251
dxb3,0,890.039435,141.776194
dyb3,0,916.418652,146.835620
csxxsyyszz,0,1343.388295,226.290881
dyf2,0,915.305823,146.549492
dxf2,0,888.570740,141.691087
csxy,0,626.577763,108.755015
dzf2,0,3706.149081,600.053807
dyf3,0,861.948986,139.431481
csyz,0,830.143752,140.918644
dxf3,0,823.151024,132.601395
dzf3,0,3711.196351,600.842599
csxz,0,832.034634,141.028869
dxf,1,695.700379,114.645206
dzb,1,1754.990993,338.037516
dyb,1,753.139578,125.777922
cvx,1,1146.548519,183.579217
dyf,1,757.153706,124.831973
dzb2,1,1757.174235,338.529872
dxb,1,687.448683,115.003103
cvy,1,1139.783616,183.391654
dzf,1,1756.936387,338.952421
dxb2,1,685.613461,114.794469
dyb2,1,757.048783,124.884869
cvz,1,1215.537839,201.074124
dzb3,1,2862.562709,487.113158
dxb3,1,891.680040,141.763518
dyb3,1,916.644180,147.056608
csxxsyyszz,1,1353.822588,227.922896
dyf2,1,914.722812,146.787418
dxf2,1,888.151368,141.725628
csxy,1,625.347124,108.981943
dzf2,1,3706.280236,600.055925
dyf3,1,860.837772,139.309787
csyz,1,828.111341,141.008650
dxf3,1,824.039309,132.996175
dzf3,1,3711.294966,600.840948
csxz,1,833.251334,141.094021
dxf,2,694.752015,114.727537
dzb,2,1755.054634,339.000731
dyb,2,752.572179,125.817040
cvx,2,1143.874839,183.558690
dyf,2,756.887530,124.834640
dzb2,2,1758.278943,338.366288
dxb,2,687.586707,115.015964
cvy,2,1147.142234,183.373402
dzf,2,1759.589256,338.960606
dxb2,2,685.503252,114.771402
dyb2,2,758.800407,124.731558
cvz,2,1219.938456,201.121986
dzb3,2,2866.026222,487.333995
dxb3,2,890.124298,141.900104
dyb3,2,915.391817,146.839525
csxxsyyszz,2,1353.717574,227.845772
dyf2,2,915.449023,146.592885
dxf2,2,889.335555,141.743590
csxy,2,628.119687,108.876943
dzf2,2,3706.018830,600.330684
dyf3,2,863.792964,139.678939
csyz,2,830.451905,140.805512
dxf3,2,821.620913,132.843270
dzf3,2,3710.783085,600.771842
csxz,2,832.455317,141.073724
dxf,3,695.959077,114.618816
dzb,3,1755.442593,338.348063
dyb,3,756.547507,126.368632
cvx,3,1147.920559,183.648427
dyf,3,756.797227,124.811385
dzb2,3,1755.261710,338.255257
dxb,3,687.814801,115.099290
cvy,3,1145.932133,183.598529
dzf,3,1757.968044,339.010736
dxb2,3,686.131945,114.837093
dyb2,3,757.582193,124.875918
cvz,3,1220.234944,201.703733
dzb3,3,2863.927925,487.436897
dxb3,3,889.365969,142.023806
dyb3,3,914.451421,146.927307
csxxsyyszz,3,1345.555082,227.290294
dyf2,3,914.816906,146.822367
dxf2,3,888.482475,142.027788
csxy,3,626.106298,108.993962
dzf2,3,3709.242326,600.253546
dyf3,3,860.973745,139.342280
csyz,3,829.927265,141.140064
dxf3,3,823.420979,132.562914
dzf3,3,3711.488917,600.622824
csxz,3,830.918015,141.361172
dxf,4,693.880338,115.177269
dzb,4,1759.526923,338.694436
dyb,4,754.211935,125.922713
cvx,4,1145.253144,183.667722
dyf,4,758.447777,125.074023
dzb2,4,1758.305726,338.965869
dxb,4,688.379475,115.017233
cvy,4,1145.760547,183.905926
dzf,4,1760.344504,339.120944
dxb2,4,687.580355,114.944047
dyb2,4,759.369580,126.199537
cvz,4,1220.514071,201.166457
dzb3,4,2863.659173,487.569072
dxb3,4,891.130697,141.936884
dyb3,4,916.068970,146.861793
csxxsyyszz,4,1337.784104,225.812756
dyf2,4,914.062077,146.806374
dxf2,4,890.466851,141.773649
csxy,4,628.420513,108.856520
dzf2,4,3706.361446,600.284103
dyf3,4,862.197107,139.321419
csyz,4,831.213710,140.873008
dxf3,4,821.635084,132.740610
dzf3,4,3711.926324,600.852813
csxz,4,833.407810,141.139264
#========================= OptEWE [OpenMP] =========================
#Grid Size                                    :  1024 x 1024 x 1024
#Iterations                                   :  5
#Compute time                                 :  163.602264
#Total effective MLUPS                        :  32.815616
#===================================================================
#Number of threads                            :  14
