dxf,0,318.965915,62.594567
dzb,0,1445.212250,288.063029
dyb,0,497.886848,87.843227
cvx,0,443.599795,87.041879
dyf,0,498.068812,87.937035
dzb2,0,1446.524871,287.748929
dxb,0,320.850032,64.348490
cvy,0,2851.535858,389.622935
dzf,0,1449.972795,287.978730
dxb2,0,319.704655,64.062313
dyb2,0,496.837837,88.270273
cvz,0,459.495381,92.697335
dzb3,0,1445.751827,288.929049
dxb3,0,320.461804,64.212657
dyb3,0,496.580354,87.841373
csxxsyyszz,0,1213.199881,203.197495
dyf2,0,497.805749,86.726189
dxf2,0,318.851460,62.916615
csxy,0,298.370992,63.428823
dzf2,0,1448.140962,289.896216
dyf3,0,497.074771,87.935912
csyz,0,359.740426,74.938488
dxf3,0,319.447078,64.297555
dzf3,0,1448.595092,290.054061
csxz,0,356.583077,75.898407
dxf,1,317.103749,64.118948
dzb,1,1446.254330,289.690328
dyb,1,498.169812,88.062596
cvx,1,444.874258,87.889596
dyf,1,495.979353,87.995417
dzb2,1,1449.498731,288.649659
dxb,1,320.996047,64.530796
cvy,1,441.547398,88.509320
dzf,1,1447.940718,289.799357
dxb2,1,319.343615,64.054383
dyb2,1,496.135688,87.785878
cvz,1,459.421680,92.779633
dzb3,1,1447.189124,289.659540
dxb3,1,320.596147,64.295829
dyb3,1,496.306627,87.872930
csxxsyyszz,1,1209.150822,202.742562
dyf2,1,497.470173,86.649283
dxf2,1,318.702026,62.878539
csxy,1,298.419273,63.378035
dzf2,1,1450.952503,290.388725
dyf3,1,497.207629,87.633963
csyz,1,359.656011,74.859134
dxf3,1,319.616074,64.366792
dzf3,1,1449.637828,290.036206
csxz,1,356.896944,75.952627
dxf,2,316.637027,63.910768
dzb,2,1445.759124,289.585071
dyb,2,497.552188,87.994819
cvx,2,443.584159,87.289510
dyf,2,495.672477,87.863056
dzb2,2,1445.596054,288.083709
dxb,2,320.767960,64.460536
cvy,2,441.560499,88.500608
dzf,2,1450.583388,290.256534
dxb2,2,319.294936,64.138244
dyb2,2,495.906346,87.840278
cvz,2,459.111630,92.800924
dzb3,2,1444.670008,289.329630
dxb3,2,320.748616,64.324540
dyb3,2,497.222443,88.192462
csxxsyyszz,2,1212.546215,203.991918
dyf2,2,498.222101,86.785430
dxf2,2,318.847918,62.926254
csxy,2,298.551981,63.446275
dzf2,2,1447.060666,289.847667
dyf3,2,497.095295,87.866198
csyz,2,359.639656,74.895455
dxf3,2,318.635820,64.260380
dzf3,2,1451.585692,290.500827
csxz,2,356.550004,75.895476
dxf,3,316.746972,63.997081
dzb,3,1445.332886,289.485711
dyb,3,497.781176,87.947158
cvx,3,443.964936,87.446000
dyf,3,496.390095,87.988382
dzb2,3,1446.447453,288.461497
dxb,3,320.905414,64.551817
cvy,3,441.453253,88.646277
dzf,3,1447.420014,290.186853
dxb2,3,319.002939,64.343438
dyb2,3,496.240290,88.057239
cvz,3,459.134023,92.878777
dzb3,3,1448.530673,289.999704
dxb3,3,320.901384,64.430668
dyb3,3,496.670620,88.031374
csxxsyyszz,3,1212.653035,203.329145
dyf2,3,497.839775,86.803700
dxf2,3,318.671998,62.933237
csxy,3,298.712878,63.483579
dzf2,3,1447.016711,289.895161
dyf3,3,497.264380,87.912653
csyz,3,359.412661,74.823168
dxf3,3,318.631376,64.166757
dzf3,3,1448.400224,289.863335
csxz,3,356.511247,75.891209
dxf,4,316.589068,63.902954
dzb,4,1446.118339,290.017627
dyb,4,500.039551,88.419093
cvx,4,443.615549,87.304285
dyf,4,495.812721,87.798006
dzb2,4,1446.464145,288.213468
dxb,4,320.931561,64.505747
cvy,4,441.579299,88.546740
dzf,4,1447.390970,289.861261
dxb2,4,319.145499,64.076411
dyb2,4,496.074657,87.929480
cvz,4,459.023346,92.852156
dzb3,4,1444.723754,289.613153
dxb3,4,320.593000,64.386423
dyb3,4,496.291320,87.976852
csxxsyyszz,4,1213.113151,203.435700
dyf2,4,499.172847,86.937649
dxf2,4,319.479333,63.079874
csxy,4,298.106992,63.396052
dzf2,4,1446.661127,289.890077
dyf3,4,496.758547,87.966161
csyz,4,359.398177,74.882873
dxf3,4,318.760095,64.300384
dzf3,4,1447.918660,289.954698
csxz,4,356.496349,76.033012
#========================= OptEWE [OpenMP] =========================
#Grid Size                                    :  1024 x 1024 x 1024
#Iterations                                   :  5
#Compute time                                 :  88.184540
#Total effective MLUPS                        :  60.880389
#===================================================================
#Number of threads                            :  15
