dxf,0,639.796195,94.196887
dzb,0,4063.560512,539.507369
dyb,0,1273.757032,167.316848
cvx,0,1301.387784,167.647681
dyf,0,1268.526398,166.128260
dzb2,0,4065.676340,539.701776
dxb,0,670.509557,98.033085
cvy,0,4127.131857,489.931595
dzf,0,4074.802397,541.372124
dxb2,0,673.387595,98.298001
dyb2,0,1271.762007,166.477813
cvz,0,1311.477077,176.513773
dzb3,0,4066.704700,539.489776
dxb3,0,665.342551,97.257592
dyb3,0,1291.166398,170.825279
csxxsyyszz,0,3602.090330,448.616527
dyf2,0,1270.583359,166.319807
dxf2,0,646.831513,98.070460
csxy,0,534.424994,90.369420
dzf2,0,4680.451370,663.821218
dyf3,0,1270.116685,166.252978
csyz,0,626.687933,106.745509
dxf3,0,644.027827,96.103330
dzf3,0,4068.919754,545.590264
csxz,0,604.925492,103.606964
dxf,1,634.532597,94.978229
dzb,1,4060.531598,538.749284
dyb,1,1273.710388,167.154130
cvx,1,1301.161730,167.761608
dyf,1,1268.382636,166.698058
dzb2,1,4066.099018,541.159233
dxb,1,670.087819,98.020284
cvy,1,1309.365719,174.969857
dzf,1,4074.017308,540.721834
dxb2,1,676.288847,98.689916
dyb2,1,1268.585395,166.207407
cvz,1,1311.688465,182.839927
dzb3,1,4067.216391,545.236382
dxb3,1,664.696008,97.228381
dyb3,1,1290.822019,170.701966
csxxsyyszz,1,3597.465855,446.776335
dyf2,1,1276.795427,167.179023
dxf2,1,646.647755,98.068920
csxy,1,534.340057,90.371381
dzf2,1,4687.204169,664.151398
dyf3,1,1271.117023,166.681955
csyz,1,626.570673,106.791386
dxf3,1,639.012270,95.633891
dzf3,1,4073.384348,542.793569
csxz,1,605.098681,103.986505
dxf,2,634.765582,96.764446
dzb,2,4060.165876,543.835691
dyb,2,1274.337656,167.282529
cvx,2,1303.119829,168.454321
dyf,2,1269.127119,166.658179
dzb2,2,4066.308364,540.973184
dxb,2,670.013170,98.057721
cvy,2,1308.152690,174.566856
dzf,2,4077.445781,542.248670
dxb2,2,672.819931,98.413264
dyb2,2,1269.433226,166.780525
cvz,2,1311.601493,176.792739
dzb3,2,4068.430897,542.616461
dxb3,2,667.060418,98.043795
dyb3,2,1290.486667,171.307856
csxxsyyszz,2,3604.218599,449.699098
dyf2,2,1268.060596,166.166606
dxf2,2,646.402671,97.955439
csxy,2,534.129798,90.213125
dzf2,2,4690.920163,664.127103
dyf3,2,1268.864432,166.058757
csyz,2,626.055914,106.658417
dxf3,2,638.753707,95.357567
dzf3,2,4067.878462,541.526559
csxz,2,604.894287,103.998145
dxf,3,636.010873,95.352283
dzb,3,4059.716186,542.240637
dyb,3,1273.260178,170.698997
cvx,3,1301.086584,168.112390
dyf,3,1266.146103,166.204638
dzb2,3,4057.307325,539.364718
dxb,3,669.828449,98.060986
cvy,3,1306.688453,173.823651
dzf,3,4070.075322,543.009080
dxb2,3,672.979475,98.465681
dyb2,3,1269.350941,166.959343
cvz,3,1313.676428,177.561097
dzb3,3,4067.964971,541.476466
dxb3,3,665.197812,97.349379
dyb3,3,1290.354511,170.687831
csxxsyyszz,3,3545.606256,441.704484
dyf2,3,1271.738535,166.216122
dxf2,3,646.656334,97.926519
csxy,3,533.345872,90.363867
dzf2,3,4681.080170,663.661923
dyf3,3,1268.227623,166.150547
csyz,3,626.087194,106.840331
dxf3,3,638.267633,95.528716
dzf3,3,4044.458692,538.320337
csxz,3,604.238897,103.766312
dxf,4,637.658842,95.466582
dzb,4,4037.623989,537.516302
dyb,4,1272.969222,166.690519
cvx,4,1298.393237,167.134292
dyf,4,1265.794442,166.008887
dzb2,4,4056.559072,540.872613
dxb,4,669.631540,97.997105
cvy,4,1308.288227,174.130787
dzf,4,4075.509832,541.430767
dxb2,4,672.938266,98.303398
dyb2,4,1269.400223,166.505655
cvz,4,1311.082859,177.021020
dzb3,4,4069.116819,541.299224
dxb3,4,665.107706,97.325597
dyb3,4,1290.258417,170.653773
csxxsyyszz,4,3548.591856,443.010569
dyf2,4,1270.327947,167.479927
dxf2,4,647.337879,98.644840
csxy,4,535.942348,92.392541
dzf2,4,4674.935943,667.808109
dyf3,4,1271.426933,166.487010
csyz,4,626.591170,106.610294
dxf3,4,638.652650,95.426429
dzf3,4,4072.040823,540.552161
csxz,4,604.914781,103.845081
#========================= OptEWE [OpenMP] =========================
#Grid Size                                    :  1024 x 1024 x 1024
#Iterations                                   :  5
#Compute time                                 :  232.073547
#Total effective MLUPS                        :  23.133654
#===================================================================
#Number of threads                            :  5
