dxf,0,280.346595,57.497519
dzb,0,1299.609323,269.559170
dyb,0,451.582803,81.566145
cvx,0,390.617180,78.519407
dyf,0,440.282616,80.410346
dzb2,0,1298.795542,268.526471
dxb,0,289.364110,60.024655
cvy,0,2942.546137,404.395434
dzf,0,1301.650059,268.740782
dxb2,0,281.247949,58.859579
dyb2,0,449.590750,81.679348
cvz,0,418.130831,87.878032
dzb3,0,1297.092988,269.776862
dxb3,0,280.913634,58.833101
dyb3,0,460.828111,83.518609
csxxsyyszz,0,1068.699876,183.396260
dyf2,0,438.969243,78.895491
dxf2,0,304.144976,61.577180
csxy,0,243.132973,55.315727
dzf2,0,2579.869032,443.555042
dyf3,0,441.618722,79.296602
csyz,0,386.938460,79.128040
dxf3,0,277.980272,58.383702
dzf3,0,1299.068748,270.089591
csxz,0,383.609241,79.914770
dxf,1,277.976808,58.508512
dzb,1,1297.390788,270.027815
dyb,1,451.756290,81.815256
cvx,1,392.434404,78.926998
dyf,1,438.265471,80.235947
dzb2,1,1300.461933,269.087241
dxb,1,289.535124,60.082641
cvy,1,466.077739,92.450077
dzf,1,1302.541120,270.579812
dxb2,1,280.939650,58.841414
dyb2,1,449.959814,81.792166
cvz,1,418.288805,87.959784
dzb3,1,1297.372581,270.012291
dxb3,1,280.707365,58.804583
dyb3,1,458.668907,83.293897
csxxsyyszz,1,1066.769291,183.337608
dyf2,1,440.201298,79.073646
dxf2,1,304.829101,61.686550
csxy,1,241.713403,55.075591
dzf2,1,2577.555226,443.515139
dyf3,1,441.464844,79.259007
csyz,1,386.950678,79.057736
dxf3,1,278.696212,58.502439
dzf3,1,1299.183459,270.237392
csxz,1,383.897637,80.004764
dxf,2,278.619117,58.682160
dzb,2,1298.774656,270.328074
dyb,2,451.881191,81.808449
cvx,2,391.265189,78.511515
dyf,2,438.538606,80.253809
dzb2,2,1300.778937,269.189800
dxb,2,289.830562,60.164864
cvy,2,465.920413,92.447287
dzf,2,1302.063515,269.508294
dxb2,2,282.887070,59.133108
dyb2,2,449.857382,81.794618
cvz,2,418.536171,88.036715
dzb3,2,1298.332649,270.190882
dxb3,2,280.819247,58.847564
dyb3,2,458.328569,83.234832
csxxsyyszz,2,1066.923873,183.363925
dyf2,2,440.770445,79.650683
dxf2,2,304.118980,61.585086
csxy,2,242.015808,55.151831
dzf2,2,2581.611982,444.470017
dyf3,2,441.978014,79.580983
csyz,2,387.227936,79.020005
dxf3,2,278.470275,58.596982
dzf3,2,1302.479771,270.815652
csxz,2,384.997533,79.845095
dxf,3,278.099890,58.528976
dzb,3,1297.543586,270.213570
dyb,3,451.768570,81.854130
cvx,3,390.667425,78.385125
dyf,3,438.331664,80.256160
dzb2,3,1299.172842,268.999172
dxb,3,289.841243,60.198954
cvy,3,466.527641,92.540316
dzf,3,1301.665023,269.598870
dxb2,3,281.166144,58.875494
dyb2,3,449.955939,81.859055
cvz,3,418.303222,88.008630
dzb3,3,1299.626940,270.515318
dxb3,3,280.583083,58.838246
dyb3,3,458.302396,83.291228
csxxsyyszz,3,1059.673261,182.448565
dyf2,3,442.514410,79.521407
dxf2,3,304.907421,61.719712
csxy,3,242.166008,55.194123
dzf2,3,2581.196984,443.749271
dyf3,3,440.602951,79.192771
csyz,3,387.266398,79.041418
dxf3,3,278.167220,58.515329
dzf3,3,1298.763370,270.376052
csxz,3,383.305010,80.030724
dxf,4,278.181450,58.581659
dzb,4,1298.649122,270.512726
dyb,4,453.701788,82.137347
cvx,4,390.779127,78.441556
dyf,4,439.118957,80.304375
dzb2,4,1299.484860,269.121959
dxb,4,289.174597,60.134651
cvy,4,467.857374,93.018947
dzf,4,1301.352884,270.103749
dxb2,4,281.185093,58.912995
dyb2,4,451.178084,82.064984
cvz,4,418.385321,88.186533
dzb3,4,1297.989819,270.392556
dxb3,4,280.783462,58.898437
dyb3,4,458.759298,83.376384
csxxsyyszz,4,1059.934913,182.518590
dyf2,4,440.377871,79.252696
dxf2,4,304.600752,61.671323
csxy,4,241.782276,55.123870
dzf2,4,2581.112932,443.560699
dyf3,4,440.742481,79.209000
csyz,4,387.397025,79.082395
dxf3,4,278.480584,58.551909
dzf3,4,1298.530438,270.298718
csxz,4,383.596317,80.085420
#========================= OptEWE [OpenMP] =========================
#Grid Size                                    :  1024 x 1024 x 1024
#Iterations                                   :  5
#Compute time                                 :  86.611160
#Total effective MLUPS                        :  61.986343
#===================================================================
#Number of threads                            :  17
