dxf,0,297.339879,60.055196
dzb,0,1342.741187,275.439020
dyb,0,597.681833,101.608154
cvx,0,416.435744,83.684529
dyf,0,462.056927,83.201488
dzb2,0,1344.695756,274.867019
dxb,0,490.181847,87.199438
cvy,0,2933.692766,397.232111
dzf,0,1344.002535,274.561563
dxb2,0,298.130706,61.440389
dyb2,0,593.578197,101.003687
cvz,0,509.436305,101.554654
dzb3,0,1341.347261,274.430479
dxb3,0,298.209139,61.466742
dyb3,0,684.029947,113.629860
csxxsyyszz,0,1113.441859,188.661609
dyf2,0,464.360556,82.154822
dxf2,0,313.441605,62.802129
csxy,0,243.189506,55.477605
dzf2,0,2701.558983,460.248616
dyf3,0,464.065053,81.996110
csyz,0,391.195537,79.249445
dxf3,0,296.487986,61.055381
dzf3,0,1343.311546,276.132662
csxz,0,385.743539,80.363609
dxf,1,295.400935,61.039455
dzb,1,1344.193069,276.772192
dyb,1,597.795636,102.346303
cvx,1,416.910189,84.165238
dyf,1,460.505211,82.935043
dzb2,1,1345.164865,275.310901
dxb,1,489.459529,87.412012
cvy,1,584.201079,109.211579
dzf,1,1343.410770,275.102302
dxb2,1,298.039265,61.507479
dyb2,1,595.008895,101.278834
cvz,1,509.558150,101.728271
dzb3,1,1341.824634,274.961766
dxb3,1,298.201972,61.568890
dyb3,1,683.316917,113.752562
csxxsyyszz,1,1115.585611,189.253801
dyf2,1,462.692690,82.095667
dxf2,1,313.561905,62.849874
csxy,1,242.899889,55.452724
dzf2,1,2700.857489,461.650327
dyf3,1,463.286143,82.183846
csyz,1,391.029531,79.619406
dxf3,1,295.728785,61.199303
dzf3,1,1343.474098,276.659017
csxz,1,385.956230,80.681430
dxf,2,295.443843,61.150905
dzb,2,1344.835377,276.890457
dyb,2,597.831069,101.854218
cvx,2,417.797660,84.097731
dyf,2,461.107030,83.236166
dzb2,2,1343.727251,275.214940
dxb,2,490.564738,87.412003
cvy,2,583.796963,109.192982
dzf,2,1344.311519,275.332795
dxb2,2,298.434478,61.612294
dyb2,2,595.179870,101.477916
cvz,2,511.390400,102.081571
dzb3,2,1342.003977,275.496609
dxb3,2,298.278756,61.563491
dyb3,2,683.862191,113.827361
csxxsyyszz,2,1121.938593,190.167837
dyf2,2,463.140010,82.128292
dxf2,2,313.303104,62.775124
csxy,2,242.827493,55.430474
dzf2,2,2702.895779,460.624183
dyf3,2,462.784588,81.929451
csyz,2,391.435534,79.384220
dxf3,2,295.744481,61.226574
dzf3,2,1344.588895,276.636047
csxz,2,386.200189,80.568400
dxf,3,295.942581,61.409330
dzb,3,1342.583816,276.420794
dyb,3,598.246888,101.777871
cvx,3,416.853119,83.908891
dyf,3,460.628384,82.987012
dzb2,3,1343.415993,275.191393
dxb,3,490.480385,87.476850
cvy,3,583.229056,108.912540
dzf,3,1343.468363,275.208613
dxb2,3,299.588982,61.823942
dyb2,3,593.276104,101.177005
cvz,3,510.303839,101.878994
dzb3,3,1345.341831,275.589197
dxb3,3,298.526101,61.619144
dyb3,3,683.896332,113.861623
csxxsyyszz,3,1115.494150,189.334031
dyf2,3,462.989109,82.161232
dxf2,3,313.140950,62.737291
csxy,3,243.119428,55.465712
dzf2,3,2701.005930,461.134172
dyf3,3,463.017197,81.993124
csyz,3,389.742628,79.508242
dxf3,3,295.663085,61.130830
dzf3,3,1343.746353,276.532627
csxz,3,386.013784,80.527149
dxf,4,295.993403,61.232886
dzb,4,1343.937223,276.618869
dyb,4,598.967891,101.833024
cvx,4,417.033431,83.900480
dyf,4,460.785925,82.969889
dzb2,4,1343.748805,275.180016
dxb,4,489.457568,87.426614
cvy,4,582.178516,108.940152
dzf,4,1343.362453,275.162447
dxb2,4,298.036055,61.546307
dyb2,4,593.195330,101.173823
cvz,4,509.764235,101.786248
dzb3,4,1342.724632,275.282395
dxb3,4,298.431050,61.626383
dyb3,4,686.037993,114.185562
csxxsyyszz,4,1121.905895,190.150307
dyf2,4,462.981765,82.012628
dxf2,4,313.588287,62.866361
csxy,4,242.694752,55.444311
dzf2,4,2704.922055,460.733380
dyf3,4,465.104567,82.317655
csyz,4,390.643110,79.451774
dxf3,4,295.825336,61.092164
dzf3,4,1342.710754,276.410214
csxz,4,386.338852,80.698035
#========================= OptEWE [OpenMP] =========================
#Grid Size                                    :  1024 x 1024 x 1024
#Iterations                                   :  5
#Compute time                                 :  93.972527
#Total effective MLUPS                        :  57.130624
#===================================================================
#Number of threads                            :  16
