dxf,0,412.807473,72.064068
dzb,0,2085.019154,361.150135
dyb,0,710.802323,105.976431
cvx,0,658.765568,108.890327
dyf,0,708.665294,106.280079
dzb2,0,2090.184596,361.528989
dxb,0,419.417428,74.537997
cvy,0,2990.176440,373.322195
dzf,0,2103.427059,362.535512
dxb2,0,419.549278,74.516833
dyb2,0,710.612362,106.134994
cvz,0,669.117749,116.590275
dzb3,0,2091.765238,362.336605
dxb3,0,418.731008,77.109438
dyb3,0,716.415807,112.685693
csxxsyyszz,0,1820.604412,256.281166
dyf2,0,712.619831,105.037565
dxf2,0,442.474833,73.719395
csxy,0,329.400541,64.128487
dzf2,0,3889.735412,572.410140
dyf3,0,713.500012,105.188859
csyz,0,500.530110,89.394351
dxf3,0,410.536693,73.096829
dzf3,0,2097.662234,364.079052
csxz,0,495.757819,89.552239
dxf,1,410.803788,73.183272
dzb,1,2086.782616,362.955125
dyb,1,710.639690,106.905608
cvx,1,658.878270,109.200460
dyf,1,709.337496,105.957036
dzb2,1,2091.765126,361.497830
dxb,1,419.212344,74.628633
cvy,1,658.476677,108.103286
dzf,1,2104.369594,363.665982
dxb2,1,419.592016,74.330574
dyb2,1,711.160605,105.939114
cvz,1,669.328546,116.586107
dzb3,1,2091.257333,362.174437
dxb3,1,419.216099,74.396542
dyb3,1,717.915655,110.230379
csxxsyyszz,1,1820.239304,255.579649
dyf2,1,712.343953,105.060754
dxf2,1,442.836807,73.670364
csxy,1,329.351738,64.127443
dzf2,1,3891.864794,572.073119
dyf3,1,711.801269,105.773866
csyz,1,502.088614,89.776605
dxf3,1,410.542120,72.988309
dzf3,1,2100.838614,363.967532
csxz,1,496.331124,89.430295
dxf,2,411.347442,73.291057
dzb,2,2087.220343,362.660895
dyb,2,710.380210,106.671268
cvx,2,660.531780,109.352056
dyf,2,709.522507,106.088082
dzb2,2,2090.496066,361.235612
dxb,2,418.982617,74.527529
cvy,2,658.543752,108.028238
dzf,2,2103.476869,363.494783
dxb2,2,419.936688,75.314172
dyb2,2,710.160836,106.783202
cvz,2,668.958371,120.561522
dzb3,2,2090.660400,367.950475
dxb3,2,419.221329,74.584426
dyb3,2,717.322045,110.470710
csxxsyyszz,2,1818.421069,256.413350
dyf2,2,712.720571,104.882344
dxf2,2,442.226486,73.615643
csxy,2,329.134960,64.140919
dzf2,2,3891.151080,572.234707
dyf3,2,711.692325,104.986593
csyz,2,500.595020,89.475499
dxf3,2,411.344563,73.216716
dzf3,2,2092.213783,363.071520
csxz,2,495.416566,89.397144
dxf,3,410.745145,73.163603
dzb,3,2084.256901,361.587964
dyb,3,710.509597,106.094822
cvx,3,660.202462,109.255526
dyf,3,708.946238,105.834188
dzb2,3,2087.559356,360.359178
dxb,3,418.814070,74.500290
cvy,3,660.354523,108.305122
dzf,3,2099.425788,362.549265
dxb2,3,419.915437,75.018115
dyb2,3,709.452094,106.966739
cvz,3,668.769764,116.844056
dzb3,3,2088.906520,363.198242
dxb3,3,418.854099,74.691657
dyb3,3,717.309216,110.635092
csxxsyyszz,3,1817.991594,257.858964
dyf2,3,714.027960,105.362751
dxf2,3,442.121767,73.592237
csxy,3,329.095767,64.116752
dzf2,3,3891.232523,572.235189
dyf3,3,711.378824,104.758262
csyz,3,500.484575,89.462363
dxf3,3,412.207299,73.343898
dzf3,3,2096.372307,363.259944
csxz,3,494.962482,89.459352
dxf,4,410.675108,73.172559
dzb,4,2085.506843,361.683786
dyb,4,710.689311,105.961952
cvx,4,660.661878,109.424990
dyf,4,708.882258,105.807414
dzb2,4,2087.140700,360.491602
dxb,4,418.986814,74.577032
cvy,4,660.343750,108.370561
dzf,4,2096.675663,371.064238
dxb2,4,419.359137,74.545194
dyb2,4,711.991393,106.478285
cvz,4,668.807130,116.662171
dzb3,4,2087.956707,362.175397
dxb3,4,419.011064,74.520270
dyb3,4,717.255643,110.194381
csxxsyyszz,4,1818.233120,256.138839
dyf2,4,713.059432,105.483677
dxf2,4,441.942581,73.819623
csxy,4,328.926050,64.303048
dzf2,4,3891.010830,573.214445
dyf3,4,711.440665,105.393870
csyz,4,501.389407,89.575383
dxf3,4,410.511386,73.207156
dzf3,4,2096.133229,363.541978
csxz,4,495.536068,89.496796
#========================= OptEWE [OpenMP] =========================
#Grid Size                                    :  1024 x 1024 x 1024
#Iterations                                   :  5
#Compute time                                 :  133.743546
#Total effective MLUPS                        :  40.141818
#===================================================================
#Number of threads                            :  10
