dxf,0,297.392264,59.943811
dzb,0,1342.428498,275.134159
dyb,0,596.898227,101.347926
cvx,0,417.086065,83.558811
dyf,0,460.321707,82.761880
dzb2,0,1342.415617,274.238698
dxb,0,489.714797,87.122230
cvy,0,2930.985295,396.458736
dzf,0,1344.209859,274.327909
dxb2,0,298.530105,61.423936
dyb2,0,592.115204,100.706931
cvz,0,509.002605,101.371701
dzb3,0,1341.422382,274.268681
dxb3,0,297.996743,61.379105
dyb3,0,682.694849,113.395212
csxxsyyszz,0,1114.395784,188.675140
dyf2,0,462.598575,81.742986
dxf2,0,313.317910,62.703864
csxy,0,242.780039,55.399742
dzf2,0,2694.157357,458.920114
dyf3,0,465.439778,82.152984
csyz,0,391.454716,79.249283
dxf3,0,294.916024,60.905388
dzf3,0,1344.124899,276.028424
csxz,0,385.785187,80.321820
dxf,1,295.338834,61.037188
dzb,1,1342.411828,275.797704
dyb,1,596.503710,101.498645
cvx,1,417.090221,83.643012
dyf,1,460.382930,82.843016
dzb2,1,1342.221841,276.626646
dxb,1,490.375993,87.321809
cvy,1,581.422485,108.552597
dzf,1,1345.914761,275.262418
dxb2,1,298.786497,61.584253
dyb2,1,592.428088,100.921344
cvz,1,509.390850,101.561169
dzb3,1,1343.152921,274.659786
dxb3,1,298.179102,61.428869
dyb3,1,682.483386,113.471965
csxxsyyszz,1,1113.940472,188.835883
dyf2,1,462.197981,81.793725
dxf2,1,313.305168,62.740477
csxy,1,242.922403,55.467447
dzf2,1,2693.220611,459.692023
dyf3,1,467.092615,82.414954
csyz,1,391.706836,79.506394
dxf3,1,295.092768,60.877040
dzf3,1,1343.544830,276.051506
csxz,1,385.743011,80.383559
dxf,2,295.216372,61.122461
dzb,2,1344.501324,276.303505
dyb,2,596.912797,101.568004
cvx,2,417.019095,83.690455
dyf,2,460.344217,82.922240
dzb2,2,1342.883791,274.611610
dxb,2,489.641096,87.217193
cvy,2,580.520258,108.495692
dzf,2,1346.791990,275.386734
dxb2,2,298.902225,61.596399
dyb2,2,592.838662,100.995278
cvz,2,508.839276,101.510564
dzb3,2,1344.122750,274.957103
dxb3,2,299.105832,61.788332
dyb3,2,682.946150,113.912969
csxxsyyszz,2,1122.076078,190.017689
dyf2,2,462.754238,81.924328
dxf2,2,313.508232,62.723043
csxy,2,243.274197,55.431762
dzf2,2,2695.251569,459.249195
dyf3,2,464.093232,82.018269
csyz,2,391.417547,79.259810
dxf3,2,295.685290,61.010974
dzf3,2,1344.977203,276.305125
csxz,2,385.951361,80.416130
dxf,3,295.244427,61.091985
dzb,3,1342.621533,275.999625
dyb,3,596.566622,101.539402
cvx,3,416.983710,83.744517
dyf,3,460.319630,82.971366
dzb2,3,1342.483541,274.586322
dxb,3,489.692058,87.245096
cvy,3,582.228185,108.615338
dzf,3,1344.124301,274.860056
dxb2,3,298.803781,61.581964
dyb2,3,592.019258,100.856931
cvz,3,512.412548,102.018694
dzb3,3,1344.257809,274.952647
dxb3,3,298.178502,61.463409
dyb3,3,682.809990,113.555716
csxxsyyszz,3,1121.866233,190.042437
dyf2,3,462.550481,81.847633
dxf2,3,313.492495,62.789062
csxy,3,243.044849,55.396988
dzf2,3,2693.504913,459.782151
dyf3,3,463.815547,81.934760
csyz,3,391.228892,79.225591
dxf3,3,296.254814,61.357552
dzf3,3,1344.072384,276.743598
csxz,3,385.999207,80.426723
dxf,4,295.305596,61.073198
dzb,4,1343.675488,276.245687
dyb,4,596.509823,101.509286
cvx,4,416.807768,83.691732
dyf,4,461.678497,83.113968
dzb2,4,1342.217200,274.643697
dxb,4,489.694279,87.222303
cvy,4,581.979515,108.611051
dzf,4,1344.721605,275.072613
dxb2,4,298.789949,61.579984
dyb2,4,591.985529,100.902708
cvz,4,508.386530,101.544226
dzb3,4,1341.864634,274.696819
dxb3,4,299.306850,61.702205
dyb3,4,683.199242,113.782467
csxxsyyszz,4,1116.456606,189.376575
dyf2,4,462.914339,81.979234
dxf2,4,313.214371,62.778599
csxy,4,242.880500,55.481271
dzf2,4,2693.716569,459.981828
dyf3,4,463.909589,82.195549
csyz,4,391.174783,79.416815
dxf3,4,295.149584,61.010995
dzf3,4,1343.387458,276.264253
csxz,4,385.604139,80.514067
#========================= OptEWE [OpenMP] =========================
#Grid Size                                    :  1024 x 1024 x 1024
#Iterations                                   :  5
#Compute time                                 :  93.896317
#Total effective MLUPS                        :  57.176994
#===================================================================
#Number of threads                            :  16
