dxf,0,198.899488,47.465746
dzb,0,894.884082,219.571939
dyb,0,342.207918,72.786702
cvx,0,294.193038,70.311886
dyf,0,307.865575,66.956651
dzb2,0,894.588360,218.330474
dxb,0,253.425488,58.946891
cvy,0,3324.895227,510.323295
dzf,0,897.389908,218.430338
dxb2,0,201.744721,50.058529
dyb2,0,340.371051,72.614231
cvz,0,403.693011,92.654147
dzb3,0,893.929147,218.435826
dxb3,0,198.526080,49.539701
dyb3,0,358.529461,78.673686
csxxsyyszz,0,808.315575,170.089800
dyf2,0,309.056120,65.372572
dxf2,0,268.616639,60.241881
csxy,0,234.673174,57.712322
dzf2,0,2124.396024,401.240292
dyf3,0,308.217137,65.159214
csyz,0,356.955022,81.215117
dxf3,0,196.898981,48.956121
dzf3,0,894.332480,220.177839
csxz,0,356.536554,83.010148
dxf,1,196.965415,49.091017
dzb,1,893.428731,220.504818
dyb,1,341.884408,73.020727
cvx,1,293.859987,70.543329
dyf,1,307.267956,67.068688
dzb2,1,895.678855,219.198172
dxb,1,253.392551,59.189021
cvy,1,441.087500,95.920598
dzf,1,896.963795,219.440988
dxb2,1,201.807552,50.223611
dyb2,1,340.637814,72.730529
cvz,1,403.467925,92.905336
dzb3,1,896.655562,219.438844
dxb3,1,198.996272,49.653549
dyb3,1,358.597511,78.894190
csxxsyyszz,1,808.175915,170.750854
dyf2,1,309.073874,65.543039
dxf2,1,268.688048,60.338378
csxy,1,234.787575,57.815195
dzf2,1,2125.143412,402.498605
dyf3,1,308.649921,65.182506
csyz,1,356.799964,81.292335
dxf3,1,196.492869,48.950168
dzf3,1,894.601796,220.520335
csxz,1,356.551540,83.101779
dxf,2,195.471450,48.815893
dzb,2,893.100637,220.714100
dyb,2,342.086040,73.097769
cvx,2,293.779581,70.595854
dyf,2,307.303925,67.147771
dzb2,2,894.031974,219.129751
dxb,2,253.239768,59.161526
cvy,2,440.279025,95.889183
dzf,2,896.722014,219.659940
dxb2,2,201.763391,50.234735
dyb2,2,340.171478,72.990403
cvz,2,403.143946,92.869556
dzb3,2,894.555877,219.293479
dxb3,2,198.587815,49.675996
dyb3,2,360.352723,79.262914
csxxsyyszz,2,818.591911,172.026462
dyf2,2,308.942277,65.564152
dxf2,2,268.739787,60.422283
csxy,2,234.808935,57.858139
dzf2,2,2122.127004,402.718424
dyf3,2,308.527910,65.241211
csyz,2,356.807670,81.376191
dxf3,2,196.780787,48.920522
dzf3,2,894.704829,220.662439
csxz,2,356.257899,83.093297
dxf,3,195.586460,48.872414
dzb,3,893.387495,220.832781
dyb,3,341.931143,73.142110
cvx,3,294.036110,70.658068
dyf,3,307.937191,67.328497
dzb2,3,894.361404,219.352485
dxb,3,253.369269,59.186687
cvy,3,440.230743,95.980508
dzf,3,899.150661,220.161799
dxb2,3,202.516267,50.381380
dyb2,3,340.456096,72.844661
cvz,3,401.957486,92.704061
dzb3,3,894.531920,219.312690
dxb3,3,198.590961,49.717246
dyb3,3,358.662786,78.958240
csxxsyyszz,3,818.334457,172.306553
dyf2,3,308.364320,65.405190
dxf2,3,268.566157,60.423156
csxy,3,234.278545,57.777208
dzf2,3,2123.778979,403.416179
dyf3,3,308.976697,65.347448
csyz,3,357.030678,81.406100
dxf3,3,196.941758,49.099668
dzf3,3,894.858401,220.838264
csxz,3,356.423673,83.186719
dxf,4,195.491706,48.932962
dzb,4,893.300825,220.960573
dyb,4,342.857697,73.513946
cvx,4,294.134092,70.758500
dyf,4,307.468710,67.296590
dzb2,4,894.056584,219.460577
dxb,4,253.458762,59.181253
cvy,4,440.806409,96.083578
dzf,4,931.550918,226.205868
dxb2,4,202.482222,50.131098
dyb2,4,340.485167,72.995115
cvz,4,403.069442,92.926538
dzb3,4,894.745221,219.527881
dxb3,4,198.419270,49.729696
dyb3,4,359.252278,79.233287
csxxsyyszz,4,818.589645,172.029480
dyf2,4,308.710376,65.566597
dxf2,4,268.639363,60.488504
csxy,4,234.724699,57.925405
dzf2,4,2123.572789,403.234234
dyf3,4,308.978571,65.342238
csyz,4,357.856041,81.609866
dxf3,4,196.479013,49.004271
dzf3,4,896.843070,221.242091
csxz,4,356.300925,83.222810
#========================= OptEWE [OpenMP] =========================
#Grid Size                                    :  1024 x 1024 x 1024
#Iterations                                   :  5
#Compute time                                 :  66.830765
#Total effective MLUPS                        :  80.332899
#===================================================================
#Number of threads                            :  24
