dxf,0,402.106975,71.859451
dzb,0,1924.772666,346.519782
dyb,0,661.794299,103.635063
cvx,0,601.970763,105.808713
dyf,0,660.220021,103.210613
dzb2,0,1929.690085,346.378237
dxb,0,410.658944,74.619071
cvy,0,2911.148980,367.105821
dzf,0,1939.052675,347.536971
dxb2,0,404.926576,73.770938
dyb2,0,659.074906,103.334293
cvz,0,612.509058,111.046318
dzb3,0,1926.696523,347.280044
dxb3,0,405.190511,73.908813
dyb3,0,665.400061,107.360477
csxxsyyszz,0,1629.777776,238.171007
dyf2,0,660.897731,102.148256
dxf2,0,432.049929,73.255109
csxy,0,325.268633,65.638860
dzf2,0,3825.531569,573.372396
dyf3,0,660.450216,102.220257
csyz,0,496.746195,91.037216
dxf3,0,410.955836,74.647582
dzf3,0,1936.503097,349.273505
csxz,0,490.850375,91.101378
dxf,1,399.878271,73.084109
dzb,1,1926.233699,347.861887
dyb,1,661.836463,103.737622
cvx,1,601.253235,105.894851
dyf,1,660.086629,103.338080
dzb2,1,1925.525007,346.319578
dxb,1,410.350548,74.776799
cvy,1,630.281691,106.124799
dzf,1,1940.242299,349.259341
dxb2,1,405.177006,73.885195
dyb2,1,658.917038,103.532587
cvz,1,612.930598,111.265868
dzb3,1,1927.335626,347.801018
dxb3,1,403.728177,73.763877
dyb3,1,665.195266,107.515548
csxxsyyszz,1,1633.330351,239.150276
dyf2,1,661.032974,102.311800
dxf2,1,432.219077,73.453464
csxy,1,325.540081,65.729726
dzf2,1,3795.411079,573.268366
dyf3,1,660.190644,102.896743
csyz,1,496.964875,91.087896
dxf3,1,411.899612,74.770873
dzf3,1,1933.066775,349.306281
csxz,1,489.989522,91.099004
dxf,2,400.070433,73.195720
dzb,2,1925.254342,348.584299
dyb,2,661.405549,103.948534
cvx,2,604.920364,106.701436
dyf,2,661.855674,103.709812
dzb2,2,1926.661960,347.161392
dxb,2,410.509703,74.757477
cvy,2,630.427032,106.164608
dzf,2,1936.739188,349.817011
dxb2,2,404.576373,73.932593
dyb2,2,658.790308,103.774443
cvz,2,612.694179,111.519568
dzb3,2,1926.267641,347.916473
dxb3,2,403.634671,73.791517
dyb3,2,669.232082,108.027744
csxxsyyszz,2,1657.172892,241.524577
dyf2,2,661.246086,102.308007
dxf2,2,432.254501,73.467452
csxy,2,325.504573,65.744208
dzf2,2,3812.378159,573.181271
dyf3,2,660.617917,102.352490
csyz,2,500.594954,90.809368
dxf3,2,410.664899,74.517237
dzf3,2,1936.592297,349.748135
csxz,2,490.030148,91.058331
dxf,3,399.629469,73.099304
dzb,3,1925.519793,348.145236
dyb,3,661.616280,103.799658
cvx,3,601.509042,106.027438
dyf,3,659.896870,103.572359
dzb2,3,1926.425314,346.809130
dxb,3,410.314147,74.805147
cvy,3,630.762471,106.233572
dzf,3,1940.067426,349.636080
dxb2,3,404.705077,73.959353
dyb2,3,658.950069,103.597556
cvz,3,612.970393,111.352958
dzb3,3,1927.263203,348.333957
dxb3,3,403.447969,73.744683
dyb3,3,665.159842,107.490626
csxxsyyszz,3,1634.397329,238.528595
dyf2,3,660.766274,102.432245
dxf2,3,431.807904,73.386774
csxy,3,325.729287,65.826326
dzf2,3,3805.170482,573.780488
dyf3,3,658.243040,106.473178
csyz,3,498.768888,90.833543
dxf3,3,412.019424,74.962280
dzf3,3,1933.781202,349.542811
csxz,3,491.021201,91.217021
dxf,4,400.395853,73.212305
dzb,4,1926.393027,348.527629
dyb,4,661.432726,103.677956
cvx,4,601.484378,106.170095
dyf,4,662.871406,104.038738
dzb2,4,1927.057852,347.429341
dxb,4,410.352098,74.844436
cvy,4,630.200038,106.175491
dzf,4,1937.109005,349.868077
dxb2,4,405.093948,74.181459
dyb2,4,658.949216,103.901313
cvz,4,612.711093,111.541482
dzb3,4,1926.931794,348.573507
dxb3,4,403.599000,74.104387
dyb3,4,665.563762,107.411461
csxxsyyszz,4,1657.826731,241.649600
dyf2,4,661.109620,102.421383
dxf2,4,432.450256,73.458873
csxy,4,325.337346,65.781817
dzf2,4,3811.671318,573.351625
dyf3,4,660.196107,102.445081
csyz,4,499.271544,90.909897
dxf3,4,410.702367,74.685027
dzf3,4,1938.977171,350.041591
csxz,4,491.060226,91.236778
#========================= OptEWE [OpenMP] =========================
#Grid Size                                    :  1024 x 1024 x 1024
#Iterations                                   :  5
#Compute time                                 :  125.772247
#Total effective MLUPS                        :  42.685960
#===================================================================
#Number of threads                            :  11
