dxf,0,254.622633,54.395002
dzb,0,1288.186661,272.912573
dyb,0,505.641264,94.435983
cvx,0,425.648864,88.824293
dyf,0,394.252320,74.949007
dzb2,0,1290.393963,272.616192
dxb,0,443.318642,84.567636
cvy,0,2869.541606,408.645677
dzf,0,1172.040284,253.606949
dxb2,0,443.621034,84.583700
dyb2,0,505.758170,94.319657
cvz,0,544.333085,110.670714
dzb3,0,1171.052248,253.643870
dxb3,0,443.259598,84.576295
dyb3,0,530.674502,99.857702
csxxsyyszz,0,941.160052,182.566207
dyf2,0,395.096127,75.206347
dxf2,0,529.127888,96.052404
csxy,0,323.426247,68.571712
dzf2,0,1768.696427,338.921323
dyf3,0,506.928897,93.666587
csyz,0,432.785367,90.685734
dxf3,0,251.035805,54.154524
dzf3,0,1283.762335,273.138163
csxz,0,431.043545,90.875773
dxf,1,250.925551,54.229292
dzb,1,1285.201194,273.474105
dyb,1,505.922312,94.753160
cvx,1,426.032933,89.045111
dyf,1,393.279287,74.841918
dzb2,1,1283.081090,271.967502
dxb,1,443.615758,84.863568
cvy,1,548.505176,107.300200
dzf,1,1163.886449,252.936621
dxb2,1,443.695735,84.870517
dyb2,1,504.806524,94.347065
cvz,1,544.507374,110.846390
dzb3,1,1161.179324,252.448042
dxb3,1,443.649587,84.853340
dyb3,1,531.169356,100.066125
csxxsyyszz,1,937.320582,182.179206
dyf2,1,395.248860,75.375549
dxf2,1,529.121290,96.148236
csxy,1,323.841558,68.700867
dzf2,1,1771.835778,339.663558
dyf3,1,505.951092,93.551178
csyz,1,432.068232,90.641243
dxf3,1,250.877860,54.183021
dzf3,1,1284.200054,273.504522
csxz,1,431.605261,91.195174
dxf,2,250.952083,54.296395
dzb,2,1281.951909,273.190889
dyb,2,505.739095,94.835305
cvx,2,425.969573,89.156327
dyf,2,393.287170,74.999115
dzb2,2,1284.938348,272.489979
dxb,2,443.633394,84.874792
cvy,2,548.636016,107.351108
dzf,2,1163.632676,253.082235
dxb2,2,443.293317,84.854931
dyb2,2,505.168014,94.477376
cvz,2,544.491652,110.901279
dzb3,2,1161.992528,252.627960
dxb3,2,443.098474,84.819501
dyb3,2,530.862453,100.048860
csxxsyyszz,2,935.492717,181.974545
dyf2,2,393.587054,75.202029
dxf2,2,529.388366,96.304315
csxy,2,324.169386,68.813278
dzf2,2,1775.720452,340.257309
dyf3,2,507.616317,93.881342
csyz,2,432.612946,90.770093
dxf3,2,251.086583,54.244005
dzf3,2,1284.149789,273.528891
csxz,2,430.517232,90.938666
dxf,3,251.477246,54.378350
dzb,3,1282.336152,273.337833
dyb,3,505.591468,94.835669
cvx,3,426.935267,89.293434
dyf,3,393.304075,74.957283
dzb2,3,1282.811926,272.283568
dxb,3,443.606002,84.934597
cvy,3,548.028102,107.334415
dzf,3,1162.364982,252.924098
dxb2,3,443.599793,84.918206
dyb2,3,506.763639,94.787991
cvz,3,543.987852,111.341584
dzb3,3,1161.194656,253.735254
dxb3,3,443.346998,84.900076
dyb3,3,530.339764,100.058264
csxxsyyszz,3,934.552594,181.916374
dyf2,3,393.533244,75.220142
dxf2,3,529.326468,96.320094
csxy,3,324.066826,68.825927
dzf2,3,1775.760570,340.798124
dyf3,3,506.636864,93.782670
csyz,3,432.832471,90.871380
dxf3,3,251.212252,54.278725
dzf3,3,1283.251680,273.461176
csxz,3,430.871921,91.031291
dxf,4,251.523723,54.421332
dzb,4,1282.459985,273.536897
dyb,4,505.710432,94.853620
cvx,4,426.306059,89.227200
dyf,4,393.305634,75.082915
dzb2,4,1282.679561,272.379595
dxb,4,444.002744,85.031128
cvy,4,548.243068,107.419380
dzf,4,1165.228634,253.460311
dxb2,4,443.224669,84.877771
dyb2,4,505.251892,94.542891
cvz,4,544.831844,111.081830
dzb3,4,1161.177585,252.778145
dxb3,4,443.187029,84.900067
dyb3,4,531.192625,100.172537
csxxsyyszz,4,940.829230,182.915500
dyf2,4,393.507196,75.109688
dxf2,4,529.445297,96.319782
csxy,4,323.642241,68.766506
dzf2,4,1774.602144,341.041602
dyf3,4,505.553051,93.630641
csyz,4,432.538176,90.804611
dxf3,4,251.046787,54.251532
dzf3,4,1284.748576,274.622993
csxz,4,430.767849,91.143923
#========================= OptEWE [OpenMP] =========================
#Grid Size                                    :  1024 x 1024 x 1024
#Iterations                                   :  5
#Compute time                                 :  86.312248
#Total effective MLUPS                        :  62.201011
#===================================================================
#Number of threads                            :  19
