dxf,0,491.243631,80.973365
dzb,0,2897.854594,438.471179
dyb,0,944.736200,133.532991
cvx,0,931.723098,135.101718
dyf,0,942.220755,133.454238
dzb2,0,2892.772188,437.811413
dxb,0,523.463046,84.170861
cvy,0,3462.200086,425.598481
dzf,0,2905.538812,434.657775
dxb2,0,527.134422,84.598222
dyb2,0,939.552187,131.901242
cvz,0,960.093441,148.264322
dzb3,0,2897.569092,438.697347
dxb3,0,509.502453,82.351198
dyb3,0,949.242442,136.792844
csxxsyyszz,0,2553.956898,334.990797
dyf2,0,941.185518,139.654137
dxf2,0,505.698133,83.766475
csxy,0,420.879739,77.505700
dzf2,0,3994.082789,588.877566
dyf3,0,939.970331,132.035361
csyz,0,541.931986,95.974356
dxf3,0,489.641501,81.916971
dzf3,0,2900.432874,437.037104
csxz,0,494.593681,90.070518
dxf,1,486.908062,82.026296
dzb,1,2902.527460,437.751029
dyb,1,944.274137,132.276857
cvx,1,932.147037,134.290423
dyf,1,939.995456,131.437783
dzb2,1,2899.978913,436.968132
dxb,1,523.768389,84.241160
cvy,1,946.763833,140.346999
dzf,1,2908.021581,437.409780
dxb2,1,526.236261,86.052458
dyb2,1,939.826256,136.337725
cvz,1,959.954217,148.183064
dzb3,1,2900.732848,439.077808
dxb3,1,510.653387,82.541208
dyb3,1,949.049244,136.967462
csxxsyyszz,1,2527.198720,331.662222
dyf2,1,940.035532,133.030741
dxf2,1,508.607512,82.343429
csxy,1,421.477020,75.455096
dzf2,1,3991.643434,588.306173
dyf3,1,938.647585,131.320538
csyz,1,541.530704,95.988185
dxf3,1,489.539920,82.078818
dzf3,1,2897.161517,438.044514
csxz,1,493.992823,89.748888
dxf,2,487.377048,82.163271
dzb,2,2898.446392,438.189488
dyb,2,943.031818,132.572807
cvx,2,932.303667,135.203243
dyf,2,939.784488,131.962692
dzb2,2,2906.404116,435.399664
dxb,2,524.258774,84.035390
cvy,2,947.314919,140.331500
dzf,2,2903.525131,435.679682
dxb2,2,527.658287,84.723067
dyb2,2,939.705673,132.301892
cvz,2,958.657576,147.996379
dzb3,2,2902.951145,437.222267
dxb3,2,510.182831,82.251659
dyb3,2,950.064445,136.900590
csxxsyyszz,2,2567.043096,335.488742
dyf2,2,940.191851,131.935637
dxf2,2,508.321628,82.189749
csxy,2,421.829331,75.417074
dzf2,2,3996.064896,588.757628
dyf3,2,940.457918,132.214453
csyz,2,541.927223,99.618297
dxf3,2,487.478219,85.302705
dzf3,2,2902.107389,437.247837
csxz,2,494.397050,89.831742
dxf,3,488.285524,82.530839
dzb,3,2891.486044,439.085962
dyb,3,944.868136,133.129270
cvx,3,931.881719,134.046388
dyf,3,939.526296,132.187403
dzb2,3,2901.014145,435.273028
dxb,3,523.428597,84.090173
cvy,3,947.345777,140.816607
dzf,3,2882.171252,438.259661
dxb2,3,526.295634,85.236591
dyb2,3,940.409914,132.420220
cvz,3,959.251315,148.247371
dzb3,3,2900.949600,436.891670
dxb3,3,509.310434,82.516885
dyb3,3,950.662578,137.124960
csxxsyyszz,3,2569.897605,339.165876
dyf2,3,939.034098,131.466142
dxf2,3,508.759781,82.355861
csxy,3,421.578707,75.372889
dzf2,3,3995.765265,588.410660
dyf3,3,940.660286,131.186407
csyz,3,542.162520,95.713857
dxf3,3,489.818321,81.904031
dzf3,3,2889.223181,437.619861
csxz,3,496.934757,90.107715
dxf,4,486.256825,82.027065
dzb,4,2893.028660,437.776558
dyb,4,943.250095,132.570054
cvx,4,931.905614,133.951191
dyf,4,939.187486,131.232983
dzb2,4,2901.705851,435.444907
dxb,4,523.385801,84.063982
cvy,4,949.469173,140.720238
dzf,4,2906.163938,436.803774
dxb2,4,526.646960,84.659494
dyb2,4,940.612386,132.604375
cvz,4,958.523969,147.566758
dzb3,4,2901.320833,438.314060
dxb3,4,510.596445,82.669751
dyb3,4,952.438971,137.531086
csxxsyyszz,4,2562.985831,336.350398
dyf2,4,942.102345,131.780180
dxf2,4,508.404411,82.333725
csxy,4,421.545463,75.441563
dzf2,4,3992.293281,587.955132
dyf3,4,941.508921,132.136605
csyz,4,543.529661,96.265832
dxf3,4,489.341881,81.858623
dzf3,4,2903.908950,436.041035
csxz,4,494.392899,89.724270
#========================= OptEWE [OpenMP] =========================
#Grid Size                                    :  1024 x 1024 x 1024
#Iterations                                   :  5
#Compute time                                 :  172.745270
#Total effective MLUPS                        :  31.078762
#===================================================================
#Number of threads                            :  7
