dxf,0,229.110694,49.984191
dzb,0,1027.542165,229.922040
dyb,0,354.218959,69.578651
cvx,0,315.258401,68.469871
dyf,0,351.423657,69.352909
dzb2,0,1023.770964,227.940976
dxb,0,232.215090,52.129557
cvy,0,3083.045783,435.925923
dzf,0,1025.188093,227.861399
dxb2,0,227.130957,51.341761
dyb2,0,352.192508,69.146506
cvz,0,326.651136,73.796639
dzb3,0,1025.221817,229.958146
dxb3,0,230.854654,51.977869
dyb3,0,352.339774,69.209632
csxxsyyszz,0,849.594285,157.769954
dyf2,0,353.428698,67.856566
dxf2,0,227.413392,49.941196
csxy,0,214.023337,51.324108
dzf2,0,1026.531091,230.200840
dyf3,0,352.438660,69.459037
csyz,0,257.961125,60.346094
dxf3,0,226.792852,51.452757
dzf3,0,1023.878250,229.846926
csxz,0,255.138752,61.685128
dxf,1,225.850768,51.347469
dzb,1,1028.776007,230.701016
dyb,1,354.584452,69.640733
cvx,1,314.934107,68.551112
dyf,1,351.444676,69.315616
dzb2,1,1023.037871,228.104752
dxb,1,232.115788,52.333057
cvy,1,315.227872,70.080524
dzf,1,1024.673691,230.062957
dxb2,1,226.960883,51.454544
dyb2,1,352.430465,69.406524
cvz,1,326.633941,73.906778
dzb3,1,1022.904584,229.888559
dxb3,1,230.763426,52.115730
dyb3,1,353.260786,69.548589
csxxsyyszz,1,853.133198,158.860382
dyf2,1,353.353410,67.938537
dxf2,1,227.584677,49.986762
csxy,1,214.099962,51.392539
dzf2,1,1026.099815,230.265202
dyf3,1,352.176096,69.449448
csyz,1,258.334737,60.386240
dxf3,1,226.582831,51.397904
dzf3,1,1026.066417,230.336683
csxz,1,255.320694,61.728123
dxf,2,225.902432,51.368794
dzb,2,1026.846637,230.507711
dyb,2,355.901222,69.933591
cvx,2,314.894513,68.576375
dyf,2,351.202920,69.315441
dzb2,2,1025.077274,228.509881
dxb,2,232.292774,52.332508
cvy,2,313.459694,69.792421
dzf,2,1022.987382,229.817256
dxb2,2,227.016959,51.501373
dyb2,2,352.278645,69.431731
cvz,2,326.777087,73.936801
dzb3,2,1023.550439,230.074036
dxb3,2,230.867879,52.155988
dyb3,2,352.357822,69.437382
csxxsyyszz,2,852.782117,159.045858
dyf2,2,354.598072,68.236595
dxf2,2,227.331839,49.913732
csxy,2,215.058584,51.572806
dzf2,2,1024.847565,230.165549
dyf3,2,352.228569,69.318257
csyz,2,258.557341,60.471588
dxf3,2,226.856867,51.524740
dzf3,2,1025.422094,230.302732
csxz,2,255.244965,61.781943
dxf,3,225.865142,51.412179
dzb,3,1026.539474,230.542860
dyb,3,354.183720,69.715865
cvx,3,314.943309,68.546388
dyf,3,351.478855,69.531203
dzb2,3,1022.528126,228.159196
dxb,3,232.367698,52.261877
cvy,3,313.458474,69.810559
dzf,3,1023.028392,229.928495
dxb2,3,227.158574,51.534864
dyb2,3,353.621026,69.690983
cvz,3,326.627662,73.904984
dzb3,3,1023.453413,230.089920
dxb3,3,231.276488,52.175677
dyb3,3,352.570750,69.520427
csxxsyyszz,3,851.932022,158.498303
dyf2,3,353.427254,67.984842
dxf2,3,227.228786,49.950517
csxy,3,213.891865,51.399084
dzf2,3,1026.931442,230.552097
dyf3,3,352.386174,69.339817
csyz,3,258.059473,60.450058
dxf3,3,226.848585,51.548230
dzf3,3,1023.552029,230.107597
csxz,3,254.990402,61.726352
dxf,4,226.561435,51.515150
dzb,4,1027.115089,230.709358
dyb,4,354.242755,69.645890
cvx,4,315.047152,68.613193
dyf,4,351.462360,69.541257
dzb2,4,1022.682021,228.285791
dxb,4,232.259904,52.348925
cvy,4,313.521701,69.842307
dzf,4,1026.390280,230.542427
dxb2,4,227.230492,51.581320
dyb2,4,352.601422,69.425002
cvz,4,326.770966,73.913249
dzb3,4,1023.843700,230.205132
dxb3,4,230.753425,52.140202
dyb3,4,355.233408,69.782591
csxxsyyszz,4,852.692291,159.095378
dyf2,4,353.530973,67.983755
dxf2,4,227.310983,49.940420
csxy,4,214.069155,51.427760
dzf2,4,1024.992859,230.262367
dyf3,4,351.990134,69.507580
csyz,4,258.099447,60.468108
dxf3,4,226.789711,51.519559
dzf3,4,1023.849767,230.175281
csxz,4,254.977507,61.841957
#========================= OptEWE [OpenMP] =========================
#Grid Size                                    :  1024 x 1024 x 1024
#Iterations                                   :  5
#Compute time                                 :  63.636978
#Total effective MLUPS                        :  84.364614
#===================================================================
#Number of threads                            :  21
