dxf,0,297.471184,59.938577
dzb,0,1342.241762,275.149317
dyb,0,597.143572,101.334963
cvx,0,416.894357,83.604396
dyf,0,460.533286,82.878919
dzb2,0,1342.120661,274.266070
dxb,0,489.565439,87.072103
cvy,0,2922.951588,395.417785
dzf,0,1346.665633,274.901227
dxb2,0,300.509697,61.796410
dyb2,0,592.948529,100.862638
cvz,0,508.532258,101.387370
dzb3,0,1340.881779,274.212065
dxb3,0,298.488627,61.500844
dyb3,0,683.304236,113.514163
csxxsyyszz,0,1105.048932,187.505437
dyf2,0,462.074944,81.812657
dxf2,0,312.954797,62.691123
csxy,0,242.400632,55.282865
dzf2,0,2693.809776,459.362900
dyf3,0,463.619430,81.957569
csyz,0,386.886377,78.958597
dxf3,0,295.341850,61.144711
dzf3,0,1345.354516,276.242874
csxz,0,383.010043,79.877240
dxf,1,295.457828,61.169220
dzb,1,1340.431733,275.563591
dyb,1,597.054058,101.570330
cvx,1,416.925075,83.720647
dyf,1,460.696689,83.013777
dzb2,1,1341.546584,274.409326
dxb,1,489.448206,87.128258
cvy,1,582.048473,108.858261
dzf,1,1347.232815,275.435200
dxb2,1,299.310834,61.667477
dyb2,1,594.495908,101.200208
cvz,1,508.138950,101.433623
dzb3,1,1342.440731,274.734883
dxb3,1,298.492727,61.606534
dyb3,1,683.046341,113.548100
csxxsyyszz,1,1104.748207,187.528881
dyf2,1,461.976699,81.751913
dxf2,1,312.977315,62.787957
csxy,1,242.070077,55.340294
dzf2,1,2695.229963,459.564803
dyf3,1,463.450353,81.951849
csyz,1,387.138426,78.954715
dxf3,1,295.367482,60.945274
dzf3,1,1344.862571,276.317795
csxz,1,383.233536,79.976980
dxf,2,295.406638,61.209224
dzb,2,1342.093742,276.028932
dyb,2,597.606924,101.673113
cvx,2,417.059912,83.786986
dyf,2,460.570405,83.040742
dzb2,2,1341.365457,274.608864
dxb,2,489.519471,87.228679
cvy,2,580.313750,108.755106
dzf,2,1344.921583,275.222183
dxb2,2,298.892411,61.638090
dyb2,2,593.562640,101.089326
cvz,2,508.391141,101.502282
dzb3,2,1342.418934,274.819942
dxb3,2,298.462600,61.530302
dyb3,2,684.287051,113.760101
csxxsyyszz,2,1121.450385,189.904336
dyf2,2,462.225804,81.860785
dxf2,2,312.418919,62.717226
csxy,2,242.048397,55.327153
dzf2,2,2700.016105,459.641132
dyf3,2,463.535067,82.006205
csyz,2,387.114112,79.024891
dxf3,2,296.049932,61.246570
dzf3,2,1342.925611,276.090610
csxz,2,382.484950,79.937236
dxf,3,297.254226,61.453830
dzb,3,1340.199066,275.836329
dyb,3,599.223285,101.962301
cvx,3,418.625096,84.073747
dyf,3,460.738121,83.123089
dzb2,3,1341.658062,274.741569
dxb,3,489.647683,87.286429
cvy,3,582.133652,108.754450
dzf,3,1345.293551,275.479558
dxb2,3,299.161804,61.849714
dyb2,3,592.570721,101.273102
cvz,3,509.177145,101.668150
dzb3,3,1345.143367,275.479512
dxb3,3,298.636770,61.654680
dyb3,3,685.579633,113.904138
csxxsyyszz,3,1120.137406,190.187372
dyf2,3,462.124599,82.193813
dxf2,3,313.817054,62.999644
csxy,3,242.299787,55.415152
dzf2,3,2694.065417,460.095848
dyf3,3,463.752680,82.190561
csyz,3,387.186407,79.167301
dxf3,3,298.481433,62.200793
dzf3,3,1343.452930,276.373856
csxz,3,383.050340,80.091596
dxf,4,295.954569,61.418045
dzb,4,1342.530664,276.953505
dyb,4,599.324654,102.007223
cvx,4,417.259142,83.970288
dyf,4,460.593506,83.031822
dzb2,4,1343.985688,275.249636
dxb,4,489.873226,87.311046
cvy,4,582.193161,108.873109
dzf,4,1345.538577,275.577806
dxb2,4,299.129789,61.780983
dyb2,4,594.083743,101.285793
cvz,4,508.271238,101.609148
dzb3,4,1342.899147,275.306683
dxb3,4,298.430127,61.722063
dyb3,4,683.654126,113.833774
csxxsyyszz,4,1117.570903,189.652102
dyf2,4,463.926126,82.167051
dxf2,4,312.676857,62.737763
csxy,4,242.477878,55.428305
dzf2,4,2698.712787,459.870892
dyf3,4,463.521834,82.068657
csyz,4,387.006329,79.140056
dxf3,4,296.214495,61.237251
dzf3,4,1343.168421,276.397091
csxz,4,382.750820,80.092993
#========================= OptEWE [OpenMP] =========================
#Grid Size                                    :  1024 x 1024 x 1024
#Iterations                                   :  5
#Compute time                                 :  93.849487
#Total effective MLUPS                        :  57.205524
#===================================================================
#Number of threads                            :  16
