dxf,0,830.008782,128.931311
dzb,0,3222.269889,516.955047
dyb,0,899.648211,140.904402
cvx,0,1367.678240,208.072907
dyf,0,894.729081,140.221319
dzb2,0,2021.746432,370.925001
dxb,0,817.784590,129.061308
cvy,0,3163.853066,418.125414
dzf,0,2031.390712,372.606433
dxb2,0,949.319798,147.091159
dyb2,0,892.672439,140.163174
cvz,0,1596.933099,242.917952
dzb3,0,4483.020157,679.543250
dxb3,0,1056.514627,160.686334
dyb3,0,1081.331063,165.705245
csxxsyyszz,0,1535.942344,248.254295
dyf2,0,1081.379498,165.613066
dxf2,0,1054.704611,160.453677
csxy,0,758.409460,121.026804
dzf2,0,4482.678815,679.736018
dyf3,0,1081.635688,165.775022
csyz,0,997.371318,157.495185
dxf3,0,1056.977322,160.815774
dzf3,0,4483.739753,679.844773
csxz,0,1206.418061,186.088483
dxf,1,828.921740,129.193192
dzb,1,3208.964456,517.497238
dyb,1,901.170273,141.388298
cvx,1,1366.349837,208.683839
dyf,1,893.939402,140.384939
dzb2,1,2025.711390,372.405343
dxb,1,819.109610,129.525570
cvy,1,1364.484684,208.332133
dzf,1,2029.725544,373.434637
dxb2,1,947.705074,147.570484
dyb2,1,893.009360,140.465505
cvz,1,1595.708701,243.727886
dzb3,1,4479.529919,680.768320
dxb3,1,1055.451150,161.052405
dyb3,1,1081.544387,165.865263
csxxsyyszz,1,1540.364780,249.178845
dyf2,1,1080.651737,165.874544
dxf2,1,1056.077708,161.054591
csxy,1,756.214504,121.322543
dzf2,1,4451.954828,678.928717
dyf3,1,1079.764642,165.610771
csyz,1,997.566662,157.536517
dxf3,1,1054.811307,160.545323
dzf3,1,4481.222554,679.713879
csxz,1,1203.818052,185.897475
dxf,2,829.125693,129.265157
dzb,2,3221.606954,518.019366
dyb,2,900.169281,141.288775
cvx,2,1367.261817,208.301434
dyf,2,893.381636,140.251680
dzb2,2,2023.721811,371.552067
dxb,2,819.279892,129.277075
cvy,2,1365.853274,208.170471
dzf,2,2026.607138,373.835308
dxb2,2,948.990267,147.210738
dyb2,2,892.375640,140.204163
cvz,2,1596.447585,243.113211
dzb3,2,4481.158376,679.984154
dxb3,2,1054.739072,160.711367
dyb3,2,1080.675388,165.632850
csxxsyyszz,2,1531.534388,247.596055
dyf2,2,1081.598275,165.737204
dxf2,2,1055.246700,160.655316
csxy,2,757.488210,121.056019
dzf2,2,4481.895837,679.820501
dyf3,2,1081.244643,165.838139
csyz,2,995.599694,157.407853
dxf3,2,1056.787153,160.909949
dzf3,2,4463.530749,678.942246
csxz,2,1204.756418,185.931447
dxf,3,829.383813,129.242148
dzb,3,3222.876648,517.840615
dyb,3,901.520879,141.345342
cvx,3,1367.980948,208.314689
dyf,3,893.117675,140.304293
dzb2,3,2022.351064,372.118207
dxb,3,819.350032,129.672868
cvy,3,1365.229123,208.492928
dzf,3,2028.444707,373.356847
dxb2,3,948.309188,147.269668
dyb2,3,892.240913,140.244000
cvz,3,1595.970066,243.522840
dzb3,3,4466.781599,680.077728
dxb3,3,1054.609326,160.444424
dyb3,3,1080.053596,165.589082
csxxsyyszz,3,1535.903202,248.227358
dyf2,3,1081.569829,165.700139
dxf2,3,1055.409527,160.581005
csxy,3,757.174212,120.953090
dzf2,3,4482.344827,679.659383
dyf3,3,1080.403923,165.639921
csyz,3,996.157492,157.399243
dxf3,3,1055.444240,160.855390
dzf3,3,4483.784997,680.571813
csxz,3,1204.512604,186.022410
dxf,4,828.986650,129.462617
dzb,4,3220.858893,518.353591
dyb,4,901.185514,141.762815
cvx,4,1367.493016,208.493234
dyf,4,893.084803,140.119140
dzb2,4,2025.908295,371.699567
dxb,4,818.876295,129.261118
cvy,4,1365.293824,208.123158
dzf,4,2027.639773,372.600409
dxb2,4,948.109888,147.090388
dyb2,4,892.977063,140.273059
cvz,4,1596.547561,243.189130
dzb3,4,4480.404218,679.855339
dxb3,4,1056.822843,160.826732
dyb3,4,1081.177044,165.729187
csxxsyyszz,4,1535.673198,248.121495
dyf2,4,1080.319543,165.574566
dxf2,4,1056.342168,160.733240
csxy,4,756.298334,120.916685
dzf2,4,4482.625694,679.948021
dyf3,4,1080.606120,165.730844
csyz,4,997.053074,157.540121
dxf3,4,1054.826436,160.471586
dzf3,4,4482.376517,679.717169
csxz,4,1205.587257,186.052950
#========================= OptEWE [OpenMP] =========================
#Grid Size                                    :  1024 x 1024 x 1024
#Iterations                                   :  5
#Compute time                                 :  207.911667
#Total effective MLUPS                        :  25.822068
#===================================================================
#Number of threads                            :  12
