dxf,0,229.341685,49.932946
dzb,0,1041.923857,231.805326
dyb,0,353.794133,69.170987
cvx,0,315.151940,68.394804
dyf,0,351.835861,69.095254
dzb2,0,1042.192220,230.700697
dxb,0,232.182253,52.012420
cvy,0,3114.391353,438.902162
dzf,0,1042.245865,230.270566
dxb2,0,227.475558,51.265192
dyb2,0,352.439397,69.143580
cvz,0,326.888328,73.719296
dzb3,0,1039.427624,231.906182
dxb3,0,230.421007,51.746275
dyb3,0,353.388107,69.274893
csxxsyyszz,0,855.102285,157.727454
dyf2,0,353.421454,67.789344
dxf2,0,227.149164,49.750253
csxy,0,214.379190,51.258956
dzf2,0,1044.208452,232.684278
dyf3,0,352.448815,69.231798
csyz,0,257.857495,60.178860
dxf3,0,226.390615,51.297456
dzf3,0,1043.663514,232.720604
csxz,0,255.730975,61.509144
dxf,1,226.128336,51.255879
dzb,1,1039.962948,232.154365
dyb,1,353.830242,69.298523
cvx,1,315.245427,68.429886
dyf,1,351.555993,69.210344
dzb2,1,1041.186705,230.656790
dxb,1,231.999396,52.062082
cvy,1,313.599859,69.641567
dzf,1,1041.484043,232.298866
dxb2,1,227.483057,51.368454
dyb2,1,352.621588,69.246312
cvz,1,327.164415,73.813983
dzb3,1,1042.025322,232.533834
dxb3,1,230.041987,51.718420
dyb3,1,352.476832,69.150675
csxxsyyszz,1,860.766788,158.875502
dyf2,1,352.896486,67.758740
dxf2,1,226.814254,49.815074
csxy,1,214.703285,51.390249
dzf2,1,1041.145406,232.327898
dyf3,1,353.354805,69.552790
csyz,1,258.011414,60.204977
dxf3,1,226.667298,51.399543
dzf3,1,1041.770761,232.531493
csxz,1,255.739054,61.592560
dxf,2,225.604706,51.201210
dzb,2,1039.533754,232.211214
dyb,2,353.730879,69.347318
cvx,2,314.857593,68.459978
dyf,2,351.644865,69.201566
dzb2,2,1040.567109,230.684834
dxb,2,232.282558,52.146068
cvy,2,315.369920,69.982150
dzf,2,1041.223001,232.446041
dxb2,2,227.309963,51.394012
dyb2,2,354.160093,69.501554
cvz,2,326.821554,73.774733
dzb3,2,1039.727218,232.335206
dxb3,2,230.005544,51.850510
dyb3,2,353.249936,69.506525
csxxsyyszz,2,853.011073,157.915167
dyf2,2,353.056528,67.759378
dxf2,2,227.033375,49.832709
csxy,2,214.612099,51.377738
dzf2,2,1041.153035,232.453880
dyf3,2,352.529697,69.196897
csyz,2,257.870198,60.201115
dxf3,2,227.441231,51.549951
dzf3,2,1041.575724,232.586575
csxz,2,256.145549,61.733682
dxf,3,226.107540,51.279429
dzb,3,1039.900551,232.377560
dyb,3,355.821335,69.730764
cvx,3,314.944358,68.498527
dyf,3,352.634979,69.442567
dzb2,3,1042.686106,231.211269
dxb,3,231.946506,52.130474
cvy,3,313.669722,69.759522
dzf,3,1041.096013,232.620571
dxb2,3,227.465155,51.400667
dyb2,3,353.519262,69.631841
cvz,3,327.070880,73.847930
dzb3,3,1040.352891,232.571407
dxb3,3,230.124735,51.886927
dyb3,3,352.586246,69.294899
csxxsyyszz,3,849.292129,157.103446
dyf2,3,352.857088,67.781577
dxf2,3,227.092734,49.900404
csxy,3,214.644755,51.432261
dzf2,3,1040.822266,232.601171
dyf3,3,352.419806,69.441384
csyz,3,257.859698,60.304446
dxf3,3,226.856008,51.477159
dzf3,3,1043.471030,233.011818
csxz,3,255.739965,61.654103
dxf,4,225.605578,51.316572
dzb,4,1041.067893,232.607051
dyb,4,353.977366,69.474662
cvx,4,314.896813,68.525307
dyf,4,351.617667,69.301425
dzb2,4,1040.768304,230.942186
dxb,4,232.045013,52.144678
cvy,4,313.646026,69.774042
dzf,4,1041.193148,232.636160
dxb2,4,227.525253,51.428654
dyb2,4,352.451670,69.290852
cvz,4,326.880708,73.872298
dzb3,4,1040.390772,233.280666
dxb3,4,230.275069,52.037574
dyb3,4,353.421196,69.708471
csxxsyyszz,4,852.263367,158.741034
dyf2,4,353.084413,68.119928
dxf2,4,227.169178,50.079766
csxy,4,214.554282,51.587887
dzf2,4,1042.908810,233.550756
dyf3,4,352.536744,69.327494
csyz,4,258.060694,60.259156
dxf3,4,227.228109,51.511817
dzf3,4,1041.183642,232.636157
csxz,4,255.746284,61.755175
#========================= OptEWE [OpenMP] =========================
#Grid Size                                    :  1024 x 1024 x 1024
#Iterations                                   :  5
#Compute time                                 :  64.174690
#Total effective MLUPS                        :  83.657733
#===================================================================
#Number of threads                            :  21
