dxf,0,297.458227,59.968920
dzb,0,1342.070558,275.249153
dyb,0,597.554815,101.541669
cvx,0,417.122493,83.715064
dyf,0,460.738107,82.714954
dzb2,0,1342.640007,274.699493
dxb,0,489.410018,87.151737
cvy,0,2911.734646,394.723954
dzf,0,1346.232291,275.413478
dxb2,0,298.406836,61.536710
dyb2,0,593.132561,100.930100
cvz,0,509.596280,101.574079
dzb3,0,1342.524620,274.630061
dxb3,0,297.255489,61.364865
dyb3,0,683.128828,113.606939
csxxsyyszz,0,1117.170825,189.361324
dyf2,0,462.120752,81.910777
dxf2,0,313.514700,62.787538
csxy,0,243.073188,55.343547
dzf2,0,2696.808493,459.780847
dyf3,0,462.967833,81.920110
csyz,0,391.502992,79.341865
dxf3,0,295.519824,60.946111
dzf3,0,1343.633688,276.185521
csxz,0,385.927132,80.424420
dxf,1,295.696335,61.070501
dzb,1,1342.334609,275.914050
dyb,1,597.088953,101.575270
cvx,1,417.630174,83.852088
dyf,1,460.598582,82.819386
dzb2,1,1341.870837,274.501379
dxb,1,489.536201,87.187666
cvy,1,583.771964,108.783907
dzf,1,1346.602889,275.434852
dxb2,1,298.782757,61.594562
dyb2,1,593.096333,101.030095
cvz,1,509.349844,101.572928
dzb3,1,1342.662858,274.820303
dxb3,1,297.414668,61.374226
dyb3,1,683.659556,113.744355
csxxsyyszz,1,1117.358213,189.429532
dyf2,1,462.315663,81.850919
dxf2,1,313.447876,62.821421
csxy,1,244.235130,55.871515
dzf2,1,2698.463829,460.658746
dyf3,1,463.166459,81.947467
csyz,1,391.159684,79.332507
dxf3,1,295.761124,60.991270
dzf3,1,1343.685581,276.211048
csxz,1,386.223842,80.317386
dxf,2,295.394550,60.987162
dzb,2,1342.213791,275.991955
dyb,2,597.732840,101.718485
cvx,2,416.969796,83.769280
dyf,2,460.512656,82.896263
dzb2,2,1342.366663,274.674031
dxb,2,489.469693,87.206724
cvy,2,581.505612,108.558766
dzf,2,1347.147321,275.523826
dxb2,2,298.642799,61.570935
dyb2,2,595.058509,101.348454
cvz,2,508.944569,101.612153
dzb3,2,1342.688226,274.951622
dxb3,2,297.379871,61.427963
dyb3,2,683.430079,113.846229
csxxsyyszz,2,1123.778522,190.491443
dyf2,2,462.364409,81.935530
dxf2,2,313.391935,62.757853
csxy,2,242.960071,55.408462
dzf2,2,2697.374535,459.943197
dyf3,2,463.056275,81.950876
csyz,2,391.172769,79.394260
dxf3,2,295.399935,60.854250
dzf3,2,1346.994595,276.744929
csxz,2,386.572910,80.394336
dxf,3,295.323991,60.987883
dzb,3,1344.337703,277.351168
dyb,3,597.552119,102.165698
cvx,3,419.086293,84.372471
dyf,3,460.521020,83.030343
dzb2,3,1341.902273,274.819680
dxb,3,488.860319,87.210559
cvy,3,581.346261,108.753504
dzf,3,1345.906027,275.667926
dxb2,3,298.535787,61.631965
dyb2,3,593.180774,101.129468
cvz,3,509.901382,101.839826
dzb3,3,1346.297459,275.742162
dxb3,3,297.555743,61.502357
dyb3,3,683.050922,113.821584
csxxsyyszz,3,1107.841991,188.257088
dyf2,3,462.278061,81.979009
dxf2,3,312.977000,62.808577
csxy,3,242.834275,55.412491
dzf2,3,2701.506993,459.825737
dyf3,3,463.129203,81.947971
csyz,3,391.518788,79.361504
dxf3,3,295.255829,60.987103
dzf3,3,1343.348955,276.279806
csxz,3,386.630738,80.364136
dxf,4,296.741962,61.217591
dzb,4,1344.179327,276.532933
dyb,4,597.682603,101.739371
cvx,4,418.022018,83.958600
dyf,4,460.525216,82.956463
dzb2,4,1341.818485,274.732582
dxb,4,489.044562,87.241041
cvy,4,581.504733,108.691635
dzf,4,1345.751604,275.514785
dxb2,4,298.511970,61.625805
dyb2,4,594.694941,101.432404
cvz,4,508.863000,101.928250
dzb3,4,1345.222976,275.683943
dxb3,4,297.400336,61.463895
dyb3,4,684.558516,114.034249
csxxsyyszz,4,1116.396854,189.502245
dyf2,4,462.343068,81.889275
dxf2,4,313.446632,62.854133
csxy,4,243.106077,55.387873
dzf2,4,2696.690112,460.273041
dyf3,4,463.481553,82.073486
csyz,4,391.774335,79.447945
dxf3,4,295.427478,61.054016
dzf3,4,1343.598565,276.508582
csxz,4,385.843984,80.524886
#========================= OptEWE [OpenMP] =========================
#Grid Size                                    :  1024 x 1024 x 1024
#Iterations                                   :  5
#Compute time                                 :  93.907639
#Total effective MLUPS                        :  57.170100
#===================================================================
#Number of threads                            :  16
