dxf,0,229.299342,50.000904
dzb,0,1021.638887,228.734879
dyb,0,352.995239,69.229818
cvx,0,315.368582,68.439582
dyf,0,353.110003,69.293236
dzb2,0,1024.024839,227.826308
dxb,0,231.230397,51.962084
cvy,0,3107.102883,439.063158
dzf,0,1025.979748,227.878638
dxb2,0,230.931787,51.989513
dyb2,0,353.112558,69.414716
cvz,0,327.112499,73.866151
dzb3,0,1022.058757,229.287498
dxb3,0,229.483429,51.876168
dyb3,0,351.993012,69.255994
csxxsyyszz,0,852.589479,157.901015
dyf2,0,353.287521,67.874492
dxf2,0,227.497275,49.906220
csxy,0,214.601511,51.382034
dzf2,0,1025.402503,229.873494
dyf3,0,352.893164,69.580636
csyz,0,258.314233,60.349158
dxf3,0,226.872001,51.424692
dzf3,0,1025.512404,230.095970
csxz,0,255.710709,61.726151
dxf,1,225.769152,51.304547
dzb,1,1022.297128,229.641972
dyb,1,353.504244,69.519720
cvx,1,315.732419,68.680265
dyf,1,351.703225,69.314925
dzb2,1,1026.303077,228.679763
dxb,1,231.077932,52.042865
cvy,1,313.742897,69.820616
dzf,1,1024.178755,229.879586
dxb2,1,230.417466,51.973166
dyb2,1,353.000081,69.474392
cvz,1,327.018363,73.923791
dzb3,1,1022.254696,229.612225
dxb3,1,228.789893,51.819542
dyb3,1,352.194907,69.407889
csxxsyyszz,1,856.099600,158.132468
dyf2,1,353.121415,67.853770
dxf2,1,227.251360,49.925584
csxy,1,214.378349,51.397704
dzf2,1,1024.989641,230.037240
dyf3,1,352.920582,69.675643
csyz,1,258.449217,60.345157
dxf3,1,226.658998,51.429224
dzf3,1,1027.368954,230.428417
csxz,1,256.026109,61.748683
dxf,2,225.975073,51.400742
dzb,2,1024.864440,230.067827
dyb,2,353.334614,69.462597
cvx,2,315.757971,68.745589
dyf,2,351.744284,69.322021
dzb2,2,1025.175328,228.497924
dxb,2,231.015638,52.082995
cvy,2,313.830818,69.820381
dzf,2,1024.630948,229.961733
dxb2,2,230.472047,51.989203
dyb2,2,352.116506,69.382989
cvz,2,326.853907,73.905354
dzb3,2,1022.931679,229.796127
dxb3,2,228.875306,51.844360
dyb3,2,352.260752,69.342502
csxxsyyszz,2,852.246268,157.886975
dyf2,2,353.264889,67.927612
dxf2,2,227.294988,49.968916
csxy,2,214.644161,51.431746
dzf2,2,1025.111727,230.087669
dyf3,2,351.974269,69.474659
csyz,2,259.260370,60.566722
dxf3,2,226.981206,51.506564
dzf3,2,1025.210290,230.118651
csxz,2,255.930868,61.792863
dxf,3,226.351149,51.400448
dzb,3,1023.522037,229.899645
dyb,3,353.293543,69.490226
cvx,3,315.278184,68.662017
dyf,3,351.554687,69.477861
dzb2,3,1025.238611,228.623213
dxb,3,231.049830,52.121816
cvy,3,313.950954,69.891336
dzf,3,1024.239766,230.018315
dxb2,3,230.668670,52.059780
dyb2,3,352.313782,69.412531
cvz,3,326.962908,73.958285
dzb3,3,1022.994573,229.985084
dxb3,3,228.842288,51.749822
dyb3,3,352.389392,69.414114
csxxsyyszz,3,852.366484,158.118221
dyf2,3,354.818794,68.152615
dxf2,3,227.184602,49.920219
csxy,3,214.709556,51.454249
dzf2,3,1024.571513,230.045258
dyf3,3,352.043523,69.557061
csyz,3,258.358992,60.440725
dxf3,3,226.987852,51.582490
dzf3,3,1025.192587,230.155605
csxz,3,255.764031,61.782189
dxf,4,225.929704,51.407218
dzb,4,1022.573978,229.783801
dyb,4,353.187930,69.489102
cvx,4,315.652604,68.673981
dyf,4,351.737274,69.293985
dzb2,4,1024.819134,228.586227
dxb,4,231.294968,52.135051
cvy,4,313.759331,69.820040
dzf,4,1025.790768,230.321984
dxb2,4,230.731180,52.109567
dyb2,4,352.374031,69.423779
cvz,4,326.762218,73.999686
dzb3,4,1024.600474,230.175842
dxb3,4,228.891487,51.774756
dyb3,4,352.440532,69.366443
csxxsyyszz,4,852.266075,158.141259
dyf2,4,353.339786,67.972247
dxf2,4,227.219783,49.950646
csxy,4,214.586742,51.439098
dzf2,4,1024.829340,230.052456
dyf3,4,352.902553,69.609030
csyz,4,258.338465,60.422633
dxf3,4,226.750867,51.462749
dzf3,4,1025.605894,230.275730
csxz,4,255.887098,61.984366
#========================= OptEWE [OpenMP] =========================
#Grid Size                                    :  1024 x 1024 x 1024
#Iterations                                   :  5
#Compute time                                 :  63.658596
#Total effective MLUPS                        :  84.335965
#===================================================================
#Number of threads                            :  21
