dxf,0,827.092810,128.530120
dzb,0,3209.793039,515.507893
dyb,0,899.650792,141.027622
cvx,0,1362.409795,207.511287
dyf,0,891.203903,139.745359
dzb2,0,2021.400183,370.706973
dxb,0,815.830226,128.688852
cvy,0,3147.217226,416.276310
dzf,0,2030.507110,373.523490
dxb2,0,946.461966,146.614742
dyb2,0,891.789005,139.895027
cvz,0,1591.900882,242.156673
dzb3,0,4465.714425,677.424843
dxb3,0,1052.687582,160.232354
dyb3,0,1080.453386,165.485237
csxxsyyszz,0,1551.749717,250.101106
dyf2,0,1077.260331,165.105367
dxf2,0,1052.510507,160.214389
csxy,0,753.805955,120.434351
dzf2,0,4462.968304,677.166818
dyf3,0,1077.565798,165.313095
csyz,0,992.908330,156.932454
dxf3,0,1052.072031,160.252950
dzf3,0,4465.257026,677.869382
csxz,0,1199.650359,185.059673
dxf,1,825.465928,128.764572
dzb,1,3209.034924,516.517818
dyb,1,898.851732,141.116223
cvx,1,1362.797636,208.019839
dyf,1,891.381249,140.074246
dzb2,1,2024.132434,371.706910
dxb,1,816.106293,128.736774
cvy,1,1361.493289,207.555052
dzf,1,2029.114795,372.784520
dxb2,1,946.463716,146.865357
dyb2,1,891.170932,140.031591
cvz,1,1591.506303,242.381134
dzb3,1,4466.676211,677.733748
dxb3,1,1055.725051,160.814912
dyb3,1,1079.630311,165.462704
csxxsyyszz,1,1552.352377,250.542824
dyf2,1,1078.794887,165.460411
dxf2,1,1053.069123,160.330269
csxy,1,754.070853,120.474785
dzf2,1,4463.867270,677.550051
dyf3,1,1076.587059,165.066358
csyz,1,992.310815,157.793638
dxf3,1,1052.076249,161.448034
dzf3,1,4466.576091,683.859098
csxz,1,1199.210842,186.762605
dxf,2,826.091273,129.880401
dzb,2,3210.020263,520.410405
dyb,2,899.136793,142.407397
cvx,2,1346.139244,208.631231
dyf,2,891.003519,141.015022
dzb2,2,2023.531862,374.006636
dxb,2,816.009334,129.808078
cvy,2,1361.922508,209.358360
dzf,2,2027.396422,373.979565
dxb2,2,945.593454,147.942186
dyb2,2,891.017512,141.143082
cvz,2,1591.940488,244.500767
dzb3,2,4465.785868,683.500281
dxb3,2,1052.933405,161.634889
dyb3,2,1078.698665,166.751578
csxxsyyszz,2,1534.526898,250.089665
dyf2,2,1076.862173,166.500319
dxf2,2,1051.966938,161.573326
csxy,2,754.906042,121.526639
dzf2,2,4449.095509,682.575048
dyf3,2,1076.405382,166.439927
csyz,2,991.288381,157.982838
dxf3,2,1051.209056,161.482378
dzf3,2,4464.677680,683.095168
csxz,2,1197.807387,186.541388
dxf,3,825.594457,129.800391
dzb,3,3209.216089,520.322005
dyb,3,898.083325,142.188665
cvx,3,1362.768208,209.752027
dyf,3,890.511671,141.107660
dzb2,3,2025.540499,374.943950
dxb,3,816.390355,129.929694
cvy,3,1360.273945,209.269077
dzf,3,2038.863804,377.039878
dxb2,3,948.815924,146.983443
dyb2,3,892.089524,139.947912
cvz,3,1591.511910,242.898005
dzb3,3,4464.730459,677.490964
dxb3,3,1053.728834,160.284637
dyb3,3,1078.500168,165.239828
csxxsyyszz,3,1549.796361,249.750776
dyf2,3,1077.807176,165.158962
dxf2,3,1052.375482,160.251371
csxy,3,754.356043,120.503635
dzf2,3,4463.486477,677.189979
dyf3,3,1078.114769,165.275863
csyz,3,991.791449,156.769214
dxf3,3,1052.032914,160.219917
dzf3,3,4451.142747,677.305625
csxz,3,1198.539184,184.962682
dxf,4,825.111795,128.688628
dzb,4,3208.154328,515.835473
dyb,4,898.661862,141.057457
cvx,4,1362.218401,207.492248
dyf,4,892.465054,140.396404
dzb2,4,2023.998065,372.109161
dxb,4,816.108697,129.240611
cvy,4,1360.558755,207.537150
dzf,4,2026.582237,372.391097
dxb2,4,946.532501,146.829103
dyb2,4,891.652391,140.071922
cvz,4,1592.300838,242.513705
dzb3,4,4468.570079,677.513306
dxb3,4,1053.614936,160.296024
dyb3,4,1078.078240,165.238445
csxxsyyszz,4,1552.705408,250.272950
dyf2,4,1078.493509,165.251540
dxf2,4,1054.141167,160.409511
csxy,4,753.778996,120.460495
dzf2,4,4464.769163,677.368372
dyf3,4,1077.696463,165.142746
csyz,4,991.606732,156.679726
dxf3,4,1052.069235,160.347849
dzf3,4,4459.495257,677.801776
csxz,4,1199.448780,185.394678
#========================= OptEWE [OpenMP] =========================
#Grid Size                                    :  1024 x 1024 x 1024
#Iterations                                   :  5
#Compute time                                 :  207.389847
#Total effective MLUPS                        :  25.887039
#===================================================================
#Number of threads                            :  12
