dxf,0,297.536816,59.927172
dzb,0,1343.831225,275.395847
dyb,0,599.062897,101.640836
cvx,0,419.498916,84.633904
dyf,0,461.880985,83.734506
dzb2,0,1346.220069,275.183903
dxb,0,491.120220,87.086172
cvy,0,2925.738878,395.325087
dzf,0,1346.921265,274.625548
dxb2,0,298.227893,61.464146
dyb2,0,596.040601,101.390192
cvz,0,508.210371,101.261038
dzb3,0,1342.044881,274.411974
dxb3,0,299.405558,61.626068
dyb3,0,685.232272,113.655669
csxxsyyszz,0,1117.507574,189.212053
dyf2,0,462.599421,81.989514
dxf2,0,312.843053,62.670731
csxy,0,242.548920,55.254556
dzf2,0,2698.309519,458.817666
dyf3,0,465.027149,82.150479
csyz,0,386.344170,78.789564
dxf3,0,295.906172,61.190555
dzf3,0,1343.516392,275.784826
csxz,0,381.744652,79.668138
dxf,1,295.479509,61.108046
dzb,1,1343.496888,275.851369
dyb,1,599.626918,101.650603
cvx,1,417.495268,83.753011
dyf,1,463.185177,83.302358
dzb2,1,1342.202610,274.270583
dxb,1,488.988712,87.060197
cvy,1,581.551567,108.685676
dzf,1,1347.204840,275.534092
dxb2,1,298.245070,61.939907
dyb2,1,595.114534,101.586273
cvz,1,508.011933,101.321981
dzb3,1,1342.589180,274.663121
dxb3,1,299.421955,61.649338
dyb3,1,684.565867,113.564335
csxxsyyszz,1,1121.387589,189.790101
dyf2,1,464.040477,82.042180
dxf2,1,312.528692,62.570059
csxy,1,242.630157,55.286363
dzf2,1,2695.327929,459.168764
dyf3,1,463.803633,81.962952
csyz,1,385.902906,78.781528
dxf3,1,295.178591,61.041589
dzf3,1,1343.541281,275.908182
csxz,1,381.771764,79.685260
dxf,2,295.907993,61.251334
dzb,2,1342.075023,275.722516
dyb,2,598.538249,101.709103
cvx,2,417.586320,83.862219
dyf,2,460.227003,82.803876
dzb2,2,1342.931367,274.524416
dxb,2,491.140724,87.227039
cvy,2,580.302853,108.404334
dzf,2,1350.329968,275.761692
dxb2,2,298.292860,61.423346
dyb2,2,594.727350,101.202061
cvz,2,508.079250,101.318596
dzb3,2,1342.561120,274.555240
dxb3,2,299.226943,61.647956
dyb3,2,684.972376,113.609431
csxxsyyszz,2,1120.785251,189.651194
dyf2,2,464.177344,82.048448
dxf2,2,312.371135,62.522474
csxy,2,242.386839,55.302568
dzf2,2,2694.676050,461.549469
dyf3,2,464.110359,81.937760
csyz,2,386.047681,78.788424
dxf3,2,295.366437,60.973526
dzf3,2,1345.613880,276.221956
csxz,2,382.210227,79.785263
dxf,3,295.590057,61.190748
dzb,3,1344.324630,276.180302
dyb,3,598.728050,101.723893
cvx,3,418.258018,83.898573
dyf,3,461.566558,83.226280
dzb2,3,1345.321549,274.946339
dxb,3,490.232849,87.091557
cvy,3,581.112702,108.430469
dzf,3,1347.774493,275.398078
dxb2,3,298.525406,61.520363
dyb2,3,594.731990,101.064271
cvz,3,507.893775,101.341768
dzb3,3,1357.488227,278.010885
dxb3,3,299.481018,61.613368
dyb3,3,684.084946,113.581907
csxxsyyszz,3,1117.509775,189.347621
dyf2,3,462.160414,81.701667
dxf2,3,312.710342,62.629954
csxy,3,242.414914,55.269606
dzf2,3,2694.324369,459.232137
dyf3,3,463.499106,81.929321
csyz,3,386.004874,78.809658
dxf3,3,295.846751,61.227700
dzf3,3,1343.719516,276.029703
csxz,3,381.524591,79.689702
dxf,4,296.904478,61.325220
dzb,4,1341.433679,275.765871
dyb,4,599.968749,103.823292
cvx,4,418.194936,85.150834
dyf,4,460.262811,82.837964
dzb2,4,1342.048356,274.587555
dxb,4,489.317541,87.147850
cvy,4,579.000802,108.466480
dzf,4,1344.995121,275.089342
dxb2,4,298.422238,61.480575
dyb2,4,595.253496,101.060979
cvz,4,509.606592,101.608047
dzb3,4,1342.483967,274.727999
dxb3,4,299.346286,61.688207
dyb3,4,685.191441,113.615111
csxxsyyszz,4,1115.656087,189.100331
dyf2,4,462.034094,81.760242
dxf2,4,312.710145,62.689295
csxy,4,242.466603,55.290210
dzf2,4,2693.312176,459.785104
dyf3,4,465.257775,82.103674
csyz,4,386.101923,78.816411
dxf3,4,295.810199,61.062395
dzf3,4,1343.063534,275.927778
csxz,4,381.947720,79.843530
#========================= OptEWE [OpenMP] =========================
#Grid Size                                    :  1024 x 1024 x 1024
#Iterations                                   :  5
#Compute time                                 :  93.921509
#Total effective MLUPS                        :  57.161657
#===================================================================
#Number of threads                            :  16
