dxf,0,265.222557,55.339505
dzb,0,1195.301673,254.306416
dyb,0,412.079670,77.289571
cvx,0,364.563763,75.045225
dyf,0,409.340185,76.855361
dzb2,0,1196.941337,253.256869
dxb,0,265.814595,56.967700
cvy,0,2957.034297,410.389806
dzf,0,1195.304055,252.747510
dxb2,0,264.900276,56.849490
dyb2,0,410.827726,76.714597
cvz,0,391.253027,83.920288
dzb3,0,1191.879040,254.243753
dxb3,0,265.187531,56.963795
dyb3,0,415.858488,77.699467
csxxsyyszz,0,982.313769,172.374349
dyf2,0,413.010983,75.756786
dxf2,0,299.203859,60.959678
csxy,0,240.827195,54.959228
dzf2,0,2538.520940,438.314606
dyf3,0,411.859925,75.332469
csyz,0,382.009079,78.541288
dxf3,0,262.340252,56.356573
dzf3,0,1193.928235,254.441212
csxz,0,379.829292,79.986589
dxf,1,262.588629,56.462273
dzb,1,1192.967044,254.390974
dyb,1,411.834315,76.980108
cvx,1,364.859896,74.913037
dyf,1,409.572864,76.848349
dzb2,1,1195.258052,253.257900
dxb,1,265.616455,57.019371
cvy,1,442.430624,90.851856
dzf,1,1197.100523,254.294871
dxb2,1,265.084527,57.003597
dyb2,1,412.337010,77.139513
cvz,1,391.337629,84.111574
dzb3,1,1191.685882,254.430423
dxb3,1,265.388751,57.519904
dyb3,1,415.732379,78.400196
csxxsyyszz,1,989.544553,173.925681
dyf2,1,410.859871,75.290817
dxf2,1,299.134917,60.998801
csxy,1,241.165284,55.036174
dzf2,1,2542.354385,437.353149
dyf3,1,413.235851,75.679165
csyz,1,382.603017,78.669007
dxf3,1,262.646641,56.295421
dzf3,1,1196.333451,255.099253
csxz,1,378.842958,80.079673
dxf,2,263.144209,56.678530
dzb,2,1193.500051,254.863065
dyb,2,412.110142,77.109638
cvx,2,364.775129,74.721467
dyf,2,409.288403,76.749789
dzb2,2,1194.612903,253.361933
dxb,2,267.740687,57.412087
cvy,2,441.759362,90.777059
dzf,2,1194.611092,254.044380
dxb2,2,265.198142,57.089858
dyb2,2,410.565213,76.891538
cvz,2,391.152061,84.116602
dzb3,2,1191.622565,254.564484
dxb3,2,265.187956,57.076616
dyb3,2,415.835655,77.842289
csxxsyyszz,2,1000.003682,175.269478
dyf2,2,410.844602,75.665209
dxf2,2,300.301921,61.222561
csxy,2,240.977825,55.027833
dzf2,2,2542.596582,437.443661
dyf3,2,411.780235,75.340950
csyz,2,381.940592,78.539773
dxf3,2,262.509956,56.424600
dzf3,2,1193.747141,254.754124
csxz,2,378.998713,80.107983
dxf,3,262.742209,56.632514
dzb,3,1194.984483,255.083594
dyb,3,412.019091,77.417539
cvx,3,364.507149,74.925015
dyf,3,409.246451,77.031930
dzb2,3,1196.603610,253.983979
dxb,3,265.635609,57.190748
cvy,3,441.564857,90.901057
dzf,3,1195.245680,254.377631
dxb2,3,265.131347,57.172545
dyb2,3,410.580916,77.038232
cvz,3,391.594861,84.218675
dzb3,3,1191.767162,254.610608
dxb3,3,265.316396,57.076561
dyb3,3,415.726762,77.850068
csxxsyyszz,3,982.670528,172.964614
dyf2,3,410.745017,75.578327
dxf2,3,299.564377,61.124567
csxy,3,240.888060,55.036326
dzf2,3,2540.140269,438.163068
dyf3,3,411.768756,75.529031
csyz,3,382.416526,78.714813
dxf3,3,262.541838,56.381480
dzf3,3,1195.770889,255.161218
csxz,3,379.259754,80.176854
dxf,4,262.556048,56.591145
dzb,4,1193.131770,254.781801
dyb,4,412.046625,77.151001
cvx,4,364.417472,74.681310
dyf,4,409.135253,76.819124
dzb2,4,1193.875609,253.266592
dxb,4,265.473596,57.263871
cvy,4,441.160708,90.768689
dzf,4,1194.179220,253.923583
dxb2,4,264.998142,57.055294
dyb2,4,410.591874,76.966043
cvz,4,391.081066,84.175346
dzb3,4,1194.036713,255.009446
dxb3,4,265.326691,57.212805
dyb3,4,415.697381,77.811918
csxxsyyszz,4,990.930375,173.986567
dyf2,4,410.875018,75.497410
dxf2,4,299.490529,61.145691
csxy,4,240.908638,55.050609
dzf2,4,2539.986760,438.426344
dyf3,4,411.973342,75.537255
csyz,4,382.675917,78.746281
dxf3,4,262.723749,56.550042
dzf3,4,1194.376090,254.941492
csxz,4,379.549552,80.089861
#========================= OptEWE [OpenMP] =========================
#Grid Size                                    :  1024 x 1024 x 1024
#Iterations                                   :  5
#Compute time                                 :  81.490913
#Total effective MLUPS                        :  65.881077
#===================================================================
#Number of threads                            :  18
