dxf,0,492.664102,80.649560
dzb,0,2906.601066,443.511154
dyb,0,943.079331,132.195892
cvx,0,933.105263,134.536186
dyf,0,938.915410,130.950104
dzb2,0,2904.827122,433.861809
dxb,0,509.885240,82.194796
cvy,0,3457.256358,423.761393
dzf,0,2913.111616,435.500557
dxb2,0,517.242193,83.055366
dyb2,0,938.762856,132.104029
cvz,0,942.365279,146.120770
dzb3,0,2905.634127,436.209561
dxb3,0,526.093370,84.205327
dyb3,0,949.019757,136.499549
csxxsyyszz,0,2556.315702,333.379960
dyf2,0,941.927860,131.909976
dxf2,0,511.877510,82.640402
csxy,0,419.412428,74.926260
dzf2,0,3979.542789,589.915972
dyf3,0,946.282024,132.194996
csyz,0,498.210565,89.632438
dxf3,0,488.542187,81.938119
dzf3,0,2897.195643,437.092020
csxz,0,488.815114,88.696872
dxf,1,487.669698,81.985227
dzb,1,2899.470016,435.619372
dyb,1,944.221928,132.008161
cvx,1,934.382875,134.141215
dyf,1,938.453232,131.134360
dzb2,1,2900.460639,435.770962
dxb,1,508.710424,82.230170
cvy,1,937.272571,138.811911
dzf,1,2903.708308,437.227991
dxb2,1,518.315399,83.257025
dyb2,1,938.135227,132.653565
cvz,1,941.049624,145.969467
dzb3,1,2905.904583,436.998132
dxb3,1,524.928344,84.303141
dyb3,1,948.261458,136.555261
csxxsyyszz,1,2552.235938,333.871725
dyf2,1,943.241471,132.053428
dxf2,1,509.098903,82.181612
csxy,1,419.516497,75.138542
dzf2,1,3995.646276,587.932543
dyf3,1,944.580521,132.307919
csyz,1,498.300153,89.620900
dxf3,1,488.674295,82.113361
dzf3,1,2906.856171,435.957317
csxz,1,490.611263,88.957692
dxf,2,487.387629,81.970823
dzb,2,2903.475795,436.360417
dyb,2,943.222131,132.180850
cvx,2,936.006231,134.460086
dyf,2,939.305944,131.670651
dzb2,2,2900.973703,437.214937
dxb,2,510.830186,82.449811
cvy,2,938.689880,139.239037
dzf,2,2909.927563,436.347925
dxb2,2,516.393330,83.176085
dyb2,2,937.733203,132.549059
cvz,2,942.232723,145.813255
dzb3,2,2903.746400,436.308127
dxb3,2,524.824856,84.190984
dyb3,2,950.122385,136.632735
csxxsyyszz,2,2554.011313,335.704844
dyf2,2,956.708578,135.409712
dxf2,2,519.196732,84.517453
csxy,2,427.633280,77.217336
dzf2,2,4052.207421,601.052846
dyf3,2,956.824255,136.090019
csyz,2,506.089437,91.752493
dxf3,2,500.709113,84.746013
dzf3,2,2955.981446,455.362707
csxz,2,498.822718,90.951466
dxf,3,496.666200,84.385380
dzb,3,2940.824883,452.063724
dyb,3,957.280002,135.207187
cvx,3,947.521185,138.383019
dyf,3,956.492418,135.434655
dzb2,3,2954.234536,452.155653
dxb,3,518.452222,84.541983
cvy,3,951.287796,142.605948
dzf,3,2952.602603,451.850138
dxb2,3,518.578637,84.625300
dyb2,3,953.204761,135.980145
cvz,3,959.738197,150.305134
dzb3,3,2954.579181,452.836600
dxb3,3,525.955467,85.366088
dyb3,3,964.194343,139.920216
csxxsyyszz,3,2604.105853,348.342867
dyf2,3,954.857626,142.503258
dxf2,3,516.657134,85.667087
csxy,3,429.148442,77.399558
dzf2,3,4054.375544,601.293816
dyf3,3,956.516656,135.864176
csyz,3,506.437376,92.016329
dxf3,3,501.830123,85.280440
dzf3,3,2953.877047,454.170330
csxz,3,497.973201,90.946345
dxf,4,498.216591,84.666801
dzb,4,2950.742822,453.927215
dyb,4,956.212463,136.071376
cvx,4,940.175551,136.697105
dyf,4,942.955449,132.549416
dzb2,4,2906.874055,436.225022
dxb,4,510.410564,82.543579
cvy,4,939.213993,139.755612
dzf,4,2914.620455,440.636302
dxb2,4,516.760398,89.047890
dyb2,4,938.576874,132.848813
cvz,4,942.131490,146.260546
dzb3,4,2903.831628,437.006532
dxb3,4,524.810696,84.445506
dyb3,4,949.810258,136.790401
csxxsyyszz,4,2572.926075,338.561553
dyf2,4,941.464362,131.812495
dxf2,4,509.296977,82.434473
csxy,4,419.403510,75.167742
dzf2,4,3991.764659,588.066619
dyf3,4,941.084293,132.107573
csyz,4,498.257649,89.788268
dxf3,4,488.967578,82.708864
dzf3,4,2908.896385,437.368179
csxz,4,488.985301,89.017412
#========================= OptEWE [OpenMP] =========================
#Grid Size                                    :  1024 x 1024 x 1024
#Iterations                                   :  5
#Compute time                                 :  173.283875
#Total effective MLUPS                        :  30.982162
#===================================================================
#Number of threads                            :  7
