dxf,0,551.056758,85.948908
dzb,0,3363.373541,477.613274
dyb,0,1080.949688,148.302772
cvx,0,1082.437702,155.101511
dyf,0,1073.339014,145.811104
dzb2,0,3373.148538,478.060589
dxb,0,574.064983,87.714461
cvy,0,3723.421795,449.292052
dzf,0,3370.981169,478.550103
dxb2,0,585.524422,89.228009
dyb2,0,1074.324394,146.678973
cvz,0,1095.271296,158.177838
dzb3,0,3371.224419,480.198073
dxb3,0,570.394923,87.633026
dyb3,0,1097.702148,151.003335
csxxsyyszz,0,2997.408868,383.832488
dyf2,0,1078.245978,148.352166
dxf2,0,559.970332,90.810142
csxy,0,461.305220,80.502242
dzf2,0,4226.089433,612.560927
dyf3,0,1077.300517,146.490277
csyz,0,543.824207,95.760705
dxf3,0,543.494303,86.864473
dzf3,0,3361.948561,478.138576
csxz,0,530.895855,93.908189
dxf,1,541.655827,86.669045
dzb,1,3371.459254,481.230942
dyb,1,1080.445919,146.881102
cvx,1,1083.187774,148.216148
dyf,1,1081.484283,146.649839
dzb2,1,3376.657428,479.705130
dxb,1,573.666136,87.814440
cvy,1,1083.517612,156.756658
dzf,1,3367.094651,483.621194
dxb2,1,585.370717,89.079435
dyb2,1,1076.102044,146.048656
cvz,1,1095.167575,157.774634
dzb3,1,3370.313159,478.171038
dxb3,1,570.797874,87.347914
dyb3,1,1100.360688,150.929143
csxxsyyszz,1,2996.501650,382.966619
dyf2,1,1078.980958,145.957397
dxf2,1,562.065873,88.326432
csxy,1,461.645847,80.487777
dzf2,1,4228.984148,612.496230
dyf3,1,1076.401895,145.983883
csyz,1,545.823638,95.676919
dxf3,1,546.020593,87.034983
dzf3,1,3379.416615,480.119533
csxz,1,532.954346,96.359565
dxf,2,542.461490,90.051347
dzb,2,3359.955428,477.784325
dyb,2,1076.580672,146.626564
cvx,2,1081.363448,147.935983
dyf,2,1070.753074,145.725419
dzb2,2,3372.108326,478.012084
dxb,2,573.124905,87.751899
cvy,2,1082.586431,155.953238
dzf,2,3364.582397,477.132707
dxb2,2,585.588618,89.219087
dyb2,2,1074.917923,146.271625
cvz,2,1097.368423,158.034279
dzb3,2,3361.882672,477.396324
dxb3,2,570.436068,87.439769
dyb3,2,1094.790629,150.240781
csxxsyyszz,2,2978.334717,393.093823
dyf2,2,1080.136806,148.324642
dxf2,2,563.937184,88.646431
csxy,2,460.093675,80.321822
dzf2,2,4229.643306,612.822166
dyf3,2,1075.559412,146.609630
csyz,2,544.847071,95.635751
dxf3,2,545.846335,87.132465
dzf3,2,3376.038203,479.333200
csxz,2,531.672908,93.909717
dxf,3,543.241838,86.587514
dzb,3,3364.197899,478.472309
dyb,3,1079.899863,147.185552
cvx,3,1082.805405,148.203367
dyf,3,1072.571768,146.895765
dzb2,3,3382.184198,479.987421
dxb,3,573.452795,88.693947
cvy,3,1082.443199,160.110970
dzf,3,3360.432853,477.676597
dxb2,3,585.369980,89.296094
dyb2,3,1073.750439,146.306235
cvz,3,1095.114208,158.088642
dzb3,3,3373.423653,478.776888
dxb3,3,571.171343,87.328906
dyb3,3,1098.602859,150.548412
csxxsyyszz,3,2996.642975,381.509849
dyf2,3,1077.330937,145.818336
dxf2,3,561.907109,88.335189
csxy,3,461.237401,80.393154
dzf2,3,4234.047093,612.971758
dyf3,3,1079.433936,146.332819
csyz,3,544.983665,95.641262
dxf3,3,546.061654,86.889692
dzf3,3,3373.026487,493.337592
csxz,3,532.603893,94.220394
dxf,4,547.416725,87.442590
dzb,4,3342.736648,475.595117
dyb,4,1075.844717,146.693221
cvx,4,1081.853040,148.232843
dyf,4,1073.086869,146.595142
dzb2,4,3379.407295,480.028752
dxb,4,573.282733,87.954530
cvy,4,1083.411320,156.458071
dzf,4,3366.683101,479.070346
dxb2,4,586.067002,89.693790
dyb2,4,1073.990606,146.561125
cvz,4,1095.871740,158.536399
dzb3,4,3373.719593,479.861744
dxb3,4,570.459285,87.546798
dyb3,4,1097.271370,151.506065
csxxsyyszz,4,2966.282571,378.579549
dyf2,4,1075.100094,145.837648
dxf2,4,561.745382,88.393327
csxy,4,461.388964,80.558959
dzf2,4,4233.498585,613.380573
dyf3,4,1075.786179,146.274204
csyz,4,544.850174,95.712510
dxf3,4,545.932028,87.003673
dzf3,4,3377.543204,479.552273
csxz,4,532.015060,93.973169
#========================= OptEWE [OpenMP] =========================
#Grid Size                                    :  1024 x 1024 x 1024
#Iterations                                   :  5
#Compute time                                 :  196.270218
#Total effective MLUPS                        :  27.353662
#===================================================================
#Number of threads                            :  6
