dxf,0,339.516240,66.763975
dzb,0,1534.370638,308.146019
dyb,0,529.752956,93.311342
cvx,0,472.886645,91.609190
dyf,0,530.755095,93.392193
dzb2,0,1541.129301,308.566314
dxb,0,339.989080,68.585442
cvy,0,2854.050854,391.681495
dzf,0,1536.775258,307.615336
dxb2,0,341.167136,68.715834
dyb2,0,528.582709,93.352192
cvz,0,496.127745,98.897534
dzb3,0,1536.518786,308.974139
dxb3,0,340.872908,68.623720
dyb3,0,535.797050,94.918141
csxxsyyszz,0,1298.730035,216.059845
dyf2,0,532.109025,92.224381
dxf2,0,362.587950,68.238254
csxy,0,276.215980,59.791940
dzf2,0,3140.404746,522.453342
dyf3,0,529.798044,91.886409
csyz,0,420.914219,84.817829
dxf3,0,338.311733,68.082374
dzf3,0,1535.657831,308.877407
csxz,0,413.952726,85.421886
dxf,1,337.648386,68.042622
dzb,1,1534.430347,308.725055
dyb,1,531.046259,93.722812
cvx,1,475.100156,92.118133
dyf,1,528.791630,93.286573
dzb2,1,1533.257490,307.320730
dxb,1,338.217068,68.324198
cvy,1,561.305664,101.627354
dzf,1,1535.764571,307.770909
dxb2,1,341.244037,68.765273
dyb2,1,529.523991,93.595108
cvz,1,496.075468,98.924593
dzb3,1,1535.544487,308.815896
dxb3,1,340.608704,68.708965
dyb3,1,535.826627,94.772711
csxxsyyszz,1,1297.848947,215.913377
dyf2,1,532.285414,92.446336
dxf2,1,364.131173,68.585746
csxy,1,275.777081,59.987985
dzf2,1,3140.639133,523.316604
dyf3,1,529.897041,92.198091
csyz,1,422.452740,84.883108
dxf3,1,338.111416,67.934040
dzf3,1,1536.505503,309.559896
csxz,1,413.235063,85.394650
dxf,2,337.479244,68.117670
dzb,2,1534.307756,309.627493
dyb,2,529.348479,93.591500
cvx,2,474.993333,92.055527
dyf,2,529.058098,93.138384
dzb2,2,1534.443655,307.385969
dxb,2,338.502443,68.372638
cvy,2,561.066226,101.620751
dzf,2,1536.884718,308.108905
dxb2,2,341.467065,69.098671
dyb2,2,529.010213,93.276901
cvz,2,496.565978,99.004709
dzb3,2,1537.174271,309.029952
dxb3,2,340.490388,68.708992
dyb3,2,535.676028,94.943586
csxxsyyszz,2,1297.342773,215.897332
dyf2,2,532.081136,92.343476
dxf2,2,362.562764,68.268500
csxy,2,275.903131,59.945432
dzf2,2,3139.032071,522.758008
dyf3,2,530.277108,92.091663
csyz,2,421.678991,84.789375
dxf3,2,338.195675,68.092962
dzf3,2,1535.350978,309.167810
csxz,2,413.396490,85.412195
dxf,3,337.647036,68.193370
dzb,3,1534.224622,309.553282
dyb,3,531.133549,93.934777
cvx,3,475.296237,92.242343
dyf,3,528.897891,93.248812
dzb2,3,1533.884014,307.909096
dxb,3,338.415682,68.559158
cvy,3,561.950919,101.950920
dzf,3,1536.672125,308.361904
dxb2,3,341.429859,68.858711
dyb2,3,528.699943,93.573279
cvz,3,496.371686,99.052438
dzb3,3,1535.656991,309.166236
dxb3,3,340.534284,68.603219
dyb3,3,535.853628,94.979804
csxxsyyszz,3,1299.901952,216.706814
dyf2,3,532.005553,92.524879
dxf2,3,362.838670,68.323193
csxy,3,276.099919,59.928578
dzf2,3,3144.393537,522.570382
dyf3,3,529.898469,92.059129
csyz,3,420.531067,84.875773
dxf3,3,338.258012,68.154511
dzf3,3,1535.401301,309.151845
csxz,3,414.063139,85.522948
dxf,4,337.717704,68.118979
dzb,4,1534.054903,309.035527
dyb,4,539.127311,95.051830
cvx,4,474.996298,92.281126
dyf,4,528.908783,93.464292
dzb2,4,1534.195204,307.858084
dxb,4,338.363191,68.486574
cvy,4,561.897623,101.812753
dzf,4,1536.535493,308.125061
dxb2,4,341.212680,68.941001
dyb2,4,529.034606,93.613094
cvz,4,496.390266,99.194571
dzb3,4,1535.432268,309.363870
dxb3,4,340.755841,68.787717
dyb3,4,535.907763,95.028444
csxxsyyszz,4,1299.523215,216.502085
dyf2,4,532.298996,92.526696
dxf2,4,362.440599,68.415391
csxy,4,276.640124,60.008515
dzf2,4,3138.832718,523.283261
dyf3,4,529.826941,92.092601
csyz,4,422.073014,84.996817
dxf3,4,338.499652,68.153170
dzf3,4,1534.989599,309.090534
csxz,4,413.568600,85.609451
#========================= OptEWE [OpenMP] =========================
#Grid Size                                    :  1024 x 1024 x 1024
#Iterations                                   :  5
#Compute time                                 :  102.338432
#Total effective MLUPS                        :  52.460341
#===================================================================
#Number of threads                            :  14
