dxf,0,396.999972,71.810485
dzb,0,1790.322892,329.286778
dyb,0,618.722115,99.779417
cvx,0,558.533719,100.984888
dyf,0,616.070003,99.245461
dzb2,0,1793.329430,329.350062
dxb,0,394.490883,73.039338
cvy,0,2855.250944,369.873915
dzf,0,1797.852256,329.321379
dxb2,0,394.414915,73.022409
dyb2,0,615.639294,99.478003
cvz,0,570.966174,106.029763
dzb3,0,1795.575797,330.877049
dxb3,0,394.523932,72.898506
dyb3,0,618.737720,102.710833
csxxsyyszz,0,1510.604510,230.774680
dyf2,0,617.479360,98.294307
dxf2,0,407.854232,72.314598
csxy,0,370.161451,71.251102
dzf2,0,3307.649444,517.143205
dyf3,0,615.954888,97.973138
csyz,0,443.266834,85.072989
dxf3,0,391.371045,72.562605
dzf3,0,1799.064029,331.590293
csxz,0,439.647682,86.472267
dxf,1,394.942543,73.206114
dzb,1,1788.716070,329.996997
dyb,1,619.398267,100.155625
cvx,1,555.459403,101.328956
dyf,1,615.982217,99.435201
dzb2,1,1791.946752,329.108178
dxb,1,394.567319,73.087242
cvy,1,551.347554,100.620054
dzf,1,1800.026804,331.391844
dxb2,1,396.514594,73.330665
dyb2,1,616.486222,99.634595
cvz,1,571.189657,106.160031
dzb3,1,1792.040199,330.564232
dxb3,1,394.640622,73.146787
dyb3,1,618.525067,102.719428
csxxsyyszz,1,1510.997357,230.946496
dyf2,1,617.567419,98.349729
dxf2,1,407.666942,72.261331
csxy,1,370.071879,71.255498
dzf2,1,3308.375783,517.489930
dyf3,1,618.106452,98.680693
csyz,1,443.128575,85.147402
dxf3,1,391.396281,72.600398
dzf3,1,1795.493358,331.252405
csxz,1,439.977666,86.604139
dxf,2,394.746009,73.273605
dzb,2,1789.037464,330.223868
dyb,2,618.384579,99.912618
cvx,2,555.269618,100.531088
dyf,2,614.395753,99.288745
dzb2,2,1790.158407,334.469787
dxb,2,394.071976,74.550131
cvy,2,551.198502,100.884524
dzf,2,1798.276804,331.986366
dxb2,2,394.583346,73.214016
dyb2,2,615.198466,99.830905
cvz,2,570.819414,106.300768
dzb3,2,1793.646441,331.966601
dxb3,2,395.032948,73.343910
dyb3,2,618.878892,103.209158
csxxsyyszz,2,1515.308139,232.414625
dyf2,2,617.515417,98.807203
dxf2,2,408.403136,72.415975
csxy,2,370.019334,71.360141
dzf2,2,3308.013752,518.861444
dyf3,2,615.989125,98.457548
csyz,2,443.544168,85.320827
dxf3,2,391.398329,72.971511
dzf3,2,1794.682168,332.420146
csxz,2,439.799739,87.091690
dxf,3,394.844007,73.606748
dzb,3,1789.440377,331.448236
dyb,3,620.253982,100.475409
cvx,3,557.296083,100.957572
dyf,3,614.919490,99.780667
dzb2,3,1788.872978,329.774977
dxb,3,394.318288,73.425723
cvy,3,550.982870,100.844211
dzf,3,1796.667156,332.939878
dxb2,3,394.612437,73.155763
dyb2,3,615.529301,99.954673
cvz,3,570.716454,106.602996
dzb3,3,1790.618066,331.546366
dxb3,3,394.897724,73.434147
dyb3,3,620.155004,103.237236
csxxsyyszz,3,1522.755606,233.498055
dyf2,3,617.351910,98.411028
dxf2,3,408.114204,72.477472
csxy,3,371.410154,71.817454
dzf2,3,3305.818953,518.696675
dyf3,3,616.180391,98.408892
csyz,3,443.602414,85.575140
dxf3,3,391.486959,72.857166
dzf3,3,1795.408741,332.416748
csxz,3,440.528082,86.884320
dxf,4,395.720527,73.553803
dzb,4,1790.918378,331.664558
dyb,4,618.535099,100.300951
cvx,4,555.690302,101.100465
dyf,4,614.661938,99.659548
dzb2,4,1788.262866,329.905269
dxb,4,394.457462,73.292884
cvy,4,551.380207,100.866930
dzf,4,1796.191424,332.012315
dxb2,4,394.475484,73.387878
dyb2,4,616.888228,101.231181
cvz,4,570.702719,110.345044
dzb3,4,1794.350002,334.618293
dxb3,4,394.570716,73.152138
dyb3,4,619.335893,102.964465
csxxsyyszz,4,1510.570525,231.382908
dyf2,4,617.262402,99.264941
dxf2,4,406.759862,72.443880
csxy,4,369.985351,71.798223
dzf2,4,3305.009861,518.421190
dyf3,4,617.600975,98.995497
csyz,4,443.311168,85.329428
dxf3,4,391.370130,72.895423
dzf3,4,1795.853800,332.600585
csxz,4,439.672124,86.953065
#========================= OptEWE [OpenMP] =========================
#Grid Size                                    :  1024 x 1024 x 1024
#Iterations                                   :  5
#Compute time                                 :  116.318367
#Total effective MLUPS                        :  46.155300
#===================================================================
#Number of threads                            :  12
