dxf,0,239.655745,51.349350
dzb,0,1085.842107,237.906676
dyb,0,374.051214,72.028608
cvx,0,334.425307,71.104815
dyf,0,372.068253,71.803575
dzb2,0,1085.703506,236.487842
dxb,0,238.921213,52.770726
cvy,0,3072.528165,430.285119
dzf,0,1088.155709,236.919320
dxb2,0,239.715721,52.946587
dyb2,0,373.677792,72.162910
cvz,0,346.075528,76.534775
dzb3,0,1083.134597,237.797578
dxb3,0,241.376101,53.172273
dyb3,0,373.681064,72.136636
csxxsyyszz,0,917.951527,165.813730
dyf2,0,374.349042,70.649668
dxf2,0,237.017275,51.080569
csxy,0,223.268419,52.509134
dzf2,0,1085.020427,238.052677
dyf3,0,373.783569,72.028092
csyz,0,269.697601,61.790356
dxf3,0,237.791301,52.806208
dzf3,0,1087.329749,238.727034
csxz,0,266.559386,62.997157
dxf,1,236.127841,52.628728
dzb,1,1085.644806,238.573686
dyb,1,374.498394,72.229508
cvx,1,334.402559,71.270290
dyf,1,373.066746,72.135562
dzb2,1,1083.724748,236.604324
dxb,1,238.755072,52.872061
cvy,1,332.761188,72.443927
dzf,1,1084.342635,238.418458
dxb2,1,239.532528,52.946130
dyb2,1,373.607983,72.032240
cvz,1,346.138019,76.664099
dzb3,1,1082.782439,238.058428
dxb3,1,241.656355,53.286095
dyb3,1,373.581001,71.959793
csxxsyyszz,1,916.730402,165.721235
dyf2,1,374.468620,70.707965
dxf2,1,237.378027,51.112380
csxy,1,224.075298,52.629189
dzf2,1,1083.939983,237.963907
dyf3,1,373.517279,72.065177
csyz,1,269.193774,61.747190
dxf3,1,238.281109,52.954376
dzf3,1,1085.025389,238.469509
csxz,1,266.264889,62.959847
dxf,2,236.593938,52.648736
dzb,2,1085.571559,238.886906
dyb,2,373.867764,72.177039
cvx,2,334.429515,71.440637
dyf,2,372.930637,72.072084
dzb2,2,1083.678505,236.609834
dxb,2,238.714391,52.904330
cvy,2,332.791745,72.464031
dzf,2,1084.098856,238.423879
dxb2,2,239.401450,52.904242
dyb2,2,373.527616,72.259289
cvz,2,346.089250,76.583060
dzb3,2,1084.475534,238.378401
dxb3,2,241.299586,53.259931
dyb3,2,373.532154,72.204137
csxxsyyszz,2,917.714932,165.953363
dyf2,2,374.334676,70.654673
dxf2,2,237.334082,51.163616
csxy,2,223.239727,52.511191
dzf2,2,1084.104258,238.085785
dyf3,2,373.595104,72.109084
csyz,2,269.396294,61.800105
dxf3,2,237.708833,52.822581
dzf3,2,1085.212020,238.545844
csxz,2,266.321082,62.999965
dxf,3,236.325882,52.659214
dzb,3,1085.273413,238.637715
dyb,3,373.999959,72.219390
cvx,3,334.274200,71.279246
dyf,3,372.733040,72.098552
dzb2,3,1084.190613,236.769229
dxb,3,238.910993,52.982742
cvy,3,334.530236,72.768289
dzf,3,1084.211314,238.506017
dxb2,3,239.218599,52.922027
dyb2,3,375.556470,72.538431
cvz,3,346.228288,76.687574
dzb3,3,1082.998402,238.273505
dxb3,3,241.505758,53.308047
dyb3,3,373.610784,72.261679
csxxsyyszz,3,918.774783,166.104739
dyf2,3,374.284593,70.651690
dxf2,3,237.229076,51.081672
csxy,3,223.309639,52.567460
dzf2,3,1084.308917,238.236067
dyf3,3,373.576915,72.120018
csyz,3,269.393392,61.818451
dxf3,3,237.522873,52.832564
dzf3,3,1085.170541,238.699203
csxz,3,267.202796,63.419564
dxf,4,236.269166,52.727608
dzb,4,1085.822088,238.995229
dyb,4,374.039086,72.218639
cvx,4,334.250222,71.318401
dyf,4,373.046328,72.139946
dzb2,4,1085.685121,237.170131
dxb,4,238.587748,52.838114
cvy,4,332.733958,72.526039
dzf,4,1084.538586,238.639552
dxb2,4,239.467146,52.955277
dyb2,4,373.828380,72.369559
cvz,4,346.213928,76.685513
dzb3,4,1083.314202,238.411740
dxb3,4,241.465800,53.349284
dyb3,4,373.635190,72.318708
csxxsyyszz,4,918.116775,166.103786
dyf2,4,374.272245,70.710452
dxf2,4,237.352631,51.116098
csxy,4,223.076350,52.520599
dzf2,4,1084.008155,238.249091
dyf3,4,374.769814,72.323346
csyz,4,269.663521,61.874343
dxf3,4,237.551832,52.843354
dzf3,4,1087.173453,238.971126
csxz,4,267.411273,63.405373
#========================= OptEWE [OpenMP] =========================
#Grid Size                                    :  1024 x 1024 x 1024
#Iterations                                   :  5
#Compute time                                 :  67.112450
#Total effective MLUPS                        :  79.995726
#===================================================================
#Number of threads                            :  20
