dxf,0,241.602628,51.613976
dzb,0,1104.451936,240.719462
dyb,0,374.791344,71.873091
cvx,0,334.410842,71.211219
dyf,0,373.042187,71.810868
dzb2,0,1103.636569,239.484510
dxb,0,242.289028,53.179586
cvy,0,3050.667192,427.097644
dzf,0,1107.184520,240.239567
dxb2,0,243.027687,53.375078
dyb2,0,372.745692,71.980405
cvz,0,346.143810,76.582327
dzb3,0,1103.705145,241.222244
dxb3,0,242.001406,53.112613
dyb3,0,374.572184,72.232782
csxxsyyszz,0,928.230930,167.591841
dyf2,0,376.308456,70.950071
dxf2,0,238.462943,51.389757
csxy,0,224.387091,52.669656
dzf2,0,1104.697522,241.339821
dyf3,0,375.374509,71.947194
csyz,0,270.356131,61.982372
dxf3,0,238.810469,52.975499
dzf3,0,1105.576169,241.703338
csxz,0,267.999219,63.046441
dxf,1,238.375937,53.013566
dzb,1,1103.481960,241.382928
dyb,1,374.717097,72.033007
cvx,1,334.591095,71.344081
dyf,1,373.899400,72.105999
dzb2,1,1103.293581,239.849279
dxb,1,242.945190,53.424915
cvy,1,332.664793,72.538353
dzf,1,1106.543527,241.767521
dxb2,1,242.670270,53.253194
dyb2,1,373.994120,72.039868
cvz,1,348.357158,77.080738
dzb3,1,1103.138240,241.398088
dxb3,1,241.886655,53.147374
dyb3,1,374.554960,72.103571
csxxsyyszz,1,926.567615,167.676284
dyf2,1,376.248046,70.722064
dxf2,1,238.448593,51.253530
csxy,1,224.198758,52.687823
dzf2,1,1104.471354,241.432589
dyf3,1,375.529622,71.967710
csyz,1,271.187702,62.644482
dxf3,1,238.524362,52.929921
dzf3,1,1105.943549,241.770793
csxz,1,267.894242,63.080254
dxf,2,238.979646,53.080116
dzb,2,1105.293452,241.926465
dyb,2,374.931946,72.117061
cvx,2,336.494719,71.711204
dyf,2,374.222027,72.048686
dzb2,2,1104.428725,240.090291
dxb,2,243.548548,53.825719
cvy,2,332.842726,72.700099
dzf,2,1105.243158,241.692311
dxb2,2,242.765568,53.256695
dyb2,2,374.204669,72.235681
cvz,2,346.301029,76.735530
dzb3,2,1103.310458,241.461485
dxb3,2,241.734789,53.135643
dyb3,2,374.359011,72.268089
csxxsyyszz,2,926.427762,167.670942
dyf2,2,375.332434,70.665787
dxf2,2,238.380104,51.312682
csxy,2,224.605997,52.794334
dzf2,2,1106.476255,241.884017
dyf3,2,374.301413,71.900338
csyz,2,270.231328,62.020820
dxf3,2,238.718573,53.023745
dzf3,2,1107.585118,242.213953
csxz,2,267.982777,63.133354
dxf,3,238.401470,53.019616
dzb,3,1103.735591,241.667147
dyb,3,375.006810,72.079515
cvx,3,334.927650,71.481134
dyf,3,374.079843,72.039966
dzb2,3,1104.125042,240.091660
dxb,3,242.602558,53.339999
cvy,3,332.757193,72.530107
dzf,3,1104.595439,241.780929
dxb2,3,243.598314,53.414398
dyb2,3,372.752624,71.952716
cvz,3,346.346350,76.735122
dzb3,3,1103.527340,241.537162
dxb3,3,241.561869,53.112421
dyb3,3,374.547356,72.292992
csxxsyyszz,3,926.473375,167.656110
dyf2,3,377.059262,70.913379
dxf2,3,238.185177,51.342674
csxy,3,224.583164,52.780396
dzf2,3,1104.704175,241.603841
dyf3,3,374.336346,71.837607
csyz,3,270.419671,61.981156
dxf3,3,239.035566,53.009855
dzf3,3,1105.889747,241.829710
csxz,3,267.764261,63.103275
dxf,4,238.478851,53.023287
dzb,4,1103.706695,241.662942
dyb,4,375.134729,72.122137
cvx,4,334.735794,71.472815
dyf,4,374.013963,72.125259
dzb2,4,1106.456217,241.826835
dxb,4,242.494204,53.311082
cvy,4,332.933649,72.646569
dzf,4,1106.784825,242.303836
dxb2,4,242.549014,53.241620
dyb2,4,373.958140,72.277132
cvz,4,348.110061,77.102274
dzb3,4,1103.002811,241.459163
dxb3,4,241.934799,53.259505
dyb3,4,374.457946,72.296400
csxxsyyszz,4,927.005964,167.789697
dyf2,4,376.592551,70.881840
dxf2,4,238.391212,51.443829
csxy,4,224.594314,52.821650
dzf2,4,1104.570617,241.810826
dyf3,4,375.582202,72.058233
csyz,4,270.733937,62.133188
dxf3,4,238.759112,53.052646
dzf3,4,1105.490154,241.976260
csxz,4,267.966960,63.298504
#========================= OptEWE [OpenMP] =========================
#Grid Size                                    :  1024 x 1024 x 1024
#Iterations                                   :  5
#Compute time                                 :  67.847343
#Total effective MLUPS                        :  79.129246
#===================================================================
#Number of threads                            :  20
