dxf,0,228.889681,49.825426
dzb,0,1021.856485,228.664481
dyb,0,353.228099,69.188925
cvx,0,315.296157,68.307369
dyf,0,352.334623,69.319845
dzb2,0,1023.697725,227.520059
dxb,0,229.326815,51.559815
cvy,0,3105.605706,437.514312
dzf,0,1024.533702,227.396423
dxb2,0,228.126440,51.426269
dyb2,0,352.210826,69.080829
cvz,0,327.417488,73.786739
dzb3,0,1021.808255,228.975188
dxb3,0,229.117445,51.702185
dyb3,0,353.104347,69.163318
csxxsyyszz,0,873.758577,160.398854
dyf2,0,353.622306,67.762250
dxf2,0,226.702180,49.581406
csxy,0,214.591217,51.354732
dzf2,0,1024.100114,229.315823
dyf3,0,352.377961,69.106020
csyz,0,257.839771,60.192643
dxf3,0,227.737096,51.495931
dzf3,0,1028.998120,230.190870
csxz,0,255.358827,61.560354
dxf,1,226.671080,51.388222
dzb,1,1021.973988,229.134330
dyb,1,353.134406,69.448480
cvx,1,315.420751,68.461724
dyf,1,351.444706,69.257255
dzb2,1,1022.972566,227.637364
dxb,1,229.088135,51.641274
cvy,1,313.911314,69.712974
dzf,1,1023.367811,229.438808
dxb2,1,227.889212,51.478206
dyb2,1,352.097973,69.106436
cvz,1,327.872061,73.910358
dzb3,1,1021.615791,229.190584
dxb3,1,229.239920,51.778201
dyb3,1,353.182232,69.296591
csxxsyyszz,1,864.259146,159.584549
dyf2,1,352.738724,67.687844
dxf2,1,228.113594,49.901335
csxy,1,213.912135,51.255212
dzf2,1,1023.097736,229.416935
dyf3,1,353.736160,69.407641
csyz,1,257.994370,60.218524
dxf3,1,227.695964,51.522549
dzf3,1,1028.053436,230.219960
csxz,1,255.410044,61.622144
dxf,2,225.074152,51.133599
dzb,2,1021.990292,229.340160
dyb,2,353.249944,69.353162
cvx,2,315.341981,68.479568
dyf,2,351.572440,69.252050
dzb2,2,1022.919687,227.718000
dxb,2,229.022808,51.652821
cvy,2,314.172879,69.781921
dzf,2,1025.353692,230.296480
dxb2,2,227.807129,51.526689
dyb2,2,352.074056,69.251051
cvz,2,327.483033,73.849164
dzb3,2,1023.536788,229.592152
dxb3,2,229.393736,51.701102
dyb3,2,352.350245,69.214924
csxxsyyszz,2,873.425586,160.796523
dyf2,2,352.864006,67.771692
dxf2,2,226.757405,49.724889
csxy,2,213.740190,51.259494
dzf2,2,1024.054858,229.620092
dyf3,2,352.031511,69.174190
csyz,2,257.997626,60.266849
dxf3,2,227.854535,51.621986
dzf3,2,1027.666732,230.169753
csxz,2,255.179015,61.585393
dxf,3,225.206553,51.188357
dzb,3,1022.175149,229.423288
dyb,3,353.267682,69.406773
cvx,3,315.326634,68.496627
dyf,3,351.498475,69.271212
dzb2,3,1023.268413,227.842561
dxb,3,229.329307,51.747884
cvy,3,313.913932,69.732615
dzf,3,1025.142636,229.784169
dxb2,3,228.118496,51.480144
dyb2,3,352.174071,69.173726
cvz,3,327.489866,73.885295
dzb3,3,1022.455876,229.444360
dxb3,3,229.308956,51.781882
dyb3,3,352.178560,69.256559
csxxsyyszz,3,861.280331,158.576875
dyf2,3,352.708846,67.708265
dxf2,3,226.807557,49.756155
csxy,3,213.915831,51.299502
dzf2,3,1023.226322,229.601749
dyf3,3,352.205717,69.189518
csyz,3,257.990986,60.251353
dxf3,3,227.545620,51.556471
dzf3,3,1028.196443,230.309634
csxz,3,255.420277,61.635172
dxf,4,225.226112,51.178044
dzb,4,1022.128109,229.431446
dyb,4,353.241198,69.353808
cvx,4,315.332429,68.474137
dyf,4,354.296734,69.672550
dzb2,4,1023.686208,227.921107
dxb,4,229.372337,51.636329
cvy,4,315.672605,70.035252
dzf,4,1024.140726,229.685886
dxb2,4,228.028579,51.562342
dyb2,4,352.178977,69.207644
cvz,4,327.537884,73.939809
dzb3,4,1022.172387,229.452615
dxb3,4,228.955220,51.707918
dyb3,4,352.164313,69.130897
csxxsyyszz,4,861.049754,158.779990
dyf2,4,352.841895,67.774547
dxf2,4,226.620303,49.748871
csxy,4,213.853873,51.308392
dzf2,4,1023.451911,229.590587
dyf3,4,353.795601,69.528433
csyz,4,257.939456,60.264963
dxf3,4,227.832665,51.606709
dzf3,4,1027.399737,230.230890
csxz,4,255.992150,61.872046
#========================= OptEWE [OpenMP] =========================
#Grid Size                                    :  1024 x 1024 x 1024
#Iterations                                   :  5
#Compute time                                 :  63.685066
#Total effective MLUPS                        :  84.300911
#===================================================================
#Number of threads                            :  21
