dxf,0,404.208738,72.109443
dzb,0,1925.314912,346.667204
dyb,0,661.820353,103.505506
cvx,0,601.298295,105.804066
dyf,0,659.616975,103.189763
dzb2,0,1926.548918,346.182495
dxb,0,407.143264,74.168261
cvy,0,2907.149573,367.003265
dzf,0,1932.810051,352.183167
dxb2,0,406.135202,74.035932
dyb2,0,661.415673,103.789634
cvz,0,610.206202,110.946477
dzb3,0,1925.423229,347.372520
dxb3,0,406.162230,74.095736
dyb3,0,665.679630,107.498650
csxxsyyszz,0,1623.828020,238.244793
dyf2,0,662.254675,102.346894
dxf2,0,433.124443,73.569421
csxy,0,326.570624,65.639325
dzf2,0,3874.322183,580.131503
dyf3,0,659.896776,102.248432
csyz,0,491.492393,90.355715
dxf3,0,402.382512,73.334211
dzf3,0,1933.150759,348.953309
csxz,0,486.476544,90.528747
dxf,1,400.949851,73.265604
dzb,1,1928.548858,348.767060
dyb,1,661.707679,103.784555
cvx,1,601.910936,106.099152
dyf,1,659.365937,103.310345
dzb2,1,1926.329340,346.847054
dxb,1,407.429515,74.364975
cvy,1,632.796603,106.570082
dzf,1,1932.750550,353.459992
dxb2,1,405.693415,74.123150
dyb2,1,659.585030,103.680328
cvz,1,610.344916,111.087758
dzb3,1,1929.523942,348.651902
dxb3,1,406.386445,74.295384
dyb3,1,665.403458,107.686868
csxxsyyszz,1,1624.431387,238.578363
dyf2,1,660.939142,102.438326
dxf2,1,432.782634,73.646090
csxy,1,326.079174,65.580311
dzf2,1,3876.858708,580.524462
dyf3,1,660.375464,102.237117
csyz,1,492.704921,90.586640
dxf3,1,402.744955,73.309549
dzf3,1,1933.581983,349.139695
csxz,1,486.387825,90.589107
dxf,2,401.413921,73.342580
dzb,2,1925.250399,347.919064
dyb,2,662.156537,103.877425
cvx,2,602.174288,106.135459
dyf,2,659.914633,103.249307
dzb2,2,1926.713204,346.614872
dxb,2,407.476722,74.351548
cvy,2,636.670169,107.025325
dzf,2,1930.944697,354.803458
dxb2,2,405.950574,74.272371
dyb2,2,659.223800,103.628782
cvz,2,610.522761,111.124243
dzb3,2,1925.860345,348.235168
dxb3,2,406.311141,74.232819
dyb3,2,665.125500,107.786850
csxxsyyszz,2,1652.109633,241.702310
dyf2,2,661.457725,102.424307
dxf2,2,432.262561,73.524224
csxy,2,327.356337,65.840910
dzf2,2,3876.715005,580.555426
dyf3,2,659.251618,102.211799
csyz,2,490.988276,90.397725
dxf3,2,402.489744,73.467452
dzf3,2,1933.690330,349.267685
csxz,2,484.923495,90.611595
dxf,3,400.681727,73.269187
dzb,3,1926.830105,348.615326
dyb,3,662.076176,104.066233
cvx,3,601.780332,106.283710
dyf,3,659.788934,103.467205
dzb2,3,1926.691289,347.106718
dxb,3,407.302821,74.421767
cvy,3,633.064398,106.594209
dzf,3,1933.673727,352.989507
dxb2,3,405.767208,74.228354
dyb2,3,659.308826,103.667333
cvz,3,610.374887,111.155423
dzb3,3,1928.994575,348.665011
dxb3,3,406.570873,74.305683
dyb3,3,664.991730,107.725412
csxxsyyszz,3,1624.239751,237.375741
dyf2,3,661.645467,102.323145
dxf2,3,432.617698,73.517345
csxy,3,326.107329,65.640532
dzf2,3,3878.103826,580.847608
dyf3,3,660.391323,102.329478
csyz,3,490.129390,90.263999
dxf3,3,403.327487,73.539172
dzf3,3,1934.906930,349.356882
csxz,3,486.109629,90.545387
dxf,4,400.995573,73.329694
dzb,4,1924.971824,347.965009
dyb,4,661.618152,103.806189
cvx,4,602.105179,106.183588
dyf,4,660.096574,103.370672
dzb2,4,1926.466348,346.841747
dxb,4,407.344934,74.401949
cvy,4,632.641692,106.477012
dzf,4,1935.980297,352.014081
dxb2,4,405.530776,77.079990
dyb2,4,659.294058,104.658316
cvz,4,610.366465,111.151520
dzb3,4,1925.795209,347.939318
dxb3,4,406.833569,74.297355
dyb3,4,677.242977,109.912468
csxxsyyszz,4,1652.337139,241.032551
dyf2,4,663.447097,102.724804
dxf2,4,432.249296,73.524209
csxy,4,326.267158,65.662259
dzf2,4,3878.734106,580.870907
dyf3,4,660.062949,102.218024
csyz,4,490.322073,90.341092
dxf3,4,402.633549,73.424187
dzf3,4,1934.275473,349.298320
csxz,4,485.501889,90.528420
#========================= OptEWE [OpenMP] =========================
#Grid Size                                    :  1024 x 1024 x 1024
#Iterations                                   :  5
#Compute time                                 :  125.956215
#Total effective MLUPS                        :  42.623614
#===================================================================
#Number of threads                            :  11
