dxf,0,758.045320,120.574835
dzb,0,1946.253909,364.153039
dyb,0,824.583672,132.593500
cvx,0,1226.537360,192.819683
dyf,0,818.759816,131.482589
dzb2,0,1951.802630,365.866418
dxb,0,757.179253,120.761234
cvy,0,3116.526722,423.187685
dzf,0,1946.534810,364.911940
dxb2,0,779.939851,124.298666
dyb2,0,820.213031,131.560994
cvz,0,1423.077400,225.232951
dzb3,0,3989.085618,632.814418
dxb3,0,961.248158,149.398847
dyb3,0,988.363300,154.682596
csxxsyyszz,0,1444.229652,238.781294
dyf2,0,985.993390,155.089039
dxf2,0,962.689783,149.582290
csxy,0,666.523891,113.826163
dzf2,0,3984.802143,632.730031
dyf3,0,986.032398,154.552715
csyz,0,883.555943,147.505917
dxf3,0,962.034359,149.406976
dzf3,0,3987.525277,632.663378
csxz,0,935.246491,154.390901
dxf,1,756.353130,120.586185
dzb,1,1944.320882,364.375940
dyb,1,823.236571,132.680536
cvx,1,1227.693531,192.967770
dyf,1,819.059776,131.644651
dzb2,1,1951.442006,365.821051
dxb,1,755.433726,120.828852
cvy,1,1223.358850,192.722580
dzf,1,1946.323608,365.503053
dxb2,1,781.056719,124.322555
dyb2,1,820.574591,131.783702
cvz,1,1422.189592,225.291579
dzb3,1,3984.628844,632.691392
dxb3,1,960.636638,149.455759
dyb3,1,988.340018,154.836313
csxxsyyszz,1,1429.661345,236.343695
dyf2,1,990.658179,155.128878
dxf2,1,961.977708,149.502995
csxy,1,666.128617,113.842300
dzf2,1,3985.406457,632.671888
dyf3,1,986.237155,154.567590
csyz,1,883.352676,147.609226
dxf3,1,961.356632,149.457260
dzf3,1,3986.161793,632.636120
csxz,1,932.070019,154.100909
dxf,2,755.962738,120.698885
dzb,2,1942.744260,364.365974
dyb,2,823.750445,132.875187
cvx,2,1224.438482,192.985257
dyf,2,819.018369,131.679895
dzb2,2,1952.932934,366.380803
dxb,2,755.426768,120.903831
cvy,2,1216.454642,192.621543
dzf,2,1947.143474,366.040610
dxb2,2,781.078646,124.506227
dyb2,2,822.940827,132.582230
cvz,2,1425.130023,225.560152
dzb3,2,3988.511817,633.845610
dxb3,2,961.632543,149.504523
dyb3,2,988.200914,154.952894
csxxsyyszz,2,1448.284521,239.049592
dyf2,2,986.851404,154.760121
dxf2,2,961.373701,149.584578
csxy,2,666.140103,113.957073
dzf2,2,3984.567502,632.651913
dyf3,2,987.414672,154.843514
csyz,2,881.362185,147.578380
dxf3,2,960.799413,149.523281
dzf3,2,3986.454199,633.049135
csxz,2,930.530581,154.048735
dxf,3,755.936659,120.806189
dzb,3,1942.013700,364.761911
dyb,3,824.629820,132.843892
cvx,3,1222.034640,193.264673
dyf,3,819.848428,132.443964
dzb2,3,1953.380169,366.653445
dxb,3,755.422972,120.972204
cvy,3,1226.361164,192.911574
dzf,3,1949.163555,365.829067
dxb2,3,780.402253,124.430870
dyb2,3,819.680103,131.865908
cvz,3,1426.074439,225.650684
dzb3,3,3984.967510,633.279653
dxb3,3,961.506888,149.715006
dyb3,3,989.856371,155.370239
csxxsyyszz,3,1447.547379,238.921860
dyf2,3,987.182013,154.836850
dxf2,3,960.460984,149.640217
csxy,3,665.714673,113.988414
dzf2,3,3984.621517,633.108584
dyf3,3,988.455267,155.072028
csyz,3,883.654016,147.888108
dxf3,3,960.203425,149.564780
dzf3,3,3987.026243,633.419163
csxz,3,932.692833,154.403350
dxf,4,755.386555,120.748588
dzb,4,1942.440516,364.454639
dyb,4,825.073717,132.856444
cvx,4,1224.911428,193.238265
dyf,4,818.548966,131.735845
dzb2,4,1950.456681,366.327880
dxb,4,755.405386,121.055456
cvy,4,1220.124266,192.922285
dzf,4,1947.319104,365.793368
dxb2,4,781.080133,124.610209
dyb2,4,819.125034,131.868277
cvz,4,1425.852039,225.769851
dzb3,4,3986.356015,633.657037
dxb3,4,960.919802,149.601450
dyb3,4,986.710857,154.960914
csxxsyyszz,4,1428.208945,236.431246
dyf2,4,987.466915,155.327219
dxf2,4,962.736413,149.810371
csxy,4,668.100285,114.245021
dzf2,4,3981.069205,633.875933
dyf3,4,986.718097,155.249927
csyz,4,881.228236,147.932818
dxf3,4,962.119195,150.104314
dzf3,4,3983.427958,634.094991
csxz,4,928.983325,154.242420
#========================= OptEWE [OpenMP] =========================
#Grid Size                                    :  1024 x 1024 x 1024
#Iterations                                   :  5
#Compute time                                 :  182.872910
#Total effective MLUPS                        :  29.357597
#===================================================================
#Number of threads                            :  13
