dxf,0,298.789738,60.157079
dzb,0,1342.165390,274.964892
dyb,0,596.953755,101.283484
cvx,0,417.311348,83.663578
dyf,0,461.630170,83.027374
dzb2,0,1344.117075,274.370637
dxb,0,490.288103,87.107851
cvy,0,2905.561516,392.890978
dzf,0,1344.858050,274.306823
dxb2,0,299.061967,61.478843
dyb2,0,592.365232,100.732378
cvz,0,510.207749,101.581538
dzb3,0,1341.576760,274.153526
dxb3,0,298.243378,61.500765
dyb3,0,683.277332,113.467425
csxxsyyszz,0,1120.634023,189.592270
dyf2,0,464.269216,82.255850
dxf2,0,313.322292,62.704990
csxy,0,242.710614,55.291391
dzf2,0,2696.543842,459.016990
dyf3,0,464.909470,82.101414
csyz,0,389.522634,79.087289
dxf3,0,296.212587,60.987114
dzf3,0,1348.390135,276.526593
csxz,0,384.666181,80.111962
dxf,1,295.610960,61.132494
dzb,1,1341.824252,275.651958
dyb,1,596.792929,101.482365
cvx,1,417.407745,83.799708
dyf,1,461.502812,83.126323
dzb2,1,1343.047815,274.509480
dxb,1,490.291841,87.217385
cvy,1,582.273300,108.533522
dzf,1,1344.661733,274.843831
dxb2,1,298.408848,61.502062
dyb2,1,592.666109,100.862365
cvz,1,509.072119,101.519040
dzb3,1,1344.327717,275.062952
dxb3,1,298.384245,61.492640
dyb3,1,683.516762,113.571296
csxxsyyszz,1,1111.283997,188.900178
dyf2,1,464.058904,82.804388
dxf2,1,313.478141,62.835448
csxy,1,242.558968,55.329166
dzf2,1,2699.150737,459.630208
dyf3,1,464.954331,82.214849
csyz,1,388.245633,79.210942
dxf3,1,295.627887,61.205298
dzf3,1,1344.406725,276.171823
csxz,1,384.091805,80.118464
dxf,2,295.265569,61.205220
dzb,2,1344.030942,276.272243
dyb,2,597.139583,101.624631
cvx,2,418.324920,84.027406
dyf,2,461.368038,83.335472
dzb2,2,1342.900107,274.780686
dxb,2,490.183489,87.295874
cvy,2,581.233317,108.590930
dzf,2,1345.300051,275.180144
dxb2,2,298.376204,61.523928
dyb2,2,592.236824,100.797159
cvz,2,509.156168,101.556227
dzb3,2,1341.374671,274.448946
dxb3,2,298.272296,61.487341
dyb3,2,683.528661,113.592732
csxxsyyszz,2,1122.113405,189.873513
dyf2,2,466.589306,82.493959
dxf2,2,313.287137,62.757255
csxy,2,242.324103,55.277205
dzf2,2,2697.038734,459.636244
dyf3,2,465.114376,82.150202
csyz,2,389.448939,79.014556
dxf3,2,295.980306,61.190190
dzf3,2,1344.372926,276.133917
csxz,2,384.893869,80.231798
dxf,3,295.459125,61.083934
dzb,3,1342.086274,275.775380
dyb,3,598.785432,101.863254
cvx,3,417.950493,83.924382
dyf,3,463.249092,83.522688
dzb2,3,1342.631495,274.840356
dxb,3,489.957314,87.297094
cvy,3,581.603553,108.539765
dzf,3,1345.342010,275.259765
dxb2,3,298.711890,61.581322
dyb2,3,592.522803,100.895708
cvz,3,509.491494,101.617378
dzb3,3,1340.950899,274.531337
dxb3,3,298.416155,61.555169
dyb3,3,683.595341,113.609551
csxxsyyszz,3,1104.744346,187.475036
dyf2,3,466.047814,82.348680
dxf2,3,313.169955,62.721354
csxy,3,242.823548,55.375212
dzf2,3,2700.460226,459.632536
dyf3,3,463.875531,81.917424
csyz,3,388.904253,79.029705
dxf3,3,295.957994,61.015426
dzf3,3,1343.844383,276.073338
csxz,3,384.973490,80.261610
dxf,4,295.302092,61.207447
dzb,4,1341.998738,275.859799
dyb,4,596.729961,101.479890
cvx,4,418.683980,84.028128
dyf,4,461.311381,83.277787
dzb2,4,1345.053090,275.056235
dxb,4,490.341441,87.302575
cvy,4,580.461915,108.541762
dzf,4,1346.117875,275.809984
dxb2,4,298.493092,61.786452
dyb2,4,592.269914,100.982890
cvz,4,509.176993,101.624277
dzb3,4,1341.501492,274.679166
dxb3,4,298.129911,61.485690
dyb3,4,683.049563,113.592760
csxxsyyszz,4,1120.649962,189.784738
dyf2,4,464.018577,82.085482
dxf2,4,312.874374,62.699176
csxy,4,242.797388,55.394248
dzf2,4,2696.644992,459.826810
dyf3,4,464.835177,82.131062
csyz,4,389.726712,78.999521
dxf3,4,296.178266,61.061794
dzf3,4,1344.933656,276.282065
csxz,4,384.226800,80.315688
#========================= OptEWE [OpenMP] =========================
#Grid Size                                    :  1024 x 1024 x 1024
#Iterations                                   :  5
#Compute time                                 :  93.896736
#Total effective MLUPS                        :  57.176738
#===================================================================
#Number of threads                            :  16
