dxf,0,282.100044,57.761597
dzb,0,1274.859842,265.787913
dyb,0,449.136180,81.594274
cvx,0,390.259492,78.497285
dyf,0,437.047902,79.988724
dzb2,0,1275.658633,264.951145
dxb,0,288.964635,60.179375
cvy,0,2941.087362,404.973753
dzf,0,1281.174598,265.881668
dxb2,0,281.785838,59.207136
dyb2,0,447.610539,81.432467
cvz,0,418.193384,87.968096
dzb3,0,1274.241825,266.430003
dxb3,0,281.982980,59.280693
dyb3,0,457.883094,83.233967
csxxsyyszz,0,1066.199072,183.293143
dyf2,0,439.253516,79.023050
dxf2,0,304.918098,61.760736
csxy,0,242.020581,55.105308
dzf2,0,2595.107467,445.699828
dyf3,0,440.935832,79.227912
csyz,0,388.128155,79.071158
dxf3,0,279.875341,58.829970
dzf3,0,1279.506452,267.350045
csxz,0,383.435418,80.294113
dxf,1,279.495266,58.888955
dzb,1,1277.664445,268.390192
dyb,1,449.249573,81.804759
cvx,1,390.438166,78.424534
dyf,1,437.153823,80.115407
dzb2,1,1276.720615,265.500189
dxb,1,288.704380,60.227092
cvy,1,467.207200,92.614486
dzf,1,1279.644407,266.111837
dxb2,1,281.959086,59.323119
dyb2,1,447.654972,81.516074
cvz,1,417.917201,87.935288
dzb3,1,1276.938209,266.960137
dxb3,1,282.032923,59.289848
dyb3,1,457.754348,83.213181
csxxsyyszz,1,1060.927653,182.543237
dyf2,1,439.147518,79.011325
dxf2,1,305.034577,61.757080
csxy,1,241.571159,55.054613
dzf2,1,2593.862700,446.237832
dyf3,1,439.543279,79.066085
csyz,1,386.824531,79.043304
dxf3,1,279.405186,58.777379
dzf3,1,1277.918238,267.106262
csxz,1,384.887141,80.226532
dxf,2,279.582592,58.804874
dzb,2,1276.748627,266.958091
dyb,2,449.311664,81.709590
cvx,2,392.079090,78.703905
dyf,2,438.306238,80.271303
dzb2,2,1277.515313,265.719932
dxb,2,288.756364,60.335392
cvy,2,466.826278,92.619129
dzf,2,1279.923104,266.283698
dxb2,2,281.959445,59.384842
dyb2,2,447.421808,81.503884
cvz,2,418.209575,88.134430
dzb3,2,1274.674655,266.714926
dxb3,2,282.037338,59.309521
dyb3,2,459.723408,84.055462
csxxsyyszz,2,1066.404869,184.047322
dyf2,2,439.183816,79.063915
dxf2,2,305.107457,61.904016
csxy,2,241.862082,55.203401
dzf2,2,2597.001343,445.839869
dyf3,2,439.781375,79.133969
csyz,2,387.347371,79.165113
dxf3,2,279.451946,58.784978
dzf3,2,1278.278158,267.272976
csxz,2,383.571281,80.349962
dxf,3,279.495623,58.878586
dzb,3,1275.195632,266.925800
dyb,3,449.282024,81.731845
cvx,3,390.681973,78.507266
dyf,3,437.222835,80.166149
dzb2,3,1275.551755,265.496177
dxb,3,289.081087,60.385784
cvy,3,467.739867,92.761091
dzf,3,1281.197657,266.527801
dxb2,3,282.225507,59.408592
dyb2,3,447.779682,81.579048
cvz,3,417.879632,88.075111
dzb3,3,1274.379696,266.757201
dxb3,3,282.106731,59.393150
dyb3,3,456.812153,83.122230
csxxsyyszz,3,1049.488377,181.069443
dyf2,3,439.066160,79.044103
dxf2,3,305.051880,61.889262
csxy,3,241.711342,55.196226
dzf2,3,2592.935433,446.313248
dyf3,3,439.543565,79.156586
csyz,3,388.504999,79.369452
dxf3,3,279.456735,58.828376
dzf3,3,1279.558464,267.607634
csxz,3,384.049027,80.453170
dxf,4,279.367066,58.983607
dzb,4,1277.464537,267.527935
dyb,4,449.218482,81.771955
cvx,4,390.413661,78.464305
dyf,4,437.428927,80.183759
dzb2,4,1276.401664,265.757456
dxb,4,288.983593,60.407784
cvy,4,467.566645,92.797147
dzf,4,1279.661780,266.456344
dxb2,4,281.769771,59.370159
dyb2,4,447.671795,81.586562
cvz,4,417.903067,88.069329
dzb3,4,1276.965165,267.291384
dxb3,4,283.668426,59.644395
dyb3,4,456.740122,83.118099
csxxsyyszz,4,1049.448176,181.195436
dyf2,4,438.958173,79.081181
dxf2,4,304.801865,61.793223
csxy,4,241.730493,55.194755
dzf2,4,2596.617989,446.147408
dyf3,4,439.827509,79.234151
csyz,4,387.432126,79.275060
dxf3,4,279.329528,58.910323
dzf3,4,1279.607230,267.753311
csxz,4,384.231341,80.381345
#========================= OptEWE [OpenMP] =========================
#Grid Size                                    :  1024 x 1024 x 1024
#Iterations                                   :  5
#Compute time                                 :  86.071915
#Total effective MLUPS                        :  62.374691
#===================================================================
#Number of threads                            :  17
