dxf,0,691.923895,113.850558
dzb,0,1726.570822,332.459047
dyb,0,752.069794,125.714597
cvx,0,1143.247526,183.311124
dyf,0,757.467452,125.337158
dzb2,0,1726.013204,333.097566
dxb,0,683.428554,114.588268
cvy,0,3072.028348,423.214617
dzf,0,1727.806789,334.499114
dxb2,0,683.907346,114.518161
dyb2,0,757.640654,124.921864
cvz,0,1211.923738,200.666541
dzb3,0,2863.150308,485.693088
dxb3,0,887.949491,141.523564
dyb3,0,913.628841,146.473546
csxxsyyszz,0,1301.787305,220.623220
dyf2,0,913.476812,146.434322
dxf2,0,886.438403,141.505213
csxy,0,626.220721,108.720839
dzf2,0,3695.667116,599.260479
dyf3,0,859.222590,139.112974
csyz,0,826.763421,140.624291
dxf3,0,821.805585,132.570818
dzf3,0,3700.351687,600.366053
csxz,0,828.924980,141.059184
dxf,1,691.923794,114.328547
dzb,1,1725.275610,333.442970
dyb,1,751.898889,125.800644
cvx,1,1141.962474,183.504648
dyf,1,756.686770,124.932427
dzb2,1,1725.733569,333.544095
dxb,1,683.115573,114.671791
cvy,1,1143.451276,182.993519
dzf,1,1733.089547,334.882212
dxb2,1,682.952550,114.660142
dyb2,1,756.261181,124.672720
cvz,1,1214.328606,200.592151
dzb3,1,2867.275160,485.974894
dxb3,1,887.113167,141.771956
dyb3,1,913.195593,146.735183
csxxsyyszz,1,1310.097178,221.959115
dyf2,1,913.485800,146.801906
dxf2,1,887.175055,142.026718
csxy,1,624.583268,108.841489
dzf2,1,3698.162360,599.250213
dyf3,1,859.694726,139.219370
csyz,1,827.021065,140.946358
dxf3,1,821.445044,132.593753
dzf3,1,3702.551320,599.805551
csxz,1,830.333367,140.747116
dxf,2,691.494879,114.239840
dzb,2,1726.677567,333.563396
dyb,2,751.413441,125.842289
cvx,2,1141.036020,183.457973
dyf,2,756.774808,124.606139
dzb2,2,1726.626635,333.683079
dxb,2,684.522639,114.872700
cvy,2,1143.269780,183.305332
dzf,2,1728.734412,334.466882
dxb2,2,683.540502,114.789398
dyb2,2,756.187878,124.841702
cvz,2,1211.639816,200.700689
dzb3,2,2866.437257,486.710140
dxb3,2,889.185031,141.646124
dyb3,2,914.261233,146.995686
csxxsyyszz,2,1321.576127,223.758665
dyf2,2,912.942558,146.851401
dxf2,2,885.545521,141.843648
csxy,2,627.572252,108.752083
dzf2,2,3697.007032,600.025900
dyf3,2,861.408796,139.358572
csyz,2,828.570666,140.693916
dxf3,2,820.319628,132.794975
dzf3,2,3696.242476,601.411770
csxz,2,828.034046,140.909817
dxf,3,691.622047,114.128613
dzb,3,1725.960841,334.435386
dyb,3,751.438858,125.905673
cvx,3,1142.490219,183.263691
dyf,3,755.641642,124.737890
dzb2,3,1729.108855,335.257067
dxb,3,683.577894,114.640875
cvy,3,1140.663170,183.356356
dzf,3,1730.482632,334.971148
dxb2,3,683.609234,114.813415
dyb2,3,756.817905,125.066652
cvz,3,1216.175264,200.930646
dzb3,3,2867.183221,486.172551
dxb3,3,888.570575,141.783287
dyb3,3,913.887657,146.707430
csxxsyyszz,3,1316.751267,222.986901
dyf2,3,913.627440,146.634454
dxf2,3,886.017266,141.645022
csxy,3,625.703147,108.773051
dzf2,3,3694.290260,600.135488
dyf3,3,860.490180,139.878939
csyz,3,826.311610,140.792068
dxf3,3,820.791801,132.739355
dzf3,3,3693.856611,600.576458
csxz,3,828.421327,141.172597
dxf,4,690.941690,114.272966
dzb,4,1726.679893,333.893843
dyb,4,753.229496,126.423706
cvx,4,1142.100990,183.928172
dyf,4,755.157724,124.970869
dzb2,4,1726.963132,334.135127
dxb,4,683.373949,115.140277
cvy,4,1143.075780,183.362204
dzf,4,1729.036952,334.712353
dxb2,4,683.554203,114.847332
dyb2,4,756.261866,124.809644
cvz,4,1214.168117,200.833736
dzb3,4,2867.779729,486.440502
dxb3,4,887.867342,141.743049
dyb3,4,913.573706,146.809793
csxxsyyszz,4,1307.049308,221.554962
dyf2,4,912.308730,146.658241
dxf2,4,884.296781,141.723402
csxy,4,624.011809,108.854546
dzf2,4,3698.620193,600.103985
dyf3,4,860.423003,139.446167
csyz,4,823.728565,140.802167
dxf3,4,819.902029,132.488949
dzf3,4,3701.685691,600.226495
csxz,4,830.196745,140.972016
#========================= OptEWE [OpenMP] =========================
#Grid Size                                    :  1024 x 1024 x 1024
#Iterations                                   :  5
#Compute time                                 :  162.639359
#Total effective MLUPS                        :  33.009901
#===================================================================
#Number of threads                            :  14
