dxf,0,264.840432,55.338332
dzb,0,1216.315796,257.717887
dyb,0,412.644509,77.091511
cvx,0,364.234636,74.794486
dyf,0,410.166538,76.923895
dzb2,0,1214.310416,256.283527
dxb,0,264.618599,56.719155
cvy,0,2947.747983,409.726214
dzf,0,1216.846016,256.461780
dxb2,0,264.249766,56.782530
dyb2,0,411.280168,76.918601
cvz,0,390.782106,83.948368
dzb3,0,1213.849556,258.097877
dxb3,0,264.508069,56.940954
dyb3,0,416.050830,77.839077
csxxsyyszz,0,991.919572,173.930670
dyf2,0,410.890590,75.332350
dxf2,0,293.393778,60.094255
csxy,0,240.050344,55.020629
dzf2,0,2452.606070,426.688482
dyf3,0,411.005928,75.399558
csyz,0,379.094101,78.358301
dxf3,0,262.253006,56.369991
dzf3,0,1217.817481,258.744124
csxz,0,376.242790,79.471458
dxf,1,262.052330,56.538657
dzb,1,1213.835566,258.074922
dyb,1,412.242495,77.010182
cvx,1,366.017997,74.950886
dyf,1,409.885051,76.885732
dzb2,1,1213.908662,257.352626
dxb,1,264.657410,57.053072
cvy,1,433.908394,89.606944
dzf,1,1215.198145,257.640722
dxb2,1,264.051712,56.858720
dyb2,1,412.205546,77.121142
cvz,1,390.241597,83.951344
dzb3,1,1211.313960,257.900644
dxb3,1,264.405166,57.011990
dyb3,1,416.057593,77.947467
csxxsyyszz,1,991.636789,174.094042
dyf2,1,410.793544,75.406537
dxf2,1,293.583636,60.184644
csxy,1,238.257654,54.750243
dzf2,1,2451.868290,427.286766
dyf3,1,411.299152,75.541735
csyz,1,379.434202,78.265771
dxf3,1,262.158517,56.478526
dzf3,1,1213.691551,258.072772
csxz,1,376.194982,79.561256
dxf,2,262.120301,56.591052
dzb,2,1214.000539,258.417255
dyb,2,412.324756,77.157637
cvx,2,364.188627,74.656801
dyf,2,408.900049,76.729220
dzb2,2,1213.352733,256.554441
dxb,2,264.544620,56.840419
cvy,2,437.214980,90.089812
dzf,2,1214.642978,257.627292
dxb2,2,264.249542,57.024379
dyb2,2,412.947996,77.299449
cvz,2,391.000746,84.107691
dzb3,2,1211.459507,258.042616
dxb3,2,264.550819,57.078703
dyb3,2,416.234697,77.951521
csxxsyyszz,2,997.818710,175.045015
dyf2,2,410.845268,75.367792
dxf2,2,293.688864,60.236331
csxy,2,238.142930,54.731570
dzf2,2,2453.267155,427.868518
dyf3,2,411.088523,75.341799
csyz,2,377.890768,78.356870
dxf3,2,261.860865,56.450306
dzf3,2,1215.471574,258.410673
csxz,2,376.595716,79.667302
dxf,3,261.961565,56.625282
dzb,3,1215.815810,258.799925
dyb,3,412.203304,77.105787
cvx,3,364.217139,74.692251
dyf,3,408.927750,76.790022
dzb2,3,1213.412930,256.673655
dxb,3,264.576751,56.823326
cvy,3,433.956224,89.686154
dzf,3,1215.159783,257.861617
dxb2,3,264.336437,56.992077
dyb2,3,410.801934,77.031094
cvz,3,391.182503,84.234381
dzb3,3,1211.144887,258.066338
dxb3,3,264.632071,57.005950
dyb3,3,416.002883,77.941572
csxxsyyszz,3,992.296702,174.357083
dyf2,3,410.986482,75.554301
dxf2,3,293.713609,60.352545
csxy,3,239.666822,55.058852
dzf2,3,2448.388674,428.399177
dyf3,3,411.528008,75.539925
csyz,3,378.625004,78.570914
dxf3,3,262.044653,56.542957
dzf3,3,1213.677930,258.298127
csxz,3,376.223000,79.648796
dxf,4,262.256664,56.711512
dzb,4,1213.817892,258.540082
dyb,4,412.314041,77.147789
cvx,4,364.375775,74.778170
dyf,4,408.928855,76.785242
dzb2,4,1215.057199,257.118876
dxb,4,264.708034,56.947305
cvy,4,434.115233,89.700551
dzf,4,1217.267570,258.129995
dxb2,4,264.998748,57.223415
dyb2,4,410.874084,76.968457
cvz,4,390.791946,84.219774
dzb3,4,1211.525461,258.327834
dxb3,4,264.666103,57.179319
dyb3,4,417.209974,78.135012
csxxsyyszz,4,998.083495,175.291653
dyf2,4,410.846613,75.552521
dxf2,4,293.557052,60.354209
csxy,4,238.504363,54.836003
dzf2,4,2449.644637,428.430318
dyf3,4,411.181437,75.433498
csyz,4,378.536277,78.558105
dxf3,4,261.922572,56.561083
dzf3,4,1215.242811,258.539781
csxz,4,376.593941,79.752050
#========================= OptEWE [OpenMP] =========================
#Grid Size                                    :  1024 x 1024 x 1024
#Iterations                                   :  5
#Compute time                                 :  81.438118
#Total effective MLUPS                        :  65.923787
#===================================================================
#Number of threads                            :  18
