dxf,0,639.024301,94.550297
dzb,0,4059.338120,541.889138
dyb,0,1276.431792,167.248017
cvx,0,1301.961896,168.110705
dyf,0,1263.983543,166.083436
dzb2,0,4051.719204,539.599037
dxb,0,667.716481,97.915654
cvy,0,4119.455708,490.301559
dzf,0,4037.993239,539.087330
dxb2,0,682.011366,99.800495
dyb2,0,1267.499512,166.633482
cvz,0,1305.991785,176.463142
dzb3,0,4056.441310,542.090063
dxb3,0,665.248873,97.825742
dyb3,0,1291.102877,171.460430
csxxsyyszz,0,3571.769557,447.372123
dyf2,0,1269.896990,166.988952
dxf2,0,647.068869,98.519847
csxy,0,530.225681,90.196793
dzf2,0,4696.186711,667.516867
dyf3,0,1272.774404,167.520435
csyz,0,622.943214,106.567587
dxf3,0,630.468294,94.759781
dzf3,0,4059.702903,541.621560
csxz,0,604.143572,103.903096
dxf,1,633.899884,95.267289
dzb,1,4060.202660,545.373064
dyb,1,1272.658634,166.940043
cvx,1,1304.350498,168.856457
dyf,1,1266.847020,166.245193
dzb2,1,4061.335684,540.731272
dxb,1,666.195005,97.692558
cvy,1,1307.446049,175.041202
dzf,1,4069.159643,541.565303
dxb2,1,684.163435,99.929747
dyb2,1,1268.436326,166.684764
cvz,1,1310.287267,176.925603
dzb3,1,4059.851696,542.556652
dxb3,1,666.843279,98.060774
dyb3,1,1292.996578,171.554737
csxxsyyszz,1,3572.035551,451.800645
dyf2,1,1265.626778,166.247740
dxf2,1,646.984910,98.250971
csxy,1,530.092266,89.877166
dzf2,1,4689.654458,665.755841
dyf3,1,1272.574553,166.871079
csyz,1,621.381228,106.124406
dxf3,1,628.275673,94.290962
dzf3,1,4060.572275,540.336500
csxz,1,603.461195,103.628498
dxf,2,635.640913,95.334909
dzb,2,4057.991197,540.419889
dyb,2,1274.751920,167.303318
cvx,2,1304.106459,169.715821
dyf,2,1266.534696,173.279022
dzb2,2,4057.962371,541.815818
dxb,2,665.743774,97.661465
cvy,2,1303.165975,174.771654
dzf,2,4055.594750,541.234575
dxb2,2,686.139811,100.155342
dyb2,2,1266.432417,166.550590
cvz,2,1310.642749,177.327237
dzb3,2,4046.671316,538.605890
dxb3,2,663.824715,97.677562
dyb3,2,1291.147273,171.501650
csxxsyyszz,2,3567.428450,446.283513
dyf2,2,1268.022293,167.131325
dxf2,2,647.572664,98.548159
csxy,2,529.590737,90.019452
dzf2,2,4686.935211,665.553531
dyf3,2,1270.138970,166.711477
csyz,2,621.476219,106.196617
dxf3,2,630.304154,94.769020
dzf3,2,4059.438744,540.504484
csxz,2,603.401183,103.652228
dxf,3,639.745063,95.711872
dzb,3,4059.013418,540.658624
dyb,3,1277.379278,167.537551
cvx,3,1303.526904,167.630184
dyf,3,1266.913016,166.348772
dzb2,3,4060.179916,542.177066
dxb,3,668.625800,98.370321
cvy,3,1301.860330,174.819206
dzf,3,4061.813914,540.746833
dxb2,3,685.315008,100.105617
dyb2,3,1269.468923,166.736399
cvz,3,1307.576501,176.681900
dzb3,3,4062.438382,541.839076
dxb3,3,664.802202,97.841962
dyb3,3,1292.416395,171.776517
csxxsyyszz,3,3543.744833,444.036589
dyf2,3,1268.350949,167.317208
dxf2,3,648.637383,98.619075
csxy,3,530.088316,90.119869
dzf2,3,4676.427477,665.290393
dyf3,3,1272.522671,167.323118
csyz,3,621.233018,106.208158
dxf3,3,630.097374,94.579159
dzf3,3,4032.575906,537.926894
csxz,3,603.111911,103.422226
dxf,4,634.755923,94.895384
dzb,4,4050.061312,539.392289
dyb,4,1273.940655,167.155123
cvx,4,1295.903920,167.387169
dyf,4,1269.757052,166.265116
dzb2,4,4059.369354,539.768786
dxb,4,666.212841,97.645931
cvy,4,1305.879007,174.723509
dzf,4,4064.960009,546.832083
dxb2,4,685.233501,99.982996
dyb2,4,1267.484590,166.087296
cvz,4,1310.213295,176.440887
dzb3,4,4059.719316,538.783521
dxb3,4,664.891565,97.319507
dyb3,4,1293.361574,171.077026
csxxsyyszz,4,3542.707060,440.303546
dyf2,4,1268.107876,166.016535
dxf2,4,647.410984,98.147478
csxy,4,530.254489,89.802507
dzf2,4,4690.038711,664.573820
dyf3,4,1270.240988,166.358250
csyz,4,621.266071,105.870392
dxf3,4,629.588581,94.599299
dzf3,4,4047.797197,538.489349
csxz,4,603.495902,103.772220
#========================= OptEWE [OpenMP] =========================
#Grid Size                                    :  1024 x 1024 x 1024
#Iterations                                   :  5
#Compute time                                 :  231.678329
#Total effective MLUPS                        :  23.173117
#===================================================================
#Number of threads                            :  5
