dxf,0,828.386522,128.529780
dzb,0,3210.840596,515.580191
dyb,0,899.551795,140.786342
cvx,0,1363.775809,207.276059
dyf,0,892.776280,139.805242
dzb2,0,2025.130791,371.163904
dxb,0,816.061796,128.614029
cvy,0,3147.073329,415.558705
dzf,0,2028.684431,371.698825
dxb2,0,946.840538,146.608341
dyb2,0,894.786290,140.249633
cvz,0,1587.422670,242.161622
dzb3,0,4468.607149,676.995340
dxb3,0,1053.468753,159.944387
dyb3,0,1077.173513,164.793692
csxxsyyszz,0,1535.856029,247.586955
dyf2,0,1079.461144,165.107622
dxf2,0,1052.774333,159.874241
csxy,0,756.790017,120.603047
dzf2,0,4470.311247,676.673230
dyf3,0,1079.412932,165.217076
csyz,0,993.596506,156.799261
dxf3,0,1052.597570,160.011429
dzf3,0,4466.787618,677.436487
csxz,0,1204.342258,185.482933
dxf,1,826.720386,128.669589
dzb,1,3211.077613,515.492250
dyb,1,899.518103,140.902369
cvx,1,1364.155851,207.445807
dyf,1,891.710503,139.657414
dzb2,1,2020.748048,370.490329
dxb,1,814.995336,128.529930
cvy,1,1360.849241,207.173930
dzf,1,2025.816028,371.706749
dxb2,1,944.525333,147.000862
dyb2,1,890.990245,139.812547
cvz,1,1591.439467,242.193004
dzb3,1,4468.150196,677.083546
dxb3,1,1052.178955,159.944923
dyb3,1,1077.119768,164.967277
csxxsyyszz,1,1538.229279,249.027952
dyf2,1,1080.106969,165.224168
dxf2,1,1052.971161,159.988799
csxy,1,755.700001,120.611015
dzf2,1,4470.435839,676.970242
dyf3,1,1077.730857,164.986457
csyz,1,994.903707,156.935068
dxf3,1,1053.411616,160.088732
dzf3,1,4466.247170,676.856218
csxz,1,1203.405775,185.564791
dxf,2,826.567244,128.728237
dzb,2,3210.055773,515.472906
dyb,2,900.537037,141.103018
cvx,2,1364.003834,207.537771
dyf,2,890.479710,139.666922
dzb2,2,2022.211578,371.033353
dxb,2,815.326785,128.522867
cvy,2,1362.980234,207.388454
dzf,2,2026.267419,371.663071
dxb2,2,946.222973,146.653702
dyb2,2,892.604607,139.961073
cvz,2,1591.938920,242.140849
dzb3,2,4468.174296,676.975994
dxb3,2,1052.291257,159.894604
dyb3,2,1078.861531,165.096028
csxxsyyszz,2,1540.795081,248.370515
dyf2,2,1076.525120,164.825554
dxf2,2,1053.263337,159.982585
csxy,2,755.240199,120.506577
dzf2,2,4468.424317,676.803574
dyf3,2,1079.945519,165.476546
csyz,2,993.561851,156.734253
dxf3,2,1053.405867,160.129295
dzf3,2,4465.607005,676.480587
csxz,2,1201.089787,185.217550
dxf,3,826.692183,128.852404
dzb,3,3210.728777,516.624190
dyb,3,899.459999,141.108149
cvx,3,1362.046066,207.763571
dyf,3,890.915754,140.075399
dzb2,3,2023.082535,371.920611
dxb,3,816.528661,129.001169
cvy,3,1360.472023,207.614193
dzf,3,2025.417352,372.209024
dxb2,3,944.824717,146.771924
dyb2,3,892.912611,140.141457
cvz,3,1591.034528,242.203165
dzb3,3,4439.099061,676.632481
dxb3,3,1053.433306,160.099517
dyb3,3,1078.763943,165.132660
csxxsyyszz,3,1541.334585,248.627351
dyf2,3,1078.192016,165.089662
dxf2,3,1052.647230,160.053559
csxy,3,755.054605,120.556259
dzf2,3,4468.639659,676.817321
dyf3,3,1078.800185,165.089512
csyz,3,994.719215,156.953780
dxf3,3,1053.305843,160.077649
dzf3,3,4469.653619,676.742879
csxz,3,1203.420822,185.310323
dxf,4,827.297564,128.753918
dzb,4,3205.265737,516.464545
dyb,4,898.345754,140.812824
cvx,4,1362.960515,207.507985
dyf,4,892.636624,139.949244
dzb2,4,2022.484543,371.217211
dxb,4,816.428989,128.714319
cvy,4,1361.572690,207.443161
dzf,4,2028.368962,372.239168
dxb2,4,947.663221,146.791057
dyb2,4,892.932417,140.027456
cvz,4,1591.846743,242.160304
dzb3,4,4469.648545,677.218092
dxb3,4,1052.344064,160.009086
dyb3,4,1077.735605,164.952849
csxxsyyszz,4,1536.300077,247.660082
dyf2,4,1078.794895,165.193086
dxf2,4,1053.721680,159.970803
csxy,4,755.696400,120.636894
dzf2,4,4468.858915,676.956752
dyf3,4,1079.627341,165.222179
csyz,4,992.946790,156.879221
dxf3,4,1051.462753,159.843553
dzf3,4,4468.013590,677.458545
csxz,4,1204.116890,185.692236
#========================= OptEWE [OpenMP] =========================
#Grid Size                                    :  1024 x 1024 x 1024
#Iterations                                   :  5
#Compute time                                 :  207.450974
#Total effective MLUPS                        :  25.879411
#===================================================================
#Number of threads                            :  12
