dxf,0,637.251803,94.153328
dzb,0,4070.412536,542.149172
dyb,0,1278.219835,167.765850
cvx,0,1305.479315,170.422105
dyf,0,1268.819656,166.385088
dzb2,0,4053.082202,540.551463
dxb,0,672.357430,98.515823
cvy,0,4170.315474,496.189060
dzf,0,4055.420857,540.455788
dxb2,0,666.767146,97.972346
dyb2,0,1271.489346,166.821920
cvz,0,1334.839241,179.465559
dzb3,0,4055.428081,540.281693
dxb3,0,665.677535,97.642267
dyb3,0,1288.063187,170.712801
csxxsyyszz,0,3566.750291,458.316779
dyf2,0,1271.225418,167.349882
dxf2,0,649.453478,98.763066
csxy,0,531.572931,90.376995
dzf2,0,4669.464268,664.659009
dyf3,0,1270.972251,167.284974
csyz,0,678.637191,114.378557
dxf3,0,691.574876,101.763793
dzf3,0,4043.545845,540.135615
csxz,0,608.159720,104.558730
dxf,1,637.610162,95.904449
dzb,1,4041.342132,540.681059
dyb,1,1273.331870,167.421415
cvx,1,1299.780970,169.018353
dyf,1,1267.523642,166.966270
dzb2,1,4066.736582,540.558675
dxb,1,675.141891,98.964629
cvy,1,1322.793664,176.670878
dzf,1,4066.264178,542.182162
dxb2,1,667.558254,97.624405
dyb2,1,1272.642676,166.883383
cvz,1,1331.644774,179.565375
dzb3,1,4058.843928,540.585262
dxb3,1,667.579453,97.891444
dyb3,1,1294.847834,171.508136
csxxsyyszz,1,3594.850583,448.379124
dyf2,1,1275.475398,170.769371
dxf2,1,650.713313,102.333898
csxy,1,532.614880,90.458002
dzf2,1,4683.885879,665.185885
dyf3,1,1274.334996,167.167081
csyz,1,680.199977,114.223725
dxf3,1,690.677858,101.300332
dzf3,1,4065.702733,541.653283
csxz,1,609.576668,104.694291
dxf,2,634.662430,95.274703
dzb,2,4063.817744,542.054915
dyb,2,1275.004216,167.474969
cvx,2,1301.505959,168.321524
dyf,2,1271.455722,167.215275
dzb2,2,4068.484054,547.437132
dxb,2,673.498404,98.739229
cvy,2,1322.122971,176.530748
dzf,2,4055.683717,540.544926
dxb2,2,669.240925,98.500966
dyb2,2,1275.112418,168.220474
cvz,2,1333.773489,180.567199
dzb3,2,4057.491764,540.177693
dxb3,2,666.324591,97.625652
dyb3,2,1290.356882,170.808616
csxxsyyszz,2,3597.224869,447.453682
dyf2,2,1274.568563,166.980714
dxf2,2,650.366655,98.673686
csxy,2,533.259859,90.350789
dzf2,2,4683.546376,666.021271
dyf3,2,1275.613549,167.997276
csyz,2,681.904397,114.766729
dxf3,2,690.856804,101.683362
dzf3,2,4064.706576,543.680232
csxz,2,609.742482,104.772168
dxf,3,638.779269,95.987187
dzb,3,4069.289441,544.128007
dyb,3,1275.255190,167.750104
cvx,3,1301.513173,169.458534
dyf,3,1268.019004,168.336882
dzb2,3,4069.280720,543.692650
dxb,3,674.231039,98.703906
cvy,3,1325.755009,177.337211
dzf,3,4064.046960,542.635589
dxb2,3,667.360812,98.026971
dyb2,3,1275.294335,167.438677
cvz,3,1331.098538,179.255056
dzb3,3,4067.651058,543.013533
dxb3,3,664.790288,97.483982
dyb3,3,1291.870937,171.033891
csxxsyyszz,3,3594.434082,449.103586
dyf2,3,1275.402574,167.962500
dxf2,3,650.624957,99.034446
csxy,3,533.892999,90.816195
dzf2,3,4682.127242,666.441170
dyf3,3,1274.648816,167.838330
csyz,3,681.184610,115.206342
dxf3,3,690.156816,101.946980
dzf3,3,4067.827028,541.842119
csxz,3,609.617914,104.428244
dxf,4,633.511173,95.086283
dzb,4,4063.591700,541.578169
dyb,4,1273.913126,167.247679
cvx,4,1305.786722,169.083641
dyf,4,1268.563788,167.139143
dzb2,4,4069.296850,543.962818
dxb,4,674.696157,99.134172
cvy,4,1322.963082,177.582309
dzf,4,4068.178930,543.845290
dxb2,4,668.735100,98.536992
dyb2,4,1268.588911,172.032514
cvz,4,1333.464352,181.071719
dzb3,4,4058.978999,541.679981
dxb3,4,664.613191,97.803916
dyb3,4,1295.546108,171.936669
csxxsyyszz,4,3603.838164,452.131976
dyf2,4,1272.104966,167.118667
dxf2,4,650.852294,98.944894
csxy,4,533.303566,90.601171
dzf2,4,4685.044944,665.321346
dyf3,4,1269.557086,166.310351
csyz,4,680.592239,114.668812
dxf3,4,691.795963,101.898523
dzf3,4,4064.611134,550.609969
csxz,4,607.752945,108.633204
#========================= OptEWE [OpenMP] =========================
#Grid Size                                    :  1024 x 1024 x 1024
#Iterations                                   :  5
#Compute time                                 :  232.871704
#Total effective MLUPS                        :  23.054364
#===================================================================
#Number of threads                            :  5
