dxf,0,408.864746,72.395111
dzb,0,2090.563930,368.936557
dyb,0,711.513337,107.351568
cvx,0,657.079286,109.703323
dyf,0,708.608185,106.566185
dzb2,0,2087.686521,367.510519
dxb,0,415.230429,75.343534
cvy,0,2957.180228,368.852133
dzf,0,2101.488561,369.108144
dxb2,0,421.464528,76.210350
dyb2,0,710.034440,111.133226
cvz,0,670.128084,117.842320
dzb3,0,2086.573133,367.875925
dxb3,0,415.975557,75.351925
dyb3,0,715.717127,111.379482
csxxsyyszz,0,1822.557240,258.110420
dyf2,0,710.979510,105.144331
dxf2,0,451.970467,75.717648
csxy,0,328.602094,65.137397
dzf2,0,3900.190064,578.491528
dyf3,0,710.618974,105.889460
csyz,0,508.619233,91.747926
dxf3,0,404.612716,73.354739
dzf3,0,2093.302209,369.784074
csxz,0,501.371550,91.806810
dxf,1,406.617497,73.864608
dzb,1,2089.962327,369.898210
dyb,1,714.331867,107.813477
cvx,1,658.811279,110.131158
dyf,1,709.505530,106.708357
dzb2,1,2088.346165,368.044898
dxb,1,414.786695,75.230315
cvy,1,680.302294,111.127926
dzf,1,2097.886122,374.085868
dxb2,1,421.460308,76.209462
dyb2,1,709.039966,107.224217
cvz,1,670.066446,117.896169
dzb3,1,2091.114465,369.279140
dxb3,1,415.687981,75.396402
dyb3,1,717.124568,111.092966
csxxsyyszz,1,1796.240138,254.153362
dyf2,1,709.930969,105.800680
dxf2,1,452.096429,75.894815
csxy,1,328.510216,65.192602
dzf2,1,3899.451500,578.392676
dyf3,1,714.205485,106.178214
csyz,1,510.259161,91.703136
dxf3,1,404.374038,73.555362
dzf3,1,2091.531532,370.304749
csxz,1,503.058627,91.885275
dxf,2,406.250815,73.930552
dzb,2,2086.560577,369.741298
dyb,2,711.980537,107.228959
cvx,2,657.464846,109.915848
dyf,2,708.554412,107.001069
dzb2,2,2090.713654,368.246046
dxb,2,414.968527,75.281498
cvy,2,681.981329,111.342186
dzf,2,2089.422114,378.628558
dxb2,2,420.994922,76.217787
dyb2,2,709.107463,107.003291
cvz,2,669.983948,117.782876
dzb3,2,2087.144960,368.648463
dxb3,2,415.798967,75.405564
dyb3,2,716.788261,111.160205
csxxsyyszz,2,1816.683282,256.906040
dyf2,2,710.241685,105.653186
dxf2,2,451.781891,75.811717
csxy,2,328.350446,65.182413
dzf2,2,3899.047695,578.362641
dyf3,2,710.532109,105.713728
csyz,2,510.143051,91.673177
dxf3,2,405.798733,73.639756
dzf3,2,2092.097900,370.127976
csxz,2,502.029018,91.976146
dxf,3,407.746127,74.447188
dzb,3,2086.590214,369.752171
dyb,3,711.487895,107.239584
cvx,3,658.186087,110.105180
dyf,3,708.387173,106.321678
dzb2,3,2090.800207,368.602095
dxb,3,414.129684,78.430411
cvy,3,680.565576,111.318746
dzf,3,2096.179584,369.620371
dxb2,3,422.562965,76.470565
dyb2,3,708.226763,107.533882
cvz,3,669.787634,117.913814
dzb3,3,2085.730629,368.626895
dxb3,3,415.511927,75.549557
dyb3,3,715.946052,111.458294
csxxsyyszz,3,1784.037931,252.526267
dyf2,3,710.074362,106.102260
dxf2,3,452.002784,75.824958
csxy,3,328.425049,65.144848
dzf2,3,3900.488915,578.795379
dyf3,3,710.678255,105.884944
csyz,3,509.942541,91.788782
dxf3,3,406.277495,73.966774
dzf3,3,2092.222344,370.624215
csxz,3,501.422471,92.069338
dxf,4,406.735194,73.955896
dzb,4,2086.322269,370.014441
dyb,4,711.563602,107.608648
cvx,4,659.421069,110.644692
dyf,4,709.461905,106.349933
dzb2,4,2084.804818,378.236404
dxb,4,414.600889,76.301760
cvy,4,679.953706,111.228342
dzf,4,2095.613255,369.020046
dxb2,4,421.528652,76.176354
dyb2,4,708.975774,107.015397
cvz,4,669.833499,117.854880
dzb3,4,2085.625064,368.587626
dxb3,4,416.785958,75.806808
dyb3,4,717.064209,111.068157
csxxsyyszz,4,1783.662583,252.495669
dyf2,4,710.059087,105.770878
dxf2,4,452.154724,75.851318
csxy,4,328.304380,65.131857
dzf2,4,3899.716866,578.562494
dyf3,4,714.688225,106.263705
csyz,4,509.052551,91.673663
dxf3,4,404.451394,73.424114
dzf3,4,2093.788540,370.111345
csxz,4,501.961925,92.023345
#========================= OptEWE [OpenMP] =========================
#Grid Size                                    :  1024 x 1024 x 1024
#Iterations                                   :  5
#Compute time                                 :  133.714264
#Total effective MLUPS                        :  40.150609
#===================================================================
#Number of threads                            :  10
