dxf,0,693.879068,114.108035
dzb,0,1728.198376,332.750478
dyb,0,753.212718,125.851866
cvx,0,1146.798862,183.391789
dyf,0,762.302742,125.501569
dzb2,0,1727.008085,333.415808
dxb,0,684.837055,114.916229
cvy,0,3071.879612,423.143783
dzf,0,1735.505813,334.571192
dxb2,0,684.831816,114.766354
dyb2,0,760.316509,125.038512
cvz,0,1217.581461,200.956746
dzb3,0,2880.411868,488.511644
dxb3,0,889.888800,141.895312
dyb3,0,917.339217,147.124637
csxxsyyszz,0,1351.864627,227.638061
dyf2,0,917.059601,146.894808
dxf2,0,888.891241,141.800122
csxy,0,628.138776,108.882620
dzf2,0,3708.039193,600.766550
dyf3,0,862.548401,139.464289
csyz,0,831.205567,141.012324
dxf3,0,822.217285,132.900345
dzf3,0,3708.657820,600.728203
csxz,0,830.179423,140.904244
dxf,1,694.066889,114.388777
dzb,1,1727.633483,334.295946
dyb,1,753.395237,126.066719
cvx,1,1147.112485,183.701100
dyf,1,758.353566,125.093785
dzb2,1,1729.488866,334.326500
dxb,1,686.379210,114.907409
cvy,1,1144.075747,183.631391
dzf,1,1733.126272,335.082600
dxb2,1,687.479093,115.268988
dyb2,1,757.356895,125.140002
cvz,1,1217.772280,201.022580
dzb3,1,2875.284880,487.792392
dxb3,1,891.101331,142.020019
dyb3,1,917.500527,147.005620
csxxsyyszz,1,1344.661786,226.796660
dyf2,1,915.850235,147.089089
dxf2,1,891.331180,142.813235
csxy,1,629.277056,108.938477
dzf2,1,3708.224319,601.870654
dyf3,1,863.690326,139.744966
csyz,1,825.083834,140.876701
dxf3,1,822.183386,132.979553
dzf3,1,3705.926477,602.161302
csxz,1,833.065460,141.241381
dxf,2,692.900463,114.553467
dzb,2,1728.430284,333.883767
dyb,2,753.646652,126.087827
cvx,2,1147.930474,183.740055
dyf,2,759.482418,125.154915
dzb2,2,1727.561281,333.887304
dxb,2,685.539433,115.021440
cvy,2,1147.082398,184.064416
dzf,2,1734.760439,335.387592
dxb2,2,685.565308,114.759962
dyb2,2,757.723520,125.135316
cvz,2,1214.928587,201.333319
dzb3,2,2876.538432,487.910705
dxb3,2,891.295090,141.759582
dyb3,2,916.252574,147.133641
csxxsyyszz,2,1355.573854,228.169696
dyf2,2,916.253862,147.238898
dxf2,2,887.940563,142.174487
csxy,2,625.993629,109.202439
dzf2,2,3676.560460,600.870466
dyf3,2,864.342723,139.729706
csyz,2,828.432549,141.279436
dxf3,2,823.517910,133.090598
dzf3,2,3710.859333,601.554450
csxz,2,831.773665,140.876419
dxf,3,692.928699,114.605437
dzb,3,1731.877258,334.370476
dyb,3,753.006131,126.117677
cvx,3,1144.476875,184.059290
dyf,3,758.505577,124.990114
dzb2,3,1731.701410,334.707247
dxb,3,685.385578,115.061969
cvy,3,1146.019868,183.697472
dzf,3,1734.188292,335.305947
dxb2,3,685.219992,115.014098
dyb2,3,757.857738,125.113797
cvz,3,1216.319729,201.265459
dzb3,3,2878.476997,488.131717
dxb3,3,890.777009,142.699078
dyb3,3,917.086076,147.311562
csxxsyyszz,3,1351.811328,227.775332
dyf2,3,916.259195,147.261339
dxf2,3,888.740699,142.215734
csxy,3,626.356508,109.122297
dzf2,3,3710.551868,601.179485
dyf3,3,863.461017,139.832392
csyz,3,829.825453,141.305740
dxf3,3,824.310643,132.841624
dzf3,3,3710.991345,601.151340
csxz,3,829.045097,141.106265
dxf,4,692.837707,114.562184
dzb,4,1728.775932,333.699839
dyb,4,753.139818,126.116003
cvx,4,1145.975656,184.001648
dyf,4,757.601412,125.003980
dzb2,4,1727.951899,333.716698
dxb,4,685.583399,115.013598
cvy,4,1145.231866,183.426551
dzf,4,1735.908852,335.408412
dxb2,4,685.448137,115.058004
dyb2,4,758.513325,125.094938
cvz,4,1217.748993,201.258365
dzb3,4,2879.339594,487.906880
dxb3,4,889.599106,142.184092
dyb3,4,916.779309,147.308355
csxxsyyszz,4,1335.598645,225.717289
dyf2,4,917.165461,147.245098
dxf2,4,887.296629,141.963090
csxy,4,627.040596,109.109049
dzf2,4,3712.554041,601.154973
dyf3,4,861.807173,139.621996
csyz,4,830.168644,141.106714
dxf3,4,823.662843,133.063852
dzf3,4,3709.119511,601.609349
csxz,4,831.342845,141.337295
#========================= OptEWE [OpenMP] =========================
#Grid Size                                    :  1024 x 1024 x 1024
#Iterations                                   :  5
#Compute time                                 :  163.235138
#Total effective MLUPS                        :  32.889421
#===================================================================
#Number of threads                            :  14
