dxf,0,264.638799,55.262375
dzb,0,1192.833829,253.627161
dyb,0,411.679198,76.763590
cvx,0,364.895964,74.746843
dyf,0,411.347052,76.764903
dzb2,0,1191.911165,252.286899
dxb,0,264.977816,56.850317
cvy,0,2962.048467,410.389356
dzf,0,1198.209841,253.123944
dxb2,0,264.721397,56.859493
dyb2,0,410.199848,76.617141
cvz,0,390.544969,83.786464
dzb3,0,1190.683769,253.793315
dxb3,0,265.196987,57.067882
dyb3,0,415.978502,77.780746
csxxsyyszz,0,995.991935,174.306701
dyf2,0,411.867182,75.515048
dxf2,0,292.574300,59.995270
csxy,0,237.621095,54.516268
dzf2,0,2448.954630,425.563831
dyf3,0,410.850568,75.290110
csyz,0,377.286520,78.120955
dxf3,0,264.416565,56.826076
dzf3,0,1192.957342,254.402643
csxz,0,375.402390,79.437309
dxf,1,262.447712,56.503052
dzb,1,1191.768763,254.368076
dyb,1,411.477934,77.014868
cvx,1,364.307267,74.908814
dyf,1,409.060423,76.566953
dzb2,1,1191.647894,252.699393
dxb,1,264.878281,57.038947
cvy,1,433.647868,89.392518
dzf,1,1196.462197,254.280669
dxb2,1,265.197001,57.183102
dyb2,1,412.345273,77.121886
cvz,1,390.754778,83.989099
dzb3,1,1191.280329,254.337844
dxb3,1,265.112810,57.079060
dyb3,1,416.109420,77.844688
csxxsyyszz,1,987.150620,173.248547
dyf2,1,413.594973,75.813950
dxf2,1,292.340493,59.965223
csxy,1,237.276965,54.562904
dzf2,1,2450.235827,425.561209
dyf3,1,412.083976,75.577842
csyz,1,377.359613,78.136587
dxf3,1,262.456523,56.494014
dzf3,1,1194.963598,255.036673
csxz,1,375.614544,79.794550
dxf,2,262.617619,56.735476
dzb,2,1194.168801,255.385997
dyb,2,411.886996,77.011397
cvx,2,364.497071,74.638865
dyf,2,410.988451,76.842369
dzb2,2,1192.341655,252.953927
dxb,2,264.990128,56.998279
cvy,2,433.871646,89.473931
dzf,2,1194.893970,254.092298
dxb2,2,264.590348,57.088475
dyb2,2,410.383070,76.798035
cvz,2,390.597543,84.019821
dzb3,2,1190.902350,254.344690
dxb3,2,265.022258,56.997154
dyb3,2,415.364419,77.750091
csxxsyyszz,2,995.591040,174.540361
dyf2,2,410.918148,75.402481
dxf2,2,292.431265,59.975388
csxy,2,238.590896,54.841856
dzf2,2,2446.669145,426.554342
dyf3,2,410.913324,75.260344
csyz,2,377.507092,78.191279
dxf3,2,262.386512,56.476832
dzf3,2,1193.254941,254.720980
csxz,2,375.582259,79.566900
dxf,3,262.533261,56.610225
dzb,3,1191.782694,254.667372
dyb,3,411.526358,77.039003
cvx,3,364.719564,74.977272
dyf,3,409.169357,76.698844
dzb2,3,1194.020162,253.339923
dxb,3,265.333444,57.078489
cvy,3,433.342322,89.696379
dzf,3,1197.035729,254.603702
dxb2,3,264.953289,56.997452
dyb2,3,410.346429,76.882311
cvz,3,390.828257,84.055117
dzb3,3,1192.452089,254.673529
dxb3,3,265.262276,57.126266
dyb3,3,417.432541,78.083171
csxxsyyszz,3,995.951765,174.629074
dyf2,3,411.088491,75.494334
dxf2,3,292.598296,60.042363
csxy,3,237.436467,54.579092
dzf2,3,2448.614469,426.505279
dyf3,3,411.206530,75.322854
csyz,3,377.256165,78.188329
dxf3,3,262.748056,56.579906
dzf3,3,1195.842630,255.132194
csxz,3,375.499904,79.562028
dxf,4,262.435174,56.665618
dzb,4,1193.435367,255.042374
dyb,4,411.826732,77.146712
cvx,4,364.844638,74.745550
dyf,4,409.097179,76.638407
dzb2,4,1192.332162,253.102703
dxb,4,265.050267,57.024893
cvy,4,433.560790,89.530675
dzf,4,1195.501357,254.350398
dxb2,4,265.024076,57.062809
dyb2,4,410.257549,76.890304
cvz,4,390.710682,84.053253
dzb3,4,1191.015003,254.600166
dxb3,4,265.089692,57.227229
dyb3,4,415.302998,77.795860
csxxsyyszz,4,991.019781,173.984222
dyf2,4,410.650598,75.480593
dxf2,4,292.362074,60.014151
csxy,4,237.698889,54.711396
dzf2,4,2451.890766,426.262523
dyf3,4,412.205384,75.660222
csyz,4,377.494025,78.259539
dxf3,4,262.470619,56.565648
dzf3,4,1192.954757,254.835836
csxz,4,375.268382,79.585492
#========================= OptEWE [OpenMP] =========================
#Grid Size                                    :  1024 x 1024 x 1024
#Iterations                                   :  5
#Compute time                                 :  80.897377
#Total effective MLUPS                        :  66.364440
#===================================================================
#Number of threads                            :  18
