dxf,0,218.864197,48.504409
dzb,0,988.830975,224.645661
dyb,0,338.549530,67.687749
cvx,0,302.371179,66.947613
dyf,0,336.757825,67.454060
dzb2,0,981.250785,221.793367
dxb,0,225.996778,51.497770
cvy,0,3161.619239,449.758692
dzf,0,984.569066,222.370560
dxb2,0,217.829799,50.149715
dyb2,0,336.910012,67.481304
cvz,0,315.157245,72.146028
dzb3,0,979.242884,223.389777
dxb3,0,216.204992,49.925872
dyb3,0,337.306885,67.596074
csxxsyyszz,0,815.695412,153.831964
dyf2,0,337.879109,65.869855
dxf2,0,216.883977,48.338637
csxy,0,203.587566,49.922029
dzf2,0,981.242337,223.610823
dyf3,0,337.195219,67.645810
csyz,0,245.836546,58.707532
dxf3,0,214.992384,49.769492
dzf3,0,981.720178,223.823831
csxz,0,242.818563,60.052935
dxf,1,215.254932,49.834367
dzb,1,988.350028,225.149375
dyb,1,340.433745,68.330750
cvx,1,302.592176,67.092099
dyf,1,337.477691,67.669253
dzb2,1,982.351865,222.231022
dxb,1,226.319899,51.638656
cvy,1,301.008303,68.433193
dzf,1,981.503626,224.077746
dxb2,1,217.852849,50.254995
dyb2,1,337.790347,67.709276
cvz,1,313.301255,71.913701
dzb3,1,980.347463,223.815092
dxb3,1,216.139018,49.953022
dyb3,1,337.386615,67.647383
csxxsyyszz,1,820.885314,154.459879
dyf2,1,337.951110,65.962024
dxf2,1,216.678265,48.377397
csxy,1,203.769794,50.003740
dzf2,1,980.793676,223.807348
dyf3,1,337.965343,67.798438
csyz,1,245.765428,58.684828
dxf3,1,215.038010,49.786377
dzf3,1,981.130385,223.872140
csxz,1,242.753162,60.061384
dxf,2,215.027599,49.818277
dzb,2,988.356708,225.300773
dyb,2,340.307311,68.030490
cvx,2,303.006002,67.230573
dyf,2,338.374017,67.811022
dzb2,2,980.209325,221.954022
dxb,2,225.989338,51.615416
cvy,2,301.058915,68.450413
dzf,2,981.048951,224.104933
dxb2,2,217.929852,50.274251
dyb2,2,336.725501,67.580831
cvz,2,313.225494,71.953239
dzb3,2,979.134829,223.734174
dxb3,2,216.088554,49.978283
dyb3,2,337.334117,67.596307
csxxsyyszz,2,816.671086,154.268465
dyf2,2,338.813513,66.088439
dxf2,2,216.915239,48.416500
csxy,2,203.834048,50.052319
dzf2,2,980.644465,223.812495
dyf3,2,336.879841,67.676218
csyz,2,245.737420,58.740693
dxf3,2,214.940906,49.823251
dzf3,2,983.194650,224.359399
csxz,2,242.805659,60.134079
dxf,3,214.826405,49.834255
dzb,3,990.377693,225.751323
dyb,3,338.582538,67.785965
cvx,3,303.040602,67.192545
dyf,3,336.660203,67.616532
dzb2,3,980.264523,222.118377
dxb,3,225.841928,51.574286
cvy,3,303.003083,68.804548
dzf,3,981.030345,224.169420
dxb2,3,217.842364,50.290251
dyb2,3,336.829038,67.597376
cvz,3,313.289620,72.013471
dzb3,3,979.219153,223.787256
dxb3,3,216.083009,49.943299
dyb3,3,338.052168,67.808540
csxxsyyszz,3,818.266349,154.353968
dyf2,3,338.902536,66.327087
dxf2,3,216.879613,48.446229
csxy,3,203.762829,50.023028
dzf2,3,980.882344,223.850805
dyf3,3,338.627913,67.891782
csyz,3,245.763309,58.721136
dxf3,3,215.353235,49.895706
dzf3,3,981.496605,224.145287
csxz,3,242.916011,60.156307
dxf,4,215.634117,49.966746
dzb,4,988.571292,225.504090
dyb,4,338.677002,67.830278
cvx,4,302.742724,67.163073
dyf,4,337.682647,67.782443
dzb2,4,980.372849,222.185851
dxb,4,225.870359,51.610505
cvy,4,300.946358,68.521099
dzf,4,981.072557,224.297583
dxb2,4,217.735333,50.275609
dyb2,4,337.560225,67.754509
cvz,4,313.269430,71.989313
dzb3,4,979.431820,223.873548
dxb3,4,216.256792,49.975282
dyb3,4,337.857789,67.770259
csxxsyyszz,4,817.014594,154.424982
dyf2,4,340.606775,66.388940
dxf2,4,216.618841,48.388475
csxy,4,203.900238,50.083989
dzf2,4,982.337188,224.193125
dyf3,4,338.134450,67.846054
csyz,4,245.612941,58.730329
dxf3,4,215.542758,49.937630
dzf3,4,980.872608,224.090180
csxz,4,242.767712,60.274260
#========================= OptEWE [OpenMP] =========================
#Grid Size                                    :  1024 x 1024 x 1024
#Iterations                                   :  5
#Compute time                                 :  61.149815
#Total effective MLUPS                        :  87.796000
#===================================================================
#Number of threads                            :  22
