dxf,0,648.266904,109.687879
dzb,0,1659.633089,323.758837
dyb,0,711.847396,120.767828
cvx,0,1041.340309,175.740026
dyf,0,716.004224,119.629419
dzb2,0,1661.942988,324.699604
dxb,0,638.997198,111.143575
cvy,0,3042.921624,423.881395
dzf,0,1663.257450,325.478247
dxb2,0,636.828393,110.519668
dyb2,0,716.962615,120.009978
cvz,0,1003.488644,174.909938
dzb3,0,1857.818049,353.782538
dxb3,0,822.656521,135.854757
dyb3,0,868.781548,141.241158
csxxsyyszz,0,1277.621788,224.039191
dyf2,0,866.142016,140.907856
dxf2,0,821.912808,136.422418
csxy,0,595.844551,104.942121
dzf2,0,3454.831403,576.447502
dyf3,0,750.209804,124.823760
csyz,0,787.997660,135.315374
dxf3,0,686.783241,116.432217
dzf3,0,3456.224789,576.185166
csxz,0,786.874473,135.346151
dxf,1,646.364110,110.235750
dzb,1,1661.177079,324.777716
dyb,1,711.635970,121.058957
cvx,1,1041.193412,176.346140
dyf,1,717.163014,119.705625
dzb2,1,1665.318039,325.904830
dxb,1,637.893321,110.570669
cvy,1,1041.734369,176.125141
dzf,1,1661.260033,325.559133
dxb2,1,636.658277,110.667397
dyb2,1,717.362368,120.154452
cvz,1,1004.022322,175.960397
dzb3,1,1859.897987,353.849955
dxb3,1,821.827131,136.150065
dyb3,1,866.067640,141.337271
csxxsyyszz,1,1276.313210,224.325273
dyf2,1,866.113839,141.575558
dxf2,1,824.018225,136.150553
csxy,1,594.692839,104.971141
dzf2,1,3451.477217,576.931819
dyf3,1,749.825477,124.831087
csyz,1,785.399823,135.318548
dxf3,1,686.423787,116.034052
dzf3,1,3453.961160,576.905846
csxz,1,786.266948,135.558455
dxf,2,646.859658,110.510305
dzb,2,1660.381271,325.343560
dyb,2,712.724642,121.113400
cvx,2,1039.579045,176.727060
dyf,2,717.731137,120.242547
dzb2,2,1665.381111,326.457398
dxb,2,637.494486,110.832753
cvy,2,1039.351367,177.278794
dzf,2,1663.209070,325.457167
dxb2,2,636.518910,110.681582
dyb2,2,716.955616,120.229859
cvz,2,1004.525667,174.728423
dzb3,2,1859.255075,354.403506
dxb3,2,820.732619,136.354437
dyb3,2,866.764205,141.269955
csxxsyyszz,2,1273.587152,223.654259
dyf2,2,866.216192,141.138099
dxf2,2,823.565470,136.341510
csxy,2,594.335818,105.119156
dzf2,2,3453.580477,576.606858
dyf3,2,750.084737,124.588498
csyz,2,786.077058,135.714255
dxf3,2,686.007866,116.069811
dzf3,2,3456.413621,576.134309
csxz,2,787.356750,134.983155
dxf,3,646.703232,110.318412
dzb,3,1660.173243,325.148967
dyb,3,713.502403,121.398813
cvx,3,1035.893911,177.718235
dyf,3,717.217689,120.057026
dzb2,3,1663.274992,326.243764
dxb,3,637.397174,110.739402
cvy,3,1039.348428,176.400687
dzf,3,1663.751706,325.826528
dxb2,3,636.302646,110.559577
dyb2,3,716.646261,120.126205
cvz,3,1004.487985,174.956391
dzb3,3,1860.067878,354.315076
dxb3,3,820.647032,136.492467
dyb3,3,866.080279,141.097245
csxxsyyszz,3,1258.934033,221.602858
dyf2,3,867.300127,141.164819
dxf2,3,822.702347,136.513922
csxy,3,596.785207,104.786199
dzf2,3,3454.739228,576.162970
dyf3,3,749.959137,124.751855
csyz,3,789.228755,135.384407
dxf3,3,686.506738,116.139500
dzf3,3,3454.111265,576.947256
csxz,3,787.650011,135.408913
dxf,4,647.183792,110.292855
dzb,4,1660.032435,325.073945
dyb,4,711.975964,121.166473
cvx,4,1042.692687,176.391463
dyf,4,717.487202,120.104012
dzb2,4,1662.208295,325.763599
dxb,4,638.027864,110.517763
cvy,4,1042.486941,176.097409
dzf,4,1663.425419,325.899623
dxb2,4,636.685736,110.673916
dyb2,4,718.034044,120.145293
cvz,4,1002.313319,174.981289
dzb3,4,1859.035053,353.756830
dxb3,4,822.578228,136.051091
dyb3,4,866.984154,141.141745
csxxsyyszz,4,1270.561501,223.409930
dyf2,4,865.461841,141.030846
dxf2,4,825.399004,135.893409
csxy,4,596.085953,104.886454
dzf2,4,3453.853936,576.244275
dyf3,4,750.476516,124.831087
csyz,4,783.853794,135.718789
dxf3,4,686.966303,115.978107
dzf3,4,3456.526755,576.244128
csxz,4,786.395002,135.510131
#========================= OptEWE [OpenMP] =========================
#Grid Size                                    :  1024 x 1024 x 1024
#Iterations                                   :  5
#Compute time                                 :  147.820724
#Total effective MLUPS                        :  36.319056
#===================================================================
#Number of threads                            :  15
