dxf,0,546.821265,85.332055
dzb,0,3358.258936,477.085896
dyb,0,1078.079864,145.966270
cvx,0,1086.576182,151.487491
dyf,0,1075.812917,147.771191
dzb2,0,3373.808112,477.811188
dxb,0,577.092878,88.041671
cvy,0,3744.769571,451.714692
dzf,0,3378.919088,478.149778
dxb2,0,571.167210,87.408268
dyb2,0,1073.109259,146.111059
cvz,0,1094.633239,157.627807
dzb3,0,3379.271227,478.968081
dxb3,0,579.074396,88.433678
dyb3,0,1091.103285,149.544286
csxxsyyszz,0,2977.431680,378.834195
dyf2,0,1073.743924,145.875100
dxf2,0,563.009736,88.857632
csxy,0,461.328991,83.532056
dzf2,0,4227.997542,613.838943
dyf3,0,1074.417814,145.125410
csyz,0,544.967569,95.535258
dxf3,0,544.838086,86.607674
dzf3,0,3367.156950,477.763104
csxz,0,532.167206,93.963760
dxf,1,542.126924,86.541617
dzb,1,3372.070446,478.791765
dyb,1,1078.444395,146.404190
cvx,1,1083.980188,148.140875
dyf,1,1070.614676,145.533308
dzb2,1,3354.875690,476.214645
dxb,1,575.632855,88.096142
cvy,1,1083.009567,156.227370
dzf,1,3368.120658,479.988039
dxb2,1,571.719614,87.344761
dyb2,1,1072.335375,146.253587
cvz,1,1094.549082,157.617560
dzb3,1,3373.213965,477.865719
dxb3,1,582.688579,89.184775
dyb3,1,1094.630390,149.745633
csxxsyyszz,1,3014.155554,383.980647
dyf2,1,1073.581062,146.252821
dxf2,1,561.748054,88.330888
csxy,1,461.838507,80.520619
dzf2,1,4232.085227,612.737631
dyf3,1,1072.999430,145.505188
csyz,1,545.138624,95.786684
dxf3,1,544.387607,86.757909
dzf3,1,3367.908078,477.836692
csxz,1,532.085269,93.881411
dxf,2,545.819486,88.408909
dzb,2,3358.075321,479.072033
dyb,2,1076.952559,146.174827
cvx,2,1084.956216,148.302322
dyf,2,1070.873758,145.420932
dzb2,2,3367.104346,477.439193
dxb,2,576.429416,88.119899
cvy,2,1083.874678,156.080572
dzf,2,3373.575013,478.359930
dxb2,2,570.803520,87.400046
dyb2,2,1070.651555,145.844935
cvz,2,1093.318521,157.632688
dzb3,2,3366.364033,477.621626
dxb3,2,579.351597,88.446221
dyb3,2,1092.785321,149.559629
csxxsyyszz,2,2986.286306,382.734731
dyf2,2,1074.655189,145.239995
dxf2,2,561.583182,88.270924
csxy,2,462.177076,80.602584
dzf2,2,4225.474665,611.874232
dyf3,2,1076.363883,145.961129
csyz,2,545.228050,95.749942
dxf3,2,544.947349,86.790473
dzf3,2,3362.295383,477.041262
csxz,2,531.939598,93.803129
dxf,3,542.358364,86.405462
dzb,3,3366.582551,477.509939
dyb,3,1081.236560,147.476220
cvx,3,1085.209476,148.016778
dyf,3,1069.022935,146.249770
dzb2,3,3369.890786,477.389603
dxb,3,576.345578,88.081033
cvy,3,1085.178456,157.559771
dzf,3,3380.143399,479.036494
dxb2,3,570.809468,87.271851
dyb2,3,1073.284411,145.746029
cvz,3,1095.058015,157.607494
dzb3,3,3374.792545,478.132169
dxb3,3,579.978654,88.436261
dyb3,3,1092.970928,149.636483
csxxsyyszz,3,2994.055784,381.517998
dyf2,3,1074.187121,145.605387
dxf2,3,562.191019,88.342236
csxy,3,461.673561,80.471669
dzf2,3,4226.760671,611.999790
dyf3,3,1074.880009,146.246862
csyz,3,544.930864,95.713211
dxf3,3,544.574847,86.819292
dzf3,3,3372.980900,479.160966
csxz,3,531.871949,94.039923
dxf,4,541.904758,86.599347
dzb,4,3369.803997,477.903121
dyb,4,1075.899144,146.250978
cvx,4,1083.763956,148.094967
dyf,4,1071.830760,145.721906
dzb2,4,3370.420174,477.314255
dxb,4,576.934813,88.180691
cvy,4,1085.363909,156.092950
dzf,4,3371.106653,477.614366
dxb2,4,572.774623,87.618424
dyb2,4,1071.445661,146.139118
cvz,4,1095.195635,157.445350
dzb3,4,3358.670982,476.557915
dxb3,4,579.273685,88.364285
dyb3,4,1095.146353,151.314256
csxxsyyszz,4,2973.166865,388.584280
dyf2,4,1073.178955,145.950712
dxf2,4,561.798933,88.275898
csxy,4,461.774846,80.396320
dzf2,4,4226.880045,611.932472
dyf3,4,1074.542653,145.887886
csyz,4,545.586713,95.809563
dxf3,4,545.207313,86.928918
dzf3,4,3373.439455,478.639820
csxz,4,532.688324,93.878665
#========================= OptEWE [OpenMP] =========================
#Grid Size                                    :  1024 x 1024 x 1024
#Iterations                                   :  5
#Compute time                                 :  196.200836
#Total effective MLUPS                        :  27.363334
#===================================================================
#Number of threads                            :  6
