dxf,0,392.487764,71.270148
dzb,0,1790.570561,330.004419
dyb,0,618.237819,99.788817
cvx,0,553.890706,100.480512
dyf,0,616.915078,99.758934
dzb2,0,1788.229389,328.958399
dxb,0,395.509943,73.328114
cvy,0,2861.893868,371.402442
dzf,0,1798.813131,329.968776
dxb2,0,394.855198,73.009322
dyb2,0,619.521575,100.248639
cvz,0,570.661824,106.281023
dzb3,0,1788.401467,330.073336
dxb3,0,396.433780,73.256453
dyb3,0,620.788843,102.962618
csxxsyyszz,0,1516.778485,231.937457
dyf2,0,617.423272,98.213687
dxf2,0,409.143618,72.361054
csxy,0,370.228716,71.108295
dzf2,0,3312.770840,517.703899
dyf3,0,618.401452,98.361486
csyz,0,443.795203,85.111316
dxf3,0,393.519191,73.036911
dzf3,0,1794.312884,331.277880
csxz,0,440.112130,86.817094
dxf,1,390.251268,73.732724
dzb,1,1787.310155,330.286716
dyb,1,618.066089,100.222778
cvx,1,553.751607,100.590598
dyf,1,616.687333,99.849834
dzb2,1,1789.618592,330.045105
dxb,1,395.562719,73.504793
cvy,1,552.935658,100.965400
dzf,1,1795.234824,330.673854
dxb2,1,394.958371,73.302053
dyb2,1,617.606011,100.163670
cvz,1,570.358604,106.164100
dzb3,1,1789.167933,331.500168
dxb3,1,396.258652,73.400193
dyb3,1,621.476351,103.532296
csxxsyyszz,1,1516.532173,233.005472
dyf2,1,616.490034,98.583911
dxf2,1,408.804151,72.611592
csxy,1,371.019112,71.461959
dzf2,1,3315.583004,518.698183
dyf3,1,617.237556,98.434181
csyz,1,443.541801,85.242129
dxf3,1,393.269624,73.071859
dzf3,1,1794.163212,331.590149
csxz,1,440.135477,86.879081
dxf,2,388.569160,72.499157
dzb,2,1786.599443,330.818530
dyb,2,618.638883,102.848088
cvx,2,553.436085,104.209394
dyf,2,618.426957,101.015178
dzb2,2,1787.601588,329.490112
dxb,2,395.398087,73.489389
cvy,2,551.150766,100.859217
dzf,2,1795.172319,331.171698
dxb2,2,394.846887,73.145135
dyb2,2,617.520371,99.964724
cvz,2,570.606707,106.143693
dzb3,2,1788.199827,330.195210
dxb3,2,396.278041,73.305213
dyb3,2,622.810354,103.217963
csxxsyyszz,2,1516.965104,232.071546
dyf2,2,617.086185,98.177139
dxf2,2,409.058559,72.547429
csxy,2,370.402950,71.311403
dzf2,2,3312.094916,517.896098
dyf3,2,616.570412,98.183348
csyz,2,443.440515,85.178070
dxf3,2,393.501022,72.964427
dzf3,2,1795.824019,331.443823
csxz,2,440.191696,86.700707
dxf,3,389.602848,72.548333
dzb,3,1790.204959,330.396328
dyb,3,618.230740,99.890131
cvx,3,553.855565,100.715389
dyf,3,617.109682,100.186982
dzb2,3,1789.505148,330.681009
dxb,3,395.507531,73.387815
cvy,3,551.040588,100.657077
dzf,3,1795.795822,332.036843
dxb2,3,394.474188,73.240332
dyb2,3,617.585523,100.487098
cvz,3,572.564909,106.898065
dzb3,3,1790.764256,331.658376
dxb3,3,396.038080,73.390929
dyb3,3,620.319390,103.078854
csxxsyyszz,3,1514.481944,232.946748
dyf2,3,618.622989,98.856201
dxf2,3,409.172599,72.615441
csxy,3,370.002280,71.508907
dzf2,3,3303.995759,518.756187
dyf3,3,615.972549,101.971657
csyz,3,444.521556,85.283601
dxf3,3,393.083710,72.980965
dzf3,3,1798.141354,332.134057
csxz,3,440.247300,86.856208
dxf,4,389.002704,72.591658
dzb,4,1787.056387,330.814571
dyb,4,617.669500,100.357696
cvx,4,553.734058,100.348955
dyf,4,616.666320,99.928879
dzb2,4,1787.528111,329.039304
dxb,4,395.808913,73.330827
cvy,4,550.961109,100.687017
dzf,4,1797.018358,339.774309
dxb2,4,394.857010,73.155859
dyb2,4,617.270674,100.028386
cvz,4,570.827738,106.405231
dzb3,4,1788.937152,331.182728
dxb3,4,396.204481,73.495307
dyb3,4,620.002789,103.287403
csxxsyyszz,4,1514.234548,232.681710
dyf2,4,618.714233,98.925792
dxf2,4,409.289905,72.636757
csxy,4,370.159784,71.465962
dzf2,4,3309.383332,518.813666
dyf3,4,616.437105,98.339670
csyz,4,443.661687,85.516162
dxf3,4,393.357968,73.173543
dzf3,4,1796.308489,332.165455
csxz,4,440.340942,87.010967
#========================= OptEWE [OpenMP] =========================
#Grid Size                                    :  1024 x 1024 x 1024
#Iterations                                   :  5
#Compute time                                 :  116.327019
#Total effective MLUPS                        :  46.151867
#===================================================================
#Number of threads                            :  12
