dxf,0,200.078864,47.565777
dzb,0,894.066943,219.187216
dyb,0,341.074477,72.690129
cvx,0,293.735373,70.189684
dyf,0,307.839469,66.888957
dzb2,0,895.911810,218.139538
dxb,0,255.960644,59.419220
cvy,0,3324.562556,510.175527
dzf,0,896.865144,218.174176
dxb2,0,199.145506,49.474034
dyb2,0,340.353019,72.662133
cvz,0,404.233648,92.780332
dzb3,0,894.761363,218.498023
dxb3,0,202.560572,50.235393
dyb3,0,360.877544,79.098474
csxxsyyszz,0,772.610423,164.073152
dyf2,0,308.975210,65.790289
dxf2,0,268.928272,60.272302
csxy,0,234.878399,57.687651
dzf2,0,2128.390528,401.362108
dyf3,0,309.004671,65.195761
csyz,0,357.960634,81.132548
dxf3,0,198.801612,49.111079
dzf3,0,897.107495,220.451313
csxz,0,356.988787,83.004254
dxf,1,196.902661,48.912658
dzb,1,893.960320,220.386434
dyb,1,341.285949,73.089668
cvx,1,294.482920,70.613844
dyf,1,307.008747,66.926539
dzb2,1,894.343157,218.532021
dxb,1,255.776219,59.540000
cvy,1,441.002330,95.933186
dzf,1,898.827076,219.581701
dxb2,1,199.579803,49.753456
dyb2,1,340.906479,72.812937
cvz,1,404.103230,92.930179
dzb3,1,894.875954,218.999536
dxb3,1,202.535221,50.325782
dyb3,1,359.319990,78.958948
csxxsyyszz,1,782.829075,166.389367
dyf2,1,309.173642,65.567303
dxf2,1,269.140904,60.426104
csxy,1,235.093454,57.800626
dzf2,1,2130.329060,403.129167
dyf3,1,308.963239,65.173302
csyz,1,358.175593,81.233601
dxf3,1,198.682441,49.147702
dzf3,1,896.560300,220.658785
csxz,1,357.226104,83.192634
dxf,2,197.274796,49.089081
dzb,2,893.799807,220.620870
dyb,2,342.988285,73.438127
cvx,2,293.691374,70.520399
dyf,2,309.526990,67.472030
dzb2,2,894.798669,218.838563
dxb,2,255.964097,59.663785
cvy,2,441.072066,96.036595
dzf,2,896.981014,219.429469
dxb2,2,198.924114,49.716481
dyb2,2,339.835127,72.875075
cvz,2,404.663768,93.122126
dzb3,2,895.072733,219.163093
dxb3,2,202.676387,50.444686
dyb3,2,358.774455,78.943708
csxxsyyszz,2,771.985029,164.523063
dyf2,2,308.816355,66.126421
dxf2,2,268.706134,60.383616
csxy,2,234.525171,57.784243
dzf2,2,2126.112384,403.485265
dyf3,2,308.929940,65.313269
csyz,2,358.445940,81.317816
dxf3,2,199.831015,49.424000
dzf3,2,896.706153,220.880913
csxz,2,357.046145,83.187771
dxf,3,197.077909,49.070912
dzb,3,893.789718,220.720242
dyb,3,341.257131,73.076407
cvx,3,294.126391,70.648213
dyf,3,307.475028,67.114384
dzb2,3,894.931754,219.037912
dxb,3,256.052479,59.708236
cvy,3,440.763059,96.057550
dzf,3,896.775639,219.587943
dxb2,3,198.973297,49.783118
dyb2,3,339.807994,72.946236
cvz,3,404.264409,93.078766
dzb3,3,895.235526,219.404681
dxb3,3,202.695405,50.440229
dyb3,3,359.018957,79.066837
csxxsyyszz,3,780.774266,166.445569
dyf2,3,308.872178,65.728870
dxf2,3,269.370931,60.510053
csxy,3,235.066089,57.895313
dzf2,3,2125.392407,404.313302
dyf3,3,308.667643,65.300256
csyz,3,358.457244,81.428664
dxf3,3,199.252338,49.268733
dzf3,3,895.249227,220.687662
csxz,3,356.751063,83.182786
dxf,4,197.009551,48.967143
dzb,4,894.049874,220.904651
dyb,4,341.164835,73.185326
cvx,4,294.222959,70.771927
dyf,4,307.300519,67.174127
dzb2,4,895.620210,219.349066
dxb,4,256.041583,59.647515
cvy,4,440.452351,96.045765
dzf,4,897.097427,219.776141
dxb2,4,198.968139,49.816025
dyb2,4,340.193004,73.052716
cvz,4,404.511381,93.205124
dzb3,4,898.696400,220.146162
dxb3,4,202.918165,50.526871
dyb3,4,359.210704,79.106827
csxxsyyszz,4,772.271460,164.932709
dyf2,4,308.696190,66.117245
dxf2,4,269.059100,60.527499
csxy,4,234.895947,57.911181
dzf2,4,2129.893710,401.948463
dyf3,4,310.125492,65.576506
csyz,4,357.687057,81.370565
dxf3,4,198.978860,49.324371
dzf3,4,895.283653,220.816792
csxz,4,357.107480,83.363344
#========================= OptEWE [OpenMP] =========================
#Grid Size                                    :  1024 x 1024 x 1024
#Iterations                                   :  5
#Compute time                                 :  66.696007
#Total effective MLUPS                        :  80.495211
#===================================================================
#Number of threads                            :  24
