dxf,0,638.203114,94.146674
dzb,0,4059.216652,541.176104
dyb,0,1275.846560,167.468469
cvx,0,1300.916198,168.191374
dyf,0,1268.747815,166.314477
dzb2,0,4064.836419,540.928892
dxb,0,664.039271,97.416603
cvy,0,4101.378356,487.752010
dzf,0,4066.855244,544.042721
dxb2,0,668.040049,98.077998
dyb2,0,1267.266149,166.379483
cvz,0,1313.137342,177.136606
dzb3,0,4059.039169,540.468398
dxb3,0,676.941505,98.688933
dyb3,0,1290.860477,171.033639
csxxsyyszz,0,3559.943681,443.394048
dyf2,0,1270.161759,166.389563
dxf2,0,649.577284,98.481926
csxy,0,530.660628,89.920042
dzf2,0,4676.950558,663.438492
dyf3,0,1273.083620,166.868557
csyz,0,621.362526,105.975097
dxf3,0,635.044802,95.313418
dzf3,0,4062.613208,541.305459
csxz,0,603.586411,103.704374
dxf,1,634.345000,95.143768
dzb,1,4077.026800,543.813041
dyb,1,1274.624992,167.145686
cvx,1,1304.114060,168.344670
dyf,1,1269.557689,166.451769
dzb2,1,4068.698135,541.109472
dxb,1,666.813232,98.434932
cvy,1,1309.016518,175.644351
dzf,1,4075.876707,542.804891
dxb2,1,666.840719,97.765036
dyb2,1,1270.271356,169.620044
cvz,1,1314.007868,177.420638
dzb3,1,4058.679246,540.332154
dxb3,1,677.144849,98.878603
dyb3,1,1290.725588,171.209450
csxxsyyszz,1,3558.480869,444.255084
dyf2,1,1271.567259,166.988216
dxf2,1,648.607696,98.594853
csxy,1,532.399156,90.517575
dzf2,1,4670.452997,663.586057
dyf3,1,1267.439831,166.456344
csyz,1,620.358199,106.093093
dxf3,1,632.543034,95.027367
dzf3,1,4062.899166,542.265560
csxz,1,603.395904,108.296347
dxf,2,634.906506,95.486542
dzb,2,4063.678580,540.768140
dyb,2,1274.943604,167.239424
cvx,2,1302.275304,169.023146
dyf,2,1267.757563,166.495825
dzb2,2,4060.319556,541.083798
dxb,2,666.199329,97.778462
cvy,2,1307.338204,175.104540
dzf,2,4074.146034,542.787987
dxb2,2,664.968120,97.741700
dyb2,2,1269.831101,167.024747
cvz,2,1313.724455,177.553477
dzb3,2,4065.038838,553.895261
dxb3,2,679.019609,99.709067
dyb3,2,1291.843733,171.540333
csxxsyyszz,2,3576.122531,446.739200
dyf2,2,1270.156610,166.801540
dxf2,2,648.706563,98.508210
csxy,2,530.507307,90.092504
dzf2,2,4675.547263,663.872461
dyf3,2,1270.750480,167.003033
csyz,2,622.018623,106.368048
dxf3,2,631.270514,94.761505
dzf3,2,4066.649209,541.950095
csxz,2,605.710580,104.093406
dxf,3,634.705733,95.297047
dzb,3,4066.541354,542.625224
dyb,3,1275.092112,167.102215
cvx,3,1303.546907,168.565717
dyf,3,1268.769318,166.678071
dzb2,3,4067.600272,542.096067
dxb,3,666.385563,97.839838
cvy,3,1307.901320,174.564356
dzf,3,4070.754557,542.426031
dxb2,3,665.072707,97.792109
dyb2,3,1269.060897,167.037765
cvz,3,1318.033634,178.109775
dzb3,3,4067.100672,541.543336
dxb3,3,677.065758,99.155605
dyb3,3,1291.094260,171.243604
csxxsyyszz,3,3560.419964,444.396900
dyf2,3,1271.140219,166.488784
dxf2,3,648.475569,98.344061
csxy,3,529.383406,89.948444
dzf2,3,4666.724467,662.879176
dyf3,3,1267.935808,166.563822
csyz,3,620.964906,106.414364
dxf3,3,630.700256,94.950200
dzf3,3,4044.394550,539.962894
csxz,3,603.064699,103.796154
dxf,4,631.977189,94.984147
dzb,4,4039.366306,539.496041
dyb,4,1273.997184,167.396481
cvx,4,1300.846793,168.010803
dyf,4,1271.859927,169.742217
dzb2,4,4064.930126,541.052208
dxb,4,666.005590,97.639483
cvy,4,1307.472361,174.773916
dzf,4,4074.145958,542.142645
dxb2,4,664.593853,97.471892
dyb2,4,1269.914010,166.603272
cvz,4,1313.563524,177.412857
dzb3,4,4068.587977,541.604395
dxb3,4,679.932196,99.450689
dyb3,4,1291.989378,171.191711
csxxsyyszz,4,3560.263712,444.011076
dyf2,4,1271.189630,167.372881
dxf2,4,647.573519,101.531717
csxy,4,530.913149,94.004932
dzf2,4,4673.273851,665.182662
dyf3,4,1269.463124,166.457224
csyz,4,621.750363,106.217140
dxf3,4,629.806665,94.611731
dzf3,4,4065.723297,541.133186
csxz,4,603.926815,103.841928
#========================= OptEWE [OpenMP] =========================
#Grid Size                                    :  1024 x 1024 x 1024
#Iterations                                   :  5
#Compute time                                 :  231.843369
#Total effective MLUPS                        :  23.156621
#===================================================================
#Number of threads                            :  5
