dxf,0,694.916039,113.998802
dzb,0,1730.500312,334.640235
dyb,0,755.938031,125.945814
cvx,0,1145.541405,183.100981
dyf,0,758.147874,124.774552
dzb2,0,1730.224713,333.659017
dxb,0,685.788022,114.642267
cvy,0,3071.429178,423.146829
dzf,0,1734.547480,334.414701
dxb2,0,685.073716,114.765550
dyb2,0,757.345772,124.742529
cvz,0,1216.058410,200.623549
dzb3,0,2870.164029,485.581373
dxb3,0,889.933117,141.802124
dyb3,0,914.410773,146.718128
csxxsyyszz,0,1318.087817,222.763076
dyf2,0,914.370363,146.710646
dxf2,0,887.628283,141.847040
csxy,0,624.735860,108.814563
dzf2,0,3684.584365,598.370838
dyf3,0,861.090599,139.272421
csyz,0,826.469271,140.812319
dxf3,0,823.448458,132.797779
dzf3,0,3706.713620,599.747348
csxz,0,831.489785,140.703565
dxf,1,693.965305,114.432130
dzb,1,1733.028047,334.303973
dyb,1,753.837486,126.165808
cvx,1,1144.107846,183.738000
dyf,1,758.499075,124.768978
dzb2,1,1732.754289,334.467286
dxb,1,684.914853,114.877241
cvy,1,1144.740953,183.270674
dzf,1,1733.560638,334.866579
dxb2,1,685.041664,114.915238
dyb2,1,757.751608,124.973603
cvz,1,1214.730299,200.865040
dzb3,1,2867.903826,485.941125
dxb3,1,889.076939,141.954077
dyb3,1,916.424968,147.615294
csxxsyyszz,1,1336.013617,225.471014
dyf2,1,915.223032,147.033146
dxf2,1,887.031477,142.045889
csxy,1,624.867216,108.937261
dzf2,1,3702.438200,599.571692
dyf3,1,861.519208,139.463160
csyz,1,827.728901,140.965274
dxf3,1,823.226433,132.793655
dzf3,1,3707.352859,600.052637
csxz,1,832.070758,140.937967
dxf,2,692.764410,114.483309
dzb,2,1733.519843,334.485892
dyb,2,753.419306,126.164176
cvx,2,1143.696301,183.975656
dyf,2,758.498116,124.871991
dzb2,2,1732.717598,334.486060
dxb,2,685.708340,114.973548
cvy,2,1145.991148,183.492961
dzf,2,1734.839121,336.205642
dxb2,2,685.897431,115.236007
dyb2,2,757.388925,124.989626
cvz,2,1216.688707,201.170058
dzb3,2,2869.357664,486.394465
dxb3,2,889.635973,142.029855
dyb3,2,915.555632,147.054755
csxxsyyszz,2,1331.769304,224.883303
dyf2,2,913.869095,146.740656
dxf2,2,886.605231,141.891154
csxy,2,625.181771,108.919225
dzf2,2,3706.385281,603.792062
dyf3,2,861.709761,140.610835
csyz,2,827.312986,141.949914
dxf3,2,823.853716,133.935518
dzf3,2,3709.260286,605.237616
csxz,2,833.744337,142.031090
dxf,3,692.909994,115.360026
dzb,3,1735.141703,336.979469
dyb,3,753.991282,128.373254
cvx,3,1142.136003,185.091546
dyf,3,757.429765,125.956500
dzb2,3,1730.796679,336.413728
dxb,3,685.044540,115.826246
cvy,3,1145.142825,184.822628
dzf,3,1732.578661,336.929712
dxb2,3,684.797700,115.789830
dyb2,3,757.361956,125.854919
cvz,3,1216.883550,202.602614
dzb3,3,2871.427075,490.379365
dxb3,3,889.198240,143.110141
dyb3,3,915.352826,148.061560
csxxsyyszz,3,1318.233930,224.656017
dyf2,3,913.661625,147.936042
dxf2,3,887.093521,143.137625
csxy,3,624.387812,109.637909
dzf2,3,3705.482325,604.988696
dyf3,3,864.026941,140.981556
csyz,3,826.741202,141.833415
dxf3,3,822.715645,134.171664
dzf3,3,3707.326093,605.703001
csxz,3,833.504353,142.507779
dxf,4,693.621010,115.595556
dzb,4,1736.732124,337.288259
dyb,4,753.958081,127.120200
cvx,4,1143.811214,185.168171
dyf,4,758.204193,125.653387
dzb2,4,1731.801250,336.407630
dxb,4,685.192436,115.833923
cvy,4,1144.950632,184.760909
dzf,4,1734.535535,338.187210
dxb2,4,685.695026,115.925624
dyb2,4,759.046650,126.069317
cvz,4,1215.911232,202.666021
dzb3,4,2868.502194,490.710885
dxb3,4,889.249982,143.110235
dyb3,4,915.767216,148.549397
csxxsyyszz,4,1317.958569,224.641236
dyf2,4,914.047447,147.989741
dxf2,4,887.708453,143.852452
csxy,4,624.776924,109.736425
dzf2,4,3704.663203,605.188607
dyf3,4,861.565400,140.734783
csyz,4,827.497306,142.087972
dxf3,4,823.424836,133.981697
dzf3,4,3709.716355,605.535081
csxz,4,832.053247,141.995772
#========================= OptEWE [OpenMP] =========================
#Grid Size                                    :  1024 x 1024 x 1024
#Iterations                                   :  5
#Compute time                                 :  163.016296
#Total effective MLUPS                        :  32.933573
#===================================================================
#Number of threads                            :  14
