dxf,0,492.155503,80.794322
dzb,0,2901.473120,434.876888
dyb,0,944.466352,132.091129
cvx,0,931.216212,133.851223
dyf,0,938.942631,131.947782
dzb2,0,2903.971079,434.674477
dxb,0,512.690644,82.624733
cvy,0,3432.951240,420.969009
dzf,0,2905.391912,435.470838
dxb2,0,511.704279,82.506203
dyb2,0,941.634444,132.895771
cvz,0,940.653191,146.378040
dzb3,0,2900.204790,436.521409
dxb3,0,514.280905,83.134976
dyb3,0,951.447902,137.682894
csxxsyyszz,0,2570.735866,343.533437
dyf2,0,939.286662,132.157430
dxf2,0,510.892381,82.576222
csxy,0,418.638334,74.907354
dzf2,0,3996.467268,588.511278
dyf3,0,945.984364,132.411960
csyz,0,497.834215,89.519369
dxf3,0,486.746885,81.961366
dzf3,0,2882.001856,437.686907
csxz,0,488.453318,89.303095
dxf,1,490.755728,82.676503
dzb,1,2898.734458,436.184183
dyb,1,944.693939,132.683184
cvx,1,934.456035,134.388951
dyf,1,939.264077,132.030232
dzb2,1,2899.936679,435.832182
dxb,1,512.772951,83.065350
cvy,1,935.971250,139.240204
dzf,1,2905.266247,440.032894
dxb2,1,512.537182,83.060437
dyb2,1,938.412257,132.712953
cvz,1,941.485129,146.181786
dzb3,1,2897.860649,435.808642
dxb3,1,513.786483,83.110573
dyb3,1,950.517630,137.494943
csxxsyyszz,1,2573.583316,337.982192
dyf2,1,942.025278,132.584815
dxf2,1,510.761071,82.659619
csxy,1,419.302876,75.012884
dzf2,1,3994.725640,589.058444
dyf3,1,943.503273,132.780236
csyz,1,498.243470,89.545560
dxf3,1,486.477623,81.892350
dzf3,1,2897.466031,435.571390
csxz,1,489.844837,89.137043
dxf,2,490.990804,82.465621
dzb,2,2898.328122,444.171647
dyb,2,942.551085,131.981486
cvx,2,930.857823,133.939026
dyf,2,941.310120,132.724973
dzb2,2,2904.794290,434.982063
dxb,2,513.068194,82.767860
cvy,2,938.402914,139.207077
dzf,2,2904.908418,438.481970
dxb2,2,511.135294,82.748991
dyb2,2,938.829786,132.632176
cvz,2,946.758203,148.198989
dzb3,2,2884.290632,435.465786
dxb3,2,514.178170,82.961674
dyb3,2,953.412987,137.215718
csxxsyyszz,2,2575.062842,336.574170
dyf2,2,940.680065,131.724040
dxf2,2,512.200111,82.630008
csxy,2,419.076828,74.821263
dzf2,2,3979.226631,587.698948
dyf3,2,942.427690,131.618160
csyz,2,500.385238,89.763577
dxf3,2,487.944276,81.930108
dzf3,2,2891.478083,437.055946
csxz,2,489.149156,88.873343
dxf,3,490.478861,82.478579
dzb,3,2902.889848,436.737842
dyb,3,943.494580,132.942127
cvx,3,932.064612,133.954721
dyf,3,943.101907,132.271661
dzb2,3,2903.295362,435.651950
dxb,3,513.212541,82.893913
cvy,3,936.352317,139.002271
dzf,3,2906.699626,435.105210
dxb2,3,511.161253,82.615314
dyb2,3,942.230312,132.645862
cvz,3,940.113070,146.085533
dzb3,3,2890.885520,438.964511
dxb3,3,514.476354,83.666715
dyb3,3,952.163543,137.498301
csxxsyyszz,3,2571.666433,336.604816
dyf2,3,944.359588,132.970643
dxf2,3,512.280526,82.800079
csxy,3,419.258378,75.115091
dzf2,3,3996.604877,588.443573
dyf3,3,941.666565,131.404298
csyz,3,498.124326,89.578193
dxf3,3,488.161374,82.196909
dzf3,3,2899.720484,435.189459
csxz,3,489.170323,88.977439
dxf,4,488.036721,82.283860
dzb,4,2893.972455,437.838028
dyb,4,942.050151,132.373012
cvx,4,933.362869,134.229306
dyf,4,937.150281,131.204404
dzb2,4,2904.407882,435.338723
dxb,4,514.503151,83.375059
cvy,4,935.055249,142.449851
dzf,4,2900.013989,442.066374
dxb2,4,511.278083,82.557455
dyb2,4,938.534354,132.346445
cvz,4,939.546134,145.641753
dzb3,4,2890.459988,436.772030
dxb3,4,514.007370,83.143803
dyb3,4,952.435516,137.275631
csxxsyyszz,4,2574.738865,339.593155
dyf2,4,945.473351,133.922004
dxf2,4,511.627372,82.799982
csxy,4,419.096148,75.712430
dzf2,4,3993.265781,588.396827
dyf3,4,944.586822,133.231546
csyz,4,497.174407,89.666249
dxf3,4,487.178528,81.975133
dzf3,4,2900.559474,436.240585
csxz,4,489.147748,89.156466
#========================= OptEWE [OpenMP] =========================
#Grid Size                                    :  1024 x 1024 x 1024
#Iterations                                   :  5
#Compute time                                 :  172.326019
#Total effective MLUPS                        :  31.154373
#===================================================================
#Number of threads                            :  7
