dxf,0,549.105662,85.697603
dzb,0,3367.319422,479.552275
dyb,0,1077.801920,150.456374
cvx,0,1083.057316,148.150882
dyf,0,1075.028048,146.492905
dzb2,0,3368.011562,478.932731
dxb,0,572.809982,88.117308
cvy,0,3768.506220,456.610120
dzf,0,3374.095116,479.166094
dxb2,0,573.102001,88.036189
dyb2,0,1075.331829,147.318834
cvz,0,1092.239844,157.927744
dzb3,0,3374.960829,480.439307
dxb3,0,588.659055,90.035525
dyb3,0,1097.107102,150.722821
csxxsyyszz,0,2987.108883,385.286443
dyf2,0,1073.297639,155.817978
dxf2,0,561.404299,90.388333
csxy,0,460.545902,80.552417
dzf2,0,4230.792343,613.906998
dyf3,0,1073.110212,146.244454
csyz,0,544.979328,95.736321
dxf3,0,544.163327,86.739483
dzf3,0,3366.357952,477.845903
csxz,0,533.313852,94.110454
dxf,1,546.020481,87.017030
dzb,1,3364.380386,477.772113
dyb,1,1078.197753,146.354235
cvx,1,1082.247206,147.926791
dyf,1,1072.636697,145.824156
dzb2,1,3366.800339,477.266053
dxb,1,572.065613,87.484676
cvy,1,1083.867342,156.385321
dzf,1,3370.910270,487.384428
dxb2,1,573.199118,87.911297
dyb2,1,1072.347330,146.931050
cvz,1,1092.523352,157.776871
dzb3,1,3373.116912,479.582130
dxb3,1,588.459859,89.806078
dyb3,1,1096.039198,150.521340
csxxsyyszz,1,2985.440910,382.313834
dyf2,1,1074.330060,146.151568
dxf2,1,563.400053,88.736503
csxy,1,460.508029,80.594759
dzf2,1,4229.593803,613.912754
dyf3,1,1075.385025,146.502359
csyz,1,544.137491,95.809430
dxf3,1,544.255975,87.130919
dzf3,1,3366.681705,480.614668
csxz,1,530.983261,93.935503
dxf,2,546.413933,87.059791
dzb,2,3351.751662,477.415053
dyb,2,1076.335042,146.860945
cvx,2,1082.440663,149.885824
dyf,2,1071.787046,146.964924
dzb2,2,3366.292881,481.047038
dxb,2,572.663316,87.981386
cvy,2,1086.773104,157.008119
dzf,2,3373.294771,480.584798
dxb2,2,573.492397,88.101520
dyb2,2,1076.687586,147.352882
cvz,2,1092.299488,158.071033
dzb3,2,3372.998483,480.879329
dxb3,2,588.489361,89.857336
dyb3,2,1096.060266,150.891209
csxxsyyszz,2,2984.882709,388.361870
dyf2,2,1077.738590,146.640490
dxf2,2,563.547935,88.689476
csxy,2,460.525284,80.424334
dzf2,2,4229.479028,613.783010
dyf3,2,1076.158370,146.009131
csyz,2,543.909269,95.900683
dxf3,2,544.132185,87.188585
dzf3,2,3363.006478,479.475889
csxz,2,531.056379,93.971694
dxf,3,543.771739,87.044758
dzb,3,3365.517628,480.319926
dyb,3,1077.468445,146.470173
cvx,3,1082.437573,148.234280
dyf,3,1074.966486,146.304459
dzb2,3,3367.011953,478.459732
dxb,3,571.935009,88.215358
cvy,3,1083.065901,156.550684
dzf,3,3372.211003,478.726768
dxb2,3,573.544576,87.885729
dyb2,3,1074.860050,146.847007
cvz,3,1092.200908,157.645070
dzb3,3,3362.815903,477.949819
dxb3,3,588.167512,89.702521
dyb3,3,1094.480426,150.211942
csxxsyyszz,3,2982.777273,381.757622
dyf2,3,1075.523365,146.521455
dxf2,3,561.188326,88.302433
csxy,3,459.793328,80.321454
dzf2,3,4228.299690,613.080698
dyf3,3,1076.415376,146.796518
csyz,3,545.252148,95.906312
dxf3,3,543.791881,86.941843
dzf3,3,3362.056460,479.879703
csxz,3,531.056800,93.992941
dxf,4,545.014213,87.152702
dzb,4,3366.765059,478.945059
dyb,4,1077.378068,146.625884
cvx,4,1084.170402,148.142123
dyf,4,1077.128702,146.481389
dzb2,4,3365.974895,478.201352
dxb,4,572.298216,87.669554
cvy,4,1084.804553,156.646123
dzf,4,3372.811929,479.160579
dxb2,4,571.782956,87.679496
dyb2,4,1071.748335,146.474058
cvz,4,1092.256784,158.491422
dzb3,4,3369.638279,481.163667
dxb3,4,587.808188,89.635881
dyb3,4,1094.268376,150.222901
csxxsyyszz,4,2987.875725,382.005999
dyf2,4,1073.021826,145.863838
dxf2,4,563.163603,88.523834
csxy,4,462.058624,80.552301
dzf2,4,4228.336279,612.780374
dyf3,4,1077.795818,146.567991
csyz,4,545.843013,95.934901
dxf3,4,542.731767,86.679948
dzf3,4,3368.162453,478.676214
csxz,4,531.325483,93.835712
#========================= OptEWE [OpenMP] =========================
#Grid Size                                    :  1024 x 1024 x 1024
#Iterations                                   :  5
#Compute time                                 :  196.227417
#Total effective MLUPS                        :  27.359628
#===================================================================
#Number of threads                            :  6
