dxf,0,209.026374,49.440061
dzb,0,899.674884,220.565377
dyb,0,341.141976,72.729254
cvx,0,293.062179,70.212978
dyf,0,307.768839,67.035214
dzb2,0,895.275490,218.515582
dxb,0,255.948647,59.275888
cvy,0,3333.754636,512.356090
dzf,0,897.104192,218.508356
dxb2,0,198.725120,49.368908
dyb2,0,339.983210,72.695213
cvz,0,403.790506,92.719396
dzb3,0,894.988857,218.621874
dxb3,0,202.284755,50.093736
dyb3,0,358.511902,78.767801
csxxsyyszz,0,752.637199,161.428073
dyf2,0,307.404306,66.428303
dxf2,0,269.109871,60.389346
csxy,0,235.517055,57.917319
dzf2,0,2125.690253,403.147465
dyf3,0,309.312876,65.286772
csyz,0,357.372444,81.377387
dxf3,0,201.111213,49.732919
dzf3,0,895.883465,220.442758
csxz,0,356.817694,83.184992
dxf,1,196.275933,48.959196
dzb,1,894.248407,220.807367
dyb,1,342.569951,73.255819
cvx,1,293.001190,70.459335
dyf,1,307.703181,67.188830
dzb2,1,895.143985,219.236299
dxb,1,255.972018,59.548602
cvy,1,441.419944,95.976451
dzf,1,899.741721,220.035028
dxb2,1,198.819389,49.569897
dyb2,1,339.850754,72.776770
cvz,1,403.505398,92.973370
dzb3,1,894.629976,219.137161
dxb3,1,202.205413,50.202201
dyb3,1,358.425779,78.937302
csxxsyyszz,1,760.060989,163.015498
dyf2,1,307.402277,66.269189
dxf2,1,269.069387,60.475081
csxy,1,235.559006,58.028767
dzf2,1,2127.419942,401.507161
dyf3,1,309.176276,65.439369
csyz,1,357.543419,81.469727
dxf3,1,200.721533,49.744409
dzf3,1,895.593593,220.676203
csxz,1,356.762318,83.277715
dxf,2,195.873755,48.958867
dzb,2,895.388136,221.271290
dyb,2,341.167886,73.151665
cvx,2,294.772631,70.847007
dyf,2,307.919228,67.315725
dzb2,2,894.896062,219.434052
dxb,2,255.699895,59.603818
cvy,2,440.331465,96.027747
dzf,2,896.359005,219.651621
dxb2,2,198.744219,49.639846
dyb2,2,339.721896,72.866982
cvz,2,403.680262,93.080817
dzb3,2,894.668983,219.312219
dxb3,2,202.332905,50.303158
dyb3,2,358.371063,79.026666
csxxsyyszz,2,752.728610,161.738313
dyf2,2,307.605277,66.399186
dxf2,2,268.856681,60.475575
csxy,2,235.615788,58.088983
dzf2,2,2124.868618,402.779156
dyf3,2,308.303640,65.148411
csyz,2,357.078870,81.490195
dxf3,2,200.703276,49.763234
dzf3,2,896.795608,221.019791
csxz,2,357.008406,83.381474
dxf,3,195.903347,48.942149
dzb,3,895.311787,221.361966
dyb,3,341.212022,73.098332
cvx,3,292.870753,70.561802
dyf,3,307.705818,67.338902
dzb2,3,894.886037,219.470295
dxb,3,256.003432,59.643217
cvy,3,440.835730,96.168387
dzf,3,896.158001,219.749063
dxb2,3,198.903622,49.681648
dyb2,3,340.048303,72.913762
cvz,3,404.248160,93.192391
dzb3,3,894.221157,219.349774
dxb3,3,202.282895,50.326917
dyb3,3,358.757544,79.117870
csxxsyyszz,3,759.150766,163.070518
dyf2,3,307.202318,66.351101
dxf2,3,268.903303,60.508097
csxy,3,236.476054,58.258930
dzf2,3,2124.563340,404.264495
dyf3,3,308.381096,65.296711
csyz,3,357.256828,81.505431
dxf3,3,200.965950,49.832217
dzf3,3,895.108573,220.871901
csxz,3,357.172800,83.468993
dxf,4,196.526727,49.111581
dzb,4,893.701728,221.170951
dyb,4,341.345641,73.057793
cvx,4,293.209616,70.654322
dyf,4,307.156705,67.230662
dzb2,4,894.622903,219.626672
dxb,4,255.512111,59.738879
cvy,4,440.544124,96.158969
dzf,4,913.901327,223.116268
dxb2,4,199.450847,49.735201
dyb2,4,340.826359,73.147738
cvz,4,403.204264,93.101604
dzb3,4,897.827736,220.305099
dxb3,4,202.349378,50.369867
dyb3,4,358.927586,79.172444
csxxsyyszz,4,756.357585,162.720402
dyf2,4,307.550284,66.586625
dxf2,4,268.707841,60.566373
csxy,4,235.757782,58.207426
dzf2,4,2127.104362,402.005979
dyf3,4,308.850339,65.457590
csyz,4,357.219024,81.609495
dxf3,4,200.766289,49.828303
dzf3,4,895.758951,221.077198
csxz,4,356.904752,83.496105
#========================= OptEWE [OpenMP] =========================
#Grid Size                                    :  1024 x 1024 x 1024
#Iterations                                   :  5
#Compute time                                 :  66.603394
#Total effective MLUPS                        :  80.607141
#===================================================================
#Number of threads                            :  24
