dxf,0,265.354087,55.371670
dzb,0,1192.312092,253.637180
dyb,0,411.837797,76.925789
cvx,0,364.515320,74.711695
dyf,0,409.363745,76.508065
dzb2,0,1193.584762,252.740069
dxb,0,265.465935,57.012785
cvy,0,2953.017199,410.123737
dzf,0,1197.214596,253.110655
dxb2,0,265.173923,56.883902
dyb2,0,410.536357,76.858233
cvz,0,391.037799,83.917033
dzb3,0,1191.497902,254.217881
dxb3,0,264.972131,57.045087
dyb3,0,416.127866,77.877258
csxxsyyszz,0,993.488764,174.231839
dyf2,0,411.536361,75.571974
dxf2,0,294.865995,60.324252
csxy,0,240.039739,54.932399
dzf2,0,2452.691233,427.469764
dyf3,0,413.646473,75.784268
csyz,0,381.641806,78.611858
dxf3,0,262.560158,56.378328
dzf3,0,1194.286779,254.761160
csxz,0,378.917821,80.074308
dxf,1,262.909058,56.538766
dzb,1,1193.053458,254.715908
dyb,1,412.151277,77.206933
cvx,1,364.284044,74.726624
dyf,1,409.193922,76.636245
dzb2,1,1193.347578,253.055589
dxb,1,266.347441,57.746459
cvy,1,435.248270,91.040963
dzf,1,1202.065033,256.075912
dxb2,1,265.128049,56.992599
dyb2,1,410.653737,76.982000
cvz,1,390.848777,84.076106
dzb3,1,1193.920948,254.993783
dxb3,1,265.059754,57.003357
dyb3,1,416.933625,78.260584
csxxsyyszz,1,992.887755,174.258539
dyf2,1,411.595861,75.566457
dxf2,1,295.074441,60.337506
csxy,1,240.615497,55.091129
dzf2,1,2455.360219,427.118119
dyf3,1,411.918428,75.469837
csyz,1,381.672911,78.646417
dxf3,1,262.160407,56.396263
dzf3,1,1194.386656,254.979200
csxz,1,380.154138,79.917703
dxf,2,262.670007,56.594814
dzb,2,1194.908914,255.140397
dyb,2,411.948626,77.174533
cvx,2,366.546649,75.015189
dyf,2,409.090441,76.652573
dzb2,2,1193.833078,253.395185
dxb,2,265.115651,56.989189
cvy,2,435.345538,89.773826
dzf,2,1196.220015,254.554090
dxb2,2,264.985440,57.035001
dyb2,2,410.802553,77.011268
cvz,2,390.859574,84.079551
dzb3,2,1191.159316,254.525179
dxb3,2,265.043881,57.007637
dyb3,2,415.695041,77.874782
csxxsyyszz,2,997.968971,175.030417
dyf2,2,412.704011,75.759595
dxf2,2,294.903645,60.342166
csxy,2,240.012890,54.984150
dzf2,2,2451.889799,428.053294
dyf3,2,413.784705,76.316355
csyz,2,381.946253,79.355191
dxf3,2,262.549854,56.748683
dzf3,2,1193.813403,254.921987
csxz,2,380.244118,80.001569
dxf,3,262.606783,56.571866
dzb,3,1192.980239,254.865759
dyb,3,411.937599,77.152893
cvx,3,364.281005,74.651104
dyf,3,410.228696,76.974011
dzb2,3,1193.424725,253.266441
dxb,3,265.203345,56.979980
cvy,3,435.867400,89.933680
dzf,3,1197.160383,254.802326
dxb2,3,265.117211,57.043765
dyb2,3,412.696308,77.326850
cvz,3,390.796923,84.033175
dzb3,3,1192.432573,254.840761
dxb3,3,265.120709,57.020686
dyb3,3,416.081502,77.961901
csxxsyyszz,3,993.517643,174.450211
dyf2,3,411.141739,75.513321
dxf2,3,294.563844,60.349637
csxy,3,240.340083,55.047188
dzf2,3,2454.591708,427.592913
dyf3,3,411.510601,75.462747
csyz,3,382.474085,78.702009
dxf3,3,262.454391,56.475039
dzf3,3,1193.645399,255.042435
csxz,3,379.696124,80.133196
dxf,4,262.639682,56.479220
dzb,4,1194.457924,255.203519
dyb,4,412.025543,77.219954
cvx,4,364.478714,74.720251
dyf,4,408.965510,76.820553
dzb2,4,1192.205563,253.184415
dxb,4,265.130380,57.031951
cvy,4,435.322904,89.935892
dzf,4,1195.904164,255.029304
dxb2,4,265.034207,57.060399
dyb2,4,410.556251,76.966216
cvz,4,390.828595,84.110399
dzb3,4,1191.905913,255.521567
dxb3,4,265.008671,57.040137
dyb3,4,415.721632,78.002012
csxxsyyszz,4,992.250919,174.333067
dyf2,4,413.186074,75.901782
dxf2,4,295.171907,60.435328
csxy,4,240.388065,55.087233
dzf2,4,2453.748950,428.426305
dyf3,4,412.880219,75.656184
csyz,4,381.576086,78.698820
dxf3,4,262.365751,56.369628
dzf3,4,1194.522870,255.102912
csxz,4,378.457987,80.131199
#========================= OptEWE [OpenMP] =========================
#Grid Size                                    :  1024 x 1024 x 1024
#Iterations                                   :  5
#Compute time                                 :  81.021866
#Total effective MLUPS                        :  66.262472
#===================================================================
#Number of threads                            :  18
