dxf,0,338.592086,66.404131
dzb,0,1533.959014,306.800914
dyb,0,530.773099,93.156663
cvx,0,472.578919,91.105162
dyf,0,529.820935,92.967108
dzb2,0,1533.269996,305.678342
dxb,0,337.878202,67.905917
cvy,0,2879.345965,392.560109
dzf,0,1535.978849,306.030911
dxb2,0,341.246037,68.349067
dyb2,0,529.785586,93.188634
cvz,0,495.953343,98.370896
dzb3,0,1531.671172,307.010265
dxb3,0,339.900976,68.195248
dyb3,0,536.878014,94.637097
csxxsyyszz,0,1297.471655,215.034946
dyf2,0,531.945557,91.981044
dxf2,0,364.515095,68.233788
csxy,0,278.460515,59.670233
dzf2,0,3180.505749,525.920151
dyf3,0,531.570468,91.973532
csyz,0,423.523013,84.434542
dxf3,0,336.643087,67.534660
dzf3,0,1538.814823,308.449553
csxz,0,414.223904,85.094756
dxf,1,336.093549,67.657096
dzb,1,1532.042844,307.474324
dyb,1,530.837941,93.619430
cvx,1,472.571931,91.330131
dyf,1,529.750797,93.106693
dzb2,1,1533.120142,306.275573
dxb,1,338.665326,68.213918
cvy,1,563.336054,101.490471
dzf,1,1535.022967,306.978120
dxb2,1,341.237005,68.649945
dyb2,1,529.862667,93.376194
cvz,1,495.847254,98.505741
dzb3,1,1532.101196,308.000273
dxb3,1,339.612948,68.327808
dyb3,1,537.467709,94.946311
csxxsyyszz,1,1297.741911,215.673411
dyf2,1,534.197496,92.376299
dxf2,1,364.880856,68.538530
csxy,1,278.445327,59.820869
dzf2,1,3177.901182,526.410220
dyf3,1,531.471474,92.048888
csyz,1,424.067266,84.632650
dxf3,1,336.613485,67.585114
dzf3,1,1539.055383,308.819669
csxz,1,415.421441,85.458888
dxf,2,336.716972,67.958175
dzb,2,1532.590051,308.011753
dyb,2,530.551973,93.348722
cvx,2,472.544032,91.315019
dyf,2,531.742462,93.243358
dzb2,2,1534.945285,306.753836
dxb,2,338.786809,68.210986
cvy,2,563.123484,101.609650
dzf,2,1536.366681,307.544415
dxb2,2,341.309207,68.724299
dyb2,2,529.543318,93.471374
cvz,2,495.835995,98.589178
dzb3,2,1532.642615,308.209901
dxb3,2,339.577731,68.340390
dyb3,2,536.791986,94.983369
csxxsyyszz,2,1298.145987,215.775324
dyf2,2,531.757834,92.044859
dxf2,2,364.415807,68.506312
csxy,2,278.200802,59.826708
dzf2,2,3179.047447,526.548458
dyf3,2,531.529557,92.041122
csyz,2,424.266145,85.034237
dxf3,2,336.645405,67.747521
dzf3,2,1538.866550,309.321037
csxz,2,414.102725,85.359784
dxf,3,336.816682,67.788342
dzb,3,1532.237064,308.273179
dyb,3,530.608727,93.537863
cvx,3,472.648401,91.490618
dyf,3,531.578909,93.686168
dzb2,3,1535.383712,307.501787
dxb,3,338.759811,68.200942
cvy,3,563.339130,101.685826
dzf,3,1536.852697,307.537157
dxb2,3,341.304122,68.574016
dyb2,3,529.909171,93.421438
cvz,3,496.110550,98.724752
dzb3,3,1532.917206,307.898504
dxb3,3,340.026962,68.347903
dyb3,3,537.261258,95.002166
csxxsyyszz,3,1298.005372,215.589451
dyf2,3,532.106833,92.100939
dxf2,3,366.021114,68.623238
csxy,3,277.203052,59.603498
dzf2,3,3186.032483,526.452254
dyf3,3,531.303822,91.877057
csyz,3,423.782947,84.712713
dxf3,3,336.937701,67.648964
dzf3,3,1538.214378,308.670924
csxz,3,415.962888,85.213163
dxf,4,336.551801,67.701301
dzb,4,1532.057077,307.781295
dyb,4,532.786079,93.968770
cvx,4,472.800466,91.495117
dyf,4,531.506961,93.528021
dzb2,4,1535.256851,306.738717
dxb,4,338.389127,68.216883
cvy,4,563.664414,101.734191
dzf,4,1536.204705,307.254043
dxb2,4,341.584834,68.642616
dyb2,4,529.583312,93.400766
cvz,4,496.257828,98.695889
dzb3,4,1533.841693,308.544115
dxb3,4,339.949989,68.737437
dyb3,4,537.408491,95.045276
csxxsyyszz,4,1297.926713,215.492424
dyf2,4,532.170472,92.180469
dxf2,4,366.569502,68.663048
csxy,4,277.194305,59.595035
dzf2,4,3183.150071,526.230411
dyf3,4,531.534813,92.238241
csyz,4,423.573226,84.861523
dxf3,4,336.906096,67.826397
dzf3,4,1538.804493,309.262974
csxz,4,415.142182,85.668558
#========================= OptEWE [OpenMP] =========================
#Grid Size                                    :  1024 x 1024 x 1024
#Iterations                                   :  5
#Compute time                                 :  102.585480
#Total effective MLUPS                        :  52.334006
#===================================================================
#Number of threads                            :  14
