dxf,0,827.804369,128.550451
dzb,0,3219.543767,516.401038
dyb,0,898.993497,140.860915
cvx,0,1365.637281,207.767171
dyf,0,891.608790,139.892467
dzb2,0,2028.517184,372.058896
dxb,0,817.746327,128.827868
cvy,0,3151.602832,416.773850
dzf,0,2030.643379,373.047267
dxb2,0,946.691753,147.473700
dyb2,0,891.169036,140.359618
cvz,0,1591.022301,242.527648
dzb3,0,4466.032746,677.814285
dxb3,0,1054.286839,160.148139
dyb3,0,1079.464288,165.542110
csxxsyyszz,0,1562.028937,251.678535
dyf2,0,1076.811918,165.587672
dxf2,0,1052.565620,160.202181
csxy,0,755.560867,120.710452
dzf2,0,4466.899513,677.720391
dyf3,0,1077.018619,165.166016
csyz,0,992.502329,156.951658
dxf3,0,1050.677915,160.118267
dzf3,0,4467.125536,678.698192
csxz,0,1200.046870,185.406488
dxf,1,826.265236,129.228553
dzb,1,3217.471055,517.862773
dyb,1,899.643845,141.452516
cvx,1,1361.584657,207.772519
dyf,1,893.083936,140.454409
dzb2,1,2028.613141,372.569783
dxb,1,816.955848,128.842698
cvy,1,1360.356196,207.464927
dzf,1,2031.238955,375.176095
dxb2,1,946.670458,146.789589
dyb2,1,891.304319,140.027224
cvz,1,1591.341087,242.457241
dzb3,1,4467.507706,678.496093
dxb3,1,1053.416716,160.422756
dyb3,1,1077.900844,165.349636
csxxsyyszz,1,1562.013850,251.702820
dyf2,1,1079.320916,165.423399
dxf2,1,1052.285073,160.232113
csxy,1,755.388016,120.734602
dzf2,1,4464.868270,678.232443
dyf3,1,1077.502317,165.185145
csyz,1,994.376820,157.100926
dxf3,1,1050.417903,160.032836
dzf3,1,4453.124596,676.957136
csxz,1,1201.026370,185.304861
dxf,2,826.065843,128.862153
dzb,2,3217.419745,517.739571
dyb,2,899.487536,141.275695
cvx,2,1364.697253,208.236960
dyf,2,892.125912,140.285549
dzb2,2,2026.232442,372.301093
dxb,2,816.969257,128.899244
cvy,2,1362.001993,207.673720
dzf,2,2028.891576,372.839426
dxb2,2,947.060277,146.900871
dyb2,2,892.982770,140.308166
cvz,2,1591.663488,242.633880
dzb3,2,4459.810943,678.130182
dxb3,2,1044.266929,160.544805
dyb3,2,1077.921059,165.336003
csxxsyyszz,2,1568.411181,252.635071
dyf2,2,1079.897996,165.588767
dxf2,2,1050.916492,160.304345
csxy,2,756.162432,120.992470
dzf2,2,4467.093762,677.904576
dyf3,2,1078.197050,165.626412
csyz,2,993.709840,157.159202
dxf3,2,1053.915650,160.565169
dzf3,2,4468.404959,678.977615
csxz,2,1201.498687,185.665750
dxf,3,825.886449,129.050247
dzb,3,3218.703188,518.199580
dyb,3,900.105827,141.820176
cvx,3,1355.989455,207.502729
dyf,3,891.841013,139.997688
dzb2,3,2027.793965,372.157774
dxb,3,815.906553,128.962541
cvy,3,1360.865774,207.687895
dzf,3,2029.365402,373.010541
dxb2,3,945.140503,146.788450
dyb2,3,893.616036,140.294095
cvz,3,1592.993953,242.573423
dzb3,3,4466.975498,678.306788
dxb3,3,1052.657691,160.406577
dyb3,3,1079.192853,165.383929
csxxsyyszz,3,1562.425763,251.754461
dyf2,3,1076.919895,165.288219
dxf2,3,1053.864132,160.454431
csxy,3,755.571904,120.841596
dzf2,3,4456.729708,678.621307
dyf3,3,1077.150958,165.105325
csyz,3,995.992881,157.204785
dxf3,3,1053.280602,160.160297
dzf3,3,4472.626329,678.111465
csxz,3,1201.027822,185.267522
dxf,4,826.298025,128.853340
dzb,4,3216.630189,517.728510
dyb,4,899.935522,141.222578
cvx,4,1363.051130,207.710388
dyf,4,892.579779,140.344688
dzb2,4,2023.901478,371.804060
dxb,4,816.740157,128.866217
cvy,4,1360.774357,207.983165
dzf,4,2029.803626,373.416147
dxb2,4,941.320627,146.728723
dyb2,4,891.732098,140.072960
cvz,4,1591.055623,242.487533
dzb3,4,4468.836475,678.066188
dxb3,4,1053.109501,160.210018
dyb3,4,1079.744777,165.404835
csxxsyyszz,4,1562.927433,251.566730
dyf2,4,1079.669368,165.411386
dxf2,4,1054.031373,160.345517
csxy,4,756.019383,120.706645
dzf2,4,4467.898896,677.621734
dyf3,4,1079.366931,165.423712
csyz,4,994.269441,156.990124
dxf3,4,1051.824224,159.973670
dzf3,4,4472.085876,677.983670
csxz,4,1201.160136,185.301362
#========================= OptEWE [OpenMP] =========================
#Grid Size                                    :  1024 x 1024 x 1024
#Iterations                                   :  5
#Compute time                                 :  207.619583
#Total effective MLUPS                        :  25.858395
#===================================================================
#Number of threads                            :  12
