dxf,0,200.419292,47.624137
dzb,0,895.136849,219.257005
dyb,0,341.785313,72.708347
cvx,0,294.067547,70.199684
dyf,0,308.091779,66.976418
dzb2,0,896.114397,218.333951
dxb,0,253.839994,58.971135
cvy,0,3361.101393,514.460880
dzf,0,897.289609,218.276796
dxb2,0,198.221698,49.264533
dyb2,0,341.233023,72.580411
cvz,0,404.385221,92.634841
dzb3,0,897.265542,218.647089
dxb3,0,199.925113,49.640360
dyb3,0,359.328473,78.689699
csxxsyyszz,0,777.343480,165.802545
dyf2,0,308.526631,65.930647
dxf2,0,273.480337,61.004387
csxy,0,237.153728,58.006039
dzf2,0,2129.867865,401.360021
dyf3,0,309.280856,65.104489
csyz,0,357.847144,81.108570
dxf3,0,198.495157,49.053115
dzf3,0,895.769697,220.096576
csxz,0,356.587396,82.923500
dxf,1,197.113307,49.033296
dzb,1,894.517606,220.398001
dyb,1,341.901353,73.089013
cvx,1,293.356798,70.331918
dyf,1,307.955122,67.203355
dzb2,1,895.575197,218.959768
dxb,1,253.423026,59.074272
cvy,1,441.906550,96.084746
dzf,1,898.715260,219.707416
dxb2,1,198.623803,49.484388
dyb2,1,341.287975,72.858265
cvz,1,404.561058,92.961602
dzb3,1,897.637453,219.234587
dxb3,1,199.644521,49.704408
dyb3,1,359.620139,79.028640
csxxsyyszz,1,777.552536,166.056870
dyf2,1,308.632057,66.053854
dxf2,1,269.260236,60.377135
csxy,1,235.318992,57.822318
dzf2,1,2128.088673,402.268445
dyf3,1,309.261553,65.287002
csyz,1,357.825356,81.161691
dxf3,1,198.027556,49.009962
dzf3,1,895.905747,220.416030
csxz,1,356.920545,83.051820
dxf,2,196.870371,48.930364
dzb,2,897.654193,221.252906
dyb,2,342.156465,73.000050
cvx,2,293.680880,70.473827
dyf,2,307.724823,67.238868
dzb2,2,894.710633,219.052693
dxb,2,253.467523,59.123038
cvy,2,440.666632,95.934345
dzf,2,896.770755,219.498368
dxb2,2,198.344852,49.491378
dyb2,2,341.407096,72.915173
cvz,2,404.270640,92.985730
dzb3,2,895.268135,218.925116
dxb3,2,199.691229,49.761364
dyb3,2,359.324661,79.040599
csxxsyyszz,2,766.385532,164.323083
dyf2,2,308.452379,66.417258
dxf2,2,269.187007,60.388528
csxy,2,234.835215,57.785009
dzf2,2,2126.414513,403.533609
dyf3,2,309.550190,65.304637
csyz,2,358.116330,81.223144
dxf3,2,197.842541,49.026673
dzf3,2,895.775489,220.537773
csxz,2,357.254190,83.153896
dxf,3,196.813455,49.049788
dzb,3,894.647325,220.841839
dyb,3,341.957286,73.175991
cvx,3,293.363592,70.435851
dyf,3,307.855530,67.276395
dzb2,3,895.332645,219.202404
dxb,3,253.863798,59.087669
cvy,3,441.127268,96.076620
dzf,3,896.799481,219.609884
dxb2,3,198.246448,49.498172
dyb2,3,341.244763,72.916319
cvz,3,404.342043,93.026180
dzb3,3,896.723560,219.325296
dxb3,3,199.890781,49.875359
dyb3,3,359.295861,79.055538
csxxsyyszz,3,766.644959,164.361488
dyf2,3,310.191238,66.378935
dxf2,3,268.898950,60.321751
csxy,3,235.522310,57.937120
dzf2,3,2128.135993,401.159619
dyf3,3,309.101654,65.231877
csyz,3,357.614371,81.264502
dxf3,3,198.216007,49.098228
dzf3,3,895.460837,220.496868
csxz,3,356.682632,83.109044
dxf,4,196.841650,49.086267
dzb,4,895.617544,221.115685
dyb,4,341.736812,73.181367
cvx,4,293.488189,70.506307
dyf,4,307.670463,67.321706
dzb2,4,894.944469,219.268131
dxb,4,253.527690,59.115696
cvy,4,441.506677,96.164612
dzf,4,896.579771,219.641571
dxb2,4,198.281383,49.522881
dyb2,4,342.112727,73.181416
cvz,4,403.005317,92.952552
dzb3,4,898.090822,219.848511
dxb3,4,199.740273,49.805261
dyb3,4,358.862577,79.008828
csxxsyyszz,4,777.367690,166.197640
dyf2,4,309.065722,66.088635
dxf2,4,268.851586,60.362781
csxy,4,235.189461,57.894688
dzf2,4,2127.616979,402.098113
dyf3,4,309.333921,65.378369
csyz,4,358.125343,81.317207
dxf3,4,197.863677,49.067332
dzf3,4,895.811976,220.694060
csxz,4,356.810449,83.227543
#========================= OptEWE [OpenMP] =========================
#Grid Size                                    :  1024 x 1024 x 1024
#Iterations                                   :  5
#Compute time                                 :  66.707603
#Total effective MLUPS                        :  80.481217
#===================================================================
#Number of threads                            :  24
