dxf,0,694.632668,114.416776
dzb,0,1758.050065,337.539860
dyb,0,753.140316,125.453223
cvx,0,1146.195422,183.444679
dyf,0,758.382162,124.873233
dzb2,0,1759.290737,338.427812
dxb,0,687.666465,114.654407
cvy,0,3073.639934,422.826016
dzf,0,1742.079966,335.541799
dxb2,0,684.686372,114.608361
dyb2,0,759.773383,124.889868
cvz,0,1217.627746,201.298259
dzb3,0,2869.755535,486.328592
dxb3,0,888.852275,141.844341
dyb3,0,914.516525,146.747201
csxxsyyszz,0,1333.761753,225.106134
dyf2,0,916.510453,146.962148
dxf2,0,888.861501,141.888883
csxy,0,625.278556,108.647257
dzf2,0,3697.145037,599.043427
dyf3,0,861.869552,139.413638
csyz,0,827.372562,140.683273
dxf3,0,824.068547,132.473754
dzf3,0,3701.376836,598.916842
csxz,0,828.410920,140.871772
dxf,1,693.216705,114.444963
dzb,1,1757.893534,337.795249
dyb,1,753.391249,125.634973
cvx,1,1145.030615,183.531707
dyf,1,758.113980,124.919974
dzb2,1,1756.686233,338.363191
dxb,1,686.087100,114.645476
cvy,1,1142.826052,183.376250
dzf,1,1744.127435,337.081337
dxb2,1,685.885634,114.826312
dyb2,1,758.298322,125.084797
cvz,1,1216.974269,200.732682
dzb3,1,2872.704478,487.658315
dxb3,1,888.450947,142.279800
dyb3,1,916.276190,146.793331
csxxsyyszz,1,1332.877764,225.036646
dyf2,1,915.629654,146.976778
dxf2,1,889.412978,141.840653
csxy,1,626.519088,108.636836
dzf2,1,3700.683768,599.978589
dyf3,1,861.513197,139.579609
csyz,1,828.384365,140.619739
dxf3,1,822.458216,132.933174
dzf3,1,3701.030380,600.086380
csxz,1,830.368821,140.831721
dxf,2,693.860389,114.275933
dzb,2,1756.372456,338.011772
dyb,2,752.270178,125.593449
cvx,2,1147.365920,183.562316
dyf,2,758.265431,124.987207
dzb2,2,1759.812947,338.932245
dxb,2,685.624117,114.713295
cvy,2,1146.305080,183.881110
dzf,2,1740.174175,336.244197
dxb2,2,685.708343,114.966187
dyb2,2,756.065595,124.876997
cvz,2,1213.805722,200.874727
dzb3,2,2867.098365,487.091544
dxb3,2,889.985704,141.674159
dyb3,2,914.837906,146.932976
csxxsyyszz,2,1335.093067,225.361232
dyf2,2,914.170124,147.038921
dxf2,2,887.400178,141.866487
csxy,2,627.116859,108.657714
dzf2,2,3701.816809,600.211392
dyf3,2,862.719341,139.798099
csyz,2,826.139989,141.271431
dxf3,2,822.539882,133.003647
dzf3,2,3703.175218,599.895879
csxz,2,832.097907,140.840299
dxf,3,692.507953,114.440304
dzb,3,1758.225480,339.341380
dyb,3,753.106592,125.864931
cvx,3,1143.377320,183.727749
dyf,3,758.678052,124.980102
dzb2,3,1761.460578,339.804270
dxb,3,686.850118,115.066859
cvy,3,1145.350207,183.613139
dzf,3,1740.760151,336.389150
dxb2,3,685.302995,114.989251
dyb2,3,758.099997,125.060187
cvz,3,1213.170600,200.734173
dzb3,3,2872.258564,487.852830
dxb3,3,890.431122,142.010034
dyb3,3,914.524428,147.231316
csxxsyyszz,3,1332.204062,225.172565
dyf2,3,915.069786,147.347562
dxf2,3,888.113241,142.008056
csxy,3,624.001523,108.889634
dzf2,3,3702.478987,600.077217
dyf3,3,862.435817,139.619646
csyz,3,822.870551,141.700003
dxf3,3,824.418840,132.970097
dzf3,3,3702.832556,599.611187
csxz,3,825.262428,140.859295
dxf,4,692.690614,114.506921
dzb,4,1758.753604,338.353956
dyb,4,752.805428,125.687428
cvx,4,1147.902908,184.019246
dyf,4,757.579813,124.916698
dzb2,4,1759.109186,338.558585
dxb,4,686.580740,114.759648
cvy,4,1142.554523,183.430682
dzf,4,1742.618578,336.127034
dxb2,4,685.218996,114.862574
dyb2,4,757.642340,124.950965
cvz,4,1218.334846,200.916268
dzb3,4,2873.444477,487.148147
dxb3,4,890.299492,142.033457
dyb3,4,915.607372,146.875600
csxxsyyszz,4,1334.658188,225.449087
dyf2,4,916.285674,146.948687
dxf2,4,889.373298,141.944499
csxy,4,625.537540,108.762718
dzf2,4,3703.460001,600.245386
dyf3,4,861.412702,139.383908
csyz,4,827.969845,140.586330
dxf3,4,821.897423,132.836796
dzf3,4,3702.746931,599.870604
csxz,4,830.778750,141.013039
#========================= OptEWE [OpenMP] =========================
#Grid Size                                    :  1024 x 1024 x 1024
#Iterations                                   :  5
#Compute time                                 :  163.347290
#Total effective MLUPS                        :  32.866839
#===================================================================
#Number of threads                            :  14
