dxf,0,241.060035,51.543942
dzb,0,1084.896670,237.929022
dyb,0,374.005784,71.994371
cvx,0,334.099617,71.053342
dyf,0,374.976101,72.247347
dzb2,0,1084.642140,236.363966
dxb,0,239.668829,52.842625
cvy,0,3049.159688,426.280084
dzf,0,1086.845315,236.415197
dxb2,0,241.669346,53.213873
dyb2,0,372.890329,71.724680
cvz,0,346.614015,76.536207
dzb3,0,1083.892174,237.970519
dxb3,0,240.886850,53.169425
dyb3,0,372.969743,71.959973
csxxsyyszz,0,901.393043,163.412422
dyf2,0,373.792762,70.258210
dxf2,0,239.121828,51.339009
csxy,0,226.184372,52.912509
dzf2,0,1085.248678,238.091523
dyf3,0,372.980856,71.763659
csyz,0,271.270526,61.946064
dxf3,0,237.533474,52.699260
dzf3,0,1087.514962,238.723010
csxz,0,268.179778,63.226361
dxf,1,238.047253,52.818841
dzb,1,1085.886479,238.539384
dyb,1,374.331694,72.062334
cvx,1,334.514865,71.245815
dyf,1,372.548547,71.959145
dzb2,1,1087.118508,237.089285
dxb,1,239.833007,52.909922
cvy,1,332.703227,72.440896
dzf,1,1085.838930,238.445528
dxb2,1,241.649495,53.355561
dyb2,1,373.047803,71.940650
cvz,1,346.572482,76.737544
dzb3,1,1087.051840,238.718425
dxb3,1,242.482662,53.489165
dyb3,1,373.028563,71.776413
csxxsyyszz,1,894.158357,162.347494
dyf2,1,373.779256,70.433715
dxf2,1,239.874814,51.517843
csxy,1,225.293401,52.776963
dzf2,1,1087.315653,238.777981
dyf3,1,372.968177,71.909684
csyz,1,271.150443,61.973890
dxf3,1,237.437918,52.751452
dzf3,1,1086.766817,238.720112
csxz,1,268.438612,63.272968
dxf,2,238.140513,52.818324
dzb,2,1085.227652,238.518705
dyb,2,374.415656,72.132145
cvx,2,334.494340,71.324819
dyf,2,372.288550,71.980098
dzb2,2,1086.378033,237.030481
dxb,2,239.787624,53.002143
cvy,2,334.547999,72.814719
dzf,2,1086.204681,238.611233
dxb2,2,241.756124,53.322520
dyb2,2,374.019641,72.169749
cvz,2,346.576501,76.689510
dzb3,2,1086.576887,238.785876
dxb3,2,240.867844,53.184763
dyb3,2,375.897136,72.323056
csxxsyyszz,2,902.210003,163.770323
dyf2,2,373.747250,70.339854
dxf2,2,239.070181,51.388184
csxy,2,225.241391,52.793430
dzf2,2,1085.473699,238.508748
dyf3,2,373.966216,72.039977
csyz,2,271.023988,62.069456
dxf3,2,237.428493,52.775808
dzf3,2,1086.025037,238.742834
csxz,2,268.262366,63.257755
dxf,3,238.335591,52.892252
dzb,3,1086.170438,238.754208
dyb,3,374.283442,71.956488
cvx,3,334.320097,71.234805
dyf,3,372.426509,71.755210
dzb2,3,1087.098740,237.235211
dxb,3,239.702825,53.076520
cvy,3,332.701723,72.565581
dzf,3,1085.132757,238.603417
dxb2,3,241.561195,53.457839
dyb2,3,373.017068,72.093131
cvz,3,346.771429,76.793802
dzb3,3,1084.885953,238.503580
dxb3,3,240.817863,53.266024
dyb3,3,372.992367,72.017943
csxxsyyszz,3,894.321671,162.493552
dyf2,3,373.749541,70.406688
dxf2,3,238.998541,51.418294
csxy,3,225.094486,52.826179
dzf2,3,1086.417103,239.809220
dyf3,3,374.759416,72.329562
csyz,3,271.090976,62.108629
dxf3,3,237.402524,52.807657
dzf3,3,1085.784609,238.801812
csxz,3,268.239970,63.373057
dxf,4,238.007721,52.923123
dzb,4,1085.545065,238.773970
dyb,4,374.268327,72.096919
cvx,4,334.409516,71.384362
dyf,4,372.269170,72.007581
dzb2,4,1085.583157,237.109532
dxb,4,239.742758,53.054773
cvy,4,332.756185,72.594272
dzf,4,1085.133903,238.551883
dxb2,4,241.511220,53.471875
dyb2,4,372.750375,72.053568
cvz,4,346.791899,76.841310
dzb3,4,1085.987835,238.748975
dxb3,4,240.745278,53.301948
dyb3,4,373.055187,71.862738
csxxsyyszz,4,904.255582,164.098056
dyf2,4,373.809414,70.446501
dxf2,4,238.939908,51.416009
csxy,4,225.135586,52.841404
dzf2,4,1087.015666,238.861580
dyf3,4,372.929115,72.066680
csyz,4,271.276468,62.106659
dxf3,4,237.330995,52.841025
dzf3,4,1085.723604,238.798633
csxz,4,268.157527,63.495240
#========================= OptEWE [OpenMP] =========================
#Grid Size                                    :  1024 x 1024 x 1024
#Iterations                                   :  5
#Compute time                                 :  67.082764
#Total effective MLUPS                        :  80.031126
#===================================================================
#Number of threads                            :  20
