dxf,0,319.207727,62.633203
dzb,0,1446.313491,288.682992
dyb,0,499.361131,87.772933
cvx,0,446.873716,87.677893
dyf,0,496.386249,87.673222
dzb2,0,1445.092701,287.557961
dxb,0,321.201860,64.293697
cvy,0,2863.395275,391.709090
dzf,0,1449.520772,287.896945
dxb2,0,322.912279,64.735439
dyb2,0,497.333520,87.888872
cvz,0,459.183387,92.745081
dzb3,0,1445.628012,289.003836
dxb3,0,320.281517,64.361788
dyb3,0,499.459426,87.996698
csxxsyyszz,0,1208.929556,202.616089
dyf2,0,497.677844,86.441852
dxf2,0,317.558775,62.745730
csxy,0,298.706686,63.426256
dzf2,0,1447.919397,289.620595
dyf3,0,496.924991,87.942126
csyz,0,359.439648,74.866000
dxf3,0,316.538195,63.818528
dzf3,0,1447.291628,289.957604
csxz,0,356.566779,75.968766
dxf,1,316.899416,63.877155
dzb,1,1445.213304,289.550151
dyb,1,499.057901,88.049724
cvx,1,445.211083,87.801948
dyf,1,497.959734,88.010264
dzb2,1,1445.723778,288.121402
dxb,1,321.092562,64.417827
cvy,1,441.579047,88.470559
dzf,1,1447.790562,289.815015
dxb2,1,323.386121,65.046629
dyb2,1,497.306442,87.950859
cvz,1,459.060816,92.916745
dzb3,1,1445.295095,289.529332
dxb3,1,319.961067,64.453215
dyb3,1,497.559969,87.943473
csxxsyyszz,1,1209.383026,202.887729
dyf2,1,497.523275,86.627374
dxf2,1,317.944483,62.829790
csxy,1,299.916643,63.652698
dzf2,1,1449.345493,290.116808
dyf3,1,496.608192,87.986405
csyz,1,359.562893,74.935619
dxf3,1,316.629198,63.840983
dzf3,1,1446.700053,289.910615
csxz,1,356.663400,75.985118
dxf,2,317.055702,63.999158
dzb,2,1444.963073,289.580186
dyb,2,499.162344,88.324084
cvx,2,443.568550,87.385868
dyf,2,496.575073,87.712182
dzb2,2,1445.787405,288.522756
dxb,2,321.337924,64.450139
cvy,2,441.872266,88.616209
dzf,2,1450.929329,290.506122
dxb2,2,323.105908,64.919804
dyb2,2,497.269101,87.982248
cvz,2,459.389546,93.111208
dzb3,2,1444.702238,289.518171
dxb3,2,319.958194,64.414012
dyb3,2,497.738109,87.947404
csxxsyyszz,2,1226.663299,205.486700
dyf2,2,498.202022,86.973989
dxf2,2,317.640241,62.800038
csxy,2,298.720876,63.505816
dzf2,2,1448.627907,290.456881
dyf3,2,496.656440,88.020883
csyz,2,360.359077,75.296629
dxf3,2,316.966270,63.910441
dzf3,2,1451.002736,290.630573
csxz,2,356.905488,76.039061
dxf,3,317.061174,63.886458
dzb,3,1444.590970,289.571424
dyb,3,499.223098,87.992428
cvx,3,443.282288,87.348275
dyf,3,497.871916,87.993745
dzb2,3,1445.400007,288.365785
dxb,3,321.406126,64.450012
cvy,3,441.391977,88.555010
dzf,3,1447.677182,290.109529
dxb2,3,323.147766,64.901617
dyb2,3,497.205284,88.105471
cvz,3,459.456743,92.953778
dzb3,3,1448.116913,289.913498
dxb3,3,320.035841,64.399881
dyb3,3,497.156694,88.065851
csxxsyyszz,3,1214.153683,203.598765
dyf2,3,498.032664,86.597295
dxf2,3,319.142422,63.032615
csxy,3,298.574013,63.408784
dzf2,3,1447.637523,289.797868
dyf3,3,496.436494,87.970563
csyz,3,359.637524,74.942705
dxf3,3,316.436641,63.889850
dzf3,3,1446.902930,290.161861
csxz,3,356.653461,75.985616
dxf,4,317.070476,63.980522
dzb,4,1447.501140,290.115084
dyb,4,499.419573,88.135964
cvx,4,443.245248,87.347077
dyf,4,497.987347,87.969113
dzb2,4,1444.675449,288.201380
dxb,4,321.684081,64.378394
cvy,4,443.102827,88.847093
dzf,4,1447.777810,290.096848
dxb2,4,322.858040,64.917383
dyb2,4,497.281807,87.882349
cvz,4,459.402883,92.981621
dzb3,4,1444.724062,289.638442
dxb3,4,320.002809,64.286029
dyb3,4,497.449780,88.123251
csxxsyyszz,4,1209.400446,203.080775
dyf2,4,497.872168,86.801865
dxf2,4,317.503284,62.806179
csxy,4,298.679941,63.540547
dzf2,4,1447.573111,289.978033
dyf3,4,496.493740,87.927992
csyz,4,359.954995,75.014345
dxf3,4,317.245839,63.907383
dzf3,4,1447.287954,290.075727
csxz,4,356.787649,76.048029
#========================= OptEWE [OpenMP] =========================
#Grid Size                                    :  1024 x 1024 x 1024
#Iterations                                   :  5
#Compute time                                 :  88.218414
#Total effective MLUPS                        :  60.857012
#===================================================================
#Number of threads                            :  15
