dxf,0,240.721703,51.540182
dzb,0,1087.282645,238.244813
dyb,0,374.259577,71.844151
cvx,0,336.200025,71.622540
dyf,0,373.996382,72.008389
dzb2,0,1086.484587,236.797962
dxb,0,241.766966,53.200546
cvy,0,3034.791749,425.640652
dzf,0,1088.380536,236.809881
dxb2,0,239.254927,52.901273
dyb2,0,374.814912,72.010067
cvz,0,346.272472,76.738406
dzb3,0,1084.747785,238.142211
dxb3,0,240.982641,53.233139
dyb3,0,375.279600,72.324689
csxxsyyszz,0,909.275482,164.483663
dyf2,0,375.904641,70.637914
dxf2,0,238.609233,51.312790
csxy,0,225.031574,52.770151
dzf2,0,1086.846883,238.503947
dyf3,0,374.211926,72.212699
csyz,0,271.474608,62.096708
dxf3,0,237.850268,52.660446
dzf3,0,1086.950215,238.704202
csxz,0,268.746534,63.351644
dxf,1,237.921698,52.829566
dzb,1,1084.526181,238.404389
dyb,1,374.293089,72.082899
cvx,1,334.361805,71.353529
dyf,1,372.595428,71.943294
dzb2,1,1085.662438,236.994386
dxb,1,241.736593,53.270462
cvy,1,332.733596,72.505413
dzf,1,1088.555841,239.118512
dxb2,1,239.432661,52.975468
dyb2,1,373.361494,72.160196
cvz,1,346.386736,76.726278
dzb3,1,1085.437660,238.561367
dxb3,1,241.340914,53.314615
dyb3,1,373.512049,71.894593
csxxsyyszz,1,900.615603,163.373613
dyf2,1,374.144636,70.422153
dxf2,1,238.473779,51.397184
csxy,1,225.336556,52.847873
dzf2,1,1086.701768,238.717684
dyf3,1,375.654497,72.447384
csyz,1,271.477284,62.136848
dxf3,1,237.216239,52.785202
dzf3,1,1087.026669,238.847153
csxz,1,268.674106,63.377608
dxf,2,238.086142,52.864050
dzb,2,1084.751779,238.522402
dyb,2,374.183258,72.233912
cvx,2,336.448865,71.689612
dyf,2,372.704085,71.840330
dzb2,2,1087.170394,237.323725
dxb,2,241.740840,53.330092
cvy,2,332.718424,72.499119
dzf,2,1088.069325,239.072158
dxb2,2,239.184974,52.938531
dyb2,2,373.345885,71.875179
cvz,2,346.418275,76.764496
dzb3,2,1084.853339,238.527002
dxb3,2,241.138758,53.268964
dyb3,2,373.333256,71.855077
csxxsyyszz,2,914.641036,165.454540
dyf2,2,374.150954,70.491506
dxf2,2,238.580199,51.413907
csxy,2,225.134125,52.864491
dzf2,2,1086.495031,238.798345
dyf3,2,373.133921,72.051039
csyz,2,271.553587,62.212876
dxf3,2,237.613308,52.902514
dzf3,2,1088.896447,239.339808
csxz,2,268.711137,63.439215
dxf,3,238.051403,52.888449
dzb,3,1086.153541,238.831106
dyb,3,374.253801,71.991225
cvx,3,334.475368,71.368182
dyf,3,372.801162,71.984015
dzb2,3,1085.843604,237.205126
dxb,3,241.603482,53.286740
cvy,3,332.756924,72.612864
dzf,3,1086.711120,238.910387
dxb2,3,239.147625,52.989431
dyb2,3,373.312781,71.920074
cvz,3,346.371990,76.762078
dzb3,3,1084.321531,238.485457
dxb3,3,241.370184,53.337719
dyb3,3,373.382104,72.191312
csxxsyyszz,3,900.496259,163.412113
dyf2,3,376.040946,70.740463
dxf2,3,238.377646,51.307187
csxy,3,226.367927,53.058084
dzf2,3,1088.491384,239.224062
dyf3,3,373.159133,72.100935
csyz,3,271.463008,62.181062
dxf3,3,237.218640,52.811791
dzf3,3,1086.458163,238.941278
csxz,3,268.684352,63.415103
dxf,4,238.221342,52.919009
dzb,4,1085.274541,238.770876
dyb,4,374.251141,72.026422
cvx,4,334.333849,71.322936
dyf,4,372.649419,72.116628
dzb2,4,1086.272891,237.291589
dxb,4,241.700813,53.365648
cvy,4,332.815536,72.566614
dzf,4,1088.891134,239.964128
dxb2,4,239.256297,52.983479
dyb2,4,373.242847,71.951888
cvz,4,348.136405,77.095054
dzb3,4,1085.220189,238.692652
dxb3,4,241.239247,53.329508
dyb3,4,374.307080,72.054982
csxxsyyszz,4,914.402328,165.476620
dyf2,4,374.128910,70.481382
dxf2,4,238.870263,51.428144
csxy,4,225.131166,52.848424
dzf2,4,1087.891416,239.066630
dyf3,4,374.248014,72.241809
csyz,4,271.683487,62.193125
dxf3,4,237.607398,52.741012
dzf3,4,1087.888203,239.086028
csxz,4,268.760451,63.592169
#========================= OptEWE [OpenMP] =========================
#Grid Size                                    :  1024 x 1024 x 1024
#Iterations                                   :  5
#Compute time                                 :  67.144699
#Total effective MLUPS                        :  79.957304
#===================================================================
#Number of threads                            :  20
