dxf,0,29.349775,5.711490
dzb,0,105.528679,21.581724
dyb,0,29.588799,5.767429
cvx,0,40.716622,7.856248
dyf,0,29.296815,5.746665
dzb2,0,105.551087,21.615160
dxb,0,29.022430,5.618883
cvy,0,295.376297,47.426045
dzf,0,105.323271,21.548944
dxb2,0,29.041117,5.646272
dyb2,0,29.864932,5.826431
cvz,0,41.803212,8.294778
dzb3,0,105.309634,21.568913
dxb3,0,28.877747,5.633326
dyb3,0,29.854468,5.833900
csxxsyyszz,0,109.138163,20.080561
dyf2,0,29.506234,5.762758
dxf2,0,28.714668,5.636928
csxy,0,27.628838,5.642356
dzf2,0,105.456058,21.618861
dyf3,0,29.149470,5.739272
csyz,0,32.866036,6.733429
dxf3,0,28.374454,5.581018
dzf3,0,105.487814,21.630547
csxz,0,32.671746,6.686417
dxf,1,28.179835,5.543091
dzb,1,105.560293,21.644422
dyb,1,29.519398,5.777708
cvx,1,40.847232,7.891661
dyf,1,29.320762,5.743913
dzb2,1,105.529923,21.649290
dxb,1,28.954773,5.652937
cvy,1,39.959880,7.745394
dzf,1,105.136915,21.572596
dxb2,1,29.061107,5.666564
dyb2,1,29.891022,5.846708
cvz,1,41.796872,8.305063
dzb3,1,105.382913,21.605220
dxb3,1,28.780026,5.619300
dyb3,1,29.890375,5.847425
csxxsyyszz,1,109.165132,20.094866
dyf2,1,29.500457,5.768648
dxf2,1,28.676549,5.635659
csxy,1,27.611230,5.643164
dzf2,1,105.418009,21.626578
dyf3,1,29.159937,5.719816
csyz,1,32.848265,6.737034
dxf3,1,28.389403,5.577926
dzf3,1,105.484068,21.662065
csxz,1,32.634304,6.688112
dxf,2,28.183020,5.547945
dzb,2,105.518897,21.642837
dyb,2,29.485169,5.782065
cvx,2,40.699702,7.867155
dyf,2,29.315126,5.755221
dzb2,2,105.525397,21.644910
dxb,2,28.967375,5.665656
cvy,2,39.920510,7.745309
dzf,2,105.153532,21.595906
dxb2,2,28.993109,5.667669
dyb2,2,29.820180,5.846439
cvz,2,41.796883,8.315392
dzb3,2,105.472197,21.614777
dxb3,2,28.857895,5.641598
dyb3,2,29.854593,5.844398
csxxsyyszz,2,109.226476,20.129160
dyf2,2,29.452924,5.777048
dxf2,2,28.757951,5.641950
csxy,2,27.613283,5.646678
dzf2,2,105.364665,21.622897
dyf3,2,29.156267,5.732851
csyz,2,32.825606,6.726111
dxf3,2,28.336572,5.572033
dzf3,2,105.431768,21.634943
csxz,2,32.627030,6.695018
dxf,3,28.199036,5.546515
dzb,3,105.484303,21.647818
dyb,3,29.533231,5.780773
cvx,3,40.728707,7.881126
dyf,3,29.301526,5.744871
dzb2,3,105.467437,21.646698
dxb,3,28.959096,5.653781
cvy,3,39.919312,7.734853
dzf,3,105.117673,21.574297
dxb2,3,29.046051,5.668782
dyb2,3,30.021251,5.870562
cvz,3,41.778704,8.301453
dzb3,3,105.349155,21.604330
dxb3,3,28.842078,5.631776
dyb3,3,29.874470,5.846723
csxxsyyszz,3,109.109821,20.091934
dyf2,3,29.464360,5.763252
dxf2,3,28.732721,5.651966
csxy,3,27.629210,5.645767
dzf2,3,105.418442,21.640213
dyf3,3,29.145351,5.717777
csyz,3,32.848146,6.738338
dxf3,3,28.399302,5.576676
dzf3,3,105.370918,21.638828
csxz,3,32.651097,6.692634
dxf,4,28.190710,5.556389
dzb,4,105.482739,21.649962
dyb,4,29.501661,5.769359
cvx,4,40.738232,7.882120
dyf,4,29.348385,5.770271
dzb2,4,105.603710,21.661344
dxb,4,28.989550,5.666974
cvy,4,39.939085,7.745625
dzf,4,105.108351,21.554824
dxb2,4,29.035389,5.657335
dyb2,4,29.860060,5.834029
cvz,4,41.817888,8.310819
dzb3,4,105.445935,21.623684
dxb3,4,28.803988,5.628419
dyb3,4,29.848633,5.843351
csxxsyyszz,4,109.112522,20.093046
dyf2,4,29.456445,5.750539
dxf2,4,28.677386,5.631402
csxy,4,27.590655,5.640505
dzf2,4,105.324610,21.629565
dyf3,4,29.125761,5.708414
csyz,4,32.843006,6.729194
dxf3,4,28.422241,5.584615
dzf3,4,105.540701,21.659639
csxz,4,32.683031,6.755767
#========================= OptEWE [OpenMP] =========================
#Source type                                  :  Force monopole
#Grid Size                                    :  512 x 512 x 512
#Iterations                                   :  5
#Compute time                                 :  6.789830
#Total effective MLUPS                        :  98.837329
#===================================================================
#Number of threads                            :  21
