dxf,0,104.701845,15.054347
dzb,0,527.601884,74.661275
dyb,0,125.766747,17.842043
cvx,0,165.198975,23.486694
dyf,0,126.032209,17.891281
dzb2,0,527.380297,74.655963
dxb,0,124.600348,17.660245
cvy,0,341.721441,45.816201
dzf,0,527.359966,74.633147
dxb2,0,124.589826,17.658259
dyb2,0,126.114667,17.893380
cvz,0,192.848954,27.399834
dzb3,0,527.160726,74.629365
dxb3,0,124.612274,17.667251
dyb3,0,126.107919,17.895625
csxxsyyszz,0,257.323314,37.465255
dyf2,0,126.461322,17.949109
dxf2,0,124.862207,17.708755
csxy,0,136.379503,19.396895
dzf2,0,527.025437,74.638481
dyf3,0,125.964809,17.891962
csyz,0,164.198001,23.313024
dxf3,0,124.746724,17.692253
dzf3,0,527.233380,74.659334
csxz,0,163.890618,23.278303
dxf,1,103.717099,14.960327
dzb,1,528.027656,74.756136
dyb,1,125.546596,17.812911
cvx,1,165.527164,23.538185
dyf,1,125.850201,17.877541
dzb2,1,527.512408,74.686880
dxb,1,124.527741,17.656131
cvy,1,165.026403,23.449930
dzf,1,527.250640,74.645208
dxb2,1,124.577505,17.660715
dyb2,1,126.200463,17.914303
cvz,1,193.003208,27.429096
dzb3,1,527.269446,74.664815
dxb3,1,124.459164,17.648013
dyb3,1,126.105344,17.897845
csxxsyyszz,1,256.192735,37.314148
dyf2,1,126.092194,17.906446
dxf2,1,126.199261,17.937179
csxy,1,136.831018,19.520357
dzf2,1,527.184843,74.835954
dyf3,1,125.857721,17.893846
csyz,1,164.207419,23.319802
dxf3,1,124.622675,17.684798
dzf3,1,527.432704,74.707750
csxz,1,164.131938,23.323543
dxf,2,103.795018,14.971072
dzb,2,527.913201,74.785914
dyb,2,125.634152,17.838813
cvx,2,165.278379,23.526436
dyf,2,125.965000,17.915793
dzb2,2,526.493217,74.592021
dxb,2,124.557468,17.671096
cvy,2,165.334464,23.499769
dzf,2,527.194609,74.830365
dxb2,2,124.494232,17.703252
dyb2,2,126.103617,17.951785
cvz,2,192.757584,27.480002
dzb3,2,527.039309,74.676810
dxb3,2,124.554008,17.668752
dyb3,2,126.141303,17.906028
csxxsyyszz,2,256.419030,37.352947
dyf2,2,126.113071,17.903129
dxf2,2,125.051844,17.732991
csxy,2,136.699920,19.432438
dzf2,2,527.441194,74.658352
dyf3,2,125.594056,17.844739
csyz,2,164.228505,23.316490
dxf3,2,124.714414,17.693981
dzf3,2,527.785421,74.733516
csxz,2,164.010743,23.293600
dxf,3,103.781535,14.970239
dzb,3,527.942212,74.769190
dyb,3,125.646367,17.829170
cvx,3,165.397244,23.525529
dyf,3,125.989042,17.896644
dzb2,3,527.349738,74.684160
dxb,3,124.546190,17.662577
cvy,3,165.043745,23.460301
dzf,3,527.228812,74.668903
dxb2,3,124.519371,17.659391
dyb2,3,126.188921,17.911063
cvz,3,193.146354,27.450801
dzb3,3,527.486638,74.691956
dxb3,3,124.494550,17.652413
dyb3,3,126.240351,17.920582
csxxsyyszz,3,256.000849,37.290045
dyf2,3,126.258105,17.930870
dxf2,3,125.463456,17.790125
csxy,3,136.733905,19.436154
dzf2,3,526.990782,74.617102
dyf3,3,126.002006,17.887732
csyz,3,164.312299,23.326531
dxf3,3,124.729319,17.690032
dzf3,3,527.402779,74.670237
csxz,3,163.956857,23.285724
dxf,4,103.692046,14.955849
dzb,4,528.054087,74.761248
dyb,4,125.680116,17.835072
cvx,4,165.193141,23.493407
dyf,4,126.034558,17.903676
dzb2,4,527.211244,74.659314
dxb,4,124.473305,17.651623
cvy,4,165.485291,23.512040
dzf,4,527.377437,74.674874
dxb2,4,124.550761,17.663719
dyb2,4,126.083553,17.901032
cvz,4,193.124819,27.445388
dzb3,4,527.180850,74.640062
dxb3,4,124.482462,17.769130
dyb3,4,125.985695,17.885132
csxxsyyszz,4,255.594384,37.250394
dyf2,4,126.124465,17.917310
dxf2,4,124.715229,17.704613
csxy,4,136.520085,19.415653
dzf2,4,527.589195,74.735401
dyf3,4,125.802710,17.884539
csyz,4,164.310923,23.339203
dxf3,4,124.638337,17.688999
dzf3,4,527.713484,74.750389
csxz,4,163.773225,23.270456
#========================= OptEWE [OpenMP] =========================
#Source type                                  :  Force monopole
#Grid Size                                    :  512 x 512 x 512
#Iterations                                   :  5
#Compute time                                 :  29.639271
#Total effective MLUPS                        :  22.641874
#===================================================================
#Number of threads                            :  12
