dxf,0,96.041525,13.273453
dzb,0,564.950519,75.961263
dyb,0,117.859774,16.061117
cvx,0,203.620841,27.154328
dyf,0,116.440484,15.918795
dzb2,0,564.221692,79.595505
dxb,0,98.833270,14.357509
cvy,0,531.555504,70.272284
dzf,0,565.093927,76.010239
dxb2,0,101.900122,14.037607
dyb2,0,117.109188,15.962523
cvz,0,204.157381,27.404535
dzb3,0,565.268557,76.075600
dxb3,0,100.687869,13.876170
dyb3,0,118.219130,16.186415
csxxsyyszz,0,554.842322,72.618729
dyf2,0,115.972987,15.903539
dxf2,0,95.671456,13.284277
csxy,0,80.495936,11.567118
dzf2,0,562.768847,76.109371
dyf3,0,116.237152,15.934833
csyz,0,89.344204,12.779289
dxf3,0,95.337043,13.214131
dzf3,0,562.335724,75.798167
csxz,0,89.955485,12.857332
dxf,1,95.731321,13.294687
dzb,1,565.852465,76.415529
dyb,1,117.444534,16.105938
cvx,1,202.792933,27.121566
dyf,1,116.171496,15.935308
dzb2,1,565.270721,76.394417
dxb,1,98.793151,13.665933
cvy,1,200.855231,26.928770
dzf,1,566.120283,76.402814
dxb2,1,101.874208,14.056909
dyb2,1,117.340304,16.147850
cvz,1,204.354483,27.743972
dzb3,1,571.155930,77.384275
dxb3,1,100.787311,14.044884
dyb3,1,117.756251,16.193463
csxxsyyszz,1,551.909388,72.531920
dyf2,1,116.036976,15.955821
dxf2,1,95.645727,13.296358
csxy,1,80.735810,11.635679
dzf2,1,564.985098,76.298940
dyf3,1,116.039378,15.965985
csyz,1,88.243453,12.579472
dxf3,1,95.076657,13.139569
dzf3,1,564.816631,76.393942
csxz,1,90.196103,12.974636
dxf,2,95.874599,13.417501
dzb,2,565.610281,76.646176
dyb,2,117.292728,16.093375
cvx,2,203.000154,27.205238
dyf,2,116.431638,15.956561
dzb2,2,565.137030,76.500440
dxb,2,98.933655,13.671641
cvy,2,200.811903,27.078913
dzf,2,564.186905,75.949424
dxb2,2,101.961821,14.091890
dyb2,2,117.765862,16.111656
cvz,2,204.109671,27.433924
dzb3,2,564.981183,76.244134
dxb3,2,99.942533,13.766960
dyb3,2,117.155975,16.039785
csxxsyyszz,2,555.086896,72.704796
dyf2,2,116.067437,15.907755
dxf2,2,95.408097,13.321109
csxy,2,80.283479,11.536222
dzf2,2,561.605713,75.803427
dyf3,2,116.102612,15.963740
csyz,2,88.897641,12.757799
dxf3,2,94.903039,13.232795
dzf3,2,560.727523,75.595821
csxz,2,89.691209,12.823502
dxf,3,97.328565,13.492786
dzb,3,563.135929,75.861883
dyb,3,115.787422,15.759707
cvx,3,203.075915,27.094413
dyf,3,116.246648,16.023689
dzb2,3,564.798126,76.256726
dxb,3,98.649026,13.682250
cvy,3,202.215591,27.493514
dzf,3,562.309750,76.264130
dxb2,3,102.294407,14.129906
dyb2,3,117.510320,16.142116
cvz,3,203.008767,27.285739
dzb3,3,563.199115,75.976680
dxb3,3,100.474767,13.928068
dyb3,3,117.152306,16.106103
csxxsyyszz,3,555.526823,72.576536
dyf2,3,115.085995,15.591816
dxf2,3,94.260050,12.994754
csxy,3,78.879325,11.272841
dzf2,3,557.648724,74.449470
dyf3,3,115.268833,15.605626
csyz,3,87.879584,12.446563
dxf3,3,93.911487,12.889228
dzf3,3,557.689989,74.226765
csxz,3,88.473301,12.526959
dxf,4,94.561468,12.974990
dzb,4,558.548549,74.321116
dyb,4,113.494488,15.361725
cvx,4,201.216732,26.502870
dyf,4,113.466407,15.369148
dzb2,4,559.897566,76.048883
dxb,4,97.238760,14.077766
cvy,4,199.278351,27.900084
dzf,4,558.817957,78.095431
dxb2,4,100.801423,13.869584
dyb2,4,116.488443,15.898451
cvz,4,202.262452,27.129814
dzb3,4,560.415360,75.347320
dxb3,4,99.500894,13.582734
dyb3,4,116.114052,15.688189
csxxsyyszz,4,556.332694,71.739498
dyf2,4,114.942075,15.552851
dxf2,4,94.019535,12.915321
csxy,4,79.186530,11.249008
dzf2,4,557.853610,74.216857
dyf3,4,115.124382,15.591851
csyz,4,87.952847,12.459163
dxf3,4,93.970102,12.894181
dzf3,4,557.454113,74.210329
csxz,4,88.492039,12.548832
#========================= OptEWE [OpenMP] =========================
#Source type                                  :  Force monopole
#Grid Size                                    :  512 x 512 x 512
#Iterations                                   :  5
#Compute time                                 :  30.736715
#Total effective MLUPS                        :  21.833453
#===================================================================
#Number of threads                            :  4
