dxf,0,60.642115,7.976516
dzb,0,318.108965,40.664638
dyb,0,70.590262,9.187518
cvx,0,105.260605,13.391337
dyf,0,70.775624,9.194319
dzb2,0,318.485168,40.758263
dxb,0,62.535336,8.190907
cvy,0,337.309257,39.320905
dzf,0,317.117939,40.585255
dxb2,0,64.086518,8.385381
dyb2,0,70.595060,9.195006
cvz,0,108.584480,13.991850
dzb3,0,319.896499,40.867026
dxb3,0,61.392074,8.061973
dyb3,0,70.902222,9.234152
csxxsyyszz,0,286.286946,35.309965
dyf2,0,70.817458,9.213400
dxf2,0,60.365359,7.955570
csxy,0,57.741776,7.817160
dzf2,0,318.085837,40.663297
dyf3,0,69.971097,9.108808
csyz,0,69.916018,9.366530
dxf3,0,60.461734,7.952546
dzf3,0,317.356933,40.604650
csxz,0,65.895328,8.882100
dxf,1,60.559446,7.968939
dzb,1,318.187233,40.698135
dyb,1,70.961941,9.213718
cvx,1,105.294451,13.411511
dyf,1,69.830048,9.079258
dzb2,1,319.027937,40.788118
dxb,1,62.587624,8.196045
cvy,1,103.884312,13.270973
dzf,1,317.324541,40.627115
dxb2,1,64.127809,8.385925
dyb2,1,70.606313,9.189117
cvz,1,108.147785,13.957086
dzb3,1,319.373461,40.873459
dxb3,1,61.160806,8.045801
dyb3,1,71.100140,9.253366
csxxsyyszz,1,287.908894,35.525865
dyf2,1,70.927611,9.215294
dxf2,1,60.348454,7.949084
csxy,1,57.565071,7.776407
dzf2,1,318.006828,40.652327
dyf3,1,69.932403,9.121007
csyz,1,69.931739,9.347091
dxf3,1,60.287652,7.953716
dzf3,1,316.999992,40.591449
csxz,1,65.851925,8.887430
dxf,2,60.679635,7.996744
dzb,2,317.742133,40.677840
dyb,2,70.863717,9.209822
cvx,2,105.161212,13.391469
dyf,2,70.424417,9.168623
dzb2,2,320.386558,40.915701
dxb,2,62.531710,8.183349
cvy,2,103.842685,13.213981
dzf,2,317.632960,40.579974
dxb2,2,64.131360,8.363677
dyb2,2,70.951481,9.226525
cvz,2,108.305027,13.997317
dzb3,2,319.305505,40.877196
dxb3,2,61.175093,8.049137
dyb3,2,70.976825,9.239063
csxxsyyszz,2,285.317608,35.256606
dyf2,2,70.408649,9.183072
dxf2,2,60.366191,7.970893
csxy,2,57.606866,7.800970
dzf2,2,317.995999,40.705605
dyf3,2,69.127511,9.008239
csyz,2,70.291223,9.392298
dxf3,2,60.335517,7.944582
dzf3,2,317.456771,40.671162
csxz,2,65.882443,8.929160
dxf,3,60.498306,7.994924
dzb,3,318.172933,40.762177
dyb,3,71.016175,9.226387
cvx,3,105.332078,13.411013
dyf,3,70.678150,9.258101
dzb2,3,318.677731,40.789130
dxb,3,62.756401,8.227952
cvy,3,103.886411,13.238097
dzf,3,317.545614,40.672466
dxb2,3,64.183141,8.398388
dyb2,3,70.874090,9.224829
cvz,3,108.532118,13.992010
dzb3,3,319.866648,40.947539
dxb3,3,61.388604,8.070531
dyb3,3,70.988075,9.256919
csxxsyyszz,3,286.229959,35.370643
dyf2,3,70.581734,9.258093
dxf2,3,60.349163,7.950880
csxy,3,57.579945,7.781466
dzf2,3,317.967886,40.704748
dyf3,3,69.657811,9.064713
csyz,3,70.154530,9.426284
dxf3,3,60.285828,7.950801
dzf3,3,317.337866,40.652074
csxz,3,65.841143,8.881921
dxf,4,60.406247,7.959132
dzb,4,317.965707,40.684783
dyb,4,70.838055,9.202675
cvx,4,105.299487,13.472306
dyf,4,70.370345,9.169891
dzb2,4,317.981603,40.739024
dxb,4,62.414117,8.202702
cvy,4,103.418402,13.202590
dzf,4,316.626664,40.577125
dxb2,4,64.015030,8.383301
dyb2,4,70.676673,9.208704
cvz,4,110.186994,14.181164
dzb3,4,320.013032,40.847128
dxb3,4,61.199981,8.034076
dyb3,4,71.145151,9.233154
csxxsyyszz,4,286.185313,35.273333
dyf2,4,70.871535,9.201487
dxf2,4,60.411142,7.950642
csxy,4,57.566542,7.782094
dzf2,4,318.190169,40.622692
dyf3,4,69.695988,9.054834
csyz,4,69.924124,9.335732
dxf3,4,60.384959,7.940378
dzf3,4,317.624022,40.582815
csxz,4,65.909822,8.926146
#========================= OptEWE [OpenMP] =========================
#Source type                                  :  Force monopole
#Grid Size                                    :  512 x 512 x 512
#Iterations                                   :  5
#Compute time                                 :  17.732214
#Total effective MLUPS                        :  37.845733
#===================================================================
#Number of threads                            :  6
