dxf,0,60.801364,8.040735
dzb,0,257.620513,34.307542
dyb,0,61.346714,8.161304
cvx,0,77.645481,10.420834
dyf,0,61.479505,8.200561
dzb2,0,258.636801,34.425925
dxb,0,60.021664,7.955169
cvy,0,292.045520,34.789673
dzf,0,257.250457,34.278623
dxb2,0,60.017077,7.965331
dyb2,0,61.407438,8.230424
cvz,0,90.524609,12.186383
dzb3,0,257.529276,34.325843
dxb3,0,60.110647,7.978597
dyb3,0,61.412107,8.187184
csxxsyyszz,0,178.120170,23.423544
dyf2,0,61.507202,8.210723
dxf2,0,60.327809,8.011071
csxy,0,62.295070,8.401926
dzf2,0,257.289043,34.279542
dyf3,0,61.228288,8.166323
csyz,0,75.251044,10.150584
dxf3,0,60.396484,8.033463
dzf3,0,257.440934,34.257287
csxz,0,75.077461,10.132532
dxf,1,60.318472,8.000224
dzb,1,257.556124,34.326687
dyb,1,61.387462,8.183289
cvx,1,77.791043,10.441109
dyf,1,61.491834,8.199887
dzb2,1,258.604588,34.476218
dxb,1,60.056709,7.972286
cvy,1,76.926444,10.381001
dzf,1,257.416200,34.277352
dxb2,1,60.068514,7.985963
dyb2,1,61.361254,8.195014
cvz,1,90.595682,12.184873
dzb3,1,257.276546,34.295509
dxb3,1,60.287729,7.999914
dyb3,1,62.860373,8.361657
csxxsyyszz,1,177.793496,23.404303
dyf2,1,61.616758,8.226204
dxf2,1,60.354161,8.007999
csxy,1,62.367041,8.454632
dzf2,1,257.401316,34.272015
dyf3,1,61.056719,8.215884
csyz,1,75.119066,10.115221
dxf3,1,60.215496,7.997613
dzf3,1,258.488256,34.463567
csxz,1,75.149732,10.105931
dxf,2,60.239293,7.997980
dzb,2,257.713332,34.337067
dyb,2,61.136409,8.145092
cvx,2,77.576336,10.452920
dyf,2,61.552278,8.223457
dzb2,2,258.551025,34.435391
dxb,2,59.962570,7.973301
cvy,2,76.969608,10.363883
dzf,2,257.262459,34.295990
dxb2,2,60.072437,7.981398
dyb2,2,61.498101,8.211338
cvz,2,90.639972,12.232948
dzb3,2,257.515109,34.300216
dxb3,2,60.251208,8.037705
dyb3,2,61.285016,8.184225
csxxsyyszz,2,178.123915,23.409935
dyf2,2,61.510822,8.250993
dxf2,2,60.292713,8.004344
csxy,2,62.244259,8.399328
dzf2,2,257.477225,34.342018
dyf3,2,61.161721,8.161692
csyz,2,75.098394,10.107439
dxf3,2,60.230656,7.990519
dzf3,2,257.743774,35.370356
csxz,2,74.933029,10.489268
dxf,3,60.121011,8.293548
dzb,3,256.838978,35.547932
dyb,3,61.086636,8.478195
cvx,3,77.456496,10.808980
dyf,3,61.107097,8.467940
dzb2,3,258.014274,35.352172
dxb,3,60.034322,7.966167
cvy,3,76.960572,10.360570
dzf,3,257.228610,34.281422
dxb2,3,60.049747,8.006956
dyb2,3,61.404505,8.212121
cvz,3,90.596537,12.189050
dzb3,3,257.351563,34.306378
dxb3,3,60.208344,7.982582
dyb3,3,61.489267,8.210525
csxxsyyszz,3,178.098381,23.460256
dyf2,3,61.570987,8.218749
dxf2,3,60.442787,8.022683
csxy,3,62.316425,8.412839
dzf2,3,257.336293,34.349426
dyf3,3,61.267245,8.179663
csyz,3,75.063835,10.160670
dxf3,3,60.254028,7.999694
dzf3,3,257.438919,34.366355
csxz,3,75.140752,10.110212
dxf,4,60.261503,8.006640
dzb,4,257.596403,34.333174
dyb,4,60.775553,8.119663
cvx,4,77.713545,10.449274
dyf,4,60.995259,8.179513
dzb2,4,258.404882,34.393813
dxb,4,59.981693,7.984940
cvy,4,76.894427,10.352282
dzf,4,257.253241,34.248078
dxb2,4,59.981088,7.971831
dyb2,4,61.301180,8.184194
cvz,4,90.631115,12.191978
dzb3,4,257.478018,34.301613
dxb3,4,60.336714,8.008482
dyb3,4,61.409690,8.229264
csxxsyyszz,4,177.904024,23.392267
dyf2,4,61.588380,8.226692
dxf2,4,60.421364,8.051512
csxy,4,62.298241,8.406977
dzf2,4,257.348594,34.309336
dyf3,4,60.843819,8.120319
csyz,4,75.081930,10.113389
dxf3,4,60.260771,7.988804
dzf3,4,257.506672,34.289523
csxz,4,75.085363,10.146167
#========================= OptEWE [OpenMP] =========================
#Source type                                  :  Force monopole
#Grid Size                                    :  512 x 512 x 512
#Iterations                                   :  5
#Compute time                                 :  14.770176
#Total effective MLUPS                        :  45.435386
#===================================================================
#Number of threads                            :  10
