dxf,0,150.725524,17.199691
dzb,0,807.901629,89.025340
dyb,0,183.577973,20.692090
cvx,0,289.387224,32.269658
dyf,0,181.987406,20.580239
dzb2,0,814.544560,89.814641
dxb,0,155.262228,17.676530
cvy,0,658.374343,71.035223
dzf,0,805.393329,88.852123
dxb2,0,155.365873,17.676207
dyb2,0,183.476255,20.727114
cvz,0,288.494600,32.256680
dzb3,0,811.652656,89.423430
dxb3,0,154.734115,17.607452
dyb3,0,183.000759,20.665978
csxxsyyszz,0,798.845866,87.700293
dyf2,0,182.029736,20.580736
dxf2,0,152.510107,17.386523
csxy,0,129.574528,15.072682
dzf2,0,802.867208,88.534082
dyf3,0,180.998019,20.466947
csyz,0,144.711296,16.737695
dxf3,0,150.795053,17.201548
dzf3,0,806.807319,88.964983
csxz,0,142.908860,16.550508
dxf,1,150.489147,17.162569
dzb,1,808.058713,89.079742
dyb,1,183.237833,20.680741
cvx,1,288.833958,32.215817
dyf,1,181.809687,20.552069
dzb2,1,814.701724,89.840581
dxb,1,155.193508,17.648195
cvy,1,282.893428,31.588064
dzf,1,804.313773,88.765777
dxb2,1,155.278927,17.670395
dyb2,1,182.698486,20.631151
cvz,1,288.669315,32.284178
dzb3,1,811.760348,89.408211
dxb3,1,154.676049,17.616337
dyb3,1,183.203726,20.749183
csxxsyyszz,1,799.224111,88.077413
dyf2,1,179.631623,20.351344
dxf2,1,150.596261,17.180606
csxy,1,129.624553,15.103857
dzf2,1,803.089697,88.634788
dyf3,1,182.661067,20.668124
csyz,1,144.314451,16.705015
dxf3,1,150.591553,17.192824
dzf3,1,805.569026,88.916426
csxz,1,142.567884,16.522528
dxf,2,150.520131,17.189745
dzb,2,807.683647,89.130734
dyb,2,183.293086,20.701220
cvx,2,289.610557,33.095843
dyf,2,180.823684,21.711757
dzb2,2,813.269206,94.533562
dxb,2,155.676964,17.766385
cvy,2,283.396986,31.791175
dzf,2,807.206791,89.558918
dxb2,2,155.293837,17.664921
dyb2,2,182.927538,20.734065
cvz,2,289.360508,32.443427
dzb3,2,803.839079,89.095075
dxb3,2,154.932524,17.754671
dyb3,2,183.511177,20.791692
csxxsyyszz,2,800.938821,88.594118
dyf2,2,190.680040,21.903748
dxf2,2,150.976394,17.471296
csxy,2,129.953858,15.138260
dzf2,2,806.730690,88.896628
dyf3,2,181.222955,20.539220
csyz,2,144.771186,16.713883
dxf3,2,150.993973,17.247087
dzf3,2,807.952060,89.122528
csxz,2,142.938067,16.572874
dxf,3,150.742387,17.181161
dzb,3,809.750400,89.355854
dyb,3,183.625857,20.733220
cvx,3,289.372419,32.349424
dyf,3,182.248100,20.604311
dzb2,3,816.092580,90.088562
dxb,3,155.698249,17.707328
cvy,3,283.488364,31.722720
dzf,3,806.047389,89.283463
dxb2,3,155.349624,17.726554
dyb2,3,183.677544,20.866885
cvz,3,289.231559,32.455806
dzb3,3,813.703130,89.749706
dxb3,3,154.840342,17.691997
dyb3,3,183.231363,20.714057
csxxsyyszz,3,799.616721,87.940866
dyf2,3,181.431016,20.563792
dxf2,3,150.976484,17.201634
csxy,3,130.092633,15.120188
dzf2,3,805.588641,88.864061
dyf3,3,181.418631,20.544792
csyz,3,146.631700,16.963330
dxf3,3,150.928919,17.231713
dzf3,3,805.876152,88.840978
csxz,3,142.996767,16.594203
dxf,4,150.785432,17.183463
dzb,4,810.410678,89.473903
dyb,4,183.563287,20.714124
cvx,4,289.379886,32.310109
dyf,4,182.093682,20.611841
dzb2,4,816.011842,90.006453
dxb,4,155.650854,17.726104
cvy,4,283.382501,31.729890
dzf,4,809.925050,89.369135
dxb2,4,155.737489,17.702863
dyb2,4,183.742049,20.756892
cvz,4,291.014651,32.535536
dzb3,4,806.007521,88.863948
dxb3,4,155.039268,17.666823
dyb3,4,183.490081,20.716773
csxxsyyszz,4,800.124378,87.932495
dyf2,4,182.242278,20.622843
dxf2,4,151.039788,17.242598
csxy,4,130.040923,15.114301
dzf2,4,805.453176,88.811441
dyf3,4,181.263327,20.498851
csyz,4,144.731141,16.722890
dxf3,4,150.919044,17.211721
dzf3,4,806.946704,91.422041
csxz,4,143.566412,17.436747
#========================= OptEWE [OpenMP] =========================
#Source type                                  :  Force monopole
#Grid Size                                    :  512 x 512 x 512
#Iterations                                   :  5
#Compute time                                 :  45.103813
#Total effective MLUPS                        :  14.878756
#===================================================================
#Number of threads                            :  2
