dxf,0,49.669704,7.911726
dzb,0,198.435903,32.268530
dyb,0,50.341956,8.037650
cvx,0,61.532022,10.017022
dyf,0,50.768524,8.153351
dzb2,0,198.343531,32.312516
dxb,0,48.677025,7.776885
cvy,0,242.694218,34.286028
dzf,0,199.393895,32.394811
dxb2,0,48.881195,7.809259
dyb2,0,51.082893,8.174588
cvz,0,67.845410,11.265902
dzb3,0,198.624470,32.371319
dxb3,0,50.111734,7.982703
dyb3,0,51.037428,8.155757
csxxsyyszz,0,156.309212,24.446933
dyf2,0,50.566566,8.107182
dxf2,0,48.871761,7.835731
csxy,0,47.710519,7.941610
dzf2,0,198.257906,32.327809
dyf3,0,50.144041,8.050529
csyz,0,56.531753,9.423867
dxf3,0,49.722721,7.965385
dzf3,0,198.338241,32.356032
csxz,0,56.880656,9.466829
dxf,1,49.133282,7.877703
dzb,1,198.470373,32.370021
dyb,1,50.607729,8.096506
cvx,1,61.614828,10.032948
dyf,1,50.506436,8.103005
dzb2,1,198.246172,32.327631
dxb,1,48.707824,7.794835
cvy,1,60.001828,9.807274
dzf,1,198.865856,32.403823
dxb2,1,48.651168,7.771172
dyb2,1,50.837582,8.151366
cvz,1,67.810739,11.312600
dzb3,1,198.722288,32.327023
dxb3,1,49.918541,7.954788
dyb3,1,50.948029,8.156951
csxxsyyszz,1,156.188273,24.418009
dyf2,1,50.911081,8.153605
dxf2,1,48.884155,7.833197
csxy,1,47.708170,7.951321
dzf2,1,198.376716,32.363301
dyf3,1,49.818123,7.993000
csyz,1,56.430076,9.468699
dxf3,1,49.624824,7.970136
dzf3,1,198.015631,32.215533
csxz,1,56.781990,9.467540
dxf,2,49.152082,7.918906
dzb,2,198.572132,32.317366
dyb,2,52.220066,8.350617
cvx,2,61.504265,10.089628
dyf,2,50.455974,8.114315
dzb2,2,198.350006,32.279727
dxb,2,48.682176,7.856816
cvy,2,59.854179,9.809830
dzf,2,198.942088,32.356438
dxb2,2,48.806444,7.864548
dyb2,2,51.007800,8.190722
cvz,2,67.869776,11.276465
dzb3,2,198.775844,32.407667
dxb3,2,50.181321,8.004162
dyb3,2,50.873478,8.151374
csxxsyyszz,2,156.410244,24.437615
dyf2,2,50.545896,8.178593
dxf2,2,48.906789,7.842448
csxy,2,47.630971,7.931407
dzf2,2,198.201905,32.296876
dyf3,2,50.096187,8.074518
csyz,2,56.576602,9.440489
dxf3,2,49.804152,7.964636
dzf3,2,198.000823,32.325861
csxz,2,57.577740,9.603406
dxf,3,49.090253,7.864788
dzb,3,198.522777,32.400778
dyb,3,50.653979,8.131546
cvx,3,61.567459,10.022058
dyf,3,50.753572,8.155098
dzb2,3,198.438517,32.357880
dxb,3,48.690617,7.806932
cvy,3,59.987766,9.819432
dzf,3,198.821957,32.392445
dxb2,3,48.724901,7.814865
dyb2,3,50.854294,8.148056
cvz,3,67.861784,11.272063
dzb3,3,198.914439,32.429518
dxb3,3,50.064398,7.992011
dyb3,3,51.025226,8.166924
csxxsyyszz,3,156.419435,24.465410
dyf2,3,50.498300,8.115781
dxf2,3,48.913255,7.842507
csxy,3,47.657913,7.948780
dzf2,3,198.320625,32.317089
dyf3,3,50.222461,8.088955
csyz,3,56.544886,9.432028
dxf3,3,49.695003,7.977266
dzf3,3,198.666874,32.550697
csxz,3,56.668902,9.907165
dxf,4,49.082712,8.252993
dzb,4,197.989343,33.605457
dyb,4,50.620103,8.473878
cvx,4,61.311821,10.423131
dyf,4,50.803398,8.520194
dzb2,4,197.843102,33.447662
dxb,4,48.738881,8.116729
cvy,4,59.891665,10.164033
dzf,4,198.636192,33.291301
dxb2,4,48.742184,7.828848
dyb2,4,50.867980,8.186198
cvz,4,67.781158,11.256584
dzb3,4,198.636668,32.340035
dxb3,4,50.077751,8.040368
dyb3,4,50.727555,8.128359
csxxsyyszz,4,158.002376,24.637878
dyf2,4,50.838502,8.170456
dxf2,4,48.852679,7.857220
csxy,4,47.627253,7.932124
dzf2,4,198.307879,32.283159
dyf3,4,50.090259,8.124014
csyz,4,56.540961,9.427839
dxf3,4,49.684157,7.947516
dzf3,4,197.996388,32.297289
csxz,4,56.866076,9.526748
#========================= OptEWE [OpenMP] =========================
#Source type                                  :  Force monopole
#Grid Size                                    :  512 x 512 x 512
#Iterations                                   :  5
#Compute time                                 :  11.670119
#Total effective MLUPS                        :  57.504865
#===================================================================
#Number of threads                            :  11
