dxf,0,99.296613,11.912890
dzb,0,580.823535,67.477447
dyb,0,121.051790,14.293952
cvx,0,204.093621,23.561791
dyf,0,120.002344,14.184621
dzb2,0,580.599203,67.516478
dxb,0,102.507442,12.216127
cvy,0,550.995858,60.696010
dzf,0,579.189108,67.318769
dxb2,0,102.945456,12.265852
dyb2,0,120.459140,14.243306
cvz,0,204.564154,23.748309
dzb3,0,579.962841,67.390857
dxb3,0,102.239005,12.186471
dyb3,0,120.876162,14.316394
csxxsyyszz,0,554.612762,63.168497
dyf2,0,120.088554,14.187306
dxf2,0,104.969163,12.490959
csxy,0,83.562804,10.369283
dzf2,0,579.251296,67.380957
dyf3,0,119.365127,14.173252
csyz,0,93.728179,11.522153
dxf3,0,101.059782,12.087191
dzf3,0,579.966931,67.500388
csxz,0,94.229246,11.637189
dxf,1,99.113736,11.878560
dzb,1,580.669139,67.558408
dyb,1,121.088168,14.290865
cvx,1,203.907736,23.651183
dyf,1,119.405611,14.106021
dzb2,1,580.336549,67.509367
dxb,1,102.375536,12.210251
cvy,1,200.798537,23.238081
dzf,1,578.741996,67.293099
dxb2,1,102.884358,12.266486
dyb2,1,120.387474,14.296135
cvz,1,204.456435,23.754041
dzb3,1,580.109101,67.495368
dxb3,1,102.239571,12.246506
dyb3,1,120.235321,14.248008
csxxsyyszz,1,552.554131,62.712897
dyf2,1,120.089736,14.191014
dxf2,1,104.913502,12.491758
csxy,1,83.482961,10.361831
dzf2,1,577.651147,67.298103
dyf3,1,118.818862,14.056271
csyz,1,93.507055,11.513917
dxf3,1,101.153946,12.113921
dzf3,1,575.419943,66.961253
csxz,1,94.063380,11.563427
dxf,2,98.757521,11.848927
dzb,2,577.837247,67.224226
dyb,2,120.662114,14.274723
cvx,2,203.369067,23.490615
dyf,2,119.548931,14.149628
dzb2,2,579.614379,67.417456
dxb,2,102.225295,12.207445
cvy,2,200.169397,23.145329
dzf,2,575.366528,66.938085
dxb2,2,102.614350,12.245888
dyb2,2,120.120084,14.244445
cvz,2,203.816721,23.696676
dzb3,2,577.389622,67.172899
dxb3,2,103.591486,12.372276
dyb3,2,120.273275,14.241662
csxxsyyszz,2,557.934373,63.267036
dyf2,2,119.734923,14.171766
dxf2,2,104.609183,12.476248
csxy,2,83.247897,10.295316
dzf2,2,575.718590,67.006608
dyf3,2,119.263129,14.110257
csyz,2,93.388565,11.513212
dxf3,2,101.023941,12.097249
dzf3,2,577.130448,67.053411
csxz,2,94.342081,11.559976
dxf,3,99.342264,11.882711
dzb,3,579.971116,67.352264
dyb,3,120.847184,14.285474
cvx,3,203.518370,23.503269
dyf,3,119.319522,14.117792
dzb2,3,579.013341,67.344183
dxb,3,102.032283,12.175198
cvy,3,200.162799,23.142089
dzf,3,576.562940,67.069829
dxb2,3,102.733651,12.231231
dyb2,3,120.981083,14.280354
cvz,3,204.487380,23.714083
dzb3,3,580.224365,67.359735
dxb3,3,102.159824,12.169543
dyb3,3,120.981914,14.277105
csxxsyyszz,3,552.472939,62.495134
dyf2,3,120.108514,14.173296
dxf2,3,104.878989,12.626787
csxy,3,83.643995,10.418474
dzf2,3,581.310745,68.096613
dyf3,3,121.164240,14.355376
csyz,3,93.677742,11.561928
dxf3,3,101.325477,12.166927
dzf3,3,578.388564,67.262225
csxz,3,94.195771,11.629253
dxf,4,99.449640,11.903309
dzb,4,579.950209,67.510794
dyb,4,121.095842,14.291155
cvx,4,203.940486,23.625883
dyf,4,120.048543,14.190574
dzb2,4,581.974976,67.626763
dxb,4,102.371941,12.185583
cvy,4,200.709349,23.161063
dzf,4,578.295237,67.224950
dxb2,4,102.843313,12.261222
dyb2,4,120.921828,14.334564
cvz,4,204.440718,23.734227
dzb3,4,579.991816,67.439645
dxb3,4,102.122958,12.192646
dyb3,4,120.347113,14.224387
csxxsyyszz,4,552.171036,62.580587
dyf2,4,119.869999,14.182676
dxf2,4,104.726545,12.487776
csxy,4,83.431672,10.310927
dzf2,4,575.962109,66.996145
dyf3,4,119.546458,14.144149
csyz,4,93.689731,11.521125
dxf3,4,101.017082,12.143994
dzf3,4,578.451381,67.267162
csxz,4,94.151806,11.656094
#========================= OptEWE [OpenMP] =========================
#Source type                                  :  Force monopole
#Grid Size                                    :  512 x 512 x 512
#Iterations                                   :  5
#Compute time                                 :  31.556150
#Total effective MLUPS                        :  21.266493
#===================================================================
#Number of threads                            :  4
