dxf,0,53.686126,7.792053
dzb,0,264.401310,37.613943
dyb,0,60.643074,8.722821
cvx,0,88.770136,12.517452
dyf,0,60.423999,8.698863
dzb2,0,266.238483,37.964315
dxb,0,53.636024,7.802213
cvy,0,312.740891,39.892017
dzf,0,267.111968,38.017033
dxb2,0,53.685935,7.797150
dyb2,0,60.734778,8.773359
cvz,0,89.437456,12.891156
dzb3,0,264.391697,37.732968
dxb3,0,53.789909,7.818485
dyb3,0,60.531822,8.741356
csxxsyyszz,0,239.135779,32.667088
dyf2,0,60.385832,8.700308
dxf2,0,53.011918,7.721909
csxy,0,49.590648,7.494994
dzf2,0,269.504118,38.358465
dyf3,0,59.884040,8.632505
csyz,0,58.298090,8.807505
dxf3,0,53.226582,7.757169
dzf3,0,263.349932,37.596556
csxz,0,58.129461,8.775369
dxf,1,53.181890,7.735185
dzb,1,264.355313,37.761441
dyb,1,60.412802,8.767529
cvx,1,88.730103,12.562087
dyf,1,60.378555,8.701329
dzb2,1,266.250441,37.958197
dxb,1,53.635616,7.780333
cvy,1,87.179368,12.333431
dzf,1,267.645048,38.104719
dxb2,1,53.737276,7.798378
dyb2,1,60.610624,8.751636
cvz,1,89.694524,12.980079
dzb3,1,265.440824,37.827305
dxb3,1,53.801479,7.810140
dyb3,1,60.616564,8.760071
csxxsyyszz,1,238.771279,32.635805
dyf2,1,60.463503,8.722957
dxf2,1,52.851756,7.709138
csxy,1,49.535764,7.491070
dzf2,1,269.572903,38.373229
dyf3,1,60.057412,8.669820
csyz,1,58.389216,8.820177
dxf3,1,52.953788,7.741549
dzf3,1,262.760307,37.535782
csxz,1,57.970658,8.776291
dxf,2,53.139149,7.747808
dzb,2,263.745297,37.667555
dyb,2,60.474380,8.729769
cvx,2,88.424980,12.512748
dyf,2,60.446189,8.721556
dzb2,2,266.130757,37.973159
dxb,2,53.621259,7.827851
cvy,2,87.032041,12.435925
dzf,2,267.616171,38.160050
dxb2,2,53.784653,7.788873
dyb2,2,60.674878,8.761893
cvz,2,89.663926,12.920719
dzb3,2,265.460728,37.915894
dxb3,2,53.849242,7.815116
dyb3,2,60.659487,8.762360
csxxsyyszz,2,240.255154,32.874871
dyf2,2,60.580157,8.734535
dxf2,2,52.949194,7.773236
csxy,2,49.616474,7.500114
dzf2,2,269.990586,38.478390
dyf3,2,60.230008,8.675428
csyz,2,58.355704,8.808185
dxf3,2,53.031897,7.724819
dzf3,2,263.267808,37.637982
csxz,2,58.116396,8.794221
dxf,3,53.292848,7.814427
dzb,3,264.142298,37.718601
dyb,3,60.618423,8.754840
cvx,3,88.688069,12.589764
dyf,3,60.474776,8.718243
dzb2,3,266.126733,37.989218
dxb,3,53.668907,7.795530
cvy,3,87.077028,12.322622
dzf,3,267.587195,38.134905
dxb2,3,53.747561,7.816361
dyb2,3,60.715649,8.836697
cvz,3,89.627431,12.925925
dzb3,3,265.309501,37.910814
dxb3,3,53.769312,7.837977
dyb3,3,60.700826,8.749363
csxxsyyszz,3,239.609015,32.817610
dyf2,3,60.573046,8.732532
dxf2,3,53.005934,7.726699
csxy,3,49.651278,7.498073
dzf2,3,270.178915,38.456417
dyf3,3,60.199474,8.701130
csyz,3,58.303640,8.889726
dxf3,3,52.951487,7.716086
dzf3,3,263.180914,37.639091
csxz,3,58.142014,8.789376
dxf,4,53.179650,7.742353
dzb,4,264.352957,37.785950
dyb,4,60.640432,8.750928
cvx,4,88.775621,12.544241
dyf,4,60.337859,8.781348
dzb2,4,266.262277,37.985095
dxb,4,53.579343,7.869953
cvy,4,87.088987,12.345353
dzf,4,267.710276,38.152943
dxb2,4,53.758937,7.804942
dyb2,4,60.653911,8.755318
cvz,4,89.657304,12.934174
dzb3,4,265.569593,37.863683
dxb3,4,53.842479,7.823067
dyb3,4,60.656981,8.857753
csxxsyyszz,4,239.707259,32.728619
dyf2,4,60.439343,8.778692
dxf2,4,52.991369,7.750110
csxy,4,49.511660,7.476018
dzf2,4,270.042075,38.448977
dyf3,4,60.070136,8.672383
csyz,4,58.347272,8.802172
dxf3,4,53.020835,7.715495
dzf3,4,263.132743,37.721319
csxz,4,58.106778,8.819519
#========================= OptEWE [OpenMP] =========================
#Source type                                  :  Force monopole
#Grid Size                                    :  512 x 512 x 512
#Iterations                                   :  5
#Compute time                                 :  14.978123
#Total effective MLUPS                        :  44.804589
#===================================================================
#Number of threads                            :  8
