dxf,0,92.428178,13.547734
dzb,0,461.472885,66.316542
dyb,0,112.155265,16.219717
cvx,0,144.716912,21.105251
dyf,0,110.239851,16.011108
dzb2,0,461.843325,66.115539
dxb,0,112.478837,16.236542
cvy,0,324.887130,45.268436
dzf,0,460.764680,66.647315
dxb2,0,112.592463,16.278870
dyb2,0,113.211961,16.396291
cvz,0,168.615868,24.527781
dzb3,0,460.585796,66.425916
dxb3,0,112.447376,16.236439
dyb3,0,113.047406,16.366806
csxxsyyszz,0,206.807648,30.990946
dyf2,0,112.968188,16.369610
dxf2,0,113.655356,16.432464
csxy,0,121.726045,17.707057
dzf2,0,460.980053,66.056095
dyf3,0,112.498888,16.282487
csyz,0,144.664815,20.995472
dxf3,0,112.870313,16.309760
dzf3,0,461.315875,66.741470
csxz,0,143.819018,20.890456
dxf,1,91.123881,13.398517
dzb,1,461.095521,66.722412
dyb,1,112.148583,16.239164
cvx,1,144.749201,21.117024
dyf,1,109.957753,15.980031
dzb2,1,461.456378,66.603577
dxb,1,112.436899,16.235789
cvy,1,144.667543,21.064609
dzf,1,460.498847,66.650354
dxb2,1,112.479133,16.267541
dyb2,1,113.303586,16.416950
cvz,1,168.744833,24.585749
dzb3,1,462.221986,66.908872
dxb3,1,112.569192,16.281060
dyb3,1,113.171785,16.392195
csxxsyyszz,1,206.653089,30.985047
dyf2,1,112.948017,16.373623
dxf2,1,113.490032,16.409301
csxy,1,121.832565,17.723666
dzf2,1,460.539590,66.342620
dyf3,1,112.320579,16.266655
csyz,1,144.724529,21.010829
dxf3,1,112.740606,16.305975
dzf3,1,462.282788,66.253516
csxz,1,143.915916,20.884928
dxf,2,91.202176,13.405739
dzb,2,460.711607,66.664694
dyb,2,112.183462,16.251841
cvx,2,144.822449,21.119279
dyf,2,109.939903,15.963694
dzb2,2,460.980372,66.714185
dxb,2,112.470649,16.262367
cvy,2,144.641081,21.065462
dzf,2,460.493191,66.634958
dxb2,2,112.464501,16.266411
dyb2,2,113.136638,16.386981
cvz,2,168.880454,24.586013
dzb3,2,460.480055,66.656978
dxb3,2,112.373311,16.244966
dyb3,2,113.139928,16.384506
csxxsyyszz,2,206.745007,30.988019
dyf2,2,113.046473,16.390018
dxf2,2,113.535704,16.421582
csxy,2,121.912397,17.739988
dzf2,2,460.213815,66.604617
dyf3,2,112.495180,16.315871
csyz,2,144.612004,21.085618
dxf3,2,112.864185,16.390676
dzf3,2,461.710779,66.580837
csxz,2,143.867591,20.891806
dxf,3,91.232209,13.411134
dzb,3,461.627849,67.091325
dyb,3,112.232830,16.368395
cvx,3,144.681993,21.212510
dyf,3,109.944426,16.060924
dzb2,3,460.900060,67.049734
dxb,3,112.617305,16.309381
cvy,3,144.683950,21.083102
dzf,3,461.190816,66.030968
dxb2,3,112.437354,16.240540
dyb2,3,113.149681,16.383581
cvz,3,169.158094,24.628330
dzb3,3,460.924817,66.708764
dxb3,3,112.477692,16.267702
dyb3,3,113.073146,16.383438
csxxsyyszz,3,206.364198,30.948056
dyf2,3,112.935295,16.382676
dxf2,3,113.648384,16.438497
csxy,3,121.729695,17.714021
dzf2,3,459.892847,66.588941
dyf3,3,112.547023,16.324871
csyz,3,144.814758,21.033103
dxf3,3,112.784839,16.302850
dzf3,3,461.275223,66.778678
csxz,3,143.821342,20.906167
dxf,4,91.033847,13.389194
dzb,4,461.294849,66.789241
dyb,4,112.132508,16.246795
cvx,4,144.586114,21.097441
dyf,4,109.944728,15.990024
dzb2,4,461.527103,66.799816
dxb,4,112.401916,16.259947
cvy,4,144.562021,21.059394
dzf,4,461.281860,66.397188
dxb2,4,112.505078,16.244894
dyb2,4,113.267318,16.406155
cvz,4,168.694910,24.554660
dzb3,4,460.507797,66.640809
dxb3,4,112.465871,16.262417
dyb3,4,113.217208,16.400989
csxxsyyszz,4,206.838561,31.006517
dyf2,4,113.150408,16.405456
dxf2,4,113.627633,16.428579
csxy,4,121.909291,17.726527
dzf2,4,459.999256,66.580775
dyf3,4,112.429018,16.306029
csyz,4,144.731976,21.019841
dxf3,4,112.890147,16.334659
dzf3,4,461.299659,66.786699
csxz,4,143.870423,20.918075
#========================= OptEWE [OpenMP] =========================
#Source type                                  :  Force monopole
#Grid Size                                    :  512 x 512 x 512
#Iterations                                   :  5
#Compute time                                 :  26.034733
#Total effective MLUPS                        :  25.776667
#===================================================================
#Number of threads                            :  18
