dxf,0,76.278672,12.875082
dzb,0,404.648019,66.916546
dyb,0,95.058605,15.745551
cvx,0,126.409568,21.074968
dyf,0,95.430655,15.845792
dzb2,0,404.363746,66.870408
dxb,0,94.605133,15.657272
cvy,0,249.964171,39.814636
dzf,0,403.595781,66.782519
dxb2,0,94.506305,15.645100
dyb2,0,95.648271,15.866150
cvz,0,147.707865,24.578241
dzb3,0,403.694776,66.742083
dxb3,0,94.551289,15.667690
dyb3,0,95.696682,15.876770
csxxsyyszz,0,188.703564,32.352977
dyf2,0,95.661214,15.885678
dxf2,0,95.230487,15.788625
csxy,0,105.372100,17.564150
dzf2,0,403.956161,66.874068
dyf3,0,95.140854,15.804661
csyz,0,126.083773,20.942219
dxf3,0,94.858571,15.718361
dzf3,0,404.856440,66.952010
csxz,0,125.685902,20.871282
dxf,1,75.507242,12.787323
dzb,1,404.600248,66.880619
dyb,1,95.048331,15.760017
cvx,1,126.444911,21.094073
dyf,1,95.161973,15.808047
dzb2,1,404.167994,66.904111
dxb,1,94.433748,15.648704
cvy,1,126.030849,21.009613
dzf,1,404.039344,66.865151
dxb2,1,94.737459,15.687314
dyb2,1,95.671578,15.870262
cvz,1,147.579958,24.565253
dzb3,1,403.531794,66.797961
dxb3,1,94.512057,15.659220
dyb3,1,95.684905,15.875062
csxxsyyszz,1,188.730029,32.353913
dyf2,1,95.510556,15.854629
dxf2,1,95.130128,15.761934
csxy,1,105.675119,17.591450
dzf2,1,403.926079,66.818597
dyf3,1,95.300991,15.823894
csyz,1,126.293842,20.980934
dxf3,1,94.628102,15.681650
dzf3,1,404.674205,66.968471
csxz,1,125.572665,20.868792
dxf,2,75.655105,12.812118
dzb,2,404.024798,66.882522
dyb,2,95.036912,15.764247
cvx,2,126.509122,21.097249
dyf,2,95.451108,15.839840
dzb2,2,404.343367,66.718272
dxb,2,94.257121,15.616613
cvy,2,126.199009,21.025321
dzf,2,404.358869,66.589613
dxb2,2,94.529724,15.637161
dyb2,2,95.481313,15.847068
cvz,2,147.800620,24.588592
dzb3,2,403.769143,66.802108
dxb3,2,94.447498,15.648154
dyb3,2,95.461101,15.829074
csxxsyyszz,2,188.612710,32.314692
dyf2,2,95.659187,15.885835
dxf2,2,95.076153,15.753726
csxy,2,105.220769,17.532041
dzf2,2,403.825499,66.814423
dyf3,2,95.133556,15.784324
csyz,2,126.323948,20.971008
dxf3,2,94.630687,15.675671
dzf3,2,404.283725,66.906590
csxz,2,125.580772,20.860498
dxf,3,75.668007,12.808775
dzb,3,404.047544,66.873350
dyb,3,94.963478,15.737723
cvx,3,126.459076,21.089767
dyf,3,95.355300,15.835492
dzb2,3,404.267192,66.894892
dxb,3,94.275091,15.604982
cvy,3,126.249450,21.040999
dzf,3,403.309332,66.747817
dxb2,3,94.472078,15.649152
dyb2,3,95.471670,15.843991
cvz,3,147.799500,24.606756
dzb3,3,403.781516,67.075959
dxb3,3,94.505008,15.971592
dyb3,3,95.356728,16.082477
csxxsyyszz,3,188.580701,32.796044
dyf2,3,95.433844,16.074699
dxf2,3,95.070532,15.981282
csxy,3,105.481487,17.822920
dzf2,3,404.019003,67.481994
dyf3,3,94.944895,15.754547
csyz,3,126.005985,20.919454
dxf3,3,94.739558,15.695926
dzf3,3,405.238106,67.111959
csxz,3,125.655435,20.924598
dxf,4,75.610697,12.837125
dzb,4,404.976682,67.210916
dyb,4,95.108630,15.802985
cvx,4,126.627843,21.190872
dyf,4,95.244081,15.857525
dzb2,4,404.104609,67.070166
dxb,4,94.569202,15.681494
cvy,4,126.076479,21.080627
dzf,4,403.992432,66.806257
dxb2,4,94.566706,15.647342
dyb2,4,95.459851,15.842275
cvz,4,147.584452,24.570211
dzb3,4,403.890302,66.880867
dxb3,4,94.496536,15.653326
dyb3,4,95.765230,15.893696
csxxsyyszz,4,188.852271,32.386051
dyf2,4,95.613164,15.876097
dxf2,4,95.211449,15.773567
csxy,4,105.546467,17.580021
dzf2,4,404.268022,66.593571
dyf3,4,95.030854,15.746955
csyz,4,126.158690,20.946654
dxf3,4,94.639497,15.681444
dzf3,4,405.045727,67.023870
csxz,4,125.607754,20.868740
#========================= OptEWE [OpenMP] =========================
#Source type                                  :  Force monopole
#Grid Size                                    :  512 x 512 x 512
#Iterations                                   :  5
#Compute time                                 :  22.587580
#Total effective MLUPS                        :  29.710516
#===================================================================
#Number of threads                            :  15
