dxf,0,71.099436,11.146175
dzb,0,350.893857,54.217212
dyb,0,85.947284,13.268853
cvx,0,111.004443,17.216740
dyf,0,82.246694,12.794501
dzb2,0,350.723181,54.241157
dxb,0,86.066987,13.254316
cvy,0,316.256357,45.983847
dzf,0,350.633199,54.531928
dxb2,0,86.110370,13.394076
dyb2,0,86.831371,13.540637
cvz,0,130.477637,20.408259
dzb3,0,350.474604,54.384547
dxb3,0,86.012973,13.251740
dyb3,0,86.759932,13.410448
csxxsyyszz,0,157.249384,25.411970
dyf2,0,86.789983,13.423846
dxf2,0,87.079189,13.424993
csxy,0,94.692098,14.671480
dzf2,0,350.604482,54.249443
dyf3,0,86.230034,13.336871
csyz,0,113.254874,17.526807
dxf3,0,86.539719,13.347645
dzf3,0,350.904206,54.293826
csxz,0,112.327732,17.396388
dxf,1,70.039473,11.042525
dzb,1,350.658373,54.268118
dyb,1,85.933717,13.289476
cvx,1,111.284860,17.269342
dyf,1,82.336512,12.813252
dzb2,1,351.087442,54.340602
dxb,1,86.114960,13.280663
cvy,1,110.803263,17.191695
dzf,1,349.931029,54.162792
dxb2,1,86.053698,13.271827
dyb2,1,86.723754,13.415573
cvz,1,130.407512,20.224031
dzb3,1,350.086953,54.188138
dxb3,1,86.120216,13.276825
dyb3,1,86.823432,13.422113
csxxsyyszz,1,157.118687,25.398013
dyf2,1,86.810730,13.429028
dxf2,1,86.968124,13.400750
csxy,1,94.803017,14.679037
dzf2,1,351.168189,54.318530
dyf3,1,86.212694,13.343251
csyz,1,112.914330,17.462721
dxf3,1,86.530244,13.344954
dzf3,1,350.834173,54.292584
csxz,1,112.259935,17.382072
dxf,2,70.126387,11.051115
dzb,2,351.320079,54.356082
dyb,2,86.098974,13.305715
cvx,2,111.408271,17.297243
dyf,2,82.228520,12.806113
dzb2,2,350.698620,54.259526
dxb,2,86.089108,13.280957
cvy,2,110.987901,17.214644
dzf,2,350.260120,54.201508
dxb2,2,86.088993,13.277515
dyb2,2,87.075317,13.466344
cvz,2,130.230224,20.196413
dzb3,2,350.094846,54.184387
dxb3,2,86.422742,13.323219
dyb3,2,86.912859,13.436802
csxxsyyszz,2,157.122369,25.396632
dyf2,2,86.686534,13.415233
dxf2,2,86.962570,13.404712
csxy,2,94.612828,14.663140
dzf2,2,350.099634,54.183263
dyf3,2,86.136441,13.327779
csyz,2,113.016200,17.480412
dxf3,2,86.466213,13.337413
dzf3,2,350.556711,54.272053
csxz,2,112.106618,17.377632
dxf,3,70.108601,11.052085
dzb,3,350.589404,54.278609
dyb,3,85.920516,13.292249
cvx,3,111.152640,17.265669
dyf,3,82.543344,12.850844
dzb2,3,350.372724,54.241578
dxb,3,86.023321,13.267264
cvy,3,110.962689,17.213954
dzf,3,349.735984,54.118778
dxb2,3,86.041974,13.274296
dyb2,3,86.803045,13.430428
cvz,3,130.318259,20.217224
dzb3,3,350.373122,54.228202
dxb3,3,86.058240,13.277295
dyb3,3,86.916935,13.442000
csxxsyyszz,3,156.907310,25.374791
dyf2,3,86.755157,13.432138
dxf2,3,87.021928,13.421788
csxy,3,94.581879,14.662900
dzf2,3,350.487748,54.253660
dyf3,3,86.151993,13.334713
csyz,3,113.101063,17.512101
dxf3,3,86.597674,13.359659
dzf3,3,350.411744,54.214270
csxz,3,112.369946,17.416725
dxf,4,70.211560,11.065878
dzb,4,350.842699,54.316329
dyb,4,85.886106,13.282113
cvx,4,111.221693,17.271473
dyf,4,82.280358,12.807084
dzb2,4,350.665840,54.277616
dxb,4,86.107784,13.282737
cvy,4,111.206619,17.250434
dzf,4,350.061659,54.170797
dxb2,4,86.135880,13.289396
dyb2,4,86.834584,13.431238
cvz,4,130.311976,20.212670
dzb3,4,350.167899,54.190968
dxb3,4,86.083551,13.275820
dyb3,4,87.265614,13.495651
csxxsyyszz,4,157.208863,25.401466
dyf2,4,86.788702,13.434003
dxf2,4,87.053977,13.416093
csxy,4,94.491028,14.639588
dzf2,4,350.829879,54.288057
dyf3,4,86.373285,13.373872
csyz,4,112.910023,17.471835
dxf3,4,86.497344,13.331648
dzf3,4,350.667869,54.274070
csxz,4,112.122732,17.378897
#========================= OptEWE [OpenMP] =========================
#Source type                                  :  Force monopole
#Grid Size                                    :  512 x 512 x 512
#Iterations                                   :  5
#Compute time                                 :  19.956099
#Total effective MLUPS                        :  33.628248
#===================================================================
#Number of threads                            :  20
