dxf,0,79.147949,13.036815
dzb,0,414.827521,67.175881
dyb,0,98.756801,16.005391
cvx,0,129.839596,21.216632
dyf,0,98.657231,16.013425
dzb2,0,415.012159,67.227489
dxb,0,98.320900,15.918891
cvy,0,259.126900,40.581282
dzf,0,415.115855,66.657948
dxb2,0,98.601834,15.955009
dyb2,0,99.483837,16.128324
cvz,0,152.216029,24.805282
dzb3,0,414.735210,67.110959
dxb3,0,98.589525,15.967313
dyb3,0,99.495256,16.137933
csxxsyyszz,0,190.723135,31.965246
dyf2,0,99.314722,16.134954
dxf2,0,99.354679,16.107139
csxy,0,109.206908,17.807612
dzf2,0,414.602769,67.251483
dyf3,0,99.235538,16.122581
csyz,0,130.630246,21.243248
dxf3,0,98.657325,15.996792
dzf3,0,414.676868,67.288796
csxz,0,129.929148,21.149316
dxf,1,78.272325,12.946364
dzb,1,414.723867,67.278229
dyb,1,98.771593,16.004208
cvx,1,129.934443,21.236470
dyf,1,98.600148,16.012787
dzb2,1,415.250405,66.911576
dxb,1,98.568546,15.961820
cvy,1,129.949406,21.224284
dzf,1,414.500528,67.209366
dxb2,1,98.441541,15.955897
dyb2,1,99.505875,16.147537
cvz,1,152.141910,24.816543
dzb3,1,414.572343,66.727958
dxb3,1,98.466095,15.942399
dyb3,1,99.406261,16.126943
csxxsyyszz,1,190.615892,31.952981
dyf2,1,99.144463,16.106312
dxf2,1,99.159971,16.071155
csxy,1,109.047909,17.788071
dzf2,1,414.997786,67.300219
dyf3,1,98.976241,16.073617
csyz,1,130.820726,21.271251
dxf3,1,98.695918,16.000088
dzf3,1,414.602551,67.251572
csxz,1,129.865415,21.129152
dxf,2,78.308402,12.939974
dzb,2,414.731773,67.308298
dyb,2,98.608962,16.029626
cvx,2,130.052906,21.323750
dyf,2,98.511657,16.046071
dzb2,2,414.355283,66.753780
dxb,2,98.427131,15.945318
cvy,2,129.949828,21.226461
dzf,2,414.502799,67.211976
dxb2,2,98.343748,15.945209
dyb2,2,99.391288,16.130049
cvz,2,152.070783,24.804941
dzb3,2,414.801176,66.651991
dxb3,2,98.549360,15.976945
dyb3,2,99.470154,16.165500
csxxsyyszz,2,190.001604,31.918660
dyf2,2,99.316523,16.168312
dxf2,2,99.394015,16.139103
csxy,2,108.986641,17.808664
dzf2,2,414.679088,67.252025
dyf3,2,98.834508,16.053442
csyz,2,130.677688,21.244281
dxf3,2,98.663088,15.993903
dzf3,2,414.373151,67.177382
csxz,2,129.974239,21.131479
dxf,3,78.285325,12.929922
dzb,3,415.070377,67.271509
dyb,3,98.636831,15.998894
cvx,3,130.135685,21.283222
dyf,3,98.743114,16.045509
dzb2,3,414.248756,67.154352
dxb,3,98.425336,15.950317
cvy,3,129.945939,21.223469
dzf,3,414.122986,67.136079
dxb2,3,98.625975,15.980736
dyb2,3,99.397853,16.134190
cvz,3,152.197317,24.805444
dzb3,3,414.085817,67.111140
dxb3,3,98.446975,15.948163
dyb3,3,99.495178,16.142230
csxxsyyszz,3,190.374026,31.908842
dyf2,3,99.326721,16.131003
dxf2,3,99.298749,16.088609
csxy,3,109.063274,17.777436
dzf2,3,414.739362,67.159611
dyf3,3,99.017551,16.064862
csyz,3,130.808272,21.252380
dxf3,3,98.787531,16.014570
dzf3,3,415.003068,67.288591
csxz,3,129.907265,21.137820
dxf,4,78.387392,12.960620
dzb,4,415.326624,67.373920
dyb,4,98.783149,16.022256
cvx,4,129.869634,21.245085
dyf,4,98.650067,16.035691
dzb2,4,414.636207,67.230992
dxb,4,98.438020,15.954711
cvy,4,129.656809,21.190599
dzf,4,414.257653,67.176955
dxb2,4,98.558183,15.974679
dyb2,4,99.453741,16.128984
cvz,4,152.151773,24.817411
dzb3,4,414.582917,67.230822
dxb3,4,98.495753,15.965176
dyb3,4,99.409693,16.132544
csxxsyyszz,4,190.078621,31.870838
dyf2,4,99.442492,16.151897
dxf2,4,99.160292,16.069735
csxy,4,109.190876,17.798112
dzf2,4,416.381056,69.514591
dyf3,4,99.023884,16.650106
csyz,4,130.523832,21.983501
dxf3,4,98.658971,16.492326
dzf3,4,414.379174,68.626817
csxz,4,129.901359,21.146012
#========================= OptEWE [OpenMP] =========================
#Source type                                  :  Force monopole
#Grid Size                                    :  512 x 512 x 512
#Iterations                                   :  5
#Compute time                                 :  23.264376
#Total effective MLUPS                        :  28.846192
#===================================================================
#Number of threads                            :  16
