dxf,0,28.517701,5.417294
dzb,0,108.264852,21.373081
dyb,0,27.465764,5.292960
cvx,0,34.583652,6.743332
dyf,0,27.364489,5.282644
dzb2,0,108.343829,21.403938
dxb,0,27.114204,5.176125
cvy,0,317.784140,49.775679
dzf,0,107.956526,21.348155
dxb2,0,26.989612,5.203211
dyb2,0,27.692584,5.355292
cvz,0,39.959684,7.874616
dzb3,0,108.329641,21.392765
dxb3,0,27.278653,5.247260
dyb3,0,27.671946,5.336511
csxxsyyszz,0,87.159838,16.249556
dyf2,0,27.471797,5.312595
dxf2,0,27.042844,5.230575
csxy,0,27.705382,5.492950
dzf2,0,107.946147,21.367642
dyf3,0,27.228886,5.274540
csyz,0,33.347381,6.589561
dxf3,0,27.142856,5.226287
dzf3,0,107.934855,21.376918
csxz,0,33.102959,6.561125
dxf,1,26.954528,5.210767
dzb,1,108.292413,21.428853
dyb,1,27.466311,5.303129
cvx,1,34.568079,6.753738
dyf,1,27.322340,5.287815
dzb2,1,108.306085,21.424174
dxb,1,27.085688,5.237578
cvy,1,34.811792,6.807760
dzf,1,107.910293,21.353244
dxb2,1,27.012980,5.191732
dyb2,1,27.781611,5.359576
cvz,1,39.990730,7.884270
dzb3,1,108.310576,21.407585
dxb3,1,27.258862,5.250151
dyb3,1,27.651085,5.342738
csxxsyyszz,1,87.114209,16.250715
dyf2,1,27.427709,5.316010
dxf2,1,27.074068,5.244784
csxy,1,27.691219,5.494320
dzf2,1,107.912177,21.374407
dyf3,1,27.128547,5.273345
csyz,1,33.282438,6.591349
dxf3,1,27.028717,5.218406
dzf3,1,107.968405,21.392725
csxz,1,33.113789,6.558304
dxf,2,26.944988,5.208442
dzb,2,108.361093,21.449216
dyb,2,27.475730,5.322830
cvx,2,34.562055,6.759402
dyf,2,27.328418,5.299946
dzb2,2,108.445118,21.570350
dxb,2,27.137842,5.227076
cvy,2,34.429911,6.733558
dzf,2,107.941396,21.382299
dxb2,2,27.067071,5.214144
dyb2,2,27.751189,5.385644
cvz,2,39.991757,7.898616
dzb3,2,108.183117,21.418904
dxb3,2,27.295980,5.265418
dyb3,2,27.731181,5.362876
csxxsyyszz,2,87.097000,16.256801
dyf2,2,27.408376,5.317934
dxf2,2,27.083604,5.257838
csxy,2,27.716285,5.504908
dzf2,2,107.931648,21.379377
dyf3,2,27.265986,5.310521
csyz,2,33.335592,6.601519
dxf3,2,27.284465,5.273193
dzf3,2,108.045698,21.434301
csxz,2,33.083681,6.570064
dxf,3,26.954625,5.224745
dzb,3,108.233305,21.440894
dyb,3,27.506871,5.330997
cvx,3,34.555345,6.768048
dyf,3,27.320840,5.303658
dzb2,3,108.241559,21.436256
dxb,3,27.086731,5.252958
cvy,3,34.426758,6.745015
dzf,3,107.914178,21.399678
dxb2,3,27.061402,5.223550
dyb2,3,27.748009,5.394596
cvz,3,39.960295,7.891671
dzb3,3,108.179947,21.422948
dxb3,3,27.353186,5.270322
dyb3,3,27.652175,5.356774
csxxsyyszz,3,87.261312,16.283671
dyf2,3,27.522186,5.338592
dxf2,3,27.155943,5.274691
csxy,3,27.721414,5.506524
dzf2,3,107.893250,21.386372
dyf3,3,27.157561,5.298182
csyz,3,33.312180,6.603664
dxf3,3,27.050141,5.232220
dzf3,3,108.012733,21.443104
csxz,3,33.120583,6.575027
dxf,4,26.891529,5.219718
dzb,4,108.258227,21.446200
dyb,4,27.435594,5.333503
cvx,4,34.641133,6.780761
dyf,4,27.351821,5.311676
dzb2,4,108.328688,21.456466
dxb,4,27.112909,5.267851
cvy,4,34.399152,6.740681
dzf,4,107.947715,21.404967
dxb2,4,27.019747,5.222148
dyb2,4,27.707983,5.379767
cvz,4,40.161292,7.921097
dzb3,4,108.175668,21.432549
dxb3,4,27.255088,5.258117
dyb3,4,27.682565,5.355383
csxxsyyszz,4,87.099902,16.266151
dyf2,4,27.433302,5.323243
dxf2,4,27.086058,5.276527
csxy,4,27.698330,5.507192
dzf2,4,108.509916,21.487059
dyf3,4,27.252201,5.313592
csyz,4,33.311415,6.603869
dxf3,4,27.080336,5.236076
dzf3,4,108.023907,21.439185
csxz,4,33.123773,6.638912
#========================= OptEWE [OpenMP] =========================
#Source type                                  :  Force monopole
#Grid Size                                    :  512 x 512 x 512
#Iterations                                   :  5
#Compute time                                 :  6.618593
#Total effective MLUPS                        :  101.394460
#===================================================================
#Number of threads                            :  23
