dxf,0,28.074073,5.858591
dzb,0,103.588299,22.867856
dyb,0,27.425584,5.832547
cvx,0,32.958840,7.256397
dyf,0,26.996920,5.761673
dzb2,0,103.526959,22.876869
dxb,0,27.220337,5.767895
cvy,0,264.630883,47.111633
dzf,0,102.842111,22.731814
dxb2,0,27.034352,5.748295
dyb2,0,27.673255,5.896312
cvz,0,38.196918,8.420988
dzb3,0,102.963552,22.786254
dxb3,0,26.945769,5.745584
dyb3,0,27.653007,5.899507
csxxsyyszz,0,69.880107,15.044153
dyf2,0,27.092672,5.782534
dxf2,0,27.197796,5.806729
csxy,0,26.833474,5.933672
dzf2,0,102.905489,22.804820
dyf3,0,27.202273,5.844150
csyz,0,32.025263,7.073109
dxf3,0,26.727879,5.725016
dzf3,0,103.355180,22.907322
csxz,0,31.855198,7.054599
dxf,1,26.684865,5.717470
dzb,1,103.526733,22.923036
dyb,1,27.420092,5.858326
cvx,1,32.935583,7.265444
dyf,1,26.996669,5.805489
dzb2,1,103.604346,22.948362
dxb,1,27.205284,5.806452
cvy,1,32.834109,7.239921
dzf,1,102.853945,22.803906
dxb2,1,26.989706,5.762061
dyb2,1,27.661320,5.917615
cvz,1,38.173367,8.433451
dzb3,1,103.011248,22.823981
dxb3,1,26.977904,5.763877
dyb3,1,27.647952,5.915827
csxxsyyszz,1,69.779942,15.037209
dyf2,1,27.163683,5.807642
dxf2,1,27.202935,5.838430
csxy,1,26.784758,5.933661
dzf2,1,102.886021,22.823136
dyf3,1,27.247854,5.840084
csyz,1,32.009421,7.079024
dxf3,1,26.680962,5.726520
dzf3,1,103.324550,22.908036
csxz,1,31.834404,7.058797
dxf,2,26.662843,5.721084
dzb,2,103.632025,22.964363
dyb,2,27.451945,5.876254
cvx,2,32.992319,7.273957
dyf,2,27.029583,5.789806
dzb2,2,103.535285,22.922835
dxb,2,27.164329,5.812932
cvy,2,32.848992,7.243082
dzf,2,102.827245,22.817513
dxb2,2,26.937707,5.762865
dyb2,2,27.637049,5.928504
cvz,2,38.204117,8.443826
dzb3,2,102.998520,22.835960
dxb3,2,26.976352,5.761980
dyb3,2,27.691456,5.918571
csxxsyyszz,2,69.858761,15.050750
dyf2,2,27.116037,5.813351
dxf2,2,27.198570,5.826707
csxy,2,26.803898,5.935029
dzf2,2,102.938989,22.832040
dyf3,2,27.169026,5.835602
csyz,2,32.009626,7.074598
dxf3,2,26.703016,5.722075
dzf3,2,103.433816,22.940142
csxz,2,31.861432,7.057790
dxf,3,26.638527,5.710396
dzb,3,103.488776,22.935576
dyb,3,27.470473,5.871577
cvx,3,32.955408,7.273816
dyf,3,26.989258,5.801726
dzb2,3,103.539868,22.944188
dxb,3,27.225955,5.808869
cvy,3,32.813797,7.241957
dzf,3,102.896460,22.821865
dxb2,3,26.977889,5.759177
dyb2,3,27.612516,5.909078
cvz,3,38.214751,8.444863
dzb3,3,103.015416,22.829074
dxb3,3,27.021678,5.766100
dyb3,3,27.682569,5.922996
csxxsyyszz,3,69.828658,15.050903
dyf2,3,27.118377,5.824840
dxf2,3,27.221200,5.838947
csxy,3,26.862078,5.950190
dzf2,3,102.924132,22.829858
dyf3,3,27.245619,5.858513
csyz,3,32.019109,7.080461
dxf3,3,26.688206,5.721999
dzf3,3,104.203786,23.094041
csxz,3,31.882378,7.060860
dxf,4,26.702449,5.726483
dzb,4,103.433326,22.926119
dyb,4,27.383974,5.865010
cvx,4,32.957693,7.273230
dyf,4,26.983524,5.792061
dzb2,4,103.474927,22.927456
dxb,4,27.156692,5.817151
cvy,4,32.838897,7.244236
dzf,4,102.817200,22.817385
dxb2,4,26.977501,5.767525
dyb2,4,27.724387,5.939711
cvz,4,38.195937,8.436289
dzb3,4,103.136257,22.861501
dxb3,4,27.009827,5.767296
dyb3,4,27.691604,5.930539
csxxsyyszz,4,69.877665,15.056668
dyf2,4,27.157320,5.811549
dxf2,4,27.201584,5.821373
csxy,4,26.810882,5.942799
dzf2,4,102.888726,22.828559
dyf3,4,27.197890,5.838754
csyz,4,32.028196,7.084590
dxf3,4,26.711323,5.732321
dzf3,4,103.305768,22.911251
csxz,4,31.876339,7.137776
#========================= OptEWE [OpenMP] =========================
#Source type                                  :  Force monopole
#Grid Size                                    :  512 x 512 x 512
#Iterations                                   :  5
#Compute time                                 :  6.282382
#Total effective MLUPS                        :  106.820739
#===================================================================
#Number of threads                            :  22
