dxf,0,94.966804,15.455600
dzb,0,488.334959,78.116898
dyb,0,114.568521,18.367383
cvx,0,152.595112,24.611783
dyf,0,114.714268,18.422270
dzb2,0,488.639696,78.179108
dxb,0,113.530983,18.196054
cvy,0,261.886155,40.467260
dzf,0,488.464514,78.136626
dxb2,0,113.555707,18.199400
dyb2,0,115.084756,18.459914
cvz,0,178.397749,28.731328
dzb3,0,488.007102,78.101551
dxb3,0,113.767032,18.237226
dyb3,0,114.970183,18.439086
csxxsyyszz,0,233.474136,38.497028
dyf2,0,115.019062,18.448762
dxf2,0,114.173094,18.300544
csxy,0,126.094251,20.303144
dzf2,0,488.372552,78.160412
dyf3,0,114.734401,18.421053
csyz,0,151.663315,24.384090
dxf3,0,113.899322,18.260042
dzf3,0,488.253500,78.132889
csxz,0,151.370444,24.348009
dxf,1,94.415920,15.401105
dzb,1,488.281101,78.157360
dyb,1,114.814598,18.406957
cvx,1,152.402020,24.573835
dyf,1,114.910854,18.449135
dzb2,1,488.471020,78.158975
dxb,1,113.690259,18.226278
cvy,1,152.171384,24.513426
dzf,1,488.377013,78.127737
dxb2,1,113.818333,18.247181
dyb2,1,114.931106,18.432943
cvz,1,177.952964,28.664593
dzb3,1,488.442108,78.143384
dxb3,1,113.760970,18.237985
dyb3,1,114.740848,18.410465
csxxsyyszz,1,233.428541,38.493359
dyf2,1,115.052013,18.467937
dxf2,1,113.996408,18.280191
csxy,1,125.833982,20.269922
dzf2,1,488.429068,78.151390
dyf3,1,114.809151,18.434786
csyz,1,151.668975,24.383513
dxf3,1,113.737544,18.244120
dzf3,1,485.929602,78.130768
csxz,1,151.434184,24.357767
dxf,2,94.161504,15.352861
dzb,2,488.194398,78.130156
dyb,2,114.512469,18.365677
cvx,2,152.393506,24.582977
dyf,2,114.816871,18.434417
dzb2,2,488.181196,78.111231
dxb,2,113.755711,18.242212
cvy,2,152.517727,24.558201
dzf,2,487.920586,78.068040
dxb2,2,113.607973,18.213210
dyb2,2,115.124050,18.467939
cvz,2,178.173495,28.687788
dzb3,2,487.987015,78.086153
dxb3,2,113.672673,18.234702
dyb3,2,114.994485,18.439638
csxxsyyszz,2,233.641156,38.508908
dyf2,2,114.910233,18.449283
dxf2,2,113.998333,18.281863
csxy,2,125.917959,20.274526
dzf2,2,488.312381,78.147045
dyf3,2,114.703119,18.419615
csyz,2,151.744075,24.380090
dxf3,2,113.637449,18.220900
dzf3,2,487.942400,78.092360
csxz,2,151.398773,24.352566
dxf,3,94.424621,15.392688
dzb,3,488.515446,78.178172
dyb,3,114.703722,18.397339
cvx,3,152.369044,24.577547
dyf,3,114.781932,18.430292
dzb2,3,488.332191,78.131903
dxb,3,113.464947,18.193364
cvy,3,152.503562,24.560129
dzf,3,487.997881,78.085272
dxb2,3,113.685306,18.218440
dyb2,3,115.006104,18.437837
cvz,3,178.163528,28.683461
dzb3,3,488.063846,78.087101
dxb3,3,113.730665,18.236712
dyb3,3,114.997629,18.444107
csxxsyyszz,3,233.064623,38.425785
dyf2,3,115.193286,18.492337
dxf2,3,114.268768,18.323144
csxy,3,125.893429,20.270205
dzf2,3,488.063336,78.088389
dyf3,3,114.749880,18.422796
csyz,3,151.592186,24.359402
dxf3,3,113.802344,18.250308
dzf3,3,487.947945,78.063187
csxz,3,151.254859,24.327193
dxf,4,94.274247,15.366334
dzb,4,488.204895,78.101697
dyb,4,114.501014,18.360015
cvx,4,152.588925,24.603353
dyf,4,114.692276,18.412065
dzb2,4,488.111468,78.113896
dxb,4,113.833724,18.252000
cvy,4,152.219091,24.514933
dzf,4,487.916484,78.062520
dxb2,4,113.820292,18.248485
dyb2,4,115.157037,18.467202
cvz,4,178.337747,28.700363
dzb3,4,488.087357,78.079283
dxb3,4,113.631699,18.216519
dyb3,4,114.856821,18.419791
csxxsyyszz,4,233.354072,38.464198
dyf2,4,115.223577,18.491168
dxf2,4,114.175923,18.315146
csxy,4,126.096041,20.302693
dzf2,4,488.217242,78.118867
dyf3,4,114.638766,18.409404
csyz,4,151.831761,24.394426
dxf3,4,113.919201,18.272020
dzf3,4,488.575127,78.200186
csxz,4,151.678703,24.411802
#========================= OptEWE [OpenMP] =========================
#Source type                                  :  Force monopole
#Grid Size                                    :  512 x 512 x 512
#Iterations                                   :  5
#Compute time                                 :  27.245258
#Total effective MLUPS                        :  24.631392
#===================================================================
#Number of threads                            :  12
