dxf,0,131.660913,15.844970
dzb,0,684.788862,79.436504
dyb,0,155.895329,18.555019
cvx,0,235.840745,27.812166
dyf,0,154.133732,18.401937
dzb2,0,679.229416,78.927005
dxb,0,132.239889,15.893088
cvy,0,551.960258,62.630270
dzf,0,671.737199,78.076098
dxb2,0,132.561096,15.912648
dyb2,0,156.152440,18.614507
cvz,0,235.697225,27.828930
dzb3,0,690.661124,80.053935
dxb3,0,133.248157,15.978428
dyb3,0,156.144991,18.601883
csxxsyyszz,0,653.061523,75.522575
dyf2,0,154.075199,18.385319
dxf2,0,130.291366,15.654088
csxy,0,112.207084,13.812790
dzf2,0,667.612247,77.574994
dyf3,0,153.889933,18.358572
csyz,0,127.183162,15.551222
dxf3,0,129.881325,15.616246
dzf3,0,672.460260,78.083210
csxz,0,123.350587,15.137584
dxf,1,129.664699,15.576714
dzb,1,680.475323,79.073700
dyb,1,155.760714,18.560327
cvx,1,235.770742,27.775559
dyf,1,155.698154,18.602582
dzb2,1,678.848118,78.862932
dxb,1,132.219657,15.864138
cvy,1,231.805524,27.415604
dzf,1,673.076737,78.179980
dxb2,1,132.521682,15.900623
dyb2,1,156.285881,18.622872
cvz,1,236.308583,27.895582
dzb3,1,680.572484,78.972601
dxb3,1,133.637406,16.032157
dyb3,1,156.150447,18.634159
csxxsyyszz,1,654.257046,75.717161
dyf2,1,154.312057,18.423845
dxf2,1,130.538713,15.660813
csxy,1,112.375686,13.815555
dzf2,1,669.968394,77.759141
dyf3,1,154.398417,18.390113
csyz,1,127.543385,15.542743
dxf3,1,130.225077,15.643657
dzf3,1,673.517114,78.075723
csxz,1,123.892212,15.139876
dxf,2,129.932672,15.622296
dzb,2,683.230484,79.226308
dyb,2,155.816328,18.528992
cvx,2,236.365383,27.775663
dyf,2,154.280084,18.404328
dzb2,2,681.004725,78.964266
dxb,2,132.474374,15.839585
cvy,2,230.653558,27.192389
dzf,2,673.292584,78.144829
dxb2,2,132.645119,15.907144
dyb2,2,156.360103,18.580503
cvz,2,236.335601,27.868485
dzb3,2,682.229488,79.065060
dxb3,2,133.308006,15.991406
dyb3,2,156.302955,18.568766
csxxsyyszz,2,652.159240,75.352935
dyf2,2,154.264101,18.341358
dxf2,2,130.416071,15.663637
csxy,2,112.209945,13.822985
dzf2,2,675.557612,78.363309
dyf3,2,151.881610,18.120692
csyz,2,127.591822,15.600820
dxf3,2,130.050962,15.624834
dzf3,2,678.425251,78.609531
csxz,2,123.779155,15.159728
dxf,3,129.846522,15.590255
dzb,3,696.926390,83.767205
dyb,3,154.530621,19.217517
cvx,3,236.020228,28.961937
dyf,3,153.822503,18.564143
dzb2,3,696.679689,80.695443
dxb,3,132.369380,15.879263
cvy,3,230.349061,27.208617
dzf,3,678.496446,78.733150
dxb2,3,132.411990,15.897838
dyb2,3,156.369352,18.664983
cvz,3,236.257757,27.941946
dzb3,3,686.349560,79.642859
dxb3,3,133.173209,15.966974
dyb3,3,155.848521,18.548083
csxxsyyszz,3,649.843673,75.164626
dyf2,3,153.871902,18.387816
dxf2,3,130.290791,15.693131
csxy,3,112.162381,13.848733
dzf2,3,669.392165,77.839907
dyf3,3,153.806045,18.365806
csyz,3,127.370643,15.566371
dxf3,3,129.976421,15.616270
dzf3,3,672.495017,78.124537
csxz,3,123.780590,15.197657
dxf,4,129.990943,15.652373
dzb,4,685.364397,79.573348
dyb,4,155.741996,18.543465
cvx,4,235.870119,27.771715
dyf,4,154.158090,18.389898
dzb2,4,680.369565,79.056048
dxb,4,132.383077,15.911038
cvy,4,230.308508,27.240185
dzf,4,673.028961,78.210450
dxb2,4,132.573852,15.912325
dyb2,4,155.958602,18.572484
cvz,4,235.834834,27.836097
dzb3,4,679.469839,78.991360
dxb3,4,133.174245,15.999282
dyb3,4,156.212602,18.597085
csxxsyyszz,4,649.975441,75.174625
dyf2,4,154.093679,18.364558
dxf2,4,130.237772,15.654062
csxy,4,112.151894,13.814481
dzf2,4,669.761857,77.907226
dyf3,4,153.890882,18.385368
csyz,4,127.382230,15.564454
dxf3,4,129.910110,15.617600
dzf3,4,673.924998,78.230834
csxz,4,123.551707,15.159009
#========================= OptEWE [OpenMP] =========================
#Source type                                  :  Force monopole
#Grid Size                                    :  512 x 512 x 512
#Iterations                                   :  5
#Compute time                                 :  37.864559
#Total effective MLUPS                        :  17.723398
#===================================================================
#Number of threads                            :  2
