dxf,0,73.629700,12.910109
dzb,0,375.750048,64.503923
dyb,0,90.442937,15.600915
cvx,0,118.114880,20.633685
dyf,0,88.617875,15.376432
dzb2,0,375.185383,65.038559
dxb,0,90.150215,15.577859
cvy,0,244.092312,40.796159
dzf,0,374.436989,64.647018
dxb2,0,90.291069,15.597291
dyb2,0,91.204672,15.786744
cvz,0,137.993939,24.069642
dzb3,0,373.805840,64.866900
dxb3,0,90.360981,15.620418
dyb3,0,91.154047,15.774918
csxxsyyszz,0,168.451906,30.240584
dyf2,0,91.235510,15.802750
dxf2,0,91.193625,15.757988
csxy,0,98.871560,17.230964
dzf2,0,374.009340,64.889500
dyf3,0,90.622670,15.708257
csyz,0,117.923076,20.519606
dxf3,0,90.588644,15.666296
dzf3,0,375.195947,65.089653
csxz,0,117.343047,20.447149
dxf,1,72.680874,12.803988
dzb,1,375.154821,65.097694
dyb,1,90.374960,15.651322
cvx,1,118.139009,20.655621
dyf,1,88.576456,15.389790
dzb2,1,375.061862,64.612860
dxb,1,90.340568,15.599950
cvy,1,117.965771,20.589859
dzf,1,374.445386,64.791125
dxb2,1,90.166379,15.576854
dyb2,1,91.448097,15.823347
cvz,1,138.138848,24.097951
dzb3,1,374.152565,64.914598
dxb3,1,90.270314,15.608792
dyb3,1,91.393922,15.820853
csxxsyyszz,1,168.521804,30.254496
dyf2,1,91.164405,15.796806
dxf2,1,91.082070,15.753770
csxy,1,98.854426,17.242065
dzf2,1,374.254926,64.924145
dyf3,1,90.909982,15.750648
csyz,1,118.032600,20.533860
dxf3,1,90.541085,15.655980
dzf3,1,375.374875,65.140483
csxz,1,117.306476,20.430672
dxf,2,72.582200,12.783172
dzb,2,374.807377,65.038797
dyb,2,90.401684,15.656073
cvx,2,118.187720,20.665861
dyf,2,88.573673,15.389675
dzb2,2,374.961902,64.814930
dxb,2,90.257243,15.596598
cvy,2,118.018860,20.610887
dzf,2,374.326376,64.931687
dxb2,2,90.260070,15.574767
dyb2,2,91.414473,15.840014
cvz,2,137.912370,24.057770
dzb3,2,374.363379,65.544206
dxb3,2,90.592428,15.857983
dyb3,2,91.260760,15.824419
csxxsyyszz,2,169.613002,30.459667
dyf2,2,91.196864,15.822410
dxf2,2,91.073719,15.769953
csxy,2,98.994187,17.276960
dzf2,2,374.509415,64.999170
dyf3,2,90.678074,15.732153
csyz,2,118.225468,20.586255
dxf3,2,90.484646,15.663679
dzf3,2,375.188263,65.165821
csxz,2,117.283519,20.448110
dxf,3,72.741117,12.820130
dzb,3,375.019033,65.102109
dyb,3,90.625116,15.706465
cvx,3,118.081530,20.658978
dyf,3,88.648639,15.419199
dzb2,3,374.626503,64.845256
dxb,3,90.296047,15.623179
cvy,3,117.990500,20.608924
dzf,3,374.422727,64.994083
dxb2,3,90.380769,15.639065
dyb2,3,91.235515,15.817834
cvz,3,138.075288,24.104986
dzb3,3,374.072042,64.950744
dxb3,3,90.407970,15.645983
dyb3,3,91.332044,15.836902
csxxsyyszz,3,168.590427,30.295079
dyf2,3,91.068225,15.798256
dxf2,3,91.170231,15.784091
csxy,3,98.904276,17.260650
dzf2,3,374.737237,65.065495
dyf3,3,90.712768,15.756043
csyz,3,118.028819,20.558775
dxf3,3,90.549399,15.675995
dzf3,3,375.066230,65.165020
csxz,3,117.497566,20.547263
dxf,4,72.747575,12.924491
dzb,4,375.058542,65.104366
dyb,4,90.451520,15.692232
cvx,4,118.102512,20.662403
dyf,4,88.600841,15.404609
dzb2,4,374.814708,64.978016
dxb,4,90.333889,15.639668
cvy,4,118.109709,20.623677
dzf,4,374.525321,64.966570
dxb2,4,90.269219,15.619027
dyb2,4,91.206480,15.819052
cvz,4,138.020722,24.091023
dzb3,4,374.023510,64.918568
dxb3,4,90.274452,15.618829
dyb3,4,91.244065,15.809996
csxxsyyszz,4,169.225558,30.374997
dyf2,4,91.099184,15.799218
dxf2,4,91.165905,15.780401
csxy,4,98.897476,17.251922
dzf2,4,374.648719,65.006409
dyf3,4,90.895760,15.787086
csyz,4,118.104175,20.554924
dxf3,4,90.552289,15.668006
dzf3,4,375.285059,65.129376
csxz,4,117.232972,20.425679
#========================= OptEWE [OpenMP] =========================
#Source type                                  :  Force monopole
#Grid Size                                    :  512 x 512 x 512
#Iterations                                   :  5
#Compute time                                 :  21.099834
#Total effective MLUPS                        :  31.805398
#===================================================================
#Number of threads                            :  18
