dxf,0,57.218337,8.425764
dzb,0,242.101458,36.033056
dyb,0,57.311060,8.513485
cvx,0,71.977159,10.876439
dyf,0,57.450016,8.537900
dzb2,0,241.598683,36.012122
dxb,0,56.283447,8.303264
cvy,0,241.157360,32.411350
dzf,0,241.392510,35.926754
dxb2,0,56.413783,8.339999
dyb2,0,57.609686,8.567610
cvz,0,84.124025,12.653084
dzb3,0,241.221896,35.949259
dxb3,0,56.411375,8.324203
dyb3,0,57.648658,8.560948
csxxsyyszz,0,135.304639,20.450012
dyf2,0,57.691259,8.592697
dxf2,0,56.827080,8.380035
csxy,0,59.038180,8.879439
dzf2,0,241.217687,35.952106
dyf3,0,57.307839,8.517377
csyz,0,71.026656,10.653755
dxf3,0,57.289922,8.445530
dzf3,0,241.457173,35.994631
csxz,0,70.840205,10.655547
dxf,1,56.739053,8.399214
dzb,1,241.700908,37.703600
dyb,1,57.196909,8.896422
cvx,1,71.831349,11.331518
dyf,1,57.328220,8.921583
dzb2,1,240.888123,37.699239
dxb,1,56.277053,8.690317
cvy,1,71.488333,11.242030
dzf,1,240.922165,37.273744
dxb2,1,56.442582,8.339513
dyb2,1,57.562843,8.556009
cvz,1,84.126299,12.728871
dzb3,1,241.445897,35.987734
dxb3,1,56.479639,8.415223
dyb3,1,57.608581,8.560366
csxxsyyszz,1,135.565885,20.456718
dyf2,1,57.746216,8.583510
dxf2,1,56.819583,8.426687
csxy,1,59.028076,8.881427
dzf2,1,241.356044,35.964905
dyf3,1,56.951491,8.493627
csyz,1,71.097310,10.674214
dxf3,1,57.256482,8.438174
dzf3,1,241.358816,35.973264
csxz,1,70.828700,10.651234
dxf,2,56.621569,8.365959
dzb,2,241.474690,36.003577
dyb,2,57.298982,8.501251
cvx,2,72.002412,10.870053
dyf,2,57.470139,8.563172
dzb2,2,241.589690,36.034394
dxb,2,56.329360,8.332982
cvy,2,71.640472,10.800660
dzf,2,241.221057,35.965637
dxb2,2,56.313430,8.311571
dyb2,2,57.556620,8.551792
cvz,2,84.004431,12.644742
dzb3,2,241.382159,36.039200
dxb3,2,56.511908,8.347198
dyb3,2,57.580813,8.562828
csxxsyyszz,2,135.425942,20.475142
dyf2,2,57.450645,8.541036
dxf2,2,56.937169,8.403877
csxy,2,59.039050,8.887675
dzf2,2,241.242202,35.970403
dyf3,2,57.301403,8.535724
csyz,2,71.032109,10.700671
dxf3,2,57.370504,8.471022
dzf3,2,241.561775,36.047005
csxz,2,70.820420,10.652694
dxf,3,56.661503,8.375767
dzb,3,241.298391,36.015398
dyb,3,57.236941,8.526000
cvx,3,72.007592,10.848819
dyf,3,57.378679,8.542980
dzb2,3,241.657128,36.054770
dxb,3,56.311476,8.330457
cvy,3,72.547324,10.974866
dzf,3,241.404072,35.977898
dxb2,3,56.431422,8.362918
dyb2,3,57.552354,8.578837
cvz,3,84.107940,12.663501
dzb3,3,241.593972,36.029564
dxb3,3,56.556027,8.356031
dyb3,3,57.709581,8.569628
csxxsyyszz,3,135.395331,20.492256
dyf2,3,58.293148,8.662604
dxf2,3,56.948027,8.406830
csxy,3,59.017560,8.879482
dzf2,3,241.274932,36.001098
dyf3,3,57.263744,8.521864
csyz,3,71.036965,10.663573
dxf3,3,57.216732,8.439953
dzf3,3,241.255707,35.975519
csxz,3,70.849147,10.680509
dxf,4,56.579954,8.395782
dzb,4,241.466765,35.993825
dyb,4,57.187727,8.545203
cvx,4,71.931149,10.846823
dyf,4,57.457761,8.544164
dzb2,4,241.465079,36.036923
dxb,4,56.418505,8.346291
cvy,4,71.547516,10.790076
dzf,4,241.085755,36.027190
dxb2,4,56.378696,8.334934
dyb2,4,57.472426,8.550606
cvz,4,84.100293,12.693276
dzb3,4,241.195822,35.953189
dxb3,4,56.452735,8.368631
dyb3,4,57.643951,8.571851
csxxsyyszz,4,135.325897,20.426678
dyf2,4,57.653532,8.560206
dxf2,4,56.827084,8.406244
csxy,4,59.058478,8.885396
dzf2,4,241.362738,36.004888
dyf3,4,57.120602,8.503950
csyz,4,71.060449,10.663326
dxf3,4,57.361289,8.460911
dzf3,4,241.255266,35.986002
csxz,4,70.855518,10.663627
#========================= OptEWE [OpenMP] =========================
#Source type                                  :  Force monopole
#Grid Size                                    :  512 x 512 x 512
#Iterations                                   :  5
#Compute time                                 :  13.656904
#Total effective MLUPS                        :  49.139148
#===================================================================
#Number of threads                            :  11
