dxf,0,84.776818,14.166723
dzb,0,427.802381,69.565502
dyb,0,103.887101,17.109092
cvx,0,135.641846,22.620876
dyf,0,101.723362,16.835957
dzb2,0,427.706908,70.103678
dxb,0,103.863689,17.102021
cvy,0,278.603070,44.612808
dzf,0,427.506567,69.926346
dxb2,0,103.762874,17.097280
dyb2,0,104.670516,17.292112
cvz,0,157.766997,26.291150
dzb3,0,426.771356,69.908487
dxb3,0,103.752007,17.072886
dyb3,0,104.741324,17.276266
csxxsyyszz,0,192.337166,32.759034
dyf2,0,104.485072,17.265049
dxf2,0,104.833441,17.293314
csxy,0,113.208220,18.851629
dzf2,0,426.596156,70.561170
dyf3,0,104.177968,17.224131
csyz,0,134.854683,22.394925
dxf3,0,104.012328,17.166204
dzf3,0,427.368521,70.700599
csxz,0,134.149501,22.307286
dxf,1,83.733677,14.026622
dzb,1,427.064641,70.552023
dyb,1,103.768355,17.115354
cvx,1,135.998721,22.723698
dyf,1,101.726865,16.856413
dzb2,1,426.893421,70.653104
dxb,1,103.799514,17.136805
cvy,1,135.627327,22.630458
dzf,1,427.339992,70.097952
dxb2,1,103.768747,17.110354
dyb2,1,104.723249,17.298230
cvz,1,157.923692,26.336879
dzb3,1,426.847011,70.125452
dxb3,1,103.831949,17.119045
dyb3,1,104.694672,17.288695
csxxsyyszz,1,192.017316,32.724847
dyf2,1,104.688068,17.308715
dxf2,1,104.725700,17.283939
csxy,1,113.118855,18.850273
dzf2,1,426.719394,70.638633
dyf3,1,104.082586,17.228245
csyz,1,134.905440,22.415753
dxf3,1,103.971275,17.167514
dzf3,1,427.216149,70.702279
csxz,1,134.064143,22.299746
dxf,2,83.857011,14.055051
dzb,2,427.276076,70.741827
dyb,2,103.696761,17.131815
cvx,2,135.790587,22.698461
dyf,2,101.738981,16.871632
dzb2,2,427.230576,70.715621
dxb,2,103.910304,17.156828
cvy,2,135.562183,22.632700
dzf,2,426.961541,70.203623
dxb2,2,103.779114,17.105886
dyb2,2,104.721594,17.288201
cvz,2,157.736779,26.313272
dzb3,2,426.939063,70.330977
dxb3,2,103.931947,17.158422
dyb3,2,104.694157,17.297622
csxxsyyszz,2,192.274322,32.783514
dyf2,2,104.678095,17.306202
dxf2,2,104.691733,17.290802
csxy,2,113.125036,18.869501
dzf2,2,427.038351,70.744027
dyf3,2,104.120949,17.241594
csyz,2,134.883605,22.429110
dxf3,2,104.152023,17.197979
dzf3,2,427.364300,70.784701
csxz,2,133.904102,22.296148
dxf,3,83.789763,14.055979
dzb,3,427.395865,70.720813
dyb,3,103.747940,17.141629
cvx,3,135.511990,22.651150
dyf,3,101.774084,16.862631
dzb2,3,427.527288,70.729480
dxb,3,103.762622,17.127503
cvy,3,135.619684,22.623367
dzf,3,427.143618,70.293749
dxb2,3,103.820257,17.121567
dyb2,3,104.576287,17.272845
cvz,3,157.628631,26.277262
dzb3,3,426.493149,70.362026
dxb3,3,103.750566,17.095376
dyb3,3,104.543294,17.258396
csxxsyyszz,3,192.171745,32.733583
dyf2,3,104.651212,17.288923
dxf2,3,104.700936,17.270962
csxy,3,113.184726,18.848332
dzf2,3,426.729278,70.567611
dyf3,3,103.967470,17.183594
csyz,3,134.754444,22.386081
dxf3,3,104.193061,17.196646
dzf3,3,427.584276,70.751990
csxz,3,134.043325,22.292587
dxf,4,83.718255,14.025762
dzb,4,427.191682,70.679186
dyb,4,103.929680,17.174008
cvx,4,135.826833,22.691756
dyf,4,101.753663,16.862829
dzb2,4,427.002296,70.623092
dxb,4,103.746958,17.124794
cvy,4,135.500465,22.605952
dzf,4,426.740337,70.427733
dxb2,4,103.864027,17.123221
dyb2,4,104.858887,17.306662
cvz,4,157.823688,26.298240
dzb3,4,426.238702,70.453621
dxb3,4,103.852028,17.120872
dyb3,4,104.553570,17.273532
csxxsyyszz,4,192.168225,32.721468
dyf2,4,104.552983,17.270106
dxf2,4,104.768357,17.285049
csxy,4,113.182675,18.827568
dzf2,4,427.072759,70.646070
dyf3,4,104.183006,17.239093
csyz,4,134.968878,22.416618
dxf3,4,104.134673,17.189343
dzf3,4,427.366590,70.884450
csxz,4,134.081461,22.283297
#========================= OptEWE [OpenMP] =========================
#Source type                                  :  Force monopole
#Grid Size                                    :  512 x 512 x 512
#Iterations                                   :  5
#Compute time                                 :  24.113028
#Total effective MLUPS                        :  27.830957
#===================================================================
#Number of threads                            :  18
