dxf,0,84.173013,12.531135
dzb,0,426.715552,61.963109
dyb,0,103.285581,15.121992
cvx,0,133.478464,19.691533
dyf,0,100.642767,14.822360
dzb2,0,426.631601,62.308024
dxb,0,103.356495,15.115149
cvy,0,311.865337,43.793166
dzf,0,426.179042,61.881096
dxb2,0,103.331034,15.126925
dyb2,0,104.125389,15.292557
cvz,0,156.300390,23.029452
dzb3,0,426.191138,61.986786
dxb3,0,103.365200,15.141525
dyb3,0,103.907945,15.251707
csxxsyyszz,0,191.253588,29.135328
dyf2,0,103.967307,15.274654
dxf2,0,104.265816,15.282442
csxy,0,113.011603,16.657173
dzf2,0,426.486109,62.561923
dyf3,0,103.387918,15.198639
csyz,0,134.771257,19.809392
dxf3,0,103.503524,15.172261
dzf3,0,426.286654,62.527934
csxz,0,134.118578,19.721471
dxf,1,83.194321,12.418954
dzb,1,426.203033,62.428660
dyb,1,103.273365,15.169505
cvx,1,133.481478,19.720899
dyf,1,100.570307,14.827711
dzb2,1,426.509584,62.576453
dxb,1,103.158807,15.134625
cvy,1,133.358699,19.689177
dzf,1,425.888484,62.155780
dxb2,1,103.307509,15.143897
dyb2,1,104.022158,15.281075
cvz,1,156.144254,23.018553
dzb3,1,425.419177,62.463888
dxb3,1,103.372232,15.211470
dyb3,1,104.159453,15.351604
csxxsyyszz,1,191.456987,29.154037
dyf2,1,103.877271,15.267361
dxf2,1,104.297976,15.295888
csxy,1,112.949172,16.638205
dzf2,1,425.990713,62.492811
dyf3,1,103.317558,15.203670
csyz,1,134.767983,19.816839
dxf3,1,103.489958,15.171751
dzf3,1,426.592818,62.554652
csxz,1,133.815520,19.685378
dxf,2,83.134685,12.421055
dzb,2,426.587458,62.591242
dyb,2,103.175879,15.165625
cvx,2,133.161404,19.680269
dyf,2,100.565652,14.828011
dzb2,2,426.335213,62.529703
dxb,2,103.379693,15.156447
cvy,2,133.105876,19.641867
dzf,2,425.362313,62.349571
dxb2,2,103.357425,15.142355
dyb2,2,104.080910,15.288479
cvz,2,156.012384,23.002692
dzb3,2,424.904855,62.314141
dxb3,2,103.235513,15.131622
dyb3,2,104.004370,15.279198
csxxsyyszz,2,191.428170,29.151881
dyf2,2,103.787380,15.259216
dxf2,2,104.334840,15.301910
csxy,2,113.034084,16.655203
dzf2,2,426.230465,62.490688
dyf3,2,103.523952,15.343235
csyz,2,134.637012,19.798570
dxf3,2,103.372913,15.168006
dzf3,2,426.741781,62.599179
csxz,2,134.004842,19.709057
dxf,3,83.223979,12.431949
dzb,3,426.480357,62.558090
dyb,3,103.211635,15.163755
cvx,3,133.323894,19.696383
dyf,3,100.645298,14.856158
dzb2,3,426.600834,62.610399
dxb,3,103.305306,15.166202
cvy,3,133.390382,19.690519
dzf,3,425.197471,62.375696
dxb2,3,103.303742,15.148018
dyb2,3,104.037883,15.295654
cvz,3,156.192537,23.027895
dzb3,3,424.915077,62.323869
dxb3,3,103.332550,15.152119
dyb3,3,104.123778,15.300178
csxxsyyszz,3,191.676962,29.189520
dyf2,3,103.949554,15.286153
dxf2,3,104.136963,15.264538
csxy,3,113.117060,16.672839
dzf2,3,426.139564,62.476365
dyf3,3,103.635155,15.234614
csyz,3,134.768261,19.814898
dxf3,3,103.487801,15.168724
dzf3,3,426.849666,62.619991
csxz,3,133.807547,19.693125
dxf,4,83.193995,12.426613
dzb,4,426.178998,62.521727
dyb,4,103.217474,15.170019
cvx,4,133.467913,19.717536
dyf,4,100.692510,14.846098
dzb2,4,426.503280,62.538284
dxb,4,103.365719,15.165966
cvy,4,133.454327,19.689579
dzf,4,425.262139,62.380078
dxb2,4,103.244488,15.143262
dyb2,4,104.018365,15.282971
cvz,4,156.151555,23.020618
dzb3,4,425.146602,62.357032
dxb3,4,103.297185,15.150868
dyb3,4,104.011487,15.294226
csxxsyyszz,4,191.218505,29.147693
dyf2,4,103.911666,15.271674
dxf2,4,104.154097,15.272699
csxy,4,113.019905,16.648814
dzf2,4,425.918257,62.477568
dyf3,4,103.415079,15.208172
csyz,4,134.868842,19.829066
dxf3,4,103.402040,15.158862
dzf3,4,426.769050,62.214675
csxz,4,134.155970,19.726853
#========================= OptEWE [OpenMP] =========================
#Source type                                  :  Force monopole
#Grid Size                                    :  512 x 512 x 512
#Iterations                                   :  5
#Compute time                                 :  24.044186
#Total effective MLUPS                        :  27.910641
#===================================================================
#Number of threads                            :  18
