dxf,0,89.187355,12.647453
dzb,0,464.019777,64.631431
dyb,0,111.558399,15.583252
cvx,0,145.129765,20.330631
dyf,0,110.625671,15.488458
dzb2,0,463.478474,64.453159
dxb,0,110.427223,15.386357
cvy,0,340.956274,45.831202
dzf,0,463.203881,64.862114
dxb2,0,110.570987,15.437857
dyb2,0,111.622045,15.606589
cvz,0,169.642698,23.733360
dzb3,0,463.748133,64.655214
dxb3,0,110.301595,15.403076
dyb3,0,111.643473,15.621070
csxxsyyszz,0,214.967152,31.026303
dyf2,0,111.470669,15.603427
dxf2,0,111.224553,15.526160
csxy,0,121.423325,17.008396
dzf2,0,464.716594,64.604081
dyf3,0,111.149773,15.524205
csyz,0,145.808225,20.362812
dxf3,0,110.609032,15.445144
dzf3,0,464.606221,64.390333
csxz,0,144.862885,20.247936
dxf,1,87.919400,12.539010
dzb,1,463.995428,64.715511
dyb,1,111.081328,15.533568
cvx,1,145.245055,20.365802
dyf,1,110.580535,15.495838
dzb2,1,463.461759,64.630986
dxb,1,110.331637,15.422294
cvy,1,145.333826,20.360700
dzf,1,463.343788,64.620638
dxb2,1,110.691930,15.458943
dyb2,1,111.910246,15.662606
cvz,1,169.366435,23.715881
dzb3,1,463.354072,64.630792
dxb3,1,110.312093,15.416976
dyb3,1,112.630381,15.760966
csxxsyyszz,1,214.877955,31.045138
dyf2,1,111.467016,15.609328
dxf2,1,111.050246,15.523939
csxy,1,121.446296,17.026425
dzf2,1,464.983100,64.774963
dyf3,1,111.234163,15.571183
csyz,1,145.461758,20.328527
dxf3,1,110.725531,15.467961
dzf3,1,464.182040,64.536492
csxz,1,144.915331,20.280081
dxf,2,88.542493,12.626036
dzb,2,463.565062,64.674054
dyb,2,110.969182,15.525158
cvx,2,145.269241,20.383769
dyf,2,110.653996,15.503168
dzb2,2,463.853979,64.698401
dxb,2,110.162184,15.394058
cvy,2,145.161900,20.335503
dzf,2,463.133447,64.572255
dxb2,2,110.381801,15.415631
dyb2,2,111.794670,15.628746
cvz,2,169.973316,23.775762
dzb3,2,463.376166,64.590401
dxb3,2,110.288491,15.387706
dyb3,2,111.747931,15.621965
csxxsyyszz,2,214.886999,31.014113
dyf2,2,111.629708,15.610130
dxf2,2,111.205834,15.526007
csxy,2,121.374047,17.002234
dzf2,2,464.479993,64.887031
dyf3,2,111.180769,15.616716
csyz,2,145.579634,20.405288
dxf3,2,110.679976,15.511008
dzf3,2,464.164234,64.844041
csxz,2,144.857940,20.283708
dxf,3,88.122574,12.574479
dzb,3,463.806265,64.699601
dyb,3,111.002833,15.530573
cvx,3,145.041532,20.346391
dyf,3,110.572978,15.505392
dzb2,3,463.563374,64.652758
dxb,3,110.319489,15.421581
cvy,3,145.105058,20.334697
dzf,3,463.797074,64.343115
dxb2,3,110.522179,15.443130
dyb2,3,111.850610,15.651661
cvz,3,169.422517,23.719399
dzb3,3,463.383217,64.668365
dxb3,3,110.688302,15.483143
dyb3,3,111.688250,15.641914
csxxsyyszz,3,214.725854,31.033477
dyf2,3,111.454481,15.615216
dxf2,3,111.088398,15.540455
csxy,3,121.466247,17.034530
dzf2,3,464.015353,64.738106
dyf3,3,111.255145,15.583473
csyz,3,145.504314,20.343754
dxf3,3,110.522956,15.446569
dzf3,3,463.791963,64.708328
csxz,3,144.870876,20.257488
dxf,4,88.065479,12.562296
dzb,4,463.720897,64.695421
dyb,4,111.102380,15.548556
cvx,4,145.230542,20.382785
dyf,4,110.916733,15.546539
dzb2,4,463.559836,64.675194
dxb,4,110.321490,15.425554
cvy,4,145.350332,20.364001
dzf,4,463.523964,64.479546
dxb2,4,110.455539,15.434312
dyb2,4,111.773371,15.639987
cvz,4,169.850427,23.785515
dzb3,4,463.559289,64.675616
dxb3,4,110.255823,15.414280
dyb3,4,111.740126,15.641021
csxxsyyszz,4,215.022762,31.077477
dyf2,4,111.498415,15.619891
dxf2,4,111.153669,15.542332
csxy,4,121.704246,17.059373
dzf2,4,464.066368,64.754062
dyf3,4,111.212155,15.584341
csyz,4,145.541575,20.354781
dxf3,4,110.720129,15.481417
dzf3,4,463.891811,64.740340
csxz,4,144.815982,20.260945
#========================= OptEWE [OpenMP] =========================
#Source type                                  :  Force monopole
#Grid Size                                    :  512 x 512 x 512
#Iterations                                   :  5
#Compute time                                 :  26.092949
#Total effective MLUPS                        :  25.719157
#===================================================================
#Number of threads                            :  16
