dxf,0,133.514528,17.672873
dzb,0,660.316913,85.864263
dyb,0,160.241887,20.981548
cvx,0,208.426472,27.467755
dyf,0,160.891365,21.088934
dzb2,0,659.942049,85.908528
dxb,0,159.039466,20.828243
cvy,0,354.618336,45.512050
dzf,0,659.557094,85.896333
dxb2,0,159.524917,20.889094
dyb2,0,161.058435,21.092108
cvz,0,242.884106,31.945481
dzb3,0,659.357718,85.835829
dxb3,0,159.296395,20.853604
dyb3,0,161.135415,21.118624
csxxsyyszz,0,317.440088,42.527766
dyf2,0,161.169191,21.120579
dxf2,0,159.883722,20.947994
csxy,0,172.212964,22.669881
dzf2,0,660.192247,85.951768
dyf3,0,160.673298,21.059235
csyz,0,206.742206,27.148208
dxf3,0,159.058661,20.845452
dzf3,0,659.608949,85.925165
csxz,0,206.376984,27.107567
dxf,1,132.816135,17.718936
dzb,1,659.551372,86.673380
dyb,1,160.310703,20.995630
cvx,1,208.473892,27.492618
dyf,1,160.601954,21.068720
dzb2,1,659.658480,85.959935
dxb,1,159.214383,20.842868
cvy,1,208.046424,27.394141
dzf,1,659.787075,85.952985
dxb2,1,159.420887,20.885250
dyb2,1,161.089843,21.106104
cvz,1,242.917504,31.961944
dzb3,1,659.238828,85.835810
dxb3,1,159.184728,20.845907
dyb3,1,161.134190,21.253278
csxxsyyszz,1,316.447485,42.422247
dyf2,1,161.256827,21.152221
dxf2,1,159.984997,20.986975
csxy,1,172.193095,22.685203
dzf2,1,659.703824,85.953243
dyf3,1,160.528548,21.041626
csyz,1,206.996485,27.183091
dxf3,1,159.480082,20.901672
dzf3,1,661.136129,86.147382
csxz,1,206.722226,27.162853
dxf,2,132.443513,17.567421
dzb,2,660.042507,85.995710
dyb,2,160.424593,21.003243
cvx,2,208.630073,27.500796
dyf,2,160.841357,21.098141
dzb2,2,659.484824,86.150815
dxb,2,159.051603,20.897133
cvy,2,207.852170,27.440712
dzf,2,659.628538,85.898278
dxb2,2,159.063692,20.833391
dyb2,2,161.216001,21.117812
cvz,2,243.088692,31.975960
dzb3,2,659.467404,85.830030
dxb3,2,159.096083,20.841216
dyb3,2,161.284002,21.118556
csxxsyyszz,2,316.290770,42.351258
dyf2,2,161.624227,21.184672
dxf2,2,160.087124,20.976601
csxy,2,172.361969,22.691230
dzf2,2,659.889531,85.920535
dyf3,2,160.727984,21.056605
csyz,2,206.812839,27.156116
dxf3,2,159.081864,20.849604
dzf3,2,659.930882,85.958491
csxz,2,206.846707,27.154596
dxf,3,132.457278,17.550836
dzb,3,659.482447,85.812158
dyb,3,160.295459,20.980647
cvx,3,208.565067,27.475095
dyf,3,160.848750,21.070193
dzb2,3,659.892258,85.892812
dxb,3,159.097850,20.825513
cvy,3,208.346918,27.426391
dzf,3,660.168087,85.913595
dxb2,3,159.305883,20.854723
dyb2,3,161.361552,21.135145
cvz,3,243.267122,31.980689
dzb3,3,659.719774,85.833308
dxb3,3,159.173361,20.856900
dyb3,3,160.923680,21.073179
csxxsyyszz,3,316.148580,42.322650
dyf2,3,161.119787,21.115464
dxf2,3,160.093383,20.972356
csxy,3,172.361826,22.681676
dzf2,3,659.877017,85.864748
dyf3,3,160.445986,21.021147
csyz,3,206.825731,27.165018
dxf3,3,159.383830,20.874579
dzf3,3,660.052973,85.922543
csxz,3,206.787431,27.176640
dxf,4,132.212561,17.537404
dzb,4,660.540856,86.015613
dyb,4,160.322091,20.997616
cvx,4,208.401793,27.450857
dyf,4,160.609306,21.042173
dzb2,4,660.109490,85.907340
dxb,4,159.166235,20.834341
cvy,4,208.040557,27.386062
dzf,4,658.759269,86.039822
dxb2,4,159.252020,20.977126
dyb2,4,161.276428,21.238275
cvz,4,242.976244,32.074731
dzb3,4,660.382061,85.888321
dxb3,4,159.030005,20.834659
dyb3,4,161.138795,21.112765
csxxsyyszz,4,316.562748,42.387054
dyf2,4,161.542873,21.177601
dxf2,4,160.066762,20.972574
csxy,4,172.359418,22.691142
dzf2,4,660.308469,85.892714
dyf3,4,160.537941,21.044839
csyz,4,206.854031,27.164633
dxf3,4,159.298961,20.876945
dzf3,4,660.634036,85.965127
csxz,4,206.601709,27.129071
#========================= OptEWE [OpenMP] =========================
#Source type                                  :  Force monopole
#Grid Size                                    :  512 x 512 x 512
#Iterations                                   :  5
#Compute time                                 :  37.228001
#Total effective MLUPS                        :  18.026449
#===================================================================
#Number of threads                            :  13
