dxf,0,60.357787,8.417721
dzb,0,260.988233,36.527021
dyb,0,60.935176,8.560655
cvx,0,76.119085,10.818425
dyf,0,60.971009,8.573064
dzb2,0,259.013270,36.341372
dxb,0,59.946101,8.368746
cvy,0,252.381963,32.055862
dzf,0,259.200700,36.336883
dxb2,0,59.981181,8.383107
dyb2,0,60.935842,8.554483
cvz,0,89.202071,12.657626
dzb3,0,261.077854,38.151738
dxb3,0,59.823888,8.779768
dyb3,0,60.799595,8.948327
csxxsyyszz,0,156.210791,23.012049
dyf2,0,60.636300,8.925516
dxf2,0,59.940368,8.792073
csxy,0,61.866965,9.222351
dzf2,0,258.531705,37.984024
dyf3,0,60.273293,8.906594
csyz,0,74.334216,10.960996
dxf3,0,60.643973,8.840815
dzf3,0,258.388694,37.700649
csxz,0,73.959616,10.937641
dxf,1,59.723431,8.698081
dzb,1,260.544397,37.985781
dyb,1,60.374115,8.836531
cvx,1,76.051118,11.251665
dyf,1,60.485751,8.644462
dzb2,1,259.884642,36.476700
dxb,1,59.829445,8.367050
cvy,1,75.866451,10.787322
dzf,1,259.121014,36.360336
dxb2,1,60.021176,8.385055
dyb2,1,61.156110,8.602019
cvz,1,89.184058,12.664258
dzb3,1,261.003144,36.583237
dxb3,1,59.954690,8.394516
dyb3,1,61.077213,8.594194
csxxsyyszz,1,156.599232,22.052987
dyf2,1,60.996267,8.590389
dxf2,1,59.929787,8.396802
csxy,1,62.007924,8.831163
dzf2,1,259.050941,36.368617
dyf3,1,60.809798,8.569645
csyz,1,74.485695,10.584196
dxf3,1,59.966626,8.465739
dzf3,1,258.783075,36.357279
csxz,1,74.077626,10.622341
dxf,2,59.854655,8.374745
dzb,2,261.023845,36.661319
dyb,2,60.879459,8.566083
cvx,2,76.292017,10.864399
dyf,2,60.655897,8.538173
dzb2,2,259.131712,36.459508
dxb,2,59.884107,8.391506
cvy,2,75.824569,10.935109
dzf,2,259.288938,36.393089
dxb2,2,59.933913,8.451050
dyb2,2,61.169942,8.606635
cvz,2,89.277252,12.691595
dzb3,2,261.175229,36.757930
dxb3,2,59.938065,8.404839
dyb3,2,61.123044,8.618955
csxxsyyszz,2,156.684983,22.126795
dyf2,2,60.729701,8.563132
dxf2,2,60.067711,8.427039
csxy,2,61.988135,8.855325
dzf2,2,259.073752,36.397752
dyf3,2,60.609126,8.530856
csyz,2,74.393818,10.564044
dxf3,2,59.799048,8.350300
dzf3,2,258.844408,36.342625
csxz,2,74.149510,10.526913
dxf,3,59.794877,8.353148
dzb,3,261.079927,36.592510
dyb,3,60.930949,8.558218
cvx,3,76.145835,10.840165
dyf,3,60.587240,8.542923
dzb2,3,258.828606,36.346131
dxb,3,59.818769,8.400982
cvy,3,75.841894,10.789617
dzf,3,259.190404,36.396514
dxb2,3,59.946202,8.379078
dyb2,3,61.201913,8.593283
cvz,3,89.210215,12.689417
dzb3,3,261.109911,36.615328
dxb3,3,60.083826,8.410645
dyb3,3,61.079742,8.626180
csxxsyyszz,3,156.845856,22.066003
dyf2,3,61.193006,8.603688
dxf2,3,59.862530,8.460121
csxy,3,61.968200,8.830345
dzf2,3,259.175934,36.439912
dyf3,3,60.415041,8.520713
csyz,3,74.435254,10.558053
dxf3,3,59.945305,8.388412
dzf3,3,258.870736,36.472646
csxz,3,74.210985,10.546626
dxf,4,59.852945,8.406150
dzb,4,261.091951,36.629438
dyb,4,60.879409,8.599339
cvx,4,76.099771,10.828363
dyf,4,60.587171,8.531919
dzb2,4,259.087397,36.747228
dxb,4,59.898321,8.383310
cvy,4,75.946397,10.817060
dzf,4,260.127552,36.564550
dxb2,4,60.008503,8.392721
dyb2,4,61.146389,8.629527
cvz,4,89.102281,12.701603
dzb3,4,261.092797,36.640228
dxb3,4,59.919026,8.380682
dyb3,4,60.961952,8.567121
csxxsyyszz,4,155.604590,22.012598
dyf2,4,62.040589,8.732576
dxf2,4,59.997387,8.406642
csxy,4,61.997907,8.844788
dzf2,4,258.985455,36.464031
dyf3,4,60.362809,8.524299
csyz,4,74.379510,10.572289
dxf3,4,59.890653,8.435377
dzf3,4,258.832442,36.417599
csxz,4,74.156449,10.654196
#========================= OptEWE [OpenMP] =========================
#Source type                                  :  Force monopole
#Grid Size                                    :  512 x 512 x 512
#Iterations                                   :  5
#Compute time                                 :  14.633646
#Total effective MLUPS                        :  45.859292
#===================================================================
#Number of threads                            :  9
