dxf,0,116.365468,17.369271
dzb,0,583.969126,86.333968
dyb,0,138.969250,20.534443
cvx,0,182.730801,27.321978
dyf,0,139.473925,20.645479
dzb2,0,583.197651,86.264027
dxb,0,138.252751,20.457210
cvy,0,276.438554,40.152077
dzf,0,583.552979,86.310725
dxb2,0,138.300635,20.458615
dyb2,0,139.679665,20.665779
cvz,0,213.797778,31.886198
dzb3,0,583.710380,86.329516
dxb3,0,138.220042,20.451382
dyb3,0,139.534822,20.628763
csxxsyyszz,0,278.920160,42.130391
dyf2,0,139.930541,20.718279
dxf2,0,138.819881,20.538277
csxy,0,150.936717,22.509679
dzf2,0,583.689862,86.341448
dyf3,0,139.221026,20.607550
csyz,0,181.503271,26.995263
dxf3,0,138.304916,20.461471
dzf3,0,583.371944,86.277343
csxz,0,181.200420,26.974727
dxf,1,115.435585,17.275872
dzb,1,583.418219,86.297276
dyb,1,139.100681,20.561250
cvx,1,182.343892,27.258429
dyf,1,139.414328,20.622691
dzb2,1,583.002798,86.220132
dxb,1,138.073205,20.431259
cvy,1,182.151546,27.189582
dzf,1,583.145949,86.246785
dxb2,1,138.144165,20.428438
dyb2,1,139.688659,20.642095
cvz,1,213.600469,31.843607
dzb3,1,582.889304,86.192258
dxb3,1,138.078424,20.421922
dyb3,1,139.652132,20.635088
csxxsyyszz,1,278.945161,42.111877
dyf2,1,139.894940,20.700482
dxf2,1,138.712623,20.520055
csxy,1,151.378370,22.671507
dzf2,1,577.747960,86.661443
dyf3,1,138.926223,20.789192
csyz,1,180.864693,27.111815
dxf3,1,138.142231,20.514367
dzf3,1,584.268996,86.411862
csxz,1,181.279629,26.986518
dxf,2,115.570870,17.295378
dzb,2,583.602541,86.294986
dyb,2,139.104118,20.556702
cvx,2,182.728155,27.318727
dyf,2,139.510694,20.642388
dzb2,2,583.174173,86.227782
dxb,2,138.272663,20.463983
cvy,2,182.317491,27.203082
dzf,2,582.892876,86.197278
dxb2,2,138.039616,20.420126
dyb2,2,139.605911,20.637169
cvz,2,213.607967,31.840130
dzb3,2,583.415154,86.275755
dxb3,2,138.081239,20.428995
dyb3,2,139.646267,20.648210
csxxsyyszz,2,278.722986,42.092645
dyf2,2,139.649380,20.661918
dxf2,2,138.703943,20.518895
csxy,2,151.427527,22.566165
dzf2,2,583.260886,86.251321
dyf3,2,139.341539,20.629341
csyz,2,181.653872,27.005627
dxf3,2,138.075746,20.429539
dzf3,2,583.074030,86.240135
csxz,2,181.506335,27.013324
dxf,3,115.524956,17.291716
dzb,3,583.715692,86.309722
dyb,3,139.055073,20.550934
cvx,3,182.658613,27.313170
dyf,3,139.443107,20.627319
dzb2,3,583.104166,86.234625
dxb,3,138.185473,20.450339
cvy,3,182.318685,27.204127
dzf,3,582.992361,86.217231
dxb2,3,138.300448,20.455130
dyb2,3,140.017385,20.699154
cvz,3,213.570757,31.842778
dzb3,3,583.057649,86.207563
dxb3,3,138.329332,20.457179
dyb3,3,139.512291,20.620856
csxxsyyszz,3,278.487936,42.052796
dyf2,3,139.493988,20.635216
dxf2,3,138.642218,20.513725
csxy,3,150.642698,22.458274
dzf2,3,583.195275,86.250591
dyf3,3,139.362768,20.626060
csyz,3,181.706352,27.017773
dxf3,3,138.394318,20.481864
dzf3,3,583.356046,86.267637
csxz,3,181.206388,26.976481
dxf,4,115.256816,17.261185
dzb,4,583.477884,86.281291
dyb,4,138.900092,20.536378
cvx,4,182.559802,27.286613
dyf,4,139.741811,20.674230
dzb2,4,583.238710,86.254024
dxb,4,138.249076,20.460616
cvy,4,182.083039,27.172924
dzf,4,583.096844,86.222329
dxb2,4,138.332936,20.461170
dyb2,4,140.263337,20.729464
cvz,4,213.542495,31.830246
dzb3,4,582.710888,86.166998
dxb3,4,137.973572,20.412768
dyb3,4,139.391846,20.608120
csxxsyyszz,4,279.029354,42.136038
dyf2,4,139.585627,20.648525
dxf2,4,138.464501,20.485575
csxy,4,151.103417,22.520581
dzf2,4,583.112028,86.217970
dyf3,4,139.541236,20.650618
csyz,4,181.811503,27.022727
dxf3,4,138.320891,20.455313
dzf3,4,583.399367,86.256342
csxz,4,181.252459,26.972821
#========================= OptEWE [OpenMP] =========================
#Source type                                  :  Force monopole
#Grid Size                                    :  512 x 512 x 512
#Iterations                                   :  5
#Compute time                                 :  32.664677
#Total effective MLUPS                        :  20.544781
#===================================================================
#Number of threads                            :  12
