dxf,0,55.308881,8.106390
dzb,0,281.252707,40.364110
dyb,0,64.714532,9.415351
cvx,0,95.424899,13.556730
dyf,0,63.695543,9.262679
dzb2,0,281.717272,40.457785
dxb,0,55.744143,8.206980
cvy,0,316.741236,41.041272
dzf,0,281.683373,40.356741
dxb2,0,55.872570,8.185944
dyb2,0,63.670549,9.261493
cvz,0,95.058577,13.768059
dzb3,0,284.362036,40.758475
dxb3,0,55.630388,8.129356
dyb3,0,63.661499,9.275847
csxxsyyszz,0,260.298465,35.745461
dyf2,0,63.587326,9.236181
dxf2,0,57.799975,8.449817
csxy,0,50.850218,7.732167
dzf2,0,280.905714,40.315946
dyf3,0,62.958931,9.137038
csyz,0,58.479847,8.913181
dxf3,0,54.943008,8.085329
dzf3,0,281.455426,40.407749
csxz,0,58.026933,8.857690
dxf,1,54.963174,8.117742
dzb,1,281.243043,40.616016
dyb,1,63.349205,9.259704
cvx,1,95.332495,13.554782
dyf,1,63.692445,9.262474
dzb2,1,281.527283,40.472157
dxb,1,55.783626,8.177806
cvy,1,93.627433,13.356815
dzf,1,281.372061,40.421009
dxb2,1,55.854122,8.226234
dyb2,1,63.848201,9.306366
cvz,1,95.027730,13.805594
dzb3,1,286.143383,41.132738
dxb3,1,55.405377,8.152488
dyb3,1,63.386521,9.304653
csxxsyyszz,1,256.006923,35.302039
dyf2,1,63.124498,9.249681
dxf2,1,57.642088,8.438582
csxy,1,50.925970,7.749316
dzf2,1,280.597392,40.311123
dyf3,1,62.847581,9.149233
csyz,1,58.504961,8.919325
dxf3,1,54.943441,8.089072
dzf3,1,280.616703,40.308051
csxz,1,58.067365,8.882371
dxf,2,55.087756,8.159994
dzb,2,281.155990,40.486710
dyb,2,63.565097,9.273781
cvx,2,95.269877,13.579763
dyf,2,63.757907,9.294431
dzb2,2,281.809664,40.600133
dxb,2,55.761225,8.211818
cvy,2,93.622520,13.450106
dzf,2,281.606318,41.278460
dxb2,2,55.754706,8.501370
dyb2,2,63.203876,9.565663
cvz,2,94.731761,14.286363
dzb3,2,283.238069,42.252783
dxb3,2,55.476585,8.469668
dyb3,2,63.452612,9.600868
csxxsyyszz,2,259.641059,36.986664
dyf2,2,63.714613,9.270844
dxf2,2,57.765769,8.449467
csxy,2,50.883149,7.768976
dzf2,2,280.137150,40.269963
dyf3,2,62.748274,9.161125
csyz,2,58.620239,8.950211
dxf3,2,54.761746,8.072101
dzf3,2,280.233218,40.316566
csxz,2,57.964191,8.883380
dxf,3,55.216057,8.141462
dzb,3,280.675496,40.362156
dyb,3,63.352465,9.221804
cvx,3,95.234944,13.553061
dyf,3,63.467791,9.238469
dzb2,3,281.159899,40.416114
dxb,3,55.646604,8.171630
cvy,3,93.521551,13.354631
dzf,3,281.231220,40.433446
dxb2,3,55.874820,8.205634
dyb2,3,63.964630,9.304393
cvz,3,95.090238,13.782570
dzb3,3,284.586956,40.838476
dxb3,3,55.685521,8.170995
dyb3,3,63.547006,9.276152
csxxsyyszz,3,255.968071,35.233830
dyf2,3,63.533969,9.248713
dxf2,3,57.700051,8.447067
csxy,3,50.884410,7.747518
dzf2,3,280.503444,40.321747
dyf3,3,62.808923,9.154891
csyz,3,58.492301,8.921782
dxf3,3,55.005831,8.089234
dzf3,3,280.227855,40.303994
csxz,3,58.159198,8.878365
dxf,4,55.263603,8.163985
dzb,4,281.195834,40.487728
dyb,4,64.107819,9.321617
cvx,4,95.454262,13.572710
dyf,4,63.611595,9.270166
dzb2,4,281.840153,40.535061
dxb,4,55.792565,8.198570
cvy,4,93.711507,13.398526
dzf,4,281.467712,40.410010
dxb2,4,55.846277,8.222507
dyb2,4,63.528615,9.254775
cvz,4,95.008430,13.772916
dzb3,4,284.284588,40.806641
dxb3,4,55.578646,8.167379
dyb3,4,63.754844,9.332483
csxxsyyszz,4,260.158305,35.741232
dyf2,4,63.481621,9.294075
dxf2,4,57.648539,8.447343
csxy,4,50.968147,7.767496
dzf2,4,281.885024,40.477394
dyf3,4,62.789827,9.158607
csyz,4,58.523138,8.921121
dxf3,4,54.963975,8.087556
dzf3,4,280.481482,40.352159
csxz,4,57.991408,8.909318
#========================= OptEWE [OpenMP] =========================
#Source type                                  :  Force monopole
#Grid Size                                    :  512 x 512 x 512
#Iterations                                   :  5
#Compute time                                 :  15.802934
#Total effective MLUPS                        :  42.466079
#===================================================================
#Number of threads                            :  7
