dxf,0,48.131429,8.399536
dzb,0,183.250527,33.230625
dyb,0,48.538863,8.514202
cvx,0,57.870194,10.579578
dyf,0,49.069004,8.918893
dzb2,0,182.217716,34.390498
dxb,0,47.761191,8.703624
cvy,0,200.147469,32.855891
dzf,0,181.586521,34.430862
dxb2,0,47.502714,8.639677
dyb2,0,48.917124,8.945597
cvz,0,67.330624,12.823190
dzb3,0,182.941636,34.619094
dxb3,0,48.336400,8.746955
dyb3,0,48.918301,8.857514
csxxsyyszz,0,133.928564,24.025544
dyf2,0,48.835482,8.863151
dxf2,0,48.095182,8.697532
csxy,0,47.485886,8.885069
dzf2,0,183.652531,34.227991
dyf3,0,48.267433,8.780208
csyz,0,56.043022,10.511086
dxf3,0,47.758950,8.647050
dzf3,0,183.459754,34.216483
csxz,0,55.953537,10.521596
dxf,1,47.729979,8.523332
dzb,1,183.074686,33.272091
dyb,1,48.783353,8.594163
cvx,1,57.805507,10.520602
dyf,1,48.837022,8.632920
dzb2,1,182.586928,33.229207
dxb,1,47.804245,8.399035
cvy,1,57.587687,10.486937
dzf,1,182.092312,33.121007
dxb2,1,47.505457,8.347993
dyb2,1,48.973100,8.639589
cvz,1,66.093471,12.129002
dzb3,1,183.343393,33.354003
dxb3,1,48.597466,8.507229
dyb3,1,48.914921,8.611594
csxxsyyszz,1,134.208754,23.452856
dyf2,1,48.881302,8.624739
dxf2,1,48.251058,8.471921
csxy,1,47.477810,8.654284
dzf2,1,183.940020,33.434826
dyf3,1,48.242953,8.543586
csyz,1,56.098425,10.256944
dxf3,1,47.745230,8.403404
dzf3,1,182.710027,33.265512
csxz,1,55.965328,10.242759
dxf,2,47.738985,8.412778
dzb,2,183.013248,33.309770
dyb,2,48.540086,8.560287
cvx,2,57.931344,10.545468
dyf,2,48.753764,8.615156
dzb2,2,182.620841,33.282151
dxb,2,47.795561,8.403240
cvy,2,57.525442,10.477796
dzf,2,181.966765,33.151758
dxb2,2,47.598262,8.368551
dyb2,2,48.988232,8.643238
cvz,2,66.145028,12.137248
dzb3,2,183.313725,33.330150
dxb3,2,48.547207,8.502315
dyb3,2,48.920767,8.620328
csxxsyyszz,2,134.217722,23.447021
dyf2,2,48.999637,8.692658
dxf2,2,48.211635,8.467048
csxy,2,47.527299,8.667185
dzf2,2,183.948592,33.435017
dyf3,2,48.222909,8.535214
csyz,2,56.007028,10.242526
dxf3,2,47.820963,8.432104
dzf3,2,182.594500,33.238648
csxz,2,56.069754,10.250372
dxf,3,47.742577,8.407078
dzb,3,183.181716,33.325580
dyb,3,48.577623,8.576258
cvx,3,57.787662,10.526781
dyf,3,48.801858,8.627558
dzb2,3,182.639999,33.280307
dxb,3,47.807402,8.402151
cvy,3,57.547080,10.480274
dzf,3,182.060696,33.171656
dxb2,3,47.518237,8.354360
dyb2,3,48.903813,8.626755
cvz,3,66.167023,12.139702
dzb3,3,183.176734,33.284944
dxb3,3,48.451292,8.496539
dyb3,3,48.825993,8.603140
csxxsyyszz,3,133.991004,23.398178
dyf2,3,48.835779,8.642834
dxf2,3,48.167134,8.482714
csxy,3,47.584944,8.674662
dzf2,3,184.119793,33.416009
dyf3,3,48.460052,8.618014
csyz,3,56.037521,10.365854
dxf3,3,47.886224,8.425043
dzf3,3,182.618034,33.231147
csxz,3,55.873406,10.268208
dxf,4,47.760478,8.416078
dzb,4,183.102535,33.277648
dyb,4,48.348164,8.574184
cvx,4,57.787910,10.527684
dyf,4,48.613227,8.590929
dzb2,4,182.715989,33.244875
dxb,4,47.834488,8.451573
cvy,4,57.562396,10.486722
dzf,4,181.931146,33.111343
dxb2,4,47.451036,8.392175
dyb2,4,49.039738,8.660682
cvz,4,66.133962,12.142146
dzb3,4,183.240749,33.335453
dxb3,4,48.492226,8.510992
dyb3,4,48.922151,8.612378
csxxsyyszz,4,134.131554,23.423215
dyf2,4,48.923596,8.636849
dxf2,4,47.998722,8.493325
csxy,4,47.511157,8.686179
dzf2,4,184.029052,33.405848
dyf3,4,48.308694,8.591701
csyz,4,56.026066,10.265327
dxf3,4,47.812590,8.418797
dzf3,4,182.637930,33.198289
csxz,4,56.057535,10.358316
#========================= OptEWE [OpenMP] =========================
#Source type                                  :  Force monopole
#Grid Size                                    :  512 x 512 x 512
#Iterations                                   :  5
#Compute time                                 :  10.907812
#Total effective MLUPS                        :  61.523670
#===================================================================
#Number of threads                            :  10
