dxf,0,96.855342,15.274112
dzb,0,495.302812,76.758978
dyb,0,116.525897,18.108790
cvx,0,154.710990,24.146195
dyf,0,116.861617,18.190302
dzb2,0,495.205892,76.789668
dxb,0,116.247078,18.051668
cvy,0,284.120327,42.273453
dzf,0,494.596965,76.697055
dxb2,0,115.476628,17.944648
dyb2,0,116.914648,18.178122
cvz,0,180.743371,28.187648
dzb3,0,494.414757,76.691602
dxb3,0,115.538121,17.964202
dyb3,0,116.816295,18.172606
csxxsyyszz,0,237.756265,38.001334
dyf2,0,117.208314,18.234880
dxf2,0,115.922173,18.019457
csxy,0,127.710810,19.924000
dzf2,0,494.854351,76.741831
dyf3,0,116.790536,18.176269
csyz,0,153.716756,23.927872
dxf3,0,115.553759,17.968239
dzf3,0,495.455395,76.836831
csxz,0,153.596076,23.920235
dxf,1,95.951468,15.178879
dzb,1,494.976251,76.804769
dyb,1,116.654655,18.147584
cvx,1,154.748280,24.156231
dyf,1,116.820669,18.187641
dzb2,1,494.892637,76.767100
dxb,1,115.654704,17.973185
cvy,1,154.489401,24.098365
dzf,1,494.833810,76.769323
dxb2,1,115.498048,17.956984
dyb2,1,116.868874,18.180661
cvz,1,180.673288,28.187390
dzb3,1,494.784320,76.752667
dxb3,1,115.442249,17.939059
dyb3,1,116.868089,18.174721
csxxsyyszz,1,237.437194,37.940650
dyf2,1,117.182655,18.238027
dxf2,1,115.810143,18.007239
csxy,1,127.744186,19.929578
dzf2,1,494.954818,76.778118
dyf3,1,116.859156,18.188186
csyz,1,153.908281,23.966125
dxf3,1,115.686455,17.990356
dzf3,1,495.553926,76.869685
csxz,1,153.618331,23.933983
dxf,2,96.056837,15.182248
dzb,2,495.818943,76.928252
dyb,2,116.679637,18.137379
cvx,2,154.591580,24.139326
dyf,2,116.814345,18.196804
dzb2,2,495.220638,76.815121
dxb,2,115.638756,17.969966
cvy,2,154.280153,24.062140
dzf,2,494.631634,76.725866
dxb2,2,115.739490,17.988587
dyb2,2,117.488629,18.276146
cvz,2,180.926035,28.211413
dzb3,2,495.467933,76.846003
dxb3,2,115.469874,17.946436
dyb3,2,116.906350,18.174479
csxxsyyszz,2,237.622165,37.977166
dyf2,2,117.131182,18.228417
dxf2,2,115.912400,18.024625
csxy,2,127.637992,19.916721
dzf2,2,495.085174,76.796226
dyf3,2,116.582995,18.150762
csyz,2,154.069372,23.983959
dxf3,2,115.581153,17.970399
dzf3,2,495.342355,76.844590
csxz,2,153.424167,23.905712
dxf,3,96.009895,15.177033
dzb,3,495.057952,76.789513
dyb,3,116.525940,18.122622
cvx,3,154.357219,24.103596
dyf,3,116.979830,18.216262
dzb2,3,494.951534,76.763389
dxb,3,115.561658,17.954898
cvy,3,154.488275,24.087791
dzf,3,494.772549,76.731514
dxb2,3,115.570922,17.962635
dyb2,3,116.864568,18.181106
cvz,3,181.087160,28.229558
dzb3,3,494.235540,76.814265
dxb3,3,115.338235,18.005087
dyb3,3,116.926823,18.261517
csxxsyyszz,3,236.444515,37.959278
dyf2,3,117.047113,18.309758
dxf2,3,115.972016,18.024603
csxy,3,127.747043,19.931138
dzf2,3,494.982167,76.742318
dyf3,3,116.507034,18.127210
csyz,3,154.129989,23.985738
dxf3,3,115.778092,17.996442
dzf3,3,495.794673,76.908526
csxz,3,153.709698,23.938673
dxf,4,95.901120,15.164117
dzb,4,495.613465,76.878422
dyb,4,116.493250,18.116181
cvx,4,154.897011,24.188136
dyf,4,116.800636,18.185883
dzb2,4,495.215953,76.816013
dxb,4,115.476517,17.961409
cvy,4,154.290808,24.070602
dzf,4,495.015742,76.796038
dxb2,4,115.367209,17.930480
dyb2,4,116.907195,18.188604
cvz,4,180.573845,28.172620
dzb3,4,494.761439,76.766574
dxb3,4,115.393629,17.938038
dyb3,4,116.956281,18.195869
csxxsyyszz,4,237.509616,37.973215
dyf2,4,117.160273,18.234667
dxf2,4,115.911251,18.020855
csxy,4,127.842662,19.945313
dzf2,4,495.246018,76.822172
dyf3,4,116.685515,18.166105
csyz,4,153.905909,23.965880
dxf3,4,115.516643,17.962467
dzf3,4,494.646356,76.747721
csxz,4,153.525769,23.929819
#========================= OptEWE [OpenMP] =========================
#Source type                                  :  Force monopole
#Grid Size                                    :  512 x 512 x 512
#Iterations                                   :  5
#Compute time                                 :  27.671885
#Total effective MLUPS                        :  24.251642
#===================================================================
#Number of threads                            :  12
