dxf,0,54.477579,7.651789
dzb,0,269.813270,37.126703
dyb,0,61.689219,8.586429
cvx,0,90.306539,12.329419
dyf,0,61.600196,8.579049
dzb2,0,270.295827,37.193748
dxb,0,54.579669,7.654311
cvy,0,308.925729,38.168645
dzf,0,269.641705,37.037924
dxb2,0,54.608276,7.657835
dyb2,0,62.000107,8.617046
cvz,0,92.116500,12.773937
dzb3,0,270.511099,37.168547
dxb3,0,55.003275,7.685742
dyb3,0,62.152724,8.645905
csxxsyyszz,0,244.349782,32.265345
dyf2,0,61.705197,8.572982
dxf2,0,55.000053,7.763933
csxy,0,51.885871,7.497508
dzf2,0,270.007724,37.173089
dyf3,0,61.370703,8.529432
csyz,0,62.727698,8.996646
dxf3,0,53.844142,7.560574
dzf3,0,270.200853,37.204521
csxz,0,60.045409,8.677167
dxf,1,54.634183,7.659151
dzb,1,270.722492,37.218494
dyb,1,61.888160,8.606383
cvx,1,90.457372,12.346325
dyf,1,61.468821,8.543678
dzb2,1,272.393592,37.412240
dxb,1,54.495610,7.633156
cvy,1,90.310522,12.306772
dzf,1,270.050928,37.125548
dxb2,1,54.952499,7.685254
dyb2,1,62.013498,8.660330
cvz,1,92.180508,12.785142
dzb3,1,270.558483,37.168717
dxb3,1,54.876783,7.680912
dyb3,1,61.882275,8.624473
csxxsyyszz,1,242.389470,31.972561
dyf2,1,61.717370,8.566224
dxf2,1,55.014065,7.694006
csxy,1,51.903831,7.499614
dzf2,1,270.235332,37.089177
dyf3,1,61.177502,8.532926
csyz,1,62.972679,9.043713
dxf3,1,53.967383,7.566472
dzf3,1,271.518910,37.328255
csxz,1,60.113410,8.679237
dxf,2,54.345615,7.612753
dzb,2,270.744099,37.195958
dyb,2,61.784910,8.582095
cvx,2,90.475454,12.325928
dyf,2,61.430112,8.545733
dzb2,2,271.188845,37.267729
dxb,2,54.674705,7.672032
cvy,2,90.239884,12.302540
dzf,2,269.781776,37.079190
dxb2,2,55.052667,7.689867
dyb2,2,61.724775,8.597624
cvz,2,92.314029,12.822197
dzb3,2,270.616435,37.144841
dxb3,2,54.747712,7.694742
dyb3,2,62.120464,8.638384
csxxsyyszz,2,244.239281,32.191183
dyf2,2,61.327375,8.516596
dxf2,2,55.020810,7.708222
csxy,2,51.825277,7.492297
dzf2,2,270.095135,37.116979
dyf3,2,61.584741,8.567977
csyz,2,62.668855,8.990410
dxf3,2,54.101880,7.613511
dzf3,2,270.332847,37.174865
csxz,2,59.965132,8.732545
dxf,3,54.095910,7.584898
dzb,3,270.810769,37.251041
dyb,3,61.648262,8.573022
cvx,3,90.494742,12.336548
dyf,3,61.609472,8.564817
dzb2,3,271.273530,37.296011
dxb,3,54.701020,7.665469
cvy,3,90.208791,12.323918
dzf,3,269.683984,37.054305
dxb2,3,54.955352,7.694730
dyb2,3,62.015216,8.635740
cvz,3,92.217439,12.788302
dzb3,3,270.589501,37.144999
dxb3,3,54.883419,7.692499
dyb3,3,61.836324,8.694261
csxxsyyszz,3,243.880976,32.165660
dyf2,3,61.370585,8.563145
dxf2,3,55.220585,7.754617
csxy,3,51.928480,7.504645
dzf2,3,270.450410,37.194512
dyf3,3,61.601416,8.569563
csyz,3,62.634960,8.989829
dxf3,3,53.960890,7.573533
dzf3,3,270.095117,37.189962
csxz,3,60.106134,8.669946
dxf,4,54.357344,7.661473
dzb,4,271.016213,37.255421
dyb,4,61.538341,8.587285
cvx,4,90.490488,12.349246
dyf,4,61.409143,8.550126
dzb2,4,271.199907,37.296940
dxb,4,54.603068,7.660274
cvy,4,90.227466,12.322301
dzf,4,269.678163,37.097912
dxb2,4,54.885006,7.709138
dyb2,4,61.826194,8.630274
cvz,4,92.164085,12.792056
dzb3,4,270.450842,37.238569
dxb3,4,56.604516,7.896940
dyb3,4,62.130696,8.634710
csxxsyyszz,4,244.361194,32.224759
dyf2,4,61.296936,8.528422
dxf2,4,55.215205,7.731218
csxy,4,51.809722,7.519130
dzf2,4,270.147457,37.115355
dyf3,4,61.489967,8.585902
csyz,4,62.620459,8.987259
dxf3,4,53.911623,7.568702
dzf3,4,270.269975,37.184602
csxz,4,60.103912,8.707554
#========================= OptEWE [OpenMP] =========================
#Source type                                  :  Force monopole
#Grid Size                                    :  512 x 512 x 512
#Iterations                                   :  5
#Compute time                                 :  15.281714
#Total effective MLUPS                        :  43.914486
#===================================================================
#Number of threads                            :  7
