dxf,0,92.944214,13.177561
dzb,0,481.755026,66.975043
dyb,0,115.359604,16.066906
cvx,0,150.891971,21.112839
dyf,0,114.968862,16.068137
dzb2,0,482.048110,66.672281
dxb,0,115.251329,16.070788
cvy,0,333.312738,44.859043
dzf,0,481.267332,67.239297
dxb2,0,114.661859,16.035609
dyb2,0,116.127586,16.251096
cvz,0,175.771509,24.564937
dzb3,0,482.046059,66.605642
dxb3,0,114.703581,15.981496
dyb3,0,116.267010,16.228485
csxxsyyszz,0,222.268389,32.012477
dyf2,0,116.028044,16.213198
dxf2,0,116.249785,16.209209
csxy,0,126.105551,17.652683
dzf2,0,480.882121,66.945000
dyf3,0,115.658346,16.168814
csyz,0,150.790330,21.042567
dxf3,0,115.518054,16.101933
dzf3,0,482.042331,66.903913
csxz,0,150.280281,20.986468
dxf,1,91.872663,13.059625
dzb,1,481.217662,66.989881
dyb,1,115.481113,16.115907
cvx,1,150.553373,21.081929
dyf,1,114.990960,16.066145
dzb2,1,481.599864,66.880185
dxb,1,114.771386,15.985131
cvy,1,150.532638,21.059590
dzf,1,480.751704,66.896673
dxb2,1,115.018429,16.031676
dyb2,1,116.170355,16.221393
cvz,1,175.657213,24.556530
dzb3,1,481.661868,66.684239
dxb3,1,114.733396,15.978232
dyb3,1,116.218396,16.223792
csxxsyyszz,1,222.051773,31.967772
dyf2,1,116.037391,16.210693
dxf2,1,115.518940,16.097490
csxy,1,125.903455,17.613100
dzf2,1,481.149884,66.954545
dyf3,1,115.686090,16.157737
csyz,1,150.705835,21.031891
dxf3,1,115.103282,16.046209
dzf3,1,481.710592,66.988563
csxz,1,150.074895,20.952232
dxf,2,91.722530,13.040379
dzb,2,481.364791,67.000396
dyb,2,115.289358,16.089024
cvx,2,150.341196,21.064087
dyf,2,115.016045,16.083937
dzb2,2,481.817595,67.067910
dxb,2,114.691498,15.992419
cvy,2,150.659465,21.090342
dzf,2,480.806962,66.926432
dxb2,2,114.850709,16.018084
dyb2,2,116.220193,16.231676
cvz,2,175.816029,24.579850
dzb3,2,481.798144,66.885276
dxb3,2,114.861171,16.009023
dyb3,2,115.997378,16.197868
csxxsyyszz,2,222.019242,31.986876
dyf2,2,116.149727,16.237215
dxf2,2,115.587352,16.124559
csxy,2,126.104273,17.649425
dzf2,2,481.647338,67.040845
dyf3,2,115.656753,16.153393
csyz,2,150.792127,21.046662
dxf3,2,115.143878,16.058019
dzf3,2,481.329080,67.005516
csxz,2,150.104796,20.956283
dxf,3,91.895525,13.051758
dzb,3,481.513380,66.998896
dyb,3,115.399744,16.114292
cvx,3,150.566522,21.092809
dyf,3,115.018437,16.090170
dzb2,3,481.091071,66.958064
dxb,3,114.840776,16.012739
cvy,3,150.289133,21.037883
dzf,3,481.144675,66.965774
dxb2,3,114.980970,16.031172
dyb2,3,116.211641,16.229251
cvz,3,175.880006,24.589043
dzb3,3,481.149870,66.982062
dxb3,3,114.794899,16.006961
dyb3,3,116.354782,16.246652
csxxsyyszz,3,222.357542,32.009559
dyf2,3,116.026234,16.213682
dxf2,3,115.620079,16.126159
csxy,3,126.086713,17.646106
dzf2,3,482.236358,66.527194
dyf3,3,115.653743,16.154455
csyz,3,150.922534,21.057292
dxf3,3,115.024438,16.042714
dzf3,3,482.139207,67.109119
csxz,3,150.049041,20.955409
dxf,4,91.834369,13.047392
dzb,4,482.143296,66.639997
dyb,4,115.307928,16.083977
cvx,4,150.606558,21.088385
dyf,4,115.134828,16.088616
dzb2,4,481.465730,67.018931
dxb,4,114.875167,16.019267
cvy,4,150.477760,21.053892
dzf,4,482.231573,66.559289
dxb2,4,115.367353,16.078831
dyb2,4,116.090908,16.206241
cvz,4,175.831965,24.582823
dzb3,4,480.906255,66.937011
dxb3,4,115.277854,16.081753
dyb3,4,116.160518,16.228141
csxxsyyszz,4,222.360342,32.036640
dyf2,4,116.093525,16.234892
dxf2,4,115.455162,16.120180
csxy,4,126.056146,17.653400
dzf2,4,481.409970,66.604388
dyf3,4,115.563660,16.165331
csyz,4,150.919175,21.185154
dxf3,4,115.023827,16.048158
dzf3,4,481.851350,67.335482
csxz,4,150.122368,21.041855
#========================= OptEWE [OpenMP] =========================
#Source type                                  :  Force monopole
#Grid Size                                    :  512 x 512 x 512
#Iterations                                   :  5
#Compute time                                 :  27.070589
#Total effective MLUPS                        :  24.790323
#===================================================================
#Number of threads                            :  16
