dxf,0,62.331906,8.277726
dzb,0,352.271037,45.258120
dyb,0,74.007152,9.719038
cvx,0,118.704977,15.148486
dyf,0,73.677872,9.661379
dzb2,0,354.037563,45.463494
dxb,0,63.800632,8.466344
cvy,0,392.113714,46.231226
dzf,0,350.156280,44.894486
dxb2,0,63.774046,8.454967
dyb2,0,74.432101,9.759542
cvz,0,118.203493,15.311292
dzb3,0,350.752413,45.065207
dxb3,0,64.055205,8.501630
dyb3,0,74.330199,9.731999
csxxsyyszz,0,320.536568,39.766940
dyf2,0,73.649517,9.691294
dxf2,0,70.385027,9.215917
csxy,0,54.462164,7.525625
dzf2,0,350.976126,45.057182
dyf3,0,74.219083,9.719526
csyz,0,63.193734,8.743217
dxf3,0,61.930970,8.257462
dzf3,0,350.623556,45.023500
csxz,0,62.703760,8.670387
dxf,1,62.057477,8.262735
dzb,1,351.836875,45.173661
dyb,1,73.857270,9.738327
cvx,1,118.806439,15.140890
dyf,1,73.766614,9.679901
dzb2,1,354.203807,45.504741
dxb,1,63.836467,8.514557
cvy,1,116.864371,14.929547
dzf,1,350.295572,45.037112
dxb2,1,63.950381,8.485354
dyb2,1,74.823838,9.835150
cvz,1,118.076539,15.319447
dzb3,1,350.945144,45.098444
dxb3,1,64.200964,8.499089
dyb3,1,74.395753,9.789404
csxxsyyszz,1,320.380889,39.856202
dyf2,1,73.852490,9.674430
dxf2,1,70.388143,9.213881
csxy,1,54.427526,7.524970
dzf2,1,351.169976,45.072491
dyf3,1,74.213395,9.715241
csyz,1,63.274994,8.727447
dxf3,1,61.596131,8.212939
dzf3,1,350.963768,45.038397
csxz,1,62.918800,8.700367
dxf,2,61.959216,8.255328
dzb,2,352.057064,45.207880
dyb,2,74.678016,9.774590
cvx,2,118.756849,15.139519
dyf,2,73.852617,9.696725
dzb2,2,354.102573,45.518467
dxb,2,63.821144,8.471275
cvy,2,116.763774,14.905687
dzf,2,351.934105,45.215431
dxb2,2,63.931124,8.491528
dyb2,2,74.316726,9.772527
cvz,2,118.197558,15.324559
dzb3,2,350.819707,45.086436
dxb3,2,64.153133,8.508795
dyb3,2,74.682548,9.827142
csxxsyyszz,2,320.375257,39.854134
dyf2,2,73.876846,9.688209
dxf2,2,70.437447,9.218990
csxy,2,54.405880,7.533028
dzf2,2,351.168392,45.179727
dyf3,2,73.622014,9.655650
csyz,2,63.300549,8.745579
dxf3,2,63.067941,8.389249
dzf3,2,351.143572,45.107897
csxz,2,62.773633,8.699297
dxf,3,61.904773,8.260971
dzb,3,352.177557,45.232928
dyb,3,74.657356,9.784902
cvx,3,118.801823,15.141787
dyf,3,74.526952,9.775533
dzb2,3,353.971795,45.481386
dxb,3,63.869460,8.464668
cvy,3,116.685769,14.963590
dzf,3,350.186182,45.035484
dxb2,3,63.876411,8.461045
dyb2,3,74.716011,9.789272
cvz,3,119.054495,15.730813
dzb3,3,349.385783,47.134978
dxb3,3,65.366225,9.056515
dyb3,3,73.844922,10.116754
csxxsyyszz,3,316.320642,41.123175
dyf2,3,73.682169,10.102439
dxf2,3,70.191596,9.544716
csxy,3,54.389126,7.546977
dzf2,3,351.226778,45.146694
dyf3,3,74.135490,9.740159
csyz,3,63.308064,8.750757
dxf3,3,61.392375,8.248138
dzf3,3,350.803787,45.140075
csxz,3,62.659160,8.700077
dxf,4,62.306667,8.306622
dzb,4,352.036998,45.274045
dyb,4,74.049475,9.719359
cvx,4,118.779738,15.179679
dyf,4,73.838295,9.699644
dzb2,4,354.014281,45.509977
dxb,4,63.995907,8.497302
cvy,4,116.757291,14.976596
dzf,4,350.107325,45.013158
dxb2,4,63.780909,8.473661
dyb2,4,74.252589,9.747362
cvz,4,118.421263,15.369106
dzb3,4,350.828488,45.108121
dxb3,4,64.120768,8.510089
dyb3,4,73.957332,9.697901
csxxsyyszz,4,316.835887,39.409576
dyf2,4,73.923008,9.702025
dxf2,4,70.465052,9.244256
csxy,4,54.449269,7.528705
dzf2,4,350.977049,45.089831
dyf3,4,73.549469,9.670897
csyz,4,63.348157,8.753619
dxf3,4,61.488554,8.215676
dzf3,4,352.176581,45.250710
csxz,4,62.830041,8.726165
#========================= OptEWE [OpenMP] =========================
#Source type                                  :  Force monopole
#Grid Size                                    :  512 x 512 x 512
#Iterations                                   :  5
#Compute time                                 :  19.245537
#Total effective MLUPS                        :  34.869832
#===================================================================
#Number of threads                            :  7
