dxf,0,55.921859,7.707651
dzb,0,254.828124,34.813154
dyb,0,60.133506,8.270175
cvx,0,78.558910,10.790189
dyf,0,59.885645,8.236608
dzb2,0,255.343822,34.893676
dxb,0,55.422112,7.617745
cvy,0,276.997824,34.007460
dzf,0,255.489915,34.895373
dxb2,0,55.081002,7.587166
dyb2,0,60.236535,8.289203
cvz,0,81.813135,11.451621
dzb3,0,255.229306,34.851462
dxb3,0,55.494667,7.668852
dyb3,0,60.231338,8.282537
csxxsyyszz,0,209.800903,27.693221
dyf2,0,60.225719,8.313699
dxf2,0,55.817306,7.683815
csxy,0,56.548758,7.942053
dzf2,0,253.572101,34.672628
dyf3,0,59.175768,8.163345
csyz,0,65.581693,9.208110
dxf3,0,55.285081,7.613459
dzf3,0,252.827260,34.585449
csxz,0,65.337942,9.169010
dxf,1,55.429802,7.638494
dzb,1,254.584941,34.799076
dyb,1,59.745574,8.261295
cvx,1,80.414599,11.012264
dyf,1,60.277840,8.291241
dzb2,1,255.234187,34.871618
dxb,1,55.460882,7.620884
cvy,1,76.595449,10.544149
dzf,1,254.967553,34.835315
dxb2,1,55.172262,7.592719
dyb2,1,60.244130,8.311503
cvz,1,81.945948,11.470828
dzb3,1,254.334735,34.754692
dxb3,1,55.362987,7.612289
dyb3,1,60.091587,8.260776
csxxsyyszz,1,209.822451,27.741436
dyf2,1,60.332601,8.286731
dxf2,1,55.906998,7.690400
csxy,1,56.476761,7.930238
dzf2,1,253.315851,34.656464
dyf3,1,59.241668,8.157019
csyz,1,65.661620,9.214677
dxf3,1,55.267683,7.626698
dzf3,1,252.838180,34.559818
csxz,1,65.223348,9.182133
dxf,2,55.558961,7.647520
dzb,2,254.572872,34.820049
dyb,2,59.947743,8.235444
cvx,2,78.695717,10.795699
dyf,2,59.635357,8.219536
dzb2,2,255.301139,34.899143
dxb,2,55.338441,7.616074
cvy,2,76.613752,10.553053
dzf,2,255.273949,34.855695
dxb2,2,55.298232,7.629701
dyb2,2,60.124197,8.285260
cvz,2,81.925971,11.430277
dzb3,2,254.291153,34.782137
dxb3,2,55.209048,7.591002
dyb3,2,60.326599,8.296123
csxxsyyszz,2,209.913298,27.732182
dyf2,2,59.732682,8.223525
dxf2,2,55.876476,7.698577
csxy,2,56.445621,7.929271
dzf2,2,253.494489,34.650708
dyf3,2,59.270636,8.156271
csyz,2,65.655913,9.264098
dxf3,2,55.402212,7.624122
dzf3,2,252.631911,34.577376
csxz,2,65.391090,9.172808
dxf,3,55.574079,7.650332
dzb,3,254.766899,34.850817
dyb,3,59.590262,8.188532
cvx,3,78.672448,10.798285
dyf,3,60.150833,8.286262
dzb2,3,255.260789,34.902815
dxb,3,55.560787,7.653498
cvy,3,76.549211,10.572133
dzf,3,255.371530,34.866659
dxb2,3,55.252622,7.622196
dyb2,3,59.958504,8.259161
cvz,3,81.941067,11.423374
dzb3,3,254.278791,34.760953
dxb3,3,55.208604,7.605106
dyb3,3,60.145394,8.276418
csxxsyyszz,3,209.867113,27.747465
dyf2,3,60.182310,8.268030
dxf2,3,55.885074,7.691918
csxy,3,56.575671,7.973024
dzf2,3,253.202378,34.608668
dyf3,3,59.120287,8.165505
csyz,3,65.678892,9.229845
dxf3,3,55.528860,7.642403
dzf3,3,253.197690,35.799298
csxz,3,66.131325,9.371197
dxf,4,55.703797,7.726336
dzb,4,254.977630,35.123666
dyb,4,59.882048,8.284706
cvx,4,78.798842,10.906129
dyf,4,60.240655,8.338108
dzb2,4,255.151616,35.120825
dxb,4,55.406261,7.645456
cvy,4,76.623803,10.554437
dzf,4,255.249586,34.873598
dxb2,4,55.103092,7.592022
dyb2,4,60.185453,8.289454
cvz,4,81.900752,11.429965
dzb3,4,254.224104,34.802013
dxb3,4,55.137278,7.588389
dyb3,4,60.013085,8.291606
csxxsyyszz,4,211.602980,28.013924
dyf2,4,59.788779,8.231738
dxf2,4,55.660065,7.685605
csxy,4,56.506456,7.950726
dzf2,4,253.561894,34.659300
dyf3,4,59.360896,8.178788
csyz,4,65.601123,9.208757
dxf3,4,55.193844,7.597021
dzf3,4,252.797733,34.612637
csxz,4,65.260586,9.184662
#========================= OptEWE [OpenMP] =========================
#Source type                                  :  Force monopole
#Grid Size                                    :  512 x 512 x 512
#Iterations                                   :  5
#Compute time                                 :  14.468831
#Total effective MLUPS                        :  46.381676
#===================================================================
#Number of threads                            :  7
