dxf,0,77.429991,10.988198
dzb,0,442.056095,60.716876
dyb,0,93.639303,13.063298
cvx,0,153.262467,20.893505
dyf,0,93.034191,12.997488
dzb2,0,441.851428,60.662434
dxb,0,79.422815,11.248624
cvy,0,409.102793,52.607781
dzf,0,440.706660,60.881455
dxb2,0,84.442783,11.944235
dyb2,0,94.161351,13.148259
cvz,0,153.791621,21.118442
dzb3,0,442.904842,60.885075
dxb3,0,79.844826,11.290773
dyb3,0,94.330012,13.191339
csxxsyyszz,0,426.426893,56.606923
dyf2,0,93.197810,13.027705
dxf2,0,76.867122,10.912667
csxy,0,65.401387,9.688190
dzf2,0,444.161068,61.018617
dyf3,0,92.889334,12.983878
csyz,0,73.539493,10.852468
dxf3,0,76.977897,10.925186
dzf3,0,440.908880,60.572973
csxz,0,72.932594,10.730454
dxf,1,77.508602,11.012353
dzb,1,442.182050,60.836879
dyb,1,94.147111,13.151419
cvx,1,153.273829,20.909516
dyf,1,92.756907,12.960804
dzb2,1,442.849329,60.900259
dxb,1,79.605674,11.257446
cvy,1,150.667950,20.559236
dzf,1,440.702613,60.604833
dxb2,1,84.466822,11.861081
dyb2,1,93.587494,13.063336
cvz,1,153.759028,21.142486
dzb3,1,442.648490,60.836750
dxb3,1,79.624919,11.287692
dyb3,1,93.673505,13.091735
csxxsyyszz,1,426.548080,56.574799
dyf2,1,93.042835,13.083659
dxf2,1,77.082742,10.940626
csxy,1,65.464819,9.661923
dzf2,1,442.924887,60.841692
dyf3,1,93.019316,13.060034
csyz,1,73.565444,10.798549
dxf3,1,77.141772,10.950470
dzf3,1,440.818266,60.664496
csxz,1,72.976169,10.717019
dxf,2,77.436055,10.981952
dzb,2,442.061844,60.833284
dyb,2,94.064100,13.137374
cvx,2,153.278523,20.872950
dyf,2,93.250645,13.051900
dzb2,2,441.942868,60.745943
dxb,2,79.533579,11.242096
cvy,2,150.648328,20.580841
dzf,2,441.015193,60.658751
dxb2,2,84.328877,11.897848
dyb2,2,94.132733,13.157746
cvz,2,153.729991,21.107375
dzb3,2,442.641495,60.887255
dxb3,2,79.799088,11.277532
dyb3,2,93.866533,13.119947
csxxsyyszz,2,426.484300,56.632729
dyf2,2,93.149660,13.025999
dxf2,2,77.077169,10.944226
csxy,2,65.474284,9.668084
dzf2,2,441.847454,63.239789
dyf3,2,92.554146,13.484720
csyz,2,73.331264,11.200250
dxf3,2,77.111722,11.249038
dzf3,2,442.406043,61.035093
csxz,2,72.959317,10.724033
dxf,3,77.418886,10.990787
dzb,3,442.023140,60.752420
dyb,3,93.820045,13.089007
cvx,3,153.249251,20.884288
dyf,3,92.863291,13.001725
dzb2,3,439.236761,60.455809
dxb,3,79.402347,11.248298
cvy,3,150.040543,20.492872
dzf,3,441.059595,60.729823
dxb2,3,84.339028,11.850001
dyb2,3,93.806823,13.109133
cvz,3,153.789236,21.184095
dzb3,3,442.534185,60.835741
dxb3,3,79.671327,11.273492
dyb3,3,93.511878,13.106428
csxxsyyszz,3,418.685873,55.613445
dyf2,3,93.016558,13.030273
dxf2,3,76.909978,10.938102
csxy,3,65.286725,9.654031
dzf2,3,441.932214,60.779644
dyf3,3,92.573763,12.958111
csyz,3,73.559360,10.857729
dxf3,3,76.959018,10.933854
dzf3,3,440.897186,60.647177
csxz,3,72.902396,10.763940
dxf,4,77.341021,11.029294
dzb,4,442.188994,60.833975
dyb,4,93.917776,13.189639
cvx,4,153.241465,20.880138
dyf,4,93.240514,13.054653
dzb2,4,441.653511,60.779697
dxb,4,79.563582,11.268560
cvy,4,150.607354,20.590105
dzf,4,440.770342,60.608289
dxb2,4,86.001834,12.094741
dyb2,4,94.104054,13.185963
cvz,4,153.716196,21.125687
dzb3,4,442.619332,60.856667
dxb3,4,79.819668,11.319242
dyb3,4,93.891446,13.125900
csxxsyyszz,4,426.511155,56.577127
dyf2,4,93.220006,13.086739
dxf2,4,77.032251,10.945283
csxy,4,65.304772,9.640373
dzf2,4,443.118437,60.950317
dyf3,4,92.361595,12.973488
csyz,4,73.478733,10.802721
dxf3,4,77.189005,10.970731
dzf3,4,440.411996,60.600614
csxz,4,72.758578,10.729584
#========================= OptEWE [OpenMP] =========================
#Source type                                  :  Force monopole
#Grid Size                                    :  512 x 512 x 512
#Iterations                                   :  5
#Compute time                                 :  24.165424
#Total effective MLUPS                        :  27.770613
#===================================================================
#Number of threads                            :  4
