dxf,0,49.372700,8.148431
dzb,0,199.844980,33.558172
dyb,0,51.439797,8.479438
cvx,0,63.524985,10.592913
dyf,0,51.168341,8.468722
dzb2,0,199.465220,33.507179
dxb,0,49.141611,8.097766
cvy,0,253.696312,36.877245
dzf,0,198.866007,33.454606
dxb2,0,49.282141,8.132882
dyb2,0,51.474554,8.533364
cvz,0,68.261540,11.671870
dzb3,0,199.502630,33.536664
dxb3,0,49.162396,8.148426
dyb3,0,51.459887,8.507023
csxxsyyszz,0,167.220073,26.721198
dyf2,0,51.267907,8.469240
dxf2,0,49.710644,8.256597
csxy,0,47.283009,8.162350
dzf2,0,198.583214,33.434338
dyf3,0,50.665306,8.419697
csyz,0,56.231896,9.760960
dxf3,0,49.709209,8.243444
dzf3,0,199.061155,33.498847
csxz,0,56.135183,9.722759
dxf,1,48.833814,8.124603
dzb,1,199.930565,33.662811
dyb,1,51.320423,8.494377
cvx,1,63.490075,10.609435
dyf,1,51.117685,8.474082
dzb2,1,199.572129,33.626662
dxb,1,49.136412,8.109796
cvy,1,62.274418,10.447628
dzf,1,198.556963,33.438605
dxb2,1,49.295652,8.133903
dyb2,1,51.700251,8.550782
cvz,1,68.208679,11.673915
dzb3,1,200.939360,33.850821
dxb3,1,49.220300,8.117971
dyb3,1,51.634812,8.534114
csxxsyyszz,1,167.216175,26.762132
dyf2,1,50.770781,8.415135
dxf2,1,49.813340,8.253753
csxy,1,47.351720,8.169500
dzf2,1,198.543126,33.493356
dyf3,1,50.669795,8.394133
csyz,1,56.302819,9.748032
dxf3,1,49.796397,8.250091
dzf3,1,198.965658,33.518749
csxz,1,56.143790,9.729694
dxf,2,48.894520,8.134214
dzb,2,199.987985,33.744614
dyb,2,51.323585,8.479891
cvx,2,63.540128,10.614989
dyf,2,51.090567,8.487420
dzb2,2,200.930863,33.800524
dxb,2,49.097708,8.123143
cvy,2,62.193982,10.434255
dzf,2,198.569158,33.813348
dxb2,2,49.239228,8.145471
dyb2,2,51.717271,8.602143
cvz,2,68.040107,11.684673
dzb3,2,199.359787,33.564848
dxb3,2,49.264818,8.172526
dyb3,2,51.543308,8.555824
csxxsyyszz,2,167.259912,26.746492
dyf2,2,51.226726,8.470170
dxf2,2,49.680908,8.270044
csxy,2,47.270800,8.180863
dzf2,2,198.591648,33.457355
dyf3,2,50.710281,8.450332
csyz,2,56.236862,9.751278
dxf3,2,49.575873,8.220481
dzf3,2,199.155358,33.517673
csxz,2,56.208909,9.763511
dxf,3,48.781611,8.112748
dzb,3,201.326965,33.858385
dyb,3,51.449056,8.530593
cvx,3,63.443183,10.600258
dyf,3,51.130837,8.473609
dzb2,3,199.438247,33.592197
dxb,3,49.012039,8.095395
cvy,3,62.187444,10.429514
dzf,3,198.498641,33.466870
dxb2,3,49.290092,8.136489
dyb2,3,51.527150,8.530174
cvz,3,68.140630,11.664215
dzb3,3,199.300326,33.609743
dxb3,3,49.177777,8.122288
dyb3,3,51.485109,8.526371
csxxsyyszz,3,165.395657,26.523099
dyf2,3,50.832543,8.427449
dxf2,3,49.754765,8.246120
csxy,3,47.230556,8.154379
dzf2,3,198.631839,33.527688
dyf3,3,50.286090,8.350875
csyz,3,56.385112,9.782574
dxf3,3,49.687312,8.246389
dzf3,3,198.950421,33.526005
csxz,3,56.157530,9.728445
dxf,4,48.794338,8.131942
dzb,4,199.833107,33.679831
dyb,4,51.450409,8.493200
cvx,4,63.542494,10.618928
dyf,4,50.637683,8.415228
dzb2,4,199.456537,33.647126
dxb,4,49.093926,8.114696
cvy,4,62.159531,10.433331
dzf,4,198.452782,33.458766
dxb2,4,49.227553,8.135456
dyb2,4,51.584678,8.538602
cvz,4,68.170894,11.694838
dzb3,4,199.420674,33.554140
dxb3,4,49.254932,8.136601
dyb3,4,51.520809,8.561689
csxxsyyszz,4,165.427242,26.488417
dyf2,4,50.751567,8.423418
dxf2,4,49.721455,8.241453
csxy,4,47.300569,8.174552
dzf2,4,198.451524,33.437345
dyf3,4,50.608006,8.400807
csyz,4,56.223843,9.801488
dxf3,4,49.801544,8.273892
dzf3,4,199.161336,33.516078
csxz,4,56.231850,9.782041
#========================= OptEWE [OpenMP] =========================
#Source type                                  :  Force monopole
#Grid Size                                    :  512 x 512 x 512
#Iterations                                   :  5
#Compute time                                 :  11.787242
#Total effective MLUPS                        :  56.933475
#===================================================================
#Number of threads                            :  11
