dxf,0,104.230057,15.229879
dzb,0,528.521573,75.989558
dyb,0,125.420763,18.072070
cvx,0,165.175904,23.911931
dyf,0,125.763998,18.147769
dzb2,0,529.081174,76.102994
dxb,0,124.459767,17.929244
cvy,0,309.953628,42.692125
dzf,0,528.430197,75.998355
dxb2,0,124.361971,17.915032
dyb2,0,125.842698,18.143024
cvz,0,193.002101,27.900309
dzb3,0,527.860816,75.910674
dxb3,0,124.413981,17.930794
dyb3,0,126.051782,18.182354
csxxsyyszz,0,254.395768,37.670820
dyf2,0,125.796521,18.152834
dxf2,0,124.885231,18.006517
csxy,0,136.618291,19.775250
dzf2,0,527.744194,75.943036
dyf3,0,125.623440,18.135894
csyz,0,164.323007,23.726484
dxf3,0,124.513499,17.950449
dzf3,0,528.280446,76.025410
csxz,0,163.856488,23.679124
dxf,1,103.402333,15.148934
dzb,1,528.694732,76.089270
dyb,1,125.633600,18.118318
cvx,1,165.526757,23.961980
dyf,1,125.598070,18.129389
dzb2,1,528.293234,76.011427
dxb,1,124.270482,17.915661
cvy,1,165.283336,23.905586
dzf,1,528.027338,75.967814
dxb2,1,124.562525,17.956033
dyb2,1,125.901309,18.160644
cvz,1,193.109251,27.922854
dzb3,1,527.764436,75.943330
dxb3,1,124.468406,17.940243
dyb3,1,125.720230,18.134029
csxxsyyszz,1,253.872735,37.596187
dyf2,1,125.966972,18.174455
dxf2,1,125.098241,18.032246
csxy,1,136.594453,19.757942
dzf2,1,527.912719,75.957307
dyf3,1,125.587980,18.132382
csyz,1,164.381672,23.737431
dxf3,1,124.473556,17.954322
dzf3,1,528.871904,76.119508
csxz,1,164.004747,23.706589
dxf,2,103.439497,15.162752
dzb,2,528.206024,76.044723
dyb,2,125.402355,18.083735
cvx,2,164.883555,23.987825
dyf,2,125.494980,18.229257
dzb2,2,523.617051,75.851787
dxb,2,124.429113,18.048887
cvy,2,164.048930,23.866895
dzf,2,528.076823,75.972941
dxb2,2,124.341258,17.921670
dyb2,2,125.805105,18.148129
cvz,2,193.260014,27.934619
dzb3,2,527.713409,75.917158
dxb3,2,124.306395,17.916892
dyb3,2,126.006287,18.160902
csxxsyyszz,2,253.785671,37.581303
dyf2,2,125.755325,18.149488
dxf2,2,124.649370,17.972881
csxy,2,136.560830,19.752460
dzf2,2,528.059031,75.975363
dyf3,2,125.634814,18.134940
csyz,2,164.337812,23.725157
dxf3,2,124.665486,17.969144
dzf3,2,528.404785,76.026230
csxz,2,163.973671,23.702393
dxf,3,103.526833,15.174692
dzb,3,528.014258,75.992956
dyb,3,125.499103,18.102998
cvx,3,165.054082,23.899979
dyf,3,125.682531,18.153950
dzb2,3,528.474320,76.051192
dxb,3,124.778582,17.982599
cvy,3,165.001929,23.868961
dzf,3,528.229821,76.013640
dxb2,3,124.184480,17.898211
dyb2,3,125.887594,18.163250
cvz,3,192.881378,27.898824
dzb3,3,527.663666,75.922969
dxb3,3,124.434884,17.937387
dyb3,3,125.975847,18.171147
csxxsyyszz,3,253.557169,37.563997
dyf2,3,125.785016,18.157487
dxf2,3,124.818373,17.992791
csxy,3,136.654764,19.772483
dzf2,3,527.986505,75.986389
dyf3,3,125.542919,18.117350
csyz,3,164.515336,23.764413
dxf3,3,124.397459,17.941248
dzf3,3,528.842432,76.081216
csxz,3,163.898544,23.679241
dxf,4,103.332415,15.143119
dzb,4,528.314237,75.999995
dyb,4,125.248406,18.058206
cvx,4,165.141969,23.909738
dyf,4,125.812922,18.163249
dzb2,4,528.601212,76.055614
dxb,4,124.378481,17.934809
cvy,4,165.034322,23.871423
dzf,4,527.979666,75.981786
dxb2,4,124.337830,17.926603
dyb2,4,126.335551,18.219955
cvz,4,193.028445,27.918470
dzb3,4,528.152207,75.993627
dxb3,4,124.328718,17.925166
dyb3,4,125.714368,18.142340
csxxsyyszz,4,254.213268,37.651243
dyf2,4,125.877493,18.161792
dxf2,4,124.794871,18.003393
csxy,4,136.409584,19.734661
dzf2,4,528.048165,75.979030
dyf3,4,125.840982,18.159993
csyz,4,164.150117,23.708196
dxf3,4,124.420228,17.939841
dzf3,4,528.947236,76.106149
csxz,4,163.881850,23.670431
#========================= OptEWE [OpenMP] =========================
#Source type                                  :  Force monopole
#Grid Size                                    :  512 x 512 x 512
#Iterations                                   :  5
#Compute time                                 :  29.600622
#Total effective MLUPS                        :  22.671437
#===================================================================
#Number of threads                            :  12
