dxf,0,51.425977,7.958897
dzb,0,237.977013,36.104547
dyb,0,56.692876,8.682440
cvx,0,78.387297,11.801820
dyf,0,56.541179,8.619361
dzb2,0,239.918811,36.452352
dxb,0,52.073681,7.933160
cvy,0,275.640163,37.173359
dzf,0,239.650106,36.308606
dxb2,0,50.971055,7.796978
dyb2,0,56.849241,8.667059
cvz,0,80.186368,12.312274
dzb3,0,237.957023,36.145820
dxb3,0,51.839131,7.915004
dyb3,0,56.821307,8.651656
csxxsyyszz,0,212.523039,30.811371
dyf2,0,56.422841,8.597673
dxf2,0,50.477917,7.754306
csxy,0,48.450649,7.751982
dzf2,0,241.542050,36.634871
dyf3,0,55.712891,8.505257
csyz,0,56.644961,9.088708
dxf3,0,50.835832,7.816864
dzf3,0,237.003025,36.050118
csxz,0,56.878743,9.090302
dxf,1,51.038243,7.835694
dzb,1,238.114888,36.208096
dyb,1,56.748243,8.632092
cvx,1,78.389559,11.802405
dyf,1,56.273487,8.579645
dzb2,1,239.881083,36.473495
dxb,1,52.241965,7.985039
cvy,1,76.773554,11.585670
dzf,1,239.735838,36.410999
dxb2,1,50.885502,7.788540
dyb2,1,56.891704,8.737781
cvz,1,80.222385,12.333580
dzb3,1,237.756730,36.185778
dxb3,1,51.915571,7.935123
dyb3,1,56.866459,8.663801
csxxsyyszz,1,211.070861,30.636613
dyf2,1,56.494843,8.612054
dxf2,1,50.573855,7.772204
csxy,1,48.469521,7.732827
dzf2,1,241.389486,36.649976
dyf3,1,55.818625,8.518338
csyz,1,56.682099,9.040306
dxf3,1,50.830319,7.807341
dzf3,1,237.182228,36.012002
csxz,1,56.966143,9.077628
dxf,2,51.093440,7.843325
dzb,2,238.111194,36.136349
dyb,2,56.703000,8.631809
cvx,2,78.404931,11.810355
dyf,2,56.440440,8.622250
dzb2,2,239.880276,36.504850
dxb,2,52.062229,7.952505
cvy,2,76.768118,11.580913
dzf,2,239.771728,36.419932
dxb2,2,50.895782,7.802470
dyb2,2,56.849790,8.676821
cvz,2,80.138503,12.334488
dzb3,2,237.979976,36.232202
dxb3,2,51.862269,7.927710
dyb3,2,56.665803,8.668891
csxxsyyszz,2,211.036382,30.602875
dyf2,2,56.474319,8.600406
dxf2,2,50.621563,7.791948
csxy,2,48.429762,7.738470
dzf2,2,241.336562,36.857331
dyf3,2,55.800307,8.544422
csyz,2,56.728649,9.050420
dxf3,2,50.744393,7.801706
dzf3,2,236.880905,36.091492
csxz,2,56.873066,9.072847
dxf,3,51.083324,7.849965
dzb,3,237.948755,36.228070
dyb,3,56.699097,8.634515
cvx,3,78.355293,11.805694
dyf,3,56.368579,8.646867
dzb2,3,239.936132,36.442415
dxb,3,51.986286,8.013490
cvy,3,76.788607,11.605416
dzf,3,239.512624,36.357345
dxb2,3,50.903193,7.810948
dyb2,3,56.800520,8.668812
cvz,3,80.235496,12.336207
dzb3,3,237.918014,36.165653
dxb3,3,52.472550,8.010809
dyb3,3,56.855881,8.655205
csxxsyyszz,3,211.045615,30.641123
dyf2,3,56.425810,8.601652
dxf2,3,50.599706,7.776056
csxy,3,48.399405,7.718495
dzf2,3,241.470641,36.622674
dyf3,3,55.784332,8.518120
csyz,3,56.712024,9.084802
dxf3,3,50.846522,7.812519
dzf3,3,237.081099,36.032110
csxz,3,56.948231,9.120063
dxf,4,51.011394,7.834460
dzb,4,238.014162,36.230465
dyb,4,56.842643,8.645962
cvx,4,78.394687,11.809057
dyf,4,56.388317,8.608697
dzb2,4,240.064001,36.500639
dxb,4,52.025072,7.970193
cvy,4,76.757748,11.595709
dzf,4,240.771439,36.586438
dxb2,4,51.030560,7.836801
dyb2,4,56.862628,8.703536
cvz,4,80.161241,12.315015
dzb3,4,237.970424,36.189177
dxb3,4,51.843811,7.936749
dyb3,4,56.752961,8.647488
csxxsyyszz,4,210.930722,30.593038
dyf2,4,56.507662,8.619001
dxf2,4,50.543979,7.772230
csxy,4,48.451110,7.716929
dzf2,4,241.382166,36.629370
dyf3,4,55.720972,8.526408
csyz,4,56.691329,9.043489
dxf3,4,50.750014,7.802692
dzf3,4,237.068382,36.065887
csxz,4,56.907673,9.100054
#========================= OptEWE [OpenMP] =========================
#Source type                                  :  Force monopole
#Grid Size                                    :  512 x 512 x 512
#Iterations                                   :  5
#Compute time                                 :  13.646638
#Total effective MLUPS                        :  49.176115
#===================================================================
#Number of threads                            :  8
