dxf,0,68.491245,9.350767
dzb,0,389.059865,51.437245
dyb,0,82.843806,11.135341
cvx,0,136.940444,17.888093
dyf,0,81.963866,11.068701
dzb2,0,389.234150,51.488410
dxb,0,70.392686,9.575360
cvy,0,416.297835,50.920170
dzf,0,386.935521,51.153647
dxb2,0,70.337686,9.564948
dyb2,0,83.045442,11.168635
cvz,0,137.626097,18.240160
dzb3,0,387.697621,51.284471
dxb3,0,70.158364,9.555545
dyb3,0,83.083617,11.173891
csxxsyyszz,0,371.394958,47.344517
dyf2,0,81.988521,11.070549
dxf2,0,68.969438,9.571357
csxy,0,58.116194,8.375149
dzf2,0,386.741612,51.760828
dyf3,0,81.742736,11.135355
csyz,0,68.006175,9.761800
dxf3,0,68.054633,9.420462
dzf3,0,386.360043,51.577571
csxz,0,65.482579,9.341896
dxf,1,68.556529,9.366291
dzb,1,389.132240,51.378268
dyb,1,83.018819,11.152357
cvx,1,136.922909,17.916561
dyf,1,82.142838,11.063980
dzb2,1,388.848620,51.381234
dxb,1,70.429210,9.585953
cvy,1,134.980277,17.681671
dzf,1,388.308178,51.295136
dxb2,1,70.235515,9.550323
dyb2,1,82.650677,11.168049
cvz,1,137.673702,18.216013
dzb3,1,387.567557,51.223801
dxb3,1,70.152585,9.573026
dyb3,1,83.084256,11.189127
csxxsyyszz,1,371.196998,47.383967
dyf2,1,82.303933,11.074288
dxf2,1,67.848859,9.295048
csxy,1,58.011543,8.270875
dzf2,1,386.721022,51.089783
dyf3,1,81.528889,10.984298
csyz,1,66.672452,9.491019
dxf3,1,68.019758,9.320771
dzf3,1,386.351984,51.083100
csxz,1,65.618396,9.345235
dxf,2,68.359824,9.358460
dzb,2,389.319596,51.469468
dyb,2,82.942683,11.173194
cvx,2,136.894558,17.906899
dyf,2,82.114858,11.080862
dzb2,2,389.180257,51.425168
dxb,2,70.446706,9.597997
cvy,2,135.036739,17.663569
dzf,2,387.425602,51.218485
dxb2,2,70.301772,9.587404
dyb2,2,82.708299,11.129189
cvz,2,137.738743,18.264751
dzb3,2,387.807679,51.270866
dxb3,2,70.271165,9.570298
dyb3,2,82.726189,11.128519
csxxsyyszz,2,371.309055,47.375749
dyf2,2,82.329287,11.101712
dxf2,2,67.988484,9.312451
csxy,2,58.140653,8.284074
dzf2,2,386.147276,51.050684
dyf3,2,81.537899,11.023334
csyz,2,66.749966,9.512606
dxf3,2,68.090490,9.325114
dzf3,2,386.240241,51.094580
csxz,2,65.588821,9.383484
dxf,3,68.487729,9.380128
dzb,3,389.828610,51.906650
dyb,3,83.061352,11.205465
cvx,3,136.900401,18.004386
dyf,3,82.162874,11.099201
dzb2,3,391.138200,51.685603
dxb,3,70.371095,9.624469
cvy,3,134.973621,17.697671
dzf,3,386.796969,51.175082
dxb2,3,70.146197,9.566553
dyb2,3,83.058249,11.240712
cvz,3,137.556346,18.234132
dzb3,3,387.306764,51.246832
dxb3,3,70.250301,9.630511
dyb3,3,82.750156,11.138269
csxxsyyszz,3,370.384806,47.304834
dyf2,3,82.120788,11.076896
dxf2,3,69.587979,9.547764
csxy,3,58.070726,8.285362
dzf2,3,386.174912,51.111691
dyf3,3,81.433536,10.987272
csyz,3,66.635055,9.478836
dxf3,3,68.050798,9.313967
dzf3,3,386.563028,51.065174
csxz,3,65.593124,9.356565
dxf,4,68.430191,9.363327
dzb,4,389.202304,51.486312
dyb,4,82.976397,11.153781
cvx,4,136.939375,17.896884
dyf,4,82.254207,11.112519
dzb2,4,389.145976,51.423873
dxb,4,70.439875,9.603670
cvy,4,135.041075,17.684343
dzf,4,387.073826,51.169492
dxb2,4,70.157175,9.565370
dyb2,4,82.762013,11.141220
cvz,4,137.651005,18.236282
dzb3,4,387.743968,51.225936
dxb3,4,70.360046,9.591931
dyb3,4,82.653708,11.120121
csxxsyyszz,4,370.438860,47.261823
dyf2,4,81.961006,11.043258
dxf2,4,67.935426,9.300015
csxy,4,58.072226,8.270816
dzf2,4,386.628986,51.098550
dyf3,4,81.716222,11.030459
csyz,4,66.591566,9.484769
dxf3,4,68.172594,9.325767
dzf3,4,386.603495,51.094433
csxz,4,65.518042,9.422313
#========================= OptEWE [OpenMP] =========================
#Source type                                  :  Force monopole
#Grid Size                                    :  512 x 512 x 512
#Iterations                                   :  5
#Compute time                                 :  21.322714
#Total effective MLUPS                        :  31.472947
#===================================================================
#Number of threads                            :  6
