dxf,0,69.701631,8.584467
dzb,0,368.601842,43.895373
dyb,0,81.506582,9.851740
cvx,0,120.347917,14.299946
dyf,0,81.234008,9.851336
dzb2,0,368.921474,43.950885
dxb,0,70.278299,8.594084
cvy,0,392.492703,43.109196
dzf,0,367.424462,43.819224
dxb2,0,73.045755,8.893929
dyb2,0,81.408353,9.865000
cvz,0,121.777963,14.664839
dzb3,0,367.999588,43.905267
dxb3,0,70.771722,8.691406
dyb3,0,81.627920,9.890870
csxxsyyszz,0,327.591211,37.896403
dyf2,0,81.263345,9.846816
dxf2,0,69.139271,8.518859
csxy,0,66.489646,8.346650
dzf2,0,366.978863,43.734181
dyf3,0,80.406781,9.751160
csyz,0,76.213298,9.543273
dxf3,0,70.373830,8.638143
dzf3,0,366.290652,43.670454
csxz,0,75.950779,9.517150
dxf,1,69.367162,8.509690
dzb,1,368.635638,44.952001
dyb,1,81.327416,9.891692
cvx,1,119.877474,14.306534
dyf,1,80.635180,9.820529
dzb2,1,368.931481,44.152123
dxb,1,70.293440,8.648656
cvy,1,117.053077,14.008622
dzf,1,366.079114,43.766597
dxb2,1,72.920873,8.906077
dyb2,1,81.390744,9.883091
cvz,1,121.221711,14.630992
dzb3,1,366.079155,43.741235
dxb3,1,70.415678,8.611984
dyb3,1,81.359949,9.840510
csxxsyyszz,1,325.939988,37.662265
dyf2,1,82.408516,9.955611
dxf2,1,69.208405,8.485706
csxy,1,66.511940,8.334777
dzf2,1,367.165442,43.695050
dyf3,1,80.503738,9.744511
csyz,1,76.256424,9.532419
dxf3,1,70.273327,8.600186
dzf3,1,366.513458,43.630538
csxz,1,75.988634,9.507461
dxf,2,69.240116,8.483011
dzb,2,368.683925,43.916108
dyb,2,81.422249,9.843140
cvx,2,120.281398,14.273926
dyf,2,81.216879,9.831034
dzb2,2,368.832568,43.886215
dxb,2,70.409335,8.611942
cvy,2,117.414214,13.973648
dzf,2,367.596874,43.735559
dxb2,2,73.124652,8.895979
dyb2,2,81.373205,9.852408
cvz,2,121.798727,14.651990
dzb3,2,368.356329,43.860162
dxb3,2,70.489313,8.627720
dyb3,2,81.186459,9.845081
csxxsyyszz,2,326.782295,37.826171
dyf2,2,81.032316,9.838226
dxf2,2,69.055000,8.491698
csxy,2,66.528565,8.352270
dzf2,2,366.343771,43.718972
dyf3,2,80.712000,9.809584
csyz,2,76.230268,9.559202
dxf3,2,70.216005,8.621452
dzf3,2,365.332207,43.637662
csxz,2,75.945815,9.535515
dxf,3,69.199617,8.509238
dzb,3,368.128694,43.902206
dyb,3,81.041231,9.795736
cvx,3,120.471249,14.297443
dyf,3,80.259425,9.721912
dzb2,3,368.785191,43.896650
dxb,3,70.412220,8.617184
cvy,3,117.453421,13.984112
dzf,3,367.658581,43.769429
dxb2,3,73.011113,8.894457
dyb2,3,81.618831,9.887556
cvz,3,121.787951,14.655026
dzb3,3,368.744119,44.320924
dxb3,3,70.368284,8.968780
dyb3,3,81.645142,10.005464
csxxsyyszz,3,327.219338,38.251592
dyf2,3,80.789915,9.898488
dxf2,3,70.517095,8.739590
csxy,3,66.531143,8.437592
dzf2,3,366.573478,44.204851
dyf3,3,80.671668,9.908473
csyz,3,76.135855,9.657662
dxf3,3,70.302978,8.722939
dzf3,3,365.088472,44.152202
csxz,3,75.922672,9.644274
dxf,4,69.334851,8.633654
dzb,4,367.966067,44.196313
dyb,4,81.171652,9.838762
cvx,4,120.245538,14.365153
dyf,4,82.881262,10.030236
dzb2,4,368.692665,44.124788
dxb,4,70.326657,8.665440
cvy,4,117.272568,14.158568
dzf,4,367.484658,43.948027
dxb2,4,72.963551,8.898965
dyb2,4,83.209861,10.184030
cvz,4,121.792719,14.676270
dzb3,4,367.909905,44.014212
dxb3,4,70.409222,8.651044
dyb3,4,81.118314,9.959350
csxxsyyszz,4,327.410842,38.030908
dyf2,4,81.196520,9.850703
dxf2,4,69.171384,8.504548
csxy,4,66.515794,8.351767
dzf2,4,366.912172,44.024350
dyf3,4,80.787675,9.792919
csyz,4,76.238991,9.551988
dxf3,4,70.404465,8.624547
dzf3,4,366.205030,43.963261
csxz,4,75.972670,9.616114
#========================= OptEWE [OpenMP] =========================
#Source type                                  :  Force monopole
#Grid Size                                    :  512 x 512 x 512
#Iterations                                   :  5
#Compute time                                 :  20.378361
#Total effective MLUPS                        :  32.931434
#===================================================================
#Number of threads                            :  6
