dxf,0,104.584296,15.414960
dzb,0,528.840693,76.731540
dyb,0,125.272606,18.209285
cvx,0,165.679499,24.209048
dyf,0,125.660888,18.295780
dzb2,0,528.852394,76.747581
dxb,0,124.402470,18.081800
cvy,0,297.446914,41.560122
dzf,0,527.921026,76.616782
dxb2,0,124.374022,18.093705
dyb2,0,126.074091,18.335284
cvz,0,193.390266,28.225680
dzb3,0,527.949844,76.639054
dxb3,0,124.405451,18.093464
dyb3,0,125.595613,18.279106
csxxsyyszz,0,253.723955,38.054861
dyf2,0,125.727496,18.411900
dxf2,0,124.444286,18.210100
csxy,0,135.983011,19.981686
dzf2,0,527.366619,76.654206
dyf3,0,125.580779,18.293015
csyz,0,164.211931,23.941060
dxf3,0,124.388424,18.105549
dzf3,0,528.850176,76.795904
csxz,0,163.914325,23.908021
dxf,1,103.689915,15.315123
dzb,1,528.091846,76.686532
dyb,1,125.580470,18.264665
cvx,1,164.880162,24.127504
dyf,1,125.615453,18.297819
dzb2,1,528.022785,76.685096
dxb,1,124.512909,18.116381
cvy,1,164.867230,24.087995
dzf,1,527.757911,76.642618
dxb2,1,124.339099,18.100590
dyb2,1,125.780067,18.314989
cvz,1,192.873872,28.180214
dzb3,1,527.428597,76.576598
dxb3,1,124.232029,18.063312
dyb3,1,125.618375,18.277473
csxxsyyszz,1,253.819821,37.901644
dyf2,1,125.755551,18.311419
dxf2,1,124.672142,18.133983
csxy,1,136.506137,19.932121
dzf2,1,529.188780,76.799143
dyf3,1,125.747328,18.317524
csyz,1,164.374433,23.957820
dxf3,1,124.355917,18.094156
dzf3,1,529.098339,76.807316
csxz,1,164.026739,23.923077
dxf,2,103.572717,15.297813
dzb,2,528.762948,76.774882
dyb,2,125.472331,18.258076
cvx,2,164.968816,24.122589
dyf,2,125.576065,18.294059
dzb2,2,528.426738,76.694409
dxb,2,124.496327,18.107175
cvy,2,164.913638,24.083475
dzf,2,527.976030,76.660196
dxb2,2,124.415373,18.091945
dyb2,2,125.809696,18.311006
cvz,2,193.232501,28.204512
dzb3,2,528.106612,76.673854
dxb3,2,124.260372,18.071254
dyb3,2,125.702013,18.297066
csxxsyyszz,2,253.167971,37.822922
dyf2,2,126.055538,18.362623
dxf2,2,124.620679,18.132926
csxy,2,136.533079,19.936673
dzf2,2,528.315395,76.701176
dyf3,2,125.743831,18.303524
csyz,2,164.223030,23.933033
dxf3,2,124.426102,18.097085
dzf3,2,529.506422,76.874782
csxz,2,164.158860,23.938638
dxf,3,103.566385,15.302796
dzb,3,528.484393,76.719105
dyb,3,125.305255,18.238821
cvx,3,165.654210,24.217504
dyf,3,125.540454,18.284546
dzb2,3,528.539235,76.741776
dxb,3,124.370570,18.087404
cvy,3,165.092783,24.109477
dzf,3,528.251660,76.724565
dxb2,3,124.282130,18.247773
dyb2,3,125.534096,18.446222
cvz,3,193.659332,28.302442
dzb3,3,528.148747,76.653564
dxb3,3,124.299230,18.077769
dyb3,3,125.787441,18.297863
csxxsyyszz,3,253.709044,37.888833
dyf2,3,125.837802,18.313982
dxf2,3,124.904250,18.164894
csxy,3,136.465069,19.919326
dzf2,3,527.962768,76.634193
dyf3,3,125.745111,18.312993
csyz,3,164.344868,23.953016
dxf3,3,124.604138,18.129036
dzf3,3,528.883189,76.793837
csxz,3,164.224046,23.953585
dxf,4,103.656932,15.315188
dzb,4,528.589134,76.758994
dyb,4,125.179667,18.219062
cvx,4,165.388006,24.185272
dyf,4,125.863470,18.335309
dzb2,4,528.121224,76.683822
dxb,4,124.486764,18.112700
cvy,4,165.099248,24.111533
dzf,4,527.910114,76.651873
dxb2,4,124.294403,18.083479
dyb2,4,125.723111,18.307066
cvz,4,193.105230,28.201409
dzb3,4,527.655430,76.599931
dxb3,4,124.376898,18.077713
dyb3,4,125.863164,18.308878
csxxsyyszz,4,253.189197,37.812068
dyf2,4,125.812064,18.316552
dxf2,4,124.521916,18.105091
csxy,4,136.331074,19.908782
dzf2,4,528.381536,76.680621
dyf3,4,125.603691,18.290419
csyz,4,164.587641,23.978857
dxf3,4,124.844000,18.184494
dzf3,4,529.173904,76.766713
csxz,4,164.133472,23.925600
#========================= OptEWE [OpenMP] =========================
#Source type                                  :  Force monopole
#Grid Size                                    :  512 x 512 x 512
#Iterations                                   :  5
#Compute time                                 :  29.593540
#Total effective MLUPS                        :  22.676862
#===================================================================
#Number of threads                            :  12
