dxf,0,84.015215,14.224337
dzb,0,430.233520,71.752517
dyb,0,103.508929,17.297451
cvx,0,135.883817,22.980730
dyf,0,102.444243,17.159410
dzb2,0,429.750442,71.996658
dxb,0,103.475801,17.296349
cvy,0,261.496447,42.595086
dzf,0,429.937865,72.050377
dxb2,0,103.405510,17.284969
dyb2,0,104.377031,17.463951
cvz,0,158.661868,26.778776
dzb3,0,429.676935,72.011136
dxb3,0,103.641247,17.320549
dyb3,0,104.541733,17.466852
csxxsyyszz,0,195.355682,33.679269
dyf2,0,104.208232,17.451192
dxf2,0,104.225333,17.425787
csxy,0,113.586415,19.170300
dzf2,0,429.030283,71.914333
dyf3,0,103.787191,17.386084
csyz,0,135.715604,22.823872
dxf3,0,103.673876,17.338344
dzf3,0,430.067982,72.088277
csxz,0,134.833467,22.705806
dxf,1,83.129030,14.110663
dzb,1,430.163330,72.087332
dyb,1,103.570327,17.326945
cvx,1,135.782522,22.996182
dyf,1,102.329628,17.167025
dzb2,1,429.936621,72.072613
dxb,1,103.532813,17.317218
cvy,1,136.007547,22.991927
dzf,1,429.613483,72.009971
dxb2,1,103.326097,17.274647
dyb2,1,104.457930,17.478595
cvz,1,158.816608,26.805761
dzb3,1,429.442902,71.960704
dxb3,1,103.429736,17.290989
dyb3,1,104.346987,17.471475
csxxsyyszz,1,196.204298,33.808948
dyf2,1,104.158325,17.440132
dxf2,1,104.235531,17.440890
csxy,1,113.427625,19.131911
dzf2,1,429.246777,71.941783
dyf3,1,103.952976,17.407049
csyz,1,135.573351,22.796980
dxf3,1,103.647180,17.325366
dzf3,1,430.141997,72.099439
csxz,1,134.559589,22.651523
dxf,2,82.998860,14.094244
dzb,2,429.907706,72.081481
dyb,2,103.362656,17.300939
cvx,2,135.786481,22.995861
dyf,2,102.299140,17.156008
dzb2,2,429.566019,72.026558
dxb,2,103.335229,17.286753
cvy,2,136.035336,22.996871
dzf,2,429.245102,71.876144
dxb2,2,103.247226,17.233436
dyb2,2,104.408983,17.447996
cvz,2,158.684346,26.773892
dzb3,2,429.423873,71.936966
dxb3,2,103.467420,17.279921
dyb3,2,104.427009,17.458767
csxxsyyszz,2,195.692548,33.720954
dyf2,2,104.416138,17.491180
dxf2,2,104.236411,17.435629
csxy,2,113.471153,19.147393
dzf2,2,429.211066,71.959823
dyf3,2,103.860607,17.406048
csyz,2,135.466394,22.784557
dxf3,2,103.717658,17.331344
dzf3,2,430.075206,72.067213
csxz,2,134.605143,22.651274
dxf,3,82.935051,14.071437
dzb,3,429.593546,72.001770
dyb,3,103.549295,17.337973
cvx,3,135.932595,23.021598
dyf,3,102.234650,17.150968
dzb2,3,429.503845,72.001061
dxb,3,103.401865,17.298147
cvy,3,135.601061,22.919672
dzf,3,430.326671,71.890825
dxb2,3,103.560620,17.272801
dyb2,3,104.354883,17.444124
cvz,3,158.697878,26.778034
dzb3,3,429.486372,72.012955
dxb3,3,103.438117,17.337459
dyb3,3,104.229141,17.496115
csxxsyyszz,3,195.032226,33.720031
dyf2,3,104.134103,17.489862
dxf2,3,104.282545,17.454413
csxy,3,113.420721,19.147513
dzf2,3,429.269889,71.967942
dyf3,3,103.636062,17.365209
csyz,3,135.506057,22.802973
dxf3,3,103.751392,17.357113
dzf3,3,430.073225,72.141919
csxz,3,134.625114,22.679010
dxf,4,82.965408,14.091156
dzb,4,429.812280,72.087421
dyb,4,103.470404,17.334741
cvx,4,135.809808,23.012699
dyf,4,102.338385,17.183254
dzb2,4,429.879768,72.067321
dxb,4,103.506086,17.319279
cvy,4,135.770682,22.965189
dzf,4,429.677637,71.717408
dxb2,4,103.296745,17.267649
dyb2,4,104.340278,17.468875
cvz,4,158.690444,26.792401
dzb3,4,429.898461,71.809873
dxb3,4,103.439473,17.302099
dyb3,4,104.460883,17.493379
csxxsyyszz,4,196.425130,33.865601
dyf2,4,104.047008,17.440143
dxf2,4,104.149782,17.443491
csxy,4,113.478555,19.146792
dzf2,4,429.496680,72.043457
dyf3,4,103.863986,17.431468
csyz,4,135.312111,22.770213
dxf3,4,103.732562,17.354704
dzf3,4,430.511441,72.216673
csxz,4,134.705745,22.694879
#========================= OptEWE [OpenMP] =========================
#Source type                                  :  Force monopole
#Grid Size                                    :  512 x 512 x 512
#Iterations                                   :  5
#Compute time                                 :  24.187643
#Total effective MLUPS                        :  27.745103
#===================================================================
#Number of threads                            :  17
