dxf,0,72.011954,11.821638
dzb,0,366.100097,59.223777
dyb,0,88.387771,14.296722
cvx,0,115.097717,18.740392
dyf,0,87.075503,14.133503
dzb2,0,366.346324,59.309278
dxb,0,88.448104,14.269504
cvy,0,269.736260,41.524329
dzf,0,365.560636,59.172387
dxb2,0,88.300538,14.259433
dyb2,0,89.425856,14.479618
cvz,0,135.162207,21.963365
dzb3,0,365.360204,59.149152
dxb3,0,88.509714,14.289524
dyb3,0,89.392169,14.469497
csxxsyyszz,0,165.572023,27.899257
dyf2,0,89.225862,14.434979
dxf2,0,89.300645,14.405617
csxy,0,97.025840,15.769516
dzf2,0,365.574132,59.191879
dyf3,0,88.656974,14.361198
csyz,0,116.157576,18.830201
dxf3,0,88.734092,14.325996
dzf3,0,365.989867,59.385594
csxz,0,115.249799,18.778206
dxf,1,71.163463,11.796562
dzb,1,366.058961,59.460582
dyb,1,88.357668,14.301670
cvx,1,114.964794,18.730589
dyf,1,86.599641,14.073425
dzb2,1,365.972288,59.240391
dxb,1,88.417100,14.277274
cvy,1,115.157302,18.732623
dzf,1,365.642964,59.188080
dxb2,1,88.364859,14.262211
dyb2,1,89.314303,14.455299
cvz,1,135.028694,21.937111
dzb3,1,365.506442,59.158635
dxb3,1,88.408500,14.280674
dyb3,1,89.171982,14.435204
csxxsyyszz,1,165.394580,27.874309
dyf2,1,89.160438,14.444480
dxf2,1,89.197705,14.406777
csxy,1,97.020580,15.762904
dzf2,1,365.702229,59.170270
dyf3,1,88.690162,14.367806
csyz,1,116.141390,18.814413
dxf3,1,88.738839,14.326515
dzf3,1,365.844640,59.224215
csxz,1,115.294208,18.702789
dxf,2,71.134312,11.735821
dzb,2,366.184653,59.287085
dyb,2,88.491282,14.323788
cvx,2,114.705070,18.688644
dyf,2,86.725743,14.094288
dzb2,2,366.253469,59.287776
dxb,2,88.303216,14.242082
cvy,2,115.141270,18.715130
dzf,2,365.763070,59.196559
dxb2,2,88.330959,14.260174
dyb2,2,89.476275,14.483972
cvz,2,135.048569,21.943544
dzb3,2,366.038224,59.252933
dxb3,2,88.314259,14.255393
dyb3,2,89.350884,14.451278
csxxsyyszz,2,166.389372,28.032647
dyf2,2,89.123654,14.424565
dxf2,2,89.318595,14.413297
csxy,2,96.945578,15.749946
dzf2,2,366.262081,59.281457
dyf3,2,88.619173,14.352244
csyz,2,116.054009,18.798413
dxf3,2,88.805684,14.339404
dzf3,2,365.927259,59.224752
csxz,2,115.196105,18.685275
dxf,3,71.157600,11.734302
dzb,3,366.405987,59.319809
dyb,3,88.332970,14.297918
cvx,3,114.774764,18.699752
dyf,3,86.739865,14.093256
dzb2,3,366.083808,59.268768
dxb,3,88.223191,14.255887
cvy,3,115.185566,18.737344
dzf,3,365.571155,59.173592
dxb2,3,88.316808,14.267948
dyb2,3,89.392280,14.464972
cvz,3,135.038813,21.952554
dzb3,3,365.598962,59.188428
dxb3,3,88.342506,14.262161
dyb3,3,89.213836,14.444308
csxxsyyszz,3,165.237995,27.858804
dyf2,3,89.136585,14.439637
dxf2,3,89.137833,14.394045
csxy,3,97.172732,15.784066
dzf2,3,366.685800,59.358383
dyf3,3,88.781391,14.393313
csyz,3,116.089795,18.818598
dxf3,3,88.615273,14.314689
dzf3,3,365.964240,59.253174
csxz,3,115.192937,18.696207
dxf,4,71.336987,11.780863
dzb,4,366.403274,59.349861
dyb,4,88.485268,14.345059
cvx,4,114.835108,18.717998
dyf,4,86.736424,14.107482
dzb2,4,365.973706,59.284997
dxb,4,88.327688,14.289457
cvy,4,115.196362,18.749192
dzf,4,365.290747,59.175731
dxb2,4,88.417089,14.288692
dyb2,4,89.354204,14.471453
cvz,4,134.891027,21.935289
dzb3,4,365.336515,59.190611
dxb3,4,88.325374,14.281109
dyb3,4,89.277251,14.476036
csxxsyyszz,4,165.390606,27.909293
dyf2,4,89.138978,14.460595
dxf2,4,89.192287,14.432243
csxy,4,97.062628,15.788609
dzf2,4,366.071733,59.001336
dyf3,4,88.699508,14.385581
csyz,4,116.132204,18.833838
dxf3,4,88.675709,14.327531
dzf3,4,366.239112,59.335213
csxz,4,115.037599,18.668286
#========================= OptEWE [OpenMP] =========================
#Source type                                  :  Force monopole
#Grid Size                                    :  512 x 512 x 512
#Iterations                                   :  5
#Compute time                                 :  20.658304
#Total effective MLUPS                        :  32.485176
#===================================================================
#Number of threads                            :  18
