dxf,0,29.962841,5.605226
dzb,0,112.258159,21.967026
dyb,0,29.371340,5.577594
cvx,0,36.703273,7.058619
dyf,0,29.142680,5.560024
dzb2,0,112.273950,22.002000
dxb,0,29.136435,5.491630
cvy,0,292.361146,45.825495
dzf,0,111.680119,21.893380
dxb2,0,29.035102,5.490210
dyb2,0,29.577325,5.630306
cvz,0,41.252212,8.034348
dzb3,0,111.774495,21.919918
dxb3,0,29.289685,5.536341
dyb3,0,29.664563,5.635669
csxxsyyszz,0,94.674775,17.368013
dyf2,0,29.222020,5.571037
dxf2,0,29.144900,5.548930
csxy,0,28.878810,5.675167
dzf2,0,111.658503,21.925085
dyf3,0,29.278702,5.589517
csyz,0,34.513027,6.771144
dxf3,0,28.898990,5.503933
dzf3,0,113.351536,22.186222
csxz,0,34.356364,6.740766
dxf,1,28.685952,5.465271
dzb,1,112.220148,22.007330
dyb,1,29.278509,5.570590
cvx,1,36.728326,7.072619
dyf,1,29.143544,5.557368
dzb2,1,112.282602,22.014038
dxb,1,29.115463,5.509162
cvy,1,36.285263,6.991478
dzf,1,111.557090,21.902457
dxb2,1,28.994896,5.495982
dyb2,1,29.660464,5.648524
cvz,1,42.672741,8.257175
dzb3,1,111.749947,21.927465
dxb3,1,29.216376,5.526489
dyb3,1,29.645002,5.645102
csxxsyyszz,1,95.024084,17.450634
dyf2,1,29.171674,5.549087
dxf2,1,29.103627,5.536848
csxy,1,28.864001,5.678631
dzf2,1,111.648014,21.931053
dyf3,1,29.332709,5.585752
csyz,1,34.493860,6.766186
dxf3,1,28.843600,5.495547
dzf3,1,112.083515,21.999585
csxz,1,34.345301,6.740146
dxf,2,28.643092,5.458418
dzb,2,112.302917,22.021838
dyb,2,29.282230,5.566103
cvx,2,36.832825,7.096982
dyf,2,29.092922,5.549005
dzb2,2,112.261348,22.022672
dxb,2,29.039424,5.518193
cvy,2,36.252663,6.995452
dzf,2,111.620146,21.919406
dxb2,2,29.229382,5.540028
dyb2,2,29.533864,5.628106
cvz,2,41.336444,8.050152
dzb3,2,111.784695,21.950482
dxb3,2,29.267900,5.540366
dyb3,2,29.645675,5.643915
csxxsyyszz,2,94.726772,17.395436
dyf2,2,29.291734,5.571807
dxf2,2,29.170506,5.544866
csxy,2,28.849256,5.673567
dzf2,2,111.602384,21.919374
dyf3,2,29.299966,5.579989
csyz,2,34.526729,6.771794
dxf3,2,28.880200,5.498309
dzf3,2,112.153048,22.006592
csxz,2,34.342121,6.736064
dxf,3,28.562063,5.447023
dzb,3,112.290726,22.022772
dyb,3,29.283524,5.574024
cvx,3,36.789637,7.092170
dyf,3,29.260980,5.580470
dzb2,3,112.248711,22.027455
dxb,3,29.157710,5.608862
cvy,3,36.356886,7.066391
dzf,3,111.528032,21.917725
dxb2,3,29.053475,5.516060
dyb2,3,29.561466,5.643617
cvz,3,41.297781,8.052587
dzb3,3,111.834081,21.965747
dxb3,3,29.274100,5.552754
dyb3,3,29.626760,5.643659
csxxsyyszz,3,94.723159,17.411424
dyf2,3,29.227317,5.571457
dxf2,3,29.151238,5.550725
csxy,3,28.887298,5.686705
dzf2,3,111.657717,21.946422
dyf3,3,29.297291,5.585150
csyz,3,34.555701,6.781796
dxf3,3,28.895271,5.508281
dzf3,3,112.247645,22.037831
csxz,3,34.335444,6.737615
dxf,4,28.645480,5.463409
dzb,4,112.274456,22.036570
dyb,4,29.371808,5.582301
cvx,4,36.699339,7.078143
dyf,4,29.112802,5.554558
dzb2,4,112.243609,22.041223
dxb,4,29.071977,5.523910
cvy,4,36.316610,7.010300
dzf,4,111.567489,21.922024
dxb2,4,29.037586,5.511404
dyb2,4,29.655434,5.655339
cvz,4,41.171323,8.026014
dzb3,4,111.799436,21.962405
dxb3,4,29.281801,5.539810
dyb3,4,29.602460,5.638433
csxxsyyszz,4,94.529214,17.376512
dyf2,4,29.195763,5.570269
dxf2,4,29.117708,5.547628
csxy,4,28.854646,5.677873
dzf2,4,111.603527,21.942191
dyf3,4,29.295885,5.598231
csyz,4,34.504780,6.775636
dxf3,4,28.864999,5.502511
dzf3,4,112.038433,22.000932
csxz,4,34.386248,6.803006
#========================= OptEWE [OpenMP] =========================
#Source type                                  :  Force monopole
#Grid Size                                    :  512 x 512 x 512
#Iterations                                   :  5
#Compute time                                 :  6.904331
#Total effective MLUPS                        :  97.198217
#===================================================================
#Number of threads                            :  21
