dxf,0,73.316672,8.924960
dzb,0,408.402010,48.143997
dyb,0,87.951911,10.572141
cvx,0,138.726424,16.234583
dyf,0,86.957210,10.438076
dzb2,0,408.157849,48.151177
dxb,0,77.444159,9.382752
cvy,0,439.009896,47.991819
dzf,0,406.720731,47.971986
dxb2,0,79.843193,9.620981
dyb2,0,87.594335,10.508490
cvz,0,139.809428,16.557501
dzb3,0,407.093009,47.919897
dxb3,0,74.526768,9.040293
dyb3,0,87.669291,10.523762
csxxsyyszz,0,395.606424,45.145842
dyf2,0,86.716864,10.409226
dxf2,0,74.780990,9.088965
csxy,0,66.301081,8.350036
dzf2,0,406.285593,47.922405
dyf3,0,86.496697,10.394224
csyz,0,75.758235,9.511348
dxf3,0,73.936751,9.056512
dzf3,0,407.580794,48.078090
csxz,0,75.136821,9.410155
dxf,1,72.753738,8.868582
dzb,1,408.442171,48.217095
dyb,1,87.937073,10.556771
cvx,1,138.650923,16.274028
dyf,1,87.123695,10.491430
dzb2,1,407.985779,48.153917
dxb,1,77.520948,9.375741
cvy,1,135.912720,16.010543
dzf,1,407.036007,48.031865
dxb2,1,78.000256,9.434009
dyb2,1,87.610331,10.561843
cvz,1,139.700997,16.563485
dzb3,1,409.331587,48.286809
dxb3,1,74.697339,9.156935
dyb3,1,87.610581,10.523236
csxxsyyszz,1,389.615717,44.554200
dyf2,1,86.814022,10.439139
dxf2,1,74.878266,9.139335
csxy,1,66.353010,8.322058
dzf2,1,405.667467,47.853809
dyf3,1,86.768012,10.436195
csyz,1,75.710661,9.513855
dxf3,1,72.593997,8.859533
dzf3,1,406.805178,47.965121
csxz,1,74.978753,9.435607
dxf,2,73.094676,8.944352
dzb,2,408.293100,48.203232
dyb,2,87.939209,10.567402
cvx,2,138.600053,16.273007
dyf,2,86.865141,10.449851
dzb2,2,407.787145,48.160010
dxb,2,77.412576,9.417142
cvy,2,135.902329,15.945707
dzf,2,406.967715,48.038523
dxb2,2,78.251285,9.512788
dyb2,2,87.642933,10.531923
cvz,2,140.567117,17.421165
dzb3,2,404.949306,50.657062
dxb3,2,74.497715,9.533869
dyb3,2,87.749419,11.103752
csxxsyyszz,2,396.673724,47.194454
dyf2,2,87.185847,10.487894
dxf2,2,74.975165,9.114661
csxy,2,66.377225,8.336442
dzf2,2,405.586808,47.951172
dyf3,2,86.802763,10.442964
csyz,2,75.757084,9.502349
dxf3,2,72.554515,8.862068
dzf3,2,406.705863,48.130473
csxz,2,75.020664,9.419234
dxf,3,73.215537,8.932783
dzb,3,408.619347,48.257196
dyb,3,87.543414,10.542096
cvx,3,140.571664,16.475221
dyf,3,87.183470,10.553853
dzb2,3,407.522496,48.152418
dxb,3,77.493485,9.384068
cvy,3,135.957388,15.958990
dzf,3,404.967204,47.899091
dxb2,3,77.896462,9.446918
dyb2,3,87.453253,10.536520
cvz,3,139.036525,16.540292
dzb3,3,404.157613,47.793254
dxb3,3,74.451759,9.085931
dyb3,3,87.741117,10.569477
csxxsyyszz,3,394.005300,45.056520
dyf2,3,86.587552,10.437736
dxf2,3,74.683157,9.116995
csxy,3,66.273753,8.341477
dzf2,3,403.550921,47.736212
dyf3,3,86.443388,10.431899
csyz,3,75.646933,9.511251
dxf3,3,72.510406,8.871256
dzf3,3,403.711057,47.735965
csxz,3,74.953852,9.429761
dxf,4,72.771595,8.896450
dzb,4,405.945172,47.987431
dyb,4,87.746590,10.557196
cvx,4,138.027643,16.208512
dyf,4,86.568651,10.443204
dzb2,4,405.618039,47.956484
dxb,4,77.262397,9.390437
cvy,4,135.743118,16.048898
dzf,4,406.876870,48.307527
dxb2,4,77.982534,9.502640
dyb2,4,87.538287,10.657663
cvz,4,139.786980,16.703057
dzb3,4,407.695112,48.472231
dxb3,4,74.891236,9.203369
dyb3,4,87.798345,10.621133
csxxsyyszz,4,389.770560,44.901866
dyf2,4,86.844827,10.516489
dxf2,4,74.919100,9.166253
csxy,4,66.460843,8.343890
dzf2,4,406.113622,47.942433
dyf3,4,86.891010,10.458394
csyz,4,75.772691,9.555969
dxf3,4,72.909488,8.901854
dzf3,4,408.282055,48.229188
csxz,4,75.035844,9.464024
#========================= OptEWE [OpenMP] =========================
#Source type                                  :  Force monopole
#Grid Size                                    :  512 x 512 x 512
#Iterations                                   :  5
#Compute time                                 :  22.504499
#Total effective MLUPS                        :  29.820198
#===================================================================
#Number of threads                            :  6
