dxf,0,50.723399,7.503283
dzb,0,222.391220,32.684435
dyb,0,54.361541,7.997213
cvx,0,73.435095,10.720300
dyf,0,54.788462,8.045098
dzb2,0,222.375866,32.733925
dxb,0,50.431767,7.423289
cvy,0,287.340051,37.156970
dzf,0,223.817796,32.860679
dxb2,0,52.159716,7.685468
dyb2,0,54.809869,8.039922
cvz,0,75.719719,11.258391
dzb3,0,222.499653,32.752395
dxb3,0,50.394253,7.416193
dyb3,0,54.875400,8.067419
csxxsyyszz,0,196.427052,27.622925
dyf2,0,54.816189,8.044887
dxf2,0,52.489119,7.683581
csxy,0,49.167461,7.478997
dzf2,0,225.210657,33.136969
dyf3,0,53.798885,7.903912
csyz,0,58.356838,8.901241
dxf3,0,50.406345,7.447537
dzf3,0,222.444290,32.774658
csxz,0,58.341446,8.899137
dxf,1,50.460158,7.505584
dzb,1,222.724116,32.778228
dyb,1,54.400491,7.992500
cvx,1,73.359070,10.751505
dyf,1,54.265720,7.970883
dzb2,1,222.425698,32.752556
dxb,1,50.517799,7.447853
cvy,1,71.810790,10.481916
dzf,1,222.154462,32.706665
dxb2,1,52.207128,7.646290
dyb2,1,55.041130,8.068595
cvz,1,75.882765,11.282634
dzb3,1,223.089511,32.828860
dxb3,1,50.350349,7.408763
dyb3,1,55.089101,8.093144
csxxsyyszz,1,196.234584,27.561295
dyf2,1,54.809122,8.048010
dxf2,1,52.371023,7.675992
csxy,1,49.278709,7.497490
dzf2,1,225.019569,33.109721
dyf3,1,53.753732,7.909495
csyz,1,58.254535,8.924109
dxf3,1,50.191617,7.411709
dzf3,1,222.530646,32.731500
csxz,1,58.304311,8.928819
dxf,2,50.453362,7.445267
dzb,2,222.616747,32.774228
dyb,2,54.289398,7.990115
cvx,2,73.319504,10.681185
dyf,2,54.538037,8.012709
dzb2,2,222.395969,34.604787
dxb,2,50.566599,7.938348
cvy,2,71.590788,11.153084
dzf,2,221.180209,34.601684
dxb2,2,51.990258,8.077741
dyb2,2,54.659329,8.494645
cvz,2,75.544959,11.824625
dzb3,2,221.937297,34.429142
dxb3,2,50.258079,7.670518
dyb3,2,54.761315,8.131199
csxxsyyszz,2,196.365982,27.587188
dyf2,2,54.989461,8.078786
dxf2,2,52.492348,7.738611
csxy,2,49.201262,7.507051
dzf2,2,225.215963,33.068796
dyf3,2,53.724575,8.013264
csyz,2,58.263632,8.910208
dxf3,2,50.235384,7.415878
dzf3,2,222.633694,32.865180
csxz,2,58.191324,8.898787
dxf,3,50.343321,7.431569
dzb,3,222.349101,32.791280
dyb,3,54.863423,8.055003
cvx,3,73.197282,10.662038
dyf,3,54.801221,8.050152
dzb2,3,222.210575,32.747787
dxb,3,50.555167,7.452026
cvy,3,71.837747,10.488680
dzf,3,222.210049,32.783422
dxb2,3,52.213329,7.655054
dyb2,3,54.801465,8.056916
cvz,3,75.684762,11.322735
dzb3,3,222.878926,32.783101
dxb3,3,50.376991,7.494788
dyb3,3,55.068745,8.088705
csxxsyyszz,3,196.317337,27.557426
dyf2,3,54.922453,8.124109
dxf2,3,52.228723,7.652475
csxy,3,49.206944,7.493687
dzf2,3,225.098874,33.129323
dyf3,3,53.994859,7.942644
csyz,3,58.251398,8.889770
dxf3,3,50.260422,7.419936
dzf3,3,222.682056,32.800122
csxz,3,58.374067,8.907396
dxf,4,50.369478,7.437368
dzb,4,222.411251,32.784063
dyb,4,54.788066,8.047242
cvx,4,73.190662,10.673760
dyf,4,54.480324,8.038037
dzb2,4,224.046286,33.001224
dxb,4,50.600811,7.455956
cvy,4,71.748064,10.556794
dzf,4,221.937822,32.666037
dxb2,4,52.161483,7.714828
dyb2,4,54.734965,8.044940
cvz,4,75.704973,11.267997
dzb3,4,222.531210,32.818013
dxb3,4,50.304698,7.409543
dyb3,4,54.738205,8.052625
csxxsyyszz,4,194.700804,27.418045
dyf2,4,54.525203,8.012284
dxf2,4,52.467963,7.699066
csxy,4,49.069970,7.470662
dzf2,4,225.118702,33.108316
dyf3,4,54.139930,7.961953
csyz,4,58.295975,8.899366
dxf3,4,50.317482,7.421828
dzf3,4,222.676797,32.857004
csxz,4,58.232417,8.928927
#========================= OptEWE [OpenMP] =========================
#Source type                                  :  Force monopole
#Grid Size                                    :  512 x 512 x 512
#Iterations                                   :  5
#Compute time                                 :  12.986002
#Total effective MLUPS                        :  51.677848
#===================================================================
#Number of threads                            :  10
