dxf,0,52.303304,7.428764
dzb,0,217.345034,31.181816
dyb,0,54.139625,7.692298
cvx,0,68.057479,9.727480
dyf,0,54.266354,7.742282
dzb2,0,217.172337,31.159767
dxb,0,51.158345,7.274017
cvy,0,284.485460,35.694594
dzf,0,217.418694,31.167813
dxb2,0,52.936083,7.497073
dyb2,0,54.257718,7.713316
cvz,0,73.879703,10.764642
dzb3,0,217.690748,31.188548
dxb3,0,53.656301,7.586757
dyb3,0,54.187723,7.716549
csxxsyyszz,0,179.610946,24.744508
dyf2,0,53.899042,7.682941
dxf2,0,52.903740,7.533027
csxy,0,51.435028,7.540326
dzf2,0,216.307715,31.031722
dyf3,0,53.603636,7.665198
csyz,0,61.627379,9.024620
dxf3,0,52.729735,7.495922
dzf3,0,216.330970,31.054781
csxz,0,61.514521,9.006995
dxf,1,52.083965,7.422326
dzb,1,217.525370,31.209427
dyb,1,53.505874,7.616075
cvx,1,68.013416,9.733691
dyf,1,53.930467,7.695755
dzb2,1,217.075208,31.160452
dxb,1,51.197997,7.287262
cvy,1,66.640705,9.574824
dzf,1,216.227964,31.047310
dxb2,1,52.960444,7.505059
dyb2,1,54.254771,7.716893
cvz,1,73.887128,10.806115
dzb3,1,217.599737,31.189171
dxb3,1,53.754695,7.655890
dyb3,1,54.319215,7.764010
csxxsyyszz,1,179.326062,24.704146
dyf2,1,54.415784,7.745625
dxf2,1,53.049250,7.571454
csxy,1,51.459129,7.527597
dzf2,1,216.514637,31.062773
dyf3,1,53.631978,7.693873
csyz,1,61.643595,9.027362
dxf3,1,52.673152,7.478856
dzf3,1,216.389153,31.075914
csxz,1,61.540818,9.000711
dxf,2,51.845994,7.393923
dzb,2,217.453060,31.215808
dyb,2,54.216535,7.714238
cvx,2,68.026624,9.729751
dyf,2,54.329799,7.747332
dzb2,2,217.230975,31.208601
dxb,2,51.262911,7.304481
cvy,2,66.659577,9.575820
dzf,2,215.986159,31.053982
dxb2,2,53.031351,7.500923
dyb2,2,54.255036,7.735702
cvz,2,74.071212,10.792102
dzb3,2,217.607088,31.186747
dxb3,2,53.878062,7.651297
dyb3,2,54.296427,7.764146
csxxsyyszz,2,179.353906,24.717891
dyf2,2,53.975236,7.700671
dxf2,2,53.064548,7.553497
csxy,2,51.464117,7.521408
dzf2,2,216.333220,31.010945
dyf3,2,54.121402,7.722689
csyz,2,61.688150,9.013201
dxf3,2,52.588556,7.463436
dzf3,2,216.247820,31.038381
csxz,2,61.550549,9.030100
dxf,3,51.923898,7.400870
dzb,3,217.306025,31.227198
dyb,3,54.060988,7.686676
cvx,3,67.989487,9.735060
dyf,3,53.765270,7.682079
dzb2,3,217.211718,31.212778
dxb,3,51.248252,7.290185
cvy,3,66.585418,9.570797
dzf,3,216.156171,31.041587
dxb2,3,54.039687,7.781112
dyb2,3,54.180457,8.012298
cvz,3,73.865950,11.165823
dzb3,3,216.749380,32.300504
dxb3,3,54.340511,7.994484
dyb3,3,54.252831,8.043951
csxxsyyszz,3,178.691647,25.643864
dyf2,3,54.258650,8.036941
dxf2,3,52.918808,7.817651
csxy,3,51.376627,7.813367
dzf2,3,215.766056,32.015904
dyf3,3,54.040935,7.707829
csyz,3,61.646655,9.014600
dxf3,3,52.663992,7.475361
dzf3,3,216.332615,31.039388
csxz,3,61.451159,8.997717
dxf,4,51.794856,7.380278
dzb,4,217.314324,31.179891
dyb,4,53.520824,7.626474
cvx,4,68.043736,9.733535
dyf,4,53.772343,7.680035
dzb2,4,217.178972,31.193073
dxb,4,51.201454,7.296449
cvy,4,66.657708,9.600793
dzf,4,216.914908,31.123806
dxb2,4,52.964103,7.505209
dyb2,4,54.137924,7.730364
cvz,4,73.975523,10.765411
dzb3,4,217.552882,31.195369
dxb3,4,53.726307,7.607889
dyb3,4,54.163056,7.707838
csxxsyyszz,4,179.562723,24.758574
dyf2,4,53.933586,7.697793
dxf2,4,53.170747,7.542270
csxy,4,51.442968,7.522806
dzf2,4,216.494656,31.064872
dyf3,4,54.105428,7.718115
csyz,4,61.656031,9.015726
dxf3,4,52.758076,7.498119
dzf3,4,216.288710,31.034701
csxz,4,61.551148,9.006728
#========================= OptEWE [OpenMP] =========================
#Source type                                  :  Force monopole
#Grid Size                                    :  512 x 512 x 512
#Iterations                                   :  5
#Compute time                                 :  12.738252
#Total effective MLUPS                        :  52.682947
#===================================================================
#Number of threads                            :  11
