dxf,0,67.502996,9.786467
dzb,0,379.222111,53.379741
dyb,0,81.460627,11.626909
cvx,0,131.380902,18.294914
dyf,0,80.481285,11.516798
dzb2,0,380.381274,53.519619
dxb,0,69.753939,10.078216
cvy,0,380.348005,49.509087
dzf,0,376.227546,53.054054
dxb2,0,69.517240,10.068862
dyb2,0,81.422030,11.671431
cvz,0,131.948652,18.614308
dzb3,0,378.433110,53.350602
dxb3,0,69.564613,10.097034
dyb3,0,81.583150,11.669216
csxxsyyszz,0,357.839199,48.492568
dyf2,0,81.191802,11.643320
dxf2,0,68.128376,9.955137
csxy,0,57.658942,8.729344
dzf2,0,377.596334,53.193758
dyf3,0,81.029624,11.594070
csyz,0,66.263911,10.010966
dxf3,0,67.268829,9.787858
dzf3,0,379.998728,53.495167
csxz,0,65.499477,9.883211
dxf,1,67.576930,10.065779
dzb,1,379.079703,53.503218
dyb,1,81.464841,11.652416
cvx,1,131.341567,18.302644
dyf,1,81.208544,11.708462
dzb2,1,380.306438,53.622086
dxb,1,69.667065,10.077561
cvy,1,128.937378,18.010692
dzf,1,378.108648,53.310209
dxb2,1,69.622831,10.085014
dyb2,1,81.363850,11.662478
cvz,1,132.034085,18.638975
dzb3,1,378.312228,53.594272
dxb3,1,69.688798,10.087085
dyb3,1,81.453519,11.658035
csxxsyyszz,1,357.656882,48.744323
dyf2,1,80.239004,11.782657
dxf2,1,68.060044,9.930446
csxy,1,57.801119,8.758584
dzf2,1,377.450072,53.239132
dyf3,1,81.016039,11.668506
csyz,1,66.321294,10.008541
dxf3,1,67.362692,9.793827
dzf3,1,378.407017,53.330493
csxz,1,65.511956,9.889005
dxf,2,67.140487,9.845933
dzb,2,379.110237,53.409516
dyb,2,80.732968,11.552937
cvx,2,131.545964,18.342254
dyf,2,80.383869,11.508862
dzb2,2,380.407759,53.535669
dxb,2,69.615750,10.098328
cvy,2,129.122138,18.026583
dzf,2,377.066572,53.137906
dxb2,2,69.752034,10.098817
dyb2,2,81.902476,11.727225
cvz,2,132.223037,18.651958
dzb3,2,379.411401,53.435887
dxb3,2,69.595660,10.088675
dyb3,2,81.490198,11.670893
csxxsyyszz,2,356.961520,48.392963
dyf2,2,80.059959,11.480183
dxf2,2,68.020701,9.897376
csxy,2,57.787496,8.760437
dzf2,2,376.429485,53.106307
dyf3,2,81.054123,11.612468
csyz,2,66.191294,9.989410
dxf3,2,66.992740,9.761975
dzf3,2,377.244178,53.181225
csxz,2,65.501773,9.899933
dxf,3,67.365872,9.826630
dzb,3,378.624421,53.338589
dyb,3,81.417327,11.650157
cvx,3,131.162782,18.299796
dyf,3,80.592822,11.545167
dzb2,3,380.426660,54.523380
dxb,3,69.164464,10.583746
cvy,3,128.957987,19.036182
dzf,3,377.630936,56.245835
dxb2,3,69.477956,10.618751
dyb2,3,81.136399,12.288254
cvz,3,131.954109,19.689066
dzb3,3,377.288540,55.435034
dxb3,3,69.211140,10.437966
dyb3,3,81.324915,12.111043
csxxsyyszz,3,356.699412,49.327268
dyf2,3,80.552141,11.619032
dxf2,3,68.094676,9.967480
csxy,3,57.885469,8.781790
dzf2,3,379.052990,53.396601
dyf3,3,81.054722,11.628056
csyz,3,66.258665,9.994218
dxf3,3,67.129639,9.774294
dzf3,3,378.189442,53.299083
csxz,3,65.486455,9.887721
dxf,4,67.845369,9.864372
dzb,4,379.466026,53.401252
dyb,4,81.638832,11.697098
cvx,4,131.349007,18.324050
dyf,4,80.311151,11.513264
dzb2,4,380.088081,53.567543
dxb,4,69.617130,10.090194
cvy,4,129.073888,18.034996
dzf,4,377.235370,53.170403
dxb2,4,69.664831,10.104098
dyb2,4,81.364010,11.659070
cvz,4,132.161490,18.664728
dzb3,4,378.808710,53.379379
dxb3,4,69.452871,10.080204
dyb3,4,81.319310,11.645684
csxxsyyszz,4,356.980610,48.386701
dyf2,4,80.572188,11.567881
dxf2,4,68.184046,9.941355
csxy,4,57.715893,8.774772
dzf2,4,376.541925,53.116940
dyf3,4,80.863852,11.607784
csyz,4,66.362431,10.022191
dxf3,4,67.235298,9.799423
dzf3,4,377.085556,53.179633
csxz,4,65.438099,9.931893
#========================= OptEWE [OpenMP] =========================
#Source type                                  :  Force monopole
#Grid Size                                    :  512 x 512 x 512
#Iterations                                   :  5
#Compute time                                 :  20.790419
#Total effective MLUPS                        :  32.278746
#===================================================================
#Number of threads                            :  5
