dxf,0,89.516374,12.672961
dzb,0,522.409358,71.735576
dyb,0,108.654338,15.146538
cvx,0,186.823925,25.380601
dyf,0,108.797786,15.180505
dzb2,0,522.917018,71.816887
dxb,0,92.209298,12.983608
cvy,0,490.992060,63.577981
dzf,0,521.778521,71.632307
dxb2,0,92.390874,13.009175
dyb2,0,109.376205,15.249112
cvz,0,187.297497,25.656288
dzb3,0,521.143890,74.801709
dxb3,0,91.513748,13.579705
dyb3,0,108.791657,16.006837
csxxsyyszz,0,507.284325,71.010460
dyf2,0,107.715031,15.656355
dxf2,0,88.423877,13.013538
csxy,0,73.550227,11.238965
dzf2,0,521.642811,73.098189
dyf3,0,107.855139,15.166510
csyz,0,82.122705,12.026821
dxf3,0,88.604230,12.551404
dzf3,0,522.485573,71.711766
csxz,0,83.917109,12.249306
dxf,1,89.219934,12.643249
dzb,1,523.208462,71.788061
dyb,1,109.053146,15.222492
cvx,1,186.949037,25.395733
dyf,1,108.640009,15.162318
dzb2,1,523.208409,71.827917
dxb,1,92.068986,12.994582
cvy,1,184.621922,25.097042
dzf,1,521.432675,71.581837
dxb2,1,92.611468,13.034817
dyb2,1,109.183747,15.239247
cvz,1,187.336826,25.652383
dzb3,1,522.208832,71.694836
dxb3,1,92.293525,13.002832
dyb3,1,109.321483,15.247638
csxxsyyszz,1,507.583077,67.481498
dyf2,1,108.417945,15.127260
dxf2,1,89.056809,12.613527
csxy,1,73.824122,10.857436
dzf2,1,521.617869,71.653637
dyf3,1,108.133563,15.109822
csyz,1,82.055725,12.024460
dxf3,1,88.380122,12.533528
dzf3,1,520.686147,71.521776
csxz,1,83.674211,12.215942
dxf,2,89.139509,12.621811
dzb,2,522.737019,71.768973
dyb,2,109.202744,15.233782
cvx,2,186.564043,25.368740
dyf,2,108.371311,15.139102
dzb2,2,522.208646,71.735172
dxb,2,92.193804,12.993932
cvy,2,184.621770,25.090321
dzf,2,523.692870,71.806769
dxb2,2,93.978836,13.224800
dyb2,2,109.334083,15.250011
cvz,2,187.306984,25.633183
dzb3,2,521.591264,71.515720
dxb3,2,92.422435,13.008089
dyb3,2,108.966744,15.198384
csxxsyyszz,2,506.798493,67.412678
dyf2,2,108.239386,15.118828
dxf2,2,88.776074,12.570568
csxy,2,73.527300,10.824321
dzf2,2,523.040910,71.857724
dyf3,2,107.628097,15.047074
csyz,2,82.100139,12.041598
dxf3,2,88.167541,12.512933
dzf3,2,518.447297,71.299213
csxz,2,83.730365,12.263789
dxf,3,88.834278,12.596330
dzb,3,520.054314,71.557155
dyb,3,108.880208,15.231969
cvx,3,186.351475,25.378493
dyf,3,108.066140,15.125329
dzb2,3,520.322998,71.515254
dxb,3,91.611435,12.931865
cvy,3,183.947841,25.043131
dzf,3,520.887210,71.495011
dxb2,3,92.455365,13.007437
dyb2,3,109.471981,15.269492
cvz,3,187.269269,25.612787
dzb3,3,522.495443,71.637713
dxb3,3,92.269495,12.987913
dyb3,3,108.889280,15.193643
csxxsyyszz,3,509.052507,67.646950
dyf2,3,108.326774,15.130049
dxf2,3,88.803819,12.583254
csxy,3,73.792264,10.858900
dzf2,3,521.274510,71.621920
dyf3,3,108.223144,15.093808
csyz,3,82.182006,12.047980
dxf3,3,88.034615,12.500426
dzf3,3,519.183533,71.378392
csxz,3,83.423277,12.191944
dxf,4,88.844108,12.580696
dzb,4,521.565864,71.596631
dyb,4,109.296731,15.223262
cvx,4,186.845065,25.369435
dyf,4,108.382328,15.115639
dzb2,4,524.855854,71.968363
dxb,4,92.288065,12.981813
cvy,4,184.609116,25.082522
dzf,4,520.798684,71.531248
dxb2,4,92.568324,13.030961
dyb2,4,109.150438,15.250577
cvz,4,187.250183,25.621694
dzb3,4,523.589309,71.855525
dxb3,4,91.781550,12.931082
dyb3,4,109.192346,15.249424
csxxsyyszz,4,507.578499,67.479767
dyf2,4,108.494109,15.141955
dxf2,4,89.050805,12.584297
csxy,4,73.815579,10.848429
dzf2,4,522.945838,71.784918
dyf3,4,108.316423,15.090693
csyz,4,82.157072,12.021095
dxf3,4,88.469876,12.568374
dzf3,4,521.752672,72.330207
csxz,4,83.734500,12.245277
#========================= OptEWE [OpenMP] =========================
#Source type                                  :  Force monopole
#Grid Size                                    :  512 x 512 x 512
#Iterations                                   :  5
#Compute time                                 :  28.467745
#Total effective MLUPS                        :  23.573649
#===================================================================
#Number of threads                            :  4
