dxf,0,29.830014,5.468876
dzb,0,113.782181,21.604886
dyb,0,29.267516,5.432546
cvx,0,39.676368,7.289565
dyf,0,29.194761,5.435405
dzb2,0,113.799217,21.639910
dxb,0,28.760364,5.302812
cvy,0,329.210373,49.818057
dzf,0,113.358743,21.571059
dxb2,0,28.714573,5.310760
dyb2,0,29.481701,5.482883
cvz,0,42.048857,7.914025
dzb3,0,113.714087,21.614946
dxb3,0,28.765439,5.321007
dyb3,0,29.497248,5.471501
csxxsyyszz,0,105.761105,18.534139
dyf2,0,29.208004,5.425740
dxf2,0,28.562670,5.316346
csxy,0,29.024784,5.543968
dzf2,0,113.316796,21.584262
dyf3,0,28.978047,5.389796
csyz,0,34.904755,6.656385
dxf3,0,28.412414,5.283288
dzf3,0,113.493367,21.645405
csxz,0,34.722085,6.625167
dxf,1,28.352014,5.283280
dzb,1,113.862963,21.675795
dyb,1,29.255592,5.437765
cvx,1,39.669399,7.302556
dyf,1,29.164670,5.435565
dzb2,1,114.204713,21.741352
dxb,1,28.805853,5.327882
cvy,1,38.958032,7.192870
dzf,1,113.334990,21.593148
dxb2,1,28.683045,5.307917
dyb2,1,29.502054,5.487382
cvz,1,42.082931,7.937773
dzb3,1,113.623566,21.646153
dxb3,1,28.801871,5.330026
dyb3,1,29.501289,5.474273
csxxsyyszz,1,105.799499,18.564474
dyf2,1,29.278941,5.431716
dxf2,1,28.549170,5.331200
csxy,1,29.039277,5.544511
dzf2,1,113.375538,21.600751
dyf3,1,29.006983,5.423838
csyz,1,34.899361,6.664808
dxf3,1,28.365103,5.290801
dzf3,1,113.664258,21.671202
csxz,1,34.739587,6.640327
dxf,2,28.337329,5.272396
dzb,2,113.704945,21.666600
dyb,2,29.295739,5.430934
cvx,2,39.654638,7.310598
dyf,2,29.095794,5.412873
dzb2,2,113.822433,21.686142
dxb,2,28.752014,5.323315
cvy,2,38.925279,7.189864
dzf,2,113.453137,21.618001
dxb2,2,28.688000,5.306443
dyb2,2,29.508720,5.488860
cvz,2,42.054364,7.933818
dzb3,2,113.632887,21.647188
dxb3,2,28.797588,5.329353
dyb3,2,29.464123,5.469634
csxxsyyszz,2,105.692374,18.553333
dyf2,2,29.192392,5.423428
dxf2,2,28.708991,5.337839
csxy,2,29.071163,5.551068
dzf2,2,113.354511,21.599209
dyf3,2,28.990549,5.413381
csyz,2,34.897838,6.665245
dxf3,2,28.501310,5.309556
dzf3,2,113.593064,21.653307
csxz,2,34.729641,6.640355
dxf,3,28.325986,5.270522
dzb,3,113.803389,21.684369
dyb,3,29.269159,5.425770
cvx,3,39.671292,7.314515
dyf,3,29.113016,5.412556
dzb2,3,113.837362,21.700247
dxb,3,28.798320,5.327929
cvy,3,38.941746,7.193392
dzf,3,113.407146,21.615771
dxb2,3,28.706203,5.335646
dyb2,3,29.587113,5.499504
cvz,3,42.107680,7.941365
dzb3,3,113.666767,21.654507
dxb3,3,28.739484,5.336443
dyb3,3,29.546261,5.480474
csxxsyyszz,3,105.379439,18.504063
dyf2,3,29.294024,5.436167
dxf2,3,28.498228,5.327625
csxy,3,29.030994,5.547846
dzf2,3,113.388846,21.610681
dyf3,3,28.996533,5.420298
csyz,3,34.923608,6.671258
dxf3,3,28.448289,5.287470
dzf3,3,113.601418,21.664160
csxz,3,34.796502,6.627525
dxf,4,28.290633,5.266537
dzb,4,113.786688,21.686258
dyb,4,29.235296,5.426448
cvx,4,39.662799,7.316456
dyf,4,29.271579,5.441327
dzb2,4,113.782415,21.688288
dxb,4,28.752687,5.323081
cvy,4,38.936289,7.194331
dzf,4,113.405588,21.619665
dxb2,4,28.725525,5.315898
dyb2,4,29.525473,5.492214
cvz,4,42.049810,7.938574
dzb3,4,113.582743,21.646771
dxb3,4,28.742390,5.320576
dyb3,4,29.525201,5.485377
csxxsyyszz,4,105.712395,18.569073
dyf2,4,29.181778,5.425340
dxf2,4,28.527403,5.314180
csxy,4,29.056308,5.553855
dzf2,4,113.432462,21.621706
dyf3,4,28.995460,5.421668
csyz,4,34.903924,6.670649
dxf3,4,28.409095,5.284447
dzf3,4,113.683090,21.680847
csxz,4,34.729708,6.701123
#========================= OptEWE [OpenMP] =========================
#Source type                                  :  Force monopole
#Grid Size                                    :  512 x 512 x 512
#Iterations                                   :  5
#Compute time                                 :  7.062150
#Total effective MLUPS                        :  95.026103
#===================================================================
#Number of threads                            :  22
