dxf,0,60.078292,7.775536
dzb,0,300.111781,38.061278
dyb,0,67.961146,8.741872
cvx,0,97.056535,12.273607
dyf,0,67.814418,8.718821
dzb2,0,302.227738,38.310596
dxb,0,59.826651,7.792421
cvy,0,335.292793,38.642991
dzf,0,297.318975,37.769701
dxb2,0,61.415379,7.940009
dyb2,0,68.305199,8.765020
cvz,0,97.391972,12.554956
dzb3,0,299.939176,38.072345
dxb3,0,60.169792,7.795142
dyb3,0,68.134330,8.789328
csxxsyyszz,0,264.513684,32.428905
dyf2,0,67.470409,8.693293
dxf2,0,65.008998,8.342013
csxy,0,59.267011,7.840005
dzf2,0,300.876883,38.175248
dyf3,0,67.112055,8.638245
csyz,0,68.704149,9.154950
dxf3,0,59.509265,7.713400
dzf3,0,300.514189,38.133334
csxz,0,68.215634,9.027730
dxf,1,59.837672,7.755968
dzb,1,299.577898,38.021883
dyb,1,68.187021,8.754117
cvx,1,96.988421,12.300333
dyf,1,67.708896,8.702801
dzb2,1,303.734706,38.517668
dxb,1,59.878761,7.745833
cvy,1,94.441799,11.985008
dzf,1,297.238771,37.739755
dxb2,1,61.344897,7.913978
dyb2,1,68.296384,8.809745
cvz,1,97.367435,12.556219
dzb3,1,300.152454,38.080102
dxb3,1,60.087455,7.777933
dyb3,1,68.216072,8.784281
csxxsyyszz,1,264.664424,32.457335
dyf2,1,68.023184,8.735634
dxf2,1,65.130875,8.409781
csxy,1,59.335847,7.848381
dzf2,1,302.702714,38.397440
dyf3,1,67.214220,8.650665
csyz,1,68.678719,9.096987
dxf3,1,59.396937,7.719046
dzf3,1,300.542740,38.165942
csxz,1,68.043609,9.075681
dxf,2,59.435964,7.711085
dzb,2,299.737872,38.075049
dyb,2,68.245989,8.755107
cvx,2,96.998203,12.292295
dyf,2,67.897599,8.732467
dzb2,2,302.332746,38.322291
dxb,2,59.724611,7.741191
cvy,2,94.648400,12.020963
dzf,2,297.164150,37.728665
dxb2,2,61.427946,7.921036
dyb2,2,69.016165,8.921797
cvz,2,97.371531,12.751613
dzb3,2,300.199746,38.397609
dxb3,2,59.882731,7.802793
dyb3,2,68.436109,8.860398
csxxsyyszz,2,264.548087,32.653662
dyf2,2,67.573112,8.743740
dxf2,2,65.116885,8.410769
csxy,2,59.241655,7.973465
dzf2,2,301.233602,38.224356
dyf3,2,67.233541,8.699192
csyz,2,68.668984,9.097291
dxf3,2,59.107766,7.675773
dzf3,2,300.529126,38.205759
csxz,2,68.087411,9.023649
dxf,3,59.763210,7.816366
dzb,3,299.371089,38.073089
dyb,3,67.964720,8.787149
cvx,3,96.987649,12.284648
dyf,3,67.700028,8.706076
dzb2,3,302.386275,38.372345
dxb,3,59.901095,7.760506
cvy,3,94.427490,12.082784
dzf,3,297.278611,37.800615
dxb2,3,61.452938,7.929502
dyb2,3,68.004625,8.732887
cvz,3,97.600979,12.587815
dzb3,3,300.262842,38.134126
dxb3,3,60.019018,7.801988
dyb3,3,67.990484,8.758948
csxxsyyszz,3,262.204420,32.229541
dyf2,3,67.702754,8.703851
dxf2,3,65.160691,8.360505
csxy,3,59.279103,7.843305
dzf2,3,301.063051,38.250407
dyf3,3,67.092912,8.677836
csyz,3,68.697635,9.135926
dxf3,3,59.305932,7.699684
dzf3,3,300.574987,38.270187
csxz,3,68.221512,9.060426
dxf,4,59.828696,7.780427
dzb,4,300.041550,38.232322
dyb,4,68.124289,8.770394
cvx,4,96.941962,12.353670
dyf,4,67.737355,8.731124
dzb2,4,303.602373,38.613866
dxb,4,59.993542,7.772237
cvy,4,94.448835,12.010251
dzf,4,297.204448,37.774784
dxb2,4,61.303359,7.967612
dyb2,4,67.929940,8.733796
cvz,4,97.541188,12.577763
dzb3,4,300.211057,38.140099
dxb3,4,59.990772,8.006555
dyb3,4,68.036993,8.806417
csxxsyyszz,4,262.220142,32.225017
dyf2,4,67.635583,8.773634
dxf2,4,65.032052,8.364505
csxy,4,59.275165,7.857725
dzf2,4,302.160995,38.426628
dyf3,4,67.345711,8.683692
csyz,4,68.783895,9.152802
dxf3,4,59.519701,7.747806
dzf3,4,300.508676,38.161118
csxz,4,68.182781,9.059405
#========================= OptEWE [OpenMP] =========================
#Source type                                  :  Force monopole
#Grid Size                                    :  512 x 512 x 512
#Iterations                                   :  5
#Compute time                                 :  16.859409
#Total effective MLUPS                        :  39.804991
#===================================================================
#Number of threads                            :  7
