dxf,0,72.894986,12.558131
dzb,0,389.917383,65.587144
dyb,0,91.564796,15.440236
cvx,0,122.196418,20.669179
dyf,0,91.666040,15.495749
dzb2,0,389.851482,65.669159
dxb,0,90.660549,15.280860
cvy,0,287.636512,45.881630
dzf,0,388.877948,65.504370
dxb2,0,90.759599,15.301131
dyb2,0,92.027580,15.548867
cvz,0,142.499180,24.067393
dzb3,0,389.438289,65.635041
dxb3,0,90.783410,15.314273
dyb3,0,92.103893,15.573274
csxxsyyszz,0,185.947476,32.443110
dyf2,0,91.971770,15.553860
dxf2,0,91.330898,15.417244
csxy,0,101.525252,17.201384
dzf2,0,389.317237,65.627708
dyf3,0,91.614214,15.495977
csyz,0,121.549558,20.530016
dxf3,0,90.843266,15.344982
dzf3,0,389.894194,65.741544
csxz,0,120.947196,20.439580
dxf,1,72.280505,12.500864
dzb,1,389.374296,65.652139
dyb,1,91.467520,15.455060
cvx,1,122.095767,20.665077
dyf,1,91.727062,15.522955
dzb2,1,389.363839,65.643032
dxb,1,90.876509,15.329237
cvy,1,121.795264,20.619542
dzf,1,388.799437,65.541614
dxb2,1,90.871797,15.318812
dyb2,1,92.176380,15.593620
cvz,1,142.393765,24.078760
dzb3,1,388.768041,65.580058
dxb3,1,90.692020,15.304894
dyb3,1,91.898988,15.546739
csxxsyyszz,1,185.713926,32.414403
dyf2,1,92.126591,15.597080
dxf2,1,91.241543,15.417122
csxy,1,101.529038,17.206091
dzf2,1,389.443362,65.679098
dyf3,1,91.666423,15.511585
csyz,1,121.569606,20.546498
dxf3,1,90.996620,15.371876
dzf3,1,389.951049,65.743526
csxz,1,121.114973,20.463383
dxf,2,72.254487,12.496608
dzb,2,389.777132,65.701370
dyb,2,91.452712,15.444199
cvx,2,122.884805,20.796642
dyf,2,91.770904,15.521987
dzb2,2,389.927657,65.747186
dxb,2,90.784758,15.316720
cvy,2,122.172164,20.672958
dzf,2,388.996592,65.603401
dxb2,2,90.838897,15.324744
dyb2,2,92.049923,15.562434
cvz,2,142.159833,24.035747
dzb3,2,389.551268,65.661430
dxb3,2,90.661749,15.297322
dyb3,2,93.638664,15.832573
csxxsyyszz,2,185.440584,32.329011
dyf2,2,92.420629,15.649442
dxf2,2,91.363219,15.467154
csxy,2,101.445338,17.176271
dzf2,2,388.879562,65.533309
dyf3,2,91.439698,15.472358
csyz,2,121.496890,20.521985
dxf3,2,90.796898,15.328885
dzf3,2,389.884113,65.723267
csxz,2,121.068169,20.462489
dxf,3,72.490340,12.534094
dzb,3,389.731227,65.699986
dyb,3,91.493831,15.458891
cvx,3,122.236508,20.695922
dyf,3,91.892106,15.546563
dzb2,3,389.844769,65.699435
dxb,3,90.891657,15.335620
cvy,3,121.750563,20.601704
dzf,3,389.396970,65.629198
dxb2,3,90.721856,15.298959
dyb2,3,92.276139,15.590127
cvz,3,142.250569,24.036271
dzb3,3,389.625152,65.671642
dxb3,3,90.622372,15.287353
dyb3,3,91.976419,15.558108
csxxsyyszz,3,185.155190,32.305991
dyf2,3,92.124861,15.574124
dxf2,3,91.342719,15.410155
csxy,3,101.394544,17.171732
dzf2,3,389.305905,65.530089
dyf3,3,91.596503,15.481901
csyz,3,121.500658,20.525708
dxf3,3,91.002582,15.362923
dzf3,3,389.423849,65.656137
csxz,3,121.047431,20.462059
dxf,4,72.393188,12.522065
dzb,4,389.723415,65.713870
dyb,4,91.267395,15.432531
cvx,4,122.172193,20.686141
dyf,4,91.751475,15.527087
dzb2,4,389.829473,65.732501
dxb,4,91.348589,15.407830
cvy,4,121.847039,20.621868
dzf,4,388.817946,65.545108
dxb2,4,90.739187,15.311005
dyb2,4,92.008966,15.564809
cvz,4,142.200211,24.042204
dzb3,4,389.398508,65.645889
dxb3,4,90.763850,15.317139
dyb3,4,92.111486,15.578845
csxxsyyszz,4,186.266593,32.484942
dyf2,4,92.096877,15.580538
dxf2,4,91.281440,15.418711
csxy,4,101.401418,17.179049
dzf2,4,389.527016,65.672037
dyf3,4,91.625825,15.510380
csyz,4,121.540966,20.530665
dxf3,4,91.015320,15.367520
dzf3,4,389.874662,65.729526
csxz,4,120.943644,20.457134
#========================= OptEWE [OpenMP] =========================
#Source type                                  :  Force monopole
#Grid Size                                    :  512 x 512 x 512
#Iterations                                   :  5
#Compute time                                 :  21.824455
#Total effective MLUPS                        :  30.749388
#===================================================================
#Number of threads                            :  15
