dxf,0,137.897838,17.817963
dzb,0,682.539776,87.072216
dyb,0,164.328902,21.010959
cvx,0,214.253467,27.522643
dyf,0,164.919856,21.109368
dzb2,0,682.461271,87.114458
dxb,0,163.244250,20.871642
cvy,0,373.401907,45.893956
dzf,0,681.454108,86.951247
dxb2,0,163.034401,20.848023
dyb2,0,165.215812,21.127095
cvz,0,249.763687,32.039406
dzb3,0,681.708016,87.022571
dxb3,0,163.371877,20.895758
dyb3,0,165.051461,21.115468
csxxsyyszz,0,327.383141,42.821764
dyf2,0,165.198680,21.143205
dxf2,0,163.488546,20.910804
csxy,0,177.015024,22.717875
dzf2,0,683.743859,87.275160
dyf3,0,164.651730,21.074181
csyz,0,212.864494,27.275874
dxf3,0,163.213074,20.884843
dzf3,0,682.715369,87.174965
csxz,0,212.411998,27.223848
dxf,1,136.699271,17.694878
dzb,1,683.323142,87.229813
dyb,1,164.451325,21.021906
cvx,1,213.735953,27.468673
dyf,1,164.945629,21.226688
dzb2,1,681.849693,87.052637
dxb,1,163.173788,20.878704
cvy,1,213.540182,27.411110
dzf,1,681.862431,87.038414
dxb2,1,163.175072,20.872687
dyb2,1,165.404908,21.152390
cvz,1,250.183045,32.094041
dzb3,1,681.452437,86.990943
dxb3,1,163.205393,20.883984
dyb3,1,165.161655,21.135252
csxxsyyszz,1,327.395883,42.829028
dyf2,1,164.878672,21.113657
dxf2,1,163.517319,20.926500
csxy,1,176.919037,22.703781
dzf2,1,683.150339,87.237423
dyf3,1,164.649267,21.085148
csyz,1,212.736637,27.256384
dxf3,1,163.225691,20.885839
dzf3,1,683.005956,87.216369
csxz,1,212.018493,27.189142
dxf,2,136.754403,17.710933
dzb,2,682.687786,87.147364
dyb,2,165.369193,21.158592
cvx,2,214.107251,27.508568
dyf,2,164.636827,21.072769
dzb2,2,682.053636,87.084362
dxb,2,163.165670,20.890768
cvy,2,213.461026,27.413980
dzf,2,681.235697,87.000554
dxb2,2,163.312106,20.892938
dyb2,2,165.029309,21.105346
cvz,2,250.074412,32.103674
dzb3,2,681.174594,87.015190
dxb3,2,163.233766,20.889593
dyb3,2,165.184017,21.143306
csxxsyyszz,2,327.376549,42.822643
dyf2,2,165.248161,21.152135
dxf2,2,163.684452,20.941689
csxy,2,177.068043,22.725916
dzf2,2,682.361399,87.119791
dyf3,2,164.531505,21.073413
csyz,2,212.950018,27.284096
dxf3,2,163.339263,20.896288
dzf3,2,682.520660,87.130895
csxz,2,212.175071,27.200298
dxf,3,136.710988,17.702586
dzb,3,682.780782,87.154369
dyb,3,164.411468,21.037239
cvx,3,213.591608,27.461671
dyf,3,164.577553,21.078443
dzb2,3,681.773738,87.070515
dxb,3,163.260415,20.894117
cvy,3,216.310611,27.932843
dzf,3,684.374227,87.768997
dxb2,3,163.990963,21.147628
dyb2,3,165.218142,21.282718
cvz,3,249.957954,32.086235
dzb3,3,682.274561,87.117557
dxb3,3,163.467997,20.908795
dyb3,3,164.927492,21.099914
csxxsyyszz,3,327.372769,42.830606
dyf2,3,164.939588,21.115620
dxf2,3,163.728848,20.941167
csxy,3,176.960077,22.710166
dzf2,3,682.835505,87.167719
dyf3,3,164.660604,21.090940
csyz,3,212.517681,27.236524
dxf3,3,163.254762,20.885107
dzf3,3,682.470462,87.147310
csxz,3,212.111227,27.203636
dxf,4,136.870368,17.721613
dzb,4,682.287034,87.129498
dyb,4,164.097356,20.990251
cvx,4,214.142046,27.512419
dyf,4,164.882643,21.106343
dzb2,4,682.143159,87.087938
dxb,4,163.164451,20.878869
cvy,4,213.923954,27.457263
dzf,4,681.712280,87.061792
dxb2,4,163.327712,20.901987
dyb2,4,165.134880,21.128983
cvz,4,249.935038,32.070971
dzb3,4,681.857728,87.045676
dxb3,4,163.199377,20.884698
dyb3,4,165.350740,21.161181
csxxsyyszz,4,326.969665,42.791780
dyf2,4,164.857721,21.117181
dxf2,4,163.742032,20.956747
csxy,4,177.123714,22.734669
dzf2,4,683.204572,87.220661
dyf3,4,164.697691,21.097922
csyz,4,212.613292,27.242443
dxf3,4,163.390979,20.914787
dzf3,4,682.143437,87.146440
csxz,4,212.205367,27.217738
#========================= OptEWE [OpenMP] =========================
#Source type                                  :  Force monopole
#Grid Size                                    :  512 x 512 x 512
#Iterations                                   :  5
#Compute time                                 :  38.383842
#Total effective MLUPS                        :  17.483623
#===================================================================
#Number of threads                            :  12
