dxf,0,77.842396,13.326692
dzb,0,409.367652,68.376971
dyb,0,96.325878,16.180167
cvx,0,129.088408,21.754352
dyf,0,96.799635,16.300367
dzb2,0,409.377855,68.487743
dxb,0,95.653664,16.061926
cvy,0,277.864400,44.379998
dzf,0,409.126873,68.444510
dxb2,0,95.562894,16.052719
dyb2,0,96.749364,16.278574
cvz,0,150.125632,25.274316
dzb3,0,409.100329,68.463212
dxb3,0,95.521330,16.043644
dyb3,0,96.799716,16.291861
csxxsyyszz,0,195.627668,33.952323
dyf2,0,96.879171,16.326858
dxf2,0,95.962108,16.128559
csxy,0,106.672205,17.991921
dzf2,0,410.243473,68.650061
dyf3,0,96.492763,16.241553
csyz,0,127.930002,21.518148
dxf3,0,95.714045,16.086003
dzf3,0,409.470605,68.535763
csxz,0,127.568584,21.461930
dxf,1,77.388955,13.300736
dzb,1,409.614276,68.598928
dyb,1,96.192935,16.177590
cvx,1,128.774981,21.720005
dyf,1,96.743846,16.305286
dzb2,1,409.227460,68.506642
dxb,1,95.631099,16.066394
cvy,1,128.910848,21.722965
dzf,1,409.180182,68.501340
dxb2,1,95.609590,16.064259
dyb2,1,96.765067,16.289855
cvz,1,151.641839,25.542853
dzb3,1,408.991145,68.326084
dxb3,1,95.596188,16.065333
dyb3,1,96.867270,16.303848
csxxsyyszz,1,195.751284,33.962847
dyf2,1,97.043083,16.334850
dxf2,1,96.049195,16.153661
csxy,1,106.658899,17.997948
dzf2,1,408.654188,68.419050
dyf3,1,96.565142,16.263589
csyz,1,128.077921,21.548124
dxf3,1,95.740428,16.099690
dzf3,1,409.025825,68.503365
csxz,1,127.623899,21.483727
dxf,2,77.339965,13.294030
dzb,2,409.093344,68.503973
dyb,2,96.282964,16.202064
cvx,2,128.922030,21.750385
dyf,2,97.009975,16.344221
dzb2,2,409.589901,68.527827
dxb,2,95.576963,16.059393
cvy,2,128.949375,21.733797
dzf,2,409.265644,68.367774
dxb2,2,95.517126,16.053400
dyb2,2,96.829585,16.302075
cvz,2,150.161333,25.284772
dzb3,2,409.129938,68.478744
dxb3,2,95.620743,16.056275
dyb3,2,96.869491,16.293843
csxxsyyszz,2,195.723290,33.937250
dyf2,2,96.860926,16.292526
dxf2,2,96.085140,16.144632
csxy,2,106.757053,18.022913
dzf2,2,408.932915,68.529550
dyf3,2,96.677392,16.293223
csyz,2,128.005537,21.556255
dxf3,2,95.796194,16.112771
dzf3,2,409.201832,68.481692
csxz,2,128.115781,21.566320
dxf,3,77.338864,13.298491
dzb,3,409.957047,68.548732
dyb,3,96.357849,16.207046
cvx,3,129.192710,21.799050
dyf,3,96.772386,16.307751
dzb2,3,408.856280,68.495267
dxb,3,95.653987,16.089345
cvy,3,128.501070,21.678501
dzf,3,409.021283,68.534948
dxb2,3,95.702582,16.091229
dyb2,3,96.729893,16.292077
cvz,3,150.396765,25.339999
dzb3,3,409.051532,68.513144
dxb3,3,95.576494,16.070645
dyb3,3,96.733514,16.296389
csxxsyyszz,3,195.399175,33.932256
dyf2,3,96.937939,16.329962
dxf2,3,95.995183,16.143890
csxy,3,106.700490,18.009289
dzf2,3,408.875968,68.466154
dyf3,3,96.561769,16.270658
csyz,3,128.055601,21.546339
dxf3,3,95.701767,16.095286
dzf3,3,408.909179,68.483310
csxz,3,127.550629,21.473247
dxf,4,77.389393,13.302036
dzb,4,409.220675,68.545457
dyb,4,96.398150,16.224152
cvx,4,129.081130,21.783549
dyf,4,96.730939,16.309403
dzb2,4,409.322240,68.578653
dxb,4,95.554413,16.077399
cvy,4,128.627711,21.698752
dzf,4,409.529816,68.616918
dxb2,4,95.686583,16.087060
dyb2,4,96.827027,16.314983
cvz,4,150.330715,25.337895
dzb3,4,408.832741,68.491324
dxb3,4,95.581860,16.077336
dyb3,4,96.701304,16.302187
csxxsyyszz,4,195.633101,33.980575
dyf2,4,96.937043,16.336364
dxf2,4,96.106128,16.178069
csxy,4,106.783446,18.037009
dzf2,4,408.962166,68.493431
dyf3,4,96.569028,16.272497
csyz,4,128.073256,21.560147
dxf3,4,95.661714,16.092987
dzf3,4,409.169417,68.555538
csxz,4,127.578613,21.486364
#========================= OptEWE [OpenMP] =========================
#Source type                                  :  Force monopole
#Grid Size                                    :  512 x 512 x 512
#Iterations                                   :  5
#Compute time                                 :  22.938793
#Total effective MLUPS                        :  29.255621
#===================================================================
#Number of threads                            :  14
