dxf,0,53.275555,7.464753
dzb,0,251.901984,34.759486
dyb,0,58.980042,8.238160
cvx,0,84.028042,11.490590
dyf,0,59.210405,8.234129
dzb2,0,253.399336,34.998547
dxb,0,54.357539,7.570864
cvy,0,332.746154,40.783694
dzf,0,251.930050,34.799331
dxb2,0,55.133004,7.682832
dyb2,0,59.594075,8.290537
cvz,0,85.433834,11.941465
dzb3,0,251.762831,34.755584
dxb3,0,53.130987,7.464420
dyb3,0,59.348465,8.265490
csxxsyyszz,0,226.848473,30.027449
dyf2,0,59.367981,8.280130
dxf2,0,54.510137,7.600270
csxy,0,51.033633,7.375443
dzf2,0,252.559131,34.884853
dyf3,0,58.775026,8.175851
csyz,0,60.697944,8.794838
dxf3,0,52.747682,7.408485
dzf3,0,250.884296,34.677535
csxz,0,60.667551,8.795327
dxf,1,52.957949,7.448805
dzb,1,251.545182,34.746169
dyb,1,59.172288,8.279027
cvx,1,84.114321,11.499454
dyf,1,59.088504,8.218145
dzb2,1,253.593669,35.015442
dxb,1,54.265315,7.572676
cvy,1,82.646090,11.310830
dzf,1,251.846038,34.778519
dxb2,1,55.228206,7.686652
dyb2,1,59.405649,8.263715
cvz,1,85.527211,11.989907
dzb3,1,251.824669,34.820483
dxb3,1,53.179565,7.467740
dyb3,1,59.387561,8.264606
csxxsyyszz,1,226.844626,30.029303
dyf2,1,59.321885,8.269446
dxf2,1,54.450531,7.607881
csxy,1,51.089815,7.396094
dzf2,1,252.656379,34.880754
dyf3,1,58.977596,8.224671
csyz,1,60.690710,8.798317
dxf3,1,52.682807,7.412422
dzf3,1,250.985407,34.741559
csxz,1,60.644951,8.811247
dxf,2,52.937312,7.475925
dzb,2,252.852903,34.989266
dyb,2,59.196042,8.271191
cvx,2,84.049305,11.510723
dyf,2,59.100523,8.250941
dzb2,2,253.587367,35.063922
dxb,2,54.161652,7.583961
cvy,2,82.557894,11.322348
dzf,2,251.650973,34.863481
dxb2,2,55.277286,7.709605
dyb2,2,59.236567,8.293241
cvz,2,85.549047,11.961256
dzb3,2,251.347793,34.820982
dxb3,2,53.200622,7.456913
dyb3,2,59.450691,8.275341
csxxsyyszz,2,226.776060,30.050189
dyf2,2,59.412886,8.274583
dxf2,2,54.335330,7.606097
csxy,2,50.974442,7.386392
dzf2,2,252.361754,34.912857
dyf3,2,58.941807,8.242520
csyz,2,60.718150,8.808049
dxf3,2,52.761211,7.449345
dzf3,2,251.112934,34.746759
csxz,2,60.671533,8.871621
dxf,3,52.937143,7.435340
dzb,3,251.590851,34.861243
dyb,3,58.995117,8.227606
cvx,3,84.155853,11.516141
dyf,3,59.198462,8.253090
dzb2,3,253.460441,35.077309
dxb,3,54.246531,7.587249
cvy,3,82.542413,11.407803
dzf,3,251.780104,34.793546
dxb2,3,55.234941,7.700913
dyb2,3,59.334676,8.273539
cvz,3,85.418475,11.928027
dzb3,3,251.574018,34.760966
dxb3,3,53.378902,7.474138
dyb3,3,59.396491,8.277412
csxxsyyszz,3,227.830474,30.164281
dyf2,3,59.405521,8.280131
dxf2,3,54.228909,7.585147
csxy,3,51.068912,7.391743
dzf2,3,252.663389,34.922755
dyf3,3,58.864380,8.213788
csyz,3,60.593437,8.835158
dxf3,3,52.725377,7.406207
dzf3,3,250.872716,34.731809
csxz,3,60.663475,8.796815
dxf,4,52.689320,7.393702
dzb,4,251.490435,34.733761
dyb,4,58.964450,8.219153
cvx,4,84.157902,11.507737
dyf,4,59.204473,8.256112
dzb2,4,253.287022,34.993215
dxb,4,54.272720,7.592608
cvy,4,82.598752,11.348232
dzf,4,251.856773,34.801155
dxb2,4,55.178471,7.723534
dyb2,4,59.300103,8.278075
cvz,4,85.468932,11.942073
dzb3,4,251.723195,34.806327
dxb3,4,53.383498,7.474781
dyb3,4,59.339358,8.260817
csxxsyyszz,4,226.845363,30.054274
dyf2,4,59.535520,8.301545
dxf2,4,54.282814,7.595959
csxy,4,50.983254,7.455320
dzf2,4,252.643009,34.914219
dyf3,4,58.907472,8.229496
csyz,4,60.713958,8.800953
dxf3,4,52.697575,7.399130
dzf3,4,251.001027,34.758061
csxz,4,60.707789,8.856906
#========================= OptEWE [OpenMP] =========================
#Source type                                  :  Force monopole
#Grid Size                                    :  512 x 512 x 512
#Iterations                                   :  5
#Compute time                                 :  14.460574
#Total effective MLUPS                        :  46.408160
#===================================================================
#Number of threads                            :  10
