dxf,0,55.241278,8.009258
dzb,0,227.858251,33.480734
dyb,0,55.537728,8.133841
cvx,0,70.058542,10.365502
dyf,0,55.726777,8.139898
dzb2,0,227.440786,33.471784
dxb,0,54.644145,7.928280
cvy,0,245.858296,32.265914
dzf,0,227.468156,33.443281
dxb2,0,54.530955,7.984403
dyb2,0,55.772589,8.172396
cvz,0,82.545238,12.188688
dzb3,0,227.390314,33.463860
dxb3,0,54.829933,7.959397
dyb3,0,55.743070,8.141789
csxxsyyszz,0,145.788307,21.347077
dyf2,0,55.815069,8.148510
dxf2,0,54.685739,7.945911
csxy,0,56.912480,8.435312
dzf2,0,227.308201,33.475350
dyf3,0,55.225509,8.080485
csyz,0,70.002458,10.308591
dxf3,0,55.179737,8.048981
dzf3,0,227.410325,33.435648
csxz,0,68.437634,10.117282
dxf,1,54.743316,7.994601
dzb,1,227.820601,33.509898
dyb,1,55.231406,8.098426
cvx,1,70.011651,10.384575
dyf,1,55.700375,8.154486
dzb2,1,227.540629,33.545226
dxb,1,54.640701,7.924853
cvy,1,70.068975,10.358043
dzf,1,227.498061,33.506291
dxb2,1,54.512091,7.921531
dyb2,1,55.776047,8.162017
cvz,1,82.391935,12.243662
dzb3,1,227.480573,33.443244
dxb3,1,54.756454,7.952397
dyb3,1,56.147879,8.455701
csxxsyyszz,1,145.381334,21.902884
dyf2,1,55.720086,8.406279
dxf2,1,54.660431,8.206019
csxy,1,56.773356,8.683876
dzf2,1,226.821225,34.398607
dyf3,1,55.199903,8.351769
csyz,1,69.914997,10.621540
dxf3,1,54.960638,8.244095
dzf3,1,227.008679,34.326636
csxz,1,68.512741,10.137194
dxf,2,54.785215,7.963544
dzb,2,227.731979,33.528934
dyb,2,55.464807,8.107471
cvx,2,70.048831,10.358835
dyf,2,55.713860,8.154749
dzb2,2,227.525915,33.511014
dxb,2,54.551075,7.939008
cvy,2,70.142198,10.409906
dzf,2,227.628757,33.469006
dxb2,2,54.516326,7.935898
dyb2,2,55.739561,8.192860
cvz,2,82.513953,12.184806
dzb3,2,227.573006,33.504286
dxb3,2,54.917119,7.973279
dyb3,2,55.756540,8.151826
csxxsyyszz,2,145.892242,21.281534
dyf2,2,55.799727,8.197420
dxf2,2,54.644303,7.943915
csxy,2,56.896779,8.426854
dzf2,2,227.340399,33.526131
dyf3,2,55.215076,8.118190
csyz,2,69.976812,10.324413
dxf3,2,55.075241,8.004389
dzf3,2,227.310194,33.523042
csxz,2,68.452833,10.147032
dxf,3,54.740892,7.955758
dzb,3,227.889236,33.553206
dyb,3,55.553848,8.138882
cvx,3,70.095983,10.392946
dyf,3,55.759578,8.157650
dzb2,3,227.351177,33.478081
dxb,3,54.588873,7.951576
cvy,3,70.178989,10.373819
dzf,3,227.232753,33.472302
dxb2,3,54.504535,7.923353
dyb2,3,55.749936,8.154528
cvz,3,82.491576,12.181133
dzb3,3,227.385636,33.550924
dxb3,3,54.794144,7.976462
dyb3,3,55.746169,8.171948
csxxsyyszz,3,145.790257,21.398315
dyf2,3,55.835845,8.187420
dxf2,3,54.685899,7.975352
csxy,3,56.870247,8.444986
dzf2,3,228.219186,33.652158
dyf3,3,55.220737,8.107639
csyz,3,70.003454,10.344833
dxf3,3,55.078695,8.054655
dzf3,3,227.496207,33.477084
csxz,3,68.388516,10.150809
dxf,4,54.730514,7.953638
dzb,4,227.900286,33.564163
dyb,4,55.550759,8.122593
cvx,4,71.309281,10.533870
dyf,4,55.778704,8.159103
dzb2,4,227.505386,33.486755
dxb,4,54.626911,7.946386
cvy,4,70.130501,10.387715
dzf,4,227.438194,33.897353
dxb2,4,54.565789,7.940418
dyb2,4,55.847705,8.182913
cvz,4,82.450211,12.244715
dzb3,4,227.490434,33.525036
dxb3,4,54.843945,8.051654
dyb3,4,55.743579,8.170101
csxxsyyszz,4,145.902901,21.349093
dyf2,4,55.864763,8.195704
dxf2,4,54.629483,8.038338
csxy,4,56.874316,8.437501
dzf2,4,227.286531,33.443376
dyf3,4,55.165997,8.159728
csyz,4,69.989374,10.315793
dxf3,4,54.931729,7.982144
dzf3,4,227.524450,33.543834
csxz,4,68.472494,10.160883
#========================= OptEWE [OpenMP] =========================
#Source type                                  :  Force monopole
#Grid Size                                    :  512 x 512 x 512
#Iterations                                   :  5
#Compute time                                 :  13.132629
#Total effective MLUPS                        :  51.100859
#===================================================================
#Number of threads                            :  10
