dxf,0,60.669667,8.216825
dzb,0,309.034928,40.858441
dyb,0,69.001685,9.255458
cvx,0,97.312925,12.907969
dyf,0,69.379235,9.319536
dzb2,0,308.278001,42.652001
dxb,0,60.811268,8.740639
cvy,0,301.564430,39.074986
dzf,0,306.188751,43.234372
dxb2,0,60.945645,8.798659
dyb2,0,69.626314,9.609289
cvz,0,99.249521,13.370679
dzb3,0,309.281957,40.882897
dxb3,0,61.214048,8.261467
dyb3,0,69.843559,9.363463
csxxsyyszz,0,264.428676,33.869982
dyf2,0,68.839103,9.246075
dxf2,0,60.573311,8.203287
csxy,0,59.238740,8.258220
dzf2,0,312.534312,41.313502
dyf3,0,68.656005,9.242569
csyz,0,66.998124,9.254239
dxf3,0,60.490570,8.177691
dzf3,0,307.945531,40.730778
csxz,0,65.936713,9.117842
dxf,1,60.366581,8.165188
dzb,1,309.633409,40.992077
dyb,1,68.931792,9.245969
cvx,1,97.504157,12.918069
dyf,1,69.432356,9.312126
dzb2,1,309.423691,40.896409
dxb,1,61.100867,8.241100
cvy,1,94.780808,12.634849
dzf,1,308.246262,40.778618
dxb2,1,61.152582,8.257540
dyb2,1,69.634038,9.330225
cvz,1,98.916993,13.293949
dzb3,1,309.277253,40.836654
dxb3,1,61.148468,8.275304
dyb3,1,69.690726,9.340152
csxxsyyszz,1,265.201714,33.952771
dyf2,1,68.844788,9.244994
dxf2,1,60.589991,8.211532
csxy,1,59.324263,8.219328
dzf2,1,312.554552,41.263421
dyf3,1,68.406826,9.215621
csyz,1,67.003289,9.253008
dxf3,1,60.368154,8.172095
dzf3,1,309.400800,40.902834
csxz,1,65.991033,9.121660
dxf,2,60.388038,8.167117
dzb,2,309.526992,40.905957
dyb,2,69.681600,9.354877
cvx,2,97.437415,12.906643
dyf,2,68.855899,9.248208
dzb2,2,310.488416,41.081622
dxb,2,60.951212,8.241808
cvy,2,94.774600,12.636119
dzf,2,308.460763,40.807492
dxb2,2,61.197760,8.255626
dyb2,2,70.086643,9.382119
cvz,2,98.994064,13.276712
dzb3,2,309.147758,40.881684
dxb3,2,61.085334,8.252095
dyb3,2,69.786296,9.357752
csxxsyyszz,2,264.305850,33.815995
dyf2,2,69.323004,9.292333
dxf2,2,60.574787,8.192984
csxy,2,59.295215,8.215546
dzf2,2,312.647762,41.300619
dyf3,2,69.155087,9.300020
csyz,2,67.192775,9.275159
dxf3,2,60.311158,8.165960
dzf3,2,308.057890,40.740531
csxz,2,65.936853,9.120813
dxf,3,60.282164,8.156322
dzb,3,309.397051,40.893758
dyb,3,69.837734,9.358994
cvx,3,97.511515,12.910549
dyf,3,68.779003,9.231370
dzb2,3,309.262713,40.879483
dxb,3,60.922829,8.235022
cvy,3,94.809760,12.625623
dzf,3,308.192646,40.811664
dxb2,3,61.107317,8.269614
dyb2,3,69.909209,9.379649
cvz,3,98.969311,13.277722
dzb3,3,309.177622,40.895077
dxb3,3,61.112880,8.270246
dyb3,3,69.569887,9.371357
csxxsyyszz,3,265.257984,33.966309
dyf2,3,68.759984,9.262952
dxf2,3,60.474103,8.198142
csxy,3,59.199921,8.205254
dzf2,3,312.648513,41.307813
dyf3,3,69.159111,9.308232
csyz,3,66.964754,9.297022
dxf3,3,60.210681,8.150657
dzf3,3,308.061676,40.798917
csxz,3,65.898842,9.154406
dxf,4,60.330339,8.166490
dzb,4,309.433081,40.901630
dyb,4,69.668257,9.346830
cvx,4,97.408800,12.941103
dyf,4,68.780246,9.235959
dzb2,4,309.395357,40.917535
dxb,4,60.950493,8.252402
cvy,4,94.784242,12.595443
dzf,4,308.212585,40.800386
dxb2,4,61.108207,8.290468
dyb2,4,69.854140,9.375335
cvz,4,98.992569,13.283812
dzb3,4,309.027506,40.894598
dxb3,4,61.071263,8.275519
dyb3,4,69.740258,9.375521
csxxsyyszz,4,265.134387,33.920816
dyf2,4,69.504816,9.320865
dxf2,4,60.507258,8.200929
csxy,4,59.311897,8.213968
dzf2,4,312.689004,41.282665
dyf3,4,68.349598,9.187406
csyz,4,66.980818,9.289156
dxf3,4,61.514148,8.350912
dzf3,4,307.784705,40.750594
csxz,4,65.986520,9.195840
#========================= OptEWE [OpenMP] =========================
#Source type                                  :  Force monopole
#Grid Size                                    :  512 x 512 x 512
#Iterations                                   :  5
#Compute time                                 :  17.135105
#Total effective MLUPS                        :  39.164547
#===================================================================
#Number of threads                            :  5
