dxf,0,28.934419,5.896352
dzb,0,109.497506,23.408051
dyb,0,28.301064,5.880135
cvx,0,34.561234,7.379303
dyf,0,27.871814,5.815238
dzb2,0,109.464680,23.432467
dxb,0,27.991454,5.809554
cvy,0,281.121526,48.967793
dzf,0,108.946425,23.320972
dxb2,0,27.827513,5.782725
dyb2,0,28.503322,5.933204
cvz,0,39.979154,8.563218
dzb3,0,109.083905,23.355748
dxb3,0,27.916667,5.804982
dyb3,0,28.475005,5.933360
csxxsyyszz,0,70.669041,14.894604
dyf2,0,27.978235,5.838647
dxf2,0,28.016936,5.842582
csxy,0,27.986730,6.010874
dzf2,0,109.031974,23.368203
dyf3,0,27.982516,5.849069
csyz,0,33.582633,7.195319
dxf3,0,27.531194,5.738948
dzf3,0,109.261474,23.425635
csxz,0,33.402187,7.156538
dxf,1,27.532916,5.746428
dzb,1,109.502958,23.470010
dyb,1,28.224637,5.888365
cvx,1,34.498532,7.380889
dyf,1,27.866742,5.815140
dzb2,1,109.511443,23.472199
dxb,1,27.970469,5.816893
cvy,1,34.374477,7.353751
dzf,1,108.913179,23.363114
dxb2,1,27.793040,5.783588
dyb2,1,28.531685,5.946835
cvz,1,40.008709,8.563650
dzb3,1,109.255692,23.398681
dxb3,1,27.914956,5.804987
dyb3,1,28.469852,5.920068
csxxsyyszz,1,70.368295,14.842334
dyf2,1,27.945383,5.825167
dxf2,1,27.970848,5.827943
csxy,1,28.001234,6.004048
dzf2,1,108.939355,23.375661
dyf3,1,29.815899,6.166721
csyz,1,33.583850,7.171711
dxf3,1,27.553125,5.752546
dzf3,1,109.269219,23.435540
csxz,1,33.380806,7.157321
dxf,2,27.586155,5.757302
dzb,2,109.469761,23.470908
dyb,2,28.192794,5.878080
cvx,2,34.468290,7.377530
dyf,2,27.887955,5.836276
dzb2,2,109.471462,23.471026
dxb,2,28.089452,5.841318
cvy,2,34.434030,7.363382
dzf,2,108.901181,23.367842
dxb2,2,27.773837,5.781028
dyb2,2,28.502251,5.939394
cvz,2,39.906786,8.561344
dzb3,2,109.111064,23.398179
dxb3,2,27.927151,5.813783
dyb3,2,28.463831,5.939334
csxxsyyszz,2,70.728249,14.924274
dyf2,2,27.980673,5.843739
dxf2,2,27.998201,5.841125
csxy,2,28.031270,6.014810
dzf2,2,108.951854,23.387134
dyf3,2,27.953477,5.848542
csyz,2,33.585257,7.203438
dxf3,2,27.589877,5.754987
dzf3,2,109.241752,23.440967
csxz,2,33.402612,7.164741
dxf,3,27.539498,5.753262
dzb,3,109.550084,23.493311
dyb,3,28.292275,5.901768
cvx,3,34.497741,7.387188
dyf,3,27.836157,5.816077
dzb2,3,109.492222,23.485464
dxb,3,28.011765,5.833567
cvy,3,34.330875,7.350145
dzf,3,109.077221,23.397186
dxb2,3,27.805948,5.783637
dyb2,3,28.474419,5.936204
cvz,3,39.964879,8.578680
dzb3,3,109.058487,23.371061
dxb3,3,27.870194,5.800003
dyb3,3,28.480895,5.932452
csxxsyyszz,3,70.647488,14.904534
dyf2,3,27.972141,5.846660
dxf2,3,28.023359,5.834930
csxy,3,27.987137,6.015184
dzf2,3,109.816122,23.551971
dyf3,3,27.981437,5.834612
csyz,3,33.613897,7.210061
dxf3,3,27.523510,5.748854
dzf3,3,109.253652,23.443028
csxz,3,33.434948,7.177408
dxf,4,27.580054,5.754245
dzb,4,109.493311,23.486315
dyb,4,28.248745,5.884331
cvx,4,34.504421,7.389577
dyf,4,27.876558,5.827522
dzb2,4,109.518485,23.506514
dxb,4,27.996476,5.823750
cvy,4,34.370236,7.359407
dzf,4,108.939440,23.401677
dxb2,4,27.765773,5.786052
dyb2,4,28.505956,5.942304
cvz,4,39.968566,8.578984
dzb3,4,109.081786,23.397674
dxb3,4,27.910978,5.809935
dyb3,4,28.497514,5.941375
csxxsyyszz,4,70.696421,14.928973
dyf2,4,28.050674,5.841903
dxf2,4,28.013651,5.840729
csxy,4,28.017853,6.010880
dzf2,4,108.919422,23.390817
dyf3,4,27.965199,5.849669
csyz,4,33.604644,7.208676
dxf3,4,27.541414,5.752831
dzf3,4,109.211660,23.442258
csxz,4,33.411680,7.236369
#========================= OptEWE [OpenMP] =========================
#Source type                                  :  Force monopole
#Grid Size                                    :  512 x 512 x 512
#Iterations                                   :  5
#Compute time                                 :  6.579400
#Total effective MLUPS                        :  101.998455
#===================================================================
#Number of threads                            :  22
