dxf,0,100.067419,14.595127
dzb,0,488.393030,70.441847
dyb,0,120.431341,17.387028
cvx,0,152.269943,22.191490
dyf,0,116.643488,16.910958
dzb2,0,488.929848,70.013006
dxb,0,120.476723,17.354326
cvy,0,363.233440,50.565328
dzf,0,487.593777,70.196052
dxb2,0,120.521153,17.342203
dyb2,0,121.585393,17.547836
cvz,0,178.011319,25.880620
dzb3,0,487.405931,70.366862
dxb3,0,120.485246,17.387403
dyb3,0,121.580508,17.555286
csxxsyyszz,0,215.611032,32.217330
dyf2,0,121.372587,17.539695
dxf2,0,121.712629,17.559520
csxy,0,127.349199,18.520053
dzf2,0,487.792601,69.947986
dyf3,0,121.028823,17.465049
csyz,0,151.502083,21.970153
dxf3,0,120.765092,17.422468
dzf3,0,488.711870,70.555780
csxz,0,150.426755,21.842311
dxf,1,98.488533,14.411580
dzb,1,489.189580,69.909523
dyb,1,120.360905,17.359470
cvx,1,152.538187,22.222287
dyf,1,116.569327,16.899341
dzb2,1,488.667322,70.537630
dxb,1,120.408915,17.378978
cvy,1,152.082654,22.145061
dzf,1,487.385518,70.371764
dxb2,1,120.509061,17.397260
dyb2,1,121.403046,17.534350
cvz,1,177.662046,25.836304
dzb3,1,487.364192,70.361833
dxb3,1,120.640074,17.410859
dyb3,1,121.462505,17.548863
csxxsyyszz,1,215.421758,32.182595
dyf2,1,121.373913,17.544821
dxf2,1,121.715881,17.565308
csxy,1,127.349412,18.533041
dzf2,1,487.394293,70.394710
dyf3,1,120.992367,17.482405
csyz,1,151.638358,22.001313
dxf3,1,120.984326,17.462897
dzf3,1,487.647601,70.428054
csxz,1,150.625371,21.874866
dxf,2,98.522658,14.417682
dzb,2,488.233551,70.498183
dyb,2,120.314778,17.373034
cvx,2,152.202519,22.194512
dyf,2,116.671565,16.924792
dzb2,2,488.752589,70.455305
dxb,2,120.479753,17.365502
cvy,2,152.191092,22.151339
dzf,2,487.065323,70.334746
dxb2,2,120.485390,17.376314
dyb2,2,121.720209,17.559006
cvz,2,177.746487,25.855659
dzb3,2,487.610872,70.403305
dxb3,2,120.434380,17.380433
dyb3,2,121.520914,17.556314
csxxsyyszz,2,215.849158,32.270070
dyf2,2,121.430674,17.559319
dxf2,2,121.649437,17.569195
csxy,2,127.333080,18.530541
dzf2,2,487.839018,70.458443
dyf3,2,120.831343,17.453938
csyz,2,151.621396,21.994640
dxf3,2,120.746235,17.428407
dzf3,2,487.740929,70.436546
csxz,2,150.557827,21.869762
dxf,3,98.438948,14.411831
dzb,3,488.400544,70.420629
dyb,3,120.367424,17.363987
cvx,3,152.427746,22.215354
dyf,3,116.454252,16.891417
dzb2,3,488.740072,70.558106
dxb,3,120.420676,17.390300
cvy,3,152.130521,22.156970
dzf,3,488.093640,69.901856
dxb2,3,120.398861,17.359887
dyb2,3,121.577844,17.546252
cvz,3,177.615391,25.826542
dzb3,3,487.553199,70.386752
dxb3,3,120.431914,17.378226
dyb3,3,121.359740,17.531549
csxxsyyszz,3,215.942039,32.240668
dyf2,3,121.161490,17.514484
dxf2,3,121.627438,17.558601
csxy,3,127.208443,18.508581
dzf2,3,487.154053,69.669503
dyf3,3,120.992242,17.483874
csyz,3,151.406006,21.973538
dxf3,3,120.785894,17.433265
dzf3,3,488.190521,70.546517
csxz,3,150.383794,21.857591
dxf,4,98.635076,14.445230
dzb,4,488.530465,70.583802
dyb,4,120.255677,17.382736
cvx,4,152.772101,22.323451
dyf,4,116.708312,16.992680
dzb2,4,488.239876,70.687044
dxb,4,120.544088,17.459625
cvy,4,151.967888,22.188677
dzf,4,487.546446,70.425409
dxb2,4,120.303332,17.367067
dyb2,4,121.518690,17.542531
cvz,4,177.959582,25.894361
dzb3,4,487.583746,70.066356
dxb3,4,120.889552,17.435840
dyb3,4,121.560873,17.554057
csxxsyyszz,4,215.262216,32.172153
dyf2,4,121.485092,17.558916
dxf2,4,121.695269,17.560478
csxy,4,127.305634,18.520379
dzf2,4,487.701236,70.437546
dyf3,4,120.931991,17.477894
csyz,4,151.534814,21.979480
dxf3,4,120.751566,17.427692
dzf3,4,488.332050,70.215794
csxz,4,150.602649,21.851281
#========================= OptEWE [OpenMP] =========================
#Source type                                  :  Force monopole
#Grid Size                                    :  512 x 512 x 512
#Iterations                                   :  5
#Compute time                                 :  27.613867
#Total effective MLUPS                        :  24.302596
#===================================================================
#Number of threads                            :  19
