dxf,0,91.937549,14.352761
dzb,0,475.088217,72.420200
dyb,0,113.136570,17.413808
cvx,0,149.465560,23.219004
dyf,0,113.534658,17.512474
dzb2,0,474.079787,72.838847
dxb,0,112.540218,17.339091
cvy,0,268.375337,40.220143
dzf,0,473.497600,72.860189
dxb2,0,112.546159,17.334576
dyb2,0,113.755748,17.536561
cvz,0,174.216276,26.992139
dzb3,0,475.131136,72.578645
dxb3,0,112.390086,17.294640
dyb3,0,114.203918,17.602417
csxxsyyszz,0,224.185622,35.476134
dyf2,0,113.862106,17.558774
dxf2,0,113.066375,17.424142
csxy,0,123.981934,19.223026
dzf2,0,473.785087,72.801690
dyf3,0,113.316947,17.485297
csyz,0,148.898000,23.020871
dxf3,0,112.682659,17.369685
dzf3,0,474.532195,72.848292
csxz,0,148.291258,22.920638
dxf,1,91.269822,14.300533
dzb,1,475.226534,72.425593
dyb,1,113.043364,17.411135
cvx,1,149.441632,23.212565
dyf,1,113.579263,17.520588
dzb2,1,473.851738,72.814051
dxb,1,112.526603,17.330947
cvy,1,149.217771,23.145553
dzf,1,474.707635,72.415601
dxb2,1,112.379053,17.298487
dyb2,1,113.782545,17.568519
cvz,1,174.473916,27.064770
dzb3,1,473.704647,72.724631
dxb3,1,112.385496,17.300342
dyb3,1,113.761984,17.520582
csxxsyyszz,1,224.408436,35.514620
dyf2,1,113.920934,17.550881
dxf2,1,113.050515,17.413957
csxy,1,123.960131,19.216547
dzf2,1,473.876556,72.554863
dyf3,1,113.376393,17.468098
csyz,1,148.817005,22.997063
dxf3,1,112.581893,17.346005
dzf3,1,474.915027,72.426161
csxz,1,148.136089,22.900975
dxf,2,91.154946,14.281064
dzb,2,474.397496,72.769559
dyb,2,113.206050,17.437915
cvx,2,149.747387,23.250513
dyf,2,113.518793,17.508916
dzb2,2,474.893946,72.595170
dxb,2,112.441112,17.310259
cvy,2,149.588959,23.196071
dzf,2,473.427705,72.688095
dxb2,2,112.470358,17.314145
dyb2,2,114.325229,17.618281
cvz,2,174.297380,26.989354
dzb3,2,475.181361,72.576480
dxb3,2,112.438444,17.307260
dyb3,2,113.658306,17.510050
csxxsyyszz,2,224.110289,35.455908
dyf2,2,113.810199,17.547429
dxf2,2,113.030064,17.417932
csxy,2,123.927133,19.210316
dzf2,2,473.669436,72.773074
dyf3,2,113.296094,17.483434
csyz,2,148.792495,23.003071
dxf3,2,112.548630,17.341127
dzf3,2,473.965003,72.773957
csxz,2,148.069844,22.888512
dxf,3,91.220637,14.290988
dzb,3,475.192459,72.419528
dyb,3,113.179949,17.430819
cvx,3,149.598784,23.229916
dyf,3,113.563911,17.510937
dzb2,3,473.823994,72.790212
dxb,3,112.360348,17.302754
cvy,3,149.359593,23.159638
dzf,3,474.191321,72.335095
dxb2,3,112.413177,17.300166
dyb2,3,113.721639,17.516964
cvz,3,174.444575,27.007191
dzb3,3,473.883271,72.790713
dxb3,3,112.512731,17.327330
dyb3,3,113.811471,17.530677
csxxsyyszz,3,224.231645,35.472131
dyf2,3,113.933877,17.558820
dxf2,3,112.952747,17.398810
csxy,3,124.153932,19.242750
dzf2,3,474.730051,72.648905
dyf3,3,113.290915,17.466996
csyz,3,148.753187,22.991912
dxf3,3,112.595434,17.344511
dzf3,3,474.214390,72.512210
csxz,3,148.142107,23.046961
dxf,4,91.159039,14.375314
dzb,4,474.314731,73.224701
dyb,4,113.154740,17.411439
cvx,4,149.373832,23.199190
dyf,4,113.611355,17.529120
dzb2,4,474.665414,72.649360
dxb,4,112.505731,17.332914
cvy,4,149.214461,23.150845
dzf,4,473.948758,72.851784
dxb2,4,112.337117,17.298561
dyb2,4,113.726323,17.524731
cvz,4,174.597708,27.037843
dzb3,4,474.668388,72.529901
dxb3,4,112.424581,17.295510
dyb3,4,114.309860,17.658902
csxxsyyszz,4,234.919863,37.457399
dyf2,4,114.010014,17.662092
dxf2,4,113.370085,17.486719
csxy,4,124.183462,19.261125
dzf2,4,473.943391,72.854950
dyf3,4,113.224907,17.478848
csyz,4,148.876061,23.022442
dxf3,4,112.562154,17.353825
dzf3,4,474.367996,72.868553
csxz,4,148.082563,22.908930
#========================= OptEWE [OpenMP] =========================
#Source type                                  :  Force monopole
#Grid Size                                    :  512 x 512 x 512
#Iterations                                   :  5
#Compute time                                 :  26.633194
#Total effective MLUPS                        :  25.197452
#===================================================================
#Number of threads                            :  14
