dxf,0,50.945159,7.525922
dzb,0,223.288473,33.058106
dyb,0,54.158229,7.998251
cvx,0,70.960670,10.494294
dyf,0,54.211664,8.042808
dzb2,0,225.317901,33.353749
dxb,0,50.096911,7.409646
cvy,0,257.915495,33.747345
dzf,0,221.967267,32.889850
dxb2,0,50.110045,7.410745
dyb2,0,54.405360,8.060494
cvz,0,74.631341,11.224529
dzb3,0,223.371125,33.103476
dxb3,0,49.993793,7.402757
dyb3,0,54.513694,8.083967
csxxsyyszz,0,189.751438,26.954266
dyf2,0,54.451279,8.049673
dxf2,0,50.014413,7.425697
csxy,0,49.065289,7.535370
dzf2,0,230.290575,34.225571
dyf3,0,53.734149,7.983673
csyz,0,57.840965,8.902974
dxf3,0,50.243709,7.459500
dzf3,0,222.676818,33.039796
csxz,0,58.046381,8.902017
dxf,1,50.466378,7.490375
dzb,1,223.107430,33.133188
dyb,1,54.078371,8.054780
cvx,1,71.635687,10.608951
dyf,1,54.230670,8.057128
dzb2,1,225.161599,33.478280
dxb,1,49.991701,7.430261
cvy,1,69.551990,10.338266
dzf,1,221.966483,33.060065
dxb2,1,50.185829,7.446684
dyb2,1,54.476347,8.093020
cvz,1,74.485050,11.282647
dzb3,1,223.307758,33.135645
dxb3,1,50.116960,7.438995
dyb3,1,54.592638,8.135765
csxxsyyszz,1,189.766320,26.926201
dyf2,1,54.536332,8.089880
dxf2,1,49.928205,7.496206
csxy,1,48.980511,7.514590
dzf2,1,230.247142,33.971625
dyf3,1,53.750085,8.002044
csyz,1,57.853870,8.859977
dxf3,1,50.192137,7.446534
dzf3,1,222.698664,33.121455
csxz,1,58.005339,8.916629
dxf,2,50.443049,7.509224
dzb,2,223.313265,33.227400
dyb,2,54.169376,8.037139
cvx,2,71.299691,10.555528
dyf,2,54.213335,8.062418
dzb2,2,225.243436,33.399657
dxb,2,50.032618,7.428280
cvy,2,69.511940,10.341736
dzf,2,222.192362,32.991721
dxb2,2,50.125517,7.438096
dyb2,2,54.486301,8.123080
cvz,2,74.425546,11.221487
dzb3,2,223.256719,33.120133
dxb3,2,49.985158,7.423286
dyb3,2,54.400288,8.057192
csxxsyyszz,2,191.819223,27.204413
dyf2,2,54.264869,8.140941
dxf2,2,50.137995,7.461642
csxy,2,49.083382,7.534540
dzf2,2,229.975288,34.079276
dyf3,2,53.741826,8.003501
csyz,2,57.928445,8.897293
dxf3,2,50.261958,7.480332
dzf3,2,224.020008,33.331401
csxz,2,58.155537,8.931236
dxf,3,50.453812,7.504883
dzb,3,223.178351,33.198399
dyb,3,54.129839,8.031998
cvx,3,71.041362,10.503051
dyf,3,54.537499,8.139965
dzb2,3,225.193897,33.333036
dxb,3,49.939737,7.433432
cvy,3,69.523022,10.353422
dzf,3,222.218431,32.953306
dxb2,3,50.155381,7.467244
dyb2,3,54.418155,8.075873
cvz,3,74.471450,11.203053
dzb3,3,223.225089,33.195182
dxb3,3,50.138733,7.463801
dyb3,3,54.429129,8.083576
csxxsyyszz,3,189.656360,27.085981
dyf2,3,54.710072,8.126888
dxf2,3,50.588603,7.541350
csxy,3,49.042643,7.537181
dzf2,3,230.343935,34.131361
dyf3,3,53.757713,8.020162
csyz,3,57.853124,8.892344
dxf3,3,50.337949,7.487649
dzf3,3,222.902639,33.100295
csxz,3,58.022642,8.883508
dxf,4,50.372392,7.507908
dzb,4,223.271971,33.119295
dyb,4,54.304858,8.046331
cvx,4,71.316360,10.585594
dyf,4,54.281650,8.041560
dzb2,4,225.295482,33.357253
dxb,4,50.022412,7.459832
cvy,4,69.537225,10.308036
dzf,4,222.035760,32.999321
dxb2,4,50.093670,7.442402
dyb2,4,54.418296,8.069699
cvz,4,74.488128,11.206052
dzb3,4,223.258712,33.143127
dxb3,4,50.024270,7.420307
dyb3,4,54.497355,8.065973
csxxsyyszz,4,189.636849,26.991354
dyf2,4,54.465885,8.060100
dxf2,4,49.989953,7.427184
csxy,4,49.020599,7.512286
dzf2,4,230.187860,34.018937
dyf3,4,53.546024,7.958034
csyz,4,57.825275,8.882550
dxf3,4,50.319761,7.493290
dzf3,4,222.735609,33.025276
csxz,4,57.937731,8.934989
#========================= OptEWE [OpenMP] =========================
#Source type                                  :  Force monopole
#Grid Size                                    :  512 x 512 x 512
#Iterations                                   :  5
#Compute time                                 :  12.909375
#Total effective MLUPS                        :  51.984595
#===================================================================
#Number of threads                            :  8
