dxf,0,49.728057,8.168443
dzb,0,214.324171,35.175954
dyb,0,52.697375,8.594429
cvx,0,67.161873,10.970989
dyf,0,52.564211,8.596803
dzb2,0,212.597176,34.964163
dxb,0,49.319966,8.042660
cvy,0,247.249991,35.596178
dzf,0,213.291261,35.052682
dxb2,0,49.553556,8.085610
dyb2,0,52.954858,8.703842
cvz,0,70.806321,11.823057
dzb3,0,217.787023,35.728010
dxb3,0,49.504896,8.083009
dyb3,0,52.966148,8.640838
csxxsyyszz,0,178.637584,28.016079
dyf2,0,52.646692,8.642954
dxf2,0,50.249985,8.186520
csxy,0,47.712860,8.104978
dzf2,0,211.509167,34.873442
dyf3,0,52.311326,8.531468
csyz,0,56.258791,9.579150
dxf3,0,49.484193,8.099155
dzf3,0,212.193579,34.970914
csxz,0,56.451071,9.629895
dxf,1,49.312762,8.083183
dzb,1,214.256338,35.271453
dyb,1,52.128777,8.516539
cvx,1,67.227328,11.000802
dyf,1,52.465044,8.586657
dzb2,1,212.553052,35.015507
dxb,1,49.396730,8.069706
cvy,1,65.578480,10.759030
dzf,1,213.051589,35.128490
dxb2,1,49.526696,8.082077
dyb2,1,52.953048,8.672532
cvz,1,70.832451,11.864066
dzb3,1,217.999377,35.690180
dxb3,1,49.665983,8.161046
dyb3,1,53.131390,8.676597
csxxsyyszz,1,178.780080,28.041903
dyf2,1,52.552625,8.575201
dxf2,1,50.053977,8.230510
csxy,1,47.782323,8.124579
dzf2,1,211.387619,34.783063
dyf3,1,52.238018,8.588559
csyz,1,56.158569,9.575762
dxf3,1,49.298616,8.081469
dzf3,1,212.165415,34.975195
csxz,1,56.556988,9.654302
dxf,2,51.379299,8.415662
dzb,2,214.332011,35.281306
dyb,2,52.725621,8.616123
cvx,2,67.145447,10.985092
dyf,2,52.580134,8.600138
dzb2,2,212.523988,35.036912
dxb,2,49.421424,8.089851
cvy,2,65.579815,10.763532
dzf,2,212.824127,35.061780
dxb2,2,49.664594,8.132942
dyb2,2,52.865493,8.646812
cvz,2,70.800992,11.866787
dzb3,2,218.026311,35.701684
dxb3,2,49.599480,8.106111
dyb3,2,52.912288,8.702234
csxxsyyszz,2,178.608418,28.012497
dyf2,2,52.704937,8.607741
dxf2,2,50.127223,8.207971
csxy,2,47.689060,8.156167
dzf2,2,211.588634,34.823341
dyf3,2,52.308771,8.617749
csyz,2,56.209419,9.603209
dxf3,2,49.264608,8.066355
dzf3,2,212.047112,34.964487
csxz,2,56.401186,9.649343
dxf,3,49.284404,8.075757
dzb,3,214.196901,35.251504
dyb,3,52.773397,8.615379
cvx,3,67.175880,10.990923
dyf,3,52.511000,8.598311
dzb2,3,212.376197,35.001631
dxb,3,49.349979,8.087469
cvy,3,65.595377,10.763883
dzf,3,212.809090,35.077824
dxb2,3,49.432646,8.089386
dyb2,3,53.240837,8.694833
cvz,3,70.888742,11.857496
dzb3,3,217.847154,35.743967
dxb3,3,49.641861,8.113889
dyb3,3,52.852541,8.628911
csxxsyyszz,3,177.491526,27.920086
dyf2,3,52.759653,8.621440
dxf2,3,50.124481,8.196798
csxy,3,47.737983,8.155036
dzf2,3,211.401057,34.795199
dyf3,3,52.125290,8.541911
csyz,3,56.197891,9.594457
dxf3,3,49.283748,8.068281
dzf3,3,212.128990,34.931895
csxz,3,56.619722,9.701252
dxf,4,49.263355,8.068685
dzb,4,214.375858,35.253166
dyb,4,52.743788,8.633132
cvx,4,67.159663,10.989243
dyf,4,52.167124,8.541279
dzb2,4,212.723799,35.033571
dxb,4,49.328582,8.087348
cvy,4,65.534114,10.759332
dzf,4,212.961775,35.102867
dxb2,4,49.461057,8.094278
dyb2,4,52.961211,8.649718
cvz,4,70.729799,11.828085
dzb3,4,217.710093,35.687555
dxb3,4,49.567256,8.102545
dyb3,4,53.061882,8.643539
csxxsyyszz,4,178.577722,28.033105
dyf2,4,52.580002,8.590866
dxf2,4,50.240535,8.218554
csxy,4,47.685430,8.119904
dzf2,4,211.560827,34.832297
dyf3,4,52.101357,8.544622
csyz,4,56.352416,9.614402
dxf3,4,49.364398,8.105803
dzf3,4,212.234860,34.946849
csxz,4,56.671113,9.689343
#========================= OptEWE [OpenMP] =========================
#Source type                                  :  Force monopole
#Grid Size                                    :  512 x 512 x 512
#Iterations                                   :  5
#Compute time                                 :  12.369751
#Total effective MLUPS                        :  54.252397
#===================================================================
#Number of threads                            :  9
