dxf,0,77.320905,12.809088
dzb,0,410.590789,66.348779
dyb,0,96.408708,15.677605
cvx,0,128.419557,21.045989
dyf,0,97.011104,15.827876
dzb2,0,410.074661,66.678188
dxb,0,96.052373,15.626765
cvy,0,253.464818,39.734461
dzf,0,409.944840,66.648950
dxb2,0,96.035114,15.630817
dyb2,0,96.976187,15.819611
cvz,0,149.490571,24.458290
dzb3,0,410.130681,66.696754
dxb3,0,95.925604,15.625242
dyb3,0,96.996928,15.824974
csxxsyyszz,0,191.697964,32.294526
dyf2,0,96.991135,15.824400
dxf2,0,96.676221,15.745522
csxy,0,106.734148,17.480310
dzf2,0,409.222297,66.576284
dyf3,0,96.639230,15.756385
csyz,0,127.790223,20.858534
dxf3,0,96.204094,15.677708
dzf3,0,409.763542,66.666707
csxz,0,127.374166,20.800497
dxf,1,76.785701,12.780512
dzb,1,409.898485,66.706489
dyb,1,97.033167,15.838336
cvx,1,128.166643,21.023026
dyf,1,96.777113,15.806763
dzb2,1,409.957713,66.677974
dxb,1,95.889207,15.610787
cvy,1,127.961455,20.954060
dzf,1,409.554194,66.589425
dxb2,1,96.065242,15.635108
dyb2,1,96.974728,15.807375
cvz,1,149.791924,24.493707
dzb3,1,410.124441,66.303408
dxb3,1,96.036585,15.625544
dyb3,1,97.177170,15.833007
csxxsyyszz,1,191.619196,32.262516
dyf2,1,96.943244,15.819678
dxf2,1,96.456954,15.710057
csxy,1,106.819853,17.488041
dzf2,1,409.764842,66.625294
dyf3,1,96.664384,15.783419
csyz,1,127.949257,20.880897
dxf3,1,96.109584,15.661203
dzf3,1,409.672294,66.640772
csxz,1,127.383347,20.807921
dxf,2,76.590274,12.750071
dzb,2,409.927396,66.647236
dyb,2,96.583413,15.739770
cvx,2,128.373521,21.054862
dyf,2,96.677076,15.778340
dzb2,2,410.301700,66.515680
dxb,2,95.955170,15.606317
cvy,2,127.781902,20.925524
dzf,2,409.572039,66.195958
dxb2,2,96.019111,15.637030
dyb2,2,97.199919,15.856595
cvz,2,149.697449,24.481604
dzb3,2,409.805003,66.542958
dxb3,2,96.373321,15.669515
dyb3,2,97.063429,15.829305
csxxsyyszz,2,191.630440,32.273966
dyf2,2,96.972839,15.825126
dxf2,2,96.681575,15.750217
csxy,2,107.122746,17.540121
dzf2,2,410.317220,66.709287
dyf3,2,96.819409,15.813054
csyz,2,128.078284,20.904592
dxf3,2,96.234112,15.682355
dzf3,2,409.707683,66.383110
csxz,2,127.533089,20.834606
dxf,3,76.818355,12.783485
dzb,3,410.757160,66.437601
dyb,3,96.511754,15.735724
cvx,3,128.133694,21.021441
dyf,3,96.978931,15.830697
dzb2,3,409.802028,66.676334
dxb,3,96.059764,15.656393
cvy,3,128.415659,21.232294
dzf,3,409.361653,66.995245
dxb2,3,95.920738,15.696761
dyb2,3,97.049571,15.839543
cvz,3,149.975303,24.531018
dzb3,3,409.665315,66.643499
dxb3,3,95.963239,15.637061
dyb3,3,97.147530,15.861910
csxxsyyszz,3,191.257196,32.245665
dyf2,3,97.071032,15.855793
dxf2,3,96.507705,15.730263
csxy,3,106.651061,17.475961
dzf2,3,409.829786,66.690323
dyf3,3,96.559240,15.783001
csyz,3,128.020883,20.911595
dxf3,3,96.065263,15.667705
dzf3,3,409.654943,66.682678
csxz,3,127.424526,20.820821
dxf,4,76.796942,12.788167
dzb,4,409.774478,66.601063
dyb,4,96.469673,15.723326
cvx,4,128.165212,21.030432
dyf,4,96.998423,15.839199
dzb2,4,409.583289,66.662668
dxb,4,95.930517,15.641248
cvy,4,127.771427,20.949809
dzf,4,409.196431,66.592859
dxb2,4,95.865697,15.619684
dyb2,4,97.037325,15.838525
cvz,4,149.782199,24.514807
dzb3,4,409.762435,66.671013
dxb3,4,95.828018,15.621819
dyb3,4,97.182413,15.875827
csxxsyyszz,4,191.467184,32.283177
dyf2,4,97.176896,15.871367
dxf2,4,96.676447,15.767879
csxy,4,106.894855,17.513806
dzf2,4,410.274250,66.634337
dyf3,4,96.951385,15.817544
csyz,4,128.052394,20.911571
dxf3,4,96.162032,15.676005
dzf3,4,410.487043,66.806765
csxz,4,127.392115,20.816098
#========================= OptEWE [OpenMP] =========================
#Source type                                  :  Force monopole
#Grid Size                                    :  512 x 512 x 512
#Iterations                                   :  5
#Compute time                                 :  22.916256
#Total effective MLUPS                        :  29.284393
#===================================================================
#Number of threads                            :  15
