dxf,0,69.581796,12.989990
dzb,0,347.038172,64.442948
dyb,0,84.636529,15.647547
cvx,0,111.087424,20.806281
dyf,0,81.315929,15.120109
dzb2,0,346.924478,64.126072
dxb,0,84.462062,15.566186
cvy,0,245.620295,43.786167
dzf,0,346.324471,64.356639
dxb2,0,84.647886,15.640296
dyb2,0,85.639404,15.839967
cvz,0,129.462652,24.230392
dzb3,0,346.015780,64.341906
dxb3,0,84.469987,15.621177
dyb3,0,85.535627,15.843017
csxxsyyszz,0,156.406793,30.018719
dyf2,0,85.445210,15.826392
dxf2,0,85.408134,15.784061
csxy,0,92.344290,17.257944
dzf2,0,346.191896,64.331257
dyf3,0,84.881495,15.726641
csyz,0,110.455574,20.603292
dxf3,0,84.795250,15.678617
dzf3,0,346.865945,64.514572
csxz,0,109.635876,20.490056
dxf,1,68.755161,12.926215
dzb,1,347.887149,64.180816
dyb,1,84.586809,15.607003
cvx,1,111.081725,20.822416
dyf,1,81.357601,15.137782
dzb2,1,346.766064,64.521529
dxb,1,84.511486,15.631676
cvy,1,110.960376,20.770766
dzf,1,346.381777,64.435967
dxb2,1,84.688167,15.661156
dyb2,1,85.538748,15.835606
cvz,1,129.510235,24.253015
dzb3,1,346.535009,64.477168
dxb3,1,84.430941,15.624019
dyb3,1,85.548207,15.846944
csxxsyyszz,1,156.877422,30.125553
dyf2,1,85.482950,15.847507
dxf2,1,85.416264,15.808513
csxy,1,92.182809,17.251914
dzf2,1,346.884055,64.556317
dyf3,1,85.019688,15.774938
csyz,1,110.396978,20.610967
dxf3,1,84.817162,15.687106
dzf3,1,347.172829,64.609334
csxz,1,109.779517,20.524937
dxf,2,68.730420,12.925737
dzb,2,347.171587,64.621040
dyb,2,84.798661,15.710307
cvx,2,111.183687,20.857026
dyf,2,81.377550,15.155343
dzb2,2,346.816951,64.545448
dxb,2,84.542807,15.644474
cvy,2,111.062946,20.806610
dzf,2,346.483685,64.490394
dxb2,2,84.513173,15.637271
dyb2,2,85.572629,15.832903
cvz,2,129.459730,24.229845
dzb3,2,346.243964,64.451123
dxb3,2,84.540866,15.639077
dyb3,2,85.576283,15.848826
csxxsyyszz,2,156.740722,30.105502
dyf2,2,85.414808,15.839660
dxf2,2,85.482258,15.821341
csxy,2,92.325833,17.278681
dzf2,2,346.887645,64.499794
dyf3,2,85.119524,15.773528
csyz,2,110.463072,20.600129
dxf3,2,84.860792,15.689132
dzf3,2,346.993017,64.556778
csxz,2,109.613782,20.491111
dxf,3,68.722742,12.908094
dzb,3,347.130764,64.076956
dyb,3,84.768083,15.645502
cvx,3,111.055602,20.818994
dyf,3,81.396957,15.146208
dzb2,3,347.087151,64.559452
dxb,3,84.450328,15.634726
cvy,3,110.924691,20.768667
dzf,3,346.350951,64.418289
dxb2,3,84.633931,15.652356
dyb2,3,85.649407,15.849324
cvz,3,129.380871,24.228419
dzb3,3,346.226249,64.397956
dxb3,3,84.550030,15.618283
dyb3,3,85.552239,15.824460
csxxsyyszz,3,156.880441,30.108012
dyf2,3,85.385712,15.826658
dxf2,3,85.405263,15.800464
csxy,3,92.388795,17.279161
dzf2,3,346.590021,64.468357
dyf3,3,85.064445,15.779087
csyz,3,110.483181,20.614854
dxf3,3,84.777607,15.680899
dzf3,3,347.119242,64.582205
csxz,3,109.804127,20.514700
dxf,4,68.718115,12.916551
dzb,4,347.124844,64.578895
dyb,4,84.585218,15.658100
cvx,4,111.192880,20.830460
dyf,4,81.369642,15.129484
dzb2,4,346.954836,64.542072
dxb,4,84.665354,15.652384
cvy,4,111.087873,20.791250
dzf,4,346.251118,64.413029
dxb2,4,84.550692,15.637453
dyb2,4,85.547735,15.832722
cvz,4,129.646394,24.276905
dzb3,4,346.345106,64.439720
dxb3,4,84.535821,15.635195
dyb3,4,85.520038,15.825630
csxxsyyszz,4,157.019789,30.125455
dyf2,4,85.442735,15.827161
dxf2,4,85.699251,15.828873
csxy,4,92.357047,17.251485
dzf2,4,347.672333,64.674399
dyf3,4,84.976686,15.741437
csyz,4,110.544532,20.620996
dxf3,4,84.687410,15.660893
dzf3,4,346.955174,64.543880
csxz,4,109.712952,20.512131
#========================= OptEWE [OpenMP] =========================
#Source type                                  :  Force monopole
#Grid Size                                    :  512 x 512 x 512
#Iterations                                   :  5
#Compute time                                 :  19.645102
#Total effective MLUPS                        :  34.160609
#===================================================================
#Number of threads                            :  20
