dxf,0,92.531200,15.206247
dzb,0,477.625970,77.051337
dyb,0,111.921857,18.091598
cvx,0,148.878803,24.144047
dyf,0,112.203775,18.171721
dzb2,0,478.514658,77.202481
dxb,0,111.169264,17.958140
cvy,0,306.369770,46.852193
dzf,0,477.505492,77.041497
dxb2,0,111.163426,17.955229
dyb2,0,112.277599,18.165702
cvz,0,173.967020,28.194461
dzb3,0,478.091930,77.159802
dxb3,0,111.208697,17.972383
dyb3,0,112.233195,18.167502
csxxsyyszz,0,231.969775,38.539338
dyf2,0,112.446919,18.208263
dxf2,0,111.312145,18.007571
csxy,0,122.913007,19.938794
dzf2,0,477.864523,77.149928
dyf3,0,111.945255,18.135255
csyz,0,148.061197,23.978263
dxf3,0,111.129541,17.973236
dzf3,0,477.582546,77.118736
csxz,0,147.877071,23.954968
dxf,1,91.883786,15.135630
dzb,1,478.055337,77.180165
dyb,1,111.742558,18.079550
cvx,1,148.963513,24.161385
dyf,1,112.155457,18.171151
dzb2,1,478.328236,77.239669
dxb,1,111.084559,17.963749
cvy,1,148.739886,24.128832
dzf,1,476.953405,77.375710
dxb2,1,110.893197,18.078808
dyb2,1,112.205656,18.310929
cvz,1,172.707416,28.231582
dzb3,1,473.854905,77.158914
dxb3,1,110.734859,18.004425
dyb3,1,112.078239,18.238398
csxxsyyszz,1,229.713141,38.393915
dyf2,1,112.181797,18.264967
dxf2,1,111.252145,18.029246
csxy,1,122.750293,19.909305
dzf2,1,477.998713,77.155127
dyf3,1,112.078362,18.202656
csyz,1,148.027138,24.053176
dxf3,1,110.698565,17.915006
dzf3,1,477.585583,77.133684
csxz,1,147.796052,23.956475
dxf,2,91.742358,15.118376
dzb,2,477.796653,77.158173
dyb,2,111.811137,18.090151
cvx,2,149.261702,24.214621
dyf,2,112.213725,18.174316
dzb2,2,477.687790,77.137227
dxb,2,110.908035,17.937517
cvy,2,148.957645,24.140075
dzf,2,477.540225,77.100687
dxb2,2,110.948073,17.938545
dyb2,2,112.210628,18.167540
cvz,2,174.070148,28.224213
dzb3,2,477.937788,77.162755
dxb3,2,110.998505,17.951654
dyb3,2,112.284703,18.184212
csxxsyyszz,2,231.384618,38.456272
dyf2,2,112.494747,18.214404
dxf2,2,111.295914,18.004699
csxy,2,122.920989,19.942939
dzf2,2,477.404673,77.084906
dyf3,2,111.986405,18.148239
csyz,2,148.152558,23.995528
dxf3,2,111.106757,17.968445
dzf3,2,477.820267,77.163607
csxz,2,147.944171,23.980856
dxf,3,91.920611,15.149109
dzb,3,477.602488,77.149127
dyb,3,111.895766,18.121048
cvx,3,149.076778,24.194000
dyf,3,112.292743,18.196349
dzb2,3,478.170325,77.243682
dxb,3,111.053381,17.965955
cvy,3,148.667762,24.109203
dzf,3,477.763312,77.155656
dxb2,3,110.932096,17.949085
dyb2,3,112.371229,18.189106
cvz,3,173.915107,28.206545
dzb3,3,477.996633,77.196454
dxb3,3,110.967628,17.950871
dyb3,3,112.283453,18.184255
csxxsyyszz,3,232.899633,38.704260
dyf2,3,112.380528,18.213408
dxf2,3,111.248034,18.004829
csxy,3,122.842983,19.939323
dzf2,3,477.147652,77.079391
dyf3,3,112.211884,18.189767
csyz,3,148.079586,23.993088
dxf3,3,110.843998,17.937181
dzf3,3,477.892549,77.181016
csxz,3,147.860790,23.968829
dxf,4,91.741179,15.123484
dzb,4,477.901932,77.175797
dyb,4,111.886799,18.112913
cvx,4,148.868617,24.149963
dyf,4,112.386832,18.207036
dzb2,4,477.646070,77.145323
dxb,4,110.966345,17.942118
cvy,4,148.991963,24.145140
dzf,4,477.871039,77.150606
dxb2,4,110.992679,17.945757
dyb2,4,112.374989,18.186511
cvz,4,174.169184,28.234580
dzb3,4,478.331707,77.214818
dxb3,4,111.078805,17.961835
dyb3,4,112.369751,18.195028
csxxsyyszz,4,231.413404,38.466767
dyf2,4,112.382192,18.212815
dxf2,4,111.223394,17.995920
csxy,4,122.781039,19.924441
dzf2,4,478.092616,77.195521
dyf3,4,112.149228,18.164485
csyz,4,148.144010,23.997971
dxf3,4,110.837310,17.939191
dzf3,4,477.586381,77.149392
csxz,4,147.826694,23.969060
#========================= OptEWE [OpenMP] =========================
#Source type                                  :  Force monopole
#Grid Size                                    :  512 x 512 x 512
#Iterations                                   :  5
#Compute time                                 :  26.698933
#Total effective MLUPS                        :  25.135411
#===================================================================
#Number of threads                            :  12
