dxf,0,104.025622,16.439115
dzb,0,527.875494,82.433394
dyb,0,124.759314,19.483617
cvx,0,165.201386,26.083888
dyf,0,125.289383,19.601869
dzb2,0,527.798073,82.455601
dxb,0,124.016621,19.384486
cvy,0,255.880605,39.150229
dzf,0,527.645284,82.430609
dxb2,0,124.049415,19.394904
dyb2,0,125.391195,19.603975
cvz,0,192.904960,30.398689
dzb3,0,527.441437,82.413096
dxb3,0,124.015537,19.391207
dyb3,0,125.335605,19.588129
csxxsyyszz,0,251.789793,40.288232
dyf2,0,125.444729,19.619012
dxf2,0,124.647801,19.482525
csxy,0,136.676078,21.521034
dzf2,0,527.112166,82.366630
dyf3,0,125.056738,19.575318
csyz,0,164.484878,25.837006
dxf3,0,124.098133,19.404614
dzf3,0,528.298546,82.549511
csxz,0,163.836779,25.769539
dxf,1,103.266939,16.362523
dzb,1,527.611126,82.459059
dyb,1,124.704604,19.495362
cvx,1,165.099402,26.082862
dyf,1,125.225964,19.604395
dzb2,1,528.405148,82.583491
dxb,1,123.983680,19.396130
cvy,1,164.601853,25.951440
dzf,1,527.201567,82.373872
dxb2,1,124.158282,19.412787
dyb2,1,125.380721,19.594069
cvz,1,193.194424,30.424406
dzb3,1,527.550528,82.423535
dxb3,1,124.091693,19.403607
dyb3,1,125.302377,19.594159
csxxsyyszz,1,252.444666,40.383443
dyf2,1,125.384891,19.612245
dxf2,1,124.356970,19.448295
csxy,1,136.734126,21.525468
dzf2,1,527.039608,82.325901
dyf3,1,125.283887,19.599899
csyz,1,164.275044,25.809489
dxf3,1,124.126889,19.406278
dzf3,1,527.831684,82.472950
csxz,1,163.898699,25.780271
dxf,2,103.197385,16.357276
dzb,2,528.365636,82.563484
dyb,2,124.742057,19.501712
cvx,2,165.188074,26.086114
dyf,2,125.198375,19.599583
dzb2,2,528.003746,82.500085
dxb,2,124.038201,19.406564
cvy,2,164.838337,25.990214
dzf,2,527.688957,82.467233
dxb2,2,123.925552,19.385178
dyb2,2,125.357663,19.599226
cvz,2,193.155384,30.421724
dzb3,2,528.178786,82.528182
dxb3,2,124.395974,19.513877
dyb3,2,125.496250,19.617188
csxxsyyszz,2,251.792227,40.285636
dyf2,2,125.323559,19.605365
dxf2,2,124.559718,19.487540
csxy,2,136.365323,21.479885
dzf2,2,526.947358,82.370827
dyf3,2,124.904668,19.552537
csyz,2,164.034253,25.774499
dxf3,2,124.296224,19.441261
dzf3,2,528.007476,82.520966
csxz,2,163.773783,25.759506
dxf,3,103.113144,16.340241
dzb,3,527.794047,82.481162
dyb,3,125.020685,19.547648
cvx,3,164.969138,26.058291
dyf,3,125.204282,19.593607
dzb2,3,528.050882,82.505333
dxb,3,124.169529,19.418611
cvy,3,164.800215,25.984824
dzf,3,527.648715,82.454087
dxb2,3,124.246377,19.423480
dyb2,3,125.389532,19.604579
cvz,3,193.077910,30.416206
dzb3,3,527.631962,82.448975
dxb3,3,124.001186,19.384042
dyb3,3,125.459391,19.613155
csxxsyyszz,3,251.519034,40.250252
dyf2,3,125.407431,19.614289
dxf2,3,124.592422,19.484499
csxy,3,136.625487,21.516038
dzf2,3,527.151990,82.375344
dyf3,3,125.058778,19.582653
csyz,3,164.302620,25.814564
dxf3,3,124.060022,19.404439
dzf3,3,527.975686,82.515287
csxz,3,163.980747,25.794419
dxf,4,103.090086,16.344196
dzb,4,528.202507,82.548208
dyb,4,124.950110,19.537957
cvx,4,165.171501,26.078552
dyf,4,125.145009,19.584085
dzb2,4,528.052791,82.524686
dxb,4,124.001408,19.393918
cvy,4,164.845294,25.985601
dzf,4,527.310494,82.404473
dxb2,4,123.993365,19.393430
dyb2,4,125.345917,19.596156
cvz,4,193.421420,30.484207
dzb3,4,527.509763,82.439478
dxb3,4,123.969181,19.390267
dyb3,4,125.277649,19.585853
csxxsyyszz,4,252.580343,40.406266
dyf2,4,125.421103,19.623341
dxf2,4,124.341753,19.451342
csxy,4,136.656596,21.523042
dzf2,4,527.262643,82.387028
dyf3,4,125.145078,19.595058
csyz,4,164.281798,25.810550
dxf3,4,124.112737,19.415147
dzf3,4,528.045403,82.552922
csxz,4,163.878249,25.783258
#========================= OptEWE [OpenMP] =========================
#Source type                                  :  Force monopole
#Grid Size                                    :  512 x 512 x 512
#Iterations                                   :  5
#Compute time                                 :  29.499756
#Total effective MLUPS                        :  22.748956
#===================================================================
#Number of threads                            :  12
