dxf,0,49.778670,7.515603
dzb,0,197.129195,30.462899
dyb,0,51.105812,7.742410
cvx,0,61.619733,9.528929
dyf,0,50.850744,7.758528
dzb2,0,197.729579,30.554560
dxb,0,49.823277,7.529909
cvy,0,249.160267,33.352732
dzf,0,196.572296,30.389778
dxb2,0,49.416144,7.474434
dyb2,0,51.213204,7.798539
cvz,0,68.961589,10.820442
dzb3,0,197.190770,30.500283
dxb3,0,51.048728,7.684158
dyb3,0,51.162065,7.766739
csxxsyyszz,0,157.076261,23.321996
dyf2,0,51.021321,7.758730
dxf2,0,49.903631,7.577768
csxy,0,48.350066,7.589147
dzf2,0,196.678838,30.454053
dyf3,0,50.549789,7.691345
csyz,0,57.601716,9.058480
dxf3,0,49.781125,7.572099
dzf3,0,196.775849,30.451683
csxz,0,57.642962,9.101970
dxf,1,49.326112,7.515099
dzb,1,197.137535,30.509509
dyb,1,51.139775,7.749605
cvx,1,61.629295,9.528696
dyf,1,50.956202,7.788337
dzb2,1,197.852667,30.573456
dxb,1,49.970638,7.558426
cvy,1,60.565865,9.384900
dzf,1,196.780167,30.731993
dxb2,1,49.471531,7.492754
dyb2,1,51.411023,7.892683
cvz,1,68.802040,10.837058
dzb3,1,197.337039,30.500967
dxb3,1,51.098144,7.719676
dyb3,1,51.291981,7.795292
csxxsyyszz,1,157.146695,23.334554
dyf2,1,50.657361,7.711365
dxf2,1,49.932497,7.630615
csxy,1,48.301834,7.634588
dzf2,1,196.765811,30.465657
dyf3,1,50.567937,7.699090
csyz,1,57.622687,9.107925
dxf3,1,49.768995,7.571230
dzf3,1,196.663230,30.452878
csxz,1,57.604749,9.086539
dxf,2,49.362644,7.523931
dzb,2,197.358182,30.525186
dyb,2,51.124625,7.814350
cvx,2,61.608323,9.537922
dyf,2,52.497550,7.983759
dzb2,2,197.574170,30.651174
dxb,2,49.837645,7.551869
cvy,2,60.569396,9.392530
dzf,2,196.690165,30.513548
dxb2,2,49.471718,7.493025
dyb2,2,51.443409,7.822795
cvz,2,68.897424,10.828952
dzb3,2,197.366815,30.546605
dxb3,2,51.089904,7.692163
dyb3,2,51.326106,7.793821
csxxsyyszz,2,157.236252,23.419177
dyf2,2,50.987429,7.768719
dxf2,2,49.945208,7.580409
csxy,2,48.194063,7.575022
dzf2,2,196.645380,30.503124
dyf3,2,50.566071,7.709138
csyz,2,57.640820,9.081360
dxf3,2,49.850775,7.583305
dzf3,2,196.521602,30.469780
csxz,2,57.597595,9.050632
dxf,3,49.431498,7.527278
dzb,3,198.573186,30.783063
dyb,3,51.122156,7.755978
cvx,3,61.676826,9.542408
dyf,3,50.902464,7.778165
dzb2,3,197.591531,30.596154
dxb,3,49.803737,7.534402
cvy,3,60.488522,9.398160
dzf,3,196.707930,30.462159
dxb2,3,49.488340,7.496149
dyb2,3,51.334714,7.814499
cvz,3,68.854526,10.864629
dzb3,3,197.645317,30.570962
dxb3,3,51.080297,7.700475
dyb3,3,51.322426,7.802461
csxxsyyszz,3,157.175764,23.333310
dyf2,3,50.925423,7.758292
dxf2,3,49.941520,7.585603
csxy,3,48.356093,7.606897
dzf2,3,196.727390,30.472376
dyf3,3,50.483818,7.687375
csyz,3,57.629385,9.083465
dxf3,3,49.775833,7.582030
dzf3,3,196.577833,30.414958
csxz,3,57.596224,9.071771
dxf,4,49.323895,7.518871
dzb,4,197.051989,30.487977
dyb,4,51.243466,7.777888
cvx,4,61.672483,9.556053
dyf,4,50.991277,7.787692
dzb2,4,197.643349,30.567430
dxb,4,49.814271,7.547716
cvy,4,60.662533,9.407218
dzf,4,196.596008,30.441104
dxb2,4,49.423797,7.519927
dyb2,4,51.389612,7.815463
cvz,4,68.858917,10.815522
dzb3,4,197.197378,30.506879
dxb3,4,50.991855,7.695725
dyb3,4,51.165996,7.769629
csxxsyyszz,4,156.993403,23.326561
dyf2,4,51.066886,7.804080
dxf2,4,49.994099,7.595672
csxy,4,48.297090,7.591699
dzf2,4,196.666564,30.469535
dyf3,4,50.464655,7.689673
csyz,4,57.605025,9.069740
dxf3,4,49.840407,7.580872
dzf3,4,196.709608,30.442053
csxz,4,57.600973,9.059296
#========================= OptEWE [OpenMP] =========================
#Source type                                  :  Force monopole
#Grid Size                                    :  512 x 512 x 512
#Iterations                                   :  5
#Compute time                                 :  11.690288
#Total effective MLUPS                        :  57.405657
#===================================================================
#Number of threads                            :  11
