dxf,0,31.678586,5.688586
dzb,0,125.370211,23.099461
dyb,0,30.294725,5.508078
cvx,0,38.626965,7.102292
dyf,0,30.144487,5.505137
dzb2,0,124.058801,22.934755
dxb,0,30.021222,5.435483
cvy,0,339.433154,50.908502
dzf,0,123.321313,22.820485
dxb2,0,29.976365,5.456061
dyb2,0,30.503659,5.571922
cvz,0,44.927293,8.319973
dzb3,0,124.640061,23.017235
dxb3,0,30.171825,5.470765
dyb3,0,30.499599,5.563913
csxxsyyszz,0,98.513787,17.330299
dyf2,0,30.229530,5.511457
dxf2,0,29.965981,5.476041
csxy,0,30.895523,5.774445
dzf2,0,123.439424,22.857771
dyf3,0,30.023159,5.501744
csyz,0,37.267470,6.939752
dxf3,0,29.803129,5.443637
dzf3,0,123.598447,22.897230
csxz,0,37.102810,6.894225
dxf,1,29.720499,5.429983
dzb,1,123.878044,22.945186
dyb,1,30.408667,5.544118
cvx,1,38.723852,7.133780
dyf,1,30.180556,5.510781
dzb2,1,123.873927,22.946282
dxb,1,29.991579,5.458951
cvy,1,38.435078,7.078420
dzf,1,123.328275,22.843726
dxb2,1,29.912783,5.450037
dyb2,1,30.697545,5.617291
cvz,1,44.832606,8.300123
dzb3,1,123.683367,22.894533
dxb3,1,30.149988,5.477876
dyb3,1,30.479545,5.565017
csxxsyyszz,1,98.509646,17.340037
dyf2,1,30.225715,5.513005
dxf2,1,29.957217,5.486882
csxy,1,30.889646,5.774916
dzf2,1,123.327246,22.849702
dyf3,1,30.117812,5.516030
csyz,1,37.246391,6.932604
dxf3,1,29.755939,5.435978
dzf3,1,123.529346,22.896287
csxz,1,38.077188,7.057726
dxf,2,29.751404,5.434910
dzb,2,123.902452,22.956770
dyb,2,30.198366,5.511438
cvx,2,38.837150,7.152953
dyf,2,30.172704,5.504279
dzb2,2,123.878642,22.948889
dxb,2,29.991436,5.458441
cvy,2,38.394238,7.072218
dzf,2,123.319106,22.853743
dxb2,2,29.924827,5.454886
dyb2,2,30.521101,5.583454
cvz,2,45.234211,8.356419
dzb3,2,123.642206,22.895568
dxb3,2,30.184390,5.481296
dyb3,2,30.485309,5.571785
csxxsyyszz,2,98.484638,17.342898
dyf2,2,30.294644,5.545695
dxf2,2,30.025897,5.494153
csxy,2,30.881439,5.774105
dzf2,2,123.355064,22.866944
dyf3,2,30.190130,5.522199
csyz,2,37.252907,6.929518
dxf3,2,29.846911,5.456208
dzf3,2,123.501503,22.888656
csxz,2,37.126048,6.907468
dxf,3,29.743876,5.437252
dzb,3,123.898225,22.955491
dyb,3,30.244586,5.530388
cvx,3,38.604242,7.110419
dyf,3,30.108868,5.519096
dzb2,3,123.803155,22.943200
dxb,3,29.975271,5.458521
cvy,3,38.418022,7.080081
dzf,3,123.358227,22.849274
dxb2,3,29.965699,5.460161
dyb2,3,30.478008,5.571404
cvz,3,44.779474,8.294911
dzb3,3,123.726947,22.900867
dxb3,3,30.167451,5.480342
dyb3,3,30.475281,5.564120
csxxsyyszz,3,98.468875,17.332122
dyf2,3,30.207174,5.507263
dxf2,3,29.904696,5.477744
csxy,3,30.859753,5.771979
dzf2,3,123.355740,22.868180
dyf3,3,30.122757,5.522701
csyz,3,37.258759,6.937533
dxf3,3,29.760618,5.438273
dzf3,3,123.492706,22.890360
csxz,3,37.092914,6.897617
dxf,4,29.778101,5.441948
dzb,4,123.900372,22.956012
dyb,4,30.292731,5.527003
cvx,4,38.601008,7.110909
dyf,4,30.048589,5.499596
dzb2,4,123.995629,22.977753
dxb,4,30.024053,5.466371
cvy,4,38.340545,7.067480
dzf,4,123.305541,22.847406
dxb2,4,29.997690,5.471312
dyb2,4,30.547690,5.591778
cvz,4,44.810208,8.306327
dzb3,4,123.650181,22.901744
dxb3,4,30.205515,5.494100
dyb3,4,30.466970,5.564268
csxxsyyszz,4,98.510075,17.349101
dyf2,4,30.269242,5.530640
dxf2,4,29.920337,5.475422
csxy,4,30.845659,5.769222
dzf2,4,123.325422,22.871192
dyf3,4,30.001577,5.492632
csyz,4,37.246661,6.936832
dxf3,4,29.819021,5.456279
dzf3,4,123.708281,22.930937
csxz,4,37.083587,6.951756
#========================= OptEWE [OpenMP] =========================
#Source type                                  :  Force monopole
#Grid Size                                    :  512 x 512 x 512
#Iterations                                   :  5
#Compute time                                 :  7.451310
#Total effective MLUPS                        :  90.063173
#===================================================================
#Number of threads                            :  22
