dxf,0,66.594388,11.814628
dzb,0,327.183141,57.412933
dyb,0,79.610021,13.934579
cvx,0,103.813410,18.299832
dyf,0,76.577274,13.492204
dzb2,0,326.846860,57.387780
dxb,0,79.719017,13.922409
cvy,0,255.204309,42.347530
dzf,0,326.622705,57.344564
dxb2,0,79.653154,13.915455
dyb2,0,80.457977,14.089958
cvz,0,121.968280,21.481787
dzb3,0,326.287015,57.322310
dxb3,0,79.637124,13.919291
dyb3,0,80.375753,14.089036
csxxsyyszz,0,146.261027,26.812956
dyf2,0,80.339179,14.085319
dxf2,0,80.548418,14.080133
csxy,0,87.541866,15.440565
dzf2,0,327.256491,57.504758
dyf3,0,79.907795,14.142076
csyz,0,104.736115,18.588437
dxf3,0,79.944101,14.064116
dzf3,0,328.096001,57.834873
csxz,0,104.187179,18.342595
dxf,1,65.006269,11.605195
dzb,1,327.431258,57.529123
dyb,1,79.584831,13.938398
cvx,1,104.031018,18.346753
dyf,1,76.746205,13.525903
dzb2,1,327.032813,57.468560
dxb,1,79.716181,13.936430
cvy,1,104.060751,18.324509
dzf,1,326.771285,57.396428
dxb2,1,79.712409,13.935648
dyb2,1,80.490842,14.100621
cvz,1,122.016724,21.486997
dzb3,1,326.289104,57.325164
dxb3,1,79.580237,13.911313
dyb3,1,80.467450,14.092230
csxxsyyszz,1,145.899670,26.755096
dyf2,1,80.337588,14.094103
dxf2,1,80.621687,14.087165
csxy,1,87.590193,15.435188
dzf2,1,326.679110,57.402025
dyf3,1,79.936784,14.023601
csyz,1,104.717432,18.422735
dxf3,1,79.980410,13.973984
dzf3,1,327.845324,57.572104
csxz,1,104.125580,18.330031
dxf,2,64.930887,11.590286
dzb,2,327.178568,57.487336
dyb,2,79.750164,13.973262
cvx,2,104.122366,18.354268
dyf,2,76.604862,13.500993
dzb2,2,326.924124,57.438225
dxb,2,79.694549,13.930681
cvy,2,103.864798,18.289601
dzf,2,326.593274,57.370015
dxb2,2,79.688079,13.921310
dyb2,2,80.567418,14.109614
cvz,2,121.948665,21.474986
dzb3,2,326.200873,57.295118
dxb3,2,79.667121,13.917403
dyb3,2,80.540313,14.102658
csxxsyyszz,2,145.929103,26.756398
dyf2,2,80.462173,14.105656
dxf2,2,80.945052,14.140459
csxy,2,87.540023,15.415404
dzf2,2,326.847174,57.399046
dyf3,2,79.822546,14.002574
csyz,2,104.861028,18.436374
dxf3,2,80.055269,13.988438
dzf3,2,327.460949,57.488306
csxz,2,104.185661,18.330287
dxf,3,64.909311,11.581763
dzb,3,327.318656,57.501629
dyb,3,79.614958,13.941340
cvx,3,103.996995,18.326375
dyf,3,76.532138,13.491732
dzb2,3,326.861118,57.422297
dxb,3,79.656594,13.930315
cvy,3,103.904607,18.302425
dzf,3,326.625675,57.387906
dxb2,3,79.673204,13.928425
dyb2,3,80.470719,14.106909
cvz,3,122.138780,21.526590
dzb3,3,326.359514,57.322734
dxb3,3,79.681575,13.928413
dyb3,3,80.422319,14.111665
csxxsyyszz,3,146.058378,26.774079
dyf2,3,80.417368,14.104667
dxf2,3,80.672783,14.115523
csxy,3,87.464536,15.415010
dzf2,3,327.148665,57.446906
dyf3,3,79.946439,14.028502
csyz,3,104.857966,18.439545
dxf3,3,80.015390,13.996594
dzf3,3,327.820966,57.608928
csxz,3,104.112286,18.341196
dxf,4,64.948003,11.606380
dzb,4,327.387822,57.523731
dyb,4,79.516808,13.943051
cvx,4,103.799084,18.312876
dyf,4,76.638094,13.514464
dzb2,4,326.752483,57.412054
dxb,4,79.700977,13.949270
cvy,4,103.875543,18.296192
dzf,4,327.242995,57.470185
dxb2,4,79.679064,13.931909
dyb2,4,80.537731,14.110922
cvz,4,122.053103,21.499186
dzb3,4,326.314164,57.348469
dxb3,4,79.794898,13.945513
dyb3,4,80.484002,14.109974
csxxsyyszz,4,146.312557,26.810292
dyf2,4,80.499001,14.119598
dxf2,4,80.544163,14.087125
csxy,4,87.557086,15.428124
dzf2,4,326.896623,57.421932
dyf3,4,79.873270,14.018621
csyz,4,104.704765,18.422729
dxf3,4,79.892293,13.972767
dzf3,4,327.711492,57.559434
csxz,4,104.248730,18.356463
#========================= OptEWE [OpenMP] =========================
#Source type                                  :  Force monopole
#Grid Size                                    :  512 x 512 x 512
#Iterations                                   :  5
#Compute time                                 :  18.536533
#Total effective MLUPS                        :  36.203568
#===================================================================
#Number of threads                            :  20
