dxf,0,50.478713,7.976971
dzb,0,220.579518,34.981849
dyb,0,54.191597,8.530459
cvx,0,72.938273,11.429994
dyf,0,53.838950,8.526254
dzb2,0,219.947330,34.903078
dxb,0,49.898543,7.897667
cvy,0,280.573063,38.976896
dzf,0,221.110437,35.048110
dxb2,0,50.447786,7.979239
dyb2,0,54.174137,8.572090
cvz,0,75.182397,12.101436
dzb3,0,220.153394,34.910303
dxb3,0,50.017483,7.926208
dyb3,0,54.246272,8.640656
csxxsyyszz,0,194.609826,29.379133
dyf2,0,53.884842,8.527643
dxf2,0,50.594634,8.053790
csxy,0,48.116019,7.935775
dzf2,0,222.194890,35.228429
dyf3,0,53.546310,8.494392
csyz,0,56.999323,9.446163
dxf3,0,49.795121,7.920231
dzf3,0,219.091502,34.854136
csxz,0,57.005025,9.439645
dxf,1,49.994645,7.945105
dzb,1,221.736749,35.227804
dyb,1,54.144761,8.546412
cvx,1,72.905194,11.430106
dyf,1,54.102736,8.545334
dzb2,1,219.797515,34.915481
dxb,1,50.030230,7.930152
cvy,1,71.611576,11.250988
dzf,1,219.590596,34.887704
dxb2,1,50.448567,7.982273
dyb2,1,54.248042,8.583663
cvz,1,75.245341,12.111324
dzb3,1,220.004800,34.887112
dxb3,1,50.008742,7.957761
dyb3,1,54.311289,8.596216
csxxsyyszz,1,194.471171,29.346294
dyf2,1,54.292596,8.594106
dxf2,1,50.739635,8.029059
csxy,1,48.097971,7.931956
dzf2,1,222.100210,35.231760
dyf3,1,53.966055,8.547364
csyz,1,57.527372,9.730048
dxf3,1,49.652491,8.137654
dzf3,1,218.640249,35.794017
csxz,1,56.816941,9.699901
dxf,2,49.930735,8.199165
dzb,2,219.366829,35.887196
dyb,2,53.793072,8.774261
cvx,2,72.710093,11.766384
dyf,2,53.693583,8.752908
dzb2,2,219.555790,35.483717
dxb,2,49.973614,7.929881
cvy,2,71.592717,11.280266
dzf,2,219.524579,34.841083
dxb2,2,50.463909,7.986641
dyb2,2,54.250140,8.608456
cvz,2,75.266490,12.060844
dzb3,2,220.232957,34.962849
dxb3,2,49.981556,7.925507
dyb3,2,54.340433,8.593551
csxxsyyszz,2,194.418853,29.384276
dyf2,2,53.847262,8.518637
dxf2,2,50.643058,8.032524
csxy,2,48.151676,7.940211
dzf2,2,222.150166,35.244768
dyf3,2,53.859736,8.514612
csyz,2,57.026093,9.437576
dxf3,2,49.653506,7.908416
dzf3,2,219.139336,34.853193
csxz,2,57.065588,9.450883
dxf,3,49.973028,7.949141
dzb,3,220.565233,35.103031
dyb,3,53.835408,8.515660
cvx,3,72.982300,11.450084
dyf,3,53.759559,8.544104
dzb2,3,219.984898,34.946367
dxb,3,49.953242,7.921874
cvy,3,71.561573,11.301214
dzf,3,219.502768,34.843456
dxb2,3,50.547787,8.026648
dyb2,3,54.192401,8.604132
cvz,3,75.243300,12.055906
dzb3,3,220.164093,34.944603
dxb3,3,49.995975,7.910760
dyb3,3,54.142935,8.576458
csxxsyyszz,3,191.572920,28.986694
dyf2,3,53.919404,8.526251
dxf2,3,50.509392,8.015937
csxy,3,48.110539,7.937637
dzf2,3,222.247076,35.263987
dyf3,3,53.790045,8.510685
csyz,3,57.023808,9.440098
dxf3,3,49.688447,7.909597
dzf3,3,219.060644,34.879335
csxz,3,57.015503,9.450199
dxf,4,49.896318,7.934982
dzb,4,220.605277,35.070027
dyb,4,53.817742,8.509808
cvx,4,72.972482,11.482935
dyf,4,53.687411,8.524707
dzb2,4,220.044032,34.930502
dxb,4,49.947723,7.945728
cvy,4,73.289401,11.492144
dzf,4,219.670602,34.873577
dxb2,4,50.535873,8.116717
dyb2,4,54.665876,8.763257
cvz,4,76.651362,12.492698
dzb3,4,227.152298,36.479517
dxb3,4,50.103929,7.944484
dyb3,4,54.106535,8.578059
csxxsyyszz,4,193.247887,29.216602
dyf2,4,53.974758,8.532428
dxf2,4,50.562805,8.011530
csxy,4,48.124877,7.939642
dzf2,4,222.117890,35.214857
dyf3,4,53.929969,8.529882
csyz,4,56.906629,9.429453
dxf3,4,49.776680,7.935110
dzf3,4,219.230907,34.841345
csxz,4,56.870340,9.453531
#========================= OptEWE [OpenMP] =========================
#Source type                                  :  Force monopole
#Grid Size                                    :  512 x 512 x 512
#Iterations                                   :  5
#Compute time                                 :  12.830399
#Total effective MLUPS                        :  52.304582
#===================================================================
#Number of threads                            :  10
