dxf,0,34.818010,5.972377
dzb,0,138.604037,24.216847
dyb,0,33.259097,5.774967
cvx,0,42.778583,7.462189
dyf,0,33.235875,5.780075
dzb2,0,138.625677,24.250829
dxb,0,32.902822,5.701502
cvy,0,357.041515,51.545630
dzf,0,137.951373,24.145956
dxb2,0,32.708825,5.679671
dyb2,0,33.530918,5.848510
cvz,0,49.159815,8.627668
dzb3,0,138.359834,24.224953
dxb3,0,33.261548,5.761969
dyb3,0,33.500139,5.824478
csxxsyyszz,0,110.729025,18.501262
dyf2,0,33.354997,5.796741
dxf2,0,32.904109,5.731242
csxy,0,33.887025,6.020998
dzf2,0,138.279202,24.229232
dyf3,0,33.128644,5.782605
csyz,0,40.910869,7.235501
dxf3,0,32.880617,5.718689
dzf3,0,138.119841,24.202295
csxz,0,40.771526,7.215346
dxf,1,32.589434,5.682782
dzb,1,138.645997,24.275923
dyb,1,33.255368,5.797004
cvx,1,42.710714,7.460542
dyf,1,33.244667,5.800957
dzb2,1,138.580184,24.266379
dxb,1,32.904262,5.717599
cvy,1,43.551323,7.582285
dzf,1,138.292449,24.215625
dxb2,1,32.704093,5.677286
dyb2,1,33.535821,5.846132
cvz,1,49.105283,8.631698
dzb3,1,138.376498,24.227871
dxb3,1,33.225570,5.752770
dyb3,1,33.474126,5.822346
csxxsyyszz,1,110.781315,18.529287
dyf2,1,33.372299,5.824539
dxf2,1,32.851526,5.724741
csxy,1,33.898291,6.025905
dzf2,1,138.012652,24.195589
dyf3,1,33.180815,5.794792
csyz,1,40.933813,7.244554
dxf3,1,32.897630,5.726002
dzf3,1,138.126373,24.222062
csxz,1,40.758362,7.214351
dxf,2,32.655818,5.690636
dzb,2,138.653531,24.287022
dyb,2,33.221371,5.787281
cvx,2,42.702146,7.460259
dyf,2,33.229634,5.799520
dzb2,2,138.705642,24.302219
dxb,2,32.860390,5.707318
cvy,2,42.247666,7.400063
dzf,2,137.988609,24.196773
dxb2,2,32.729125,5.685843
dyb2,2,33.501830,5.848941
cvz,2,49.149521,8.633450
dzb3,2,138.353070,24.227104
dxb3,2,33.248668,5.766625
dyb3,2,33.475829,5.829457
csxxsyyszz,2,111.086139,18.588618
dyf2,2,33.180702,5.800461
dxf2,2,32.830490,5.730127
csxy,2,33.870498,6.026287
dzf2,2,137.989551,24.202150
dyf3,2,33.104326,5.795267
csyz,2,40.891846,7.246132
dxf3,2,32.873870,5.728634
dzf3,2,138.232169,24.232592
csxz,2,40.766496,7.224891
dxf,3,32.669359,5.691795
dzb,3,138.612890,24.292403
dyb,3,33.233130,5.801317
cvx,3,42.744649,7.470113
dyf,3,33.245575,5.810258
dzb2,3,138.590864,24.289781
dxb,3,33.044511,5.752105
cvy,3,42.218519,7.396996
dzf,3,137.902014,24.189774
dxb2,3,32.740131,5.697384
dyb2,3,34.440706,5.990411
cvz,3,49.184982,8.640885
dzb3,3,138.637597,24.416184
dxb3,3,33.285975,5.773571
dyb3,3,33.521937,5.837127
csxxsyyszz,3,110.880245,18.547814
dyf2,3,33.360408,5.805068
dxf2,3,32.875339,5.734087
csxy,3,33.892678,6.027571
dzf2,3,138.018508,24.210171
dyf3,3,33.129649,5.800528
csyz,3,40.929799,7.248472
dxf3,3,32.866306,5.740970
dzf3,3,138.094924,24.256003
csxz,3,40.731564,7.235065
dxf,4,32.585596,5.691817
dzb,4,138.579040,24.297607
dyb,4,33.336136,5.840253
cvx,4,42.722253,7.481370
dyf,4,33.259471,5.825634
dzb2,4,138.582211,24.302865
dxb,4,32.943347,5.736381
cvy,4,42.238506,7.404938
dzf,4,137.969845,24.217802
dxb2,4,32.669760,5.706038
dyb2,4,33.490298,5.860324
cvz,4,49.144435,8.650625
dzb3,4,138.464618,24.277792
dxb3,4,33.299223,5.785026
dyb3,4,33.542211,5.858027
csxxsyyszz,4,110.776352,18.539584
dyf2,4,33.362110,5.841705
dxf2,4,32.897015,5.747181
csxy,4,33.886659,6.033762
dzf2,4,138.016444,24.230018
dyf3,4,32.994277,5.786129
csyz,4,40.948013,7.260107
dxf3,4,32.895351,5.738908
dzf3,4,138.105584,24.250600
csxz,4,40.755011,7.273594
#========================= OptEWE [OpenMP] =========================
#Source type                                  :  Force monopole
#Grid Size                                    :  512 x 512 x 512
#Iterations                                   :  5
#Compute time                                 :  8.258137
#Total effective MLUPS                        :  81.263929
#===================================================================
#Number of threads                            :  21
