dxf,0,83.527137,9.793065
dzb,0,468.626190,53.217737
dyb,0,99.976884,11.565642
cvx,0,154.468362,17.468044
dyf,0,98.285638,11.391674
dzb2,0,466.543711,52.992710
dxb,0,86.101963,10.029533
cvy,0,469.729080,49.926042
dzf,0,471.663149,53.563307
dxb2,0,85.298751,9.970394
dyb2,0,99.426679,11.514667
cvz,0,154.985248,17.753510
dzb3,0,468.906547,53.292475
dxb3,0,85.047309,9.938193
dyb3,0,99.714024,11.548685
csxxsyyszz,0,420.798631,46.596592
dyf2,0,99.235734,11.493045
dxf2,0,84.359050,9.877243
csxy,0,75.897309,9.126405
dzf2,0,462.728747,52.647984
dyf3,0,98.777305,11.463600
csyz,0,87.931627,10.516104
dxf3,0,82.986210,9.736184
dzf3,0,468.395181,53.233485
csxz,0,87.454127,10.440205
dxf,1,83.407797,9.781649
dzb,1,468.268681,53.182991
dyb,1,100.148505,11.550829
cvx,1,154.467657,17.461405
dyf,1,98.262832,11.355744
dzb2,1,466.446103,52.905502
dxb,1,86.010034,10.018214
cvy,1,151.007205,17.096137
dzf,1,472.775028,53.554986
dxb2,1,85.544629,9.971480
dyb2,1,99.843725,11.535904
cvz,1,155.020988,17.773724
dzb3,1,468.706917,53.439942
dxb3,1,84.938138,9.936774
dyb3,1,99.249281,11.493631
csxxsyyszz,1,419.097915,46.405885
dyf2,1,97.941067,11.356959
dxf2,1,84.237945,9.867716
csxy,1,75.878235,9.132364
dzf2,1,462.201716,52.609561
dyf3,1,98.555559,11.445380
csyz,1,88.001169,10.491572
dxf3,1,83.088513,9.734186
dzf3,1,469.332990,53.230556
csxz,1,87.427498,10.418607
dxf,2,83.300911,9.748411
dzb,2,468.658097,53.158042
dyb,2,99.989193,11.540213
cvx,2,154.456168,17.461220
dyf,2,99.335659,11.481014
dzb2,2,465.784184,52.935449
dxb,2,85.839592,10.062472
cvy,2,150.719628,17.176212
dzf,2,471.695952,53.693184
dxb2,2,85.219871,9.970112
dyb2,2,99.271457,11.512049
cvz,2,154.857518,17.742477
dzb3,2,466.561022,53.069321
dxb3,2,84.954218,9.939767
dyb3,2,99.223093,11.485687
csxxsyyszz,2,420.894410,46.637867
dyf2,2,97.994456,11.400021
dxf2,2,84.417170,9.926625
csxy,2,75.915601,9.202671
dzf2,2,461.798998,52.957896
dyf3,2,97.646512,11.363736
csyz,2,87.870304,10.531601
dxf3,2,82.734254,9.718935
dzf3,2,466.575965,53.108282
csxz,2,87.136879,10.420200
dxf,3,82.952252,9.741211
dzb,3,470.969220,54.166947
dyb,3,98.841285,11.562083
cvx,3,154.539338,17.797532
dyf,3,99.445974,11.641456
dzb2,3,466.786515,53.661746
dxb,3,85.980246,10.112685
cvy,3,151.050625,17.250006
dzf,3,472.574940,54.087023
dxb2,3,85.510703,10.061391
dyb2,3,99.943257,11.586985
cvz,3,155.339211,17.806004
dzb3,3,470.072564,53.425190
dxb3,3,85.038808,10.001468
dyb3,3,99.732956,11.531006
csxxsyyszz,3,421.852289,46.702438
dyf2,3,99.273773,11.555197
dxf2,3,84.557678,9.890667
csxy,3,75.946212,9.130436
dzf2,3,463.908327,52.833296
dyf3,3,98.141342,11.372128
csyz,3,87.982860,10.498011
dxf3,3,82.822084,9.751068
dzf3,3,469.666549,53.352025
csxz,3,87.543615,10.436871
dxf,4,83.431775,9.838814
dzb,4,469.019801,53.301087
dyb,4,98.962851,11.466578
cvx,4,154.589908,17.511147
dyf,4,98.404823,11.402290
dzb2,4,467.024140,53.119016
dxb,4,86.000804,10.028011
cvy,4,151.055901,17.177425
dzf,4,472.757780,53.635441
dxb2,4,85.453564,9.986771
dyb2,4,99.863139,11.603034
cvz,4,155.250748,17.754950
dzb3,4,468.507125,53.291189
dxb3,4,85.314172,9.959081
dyb3,4,99.481415,11.502046
csxxsyyszz,4,420.352371,46.596233
dyf2,4,98.417092,11.397068
dxf2,4,84.502602,9.894419
csxy,4,75.917761,9.185556
dzf2,4,463.811910,52.750873
dyf3,4,98.802507,11.444294
csyz,4,87.949454,10.539235
dxf3,4,82.955254,9.720701
dzf3,4,469.447050,53.343411
csxz,4,87.322799,10.498789
#========================= OptEWE [OpenMP] =========================
#Source type                                  :  Force monopole
#Grid Size                                    :  512 x 512 x 512
#Iterations                                   :  5
#Compute time                                 :  25.529211
#Total effective MLUPS                        :  26.287089
#===================================================================
#Number of threads                            :  5
