dxf,0,50.685874,7.508941
dzb,0,211.344897,31.579938
dyb,0,52.320612,7.777241
cvx,0,64.802981,9.728179
dyf,0,52.275124,7.787904
dzb2,0,211.182635,31.607992
dxb,0,49.908867,7.400702
cvy,0,246.898987,32.461118
dzf,0,210.315397,31.443763
dxb2,0,50.052083,7.419018
dyb2,0,52.819535,7.886250
cvz,0,71.183535,10.836474
dzb3,0,210.968214,31.553555
dxb3,0,50.094553,7.469507
dyb3,0,52.795404,7.842806
csxxsyyszz,0,169.950972,24.503004
dyf2,0,52.884057,7.912410
dxf2,0,50.358076,7.485679
csxy,0,49.456903,7.563875
dzf2,0,211.936072,31.714417
dyf3,0,52.441454,8.077198
csyz,0,58.990961,9.424297
dxf3,0,50.281426,7.825168
dzf3,0,209.423541,32.816097
csxz,0,59.084595,9.416970
dxf,1,50.274217,7.818486
dzb,1,210.448847,32.895164
dyb,1,52.183745,8.055382
cvx,1,64.640590,10.073526
dyf,1,52.245660,8.070624
dzb2,1,210.903583,32.287771
dxb,1,49.963227,7.412559
cvy,1,63.515677,9.556300
dzf,1,210.141610,31.513311
dxb2,1,50.164052,7.450447
dyb2,1,52.969932,7.871552
cvz,1,71.076162,10.870758
dzb3,1,210.936573,31.576060
dxb3,1,49.977730,7.464443
dyb3,1,52.894609,7.879215
csxxsyyszz,1,169.912623,24.510516
dyf2,1,52.332961,7.800034
dxf2,1,50.406376,7.530543
csxy,1,49.641110,7.614922
dzf2,1,212.100183,31.714428
dyf3,1,51.987202,7.765343
csyz,1,58.804363,9.029042
dxf3,1,50.280532,7.466659
dzf3,1,210.106702,31.509439
csxz,1,59.092328,9.079391
dxf,2,50.300995,7.468609
dzb,2,211.217727,31.687864
dyb,2,52.141839,7.768892
cvx,2,64.913593,9.747735
dyf,2,52.479976,7.827291
dzb2,2,210.997620,31.650389
dxb,2,50.012032,7.429912
cvy,2,63.490521,9.556056
dzf,2,210.133776,31.535553
dxb2,2,50.123916,7.446896
dyb2,2,52.839283,7.860088
cvz,2,71.376746,10.873465
dzb3,2,210.880152,31.619712
dxb3,2,50.021430,7.422050
dyb3,2,52.855540,7.854553
csxxsyyszz,2,169.917402,24.560268
dyf2,2,52.809213,7.851336
dxf2,2,50.336742,7.473917
csxy,2,49.474476,7.577234
dzf2,2,211.969415,31.751998
dyf3,2,52.190695,7.795381
csyz,2,58.833612,9.009019
dxf3,2,50.314996,7.540597
dzf3,2,210.314394,31.497556
csxz,2,58.944344,9.072885
dxf,3,50.312252,7.468104
dzb,3,211.310690,31.625546
dyb,3,52.172423,7.836853
cvx,3,64.867451,9.741297
dyf,3,52.666613,7.843668
dzb2,3,211.514671,31.713049
dxb,3,50.023226,7.436385
cvy,3,63.614559,9.577783
dzf,3,210.193807,31.513578
dxb2,3,50.051893,7.435233
dyb2,3,52.897307,7.866025
cvz,3,71.235780,10.842110
dzb3,3,210.871049,31.630657
dxb3,3,49.911903,7.413875
dyb3,3,52.908953,7.858939
csxxsyyszz,3,169.161683,24.430631
dyf2,3,52.549098,7.816435
dxf2,3,50.422448,7.494642
csxy,3,49.610906,7.596791
dzf2,3,211.999317,31.729479
dyf3,3,52.108094,7.781113
csyz,3,58.790179,8.990978
dxf3,3,50.269023,7.485009
dzf3,3,211.519856,31.663305
csxz,3,59.187737,9.041654
dxf,4,50.326912,7.488064
dzb,4,211.294450,31.635267
dyb,4,52.735776,7.838465
cvx,4,64.720927,9.739273
dyf,4,52.557511,7.850170
dzb2,4,211.184827,31.602743
dxb,4,50.000782,7.440381
cvy,4,63.574153,9.601408
dzf,4,210.194482,31.470798
dxb2,4,50.101119,7.462899
dyb2,4,52.742949,7.850031
cvz,4,71.119354,10.822807
dzb3,4,210.895062,31.602674
dxb3,4,49.986701,7.423637
dyb3,4,52.754283,7.844024
csxxsyyszz,4,169.869096,24.494924
dyf2,4,52.359908,7.822715
dxf2,4,50.423619,7.486574
csxy,4,49.518926,7.573847
dzf2,4,212.075818,31.728003
dyf3,4,52.165371,7.787976
csyz,4,58.790683,8.995219
dxf3,4,50.331397,7.469857
dzf3,4,210.299135,31.519326
csxz,4,59.087815,9.065574
#========================= OptEWE [OpenMP] =========================
#Source type                                  :  Force monopole
#Grid Size                                    :  512 x 512 x 512
#Iterations                                   :  5
#Compute time                                 :  12.278093
#Total effective MLUPS                        :  54.657398
#===================================================================
#Number of threads                            :  9
