dxf,0,90.486362,13.158880
dzb,0,461.247390,65.904081
dyb,0,110.910681,15.868520
cvx,0,143.689807,20.681670
dyf,0,109.469605,15.713942
dzb2,0,461.474530,65.945880
dxb,0,110.880802,15.852984
cvy,0,320.838761,44.130399
dzf,0,461.290390,65.226509
dxb2,0,110.973548,15.850391
dyb2,0,111.953416,16.029029
cvz,0,168.312454,24.175361
dzb3,0,459.829948,65.708675
dxb3,0,110.979660,15.862288
dyb3,0,111.762193,16.003752
csxxsyyszz,0,211.428971,31.271014
dyf2,0,111.741275,16.001746
dxf2,0,111.890715,15.983662
csxy,0,121.429246,17.437560
dzf2,0,459.813633,65.812944
dyf3,0,111.309984,15.997485
csyz,0,144.671999,20.762661
dxf3,0,111.148317,15.895315
dzf3,0,460.686829,65.838329
csxz,0,144.136523,20.656935
dxf,1,89.318804,13.007787
dzb,1,460.935649,65.890475
dyb,1,110.954185,15.890472
cvx,1,144.229986,20.772945
dyf,1,109.481847,15.728275
dzb2,1,460.144315,65.791049
dxb,1,110.952303,15.863083
cvy,1,143.898987,20.696643
dzf,1,460.374595,65.539230
dxb2,1,110.884942,15.846027
dyb2,1,111.941865,16.033814
cvz,1,168.462858,24.209103
dzb3,1,460.481260,65.157224
dxb3,1,110.991048,15.858960
dyb3,1,111.920038,16.030440
csxxsyyszz,1,210.279331,31.116505
dyf2,1,111.859766,16.029727
dxf2,1,111.951758,16.002785
csxy,1,121.375766,17.443449
dzf2,1,460.138419,65.777507
dyf3,1,111.392316,15.984058
csyz,1,144.939441,20.781685
dxf3,1,111.170106,15.905564
dzf3,1,461.335584,66.113722
csxz,1,143.874685,20.645645
dxf,2,89.332510,13.007942
dzb,2,461.412369,65.597042
dyb,2,111.316442,15.929949
cvx,2,143.994632,20.735351
dyf,2,109.543304,15.733773
dzb2,2,460.940298,65.301620
dxb,2,110.946323,15.854551
cvy,2,144.019032,20.707051
dzf,2,460.624140,65.815037
dxb2,2,110.823169,15.843013
dyb2,2,111.818618,16.014058
cvz,2,168.237173,24.163434
dzb3,2,459.984281,65.433885
dxb3,2,110.839993,15.838738
dyb3,2,111.763186,15.990666
csxxsyyszz,2,210.460938,31.113596
dyf2,2,111.575130,15.991159
dxf2,2,111.776985,15.988683
csxy,2,121.468614,17.487036
dzf2,2,460.685756,65.401920
dyf3,2,111.328670,15.956945
csyz,2,144.844994,20.765290
dxf3,2,111.205972,15.910942
dzf3,2,460.459753,65.865676
csxz,2,144.061882,20.677320
dxf,3,89.325665,13.018602
dzb,3,460.164886,65.861596
dyb,3,110.965823,15.923347
cvx,3,143.995734,20.778584
dyf,3,109.400725,15.757893
dzb2,3,460.686330,65.847481
dxb,3,110.897773,15.869149
cvy,3,144.165383,20.748953
dzf,3,460.004486,65.795202
dxb2,3,110.888157,15.861833
dyb2,3,112.066127,16.060599
cvz,3,168.352504,24.197082
dzb3,3,460.589460,65.860677
dxb3,3,110.740277,15.845994
dyb3,3,111.779684,16.013428
csxxsyyszz,3,210.755262,31.194015
dyf2,3,111.520979,15.999929
dxf2,3,111.828618,15.998048
csxy,3,121.283739,17.439097
dzf2,3,460.414528,65.677209
dyf3,3,111.205958,15.952150
csyz,3,144.859982,20.789763
dxf3,3,111.238683,15.957952
dzf3,3,461.253309,65.713153
csxz,3,144.152721,20.736023
dxf,4,89.318208,13.047083
dzb,4,461.013103,66.021456
dyb,4,110.930134,15.904731
cvx,4,144.184919,20.783860
dyf,4,109.421234,15.737065
dzb2,4,460.758633,65.977119
dxb,4,110.855854,15.901257
cvy,4,144.105090,20.791847
dzf,4,460.883705,65.333007
dxb2,4,111.030190,15.898319
dyb2,4,111.966972,16.049796
cvz,4,168.181394,24.187575
dzb3,4,460.109013,65.831191
dxb3,4,110.917613,15.866046
dyb3,4,111.890384,16.033619
csxxsyyszz,4,210.651357,31.176524
dyf2,4,111.837562,16.029143
dxf2,4,111.741239,15.979862
csxy,4,121.286068,17.436721
dzf2,4,460.104497,65.762201
dyf3,4,111.284060,15.965938
csyz,4,144.869839,20.763271
dxf3,4,111.331875,15.920827
dzf3,4,460.627783,65.829765
csxz,4,144.172121,20.666235
#========================= OptEWE [OpenMP] =========================
#Source type                                  :  Force monopole
#Grid Size                                    :  512 x 512 x 512
#Iterations                                   :  5
#Compute time                                 :  25.945648
#Total effective MLUPS                        :  25.865171
#===================================================================
#Number of threads                            :  17
