dxf,0,38.865570,6.639697
dzb,0,157.731823,27.442236
dyb,0,36.498917,6.351412
cvx,0,46.284971,8.163391
dyf,0,36.485997,6.364526
dzb2,0,157.617476,27.447744
dxb,0,36.109680,6.262297
cvy,0,370.458488,54.713580
dzf,0,156.949594,27.331952
dxb2,0,36.298958,6.307660
dyb2,0,36.766101,6.413749
cvz,0,54.311470,9.573487
dzb3,0,157.616276,27.437994
dxb3,0,36.111908,6.282403
dyb3,0,36.764678,6.417129
csxxsyyszz,0,92.912332,16.333419
dyf2,0,36.516373,6.359614
dxf2,0,36.371902,6.339957
csxy,0,37.538178,6.654845
dzf2,0,156.987632,27.367141
dyf3,0,36.323199,6.342341
csyz,0,45.496138,8.029826
dxf3,0,36.198817,6.307882
dzf3,0,157.056987,27.381132
csxz,0,45.419787,8.009948
dxf,1,36.080040,6.286116
dzb,1,157.755467,27.498563
dyb,1,36.448450,6.350063
cvx,1,46.267903,8.173634
dyf,1,36.453850,6.367792
dzb2,1,157.637178,27.475837
dxb,1,36.091517,6.283960
cvy,1,46.159136,8.148289
dzf,1,156.946145,27.371581
dxb2,1,36.252019,6.298669
dyb2,1,36.723038,6.412398
cvz,1,54.263777,9.567745
dzb3,1,157.398606,27.417302
dxb3,1,36.096748,6.280834
dyb3,1,36.804257,6.431423
csxxsyyszz,1,93.028824,16.349938
dyf2,1,36.605766,6.391680
dxf2,1,36.381930,6.344697
csxy,1,37.537999,6.657821
dzf2,1,156.990547,27.387273
dyf3,1,36.320491,6.337687
csyz,1,45.485982,8.037832
dxf3,1,36.234219,6.310475
dzf3,1,157.044207,27.388287
csxz,1,45.418245,8.011730
dxf,2,36.131960,6.301818
dzb,2,157.497490,27.455081
dyb,2,36.529636,6.366731
cvx,2,46.252704,8.164927
dyf,2,36.477795,6.370535
dzb2,2,157.687986,27.487544
dxb,2,36.052713,6.266886
cvy,2,46.170213,8.151688
dzf,2,156.948191,27.376780
dxb2,2,36.245216,6.309648
dyb2,2,36.801482,6.428274
cvz,2,54.273168,9.574489
dzb3,2,157.377225,27.423599
dxb3,2,36.076083,6.275221
dyb3,2,36.794081,6.430855
csxxsyyszz,2,92.852146,16.337038
dyf2,2,36.442308,6.362779
dxf2,2,36.339089,6.351092
csxy,2,37.544183,6.660362
dzf2,2,157.058354,27.394088
dyf3,2,36.344934,6.342310
csyz,2,45.474490,8.032899
dxf3,2,36.189680,6.304385
dzf3,2,157.169624,27.414978
csxz,2,45.421591,8.020414
dxf,3,36.079625,6.289367
dzb,3,157.698407,27.496179
dyb,3,36.492933,6.366576
cvx,3,46.250151,8.169655
dyf,3,36.465401,6.376287
dzb2,3,157.649284,27.481665
dxb,3,36.097240,6.289231
cvy,3,46.285445,8.169501
dzf,3,157.056656,27.384161
dxb2,3,36.251351,6.300461
dyb2,3,36.729868,6.415403
cvz,3,55.665315,9.798926
dzb3,3,157.405175,27.420674
dxb3,3,36.141861,6.283453
dyb3,3,36.755603,6.424130
csxxsyyszz,3,92.808167,16.330164
dyf2,3,36.632009,6.392526
dxf2,3,36.390007,6.350655
csxy,3,37.504164,6.654224
dzf2,3,157.992605,27.526857
dyf3,3,36.341294,6.352912
csyz,3,45.521447,8.036957
dxf3,3,36.131868,6.295265
dzf3,3,157.121282,27.411363
csxz,3,45.411163,8.018935
dxf,4,36.071295,6.289339
dzb,4,157.663925,27.492522
dyb,4,36.533873,6.375521
cvx,4,46.266789,8.173076
dyf,4,36.441827,6.371925
dzb2,4,157.565485,27.466562
dxb,4,36.133023,6.297962
cvy,4,46.206415,8.156876
dzf,4,156.915871,27.378591
dxb2,4,36.297015,6.313651
dyb2,4,36.793113,6.425965
cvz,4,54.278750,9.576686
dzb3,4,157.495093,27.447481
dxb3,4,36.096768,6.282500
dyb3,4,36.757424,6.423964
csxxsyyszz,4,92.924152,16.346124
dyf2,4,36.664118,6.405728
dxf2,4,36.344283,6.336936
csxy,4,37.528628,6.664940
dzf2,4,156.945207,27.382965
dyf3,4,36.325547,6.345499
csyz,4,45.504648,8.039558
dxf3,4,36.175357,6.306293
dzf3,4,157.040837,27.394860
csxz,4,45.408587,8.054864
#========================= OptEWE [OpenMP] =========================
#Source type                                  :  Force monopole
#Grid Size                                    :  512 x 512 x 512
#Iterations                                   :  5
#Compute time                                 :  9.072133
#Total effective MLUPS                        :  73.972530
#===================================================================
#Number of threads                            :  21
