dxf,0,29.697213,6.010572
dzb,0,110.660556,23.552666
dyb,0,28.882483,5.958215
cvx,0,34.849317,7.404391
dyf,0,28.600607,5.923901
dzb2,0,110.640415,23.570606
dxb,0,28.711151,5.906841
cvy,0,268.729263,46.635350
dzf,0,110.212940,23.456659
dxb2,0,28.466930,5.865255
dyb2,0,29.135331,6.024317
cvz,0,40.366131,8.596184
dzb3,0,110.295498,23.507835
dxb3,0,28.595652,5.898330
dyb3,0,29.121603,6.014550
csxxsyyszz,0,72.924100,15.239412
dyf2,0,29.497156,6.066304
dxf2,0,28.692028,5.932196
csxy,0,28.474402,6.075725
dzf2,0,110.086965,23.500618
dyf3,0,28.650238,5.934777
csyz,0,34.120190,7.264401
dxf3,0,28.357473,5.866098
dzf3,0,110.389246,23.553073
csxz,0,33.935695,7.242362
dxf,1,28.308040,5.859882
dzb,1,110.675609,23.615778
dyb,1,28.933562,5.981290
cvx,1,34.996152,7.440328
dyf,1,28.628568,5.934106
dzb2,1,110.607772,23.586243
dxb,1,28.640797,5.906568
cvy,1,34.673563,7.379208
dzf,1,110.021246,23.476888
dxb2,1,28.457226,5.875468
dyb2,1,29.088098,6.027218
cvz,1,40.307521,8.593059
dzb3,1,110.258755,23.515263
dxb3,1,28.588907,5.899440
dyb3,1,29.105233,6.019032
csxxsyyszz,1,72.905684,15.232361
dyf2,1,28.727928,5.945005
dxf2,1,28.674955,5.932490
csxy,1,28.514522,6.080365
dzf2,1,110.036979,23.484298
dyf3,1,28.678192,5.944989
csyz,1,34.094265,7.254739
dxf3,1,28.368988,5.873917
dzf3,1,110.522218,23.589955
csxz,1,33.925953,7.239435
dxf,2,28.357650,5.862235
dzb,2,110.632259,23.598008
dyb,2,28.868814,5.966582
cvx,2,34.709105,7.393521
dyf,2,28.653951,5.937098
dzb2,2,110.569211,23.589620
dxb,2,28.692029,5.919285
cvy,2,34.704805,7.386339
dzf,2,110.051226,23.504534
dxb2,2,28.436237,5.878244
dyb2,2,29.109377,6.024584
cvz,2,40.327027,8.603339
dzb3,2,110.319254,23.549220
dxb3,2,28.565580,5.900696
dyb3,2,29.123097,6.020026
csxxsyyszz,2,72.881111,15.239046
dyf2,2,28.743846,5.943748
dxf2,2,28.704374,5.935347
csxy,2,28.464310,6.077842
dzf2,2,110.057543,23.506866
dyf3,2,28.709502,5.954590
csyz,2,34.135818,7.265477
dxf3,2,28.439871,5.883972
dzf3,2,110.358400,23.574204
csxz,2,33.897603,7.241981
dxf,3,28.305353,5.861567
dzb,3,110.683151,23.624799
dyb,3,28.869131,5.973745
cvx,3,34.771836,7.409299
dyf,3,28.625029,5.940528
dzb2,3,110.645315,23.621292
dxb,3,28.656189,5.913324
cvy,3,34.718006,7.391921
dzf,3,110.029553,23.494011
dxb2,3,28.470729,5.881222
dyb2,3,29.112295,6.030236
cvz,3,40.569867,8.647177
dzb3,3,110.292401,23.530194
dxb3,3,28.579916,5.902824
dyb3,3,29.093886,6.015513
csxxsyyszz,3,72.893844,15.250451
dyf2,3,28.704476,5.940272
dxf2,3,28.670248,5.933905
csxy,3,28.462773,6.078699
dzf2,3,110.048570,23.507528
dyf3,3,28.797694,5.973481
csyz,3,34.111148,7.265793
dxf3,3,28.332445,5.866941
dzf3,3,110.396101,23.583243
csxz,3,33.949082,7.254676
dxf,4,28.338811,5.871683
dzb,4,110.642931,23.629551
dyb,4,28.858721,5.974597
cvx,4,34.777249,7.410210
dyf,4,28.611532,5.931170
dzb2,4,110.722655,23.646330
dxb,4,28.655638,5.917150
cvy,4,34.675507,7.391421
dzf,4,109.977433,23.510276
dxb2,4,28.473391,5.885450
dyb2,4,29.165137,6.046121
cvz,4,40.350975,8.609048
dzb3,4,110.298624,23.548632
dxb3,4,28.560748,5.898984
dyb3,4,29.348190,6.064780
csxxsyyszz,4,72.879507,15.239942
dyf2,4,28.726477,5.947338
dxf2,4,28.675742,5.936237
csxy,4,28.498383,6.089629
dzf2,4,110.080253,23.523142
dyf3,4,28.735805,5.960524
csyz,4,34.089302,7.263507
dxf3,4,28.352490,5.870501
dzf3,4,110.342542,23.568600
csxz,4,33.943074,7.311683
#========================= OptEWE [OpenMP] =========================
#Source type                                  :  Force monopole
#Grid Size                                    :  512 x 512 x 512
#Iterations                                   :  5
#Compute time                                 :  6.665316
#Total effective MLUPS                        :  100.683700
#===================================================================
#Number of threads                            :  21
