dxf,0,29.603558,5.997466
dzb,0,112.850988,23.799555
dyb,0,28.833232,5.924628
cvx,0,35.311329,7.444248
dyf,0,28.279636,5.834089
dzb2,0,112.854365,23.822170
dxb,0,28.543941,5.845680
cvy,0,291.729202,50.300510
dzf,0,112.270635,23.679624
dxb2,0,28.175981,5.795447
dyb2,0,28.956486,5.966242
cvz,0,41.134626,8.677014
dzb3,0,112.495152,23.740300
dxb3,0,28.171337,5.790031
dyb3,0,28.968365,5.970863
csxxsyyszz,0,71.483501,14.915326
dyf2,0,28.331236,5.842373
dxf2,0,28.410132,5.852724
csxy,0,28.776551,6.090677
dzf2,0,112.264078,23.731419
dyf3,0,28.375615,5.869850
csyz,0,34.600522,7.305876
dxf3,0,27.994221,5.777911
dzf3,0,112.588929,23.800089
csxz,0,34.403262,7.268406
dxf,1,27.971137,5.779657
dzb,1,112.830257,23.849247
dyb,1,28.772800,5.931033
cvx,1,35.353240,7.463355
dyf,1,28.256789,5.846094
dzb2,1,112.847277,23.851979
dxb,1,28.571370,5.876654
cvy,1,35.222405,7.432046
dzf,1,112.238147,23.737998
dxb2,1,28.175881,5.798244
dyb2,1,28.938544,5.966042
cvz,1,41.130066,8.683705
dzb3,1,112.505170,23.767703
dxb3,1,28.234208,5.815894
dyb3,1,28.986297,5.981685
csxxsyyszz,1,71.737736,14.986799
dyf2,1,28.329317,5.859683
dxf2,1,28.375402,5.859875
csxy,1,28.782431,6.097558
dzf2,1,112.227533,23.735138
dyf3,1,28.417323,5.870427
csyz,1,34.571271,7.304261
dxf3,1,28.027286,5.778526
dzf3,1,112.611625,23.808221
csxz,1,34.405937,7.270882
dxf,2,27.999675,5.781450
dzb,2,112.864587,23.862568
dyb,2,28.705238,5.911485
cvx,2,35.327132,7.465601
dyf,2,28.275927,5.843809
dzb2,2,112.853024,23.855792
dxb,2,28.508711,5.856521
cvy,2,35.221031,7.436516
dzf,2,112.289877,23.746846
dxb2,2,28.156279,5.791160
dyb2,2,28.929479,5.974781
cvz,2,41.126851,8.691634
dzb3,2,112.527240,23.792107
dxb3,2,28.215345,5.803426
dyb3,2,28.990471,5.975298
csxxsyyszz,2,71.471112,14.921797
dyf2,2,28.338150,5.855488
dxf2,2,29.554091,6.058946
csxy,2,28.816482,6.092404
dzf2,2,112.271764,23.754710
dyf3,2,28.345123,5.867440
csyz,2,34.569585,7.306306
dxf3,2,27.998571,5.787860
dzf3,2,112.612170,23.821795
csxz,2,34.385148,7.267444
dxf,3,27.967413,5.778043
dzb,3,112.893915,23.868645
dyb,3,28.798829,5.939398
cvx,3,35.467744,7.494598
dyf,3,28.286462,5.850465
dzb2,3,112.786317,23.852574
dxb,3,28.535455,5.870337
cvy,3,35.213645,7.442570
dzf,3,112.291308,23.758599
dxb2,3,28.209893,5.806419
dyb2,3,28.974239,5.976420
cvz,3,41.064360,8.677591
dzb3,3,112.534593,23.788973
dxb3,3,28.219077,5.812307
dyb3,3,28.944308,5.971452
csxxsyyszz,3,70.856443,14.830770
dyf2,3,28.353630,5.864594
dxf2,3,28.333170,5.853042
csxy,3,28.776408,6.102996
dzf2,3,112.266980,23.762315
dyf3,3,28.372455,5.881373
csyz,3,34.588747,7.310956
dxf3,3,28.081694,5.797700
dzf3,3,112.696732,23.843267
csxz,3,34.389433,7.268708
dxf,4,28.010152,5.785147
dzb,4,112.868484,23.875149
dyb,4,28.686395,5.923143
cvx,4,35.412795,7.485140
dyf,4,28.270770,5.852874
dzb2,4,112.860580,23.875086
dxb,4,28.558476,5.874716
cvy,4,35.248260,7.443575
dzf,4,112.258067,23.761783
dxb2,4,28.142577,5.798192
dyb2,4,28.962951,5.976263
cvz,4,41.124687,8.688546
dzb3,4,112.535962,23.789633
dxb3,4,28.200097,5.810042
dyb3,4,28.963769,5.977760
csxxsyyszz,4,71.402087,14.928538
dyf2,4,28.369688,5.857513
dxf2,4,28.500193,5.888258
csxy,4,28.773332,6.098148
dzf2,4,112.279444,23.768154
dyf3,4,28.365242,5.857659
csyz,4,34.568620,7.308262
dxf3,4,28.056313,5.784978
dzf3,4,112.604324,23.824457
csxz,4,34.396729,7.332236
#========================= OptEWE [OpenMP] =========================
#Source type                                  :  Force monopole
#Grid Size                                    :  512 x 512 x 512
#Iterations                                   :  5
#Compute time                                 :  6.746016
#Total effective MLUPS                        :  99.479253
#===================================================================
#Number of threads                            :  22
