dxf,0,94.833759,15.289968
dzb,0,487.723319,77.041332
dyb,0,116.077944,18.476067
cvx,0,153.402589,24.696826
dyf,0,116.676460,18.587771
dzb2,0,486.135581,77.279367
dxb,0,115.410764,18.379903
cvy,0,256.972192,40.138209
dzf,0,485.792092,77.195429
dxb2,0,115.399528,18.383416
dyb2,0,116.839341,18.606541
cvz,0,179.109317,28.761022
dzb3,0,486.784157,76.771994
dxb3,0,115.445017,18.396459
dyb3,0,116.890888,18.616112
csxxsyyszz,0,229.685226,37.551918
dyf2,0,117.215656,18.725570
dxf2,0,115.973929,18.493505
csxy,0,127.101033,20.430013
dzf2,0,486.193056,77.256249
dyf3,0,116.309823,18.559794
csyz,0,152.562037,24.444475
dxf3,0,115.664861,18.435693
dzf3,0,487.579665,77.058773
csxz,0,152.057701,24.365395
dxf,1,93.949249,15.194684
dzb,1,486.438972,77.336692
dyb,1,116.005026,18.487195
cvx,1,153.245353,24.693511
dyf,1,116.538513,18.587769
dzb2,1,486.686434,76.864790
dxb,1,115.505452,18.402511
cvy,1,153.291107,24.659717
dzf,1,486.301327,77.149760
dxb2,1,115.436057,18.408104
dyb2,1,116.764882,18.608042
cvz,1,178.928077,28.741316
dzb3,1,487.321441,76.652223
dxb3,1,115.535976,18.409596
dyb3,1,116.733366,18.590901
csxxsyyszz,1,229.373319,37.455992
dyf2,1,116.780393,18.614596
dxf2,1,116.222671,18.539485
csxy,1,127.124143,20.433727
dzf2,1,486.102443,77.123811
dyf3,1,116.142040,18.535851
csyz,1,152.642238,24.450387
dxf3,1,115.618665,18.434753
dzf3,1,487.284341,76.807320
csxz,1,151.808555,24.342079
dxf,2,93.925164,15.192395
dzb,2,487.269045,77.239864
dyb,2,116.128302,18.527261
cvx,2,153.292774,24.740464
dyf,2,116.512176,18.585913
dzb2,2,486.790531,76.687587
dxb,2,115.383071,18.391642
cvy,2,153.144246,24.635721
dzf,2,486.716844,76.937165
dxb2,2,115.497522,18.399273
dyb2,2,116.686257,18.595141
cvz,2,179.012670,28.795695
dzb3,2,485.797513,79.019777
dxb3,2,115.466636,18.869666
dyb3,2,116.872298,19.097725
csxxsyyszz,2,230.417136,38.558743
dyf2,2,116.808481,19.110189
dxf2,2,116.232201,18.984141
csxy,2,127.262391,20.938239
dzf2,2,487.712901,78.381021
dyf3,2,116.341060,18.551346
csyz,2,152.596582,24.441339
dxf3,2,115.512898,18.441337
dzf3,2,486.262181,77.504012
csxz,2,151.911714,24.374010
dxf,3,94.007023,15.211633
dzb,3,487.198049,77.016893
dyb,3,116.095394,18.502088
cvx,3,153.279526,24.710019
dyf,3,116.624910,18.636141
dzb2,3,486.180024,77.467629
dxb,3,115.402397,18.424559
cvy,3,153.236998,24.687221
dzf,3,487.045721,76.830215
dxb2,3,115.415833,18.397974
dyb2,3,116.776511,18.612493
cvz,3,179.215810,28.796564
dzb3,3,485.532151,77.208707
dxb3,3,115.383902,18.393377
dyb3,3,116.761447,18.622832
csxxsyyszz,3,230.256286,37.608939
dyf2,3,116.816543,18.604271
dxf2,3,115.920345,18.463782
csxy,3,127.282505,20.451782
dzf2,3,487.042772,76.710355
dyf3,3,116.286939,18.552447
csyz,3,152.676398,24.457098
dxf3,3,115.584516,18.424122
dzf3,3,486.132951,77.337475
csxz,3,151.580581,24.312212
dxf,4,94.092709,15.214350
dzb,4,487.647661,76.825447
dyb,4,116.127164,18.503461
cvx,4,153.239897,24.692384
dyf,4,116.767154,18.617434
dzb2,4,486.074431,77.327044
dxb,4,115.572647,18.427292
cvy,4,153.262969,24.663719
dzf,4,485.481531,76.804148
dxb2,4,115.314505,18.376278
dyb2,4,116.733592,18.596131
cvz,4,179.146469,28.771194
dzb3,4,486.412754,77.078353
dxb3,4,115.481108,18.399126
dyb3,4,116.724383,18.586379
csxxsyyszz,4,230.112980,37.573258
dyf2,4,116.854083,18.631294
dxf2,4,116.004939,18.511512
csxy,4,127.124572,20.433303
dzf2,4,485.868214,77.276365
dyf3,4,116.393660,18.579707
csyz,4,152.656640,24.456783
dxf3,4,115.683735,18.445499
dzf3,4,486.814437,77.302365
csxz,4,151.972241,24.370912
#========================= OptEWE [OpenMP] =========================
#Source type                                  :  Force monopole
#Grid Size                                    :  512 x 512 x 512
#Iterations                                   :  5
#Compute time                                 :  27.296997
#Total effective MLUPS                        :  24.584706
#===================================================================
#Number of threads                            :  14
