dxf,0,66.694810,8.562927
dzb,0,310.076324,39.349256
dyb,0,71.063230,9.113981
cvx,0,89.050644,11.475667
dyf,0,71.279733,9.143090
dzb2,0,310.271215,39.397855
dxb,0,66.518511,8.529042
cvy,0,307.222152,35.700779
dzf,0,309.116873,39.245169
dxb2,0,66.514603,8.581117
dyb2,0,71.807822,9.226690
cvz,0,98.836318,12.796585
dzb3,0,310.094130,39.394626
dxb3,0,66.426438,8.521999
dyb3,0,71.626580,9.188316
csxxsyyszz,0,243.886489,30.198373
dyf2,0,72.087373,9.234368
dxf2,0,66.161197,8.511322
csxy,0,69.117983,8.990570
dzf2,0,311.545676,39.549379
dyf3,0,70.687128,9.082682
csyz,0,79.337371,10.285453
dxf3,0,66.041457,8.511942
dzf3,0,309.344007,39.272265
csxz,0,78.930374,10.250219
dxf,1,66.184026,8.504404
dzb,1,310.076230,39.353841
dyb,1,71.699088,9.211737
cvx,1,89.032159,11.497622
dyf,1,71.891840,9.232685
dzb2,1,310.279173,39.406324
dxb,1,66.509096,8.542506
cvy,1,87.047350,11.229964
dzf,1,309.342190,39.286333
dxb2,1,66.522755,8.585593
dyb2,1,71.912153,9.215222
cvz,1,97.370350,12.616837
dzb3,1,310.014448,39.350471
dxb3,1,66.318529,8.517542
dyb3,1,71.618410,9.224917
csxxsyyszz,1,243.888328,30.202333
dyf2,1,72.065796,9.245238
dxf2,1,66.289367,8.543042
csxy,1,69.103224,8.988772
dzf2,1,310.397141,39.382009
dyf3,1,71.811230,9.219996
csyz,1,79.330703,10.302585
dxf3,1,65.877069,8.489907
dzf3,1,309.574933,39.336422
csxz,1,79.095956,10.285526
dxf,2,66.401168,8.531695
dzb,2,309.899843,39.371728
dyb,2,71.578529,9.190609
cvx,2,89.030875,11.496478
dyf,2,71.956571,9.223009
dzb2,2,310.347174,39.389223
dxb,2,66.498840,8.543389
cvy,2,87.071605,11.237251
dzf,2,309.093612,39.259609
dxb2,2,66.436702,8.569724
dyb2,2,71.896314,9.219471
cvz,2,97.378301,12.620695
dzb3,2,310.015651,39.376955
dxb3,2,66.448403,8.548880
dyb3,2,71.733402,9.228060
csxxsyyszz,2,243.877438,30.227239
dyf2,2,71.326436,9.163493
dxf2,2,66.172039,8.506026
csxy,2,69.142714,8.990865
dzf2,2,310.553510,39.415162
dyf3,2,71.360205,9.173452
csyz,2,79.379488,10.344568
dxf3,2,66.021548,8.484618
dzf3,2,309.430311,39.313070
csxz,2,78.944132,10.252129
dxf,3,66.354186,8.523219
dzb,3,309.853048,39.353578
dyb,3,71.034578,9.142782
cvx,3,90.420130,11.825012
dyf,3,71.353127,9.426921
dzb2,3,310.346197,40.540587
dxb,3,66.600374,8.797248
cvy,3,86.963950,11.559534
dzf,3,310.452459,40.321007
dxb2,3,66.437343,8.704513
dyb2,3,71.989237,9.430590
cvz,3,97.299698,12.630287
dzb3,3,310.087599,39.329443
dxb3,3,66.425752,8.525330
dyb3,3,71.738088,9.200778
csxxsyyszz,3,243.728320,30.168467
dyf2,3,71.396113,9.150072
dxf2,3,66.231404,8.512440
csxy,3,69.166150,9.003289
dzf2,3,310.583332,39.367183
dyf3,3,70.639824,9.086415
csyz,3,79.358495,10.287090
dxf3,3,66.047729,8.484340
dzf3,3,309.465508,39.262689
csxz,3,78.955432,10.245947
dxf,4,66.259452,8.508615
dzb,4,309.627346,39.375936
dyb,4,71.069209,9.136652
cvx,4,89.251540,11.513694
dyf,4,71.218386,9.149977
dzb2,4,310.086338,39.414880
dxb,4,66.477488,8.556655
cvy,4,86.957277,11.265167
dzf,4,308.923951,39.291762
dxb2,4,66.393381,8.534112
dyb2,4,71.548239,9.191621
cvz,4,97.362834,12.637868
dzb3,4,309.858474,39.382662
dxb3,4,66.343688,8.530408
dyb3,4,71.976242,9.243031
csxxsyyszz,4,243.626244,30.212512
dyf2,4,71.983468,9.245192
dxf2,4,66.131943,8.510840
csxy,4,69.100134,8.996886
dzf2,4,310.280017,39.409166
dyf3,4,71.220752,9.169550
csyz,4,79.336347,10.300380
dxf3,4,66.042708,8.493893
dzf3,4,309.282896,39.351151
csxz,4,78.937839,10.288611
#========================= OptEWE [OpenMP] =========================
#Source type                                  :  Force monopole
#Grid Size                                    :  512 x 512 x 512
#Iterations                                   :  5
#Compute time                                 :  17.381781
#Total effective MLUPS                        :  38.608739
#===================================================================
#Number of threads                            :  6
