dxf,0,70.399485,11.749503
dzb,0,365.381810,59.788584
dyb,0,87.258527,14.296059
cvx,0,115.847609,19.041831
dyf,0,86.121157,14.143198
dzb2,0,364.902556,59.757403
dxb,0,86.905594,14.210175
cvy,0,286.109101,44.461403
dzf,0,365.965834,59.890382
dxb2,0,86.953223,14.210552
dyb2,0,87.945167,14.419178
cvz,0,133.318497,21.904722
dzb3,0,365.043587,59.780984
dxb3,0,86.982188,14.227024
dyb3,0,88.052210,14.449490
csxxsyyszz,0,169.042009,28.774458
dyf2,0,87.839670,14.415205
dxf2,0,87.763388,14.357695
csxy,0,96.450400,15.843454
dzf2,0,364.927306,59.800841
dyf3,0,87.414091,14.360833
csyz,0,115.182419,18.883271
dxf3,0,87.364084,14.294212
dzf3,0,365.577881,59.909198
csxz,0,114.600516,18.790779
dxf,1,69.599329,11.665362
dzb,1,365.143426,59.835763
dyb,1,87.451504,14.329887
cvx,1,114.671215,18.852046
dyf,1,86.278177,14.185406
dzb2,1,364.756566,59.704096
dxb,1,86.973075,14.217503
cvy,1,114.293444,18.787477
dzf,1,364.811171,59.748917
dxb2,1,86.971979,14.221401
dyb2,1,87.852957,14.405664
cvz,1,133.608247,21.956659
dzb3,1,364.650827,59.732619
dxb3,1,86.981967,14.224887
dyb3,1,88.031061,14.439783
csxxsyyszz,1,168.938548,28.758806
dyf2,1,87.994999,14.436988
dxf2,1,87.883295,14.371140
csxy,1,96.487984,15.847412
dzf2,1,365.289082,59.825044
dyf3,1,87.494271,14.367247
csyz,1,115.210397,18.880226
dxf3,1,87.241767,14.272483
dzf3,1,365.218774,59.853584
csxz,1,114.513835,18.775456
dxf,2,69.651205,11.664369
dzb,2,365.948670,59.964602
dyb,2,87.374379,14.318967
cvx,2,114.575973,18.840216
dyf,2,85.989324,14.135236
dzb2,2,365.217079,59.806037
dxb,2,86.934595,14.212448
cvy,2,114.268558,18.788681
dzf,2,365.166907,59.803169
dxb2,2,87.207883,14.256161
dyb2,2,87.899684,14.419128
cvz,2,133.748285,21.979549
dzb3,2,365.249661,59.799554
dxb3,2,87.110583,14.248453
dyb3,2,88.223895,14.468473
csxxsyyszz,2,169.107481,28.775590
dyf2,2,88.061980,14.447424
dxf2,2,87.846626,14.361319
csxy,2,96.354344,15.829519
dzf2,2,365.508740,59.856785
dyf3,2,87.441732,14.351374
csyz,2,115.223971,18.874695
dxf3,2,87.325008,14.277148
dzf3,2,365.602809,59.888628
csxz,2,114.750098,18.803683
dxf,3,69.723510,11.677337
dzb,3,365.340079,59.859154
dyb,3,87.232696,14.300648
cvx,3,114.465367,18.833993
dyf,3,86.111890,14.165283
dzb2,3,365.301163,59.835607
dxb,3,86.887597,14.204270
cvy,3,114.426146,18.799303
dzf,3,364.778846,59.703756
dxb2,3,87.028920,14.222383
dyb2,3,87.884267,14.425363
cvz,3,134.173356,22.048209
dzb3,3,365.319949,59.845030
dxb3,3,86.917191,14.221702
dyb3,3,88.076886,14.455252
csxxsyyszz,3,168.646343,28.726672
dyf2,3,87.853657,14.435515
dxf2,3,87.721645,14.361092
csxy,3,96.339165,15.838085
dzf2,3,364.821510,59.802193
dyf3,3,87.629665,14.408310
csyz,3,115.525226,18.949592
dxf3,3,87.325486,14.303105
dzf3,3,365.670350,59.959848
csxz,3,114.552563,18.807481
dxf,4,69.518390,11.671134
dzb,4,365.442419,59.919237
dyb,4,87.301404,14.346244
cvx,4,114.305917,18.844094
dyf,4,86.207004,14.212522
dzb2,4,365.210531,59.890918
dxb,4,87.078871,14.275553
cvy,4,114.461910,18.843291
dzf,4,364.586193,59.788648
dxb2,4,87.023393,14.262914
dyb2,4,88.006500,14.456167
cvz,4,133.731581,21.993272
dzb3,4,364.740200,59.666288
dxb3,4,86.859544,14.210665
dyb3,4,88.013531,14.436175
csxxsyyszz,4,169.355343,28.800807
dyf2,4,87.928195,14.433684
dxf2,4,87.743955,14.355749
csxy,4,96.307154,15.819678
dzf2,4,365.272038,59.843029
dyf3,4,87.426170,14.372273
csyz,4,115.256274,18.901166
dxf3,4,87.342051,14.302996
dzf3,4,365.296523,59.886606
csxz,4,114.580422,18.801962
#========================= OptEWE [OpenMP] =========================
#Source type                                  :  Force monopole
#Grid Size                                    :  512 x 512 x 512
#Iterations                                   :  5
#Compute time                                 :  20.572689
#Total effective MLUPS                        :  32.620366
#===================================================================
#Number of threads                            :  17
