dxf,0,34.482911,6.269544
dzb,0,138.032087,25.695042
dyb,0,31.960325,5.943046
cvx,0,40.815445,7.720679
dyf,0,32.053165,5.955289
dzb2,0,138.150568,25.767424
dxb,0,31.772617,5.888886
cvy,0,398.905381,61.560199
dzf,0,137.476350,25.618198
dxb2,0,31.686096,5.880531
dyb2,0,32.256885,6.012707
cvz,0,47.865266,9.041773
dzb3,0,137.803669,25.704597
dxb3,0,31.645836,5.874378
dyb3,0,32.266604,6.020094
csxxsyyszz,0,81.263072,15.232787
dyf2,0,32.212156,5.993000
dxf2,0,31.964403,5.952401
csxy,0,33.134710,6.286719
dzf2,0,137.421240,25.665270
dyf3,0,31.980988,5.958397
csyz,0,40.139938,7.595408
dxf3,0,31.662789,5.895515
dzf3,0,137.717205,25.741227
csxz,0,40.303860,7.606994
dxf,1,31.712496,5.896602
dzb,1,138.099674,25.781112
dyb,1,31.923790,5.945322
cvx,1,40.811038,7.746445
dyf,1,32.067423,5.974208
dzb2,1,138.085243,25.777925
dxb,1,31.694966,5.892622
cvy,1,40.635457,7.697758
dzf,1,137.430280,25.668812
dxb2,1,31.709769,5.895975
dyb2,1,32.321359,6.039816
cvz,1,47.871751,9.054600
dzb3,1,137.820936,25.734837
dxb3,1,31.710573,5.892281
dyb3,1,32.233656,6.021413
csxxsyyszz,1,81.311972,15.258485
dyf2,1,32.154966,5.989217
dxf2,1,31.979992,5.964874
csxy,1,33.108563,6.289326
dzf2,1,137.391836,25.670033
dyf3,1,32.007267,5.961589
csyz,1,40.151849,7.600410
dxf3,1,31.675343,5.900732
dzf3,1,137.550720,25.725076
csxz,1,40.079211,7.577356
dxf,2,31.727625,5.908669
dzb,2,138.211901,25.819463
dyb,2,31.972429,5.979934
cvx,2,40.756369,7.739343
dyf,2,32.085841,6.000288
dzb2,2,138.064877,25.791874
dxb,2,31.754533,5.931362
cvy,2,40.645227,7.701303
dzf,2,137.346710,25.679017
dxb2,2,31.710624,5.903581
dyb2,2,32.237295,6.025411
cvz,2,47.895727,9.060112
dzb3,2,137.909326,25.760767
dxb3,2,31.673734,5.898273
dyb3,2,32.174044,6.020804
csxxsyyszz,2,81.358478,15.265252
dyf2,2,32.243411,6.012922
dxf2,2,31.916998,5.961950
csxy,2,33.125006,6.298010
dzf2,2,137.430934,25.697483
dyf3,2,32.004882,5.989149
csyz,2,40.129624,7.595964
dxf3,2,31.676693,5.906383
dzf3,2,137.591118,25.738076
csxz,2,40.037518,7.589969
dxf,3,31.728110,5.924503
dzb,3,137.999632,25.796747
dyb,3,31.952163,5.966461
cvx,3,40.773824,7.740231
dyf,3,32.085579,5.995285
dzb2,3,138.120005,25.806859
dxb,3,31.629112,5.898470
cvy,3,40.690447,7.716289
dzf,3,137.505668,25.724565
dxb2,3,31.705642,5.909019
dyb2,3,32.231894,6.033052
cvz,3,47.864726,9.059498
dzb3,3,137.795778,25.758888
dxb3,3,31.711876,5.914024
dyb3,3,32.270046,6.030939
csxxsyyszz,3,81.249900,15.250630
dyf2,3,32.135166,6.007386
dxf2,3,31.909465,5.958367
csxy,3,33.134253,6.299886
dzf2,3,137.358472,25.690357
dyf3,3,31.995354,6.000098
csyz,3,40.147611,7.602595
dxf3,3,31.738131,5.924211
dzf3,3,138.669651,25.903119
csxz,3,40.075053,7.592195
dxf,4,31.694188,5.912527
dzb,4,138.112597,25.817190
dyb,4,31.889949,5.969098
cvx,4,40.868767,7.762511
dyf,4,31.948729,5.981552
dzb2,4,137.954335,25.793738
dxb,4,31.756266,5.934813
cvy,4,40.672078,7.709658
dzf,4,137.485850,25.710966
dxb2,4,31.774047,5.927184
dyb2,4,32.253784,6.028256
cvz,4,47.884669,9.067060
dzb3,4,137.831013,25.773531
dxb3,4,31.685867,5.903533
dyb3,4,32.270078,6.037945
csxxsyyszz,4,81.305051,15.260492
dyf2,4,32.202332,6.024322
dxf2,4,32.042937,5.989791
csxy,4,33.116086,6.297260
dzf2,4,137.382429,25.698667
dyf3,4,32.001627,5.985481
csyz,4,40.129716,7.595862
dxf3,4,31.622911,5.907735
dzf3,4,137.565725,25.742604
csxz,4,40.044637,7.644047
#========================= OptEWE [OpenMP] =========================
#Source type                                  :  Force monopole
#Grid Size                                    :  512 x 512 x 512
#Iterations                                   :  5
#Compute time                                 :  8.030699
#Total effective MLUPS                        :  83.565410
#===================================================================
#Number of threads                            :  24
