dxf,0,73.068854,11.420296
dzb,0,371.175251,56.963956
dyb,0,89.781128,13.795339
cvx,0,116.239345,17.927209
dyf,0,87.711758,13.539147
dzb2,0,371.265866,57.011704
dxb,0,89.556427,13.737439
cvy,0,310.521087,45.022571
dzf,0,371.213321,56.993808
dxb2,0,89.685158,13.761990
dyb2,0,90.480432,13.917390
cvz,0,135.881195,20.954219
dzb3,0,370.485322,56.927259
dxb3,0,89.695142,13.756869
dyb3,0,90.516347,13.923898
csxxsyyszz,0,169.821842,27.163549
dyf2,0,90.503545,13.920576
dxf2,0,90.566967,13.894523
csxy,0,98.544375,15.177804
dzf2,0,371.057975,57.009500
dyf3,0,90.121374,13.883589
csyz,0,117.543686,18.072835
dxf3,0,89.998179,13.815091
dzf3,0,371.011435,57.031444
csxz,0,117.007862,18.009009
dxf,1,72.123296,11.327134
dzb,1,371.514778,57.006476
dyb,1,89.884675,13.801989
cvx,1,116.380935,17.953115
dyf,1,87.608680,13.523974
dzb2,1,371.562354,57.062712
dxb,1,89.686878,13.757572
cvy,1,116.195583,17.916275
dzf,1,370.896566,56.968515
dxb2,1,89.681580,13.752448
dyb2,1,90.721357,13.944094
cvz,1,135.895806,20.940477
dzb3,1,370.575005,56.920369
dxb3,1,89.642807,13.742070
dyb3,1,90.574986,13.930334
csxxsyyszz,1,170.328690,27.227461
dyf2,1,90.499292,13.922750
dxf2,1,90.690586,13.908313
csxy,1,98.512833,15.177133
dzf2,1,371.316865,57.066448
dyf3,1,89.908670,13.842230
csyz,1,117.744586,18.098159
dxf3,1,90.057750,13.824354
dzf3,1,371.729214,57.059935
csxz,1,117.119819,17.993639
dxf,2,72.227992,11.339672
dzb,2,371.588829,57.087076
dyb,2,89.768077,13.802211
cvx,2,116.277490,17.944917
dyf,2,87.525482,13.522810
dzb2,2,371.510561,57.082273
dxb,2,89.741619,13.760669
cvy,2,116.450776,17.951183
dzf,2,370.842798,56.905053
dxb2,2,89.675409,13.737582
dyb2,2,90.739723,13.955177
cvz,2,135.986440,20.962508
dzb3,2,370.490068,56.901472
dxb3,2,89.790575,13.767929
dyb3,2,90.615628,13.934861
csxxsyyszz,2,169.927103,27.172809
dyf2,2,90.423491,13.917109
dxf2,2,90.445152,13.864897
csxy,2,98.608058,15.183299
dzf2,2,371.329611,57.167710
dyf3,2,89.960888,13.866210
csyz,2,117.850000,18.114980
dxf3,2,90.049504,13.823822
dzf3,2,371.481458,57.070954
csxz,2,116.982258,18.002503
dxf,3,72.235997,11.343370
dzb,3,371.060123,57.013187
dyb,3,89.861107,13.825649
cvx,3,116.069417,17.925224
dyf,3,87.606597,13.539033
dzb2,3,371.242579,57.014598
dxb,3,89.867196,13.795355
cvy,3,116.178879,17.925761
dzf,3,370.915103,56.987689
dxb2,3,89.785805,13.783354
dyb2,3,90.535980,13.944632
cvz,3,136.004980,20.976796
dzb3,3,370.608996,56.939787
dxb3,3,89.653267,13.760298
dyb3,3,90.553615,13.940827
csxxsyyszz,3,170.032727,27.205730
dyf2,3,90.385190,13.926442
dxf2,3,90.496292,13.903599
csxy,3,98.525456,15.186344
dzf2,3,371.374688,57.042976
dyf3,3,89.983264,13.867681
csyz,3,117.631673,18.090070
dxf3,3,90.024105,13.830564
dzf3,3,371.955158,57.153825
csxz,3,117.039402,18.012142
dxf,4,72.202465,11.342617
dzb,4,371.309872,57.052432
dyb,4,89.700949,13.811974
cvx,4,116.430084,17.977964
dyf,4,87.707789,13.557382
dzb2,4,371.992985,57.149789
dxb,4,89.665894,13.768025
cvy,4,116.174115,17.922195
dzf,4,370.945400,56.994338
dxb2,4,89.605509,13.764169
dyb2,4,90.943082,13.992260
cvz,4,135.918503,20.961584
dzb3,4,370.415212,56.834587
dxb3,4,89.680530,13.763251
dyb3,4,90.665678,13.946992
csxxsyyszz,4,169.484438,27.110695
dyf2,4,90.647141,13.959906
dxf2,4,90.628258,13.909836
csxy,4,98.615441,15.196886
dzf2,4,371.281663,56.964734
dyf3,4,90.069980,13.882770
csyz,4,117.658504,18.086781
dxf3,4,90.058615,13.827056
dzf3,4,371.321353,57.077591
csxz,4,117.088472,18.017115
#========================= OptEWE [OpenMP] =========================
#Source type                                  :  Force monopole
#Grid Size                                    :  512 x 512 x 512
#Iterations                                   :  5
#Compute time                                 :  20.994978
#Total effective MLUPS                        :  31.964246
#===================================================================
#Number of threads                            :  18
