dxf,0,88.389673,13.367096
dzb,0,461.756580,68.469124
dyb,0,109.539668,16.302907
cvx,0,144.431229,21.706232
dyf,0,110.057378,16.444242
dzb2,0,462.234384,68.639314
dxb,0,108.971116,16.240906
cvy,0,274.062076,39.656086
dzf,0,461.917739,68.201703
dxb2,0,108.928316,16.194546
dyb2,0,110.580434,16.470067
cvz,0,169.020087,25.278881
dzb3,0,461.564988,68.569315
dxb3,0,109.069684,16.217974
dyb3,0,110.275993,16.422138
csxxsyyszz,0,215.570915,33.063437
dyf2,0,110.087902,16.419315
dxf2,0,109.713645,16.321387
csxy,0,120.424147,18.025866
dzf2,0,461.247510,68.563868
dyf3,0,109.744303,16.361293
csyz,0,144.183555,21.521987
dxf3,0,109.161040,16.260200
dzf3,0,461.189735,68.549054
csxz,0,143.406200,21.389900
dxf,1,87.305938,13.232612
dzb,1,462.235966,68.132608
dyb,1,109.731027,16.310998
cvx,1,144.636926,21.686498
dyf,1,110.128431,16.412209
dzb2,1,461.060123,68.541241
dxb,1,108.774172,16.189181
cvy,1,144.263698,21.603118
dzf,1,461.054167,68.339827
dxb2,1,108.956025,16.195570
dyb2,1,110.010476,16.390701
cvz,1,168.795694,25.241409
dzb3,1,461.834045,68.143711
dxb3,1,109.019895,16.199767
dyb3,1,110.414676,16.442297
csxxsyyszz,1,216.053686,33.136738
dyf2,1,110.315742,16.443817
dxf2,1,109.680512,16.325721
csxy,1,120.437005,18.031862
dzf2,1,461.143171,68.533045
dyf3,1,109.756953,16.357123
csyz,1,144.086331,21.493288
dxf3,1,109.196661,16.251242
dzf3,1,461.233065,68.557113
csxz,1,143.342290,21.402980
dxf,2,87.513941,13.266351
dzb,2,461.734524,68.415492
dyb,2,109.239253,16.246755
cvx,2,144.551403,21.674418
dyf,2,110.039179,16.406645
dzb2,2,462.121774,68.323184
dxb,2,108.894220,16.176360
cvy,2,144.178797,21.585343
dzf,2,461.347529,68.567276
dxb2,2,109.169528,16.250523
dyb2,2,110.281883,16.427938
cvz,2,169.348777,25.315908
dzb3,2,461.181056,68.399100
dxb3,2,108.845854,16.187852
dyb3,2,110.111945,16.398568
csxxsyyszz,2,215.606112,33.072685
dyf2,2,110.281865,16.439136
dxf2,2,109.654040,16.326720
csxy,2,120.414563,18.019619
dzf2,2,461.791937,68.271149
dyf3,2,109.815459,16.341974
csyz,2,143.932110,21.479633
dxf3,2,109.468704,16.287537
dzf3,2,461.916352,68.149745
csxz,2,143.577118,21.426656
dxf,3,87.696429,13.295000
dzb,3,461.400655,68.589498
dyb,3,109.605235,16.310443
cvx,3,144.720789,21.692382
dyf,3,109.975418,16.394511
dzb2,3,461.168374,68.547373
dxb,3,109.034875,16.219919
cvy,3,144.325229,21.603929
dzf,3,460.990690,68.511996
dxb2,3,108.840529,16.191883
dyb2,3,110.320417,16.432817
cvz,3,168.718387,25.231586
dzb3,3,460.884125,68.484312
dxb3,3,109.131397,16.239194
dyb3,3,110.257751,16.419175
csxxsyyszz,3,216.032450,33.131499
dyf2,3,110.377809,16.456518
dxf2,3,109.717041,16.335730
csxy,3,120.622631,18.051621
dzf2,3,461.291513,68.546497
dyf3,3,109.884450,16.374391
csyz,3,143.951025,21.488537
dxf3,3,109.057049,16.232675
dzf3,3,461.354743,68.424860
csxz,3,143.363429,21.400452
dxf,4,87.539043,13.267206
dzb,4,461.403800,68.587474
dyb,4,109.697984,16.331287
cvx,4,144.321517,21.637106
dyf,4,110.081705,16.405859
dzb2,4,461.409657,68.587472
dxb,4,108.893853,16.203157
cvy,4,144.322131,21.613968
dzf,4,462.053263,68.349028
dxb2,4,109.352515,16.253749
dyb2,4,110.304778,16.427902
cvz,4,168.602351,25.209150
dzb3,4,461.840358,68.004495
dxb3,4,108.897650,16.195926
dyb3,4,110.354131,16.443627
csxxsyyszz,4,215.824901,33.107116
dyf2,4,110.226606,16.428316
dxf2,4,109.676650,16.325517
csxy,4,120.445132,18.029747
dzf2,4,461.261929,68.588053
dyf3,4,109.758183,16.363486
csyz,4,143.939140,21.488748
dxf3,4,108.990125,16.232840
dzf3,4,461.202761,68.593699
csxz,4,143.360165,21.414803
#========================= OptEWE [OpenMP] =========================
#Source type                                  :  Force monopole
#Grid Size                                    :  512 x 512 x 512
#Iterations                                   :  5
#Compute time                                 :  25.850967
#Total effective MLUPS                        :  25.959904
#===================================================================
#Number of threads                            :  15
