dxf,0,79.157955,9.861273
dzb,0,423.958282,51.371273
dyb,0,91.448815,11.267625
cvx,0,138.766945,16.779897
dyf,0,90.688680,11.189578
dzb2,0,423.574964,51.386369
dxb,0,78.587831,9.793026
cvy,0,394.488668,44.626903
dzf,0,424.400924,51.430716
dxb2,0,79.441257,9.915078
dyb2,0,91.662286,11.311298
cvz,0,139.262756,16.993883
dzb3,0,422.372774,51.221663
dxb3,0,78.696777,9.817177
dyb3,0,91.505543,11.299089
csxxsyyszz,0,379.424554,44.694045
dyf2,0,91.284260,11.272256
dxf2,0,77.068984,9.646549
csxy,0,69.150853,8.929591
dzf2,0,421.335934,51.142262
dyf3,0,90.832063,11.242195
csyz,0,78.999118,10.122502
dxf3,0,83.717778,10.375341
dzf3,0,420.880555,51.090609
csxz,0,77.992235,9.991397
dxf,1,78.810693,9.831018
dzb,1,423.847928,51.366129
dyb,1,91.635442,11.268326
cvx,1,138.997830,16.775176
dyf,1,91.451723,11.263681
dzb2,1,424.710834,51.339164
dxb,1,78.765345,9.800747
cvy,1,135.539431,16.396561
dzf,1,423.961950,51.253881
dxb2,1,79.626700,9.893494
dyb2,1,92.044617,11.331647
cvz,1,139.935007,17.036590
dzb3,1,425.106430,51.429788
dxb3,1,78.838746,9.796699
dyb3,1,91.676434,11.293822
csxxsyyszz,1,376.901877,44.296937
dyf2,1,91.716355,11.292329
dxf2,1,77.222801,9.648940
csxy,1,70.758589,9.095795
dzf2,1,423.297462,51.187493
dyf3,1,90.847061,11.190358
csyz,1,79.055888,10.082309
dxf3,1,84.072042,10.383263
dzf3,1,422.025690,51.086383
csxz,1,77.989395,9.954877
dxf,2,79.257864,9.854150
dzb,2,424.421661,51.330735
dyb,2,92.155127,11.337286
cvx,2,139.157524,16.810549
dyf,2,90.333743,11.129829
dzb2,2,424.684498,51.358286
dxb,2,78.976535,9.816043
cvy,2,135.515037,16.393981
dzf,2,423.773939,51.275897
dxb2,2,79.586829,9.882031
dyb2,2,92.130260,11.337780
cvz,2,139.824682,17.019936
dzb3,2,426.653688,51.572885
dxb3,2,79.141885,9.834845
dyb3,2,91.971040,11.329744
csxxsyyszz,2,380.340181,44.672920
dyf2,2,91.304618,11.240285
dxf2,2,77.244711,9.635544
csxy,2,69.153543,8.901449
dzf2,2,423.782494,51.265839
dyf3,2,90.761268,11.181517
csyz,2,79.115942,10.089236
dxf3,2,84.036880,10.375012
dzf3,2,422.195838,51.071630
csxz,2,77.984295,9.962123
dxf,3,78.787428,9.805588
dzb,3,424.576195,51.359765
dyb,3,91.870525,11.297605
cvx,3,139.037323,16.781237
dyf,3,91.829313,11.310680
dzb2,3,424.493665,51.372949
dxb,3,78.986874,9.817081
cvy,3,135.638880,16.410571
dzf,3,423.894909,51.261236
dxb2,3,79.553492,9.880593
dyb2,3,91.995948,11.322055
cvz,3,139.927972,17.060916
dzb3,3,424.350260,51.307407
dxb3,3,78.911796,9.818600
dyb3,3,92.063577,11.329696
csxxsyyszz,3,380.235366,44.688479
dyf2,3,91.574450,11.277566
dxf2,3,77.339928,9.647177
csxy,3,69.101963,8.889821
dzf2,3,423.649372,51.221700
dyf3,3,90.836882,11.187129
csyz,3,79.017887,10.093437
dxf3,3,83.970303,10.376506
dzf3,3,422.310811,51.086036
csxz,3,78.074000,9.959802
dxf,4,79.255631,9.858520
dzb,4,424.444648,51.329032
dyb,4,92.648439,11.974564
cvx,4,138.391318,17.691847
dyf,4,91.016618,11.822129
dzb2,4,421.594130,53.853665
dxb,4,78.775700,9.912445
cvy,4,137.145361,16.699667
dzf,4,423.123153,51.849759
dxb2,4,79.594300,10.005912
dyb2,4,92.215853,11.377131
cvz,4,139.804681,17.172674
dzb3,4,424.773611,51.659973
dxb3,4,78.895218,9.830590
dyb3,4,91.847587,11.417865
csxxsyyszz,4,380.249924,44.845973
dyf2,4,92.024209,11.335375
dxf2,4,77.193483,9.633062
csxy,4,69.144798,8.990163
dzf2,4,423.387161,51.423607
dyf3,4,90.783547,11.204614
csyz,4,79.045995,10.137649
dxf3,4,84.046939,10.451383
dzf3,4,422.248871,51.221575
csxz,4,78.006184,10.018476
#========================= OptEWE [OpenMP] =========================
#Source type                                  :  Force monopole
#Grid Size                                    :  512 x 512 x 512
#Iterations                                   :  5
#Compute time                                 :  23.203215
#Total effective MLUPS                        :  28.922227
#===================================================================
#Number of threads                            :  4
