dxf,0,75.214475,12.939698
dzb,0,399.332676,67.239629
dyb,0,93.487439,15.781417
cvx,0,124.963198,21.221304
dyf,0,94.123715,15.908378
dzb2,0,399.146980,67.234366
dxb,0,93.488869,15.758163
cvy,0,248.511241,40.274228
dzf,0,399.944105,67.627330
dxb2,0,93.155272,15.743241
dyb2,0,94.183754,15.960467
cvz,0,145.909025,24.792499
dzb3,0,398.472227,67.186899
dxb3,0,93.010965,15.706370
dyb3,0,94.229346,15.940832
csxxsyyszz,0,186.141232,32.526075
dyf2,0,94.432288,15.969262
dxf2,0,93.876630,15.869844
csxy,0,104.135260,17.707046
dzf2,0,398.854398,67.149380
dyf3,0,94.047712,15.877531
csyz,0,124.647161,21.075262
dxf3,0,93.590237,15.790766
dzf3,0,399.154482,67.302197
csxz,0,123.980197,20.986375
dxf,1,74.426553,12.845313
dzb,1,399.088133,67.291259
dyb,1,93.768589,15.836404
cvx,1,124.952599,21.234751
dyf,1,94.017089,15.898559
dzb2,1,399.115756,66.983889
dxb,1,93.339478,15.736667
cvy,1,124.719565,21.166815
dzf,1,398.613316,67.202715
dxb2,1,93.212510,15.728139
dyb2,1,94.215076,15.927868
cvz,1,145.743829,24.706677
dzb3,1,398.732403,67.206594
dxb3,1,93.245696,15.736928
dyb3,1,94.145436,15.911804
csxxsyyszz,1,186.080684,32.499040
dyf2,1,94.126128,15.917733
dxf2,1,94.014212,15.862205
csxy,1,104.039491,17.643772
dzf2,1,398.761599,67.236438
dyf3,1,93.954916,15.903971
csyz,1,124.662463,21.081065
dxf3,1,93.409805,15.770156
dzf3,1,398.750067,67.238231
csxz,1,124.000040,20.985899
dxf,2,74.463152,12.850160
dzb,2,399.088920,67.290894
dyb,2,93.629807,15.825531
cvx,2,124.716299,21.194347
dyf,2,94.137669,15.922136
dzb2,2,398.940418,67.257862
dxb,2,93.271752,15.735558
cvy,2,124.362891,21.105665
dzf,2,398.618852,67.196798
dxb2,2,93.055457,15.696619
dyb2,2,94.463641,15.964478
cvz,2,145.898361,24.726670
dzb3,2,399.274539,67.123674
dxb3,2,93.050654,15.686993
dyb3,2,94.171726,15.915757
csxxsyyszz,2,187.556245,32.876798
dyf2,2,94.244470,15.933942
dxf2,2,93.745453,15.816461
csxy,2,104.043805,17.659104
dzf2,2,398.504003,67.193626
dyf3,2,93.913372,15.878279
csyz,2,124.831727,21.103496
dxf3,2,93.277238,15.741761
dzf3,2,399.257681,67.285496
csxz,2,124.104158,20.991578
dxf,3,74.511549,12.856673
dzb,3,399.284870,67.296551
dyb,3,93.576521,15.800641
cvx,3,124.862711,21.207708
dyf,3,93.945792,15.879558
dzb2,3,399.234650,67.619496
dxb,3,93.148938,16.022720
cvy,3,124.699107,21.452452
dzf,3,398.379114,67.859399
dxb2,3,93.200794,15.753141
dyb2,3,94.189400,15.963141
cvz,3,145.773791,24.748199
dzb3,3,398.383317,67.151739
dxb3,3,93.100809,15.708556
dyb3,3,94.282121,15.937852
csxxsyyszz,3,186.051854,32.490912
dyf2,3,94.294565,15.932589
dxf2,3,93.899262,15.840434
csxy,3,104.125240,17.665681
dzf2,3,398.718523,67.229797
dyf3,3,93.879469,15.880576
csyz,3,124.610560,21.083043
dxf3,3,93.411304,15.770409
dzf3,3,399.527896,67.144597
csxz,3,124.029543,20.983756
dxf,4,74.624629,12.877044
dzb,4,399.419683,67.129274
dyb,4,93.717243,15.814414
cvx,4,124.725570,21.188745
dyf,4,93.828815,15.864847
dzb2,4,399.490076,67.343963
dxb,4,93.180063,15.736273
cvy,4,124.351930,21.119472
dzf,4,398.588922,67.186894
dxb2,4,93.123039,15.714635
dyb2,4,94.191698,15.920481
cvz,4,145.675522,24.673791
dzb3,4,398.639610,67.186344
dxb3,4,93.050436,15.705199
dyb3,4,94.292759,15.940755
csxxsyyszz,4,186.393745,32.537109
dyf2,4,94.364576,15.946507
dxf2,4,93.818307,15.833073
csxy,4,104.017309,17.641237
dzf2,4,398.733222,67.228289
dyf3,4,93.914198,15.877307
csyz,4,124.499683,21.044645
dxf3,4,93.494724,15.784615
dzf3,4,399.514535,67.348834
csxz,4,124.102645,21.012001
#========================= OptEWE [OpenMP] =========================
#Source type                                  :  Force monopole
#Grid Size                                    :  512 x 512 x 512
#Iterations                                   :  5
#Compute time                                 :  22.295061
#Total effective MLUPS                        :  30.100327
#===================================================================
#Number of threads                            :  15
