dxf,0,96.346690,16.207872
dzb,0,494.106967,82.130338
dyb,0,115.899879,19.272812
cvx,0,154.437193,25.943715
dyf,0,116.612407,19.432765
dzb2,0,495.043775,82.318083
dxb,0,115.238501,19.171697
cvy,0,242.618176,39.363928
dzf,0,494.618150,82.244974
dxb2,0,115.237499,19.179902
dyb2,0,116.536528,19.390246
cvz,0,180.680793,30.305603
dzb3,0,494.392421,82.244818
dxb3,0,115.074791,19.155649
dyb3,0,116.328314,19.371744
csxxsyyszz,0,236.548381,40.890816
dyf2,0,116.713651,19.436531
dxf2,0,115.535989,19.240198
csxy,0,127.391984,21.361611
dzf2,0,493.800483,82.169770
dyf3,0,116.112717,19.349495
csyz,0,153.701214,25.703057
dxf3,0,115.180834,19.186591
dzf3,0,493.920614,82.184521
csxz,0,153.114188,25.631561
dxf,1,95.557218,16.148800
dzb,1,494.309094,82.239178
dyb,1,116.003092,19.299768
cvx,1,154.227784,26.057451
dyf,1,116.512986,19.433107
dzb2,1,494.687365,82.333155
dxb,1,115.238454,19.191265
cvy,1,154.104001,25.870455
dzf,1,494.242106,82.245222
dxb2,1,115.211649,19.178800
dyb2,1,116.542738,19.401279
cvz,1,180.233491,30.237138
dzb3,1,493.776567,82.192349
dxb3,1,115.259302,19.199293
dyb3,1,116.402595,19.385101
csxxsyyszz,1,235.017519,40.138537
dyf2,1,116.509001,19.419236
dxf2,1,115.678150,19.262389
csxy,1,127.280592,21.351319
dzf2,1,494.184103,82.225358
dyf3,1,116.229001,19.364194
csyz,1,153.532305,25.675677
dxf3,1,115.138265,19.175318
dzf3,1,494.467684,82.282511
csxz,1,153.433520,25.686379
dxf,2,95.585206,16.162275
dzb,2,494.522914,82.305161
dyb,2,116.192308,19.334572
cvx,2,155.050634,26.058135
dyf,2,116.297956,19.380241
dzb2,2,495.094369,82.369207
dxb,2,115.171664,19.170791
cvy,2,154.645253,25.942112
dzf,2,493.930615,82.176706
dxb2,2,115.199245,19.178705
dyb2,2,116.300521,19.372783
cvz,2,180.621741,30.305499
dzb3,2,493.665182,82.171814
dxb3,2,115.338886,19.205649
dyb3,2,116.251961,19.369867
csxxsyyszz,2,235.237471,40.188385
dyf2,2,116.564839,19.441879
dxf2,2,115.720239,19.283244
csxy,2,127.343780,21.351800
dzf2,2,493.795760,82.170979
dyf3,2,116.174873,19.366868
csyz,2,153.447994,25.674324
dxf3,2,115.115532,19.250121
dzf3,2,489.992101,82.150891
csxz,2,152.729613,25.712005
dxf,3,95.533223,16.150900
dzb,3,493.884670,82.202611
dyb,3,115.944835,19.306177
cvx,3,154.224939,25.924865
dyf,3,116.423334,19.412480
dzb2,3,494.752311,82.333490
dxb,3,115.187872,19.179149
cvy,3,154.049100,25.861733
dzf,3,494.770914,82.337334
dxb2,3,115.023851,19.153683
dyb2,3,116.424195,19.387218
cvz,3,180.441374,30.270899
dzb3,3,494.052805,82.209364
dxb3,3,115.215282,19.183959
dyb3,3,116.303914,19.373595
csxxsyyszz,3,235.351727,40.192265
dyf2,3,116.285361,19.391076
dxf2,3,115.631493,19.266603
csxy,3,127.532404,21.388370
dzf2,3,494.189535,82.243822
dyf3,3,116.180044,19.360961
csyz,3,153.500386,25.686927
dxf3,3,115.302952,19.211738
dzf3,3,494.801729,82.334731
csxz,3,153.308467,25.660746
dxf,4,95.548833,16.154771
dzb,4,494.120217,82.250467
dyb,4,115.956312,19.298797
cvx,4,154.746170,26.016451
dyf,4,116.317830,19.387619
dzb2,4,494.989961,82.377529
dxb,4,115.023805,19.150726
cvy,4,154.011729,25.851386
dzf,4,494.114373,82.230691
dxb2,4,115.290488,19.196358
dyb2,4,116.452598,19.393675
cvz,4,180.565342,30.295292
dzb3,4,493.694755,82.179230
dxb3,4,115.265231,19.201389
dyb3,4,116.539014,19.413004
csxxsyyszz,4,235.335561,40.190869
dyf2,4,116.216543,19.375415
dxf2,4,115.502039,19.245774
csxy,4,127.416522,21.372269
dzf2,4,494.019016,82.235987
dyf3,4,116.036770,19.348639
csyz,4,153.473445,25.683038
dxf3,4,115.238457,19.208748
dzf3,4,494.651555,82.311862
csxz,4,153.390196,25.683396
#========================= OptEWE [OpenMP] =========================
#Source type                                  :  Force monopole
#Grid Size                                    :  512 x 512 x 512
#Iterations                                   :  5
#Compute time                                 :  27.557585
#Total effective MLUPS                        :  24.352230
#===================================================================
#Number of threads                            :  12
