dxf,0,145.715417,19.025278
dzb,0,717.684937,92.758031
dyb,0,173.167712,22.396274
cvx,0,224.931639,29.319490
dyf,0,173.651890,22.487051
dzb2,0,717.468987,92.822174
dxb,0,172.233963,22.295389
cvy,0,355.423018,44.642175
dzf,0,716.614654,92.720752
dxb2,0,171.648361,22.230819
dyb2,0,173.601229,22.456558
cvz,0,262.791397,34.198343
dzb3,0,716.652436,92.717156
dxb3,0,171.949964,22.259444
dyb3,0,173.605131,22.462395
csxxsyyszz,0,344.710686,45.500066
dyf2,0,173.701275,22.479178
dxf2,0,172.365784,22.309481
csxy,0,185.934076,24.196287
dzf2,0,717.667717,92.806336
dyf3,0,173.593275,22.473013
csyz,0,223.538909,29.039566
dxf3,0,171.942007,22.264874
dzf3,0,718.427982,92.937139
csxz,0,223.042444,28.984861
dxf,1,144.447170,18.898834
dzb,1,717.785278,92.850989
dyb,1,172.884732,22.359634
cvx,1,224.736419,29.305106
dyf,1,173.330652,22.447433
dzb2,1,717.645215,92.821767
dxb,1,172.014715,22.270221
cvy,1,224.546169,29.255335
dzf,1,717.272716,92.790421
dxb2,1,171.971503,22.257759
dyb2,1,173.724338,22.466651
cvz,1,262.993560,34.226768
dzb3,1,717.179690,92.757565
dxb3,1,172.114541,22.286730
dyb3,1,173.745296,22.491328
csxxsyyszz,1,345.708895,45.651506
dyf2,1,173.770910,22.505939
dxf2,1,172.688504,22.367751
csxy,1,186.169855,24.235378
dzf2,1,716.949280,92.770913
dyf3,1,173.222109,22.431891
csyz,1,223.486725,29.041354
dxf3,1,171.972879,22.272724
dzf3,1,718.024429,92.898896
csxz,1,222.939556,28.973557
dxf,2,144.502207,18.904674
dzb,2,718.805484,92.985848
dyb,2,172.899185,22.364733
cvx,2,225.258606,29.367346
dyf,2,173.606390,22.483143
dzb2,2,717.501219,92.812123
dxb,2,172.215454,22.295962
cvy,2,224.169823,29.199855
dzf,2,716.660557,92.703734
dxb2,2,171.770876,22.246562
dyb2,2,173.750265,22.483780
cvz,2,262.894381,34.216599
dzb3,2,716.714021,92.702914
dxb3,2,171.915606,22.257108
dyb3,2,173.752259,22.474234
csxxsyyszz,2,344.916259,45.547886
dyf2,2,173.767520,22.498549
dxf2,2,172.430622,22.325058
csxy,2,186.160392,24.221769
dzf2,2,717.176886,92.760319
dyf3,2,173.209505,22.425310
csyz,2,223.527357,29.045392
dxf3,2,171.976525,22.278042
dzf3,2,717.681610,92.852551
csxz,2,223.131830,29.007385
dxf,3,144.434588,18.897930
dzb,3,717.764087,92.961303
dyb,3,172.772941,22.441492
cvx,3,224.731826,29.287478
dyf,3,173.509303,22.457680
dzb2,3,717.861196,92.860810
dxb,3,172.070714,22.285876
cvy,3,224.944209,29.295623
dzf,3,717.596109,92.855712
dxb2,3,171.769402,22.252576
dyb2,3,173.789339,22.482878
cvz,3,263.070449,34.242961
dzb3,3,717.078366,92.769643
dxb3,3,171.926686,22.258294
dyb3,3,173.679453,22.473624
csxxsyyszz,3,345.359469,45.607852
dyf2,3,173.713064,22.505519
dxf2,3,172.442175,22.336092
csxy,3,186.372837,24.258704
dzf2,3,717.054507,92.781640
dyf3,3,173.629223,22.493417
csyz,3,223.545915,29.048425
dxf3,3,171.986349,22.279812
dzf3,3,717.512648,92.861253
csxz,3,223.283168,29.026439
dxf,4,144.521618,18.923794
dzb,4,717.547991,92.876805
dyb,4,173.312647,22.430246
cvx,4,225.059044,29.389414
dyf,4,173.312404,22.467477
dzb2,4,718.045416,92.915822
dxb,4,172.026760,22.296002
cvy,4,224.332228,29.277340
dzf,4,717.097947,92.924771
dxb2,4,171.610276,22.225638
dyb2,4,173.581176,22.458552
cvz,4,263.158893,34.250750
dzb3,4,717.055522,92.845224
dxb3,4,172.001308,22.313709
dyb3,4,173.649828,22.509854
csxxsyyszz,4,344.610251,45.591512
dyf2,4,173.672531,22.502377
dxf2,4,172.348010,22.331324
csxy,4,186.394145,24.267550
dzf2,4,717.391995,92.878065
dyf3,4,173.293580,22.490659
csyz,4,223.499468,29.082619
dxf3,4,171.982289,22.313832
dzf3,4,717.417574,92.868655
csxz,4,223.323140,29.030121
#========================= OptEWE [OpenMP] =========================
#Source type                                  :  Force monopole
#Grid Size                                    :  512 x 512 x 512
#Iterations                                   :  5
#Compute time                                 :  40.336563
#Total effective MLUPS                        :  16.637229
#===================================================================
#Number of threads                            :  12
