dxf,0,105.451526,12.702474
dzb,0,599.463702,70.075285
dyb,0,128.161941,15.196186
cvx,0,205.583157,23.994012
dyf,0,126.735127,15.075910
dzb2,0,596.168925,69.758243
dxb,0,110.676859,13.281717
cvy,0,514.767233,57.435202
dzf,0,595.007908,69.593499
dxb2,0,109.477467,13.146172
dyb2,0,128.081759,15.197639
cvz,0,209.008991,24.402171
dzb3,0,598.804084,69.899023
dxb3,0,111.364456,13.332567
dyb3,0,127.848280,15.170709
csxxsyyszz,0,563.633160,64.379874
dyf2,0,126.786428,15.055021
dxf2,0,113.903063,13.637415
csxy,0,90.983371,11.262530
dzf2,0,596.029742,69.813595
dyf3,0,124.192690,14.799998
csyz,0,114.406236,13.886426
dxf3,0,107.476387,13.572468
dzf3,0,595.523716,73.025720
csxz,0,104.956625,13.441626
dxf,1,104.839930,13.238513
dzb,1,600.817056,70.840396
dyb,1,125.705303,14.945568
cvx,1,205.628360,24.089312
dyf,1,126.847112,15.136923
dzb2,1,599.269849,70.155453
dxb,1,110.881062,13.349040
cvy,1,203.748311,23.763886
dzf,1,595.403567,69.902820
dxb2,1,109.384590,13.230115
dyb2,1,127.712261,15.216074
cvz,1,208.978224,24.541506
dzb3,1,598.387267,70.099197
dxb3,1,111.259635,13.326787
dyb3,1,128.385599,15.255048
csxxsyyszz,1,563.403481,64.633970
dyf2,1,126.800613,15.175953
dxf2,1,114.184375,13.685883
csxy,1,91.134916,11.290440
dzf2,1,598.378481,70.230933
dyf3,1,125.244372,14.955238
csyz,1,115.390685,13.985942
dxf3,1,107.068006,12.870262
dzf3,1,597.801758,70.182698
csxz,1,105.595404,13.054602
dxf,2,105.701140,12.764647
dzb,2,599.559650,70.376554
dyb,2,129.862800,15.444379
cvx,2,205.577263,24.031435
dyf,2,126.878444,15.103738
dzb2,2,599.015485,70.178500
dxb,2,110.831630,13.382795
cvy,2,203.890608,23.858060
dzf,2,595.640280,69.913276
dxb2,2,109.410844,13.185731
dyb2,2,128.083086,15.233020
cvz,2,208.975044,24.493367
dzb3,2,597.937553,70.078105
dxb3,2,111.269972,13.396092
dyb3,2,128.144627,15.271143
csxxsyyszz,2,563.623363,64.852971
dyf2,2,126.741494,15.183234
dxf2,2,114.019001,13.694566
csxy,2,91.111637,11.269676
dzf2,2,596.742162,69.945065
dyf3,2,126.203116,15.095322
csyz,2,114.570687,13.893671
dxf3,2,107.161730,12.922082
dzf3,2,597.395941,69.947184
csxz,2,105.636144,12.994356
dxf,3,105.644509,12.761881
dzb,3,599.219499,70.201155
dyb,3,128.194448,15.233444
cvx,3,205.538886,24.034272
dyf,3,125.222333,14.906880
dzb2,3,598.912640,70.315586
dxb,3,110.824267,13.353211
cvy,3,203.690913,23.832954
dzf,3,597.253859,70.004831
dxb2,3,109.502053,13.197833
dyb2,3,128.158573,15.264302
cvz,3,208.507329,24.455799
dzb3,3,597.997065,70.182666
dxb3,3,111.336915,13.383830
dyb3,3,127.840103,15.236013
csxxsyyszz,3,573.829293,65.796388
dyf2,3,126.137011,15.070539
dxf2,3,114.072468,13.631291
csxy,3,91.064811,11.250910
dzf2,3,596.562010,69.938040
dyf3,3,125.360783,15.025032
csyz,3,115.372783,14.014588
dxf3,3,107.161598,12.926367
dzf3,3,597.597949,70.125349
csxz,3,105.699637,13.001549
dxf,4,105.740107,12.740571
dzb,4,599.047550,70.222126
dyb,4,128.182434,15.277867
cvx,4,205.576443,24.101479
dyf,4,126.929021,15.146202
dzb2,4,598.889884,70.289458
dxb,4,110.848916,13.345170
cvy,4,203.733348,23.765494
dzf,4,595.518143,69.725497
dxb2,4,109.501025,13.235196
dyb2,4,127.780649,15.238090
cvz,4,208.871273,24.530811
dzb3,4,597.867473,70.213619
dxb3,4,111.436699,13.361802
dyb3,4,127.890293,15.197258
csxxsyyszz,4,573.864164,65.923767
dyf2,4,126.379830,15.119051
dxf2,4,114.620978,14.160507
csxy,4,90.313366,11.641834
dzf2,4,594.039071,71.142282
dyf3,4,126.018037,15.014236
csyz,4,114.387631,13.884415
dxf3,4,107.340647,12.935532
dzf3,4,597.768156,69.943987
csxz,4,105.691202,12.956191
#========================= OptEWE [OpenMP] =========================
#Source type                                  :  Force monopole
#Grid Size                                    :  512 x 512 x 512
#Iterations                                   :  5
#Compute time                                 :  32.830147
#Total effective MLUPS                        :  20.441232
#===================================================================
#Number of threads                            :  3
