dxf,0,48.838152,7.857936
dzb,0,209.746505,34.095611
dyb,0,51.426667,8.279693
cvx,0,65.050592,10.571813
dyf,0,51.074072,8.280022
dzb2,0,207.058405,33.732315
dxb,0,48.366172,7.783568
cvy,0,231.386655,33.116966
dzf,0,211.022855,34.228179
dxb2,0,48.542465,7.808177
dyb2,0,51.657909,8.339706
cvz,0,69.646705,11.529595
dzb3,0,206.802218,33.699191
dxb3,0,48.659145,7.829621
dyb3,0,51.571565,8.329172
csxxsyyszz,0,171.065117,26.654021
dyf2,0,51.317943,8.286516
dxf2,0,48.634644,7.859845
csxy,0,47.719293,7.990790
dzf2,0,209.323603,34.028477
dyf3,0,50.888677,8.217175
csyz,0,56.640953,9.462579
dxf3,0,48.218558,7.798508
dzf3,0,206.345689,33.657908
csxz,0,56.410335,9.422957
dxf,1,48.374635,7.826895
dzb,1,209.650420,34.089803
dyb,1,51.230380,8.258965
cvx,1,65.172296,10.590498
dyf,1,50.997907,8.283605
dzb2,1,206.913124,33.690280
dxb,1,48.372041,7.796726
cvy,1,63.481397,10.380917
dzf,1,211.159721,34.271445
dxb2,1,48.505340,7.809602
dyb2,1,51.830543,8.414273
cvz,1,69.596186,11.517923
dzb3,1,206.767782,33.657917
dxb3,1,48.622236,7.832556
dyb3,1,51.503195,8.323475
csxxsyyszz,1,171.144474,26.645487
dyf2,1,51.038950,8.258439
dxf2,1,48.572698,7.860277
csxy,1,47.841837,8.006673
dzf2,1,209.274759,34.037646
dyf3,1,51.022753,8.260511
csyz,1,56.727637,9.472659
dxf3,1,48.225689,7.807377
dzf3,1,207.786302,33.837104
csxz,1,56.292369,9.388329
dxf,2,48.373965,7.830414
dzb,2,209.592259,34.106794
dyb,2,51.325364,8.266168
cvx,2,65.211673,10.596410
dyf,2,51.000258,8.257471
dzb2,2,207.080530,33.752144
dxb,2,48.367795,7.785522
cvy,2,63.614577,10.371989
dzf,2,212.315665,34.459873
dxb2,2,48.480866,7.811722
dyb2,2,51.591458,8.347595
cvz,2,69.724528,11.539532
dzb3,2,206.859981,33.706242
dxb3,2,48.620473,7.818293
dyb3,2,51.603544,8.340423
csxxsyyszz,2,171.724445,26.771145
dyf2,2,51.057536,8.240132
dxf2,2,48.554895,7.846714
csxy,2,47.639760,7.981969
dzf2,2,209.334416,34.010517
dyf3,2,50.950394,8.227509
csyz,2,56.401637,9.437306
dxf3,2,48.123116,7.830714
dzf3,2,206.412739,33.615008
csxz,2,56.149657,9.392966
dxf,3,48.370473,7.839040
dzb,3,209.601664,34.082496
dyb,3,51.528377,8.306763
cvx,3,65.081998,10.592459
dyf,3,51.026285,8.255668
dzb2,3,206.976252,33.707276
dxb,3,48.342885,7.821033
cvy,3,63.602164,10.367030
dzf,3,210.927847,34.242568
dxb2,3,48.541075,7.820938
dyb2,3,51.643123,8.348038
cvz,3,69.611266,11.526669
dzb3,3,206.913867,33.733550
dxb3,3,48.668131,7.832770
dyb3,3,51.784762,8.365926
csxxsyyszz,3,171.410296,26.692075
dyf2,3,51.360209,8.292614
dxf2,3,48.572171,7.849991
csxy,3,47.726175,7.995960
dzf2,3,209.371575,34.036772
dyf3,3,50.978951,8.232855
csyz,3,56.422787,9.431482
dxf3,3,48.137163,7.799183
dzf3,3,206.339279,33.627474
csxz,3,56.423711,9.432001
dxf,4,48.301208,7.829746
dzb,4,209.651877,34.086438
dyb,4,51.354215,8.265122
cvx,4,65.058931,10.574139
dyf,4,51.180542,8.294748
dzb2,4,207.127961,33.731754
dxb,4,48.333584,7.788836
cvy,4,63.590691,10.392920
dzf,4,211.082163,34.283137
dxb2,4,48.663748,7.826104
dyb2,4,51.692945,8.383888
cvz,4,69.541696,11.527760
dzb3,4,206.874784,33.677573
dxb3,4,48.650142,7.864417
dyb3,4,51.602090,8.337875
csxxsyyszz,4,171.712646,26.720422
dyf2,4,51.145250,8.255253
dxf2,4,48.557520,7.883556
csxy,4,47.862083,8.028986
dzf2,4,209.478995,34.059695
dyf3,4,50.963482,8.238198
csyz,4,56.824152,9.494164
dxf3,4,48.188694,7.796087
dzf3,4,206.454793,33.646299
csxz,4,56.289399,9.404551
#========================= OptEWE [OpenMP] =========================
#Source type                                  :  Force monopole
#Grid Size                                    :  512 x 512 x 512
#Iterations                                   :  5
#Compute time                                 :  12.067604
#Total effective MLUPS                        :  55.610760
#===================================================================
#Number of threads                            :  8
