dxf,0,98.183247,14.133969
dzb,0,502.563452,70.582742
dyb,0,120.121036,17.025433
cvx,0,157.808326,22.487934
dyf,0,120.506468,17.108214
dzb2,0,501.037357,70.791073
dxb,0,119.286845,16.923451
cvy,0,301.383765,41.397247
dzf,0,500.960927,70.394489
dxb2,0,119.440775,16.936035
dyb2,0,120.718438,17.133112
cvz,0,184.838647,26.290316
dzb3,0,500.474512,71.628793
dxb3,0,119.153022,17.178345
dyb3,0,120.825175,17.240737
csxxsyyszz,0,237.779167,34.694119
dyf2,0,120.930327,17.169008
dxf2,0,119.797294,16.992033
csxy,0,130.981683,18.660424
dzf2,0,500.632844,70.703043
dyf3,0,120.333001,17.088025
csyz,0,157.409850,22.350961
dxf3,0,119.491978,16.938481
dzf3,0,502.608888,70.643223
csxz,0,156.694327,22.259767
dxf,1,97.242175,14.022149
dzb,1,501.168608,70.738752
dyb,1,120.259897,17.089473
cvx,1,157.961477,22.523667
dyf,1,120.704670,17.133261
dzb2,1,501.058665,70.767188
dxb,1,119.310273,16.912477
cvy,1,158.491300,22.567922
dzf,1,502.011232,70.461358
dxb2,1,119.321323,16.907017
dyb2,1,120.960389,17.151960
cvz,1,184.963047,26.298935
dzb3,1,500.707926,70.520520
dxb3,1,119.298572,16.904780
dyb3,1,120.853179,17.139110
csxxsyyszz,1,238.050868,34.712651
dyf2,1,120.938779,17.167606
dxf2,1,120.148320,17.039149
csxy,1,131.089135,18.674164
dzf2,1,501.224155,70.801149
dyf3,1,120.456526,17.115440
csyz,1,157.592465,22.378625
dxf3,1,119.496258,16.941433
dzf3,1,501.980393,70.534356
csxz,1,156.744182,22.265486
dxf,2,97.367011,14.037938
dzb,2,501.526083,70.626811
dyb,2,120.110251,17.035965
cvx,2,158.051277,22.531938
dyf,2,120.804341,17.144685
dzb2,2,501.100154,70.770184
dxb,2,119.268798,16.919905
cvy,2,158.098540,22.517431
dzf,2,501.630697,70.367790
dxb2,2,119.407346,16.920563
dyb2,2,120.807601,17.131780
cvz,2,184.678375,26.263424
dzb3,2,500.976883,70.540313
dxb3,2,119.479424,16.927198
dyb3,2,120.761909,17.118371
csxxsyyszz,2,237.804779,34.689647
dyf2,2,120.938307,17.170513
dxf2,2,119.775651,16.991190
csxy,2,130.960529,18.661627
dzf2,2,500.388544,70.675768
dyf3,2,120.423101,17.107976
csyz,2,157.541134,22.370345
dxf3,2,119.519435,16.946324
dzf3,2,502.303636,70.552107
csxz,2,156.612640,22.239862
dxf,3,97.256440,14.022119
dzb,3,501.841503,70.631072
dyb,3,120.044697,17.023100
cvx,3,157.978201,22.519221
dyf,3,120.515753,17.111261
dzb2,3,500.365281,70.645446
dxb,3,119.306537,16.909729
cvy,3,158.108051,22.511127
dzf,3,500.518185,70.691711
dxb2,3,119.459042,16.923693
dyb2,3,120.759405,17.133854
cvz,3,185.385930,26.368917
dzb3,3,501.848742,70.625730
dxb3,3,119.446775,16.924300
dyb3,3,120.909294,17.146449
csxxsyyszz,3,238.200126,34.721886
dyf2,3,120.861753,17.154567
dxf2,3,120.024936,17.025217
csxy,3,130.938996,18.646779
dzf2,3,501.025546,70.689797
dyf3,3,120.563678,17.111889
csyz,3,157.733272,22.386096
dxf3,3,119.460435,16.934257
dzf3,3,501.993749,70.465250
csxz,3,156.832118,22.274503
dxf,4,97.287905,14.026041
dzb,4,501.213170,70.510004
dyb,4,120.230497,17.045013
cvx,4,157.937434,22.508939
dyf,4,120.621411,17.123791
dzb2,4,501.043590,70.751238
dxb,4,119.392224,16.928657
cvy,4,158.283610,22.530064
dzf,4,500.288390,70.654023
dxb2,4,119.148377,16.894452
dyb2,4,120.909666,17.148731
cvz,4,184.871133,26.292327
dzb3,4,501.371495,70.531779
dxb3,4,119.432035,16.921964
dyb3,4,120.685323,17.120499
csxxsyyszz,4,237.785595,34.678640
dyf2,4,121.026765,17.167720
dxf2,4,119.882631,16.989647
csxy,4,130.823111,18.626931
dzf2,4,500.653127,70.604556
dyf3,4,120.427794,17.095070
csyz,4,157.411456,22.347476
dxf3,4,119.804955,16.989159
dzf3,4,501.332102,70.524867
csxz,4,156.898320,22.396602
#========================= OptEWE [OpenMP] =========================
#Source type                                  :  Force monopole
#Grid Size                                    :  512 x 512 x 512
#Iterations                                   :  5
#Compute time                                 :  28.196981
#Total effective MLUPS                        :  23.800017
#===================================================================
#Number of threads                            :  14
