dxf,0,86.354142,13.514055
dzb,0,444.636870,68.079785
dyb,0,105.608028,16.247351
cvx,0,140.191034,21.679136
dyf,0,105.981322,16.319637
dzb2,0,444.990696,68.151670
dxb,0,104.939802,16.127440
cvy,0,271.659095,40.227561
dzf,0,444.913219,68.146538
dxb2,0,105.043017,16.153922
dyb2,0,106.317316,16.366714
cvz,0,163.851574,25.277208
dzb3,0,444.929476,68.164491
dxb3,0,104.916660,16.126977
dyb3,0,106.042773,16.323100
csxxsyyszz,0,210.566586,33.408201
dyf2,0,106.292965,16.371085
dxf2,0,105.361982,16.205312
csxy,0,116.230803,17.963569
dzf2,0,444.686052,68.111619
dyf3,0,105.876583,16.311054
csyz,0,139.525710,21.500318
dxf3,0,105.191166,16.181006
dzf3,0,445.226989,68.208001
csxz,0,138.863311,21.404291
dxf,1,85.048158,13.329588
dzb,1,444.847707,68.126654
dyb,1,105.601792,16.238742
cvx,1,140.320623,21.703499
dyf,1,106.125637,16.344330
dzb2,1,445.022355,68.150269
dxb,1,104.903372,16.126295
cvy,1,139.839060,21.607738
dzf,1,444.757133,68.115775
dxb2,1,104.935472,16.124671
dyb2,1,106.209842,16.347464
cvz,1,163.677608,25.250866
dzb3,1,444.723950,68.104834
dxb3,1,104.896745,16.125524
dyb3,1,106.211451,16.350048
csxxsyyszz,1,211.984592,33.617969
dyf2,1,106.268439,16.361403
dxf2,1,106.102974,16.316770
csxy,1,116.382422,17.985645
dzf2,1,444.775464,68.140896
dyf3,1,105.951923,16.330087
csyz,1,139.435769,21.488930
dxf3,1,105.005831,16.148081
dzf3,1,445.472460,68.248721
csxz,1,138.889112,21.410748
dxf,2,85.159856,13.348440
dzb,2,445.292187,68.196447
dyb,2,105.641682,16.244013
cvx,2,140.123031,21.675651
dyf,2,106.027326,16.334712
dzb2,2,445.229537,68.189467
dxb,2,104.914954,16.131416
cvy,2,139.934804,21.625261
dzf,2,445.465078,68.002186
dxb2,2,105.017221,16.140508
dyb2,2,106.265304,16.357723
cvz,2,163.571187,25.237175
dzb3,2,444.853846,67.858912
dxb3,2,105.165534,16.160478
dyb3,2,106.277276,16.351447
csxxsyyszz,2,211.036170,33.465456
dyf2,2,106.287446,16.367651
dxf2,2,105.406778,16.212941
csxy,2,116.378372,17.983910
dzf2,2,445.211289,67.897210
dyf3,2,105.926646,16.307506
csyz,2,139.483273,21.491181
dxf3,2,105.029061,16.155702
dzf3,2,445.630484,68.015099
csxz,2,139.023165,21.437297
dxf,3,85.126698,13.351193
dzb,3,445.087226,68.215963
dyb,3,105.641128,16.255034
cvx,3,140.128213,21.679783
dyf,3,106.212820,16.356528
dzb2,3,444.951451,68.135683
dxb,3,104.962082,16.138415
cvy,3,139.757247,21.597202
dzf,3,444.568217,68.003734
dxb2,3,104.891465,16.116796
dyb2,3,106.183958,16.346061
cvz,3,163.545757,25.243411
dzb3,3,445.102525,68.019655
dxb3,3,104.996254,16.126458
dyb3,3,106.216012,16.338456
csxxsyyszz,3,211.855948,33.593838
dyf2,3,106.350429,16.356548
dxf2,3,105.429467,16.214584
csxy,3,116.681051,18.025244
dzf2,3,445.138619,68.025544
dyf3,3,105.855983,16.297616
csyz,3,139.382656,21.476049
dxf3,3,105.101521,16.157148
dzf3,3,445.353030,68.098412
csxz,3,138.874340,21.393591
dxf,4,84.903733,13.307426
dzb,4,444.955282,68.179793
dyb,4,105.641961,16.249609
cvx,4,140.362724,21.699508
dyf,4,106.006416,16.322779
dzb2,4,445.231372,68.491549
dxb,4,104.931417,16.375116
cvy,4,139.991971,21.869649
dzf,4,444.590044,68.489917
dxb2,4,104.872080,16.126926
dyb2,4,106.368270,16.377389
cvz,4,163.687215,25.265245
dzb3,4,444.951570,68.150167
dxb3,4,105.112212,16.149337
dyb3,4,106.350730,16.366072
csxxsyyszz,4,210.948725,33.474427
dyf2,4,106.262474,16.359993
dxf2,4,105.549615,16.230719
csxy,4,116.283646,17.971982
dzf2,4,444.786916,68.164964
dyf3,4,106.072929,16.326514
csyz,4,139.539063,21.509303
dxf3,4,105.080529,16.166197
dzf3,4,444.703227,68.148649
csxz,4,138.971874,21.439454
#========================= OptEWE [OpenMP] =========================
#Source type                                  :  Force monopole
#Grid Size                                    :  512 x 512 x 512
#Iterations                                   :  5
#Compute time                                 :  24.967966
#Total effective MLUPS                        :  26.877986
#===================================================================
#Number of threads                            :  14
