dxf,0,116.395808,16.237955
dzb,0,582.808899,80.230903
dyb,0,139.369990,19.210324
cvx,0,182.198845,25.294942
dyf,0,139.502146,19.264529
dzb2,0,583.200482,80.286641
dxb,0,138.354404,19.076107
cvy,0,308.064995,40.973513
dzf,0,584.377024,80.435855
dxb2,0,138.399942,19.072624
dyb2,0,139.888309,19.291937
cvz,0,213.586624,29.602857
dzb3,0,582.587481,80.206906
dxb3,0,138.476820,19.099786
dyb3,0,139.929119,19.295332
csxxsyyszz,0,279.997376,39.566443
dyf2,0,140.115830,19.324883
dxf2,0,138.929946,19.158439
csxy,0,150.779151,20.892088
dzf2,0,583.131884,80.272214
dyf3,0,139.533136,19.256809
csyz,0,181.601020,25.106216
dxf3,0,138.397984,19.087553
dzf3,0,583.692657,80.480240
csxz,0,181.104516,25.076666
dxf,1,115.720150,16.196370
dzb,1,583.234726,80.316405
dyb,1,139.303021,19.208503
cvx,1,182.574061,25.349763
dyf,1,139.914294,19.315738
dzb2,1,583.277431,80.321787
dxb,1,138.227584,19.060596
cvy,1,182.467514,25.297409
dzf,1,582.560278,80.228100
dxb2,1,138.410545,19.092004
dyb2,1,139.734795,19.280924
cvz,1,213.317390,29.562565
dzb3,1,583.315687,80.306614
dxb3,1,138.412441,19.085345
dyb3,1,139.938230,19.303535
csxxsyyszz,1,280.061788,39.568410
dyf2,1,139.716493,19.283353
dxf2,1,138.715842,19.133125
csxy,1,150.793529,20.896064
dzf2,1,582.433800,80.183255
dyf3,1,139.626596,19.276268
csyz,1,181.541653,25.108673
dxf3,1,138.251479,19.074877
dzf3,1,584.198328,80.433191
csxz,1,181.446966,25.103757
dxf,2,115.557265,16.152337
dzb,2,583.399464,80.328245
dyb,2,139.820766,19.281382
cvx,2,182.411640,25.321263
dyf,2,139.568415,19.272814
dzb2,2,583.353949,80.323599
dxb,2,138.154055,19.065876
cvy,2,182.386008,25.291066
dzf,2,583.605812,80.410778
dxb2,2,138.291199,19.067269
dyb2,2,139.824265,19.280501
cvz,2,213.493743,29.582909
dzb3,2,583.045527,80.268922
dxb3,2,138.405682,19.087379
dyb3,2,139.781702,19.285537
csxxsyyszz,2,279.783658,39.557774
dyf2,2,139.995778,19.326243
dxf2,2,138.861706,19.147169
csxy,2,150.873933,20.900754
dzf2,2,582.990421,80.269368
dyf3,2,139.567693,19.261207
csyz,2,181.689221,25.120272
dxf3,2,138.557053,19.105656
dzf3,2,583.499378,80.335394
csxz,2,181.339365,25.095187
dxf,3,115.525986,16.147225
dzb,3,583.190597,80.288022
dyb,3,139.141305,19.183613
cvx,3,182.693823,25.358200
dyf,3,139.506133,19.257288
dzb2,3,583.572538,80.345841
dxb,3,138.418031,19.090318
cvy,3,182.581489,25.306513
dzf,3,582.685576,80.233756
dxb2,3,138.389482,19.085021
dyb2,3,139.849546,19.287583
cvz,3,213.954916,29.636363
dzb3,3,583.342748,80.307099
dxb3,3,138.409816,19.085972
dyb3,3,139.641375,19.263824
csxxsyyszz,3,280.297649,39.595894
dyf2,3,139.895992,19.305274
dxf2,3,138.798596,19.144044
csxy,3,150.862467,20.900282
dzf2,3,582.991471,80.249423
dyf3,3,139.455655,19.250072
csyz,3,181.635895,25.117861
dxf3,3,138.499883,19.102349
dzf3,3,584.414086,80.448187
csxz,3,181.318109,25.089150
dxf,4,115.586155,16.157363
dzb,4,582.532224,80.200296
dyb,4,139.369630,19.221271
cvx,4,182.817695,25.373655
dyf,4,139.618751,19.279270
dzb2,4,583.320765,80.300084
dxb,4,138.285457,19.074256
cvy,4,182.244881,25.260105
dzf,4,582.521672,80.187497
dxb2,4,138.171394,19.056179
dyb2,4,139.905072,19.285070
cvz,4,213.831184,29.613008
dzb3,4,583.266610,80.290261
dxb3,4,138.566016,19.110109
dyb3,4,139.840022,19.287509
csxxsyyszz,4,279.795445,39.529071
dyf2,4,139.822789,19.299015
dxf2,4,138.825124,19.136051
csxy,4,150.843974,20.891270
dzf2,4,583.047324,80.252351
dyf3,4,139.439204,19.264490
csyz,4,181.627161,25.115165
dxf3,4,138.366163,19.084276
dzf3,4,583.860531,80.398841
csxz,4,181.206998,25.081857
#========================= OptEWE [OpenMP] =========================
#Source type                                  :  Force monopole
#Grid Size                                    :  512 x 512 x 512
#Iterations                                   :  5
#Compute time                                 :  32.716274
#Total effective MLUPS                        :  20.512380
#===================================================================
#Number of threads                            :  12
