dxf,0,90.973164,13.200008
dzb,0,475.980796,67.573305
dyb,0,113.366415,16.166420
cvx,0,148.947016,21.363966
dyf,0,113.671100,16.243353
dzb2,0,476.599723,67.406828
dxb,0,112.613708,16.037698
cvy,0,308.636570,42.389241
dzf,0,475.252243,67.692930
dxb2,0,112.599727,16.067437
dyb2,0,114.205557,16.311950
cvz,0,174.087245,24.913640
dzb3,0,475.572335,67.436305
dxb3,0,112.594055,16.049591
dyb3,0,114.046445,16.289592
csxxsyyszz,0,223.380644,32.860409
dyf2,0,114.230500,16.314281
dxf2,0,113.199230,16.153530
csxy,0,123.857849,17.756508
dzf2,0,474.759301,67.648087
dyf3,0,113.757151,16.253423
csyz,0,148.276430,21.194632
dxf3,0,112.856595,16.111145
dzf3,0,476.261340,67.837473
csxz,0,147.637816,21.103289
dxf,1,90.180545,13.117961
dzb,1,477.021790,67.422273
dyb,1,113.545896,16.184856
cvx,1,149.104861,21.386302
dyf,1,113.987772,16.288109
dzb2,1,476.198932,67.841659
dxb,1,113.066720,16.123437
cvy,1,149.136882,21.363364
dzf,1,476.489186,67.401661
dxb2,1,112.646245,16.056289
dyb2,1,114.478176,16.365568
cvz,1,173.844849,24.878191
dzb3,1,475.385577,67.711797
dxb3,1,112.725332,16.074731
dyb3,1,113.993508,16.279759
csxxsyyszz,1,223.617340,32.906657
dyf2,1,114.244305,16.333365
dxf2,1,113.251336,16.165027
csxy,1,123.957246,17.775345
dzf2,1,475.324862,67.496627
dyf3,1,114.004585,16.269486
csyz,1,148.253843,21.190292
dxf3,1,112.940547,16.119662
dzf3,1,476.875375,67.446812
csxz,1,147.640211,21.087902
dxf,2,90.141064,13.113320
dzb,2,475.861436,67.759749
dyb,2,113.311058,16.162344
cvx,2,148.893895,21.362055
dyf,2,113.818643,16.268766
dzb2,2,476.274103,67.541121
dxb,2,112.558451,16.041060
cvy,2,149.061735,21.359386
dzf,2,475.243373,67.705864
dxb2,2,112.711486,16.070408
dyb2,2,114.232491,16.310134
cvz,2,173.471702,24.828137
dzb3,2,475.572597,67.346736
dxb3,2,112.476052,16.015381
dyb3,2,114.096799,16.288793
csxxsyyszz,2,223.907903,32.919561
dyf2,2,114.159158,16.307537
dxf2,2,113.148741,16.147309
csxy,2,123.874562,17.759524
dzf2,2,475.090043,67.668457
dyf3,2,113.760091,16.250999
csyz,2,148.790408,21.488682
dxf3,2,112.791451,16.168258
dzf3,2,475.858446,68.088783
csxz,2,147.550700,21.176991
dxf,3,90.177530,13.174373
dzb,3,476.073861,67.938004
dyb,3,113.294492,16.168971
cvx,3,149.351858,21.428282
dyf,3,114.751105,16.397042
dzb2,3,475.761007,67.799059
dxb,3,112.544161,16.051487
cvy,3,149.056438,21.357763
dzf,3,476.877421,67.413680
dxb2,3,113.112462,16.127624
dyb2,3,114.280878,16.301034
cvz,3,173.738791,24.848245
dzb3,3,475.093331,67.670295
dxb3,3,112.412778,16.035214
dyb3,3,113.919475,16.285284
csxxsyyszz,3,223.392269,32.878749
dyf2,3,113.962518,16.296020
dxf2,3,113.165529,16.164342
csxy,3,124.006930,17.779985
dzf2,3,475.361305,67.420582
dyf3,3,113.872856,16.227377
csyz,3,148.307717,21.166600
dxf3,3,112.837605,16.089133
dzf3,3,476.173894,67.818169
csxz,3,147.683326,21.111281
dxf,4,90.233016,13.120935
dzb,4,475.934007,67.703107
dyb,4,113.200799,16.138250
cvx,4,149.059050,21.375166
dyf,4,113.884861,16.270928
dzb2,4,476.357027,67.473280
dxb,4,112.700131,16.073856
cvy,4,148.880684,21.338447
dzf,4,475.158340,67.663119
dxb2,4,112.582876,16.057873
dyb2,4,114.290136,16.318981
cvz,4,173.962717,24.900153
dzb3,4,475.900523,67.372721
dxb3,4,112.491129,16.025298
dyb3,4,114.107094,16.293214
csxxsyyszz,4,223.509100,32.867757
dyf2,4,114.274443,16.326345
dxf2,4,113.239897,16.157487
csxy,4,123.805767,17.745204
dzf2,4,475.253694,67.679188
dyf3,4,113.657979,16.235424
csyz,4,148.371346,21.198555
dxf3,4,112.781117,16.088745
dzf3,4,475.583583,67.698000
csxz,4,147.663773,21.085451
#========================= OptEWE [OpenMP] =========================
#Source type                                  :  Force monopole
#Grid Size                                    :  512 x 512 x 512
#Iterations                                   :  5
#Compute time                                 :  26.702547
#Total effective MLUPS                        :  25.132008
#===================================================================
#Number of threads                            :  15
