dxf,0,56.754783,7.561718
dzb,0,269.623876,35.465861
dyb,0,62.535387,8.308656
cvx,0,86.018664,11.302534
dyf,0,62.056634,8.248199
dzb2,0,269.947553,35.519145
dxb,0,56.622730,7.574876
cvy,0,301.084416,35.569570
dzf,0,269.080579,35.366347
dxb2,0,56.647450,7.544488
dyb2,0,62.763566,8.352090
cvz,0,87.497462,11.729084
dzb3,0,269.804838,35.486429
dxb3,0,56.611528,7.546414
dyb3,0,62.777497,8.351123
csxxsyyszz,0,234.065948,29.668726
dyf2,0,62.238086,8.256392
dxf2,0,57.383323,7.639641
csxy,0,56.748099,7.733640
dzf2,0,269.045647,35.375034
dyf3,0,62.061108,8.279218
csyz,0,65.828247,9.039471
dxf3,0,56.661072,7.586356
dzf3,0,269.847759,35.469421
csxz,0,65.600448,8.949810
dxf,1,56.429479,7.537957
dzb,1,269.826826,35.479862
dyb,1,62.311376,8.286074
cvx,1,86.088074,11.319236
dyf,1,62.081195,8.272925
dzb2,1,269.905232,35.492288
dxb,1,56.709686,7.583087
cvy,1,84.126862,11.077844
dzf,1,268.982859,35.380211
dxb2,1,56.658620,7.554767
dyb2,1,62.599201,8.327038
cvz,1,87.677050,11.737765
dzb3,1,269.942038,35.500863
dxb3,1,56.565219,7.571327
dyb3,1,62.581683,8.330208
csxxsyyszz,1,232.333997,29.456152
dyf2,1,62.054753,8.275340
dxf2,1,57.358029,7.649155
csxy,1,56.945807,7.765125
dzf2,1,269.111126,35.424358
dyf3,1,62.171357,8.290162
csyz,1,65.850813,8.973279
dxf3,1,56.420635,7.575321
dzf3,1,269.834502,35.466309
csxz,1,65.551931,8.997247
dxf,2,56.392163,7.532850
dzb,2,269.960327,35.523566
dyb,2,62.715011,8.323948
cvx,2,86.186016,11.317791
dyf,2,62.492610,8.301386
dzb2,2,269.726074,35.518494
dxb,2,56.645176,7.567380
cvy,2,83.923956,11.069199
dzf,2,270.053161,35.538672
dxb2,2,56.693104,7.576349
dyb2,2,62.757492,8.359862
cvz,2,87.446962,11.727718
dzb3,2,269.327275,35.468712
dxb3,2,56.513352,7.557321
dyb3,2,62.621342,8.332063
csxxsyyszz,2,233.790830,29.656739
dyf2,2,61.935523,8.254260
dxf2,2,57.401325,7.658699
csxy,2,56.922863,7.774387
dzf2,2,268.904291,35.388551
dyf3,2,62.029030,8.272152
csyz,2,65.818704,8.990024
dxf3,2,56.250848,7.518701
dzf3,2,269.803857,35.485802
csxz,2,66.465540,9.054341
dxf,3,56.331084,7.536225
dzb,3,269.899246,35.490381
dyb,3,62.714625,8.333328
cvx,3,86.101309,11.324156
dyf,3,62.511923,8.311644
dzb2,3,269.867821,35.492472
dxb,3,56.674499,7.563603
cvy,3,83.954648,11.061025
dzf,3,268.892977,35.390174
dxb2,3,56.681390,7.570019
dyb2,3,62.811619,8.376886
cvz,3,87.511748,11.729892
dzb3,3,269.518872,35.466718
dxb3,3,56.660202,7.563648
dyb3,3,62.871841,8.350780
csxxsyyszz,3,234.155989,29.687580
dyf2,3,62.649588,8.322973
dxf2,3,57.351884,7.650279
csxy,3,56.845731,7.756134
dzf2,3,269.106383,35.382648
dyf3,3,61.414290,8.186988
csyz,3,65.737915,8.995792
dxf3,3,56.512551,7.542842
dzf3,3,270.964878,35.628269
csxz,3,65.636672,8.956956
dxf,4,56.362650,7.524292
dzb,4,269.491062,35.462064
dyb,4,62.663768,8.325469
cvx,4,86.058776,11.336777
dyf,4,62.469938,8.324851
dzb2,4,269.809718,35.509596
dxb,4,56.639571,7.559796
cvy,4,84.038859,11.072364
dzf,4,268.947844,35.403496
dxb2,4,56.689185,7.572160
dyb2,4,62.580467,8.322957
cvz,4,87.646054,11.745925
dzb3,4,269.595639,35.462520
dxb3,4,56.700840,7.597179
dyb3,4,62.672563,8.329942
csxxsyyszz,4,230.936962,29.322274
dyf2,4,62.131803,8.278334
dxf2,4,57.274958,7.640989
csxy,4,56.831156,7.753901
dzf2,4,269.081000,35.385268
dyf3,4,61.687405,8.223029
csyz,4,65.818594,8.993693
dxf3,4,56.427548,7.547549
dzf3,4,269.918971,35.482267
csxz,4,65.485540,9.008159
#========================= OptEWE [OpenMP] =========================
#Source type                                  :  Force monopole
#Grid Size                                    :  512 x 512 x 512
#Iterations                                   :  5
#Compute time                                 :  15.274013
#Total effective MLUPS                        :  43.936630
#===================================================================
#Number of threads                            :  7
