dxf,0,27.480713,5.841428
dzb,0,99.044555,22.336876
dyb,0,26.770692,5.746855
cvx,0,31.948740,7.100486
dyf,0,26.662189,5.744035
dzb2,0,99.108126,22.393652
dxb,0,26.517375,5.679453
cvy,0,244.564879,43.392494
dzf,0,98.580519,22.274761
dxb2,0,26.557421,5.705459
dyb2,0,27.075726,5.830967
cvz,0,36.825878,8.268863
dzb3,0,98.662373,22.311385
dxb3,0,26.541642,5.706334
dyb3,0,27.085977,5.832591
csxxsyyszz,0,75.719924,16.087779
dyf2,0,26.693245,5.757280
dxf2,0,26.730589,5.770466
csxy,0,25.898292,5.843422
dzf2,0,98.592327,22.331531
dyf3,0,26.739117,5.772904
csyz,0,30.967352,6.985073
dxf3,0,26.352710,5.693009
dzf3,0,98.834938,22.398220
csxz,0,30.708805,6.938150
dxf,1,26.259836,5.680213
dzb,1,99.006367,22.416609
dyb,1,26.789355,5.776335
cvx,1,31.966127,7.125056
dyf,1,26.532286,5.746727
dzb2,1,99.115964,22.434064
dxb,1,26.564606,5.708188
cvy,1,31.792320,7.086074
dzf,1,98.460512,22.321367
dxb2,1,26.551391,5.709853
dyb2,1,27.213813,5.879474
cvz,1,36.917532,8.300373
dzb3,1,98.650417,22.340619
dxb3,1,26.607901,5.715234
dyb3,1,27.061644,5.832717
csxxsyyszz,1,75.640588,16.081729
dyf2,1,26.710001,5.770910
dxf2,1,26.702552,5.774307
csxy,1,25.908182,5.843854
dzf2,1,98.508034,22.326845
dyf3,1,26.736690,5.789329
csyz,1,30.944800,6.981558
dxf3,1,26.309186,5.679495
dzf3,1,98.908503,22.416128
csxz,1,30.719293,6.947120
dxf,2,26.243148,5.671800
dzb,2,99.082569,22.435334
dyb,2,26.770037,5.780535
cvx,2,31.916866,7.114438
dyf,2,26.627256,5.751606
dzb2,2,99.070954,22.431355
dxb,2,26.571842,5.716742
cvy,2,31.823562,7.097739
dzf,2,98.613227,22.354509
dxb2,2,26.520735,5.700300
dyb2,2,27.073156,5.858888
cvz,2,36.790366,8.283520
dzb3,2,98.650674,22.340184
dxb3,2,26.583151,5.716445
dyb3,2,27.033890,5.837223
csxxsyyszz,2,76.300152,16.249609
dyf2,2,26.744766,5.800152
dxf2,2,26.731053,5.801116
csxy,2,25.920377,5.874925
dzf2,2,98.541051,22.442231
dyf3,2,26.760630,5.812313
csyz,2,30.973111,7.022790
dxf3,2,26.351163,5.724084
dzf3,2,98.877488,22.511684
csxz,2,30.729518,6.977881
dxf,3,26.236922,5.704422
dzb,3,99.139663,22.550346
dyb,3,26.823738,5.788299
cvx,3,31.888198,7.114329
dyf,3,26.707006,5.778847
dzb2,3,99.094220,22.437727
dxb,3,26.612452,5.740805
cvy,3,31.847577,7.099235
dzf,3,98.474994,22.335113
dxb2,3,26.513235,5.717390
dyb2,3,27.030237,5.847968
cvz,3,36.747853,8.278542
dzb3,3,98.694056,22.378013
dxb3,3,26.549979,5.708245
dyb3,3,27.050892,5.836113
csxxsyyszz,3,75.651032,16.098809
dyf2,3,26.700766,5.777736
dxf2,3,26.812125,5.784716
csxy,3,25.928135,5.853156
dzf2,3,98.547835,22.353358
dyf3,3,26.772902,5.796453
csyz,3,30.962010,6.996809
dxf3,3,26.326784,5.688818
dzf3,3,99.878116,22.613122
csxz,3,30.692815,6.939573
dxf,4,26.362612,5.699149
dzb,4,99.132810,22.464377
dyb,4,26.784405,5.778616
cvx,4,31.926831,7.125730
dyf,4,26.589186,5.762019
dzb2,4,99.001852,22.436172
dxb,4,26.552831,5.717986
cvy,4,31.805194,7.100991
dzf,4,98.510229,22.356526
dxb2,4,26.522162,5.709606
dyb2,4,27.072333,5.863377
cvz,4,36.782674,8.285539
dzb3,4,98.685797,22.362818
dxb3,4,26.572230,5.717300
dyb3,4,27.074527,5.847864
csxxsyyszz,4,75.662227,16.106350
dyf2,4,26.748442,5.767036
dxf2,4,26.717210,5.769247
csxy,4,25.918272,5.854050
dzf2,4,98.567080,22.360434
dyf3,4,26.805252,5.788139
csyz,4,30.941945,6.986232
dxf3,4,26.323355,5.692543
dzf3,4,98.909277,22.446594
csxz,4,30.716472,7.017787
#========================= OptEWE [OpenMP] =========================
#Source type                                  :  Force monopole
#Grid Size                                    :  512 x 512 x 512
#Iterations                                   :  5
#Compute time                                 :  6.099278
#Total effective MLUPS                        :  110.027554
#===================================================================
#Number of threads                            :  22
