dxf,0,81.120182,13.933002
dzb,0,425.158126,71.446726
dyb,0,100.157822,16.913047
cvx,0,133.556014,22.690424
dyf,0,100.713534,17.023796
dzb2,0,424.998144,71.134811
dxb,0,99.610849,16.799591
cvy,0,246.042554,40.163842
dzf,0,424.774326,71.238192
dxb2,0,99.531937,16.793427
dyb2,0,100.961459,17.043308
cvz,0,155.988122,26.431913
dzb3,0,424.615373,71.310711
dxb3,0,99.603531,16.796508
dyb3,0,100.690893,17.010591
csxxsyyszz,0,200.587041,34.873347
dyf2,0,100.787917,17.036492
dxf2,0,100.148902,16.917555
csxy,0,110.902488,18.826687
dzf2,0,424.786948,71.433881
dyf3,0,100.568004,17.019162
csyz,0,133.235087,22.545597
dxf3,0,99.599891,16.815493
dzf3,0,424.806889,71.454561
csxz,0,132.707455,22.470392
dxf,1,80.715030,13.888891
dzb,1,424.614480,71.447489
dyb,1,100.293396,16.941963
cvx,1,133.802059,22.742633
dyf,1,100.530770,17.002882
dzb2,1,424.492984,71.427669
dxb,1,99.431925,16.788120
cvy,1,133.533082,22.677626
dzf,1,425.075409,71.515700
dxb2,1,99.531824,16.801908
dyb2,1,100.822188,17.041791
cvz,1,156.706751,26.577043
dzb3,1,424.158180,71.349801
dxb3,1,99.468861,16.790171
dyb3,1,100.621524,16.997269
csxxsyyszz,1,200.511239,34.890692
dyf2,1,100.970372,17.072902
dxf2,1,100.226840,16.924333
csxy,1,111.018974,18.849400
dzf2,1,424.905645,71.502591
dyf3,1,100.452598,16.987937
csyz,1,133.226434,22.551657
dxf3,1,99.761690,16.844909
dzf3,1,425.396727,71.346601
csxz,1,132.671834,22.449633
dxf,2,80.562202,13.859891
dzb,2,425.145548,71.363217
dyb,2,100.255584,17.096280
cvx,2,133.459144,22.885400
dyf,2,100.640905,17.117463
dzb2,2,424.920449,71.473787
dxb,2,99.601944,16.799445
cvy,2,133.620313,22.688605
dzf,2,424.300688,71.398549
dxb2,2,99.626117,16.828676
dyb2,2,100.708388,17.033046
cvz,2,156.080874,26.480898
dzb3,2,424.813496,71.098545
dxb3,2,99.758308,16.828288
dyb3,2,100.661876,17.008526
csxxsyyszz,2,200.419903,34.867605
dyf2,2,100.952250,17.071446
dxf2,2,100.155027,16.910857
csxy,2,110.834194,18.819052
dzf2,2,424.042512,71.277588
dyf3,2,100.409957,16.974327
csyz,2,133.055096,22.530169
dxf3,2,99.558172,16.823236
dzf3,2,424.751022,71.476946
csxz,2,132.758377,22.488798
dxf,3,80.641680,13.885735
dzb,3,424.804716,71.469403
dyb,3,100.172887,16.920501
cvx,3,133.797623,22.754391
dyf,3,100.497644,17.001959
dzb2,3,424.521591,71.446434
dxb,3,99.568139,16.814569
cvy,3,133.560303,22.682125
dzf,3,424.616757,71.332249
dxb2,3,99.549321,16.800056
dyb2,3,100.697746,17.019029
cvz,3,156.041708,26.465982
dzb3,3,424.805461,71.457063
dxb3,3,99.844010,16.844846
dyb3,3,100.758766,17.028972
csxxsyyszz,3,200.478530,34.889963
dyf2,3,100.876364,17.059231
dxf2,3,100.079278,16.903341
csxy,3,111.070468,18.854703
dzf2,3,424.278130,71.406580
dyf3,3,100.431165,16.992190
csyz,3,133.179331,22.540478
dxf3,3,99.639055,16.826792
dzf3,3,424.831860,71.488430
csxz,3,132.583008,22.458844
dxf,4,80.469975,13.854083
dzb,4,424.968763,71.525932
dyb,4,100.217202,16.934987
cvx,4,133.611745,22.726491
dyf,4,100.629527,17.034260
dzb2,4,424.405006,71.443126
dxb,4,99.597383,16.813961
cvy,4,133.266210,22.635018
dzf,4,424.501159,71.435646
dxb2,4,99.522088,16.802851
dyb2,4,100.918598,17.054748
cvz,4,156.020639,26.465617
dzb3,4,423.952003,71.369575
dxb3,4,99.547339,16.815984
dyb3,4,100.703071,17.023385
csxxsyyszz,4,200.539276,34.905622
dyf2,4,100.767546,17.043793
dxf2,4,100.332034,16.949965
csxy,4,110.900815,18.836676
dzf2,4,425.823333,71.318176
dyf3,4,100.572548,16.983203
csyz,4,133.104995,22.515449
dxf3,4,99.777512,16.839554
dzf3,4,425.126250,71.347782
csxz,4,132.746725,22.466876
#========================= OptEWE [OpenMP] =========================
#Source type                                  :  Force monopole
#Grid Size                                    :  512 x 512 x 512
#Iterations                                   :  5
#Compute time                                 :  23.773457
#Total effective MLUPS                        :  28.228484
#===================================================================
#Number of threads                            :  14
