dxf,0,54.138536,7.568156
dzb,0,269.729803,37.111486
dyb,0,61.366364,8.524202
cvx,0,88.934065,12.142711
dyf,0,60.893469,8.511458
dzb2,0,267.403037,36.817868
dxb,0,54.073921,7.591109
cvy,0,320.358910,39.551888
dzf,0,267.295141,36.803137
dxb2,0,54.538695,7.671939
dyb2,0,61.172369,8.543255
cvz,0,90.152364,12.571722
dzb3,0,267.907812,36.954471
dxb3,0,55.272246,7.734478
dyb3,0,61.256383,8.555232
csxxsyyszz,0,243.080913,32.105159
dyf2,0,60.878348,8.482833
dxf2,0,53.641436,7.589897
csxy,0,50.631576,7.369937
dzf2,0,269.676622,37.120339
dyf3,0,60.887012,8.495211
csyz,0,59.721625,8.675790
dxf3,0,54.498000,7.649670
dzf3,0,269.551827,37.100302
csxz,0,59.445627,8.643370
dxf,1,53.729127,7.565305
dzb,1,269.308565,37.087441
dyb,1,60.828452,8.505681
cvx,1,90.590960,12.376251
dyf,1,60.761208,8.477168
dzb2,1,267.202205,36.840255
dxb,1,53.954056,7.578583
cvy,1,87.231427,11.948500
dzf,1,267.104169,36.789502
dxb2,1,54.212869,7.617513
dyb2,1,61.172760,8.548772
cvz,1,90.019025,12.542854
dzb3,1,268.165470,36.940413
dxb3,1,55.386151,7.754425
dyb3,1,61.450717,8.565425
csxxsyyszz,1,243.114315,32.138099
dyf2,1,61.287750,8.534197
dxf2,1,53.603372,7.537730
csxy,1,50.599356,7.367436
dzf2,1,269.322650,37.093231
dyf3,1,60.965758,8.504231
csyz,1,59.706107,8.707793
dxf3,1,54.560048,7.657162
dzf3,1,269.702827,37.118721
csxz,1,59.569087,8.670232
dxf,2,53.676143,7.555039
dzb,2,269.155069,37.094980
dyb,2,61.294218,8.532301
cvx,2,89.045391,12.171697
dyf,2,61.113736,8.550466
dzb2,2,267.470451,36.831252
dxb,2,53.954023,7.608375
cvy,2,87.252056,11.957330
dzf,2,266.964864,36.803546
dxb2,2,54.196459,7.633111
dyb2,2,61.147698,8.535927
cvz,2,90.105406,12.567867
dzb3,2,268.179025,36.935079
dxb3,2,55.334657,7.750371
dyb3,2,61.609735,8.590402
csxxsyyszz,2,243.072714,32.072328
dyf2,2,60.992358,8.514459
dxf2,2,53.664328,7.550937
csxy,2,50.655890,7.369458
dzf2,2,269.263753,37.113064
dyf3,2,60.868337,8.489537
csyz,2,59.716432,8.684702
dxf3,2,54.498027,7.649795
dzf3,2,269.722519,37.141089
csxz,2,59.392996,8.652026
dxf,3,53.583910,7.582976
dzb,3,269.156231,37.063731
dyb,3,61.193991,8.581728
cvx,3,88.960613,12.157579
dyf,3,61.257137,8.544155
dzb2,3,267.501748,36.864773
dxb,3,53.988134,7.596376
cvy,3,87.176018,11.944828
dzf,3,267.147352,36.829588
dxb2,3,54.389165,7.641920
dyb2,3,61.458942,8.610227
cvz,3,89.860643,12.525561
dzb3,3,268.323405,36.970989
dxb3,3,55.279215,7.747333
dyb3,3,61.361123,8.544293
csxxsyyszz,3,240.736160,31.841336
dyf2,3,61.245760,8.529079
dxf2,3,53.567980,7.547606
csxy,3,50.540897,7.368158
dzf2,3,269.433636,37.126537
dyf3,3,60.857477,8.517102
csyz,3,61.071149,8.865980
dxf3,3,54.495204,7.645628
dzf3,3,269.633495,37.120995
csxz,3,59.498877,8.657452
dxf,4,53.684260,7.556913
dzb,4,269.274106,37.092631
dyb,4,61.343307,8.544733
cvx,4,88.929268,12.154284
dyf,4,60.851312,8.499063
dzb2,4,267.344514,36.830060
dxb,4,54.025762,7.599543
cvy,4,87.251031,11.949592
dzf,4,267.356937,36.825684
dxb2,4,54.311668,7.634305
dyb2,4,61.382568,8.572246
cvz,4,89.920600,12.538736
dzb3,4,268.006164,36.928767
dxb3,4,55.257970,7.770894
dyb3,4,61.267818,8.546496
csxxsyyszz,4,240.668212,31.796298
dyf2,4,61.003110,8.526758
dxf2,4,53.572580,7.542532
csxy,4,50.594192,7.362671
dzf2,4,269.123677,37.064958
dyf3,4,60.867109,8.491820
csyz,4,59.755894,8.684809
dxf3,4,54.572625,7.671839
dzf3,4,269.818413,37.139110
csxz,4,59.357471,8.677576
#========================= OptEWE [OpenMP] =========================
#Source type                                  :  Force monopole
#Grid Size                                    :  512 x 512 x 512
#Iterations                                   :  5
#Compute time                                 :  15.144156
#Total effective MLUPS                        :  44.313375
#===================================================================
#Number of threads                            :  8
