dxf,0,71.811772,10.848742
dzb,0,399.140449,58.475194
dyb,0,85.833576,12.732967
cvx,0,136.534683,19.837846
dyf,0,84.980520,12.675314
dzb2,0,397.340758,58.252120
dxb,0,73.092801,10.982802
cvy,0,368.670289,50.309294
dzf,0,395.907795,58.060325
dxb2,0,73.783558,11.111681
dyb2,0,86.074190,12.801824
cvz,0,136.876086,20.087929
dzb3,0,396.826481,58.524676
dxb3,0,88.301539,12.983147
dyb3,0,85.952673,12.825843
csxxsyyszz,0,377.984413,53.383690
dyf2,0,85.163610,12.649977
dxf2,0,71.220962,10.742901
csxy,0,61.389819,9.672063
dzf2,0,398.276612,58.514425
dyf3,0,84.810864,12.608589
csyz,0,68.904511,10.813824
dxf3,0,77.248577,11.611121
dzf3,0,395.863425,58.051949
csxz,0,68.333919,10.711219
dxf,1,71.566942,10.814206
dzb,1,397.468705,58.363397
dyb,1,85.901050,12.783211
cvx,1,136.588112,19.842887
dyf,1,85.156573,12.703868
dzb2,1,397.095534,58.295663
dxb,1,73.026205,10.999207
cvy,1,134.014691,19.531778
dzf,1,395.797730,58.196222
dxb2,1,73.711030,11.078399
dyb2,1,85.990201,12.794625
cvz,1,136.842478,20.132081
dzb3,1,396.879617,58.199328
dxb3,1,88.423185,13.011348
dyb3,1,85.869150,12.831639
csxxsyyszz,1,377.910814,53.417418
dyf2,1,85.074725,12.668677
dxf2,1,71.093450,10.752884
csxy,1,61.407224,9.683943
dzf2,1,397.510031,58.378182
dyf3,1,84.699220,12.633356
csyz,1,68.793524,10.799600
dxf3,1,77.110630,11.560494
dzf3,1,395.416653,58.072462
csxz,1,68.169123,10.717403
dxf,2,71.573993,10.832797
dzb,2,397.105279,58.400600
dyb,2,85.973652,12.850096
cvx,2,136.550532,19.837799
dyf,2,85.191212,12.699243
dzb2,2,398.755488,58.647460
dxb,2,73.063787,10.993786
cvy,2,134.026676,19.502236
dzf,2,397.539908,58.403493
dxb2,2,73.771315,11.087951
dyb2,2,85.976706,12.789529
cvz,2,136.713101,20.151312
dzb3,2,396.913300,58.276071
dxb3,2,88.166627,12.980454
dyb3,2,86.115361,12.900790
csxxsyyszz,2,373.742571,52.817922
dyf2,2,84.984821,12.656932
dxf2,2,70.962238,10.744742
csxy,2,61.338546,9.680050
dzf2,2,396.659925,58.189785
dyf3,2,84.523424,12.602467
csyz,2,68.772330,10.796764
dxf3,2,77.015469,11.539159
dzf3,2,394.989697,58.031940
csxz,2,68.345392,10.709967
dxf,3,71.602161,10.808738
dzb,3,397.403703,58.373523
dyb,3,85.660688,12.766642
cvx,3,136.539934,19.826365
dyf,3,84.129065,12.537309
dzb2,3,395.433396,58.124225
dxb,3,73.246475,11.045568
cvy,3,133.573330,19.464107
dzf,3,394.121162,57.904832
dxb2,3,73.726360,11.118918
dyb2,3,85.844357,12.776625
cvz,3,136.983662,20.176551
dzb3,3,396.746728,58.240026
dxb3,3,88.292534,13.007207
dyb3,3,85.965370,12.785866
csxxsyyszz,3,373.566467,52.910832
dyf2,3,84.087649,12.528937
dxf2,3,70.985246,10.732821
csxy,3,61.372754,9.659876
dzf2,3,398.371903,58.506266
dyf3,3,84.678059,12.632292
csyz,3,68.829902,10.785768
dxf3,3,77.260334,11.564234
dzf3,3,395.608480,58.189945
csxz,3,68.314978,10.717888
dxf,4,71.689434,10.825718
dzb,4,397.969360,58.527552
dyb,4,85.542863,13.471403
cvx,4,136.051015,21.032451
dyf,4,84.763082,13.438151
dzb2,4,396.674502,61.379024
dxb,4,72.736889,11.508155
cvy,4,133.695062,20.462276
dzf,4,395.503392,58.657037
dxb2,4,73.544966,11.054911
dyb2,4,86.137735,12.805524
cvz,4,136.854736,20.100539
dzb3,4,396.701341,58.221153
dxb3,4,88.407886,13.012167
dyb3,4,85.750051,12.748544
csxxsyyszz,4,372.024686,52.599465
dyf2,4,85.207407,12.676805
dxf2,4,71.127807,10.758933
csxy,4,61.476966,9.668228
dzf2,4,398.487342,58.432314
dyf3,4,84.904358,12.659634
csyz,4,68.807636,10.778593
dxf3,4,77.261757,11.557723
dzf3,4,395.999881,58.080812
csxz,4,68.258218,10.736836
#========================= OptEWE [OpenMP] =========================
#Source type                                  :  Force monopole
#Grid Size                                    :  512 x 512 x 512
#Iterations                                   :  5
#Compute time                                 :  21.878996
#Total effective MLUPS                        :  30.672735
#===================================================================
#Number of threads                            :  4
