dxf,0,68.912506,11.505435
dzb,0,351.063567,57.498219
dyb,0,84.665650,13.888612
cvx,0,109.778500,18.054483
dyf,0,83.563347,13.755018
dzb2,0,351.062750,57.522078
dxb,0,84.665532,13.826324
cvy,0,297.689317,45.809680
dzf,0,350.622079,57.432543
dxb2,0,84.635042,13.836968
dyb2,0,85.506840,14.017961
cvz,0,129.226735,21.230176
dzb3,0,351.060482,57.522576
dxb3,0,84.475278,13.807656
dyb3,0,85.566170,14.035433
csxxsyyszz,0,160.747029,27.428701
dyf2,0,85.509260,14.026835
dxf2,0,85.288502,13.940503
csxy,0,93.302659,15.322752
dzf2,0,350.684139,57.476083
dyf3,0,85.104749,13.978332
csyz,0,111.557033,18.276596
dxf3,0,84.848036,13.871544
dzf3,0,351.157578,57.568702
csxz,0,110.785702,18.165393
dxf,1,68.072795,11.406326
dzb,1,352.050391,57.695488
dyb,1,84.810752,13.897745
cvx,1,109.810886,18.070939
dyf,1,82.781710,13.633359
dzb2,1,351.425344,57.593684
dxb,1,84.502226,13.823360
cvy,1,109.983412,18.087936
dzf,1,350.284809,57.437005
dxb2,1,84.427784,13.814005
dyb2,1,85.535565,14.034837
cvz,1,128.830175,21.179556
dzb3,1,350.450692,57.454373
dxb3,1,84.410647,13.801877
dyb3,1,85.645808,14.054649
csxxsyyszz,1,160.746498,27.440642
dyf2,1,85.433846,14.029317
dxf2,1,85.471984,13.975037
csxy,1,93.264016,15.318860
dzf2,1,350.836246,57.485689
dyf3,1,84.904152,13.934400
csyz,1,111.723029,18.301937
dxf3,1,84.863028,13.880285
dzf3,1,351.431939,57.607334
csxz,1,110.891337,18.187911
dxf,2,68.166930,11.426968
dzb,2,351.127963,57.576032
dyb,2,84.625653,13.885372
cvx,2,109.973202,18.111768
dyf,2,82.618370,13.615556
dzb2,2,351.122910,57.563392
dxb,2,84.556811,13.826513
cvy,2,110.020008,18.101238
dzf,2,350.504348,57.459063
dxb2,2,84.452829,13.827923
dyb2,2,85.591121,14.050225
cvz,2,129.215577,21.244618
dzb3,2,350.701010,57.500767
dxb3,2,84.535725,13.835844
dyb3,2,85.521957,14.026829
csxxsyyszz,2,160.581402,27.415061
dyf2,2,85.296868,14.011481
dxf2,2,85.374865,13.980256
csxy,2,93.328234,15.334197
dzf2,2,351.226108,57.559913
dyf3,2,84.773223,13.917717
csyz,2,111.650642,18.293537
dxf3,2,84.957543,13.892163
dzf3,2,351.496782,57.634020
csxz,2,110.724547,18.151905
dxf,3,67.974800,11.388734
dzb,3,352.325656,57.756276
dyb,3,84.683618,13.876666
cvx,3,109.615255,18.050348
dyf,3,82.692735,13.627319
dzb2,3,351.592941,57.625509
dxb,3,84.627062,13.832342
cvy,3,110.091581,18.105150
dzf,3,351.021496,57.521285
dxb2,3,84.434639,13.805799
dyb2,3,85.450535,14.006153
cvz,3,129.407848,21.245483
dzb3,3,350.366625,57.420559
dxb3,3,85.003246,13.890336
dyb3,3,85.551897,14.022398
csxxsyyszz,3,160.691221,27.428106
dyf2,3,85.376377,14.010189
dxf2,3,85.382807,13.956654
csxy,3,93.161598,15.296521
dzf2,3,350.971192,57.520887
dyf3,3,84.845938,13.926942
csyz,3,111.671413,18.294717
dxf3,3,84.835804,13.866214
dzf3,3,351.341007,57.590313
csxz,3,110.761799,18.153809
dxf,4,68.037323,11.390055
dzb,4,351.318081,57.598001
dyb,4,84.710344,13.883631
cvx,4,109.897504,18.086183
dyf,4,82.661807,13.611521
dzb2,4,351.071414,57.547118
dxb,4,84.595777,13.829073
cvy,4,109.815482,18.058463
dzf,4,350.615030,57.456912
dxb2,4,84.658726,13.837395
dyb2,4,85.535115,14.026284
cvz,4,128.941536,21.192409
dzb3,4,350.141989,57.384739
dxb3,4,84.606943,13.824504
dyb3,4,85.496955,14.019412
csxxsyyszz,4,160.812133,27.450730
dyf2,4,85.410604,14.010652
dxf2,4,85.349487,13.952311
csxy,4,93.371412,15.327900
dzf2,4,351.051278,57.528402
dyf3,4,84.968419,13.941489
csyz,4,111.676003,18.297198
dxf3,4,84.767586,13.862087
dzf3,4,350.934608,57.539317
csxz,4,110.916241,18.200184
#========================= OptEWE [OpenMP] =========================
#Source type                                  :  Force monopole
#Grid Size                                    :  512 x 512 x 512
#Iterations                                   :  5
#Compute time                                 :  19.851982
#Total effective MLUPS                        :  33.804616
#===================================================================
#Number of threads                            :  18
