dxf,0,128.773886,17.473625
dzb,0,707.274487,92.391468
dyb,0,156.577832,21.019954
cvx,0,257.557537,34.022579
dyf,0,155.016567,20.839484
dzb2,0,704.876617,92.202676
dxb,0,132.524227,17.916360
cvy,0,576.058892,73.495096
dzf,0,710.545984,92.845754
dxb2,0,132.881652,17.963070
dyb2,0,156.384814,21.029179
cvz,0,257.348213,34.071561
dzb3,0,705.458372,92.273853
dxb3,0,132.434948,17.941846
dyb3,0,158.657757,21.306745
csxxsyyszz,0,706.439216,91.787455
dyf2,0,157.085697,21.105179
dxf2,0,137.825330,18.605056
csxy,0,108.308011,15.112906
dzf2,0,704.132342,92.089238
dyf3,0,154.939877,20.800305
csyz,0,122.586503,16.975759
dxf3,0,128.785244,17.454363
dzf3,0,703.245312,91.957302
csxz,0,119.680559,16.668237
dxf,1,128.856637,17.510254
dzb,1,704.287682,92.078130
dyb,1,156.437447,20.995786
cvx,1,257.819661,35.910346
dyf,1,154.300618,21.842439
dzb2,1,703.296878,95.857866
dxb,1,132.675951,17.948877
cvy,1,253.324675,33.556454
dzf,1,710.054294,92.914392
dxb2,1,132.903836,18.008965
dyb2,1,157.262256,21.114559
cvz,1,257.349981,34.054779
dzb3,1,702.338816,91.874445
dxb3,1,132.510714,17.952482
dyb3,1,156.367831,21.010071
csxxsyyszz,1,702.728055,91.314218
dyf2,1,154.742209,20.799311
dxf2,1,136.061439,18.396517
csxy,1,108.186327,15.105024
dzf2,1,701.464479,91.793310
dyf3,1,154.540977,20.780188
csyz,1,122.437642,16.939469
dxf3,1,129.591352,17.602289
dzf3,1,703.440971,92.023672
csxz,1,119.808929,16.635370
dxf,2,130.396538,17.699354
dzb,2,705.270960,92.343982
dyb,2,157.050367,21.088086
cvx,2,257.367299,34.041669
dyf,2,155.049402,20.865131
dzb2,2,703.273310,92.013709
dxb,2,132.164004,17.925236
cvy,2,252.449272,33.416356
dzf,2,708.194034,92.727159
dxb2,2,132.663283,17.971543
dyb2,2,156.404370,21.018198
cvz,2,257.155608,34.054997
dzb3,2,701.006864,91.739410
dxb3,2,132.483983,17.945894
dyb3,2,157.111653,21.116077
csxxsyyszz,2,706.443428,91.801224
dyf2,2,155.285566,20.860316
dxf2,2,135.994165,18.374226
csxy,2,107.839706,15.048709
dzf2,2,703.739563,92.047136
dyf3,2,154.891692,20.842489
csyz,2,122.623776,16.968312
dxf3,2,128.876888,17.518830
dzf3,2,703.384353,91.882322
csxz,2,120.063155,16.621735
dxf,3,129.044454,17.485769
dzb,3,705.200392,92.130888
dyb,3,156.444551,20.996492
cvx,3,257.272293,33.992722
dyf,3,155.546622,20.920525
dzb2,3,704.227665,92.117540
dxb,3,132.298537,17.904484
cvy,3,254.054347,33.647934
dzf,3,708.420312,92.670230
dxb2,3,132.471823,17.929171
dyb2,3,157.020507,21.101852
cvz,3,257.233390,34.051145
dzb3,3,705.391359,92.229419
dxb3,3,132.281036,17.909766
dyb3,3,156.291013,20.988374
csxxsyyszz,3,703.087385,91.342144
dyf2,3,155.542161,20.922154
dxf2,3,135.961692,18.372443
csxy,3,108.148064,15.099927
dzf2,3,698.835587,91.465222
dyf3,3,154.696460,20.800723
csyz,3,122.575023,16.959218
dxf3,3,128.509992,17.450050
dzf3,3,702.392675,91.903939
csxz,3,119.796100,16.631856
dxf,4,128.867642,17.504562
dzb,4,705.692794,92.360661
dyb,4,156.727811,21.058811
cvx,4,257.515868,34.028136
dyf,4,155.537799,20.895685
dzb2,4,706.622009,92.360010
dxb,4,132.492472,17.968673
cvy,4,252.987726,33.487755
dzf,4,709.000567,96.524167
dxb2,4,132.064749,18.734345
dyb2,4,156.254890,21.986447
cvz,4,258.834084,35.436874
dzb3,4,705.876667,92.313839
dxb3,4,133.961338,18.354811
dyb3,4,156.566451,21.230856
csxxsyyszz,4,706.540094,91.780604
dyf2,4,155.475164,20.909676
dxf2,4,136.148611,18.423595
csxy,4,108.007552,15.073558
dzf2,4,703.888309,91.964004
dyf3,4,154.624521,20.813476
csyz,4,122.424411,16.940354
dxf3,4,128.729913,17.481522
dzf3,4,701.571011,91.795899
csxz,4,119.841449,16.654406
#========================= OptEWE [OpenMP] =========================
#Source type                                  :  Force monopole
#Grid Size                                    :  512 x 512 x 512
#Iterations                                   :  5
#Compute time                                 :  39.224842
#Total effective MLUPS                        :  17.108766
#===================================================================
#Number of threads                            :  2
