dxf,0,66.554808,12.512304
dzb,0,333.852013,62.215937
dyb,0,80.807087,14.989221
cvx,0,106.329414,19.939595
dyf,0,77.762839,14.522825
dzb2,0,333.311726,62.105176
dxb,0,80.689841,14.959970
cvy,0,239.967853,42.778127
dzf,0,333.020825,62.077193
dxb2,0,80.817131,14.988497
dyb2,0,81.750297,15.180193
cvz,0,124.554235,23.348852
dzb3,0,332.529504,62.044877
dxb3,0,80.785430,14.989391
dyb3,0,81.695629,15.175332
csxxsyyszz,0,148.912562,28.791498
dyf2,0,81.421837,15.149489
dxf2,0,81.648963,15.143546
csxy,0,88.457770,16.576494
dzf2,0,332.804998,62.053060
dyf3,0,81.137194,15.101415
csyz,0,106.160471,19.859257
dxf3,0,81.055962,15.044059
dzf3,0,333.163987,62.180706
csxz,0,105.457799,19.752393
dxf,1,65.788029,12.438110
dzb,1,333.615410,62.254003
dyb,1,80.797219,15.006851
cvx,1,106.112286,19.916686
dyf,1,77.705899,14.522642
dzb2,1,333.298303,62.193462
dxb,1,80.792189,14.987813
cvy,1,106.304272,19.922454
dzf,1,332.933755,62.082549
dxb2,1,80.726703,14.978495
dyb2,1,81.656617,15.168700
cvz,1,124.427687,23.329697
dzb3,1,332.689149,62.033078
dxb3,1,80.846678,14.966001
dyb3,1,81.691046,15.161685
csxxsyyszz,1,149.398800,28.866370
dyf2,1,81.567746,15.165335
dxf2,1,81.595994,15.130895
csxy,1,88.488982,16.586891
dzf2,1,332.827212,62.117115
dyf3,1,81.206837,15.111198
csyz,1,106.502975,19.916056
dxf3,1,80.949388,15.020677
dzf3,1,333.083676,62.165344
csxz,1,105.435960,19.739927
dxf,2,65.680632,12.418050
dzb,2,334.272003,62.293849
dyb,2,80.863641,14.973209
cvx,2,106.195076,19.937387
dyf,2,77.706220,14.527620
dzb2,2,333.925674,62.267542
dxb,2,80.742598,14.951535
cvy,2,106.229223,19.913553
dzf,2,332.924381,62.134254
dxb2,2,80.716625,14.984007
dyb2,2,81.640944,15.166034
cvz,2,124.470679,23.341956
dzb3,2,332.705531,62.073238
dxb3,2,80.948285,15.015536
dyb3,2,81.703595,15.184933
csxxsyyszz,2,149.229646,28.862347
dyf2,2,81.527648,15.171141
dxf2,2,81.796228,15.183917
csxy,2,88.595320,16.613714
dzf2,2,333.144901,62.241908
dyf3,2,81.087247,15.123748
csyz,2,106.121656,19.893265
dxf3,2,81.048159,15.064460
dzf3,2,333.159460,62.297834
csxz,2,105.331630,19.743774
dxf,3,65.718279,12.424065
dzb,3,333.901601,62.331204
dyb,3,80.859928,15.024169
cvx,3,106.225550,19.940404
dyf,3,77.703033,14.526164
dzb2,3,333.311348,62.238430
dxb,3,80.772985,14.998410
cvy,3,106.360451,19.946277
dzf,3,332.814063,62.153772
dxb2,3,80.806442,15.004623
dyb2,3,81.616088,15.177765
cvz,3,124.513621,23.360756
dzb3,3,333.283541,62.243684
dxb3,3,80.801230,15.001684
dyb3,3,81.617279,15.175528
csxxsyyszz,3,149.120935,28.844901
dyf2,3,81.626363,15.185085
dxf2,3,81.677171,15.152960
csxy,3,88.548256,16.598370
dzf2,3,332.539079,62.079270
dyf3,3,80.997460,15.082937
csyz,3,106.123623,19.863664
dxf3,3,81.009985,15.044310
dzf3,3,333.236069,62.230715
csxz,3,105.410497,19.752400
dxf,4,65.713787,12.434617
dzb,4,333.677710,62.316801
dyb,4,80.927214,15.051228
cvx,4,106.084965,19.930344
dyf,4,77.709995,14.541728
dzb2,4,333.636599,62.301778
dxb,4,80.814652,14.995799
cvy,4,106.214367,19.908801
dzf,4,333.034308,62.173403
dxb2,4,80.762847,14.999729
dyb2,4,81.694903,15.188116
cvz,4,124.779646,23.411780
dzb3,4,332.995661,62.005361
dxb3,4,80.853859,14.994570
dyb3,4,81.694902,15.189838
csxxsyyszz,4,149.492663,28.913464
dyf2,4,81.699579,15.203258
dxf2,4,81.649844,15.155268
csxy,4,88.643089,16.617747
dzf2,4,333.102342,62.206737
dyf3,4,81.164037,15.112768
csyz,4,106.165544,19.871388
dxf3,4,81.141161,15.066593
dzf3,4,333.152696,62.197991
csxz,4,105.546415,19.796357
#========================= OptEWE [OpenMP] =========================
#Source type                                  :  Force monopole
#Grid Size                                    :  512 x 512 x 512
#Iterations                                   :  5
#Compute time                                 :  18.840250
#Total effective MLUPS                        :  35.619943
#===================================================================
#Number of threads                            :  20
