dxf,0,145.512152,18.740628
dzb,0,717.447880,91.338023
dyb,0,173.069452,22.064129
cvx,0,224.960639,28.864017
dyf,0,173.553469,22.154596
dzb2,0,717.705303,91.394627
dxb,0,172.009132,21.935859
cvy,0,373.671664,46.030494
dzf,0,717.437233,91.297752
dxb2,0,171.948333,21.928009
dyb2,0,173.930560,22.169064
cvz,0,262.782190,33.645078
dzb3,0,716.435236,91.199808
dxb3,0,172.072745,21.942241
dyb3,0,173.745102,22.151011
csxxsyyszz,0,343.934850,44.788292
dyf2,0,174.080800,22.213723
dxf2,0,172.713313,22.033851
csxy,0,186.181682,23.837197
dzf2,0,718.006079,91.533681
dyf3,0,173.458903,22.137444
csyz,0,223.869255,28.623300
dxf3,0,172.081638,21.952276
dzf3,0,718.924074,91.550984
csxz,0,223.371580,28.573940
dxf,1,144.134400,18.585316
dzb,1,717.756942,91.393716
dyb,1,173.076670,22.078154
cvx,1,225.127052,28.884817
dyf,1,173.817506,22.184204
dzb2,1,717.905339,91.417355
dxb,1,171.981852,21.934893
cvy,1,224.405242,28.745219
dzf,1,717.399447,91.341460
dxb2,1,172.132363,21.958623
dyb2,1,174.057561,22.203588
cvz,1,263.358801,33.721976
dzb3,1,716.973547,91.295545
dxb3,1,172.112426,21.952865
dyb3,1,173.852294,22.175356
csxxsyyszz,1,344.928567,44.926197
dyf2,1,173.821859,22.189601
dxf2,1,173.053444,22.085080
csxy,1,186.004467,23.828359
dzf2,1,717.274670,91.384182
dyf3,1,173.244431,22.121828
csyz,1,223.424035,28.576678
dxf3,1,172.086908,21.963580
dzf3,1,717.949868,91.460595
csxz,1,223.573362,28.617017
dxf,2,144.169214,18.597334
dzb,2,718.590170,91.528674
dyb,2,173.010797,22.066291
cvx,2,224.888412,28.853879
dyf,2,173.514412,22.152089
dzb2,2,718.253971,91.473257
dxb,2,172.115001,21.966918
cvy,2,224.432731,28.766118
dzf,2,713.527874,91.227156
dxb2,2,171.367562,21.987547
dyb2,2,173.953517,22.210384
cvz,2,262.919727,33.759415
dzb3,2,717.016762,91.434219
dxb3,2,172.019004,21.944409
dyb3,2,174.054691,22.202109
csxxsyyszz,2,344.017667,44.820728
dyf2,2,174.029405,22.217918
dxf2,2,172.903213,22.110122
csxy,2,186.093428,23.906076
dzf2,2,717.351866,91.647934
dyf3,2,173.540604,22.184810
csyz,2,223.204434,28.552807
dxf3,2,172.307571,21.991001
dzf3,2,717.441087,91.533731
csxz,2,222.971190,28.612728
dxf,3,144.147195,18.654720
dzb,3,718.037854,91.603054
dyb,3,173.145856,22.085619
cvx,3,224.997677,28.877480
dyf,3,173.475313,22.155399
dzb2,3,718.902059,91.817395
dxb,3,172.015847,22.014815
cvy,3,224.384471,28.837748
dzf,3,717.594204,91.405306
dxb2,3,172.067582,21.952831
dyb2,3,173.657334,22.152721
cvz,3,262.793487,33.661580
dzb3,3,716.881629,91.320034
dxb3,3,171.818292,21.919495
dyb3,3,173.873804,22.174001
csxxsyyszz,3,345.452881,44.981548
dyf2,3,174.052431,22.215666
dxf2,3,172.893931,22.085957
csxy,3,185.900550,23.842366
dzf2,3,716.974277,91.380391
dyf3,3,173.291449,22.123376
csyz,3,223.572237,28.584455
dxf3,3,172.103485,21.964830
dzf3,3,717.700918,91.474923
csxz,3,223.183554,28.596136
dxf,4,144.063371,18.588861
dzb,4,718.962713,91.580245
dyb,4,173.335966,22.109497
cvx,4,224.621713,28.829973
dyf,4,173.816914,22.202627
dzb2,4,718.308140,91.673201
dxb,4,172.139750,21.964265
cvy,4,224.332941,28.756554
dzf,4,717.598556,91.389892
dxb2,4,171.871625,21.925926
dyb2,4,173.824990,22.210115
cvz,4,263.211770,33.793783
dzb3,4,716.994009,91.341340
dxb3,4,172.270447,21.980570
dyb3,4,173.895551,22.184352
csxxsyyszz,4,344.617377,44.890396
dyf2,4,173.854561,22.190671
dxf2,4,172.832234,22.098438
csxy,4,186.054323,23.895114
dzf2,4,717.880689,91.495214
dyf3,4,173.305588,22.128276
csyz,4,223.597142,28.585776
dxf3,4,172.294254,21.979770
dzf3,4,717.319280,91.424659
csxz,4,223.451908,28.634556
#========================= OptEWE [OpenMP] =========================
#Source type                                  :  Force monopole
#Grid Size                                    :  512 x 512 x 512
#Iterations                                   :  5
#Compute time                                 :  40.362064
#Total effective MLUPS                        :  16.626717
#===================================================================
#Number of threads                            :  12
