dxf,0,83.617663,12.436037
dzb,0,439.290536,63.718169
dyb,0,104.775930,15.273562
cvx,0,138.462154,20.249719
dyf,0,104.920009,15.340715
dzb2,0,439.267983,63.897677
dxb,0,103.815167,15.142925
cvy,0,321.747658,44.746581
dzf,0,438.637925,63.870540
dxb2,0,103.650952,15.122427
dyb2,0,104.990559,15.346574
cvz,0,161.109070,23.541939
dzb3,0,438.358605,63.832234
dxb3,0,103.698901,15.132879
dyb3,0,105.509702,15.415016
csxxsyyszz,0,209.305958,31.540597
dyf2,0,105.140695,15.376089
dxf2,0,104.523661,15.251826
csxy,0,114.457171,16.767605
dzf2,0,438.626967,63.885767
dyf3,0,105.052964,15.372218
csyz,0,137.023648,20.014201
dxf3,0,103.845543,15.156380
dzf3,0,439.246411,63.996134
csxz,0,136.220173,19.900854
dxf,1,82.889329,12.368888
dzb,1,439.189418,63.990569
dyb,1,104.414682,15.253901
cvx,1,138.103528,20.220822
dyf,1,104.799509,15.337927
dzb2,1,439.406675,63.994947
dxb,1,103.860807,15.151684
cvy,1,137.926680,20.161233
dzf,1,438.193896,63.821072
dxb2,1,103.587760,15.107411
dyb2,1,105.209247,15.376773
cvz,1,160.871913,23.509021
dzb3,1,438.156998,63.824660
dxb3,1,103.545304,15.106397
dyb3,1,105.077713,15.362459
csxxsyyszz,1,208.996229,31.475951
dyf2,1,104.981947,15.352743
dxf2,1,104.232594,15.220417
csxy,1,114.363219,16.742380
dzf2,1,438.750086,63.897841
dyf3,1,104.758145,15.325449
csyz,1,137.106861,20.026848
dxf3,1,103.892637,15.168696
dzf3,1,438.704090,63.961933
csxz,1,136.378420,19.928049
dxf,2,82.977635,12.385646
dzb,2,439.397244,63.972152
dyb,2,104.701517,15.287409
cvx,2,138.242660,20.228110
dyf,2,104.942683,15.346629
dzb2,2,439.259732,63.958730
dxb,2,103.646521,15.120546
cvy,2,138.392051,20.227975
dzf,2,438.940571,63.913237
dxb2,2,103.659796,15.121496
dyb2,2,105.369627,15.398983
cvz,2,161.095769,23.519364
dzb3,2,438.847619,63.911048
dxb3,2,103.649839,15.119179
dyb3,2,105.226821,15.385120
csxxsyyszz,2,208.700246,31.443673
dyf2,2,105.292487,15.399518
dxf2,2,104.229907,15.213510
csxy,2,114.635806,16.777592
dzf2,2,438.779723,63.886201
dyf3,2,104.819566,15.332704
csyz,2,136.974627,19.993332
dxf3,2,103.820166,15.149710
dzf3,2,439.343756,63.756648
csxz,2,136.348968,19.886324
dxf,3,82.931357,12.364423
dzb,3,439.231599,63.953514
dyb,3,104.596034,15.272377
cvx,3,138.167830,20.207538
dyf,3,105.023482,15.352077
dzb2,3,438.750127,63.886629
dxb,3,103.724546,15.123903
cvy,3,138.011669,20.175334
dzf,3,438.742526,63.850996
dxb2,3,103.729728,15.114779
dyb2,3,105.061747,15.337542
cvz,3,161.115940,23.506741
dzb3,3,438.888868,63.889375
dxb3,3,103.739350,15.128655
dyb3,3,104.955070,15.343985
csxxsyyszz,3,209.120742,31.502899
dyf2,3,104.896444,15.336404
dxf2,3,104.342657,15.229475
csxy,3,114.570955,16.776496
dzf2,3,438.936871,63.917811
dyf3,3,104.774254,15.310879
csyz,3,137.082367,19.998492
dxf3,3,103.820187,15.141556
dzf3,3,438.628477,63.861563
csxz,3,136.250821,19.888300
dxf,4,82.933045,12.362330
dzb,4,439.310218,63.917394
dyb,4,104.534040,15.243109
cvx,4,138.038741,20.179908
dyf,4,104.832375,15.315045
dzb2,4,439.428074,63.955715
dxb,4,103.859391,15.126996
cvy,4,138.123384,20.180442
dzf,4,439.427310,64.301989
dxb2,4,103.565260,15.127555
dyb2,4,105.091848,15.364035
cvz,4,161.090708,23.535179
dzb3,4,438.493342,63.866429
dxb3,4,103.634675,15.113513
dyb3,4,105.263202,15.390562
csxxsyyszz,4,208.111305,31.358904
dyf2,4,105.116468,15.356459
dxf2,4,104.068834,15.181409
csxy,4,114.628095,16.776216
dzf2,4,439.695473,64.073275
dyf3,4,104.953211,15.334802
csyz,4,137.041024,19.996035
dxf3,4,103.818216,15.142504
dzf3,4,438.781766,63.706249
csxz,4,136.391924,19.894530
#========================= OptEWE [OpenMP] =========================
#Source type                                  :  Force monopole
#Grid Size                                    :  512 x 512 x 512
#Iterations                                   :  5
#Compute time                                 :  24.683825
#Total effective MLUPS                        :  27.187385
#===================================================================
#Number of threads                            :  15
