dxf,0,74.173231,8.927626
dzb,0,372.870081,43.575451
dyb,0,84.422347,9.993863
cvx,0,120.439567,14.038613
dyf,0,84.543823,10.012053
dzb2,0,373.963065,43.682625
dxb,0,75.436429,8.979384
cvy,0,421.391182,45.275518
dzf,0,373.829796,43.635656
dxb2,0,74.250611,8.868551
dyb2,0,85.045121,10.063550
cvz,0,121.601977,14.405756
dzb3,0,374.070863,43.609971
dxb3,0,74.177304,8.852841
dyb3,0,84.939893,10.036858
csxxsyyszz,0,328.788774,37.298595
dyf2,0,85.500350,10.116804
dxf2,0,77.928904,9.244563
csxy,0,72.596576,8.823795
dzf2,0,376.713879,43.872217
dyf3,0,83.718190,9.945351
csyz,0,84.716934,10.278085
dxf3,0,80.064788,9.474008
dzf3,0,373.988621,43.620286
csxz,0,84.491253,10.287792
dxf,1,73.534995,8.780078
dzb,1,374.848263,43.708702
dyb,1,84.553632,9.995640
cvx,1,121.125152,14.139392
dyf,1,85.672889,10.117279
dzb2,1,375.572802,43.767306
dxb,1,75.427660,8.973197
cvy,1,118.290594,13.796503
dzf,1,374.082507,43.630605
dxb2,1,74.129299,8.829677
dyb2,1,85.116987,10.087830
cvz,1,121.568673,14.357458
dzb3,1,374.204013,43.618154
dxb3,1,74.277911,8.858862
dyb3,1,85.137883,10.081010
csxxsyyszz,1,328.756483,37.298916
dyf2,1,84.794010,10.007542
dxf2,1,77.866832,9.238431
csxy,1,72.622791,8.822319
dzf2,1,376.662522,43.902607
dyf3,1,84.325584,9.964514
csyz,1,84.701690,10.273281
dxf3,1,80.052277,9.492296
dzf3,1,373.838491,43.598290
csxz,1,84.457516,10.237896
dxf,2,73.566498,8.788867
dzb,2,374.772641,43.706737
dyb,2,85.120557,10.072844
cvx,2,121.078126,14.074840
dyf,2,84.279407,9.945705
dzb2,2,376.759631,44.317472
dxb,2,75.327461,8.982922
cvy,2,118.205171,13.764992
dzf,2,373.674054,43.629434
dxb2,2,74.043921,8.949815
dyb2,2,85.098930,10.060503
cvz,2,121.480264,14.362819
dzb3,2,374.203480,43.700073
dxb3,2,74.206556,8.897586
dyb3,2,85.013956,10.040197
csxxsyyszz,2,328.771932,37.374892
dyf2,2,84.703614,10.020757
dxf2,2,77.862492,9.348057
csxy,2,72.667876,8.843877
dzf2,2,376.671873,43.988398
dyf3,2,84.286711,9.981972
csyz,2,84.772899,10.317157
dxf3,2,79.962999,9.478330
dzf3,2,373.788299,43.639907
csxz,2,84.447949,10.238086
dxf,3,73.445751,8.817162
dzb,3,376.102088,43.939145
dyb,3,85.207987,10.048543
cvx,3,121.156784,14.089893
dyf,3,84.720514,10.138262
dzb2,3,375.526573,43.896640
dxb,3,75.494222,8.982096
cvy,3,118.267791,13.815526
dzf,3,373.948696,43.761470
dxb2,3,74.240355,8.855238
dyb2,3,85.054867,10.050161
cvz,3,121.564362,14.416125
dzb3,3,374.057887,43.673993
dxb3,3,74.348261,8.876913
dyb3,3,86.229709,10.183434
csxxsyyszz,3,323.747683,36.844727
dyf2,3,84.222543,10.034969
dxf2,3,77.924632,9.256016
csxy,3,72.701239,8.835779
dzf2,3,376.443610,44.014772
dyf3,3,83.720127,9.997537
csyz,3,84.716096,10.290420
dxf3,3,79.923337,9.462035
dzf3,3,373.735067,43.690874
csxz,3,84.446138,10.297887
dxf,4,73.698032,8.806300
dzb,4,374.597647,43.778235
dyb,4,84.540925,9.982956
cvx,4,121.043350,14.156659
dyf,4,83.924240,9.926509
dzb2,4,375.296969,43.814800
dxb,4,75.451999,9.041991
cvy,4,117.762587,13.828445
dzf,4,371.798634,43.456705
dxb2,4,73.980678,8.841800
dyb2,4,84.906187,10.056323
cvz,4,121.409597,14.381731
dzb3,4,373.535862,43.597860
dxb3,4,74.256484,8.845437
dyb3,4,84.975599,10.058739
csxxsyyszz,4,323.550790,36.734587
dyf2,4,83.853616,9.908908
dxf2,4,77.870585,9.234564
csxy,4,72.681703,8.817935
dzf2,4,376.189012,43.875033
dyf3,4,83.621298,9.889817
csyz,4,84.652940,10.275366
dxf3,4,79.875579,9.458353
dzf3,4,372.832513,43.509379
csxz,4,84.391047,10.285031
#========================= OptEWE [OpenMP] =========================
#Source type                                  :  Force monopole
#Grid Size                                    :  512 x 512 x 512
#Iterations                                   :  5
#Compute time                                 :  21.006292
#Total effective MLUPS                        :  31.947029
#===================================================================
#Number of threads                            :  7
