dxf,0,30.031331,5.531982
dzb,0,114.463109,21.903403
dyb,0,29.578339,5.519819
cvx,0,37.588339,7.049380
dyf,0,29.054236,5.441343
dzb2,0,114.317684,21.913763
dxb,0,28.898937,5.380862
cvy,0,318.674793,48.810645
dzf,0,113.987608,21.861460
dxb2,0,28.684713,5.353762
dyb2,0,29.685453,5.560995
cvz,0,42.065581,8.009310
dzb3,0,114.045951,21.862780
dxb3,0,29.079504,5.429073
dyb3,0,29.749854,5.562263
csxxsyyszz,0,98.112393,17.573769
dyf2,0,29.142925,5.449609
dxf2,0,28.709950,5.397949
csxy,0,29.152793,5.610502
dzf2,0,113.889970,21.882595
dyf3,0,29.051521,5.445520
csyz,0,35.023251,6.722453
dxf3,0,28.559570,5.348969
dzf3,0,114.091555,21.920454
csxz,0,34.844540,6.699952
dxf,1,28.448659,5.339695
dzb,1,114.434673,21.967387
dyb,1,29.598939,5.545146
cvx,1,37.546556,7.058873
dyf,1,28.981161,5.449786
dzb2,1,114.320118,21.945027
dxb,1,28.762489,5.368518
cvy,1,37.002127,6.982610
dzf,1,113.750863,21.861679
dxb2,1,28.722144,5.373075
dyb2,1,29.787385,5.584654
cvz,1,42.042195,8.011188
dzb3,1,114.043124,21.881532
dxb3,1,29.055495,5.409477
dyb3,1,29.746536,5.567520
csxxsyyszz,1,98.081258,17.585111
dyf2,1,29.138293,5.455323
dxf2,1,28.676052,5.380344
csxy,1,29.142865,5.614232
dzf2,1,113.802027,21.875965
dyf3,1,29.033357,5.455578
csyz,1,35.161120,6.751648
dxf3,1,28.574579,5.352733
dzf3,1,114.161813,21.945517
csxz,1,34.855818,6.707082
dxf,2,28.447866,5.341916
dzb,2,114.326960,21.952870
dyb,2,29.479741,5.524480
cvx,2,37.559344,7.066935
dyf,2,29.021398,5.457544
dzb2,2,114.293310,21.956508
dxb,2,28.749882,5.380061
cvy,2,37.016042,6.989506
dzf,2,113.854244,21.890087
dxb2,2,28.701805,5.374174
dyb2,2,29.633465,5.553765
cvz,2,42.097104,8.030501
dzb3,2,114.000897,21.890629
dxb3,2,29.082181,5.421599
dyb3,2,29.788355,5.568380
csxxsyyszz,2,98.060693,17.593191
dyf2,2,29.086997,5.459207
dxf2,2,28.737874,5.397452
csxy,2,29.122256,5.613902
dzf2,2,113.831314,21.887781
dyf3,2,29.029835,5.462759
csyz,2,35.015406,6.734669
dxf3,2,28.602416,5.369269
dzf3,2,114.113731,21.958531
csxz,2,34.825436,6.711998
dxf,3,28.514847,5.348197
dzb,3,114.400262,21.974958
dyb,3,29.470242,5.503211
cvx,3,37.526121,7.065254
dyf,3,29.008303,5.438472
dzb2,3,114.335332,21.959775
dxb,3,28.835186,5.398908
cvy,3,36.990383,6.992521
dzf,3,113.956714,21.917344
dxb2,3,28.693193,5.378061
dyb2,3,29.728749,5.569585
cvz,3,42.027826,8.023971
dzb3,3,114.074187,21.912815
dxb3,3,29.063409,5.419388
dyb3,3,29.659767,5.545180
csxxsyyszz,3,97.358995,17.493272
dyf2,3,29.090639,5.457896
dxf2,3,28.759534,5.399483
csxy,3,29.120985,5.611661
dzf2,3,113.839011,21.892726
dyf3,3,28.999249,5.449925
csyz,3,35.011425,6.735204
dxf3,3,28.485384,5.347775
dzf3,3,114.075634,21.956977
csxz,3,34.844045,6.717399
dxf,4,28.500795,5.349480
dzb,4,114.505718,22.002372
dyb,4,29.449268,5.501788
cvx,4,37.546738,7.073468
dyf,4,29.028378,5.444694
dzb2,4,114.414967,21.980126
dxb,4,28.764533,5.388795
cvy,4,37.001748,6.998311
dzf,4,113.929365,21.921371
dxb2,4,28.671091,5.375949
dyb2,4,29.783250,5.581837
cvz,4,41.985487,8.018740
dzb3,4,114.093268,21.910825
dxb3,4,29.052371,5.415221
dyb3,4,29.695091,5.553940
csxxsyyszz,4,98.060090,17.598844
dyf2,4,29.180990,5.476377
dxf2,4,28.735392,5.396267
csxy,4,29.127109,5.615659
dzf2,4,113.864188,21.901776
dyf3,4,29.118706,5.479131
csyz,4,34.988913,6.736580
dxf3,4,28.479417,5.348553
dzf3,4,114.082107,21.934866
csxz,4,34.844300,6.732043
#========================= OptEWE [OpenMP] =========================
#Source type                                  :  Force monopole
#Grid Size                                    :  512 x 512 x 512
#Iterations                                   :  5
#Compute time                                 :  7.017067
#Total effective MLUPS                        :  95.636624
#===================================================================
#Number of threads                            :  22
