dxf,0,73.872579,12.003063
dzb,0,381.189594,60.841913
dyb,0,91.409678,14.620756
cvx,0,119.695717,19.232183
dyf,0,90.381072,14.487742
dzb2,0,381.204054,60.868606
dxb,0,91.094775,14.529004
cvy,0,271.273974,41.360337
dzf,0,380.307058,60.721695
dxb2,0,91.061974,14.527567
dyb2,0,92.187506,14.743994
cvz,0,139.815229,22.427825
dzb3,0,381.026406,60.859516
dxb3,0,91.129088,14.546358
dyb3,0,92.199537,14.746531
csxxsyyszz,0,175.492321,29.103963
dyf2,0,92.058072,14.719987
dxf2,0,91.794974,14.644753
csxy,0,100.708208,16.151078
dzf2,0,380.985294,60.846566
dyf3,0,91.393231,14.627462
csyz,0,120.116352,19.215293
dxf3,0,91.371744,14.576495
dzf3,0,380.807165,60.702231
csxz,0,119.542532,19.122976
dxf,1,72.866010,11.888114
dzb,1,381.175899,60.894092
dyb,1,91.415816,14.623458
cvx,1,119.604949,19.220935
dyf,1,90.762573,14.607964
dzb2,1,381.263008,60.905769
dxb,1,91.055788,14.544693
cvy,1,119.441396,19.182929
dzf,1,380.376153,60.744303
dxb2,1,90.942328,14.511850
dyb2,1,92.154333,14.746409
cvz,1,139.650314,22.404590
dzb3,1,381.456680,60.914173
dxb3,1,91.027514,14.527452
dyb3,1,92.110366,14.734229
csxxsyyszz,1,177.216020,29.376277
dyf2,1,92.055614,14.729755
dxf2,1,91.888338,14.651990
csxy,1,100.593722,16.125075
dzf2,1,380.931011,60.833783
dyf3,1,91.595594,14.666498
csyz,1,120.306237,19.241108
dxf3,1,91.401387,14.588595
dzf3,1,381.267180,60.901458
csxz,1,119.584679,19.136389
dxf,2,72.974246,11.901951
dzb,2,380.993765,60.842558
dyb,2,91.312449,14.612814
cvx,2,119.673720,19.235201
dyf,2,90.469071,14.502585
dzb2,2,381.075127,60.846403
dxb,2,91.400021,14.576337
cvy,2,119.526576,19.190559
dzf,2,380.333480,60.741595
dxb2,2,91.048157,14.540048
dyb2,2,92.028160,14.728299
cvz,2,139.956149,22.450554
dzb3,2,381.013224,60.631588
dxb3,2,91.270981,14.555758
dyb3,2,92.057487,14.719771
csxxsyyszz,2,175.625367,29.121190
dyf2,2,92.146493,14.748462
dxf2,2,91.994884,14.669103
csxy,2,100.591026,16.126245
dzf2,2,380.659002,60.789597
dyf3,2,91.443930,14.643811
csyz,2,120.345926,19.249922
dxf3,2,91.458350,14.595720
dzf3,2,381.137631,61.024562
csxz,2,119.576131,19.152069
dxf,3,72.870227,11.888802
dzb,3,381.185283,60.885141
dyb,3,91.253148,14.601975
cvx,3,119.743311,19.242552
dyf,3,90.191689,14.463021
dzb2,3,380.918370,60.815935
dxb,3,91.133571,14.544379
cvy,3,119.539167,19.191840
dzf,3,380.439110,60.760083
dxb2,3,90.962772,14.516842
dyb2,3,92.134453,14.742492
cvz,3,139.778399,22.428237
dzb3,3,380.912011,60.819780
dxb3,3,91.142430,14.542117
dyb3,3,92.118631,14.732121
csxxsyyszz,3,175.641075,29.138680
dyf2,3,92.003783,14.724398
dxf2,3,92.017082,14.687247
csxy,3,100.706260,16.141263
dzf2,3,381.254300,60.854108
dyf3,3,91.610620,14.665456
csyz,3,120.537746,19.279740
dxf3,3,91.346308,14.567526
dzf3,3,383.152671,61.183633
csxz,3,119.523551,19.139696
dxf,4,72.961730,11.901512
dzb,4,380.942437,60.859542
dyb,4,91.370936,14.614191
cvx,4,119.784899,19.265569
dyf,4,90.428746,14.507056
dzb2,4,381.281544,60.916694
dxb,4,91.116113,14.558738
cvy,4,119.597376,19.212675
dzf,4,381.046723,60.550860
dxb2,4,91.038857,14.538318
dyb2,4,92.146984,14.750011
cvz,4,139.959595,22.461653
dzb3,4,381.034721,60.863580
dxb3,4,91.095814,14.546189
dyb3,4,92.002732,14.733772
csxxsyyszz,4,175.175818,29.075102
dyf2,4,92.179460,14.764894
dxf2,4,91.880789,14.687218
csxy,4,100.543148,16.133725
dzf2,4,381.195986,60.880008
dyf3,4,91.683529,14.688218
csyz,4,120.118530,19.217610
dxf3,4,91.365681,14.587071
dzf3,4,381.205883,60.919038
csxz,4,119.637259,19.146690
#========================= OptEWE [OpenMP] =========================
#Source type                                  :  Force monopole
#Grid Size                                    :  512 x 512 x 512
#Iterations                                   :  5
#Compute time                                 :  21.457716
#Total effective MLUPS                        :  31.274933
#===================================================================
#Number of threads                            :  17
