dxf,0,79.167274,12.492791
dzb,0,400.800337,61.735962
dyb,0,97.068471,15.081155
cvx,0,126.215032,19.796778
dyf,0,95.313413,14.884614
dzb2,0,400.387801,62.410820
dxb,0,96.992874,15.079422
cvy,0,273.623653,40.942057
dzf,0,399.532703,62.283635
dxb2,0,96.998266,15.089416
dyb2,0,97.705685,15.219264
cvz,0,147.561440,23.123942
dzb3,0,400.142219,62.386600
dxb3,0,97.023686,15.092083
dyb3,0,97.794590,15.222123
csxxsyyszz,0,179.903679,29.103644
dyf2,0,97.708859,15.233452
dxf2,0,97.873916,15.211855
csxy,0,106.470268,16.678247
dzf2,0,399.692663,62.327883
dyf3,0,97.176022,15.159459
csyz,0,126.842521,19.957877
dxf3,0,97.433712,15.179360
dzf3,0,400.487971,62.518088
csxz,0,125.929954,19.701344
dxf,1,78.317558,12.414189
dzb,1,400.250316,62.440790
dyb,1,96.992486,15.104724
cvx,1,126.177224,19.838780
dyf,1,95.003978,14.869714
dzb2,1,400.802352,62.485035
dxb,1,96.994605,15.135859
cvy,1,126.275417,19.890844
dzf,1,399.743473,62.124346
dxb2,1,96.978939,15.070452
dyb2,1,97.870486,15.242339
cvz,1,147.725343,23.151114
dzb3,1,399.448888,62.286382
dxb3,1,97.132344,15.098560
dyb3,1,98.003948,15.267177
csxxsyyszz,1,180.049758,29.130467
dyf2,1,97.744111,15.242404
dxf2,1,97.925131,15.233416
csxy,1,106.282734,16.656620
dzf2,1,400.464521,61.862179
dyf3,1,97.375727,15.195531
csyz,1,126.689569,19.810091
dxf3,1,97.376807,15.159675
dzf3,1,399.753966,62.392272
csxz,1,126.251935,19.761386
dxf,2,78.272781,12.409782
dzb,2,400.520821,62.492704
dyb,2,96.998308,15.119735
cvx,2,126.387182,19.871792
dyf,2,95.066597,14.877187
dzb2,2,400.561232,62.526660
dxb,2,97.058421,15.115746
cvy,2,126.392326,19.831992
dzf,2,399.326535,62.296307
dxb2,2,96.930695,15.084221
dyb2,2,97.796312,15.238814
cvz,2,147.572194,23.131817
dzb3,2,400.638414,61.771939
dxb3,2,97.047157,15.082010
dyb3,2,97.756487,15.232361
csxxsyyszz,2,179.849043,29.110330
dyf2,2,97.797962,15.256852
dxf2,2,97.910835,15.228472
csxy,2,106.279941,16.655813
dzf2,2,400.289286,62.440273
dyf3,2,97.178683,15.171040
csyz,2,126.798085,19.819506
dxf3,2,97.320815,15.149852
dzf3,2,401.184817,61.878650
csxz,2,126.016854,19.696040
dxf,3,78.294257,12.410740
dzb,3,400.231019,62.429939
dyb,3,96.956280,15.112689
cvx,3,126.157022,19.829198
dyf,3,95.262712,14.909596
dzb2,3,400.442049,62.461114
dxb,3,97.056202,15.099837
cvy,3,126.084387,19.789954
dzf,3,399.497332,62.260313
dxb2,3,97.057400,15.082376
dyb2,3,97.864542,15.238819
cvz,3,147.502410,23.128179
dzb3,3,399.722057,62.338447
dxb3,3,97.085383,15.105970
dyb3,3,97.761167,15.237657
csxxsyyszz,3,180.222564,29.169566
dyf2,3,97.834072,15.260015
dxf2,3,97.808829,15.215571
csxy,3,106.255414,16.653076
dzf2,3,399.811594,62.103277
dyf3,3,97.408152,15.180544
csyz,3,126.914367,19.834211
dxf3,3,97.445386,15.156817
dzf3,3,399.712881,62.358447
csxz,3,126.081484,19.729782
dxf,4,78.203300,12.399499
dzb,4,400.128917,62.437652
dyb,4,97.005853,15.132790
cvx,4,126.079798,19.829126
dyf,4,95.026353,14.875175
dzb2,4,400.379383,62.461299
dxb,4,96.996183,15.092061
cvy,4,126.219445,19.804126
dzf,4,399.405262,62.327140
dxb2,4,96.962413,15.086065
dyb2,4,97.795342,15.240144
cvz,4,147.737119,23.162626
dzb3,4,399.971484,62.013657
dxb3,4,96.992438,15.084798
dyb3,4,97.852662,15.251918
csxxsyyszz,4,179.801601,29.099299
dyf2,4,97.665542,15.239770
dxf2,4,97.937758,15.234391
csxy,4,106.212174,16.645439
dzf2,4,399.971118,62.395742
dyf3,4,97.277399,15.186451
csyz,4,126.832091,19.824326
dxf3,4,97.339371,15.153478
dzf3,4,400.309149,62.139032
csxz,4,126.183701,19.733757
#========================= OptEWE [OpenMP] =========================
#Source type                                  :  Force monopole
#Grid Size                                    :  512 x 512 x 512
#Iterations                                   :  5
#Compute time                                 :  22.585657
#Total effective MLUPS                        :  29.713045
#===================================================================
#Number of threads                            :  18
