dxf,0,73.879181,12.068903
dzb,0,381.855931,61.409012
dyb,0,91.417610,14.695380
cvx,0,119.726406,19.387885
dyf,0,90.333767,14.567915
dzb2,0,381.770699,61.337492
dxb,0,91.322296,14.636730
cvy,0,261.851991,40.299195
dzf,0,381.175846,61.305490
dxb2,0,91.458822,14.681230
dyb2,0,92.801579,14.928837
cvz,0,140.007663,22.624301
dzb3,0,381.377837,61.356274
dxb3,0,91.240087,14.648694
dyb3,0,92.370033,14.860766
csxxsyyszz,0,175.119326,29.259396
dyf2,0,92.079162,14.813847
dxf2,0,91.915933,14.745959
csxy,0,100.786136,16.283383
dzf2,0,381.222176,61.327250
dyf3,0,91.696031,14.767744
csyz,0,120.327148,19.391040
dxf3,0,91.491642,14.694738
dzf3,0,381.805880,61.422147
csxz,0,119.628471,19.291821
dxf,1,73.057002,11.989262
dzb,1,382.421372,61.524402
dyb,1,91.506739,14.716104
cvx,1,119.801431,19.413401
dyf,1,90.717990,14.637397
dzb2,1,381.858426,61.313824
dxb,1,91.204645,14.618731
cvy,1,119.735907,19.367530
dzf,1,380.995913,61.258182
dxb2,1,91.359367,14.640952
dyb2,1,92.051997,14.803234
cvz,1,139.903960,22.621651
dzb3,1,381.284178,61.329758
dxb3,1,91.342257,14.659081
dyb3,1,92.317644,14.846199
csxxsyyszz,1,175.359751,29.277523
dyf2,1,92.041533,14.811832
dxf2,1,91.814968,14.733957
csxy,1,100.546388,16.234914
dzf2,1,381.654057,61.376049
dyf3,1,91.905189,14.937434
csyz,1,120.323549,19.375789
dxf3,1,91.511634,14.692537
dzf3,1,381.754503,61.246304
csxz,1,119.480297,19.244103
dxf,2,72.978998,11.978787
dzb,2,381.613179,61.413316
dyb,2,91.497206,14.720473
cvx,2,119.892187,19.422410
dyf,2,90.455909,14.598305
dzb2,2,381.631604,61.392741
dxb,2,91.151885,14.641394
cvy,2,119.471059,19.337773
dzf,2,381.421622,61.371659
dxb2,2,91.402935,14.676436
dyb2,2,92.463069,14.873274
cvz,2,140.055136,22.638383
dzb3,2,381.114664,61.314930
dxb3,2,91.164709,14.646517
dyb3,2,92.200957,14.837365
csxxsyyszz,2,174.703871,29.213018
dyf2,2,91.919637,14.799061
dxf2,2,91.939220,14.767119
csxy,2,100.770837,16.281405
dzf2,2,381.565689,61.379895
dyf3,2,91.674973,14.765831
csyz,2,120.096391,19.356191
dxf3,2,91.620645,14.715088
dzf3,2,381.477808,61.388792
csxz,2,119.509527,19.278936
dxf,3,73.040050,11.992324
dzb,3,381.468989,61.411650
dyb,3,91.375293,14.707983
cvx,3,119.672058,19.396887
dyf,3,90.355390,14.579750
dzb2,3,381.388295,61.358703
dxb,3,91.279861,14.657288
cvy,3,119.688457,19.373085
dzf,3,381.165219,61.335130
dxb2,3,91.341211,14.668490
dyb2,3,92.658424,14.914556
cvz,3,139.851085,22.612110
dzb3,3,382.081747,61.131461
dxb3,3,91.222600,14.624552
dyb3,3,92.230839,14.840457
csxxsyyszz,3,174.838655,29.232327
dyf2,3,91.959230,14.806548
dxf2,3,92.110472,14.793529
csxy,3,100.823611,16.289438
dzf2,3,381.459693,61.355126
dyf3,3,91.640017,14.759092
csyz,3,120.165036,19.362453
dxf3,3,91.447898,14.687712
dzf3,3,381.556622,61.391388
csxz,3,119.632514,19.297910
dxf,4,73.037615,11.980481
dzb,4,381.500216,61.397503
dyb,4,91.437828,14.714853
cvx,4,120.009975,19.439402
dyf,4,90.232502,14.557101
dzb2,4,381.552433,61.379257
dxb,4,91.307757,14.659558
cvy,4,119.778982,19.373631
dzf,4,381.006275,61.302963
dxb2,4,91.136198,14.641691
dyb2,4,92.233493,14.841252
cvz,4,139.979448,22.639193
dzb3,4,381.050700,61.301530
dxb3,4,91.244833,14.663314
dyb3,4,92.286781,14.857926
csxxsyyszz,4,175.027042,29.256832
dyf2,4,92.145784,14.838044
dxf2,4,92.033098,14.784040
csxy,4,100.768461,16.286826
dzf2,4,381.278989,61.348957
dyf3,4,91.537358,14.740344
csyz,4,120.426000,19.406106
dxf3,4,91.478549,14.686487
dzf3,4,381.526111,61.360952
csxz,4,119.541523,19.267839
#========================= OptEWE [OpenMP] =========================
#Source type                                  :  Force monopole
#Grid Size                                    :  512 x 512 x 512
#Iterations                                   :  5
#Compute time                                 :  21.466866
#Total effective MLUPS                        :  31.261603
#===================================================================
#Number of threads                            :  17
