dxf,0,75.879096,12.514261
dzb,0,403.705015,65.057311
dyb,0,94.896512,15.341726
cvx,0,126.296010,20.475370
dyf,0,95.455439,15.450250
dzb2,0,403.890081,65.007727
dxb,0,94.327268,15.213465
cvy,0,278.646302,42.869733
dzf,0,403.181839,65.003986
dxb2,0,94.438558,15.239038
dyb2,0,95.712861,15.485502
cvz,0,147.385897,23.849560
dzb3,0,403.129843,65.026584
dxb3,0,94.411715,15.238886
dyb3,0,95.637569,15.461119
csxxsyyszz,0,190.136575,31.766547
dyf2,0,95.816680,15.501681
dxf2,0,95.092595,15.366032
csxy,0,105.194328,17.052664
dzf2,0,403.586722,65.017944
dyf3,0,95.243711,15.421012
csyz,0,125.854571,20.349792
dxf3,0,95.268747,15.395601
dzf3,0,404.288217,65.208028
csxz,0,125.386997,20.278261
dxf,1,75.327913,12.461511
dzb,1,403.954454,65.178174
dyb,1,95.198805,15.400001
cvx,1,126.465807,20.509690
dyf,1,95.488567,15.468778
dzb2,1,403.830001,65.129801
dxb,1,94.331878,15.237423
cvy,1,126.154812,20.444594
dzf,1,403.169417,65.032843
dxb2,1,94.345444,15.247968
dyb2,1,95.703056,15.491932
cvz,1,147.682511,23.911557
dzb3,1,403.429136,64.943373
dxb3,1,94.431802,15.250859
dyb3,1,95.622481,15.472481
csxxsyyszz,1,190.047773,31.773982
dyf2,1,95.866798,15.514484
dxf2,1,94.977783,15.340396
csxy,1,105.142945,17.046177
dzf2,1,403.145802,65.029283
dyf3,1,95.266794,15.424995
csyz,1,125.909299,20.350957
dxf3,1,94.755786,15.303923
dzf3,1,403.800137,64.994871
csxz,1,125.295537,20.260016
dxf,2,75.016797,12.405415
dzb,2,403.955284,65.036550
dyb,2,94.946879,15.348756
cvx,2,126.573571,20.530752
dyf,2,95.342217,15.444210
dzb2,2,403.568371,65.114634
dxb,2,94.470477,15.270513
cvy,2,126.521234,20.505459
dzf,2,403.407611,65.088447
dxb2,2,94.503605,15.264054
dyb2,2,95.683505,15.482602
cvz,2,147.283371,23.848661
dzb3,2,403.705684,65.115358
dxb3,2,94.252949,15.216819
dyb3,2,95.643641,15.469865
csxxsyyszz,2,191.121151,32.036682
dyf2,2,95.915890,15.558274
dxf2,2,94.949206,15.364957
csxy,2,105.147678,17.085269
dzf2,2,403.079652,65.151604
dyf3,2,95.291921,15.460868
csyz,2,125.898858,20.371327
dxf3,2,94.741367,15.312573
dzf3,2,403.560172,65.114806
csxz,2,125.217350,20.269558
dxf,3,75.201898,12.439932
dzb,3,403.766107,65.142675
dyb,3,95.566681,15.456925
cvx,3,126.693792,20.550747
dyf,3,95.916966,15.533357
dzb2,3,404.015056,64.992313
dxb,3,94.358504,15.235581
cvy,3,126.418893,20.491712
dzf,3,403.140535,65.047719
dxb2,3,94.443318,15.260220
dyb2,3,95.776440,15.528125
cvz,3,147.555937,23.937732
dzb3,3,403.560614,65.235821
dxb3,3,94.390036,15.285040
dyb3,3,95.696901,15.518066
csxxsyyszz,3,189.780017,31.797343
dyf2,3,95.844877,15.520571
dxf2,3,95.172153,15.380482
csxy,3,105.085090,17.040357
dzf2,3,403.235375,65.089531
dyf3,3,95.105504,15.424862
csyz,3,126.165951,20.409313
dxf3,3,94.588757,15.311924
dzf3,3,403.714698,65.282783
csxz,3,125.505503,20.342514
dxf,4,75.040047,12.447024
dzb,4,403.772862,65.256672
dyb,4,94.885936,15.368803
cvx,4,126.324715,20.515429
dyf,4,95.292917,15.448750
dzb2,4,403.461729,65.117850
dxb,4,94.365949,15.260866
cvy,4,126.277989,20.478368
dzf,4,403.242047,65.194281
dxb2,4,94.301261,15.280979
dyb2,4,95.823537,15.540083
cvz,4,147.348642,23.911519
dzb3,4,404.093041,65.283792
dxb3,4,94.328468,15.242768
dyb3,4,95.450161,15.454684
csxxsyyszz,4,189.993014,31.793365
dyf2,4,95.577400,15.486987
dxf2,4,94.889725,15.338281
csxy,4,105.121673,17.053044
dzf2,4,403.507774,65.125157
dyf3,4,95.269325,15.443206
csyz,4,125.887693,20.369025
dxf3,4,94.786645,15.323347
dzf3,4,403.234016,65.091800
csxz,4,125.365633,20.292171
#========================= OptEWE [OpenMP] =========================
#Source type                                  :  Force monopole
#Grid Size                                    :  512 x 512 x 512
#Iterations                                   :  5
#Compute time                                 :  22.600777
#Total effective MLUPS                        :  29.693167
#===================================================================
#Number of threads                            :  15
