dxf,0,74.256857,11.080515
dzb,0,417.553198,60.490277
dyb,0,89.123387,13.102239
cvx,0,144.282820,20.716072
dyf,0,88.636428,13.051714
dzb2,0,417.776737,60.521041
dxb,0,75.788994,11.292068
cvy,0,386.110084,52.091523
dzf,0,417.988158,60.477847
dxb2,0,76.102489,11.341588
dyb2,0,89.510742,13.158939
cvz,0,145.002457,20.993174
dzb3,0,416.680896,60.323281
dxb3,0,76.112367,11.308541
dyb3,0,89.272623,13.119151
csxxsyyszz,0,393.038586,54.930126
dyf2,0,88.682790,13.053367
dxf2,0,73.453436,10.990715
csxy,0,63.016197,9.811985
dzf2,0,415.483357,60.240103
dyf3,0,88.026054,12.961836
csyz,0,70.981654,10.999445
dxf3,0,73.534495,10.991936
dzf3,0,418.249529,60.650039
csxz,0,69.794291,10.823153
dxf,1,73.956434,11.039723
dzb,1,418.153164,60.624616
dyb,1,89.254382,13.192239
cvx,1,144.027119,20.703774
dyf,1,88.407323,13.028906
dzb2,1,419.090860,60.792313
dxb,1,75.906279,11.311760
cvy,1,141.437224,20.356451
dzf,1,418.905680,60.691078
dxb2,1,75.903471,11.287437
dyb2,1,89.424233,13.151872
cvz,1,144.709412,21.001944
dzb3,1,415.979175,60.310869
dxb3,1,76.056536,11.326451
dyb3,1,89.234033,13.137872
csxxsyyszz,1,392.291611,54.819266
dyf2,1,88.305439,13.022599
dxf2,1,73.616194,11.016909
csxy,1,62.989027,9.821859
dzf2,1,415.560306,60.267205
dyf3,1,88.191416,12.982266
csyz,1,71.146225,11.056050
dxf3,1,73.580028,10.995186
dzf3,1,416.363558,60.355656
csxz,1,69.725192,10.810473
dxf,2,73.861545,11.054488
dzb,2,416.942665,60.474265
dyb,2,89.199069,13.132602
cvx,2,144.128106,20.712985
dyf,2,88.510647,13.046838
dzb2,2,418.193330,60.635044
dxb,2,75.924194,11.313937
cvy,2,141.868003,20.381000
dzf,2,417.794233,60.544889
dxb2,2,75.946268,11.334857
dyb2,2,89.416652,13.177410
cvz,2,144.519692,20.958077
dzb3,2,416.571969,60.422990
dxb3,2,76.316117,11.341015
dyb3,2,89.180620,13.115186
csxxsyyszz,2,392.954866,54.948977
dyf2,2,88.673569,13.076026
dxf2,2,73.756152,11.020890
csxy,2,63.010535,9.807953
dzf2,2,416.076826,60.364484
dyf3,2,88.494326,13.028823
csyz,2,71.039650,10.985114
dxf3,2,73.505974,10.990735
dzf3,2,415.576919,60.296024
csxz,2,69.585966,10.814002
dxf,3,74.097836,11.074214
dzb,3,417.132535,60.499522
dyb,3,89.410215,13.177567
cvx,3,145.953684,20.927102
dyf,3,88.161748,13.018674
dzb2,3,418.640313,60.667334
dxb,3,75.889237,11.291234
cvy,3,141.926994,20.399027
dzf,3,417.876002,60.597005
dxb2,3,76.020279,11.295712
dyb2,3,89.077962,13.101557
cvz,3,144.672971,20.995788
dzb3,3,417.765628,60.509087
dxb3,3,76.103733,11.365678
dyb3,3,89.736342,13.203199
csxxsyyszz,3,392.538432,54.872313
dyf2,3,88.575634,13.033412
dxf2,3,73.694121,11.064067
csxy,3,63.049814,9.838438
dzf2,3,415.189476,60.221141
dyf3,3,88.088826,12.991266
csyz,3,70.920066,10.999382
dxf3,3,73.581324,11.010464
dzf3,3,415.517238,60.272667
csxz,3,70.186007,10.969975
dxf,4,74.321626,11.457632
dzb,4,417.753725,61.507504
dyb,4,89.414783,13.348718
cvx,4,144.339906,21.017521
dyf,4,88.295794,13.125047
dzb2,4,418.597206,60.888575
dxb,4,75.898377,11.309844
cvy,4,141.842056,20.371693
dzf,4,417.759616,60.505350
dxb2,4,76.085666,11.325912
dyb2,4,89.370480,13.165204
cvz,4,144.908368,20.970647
dzb3,4,416.641236,60.355665
dxb3,4,76.220345,11.332157
dyb3,4,89.734954,13.181670
csxxsyyszz,4,392.849185,54.882226
dyf2,4,88.646099,13.051045
dxf2,4,73.729084,11.012790
csxy,4,63.000104,9.793729
dzf2,4,415.783867,60.223101
dyf3,4,88.247098,12.984947
csyz,4,70.999681,10.989789
dxf3,4,73.641545,11.007201
dzf3,4,416.344920,60.323945
csxz,4,69.733598,10.845135
#========================= OptEWE [OpenMP] =========================
#Source type                                  :  Force monopole
#Grid Size                                    :  512 x 512 x 512
#Iterations                                   :  5
#Compute time                                 :  22.810108
#Total effective MLUPS                        :  29.420669
#===================================================================
#Number of threads                            :  4
