dxf,0,41.617006,7.049848
dzb,0,170.592427,29.525631
dyb,0,38.805345,6.745096
cvx,0,49.191578,8.653739
dyf,0,38.832690,6.759194
dzb2,0,170.168985,29.467801
dxb,0,38.488908,6.658701
cvy,0,388.804205,57.831758
dzf,0,169.583943,29.383640
dxb2,0,38.539644,6.698310
dyb2,0,39.021313,6.801367
cvz,0,58.036086,10.200084
dzb3,0,170.629114,29.582326
dxb3,0,38.506867,6.689244
dyb3,0,39.045414,6.802473
csxxsyyszz,0,88.835491,15.882552
dyf2,0,39.007342,6.791796
dxf2,0,38.740263,6.741411
csxy,0,39.952924,7.065333
dzf2,0,169.478680,29.408638
dyf3,0,38.755427,6.743444
csyz,0,48.581422,8.540492
dxf3,0,38.540865,6.699727
dzf3,0,169.672974,29.443345
csxz,0,48.552339,8.540235
dxf,1,38.432007,6.690172
dzb,1,170.131666,29.511167
dyb,1,38.771183,6.745216
cvx,1,49.188908,8.677502
dyf,1,38.833294,6.766337
dzb2,1,170.266400,29.538002
dxb,1,38.529303,6.694105
cvy,1,49.128058,8.658218
dzf,1,169.383339,29.388132
dxb2,1,38.516695,6.685656
dyb2,1,39.048808,6.812707
cvz,1,58.078730,10.213386
dzb3,1,169.918668,29.471200
dxb3,1,38.615504,6.706547
dyb3,1,39.014321,6.796104
csxxsyyszz,1,88.761778,15.867647
dyf2,1,38.962455,6.785311
dxf2,1,38.745112,6.737169
csxy,1,39.988398,7.072338
dzf2,1,169.529430,29.425500
dyf3,1,38.784991,6.748588
csyz,1,48.571965,8.540408
dxf3,1,38.506339,6.699140
dzf3,1,169.667975,29.444462
csxz,1,48.538441,8.535970
dxf,2,38.472699,6.699539
dzb,2,170.276952,29.534635
dyb,2,38.732325,6.736519
cvx,2,49.182806,8.675943
dyf,2,38.915329,6.778685
dzb2,2,170.125054,29.504332
dxb,2,38.491202,6.683155
cvy,2,49.094444,8.655182
dzf,2,169.455731,29.405895
dxb2,2,38.490493,6.679183
dyb2,2,38.999925,6.795980
cvz,2,58.050328,10.203433
dzb3,2,170.042706,29.477199
dxb3,2,38.598468,6.697196
dyb3,2,38.995277,6.789321
csxxsyyszz,2,88.762053,15.869052
dyf2,2,38.939895,6.782843
dxf2,2,38.816056,6.750961
csxy,2,39.988041,7.072275
dzf2,2,169.362946,29.401803
dyf3,2,38.782542,6.752889
csyz,2,48.661692,8.558375
dxf3,2,38.628030,6.716086
dzf3,2,169.677183,29.458712
csxz,2,48.521316,8.535627
dxf,3,38.453489,6.691628
dzb,3,170.251960,29.534260
dyb,3,38.786745,6.744045
cvx,3,49.178710,8.675221
dyf,3,38.789400,6.758932
dzb2,3,170.139124,29.521363
dxb,3,38.494513,6.684211
cvy,3,49.124760,8.660767
dzf,3,169.409582,29.407670
dxb2,3,38.555863,6.690888
dyb2,3,39.021973,6.806836
cvz,3,57.954214,10.195644
dzb3,3,169.993255,29.488486
dxb3,3,38.551552,6.696886
dyb3,3,39.056145,6.810653
csxxsyyszz,3,88.824111,15.884218
dyf2,3,38.960482,6.784115
dxf2,3,38.782132,6.744455
csxy,3,39.923318,7.065697
dzf2,3,169.414456,29.415079
dyf3,3,38.785322,6.750949
csyz,3,48.608519,8.546714
dxf3,3,38.547951,6.705295
dzf3,3,169.739649,29.462360
csxz,3,48.553232,8.538207
dxf,4,38.448150,6.693462
dzb,4,170.184709,29.529272
dyb,4,38.792058,6.747272
cvx,4,49.368536,8.707617
dyf,4,38.759354,6.749093
dzb2,4,170.142714,29.520997
dxb,4,38.536743,6.689617
cvy,4,49.064105,8.651877
dzf,4,169.306043,29.385612
dxb2,4,38.518652,6.688162
dyb2,4,39.038220,6.814669
cvz,4,58.064703,10.210194
dzb3,4,169.954827,29.483807
dxb3,4,38.500961,6.690986
dyb3,4,39.013597,6.801093
csxxsyyszz,4,88.804158,15.883857
dyf2,4,38.955061,6.788163
dxf2,4,38.787504,6.754359
csxy,4,39.918290,7.066754
dzf2,4,170.220254,29.539027
dyf3,4,38.745893,6.751593
csyz,4,48.600878,8.551689
dxf3,4,38.478588,6.688300
dzf3,4,169.580184,29.435549
csxz,4,48.547755,8.594404
#========================= OptEWE [OpenMP] =========================
#Source type                                  :  Force monopole
#Grid Size                                    :  512 x 512 x 512
#Iterations                                   :  5
#Compute time                                 :  9.674711
#Total effective MLUPS                        :  69.365237
#===================================================================
#Number of threads                            :  21
