dxf,0,29.293008,6.122711
dzb,0,108.589587,23.786919
dyb,0,28.669500,6.077814
cvx,0,34.357716,7.502508
dyf,0,28.459740,6.047932
dzb2,0,108.557927,23.822173
dxb,0,28.425694,5.999361
cvy,0,257.385225,46.041023
dzf,0,107.906114,23.699127
dxb2,0,28.434994,6.012342
dyb2,0,28.920173,6.137584
cvz,0,39.692942,8.710059
dzb3,0,108.093116,23.753216
dxb3,0,28.566583,6.050164
dyb3,0,28.982411,6.157796
csxxsyyszz,0,70.147234,15.140842
dyf2,0,28.523319,6.071545
dxf2,0,28.682781,6.099154
csxy,0,28.211621,6.191158
dzf2,0,107.952028,23.754645
dyf3,0,28.635516,6.118216
csyz,0,33.569985,7.362977
dxf3,0,28.131485,5.982863
dzf3,0,108.357100,23.840531
csxz,0,33.394962,7.334726
dxf,1,28.067437,5.973569
dzb,1,108.558436,23.859170
dyb,1,28.678695,6.098524
cvx,1,34.376297,7.527215
dyf,1,28.464862,6.074994
dzb2,1,108.556525,23.859367
dxb,1,28.425510,6.057476
cvy,1,34.173259,7.485011
dzf,1,107.867078,23.744982
dxb2,1,28.517197,6.045289
dyb2,1,28.936033,6.173502
cvz,1,39.731304,8.731317
dzb3,1,108.238297,23.807259
dxb3,1,28.567457,6.048445
dyb3,1,28.927964,6.156594
csxxsyyszz,1,70.185747,15.157197
dyf2,1,28.526478,6.084341
dxf2,1,28.577292,6.092917
csxy,1,28.143538,6.184191
dzf2,1,107.921371,23.766092
dyf3,1,28.694509,6.111930
csyz,1,33.572081,7.366314
dxf3,1,28.115714,5.979744
dzf3,1,108.364637,23.859306
csxz,1,33.399322,7.342483
dxf,2,28.039765,5.965927
dzb,2,108.552224,23.858545
dyb,2,28.659155,6.103325
cvx,2,34.461054,7.544697
dyf,2,28.405612,6.057497
dzb2,2,108.550577,23.862377
dxb,2,28.457777,6.047752
cvy,2,34.360360,7.525157
dzf,2,107.856035,23.747622
dxb2,2,28.499602,6.040847
dyb2,2,28.954196,6.156868
cvz,2,39.742978,8.726128
dzb3,2,108.082558,23.764038
dxb3,2,29.878198,6.283939
dyb3,2,28.945889,6.163424
csxxsyyszz,2,70.134103,15.146409
dyf2,2,28.525209,6.082288
dxf2,2,28.563586,6.092137
csxy,2,28.161131,6.185006
dzf2,2,107.914239,23.763037
dyf3,2,28.733576,6.119174
csyz,2,33.572636,7.367035
dxf3,2,28.092173,5.978951
dzf3,2,108.335505,23.858555
csxz,2,33.438754,7.351749
dxf,3,28.074993,5.972487
dzb,3,108.618854,23.888248
dyb,3,28.680272,6.108420
cvx,3,34.319888,7.522014
dyf,3,28.418893,6.064236
dzb2,3,108.535268,23.869618
dxb,3,28.462873,6.051088
cvy,3,34.157906,7.486867
dzf,3,107.799143,23.741772
dxb2,3,28.495162,6.039549
dyb2,3,28.930265,6.155034
cvz,3,39.695616,8.721175
dzb3,3,108.055984,23.765317
dxb3,3,28.542314,6.047878
dyb3,3,28.919025,6.147582
csxxsyyszz,3,70.107826,15.138421
dyf2,3,28.551567,6.080651
dxf2,3,28.640966,6.095871
csxy,3,28.164934,6.183024
dzf2,3,107.935033,23.756723
dyf3,3,28.690669,6.130718
csyz,3,33.587991,7.366206
dxf3,3,28.147832,5.989272
dzf3,3,108.353582,23.849485
csxz,3,33.405855,7.340817
dxf,4,28.057696,5.973600
dzb,4,108.568328,23.868746
dyb,4,28.641941,6.090709
cvx,4,34.313660,7.513381
dyf,4,28.427485,6.059792
dzb2,4,108.596752,23.900910
dxb,4,28.432121,6.041233
cvy,4,34.195557,7.496901
dzf,4,107.863521,23.768196
dxb2,4,28.477108,6.044266
dyb2,4,28.908208,6.154076
cvz,4,39.700026,8.725896
dzb3,4,108.109536,23.784957
dxb3,4,28.585780,6.058518
dyb3,4,28.963225,6.174477
csxxsyyszz,4,70.141204,15.167548
dyf2,4,28.630961,6.111398
dxf2,4,28.674793,6.120395
csxy,4,28.117845,6.180654
dzf2,4,107.957164,23.785364
dyf3,4,28.665289,6.115978
csyz,4,33.585530,7.375742
dxf3,4,28.079901,5.980785
dzf3,4,108.398747,23.890714
csxz,4,33.382451,7.395386
#========================= OptEWE [OpenMP] =========================
#Source type                                  :  Force monopole
#Grid Size                                    :  512 x 512 x 512
#Iterations                                   :  5
#Compute time                                 :  6.553640
#Total effective MLUPS                        :  102.399369
#===================================================================
#Number of threads                            :  21
