dxf,0,49.335799,7.559381
dzb,0,198.707703,31.034044
dyb,0,52.169860,8.026067
cvx,0,63.118577,9.813239
dyf,0,50.977006,7.857934
dzb2,0,200.113336,31.232168
dxb,0,49.173787,7.532387
cvy,0,243.775939,33.055022
dzf,0,198.211220,30.966662
dxb2,0,50.511882,7.734632
dyb2,0,51.500076,7.929918
cvz,0,69.330820,10.965743
dzb3,0,199.153042,31.085461
dxb3,0,49.034171,7.545013
dyb3,0,51.575733,7.933661
csxxsyyszz,0,162.977138,24.331915
dyf2,0,51.125731,7.890485
dxf2,0,49.524164,7.607543
csxy,0,48.243360,7.665628
dzf2,0,201.787066,31.441630
dyf3,0,50.800489,7.867848
csyz,0,57.477953,9.139238
dxf3,0,48.907612,7.527370
dzf3,0,198.390674,31.026813
csxz,0,58.014164,9.208661
dxf,1,48.869869,7.522172
dzb,1,198.784311,31.074211
dyb,1,51.210663,7.876779
cvx,1,63.203169,9.829065
dyf,1,50.865961,7.856101
dzb2,1,199.822656,31.247888
dxb,1,49.234285,7.575563
cvy,1,61.894327,9.664602
dzf,1,198.150999,30.969762
dxb2,1,50.460706,7.728615
dyb2,1,51.698607,7.951343
cvz,1,69.271205,10.965583
dzb3,1,199.078773,31.107791
dxb3,1,49.072713,7.538194
dyb3,1,51.560991,7.936258
csxxsyyszz,1,162.233073,24.281789
dyf2,1,51.020846,7.867559
dxf2,1,49.456033,7.609320
csxy,1,48.292179,7.678215
dzf2,1,201.840074,31.453369
dyf3,1,50.706185,7.831058
csyz,1,57.540519,9.155038
dxf3,1,48.821939,7.533469
dzf3,1,198.388267,31.009077
csxz,1,57.865325,9.207820
dxf,2,48.928120,7.545450
dzb,2,198.925565,31.098406
dyb,2,51.310093,7.897882
cvx,2,63.392143,9.872716
dyf,2,50.789558,7.869085
dzb2,2,199.845759,31.215832
dxb,2,49.202751,7.566490
cvy,2,61.826517,9.687013
dzf,2,198.281309,30.978851
dxb2,2,50.446836,7.717881
dyb2,2,51.555546,7.950984
cvz,2,69.290564,10.968769
dzb3,2,199.127452,31.103014
dxb3,2,49.067905,7.560306
dyb3,2,51.684803,7.949708
csxxsyyszz,2,162.300012,24.256429
dyf2,2,51.019525,7.867716
dxf2,2,49.479905,7.605474
csxy,2,48.197015,7.666699
dzf2,2,201.878472,31.452765
dyf3,2,50.784323,7.865954
csyz,2,57.562460,9.160236
dxf3,2,48.928814,7.535037
dzf3,2,198.239898,31.048332
csxz,2,57.922824,9.232922
dxf,3,48.885295,7.530291
dzb,3,200.307583,31.303761
dyb,3,51.308925,7.887537
cvx,3,63.226861,9.837978
dyf,3,50.874012,7.853064
dzb2,3,200.104338,31.280542
dxb,3,49.185146,7.573910
cvy,3,61.950143,9.677128
dzf,3,198.098633,31.023731
dxb2,3,50.510404,7.737927
dyb2,3,51.756485,7.950113
cvz,3,69.298884,10.974844
dzb3,3,198.944143,31.124686
dxb3,3,49.005950,7.533343
dyb3,3,51.716091,7.962936
csxxsyyszz,3,162.882221,24.385653
dyf2,3,51.079375,7.878752
dxf2,3,49.595956,7.625743
csxy,3,48.284636,7.679188
dzf2,3,201.859241,31.505205
dyf3,3,50.820696,7.853996
csyz,3,57.470387,9.151307
dxf3,3,48.887134,7.556973
dzf3,3,198.523293,31.056983
csxz,3,57.912118,9.223118
dxf,4,48.996799,7.551631
dzb,4,198.866187,31.128524
dyb,4,51.541076,7.920186
cvx,4,63.132306,9.827879
dyf,4,50.909917,7.896666
dzb2,4,200.071132,31.232514
dxb,4,49.318454,7.602174
cvy,4,61.896082,9.687473
dzf,4,199.586432,31.163038
dxb2,4,50.503951,7.736938
dyb2,4,51.652301,7.984057
cvz,4,69.229282,10.967722
dzb3,4,199.012975,31.084143
dxb3,4,49.045608,7.581273
dyb3,4,51.686355,7.960674
csxxsyyszz,4,162.432879,24.293372
dyf2,4,51.023547,7.872428
dxf2,4,49.435198,7.670089
csxy,4,48.204525,7.669822
dzf2,4,201.797579,31.453830
dyf3,4,50.859091,7.888783
csyz,4,57.631676,9.167710
dxf3,4,48.912797,7.532081
dzf3,4,198.335953,31.075648
csxz,4,57.886149,9.239301
#========================= OptEWE [OpenMP] =========================
#Source type                                  :  Force monopole
#Grid Size                                    :  512 x 512 x 512
#Iterations                                   :  5
#Compute time                                 :  11.788145
#Total effective MLUPS                        :  56.929113
#===================================================================
#Number of threads                            :  10
