dxf,0,69.528831,11.366372
dzb,0,344.584742,55.498060
dyb,0,84.353569,13.574794
cvx,0,109.446051,17.692175
dyf,0,80.760908,13.071817
dzb2,0,344.513263,55.494265
dxb,0,84.235470,13.510243
cvy,0,288.636579,43.874127
dzf,0,343.883881,55.405423
dxb2,0,84.296397,13.532634
dyb2,0,85.084560,13.695313
cvz,0,128.166183,20.705616
dzb3,0,344.063326,55.453485
dxb3,0,84.304365,13.531953
dyb3,0,85.197118,13.717837
csxxsyyszz,0,153.572701,25.846656
dyf2,0,85.006764,13.679860
dxf2,0,85.304401,13.677629
csxy,0,92.253402,14.907634
dzf2,0,343.536481,55.349700
dyf3,0,84.730659,13.644099
csyz,0,110.286511,17.789731
dxf3,0,84.681109,13.597226
dzf3,0,344.772990,55.573593
csxz,0,109.606954,17.702510
dxf,1,68.576774,11.251244
dzb,1,344.349598,55.520649
dyb,1,84.341970,13.587270
cvx,1,109.201196,17.681124
dyf,1,80.889524,13.111378
dzb2,1,344.182061,55.492144
dxb,1,84.296696,13.549958
cvy,1,109.379817,17.687997
dzf,1,344.283413,55.532366
dxb2,1,84.404758,13.557146
dyb2,1,85.111128,13.722824
cvz,1,128.057521,20.712072
dzb3,1,344.117737,55.504026
dxb3,1,84.236474,13.532075
dyb3,1,85.163100,13.717866
csxxsyyszz,1,153.349046,25.939609
dyf2,1,84.912188,13.696286
dxf2,1,85.174573,13.700868
csxy,1,92.330895,14.939188
dzf2,1,343.862597,55.451580
dyf3,1,84.588989,13.631491
csyz,1,110.282105,17.798497
dxf3,1,84.646667,13.596001
dzf3,1,344.859153,55.616511
csxz,1,109.527987,17.695677
dxf,2,68.628028,11.255119
dzb,2,344.419564,55.545243
dyb,2,84.314357,13.580003
cvx,2,109.590973,17.741272
dyf,2,80.743585,13.083538
dzb2,2,344.025744,55.482974
dxb,2,84.348408,13.561703
cvy,2,109.069484,17.648007
dzf,2,344.488185,55.525321
dxb2,2,84.314596,13.533595
dyb2,2,85.231968,13.729204
cvz,2,128.155035,20.727598
dzb3,2,344.135597,55.491242
dxb3,2,84.297193,13.536315
dyb3,2,85.130851,13.716341
csxxsyyszz,2,153.323768,25.827512
dyf2,2,85.090734,13.712934
dxf2,2,85.165480,13.681173
csxy,2,92.292588,14.922680
dzf2,2,343.847606,55.452028
dyf3,2,84.479712,13.633527
csyz,2,110.375098,17.818679
dxf3,2,84.597869,13.584721
dzf3,2,344.175708,55.495720
csxz,2,109.669593,17.728929
dxf,3,68.616046,11.261731
dzb,3,344.696947,55.583378
dyb,3,84.258985,13.571697
cvx,3,109.221321,17.691886
dyf,3,80.784947,13.091594
dzb2,3,344.599264,55.566879
dxb,3,84.273310,13.527213
cvy,3,109.065943,17.636749
dzf,3,344.267566,55.508417
dxb2,3,84.214497,13.521935
dyb2,3,85.163635,13.706573
cvz,3,128.061598,20.699310
dzb3,3,343.953331,55.448266
dxb3,3,84.263801,13.530831
dyb3,3,85.163637,13.700822
csxxsyyszz,3,153.197849,25.797282
dyf2,3,85.134307,13.719344
dxf2,3,85.295448,13.688694
csxy,3,92.440564,14.936526
dzf2,3,343.903312,55.458270
dyf3,3,84.509412,13.607489
csyz,3,110.340616,17.812004
dxf3,3,84.613263,13.583626
dzf3,3,344.602672,55.562200
csxz,3,109.664982,17.714722
dxf,4,68.618270,11.248617
dzb,4,344.710907,55.553374
dyb,4,84.336334,13.576188
cvx,4,109.291018,17.695298
dyf,4,80.649616,13.069417
dzb2,4,344.275240,55.527441
dxb,4,84.343704,13.539493
cvy,4,109.114564,17.643874
dzf,4,343.781206,55.431230
dxb2,4,84.264398,13.530192
dyb2,4,85.071668,13.698249
cvz,4,128.000423,20.697545
dzb3,4,344.249833,55.516503
dxb3,4,84.258985,13.524791
dyb3,4,85.345320,13.729192
csxxsyyszz,4,153.347954,25.821569
dyf2,4,85.089591,13.698079
dxf2,4,85.223045,13.675237
csxy,4,92.499367,14.949349
dzf2,4,343.880699,55.450886
dyf3,4,84.564795,13.621692
csyz,4,110.255249,17.789856
dxf3,4,84.727668,13.600022
dzf3,4,344.583173,55.544117
csxz,4,109.552830,17.705968
#========================= OptEWE [OpenMP] =========================
#Source type                                  :  Force monopole
#Grid Size                                    :  512 x 512 x 512
#Iterations                                   :  5
#Compute time                                 :  19.551666
#Total effective MLUPS                        :  34.323859
#===================================================================
#Number of threads                            :  20
