dxf,0,25.330802,5.938079
dzb,0,90.927164,22.988141
dyb,0,24.266346,5.834773
cvx,0,28.997133,7.330596
dyf,0,24.309773,5.854798
dzb2,0,90.868136,23.044702
dxb,0,24.049115,5.756525
cvy,0,248.818092,49.154013
dzf,0,90.579473,22.900976
dxb2,0,23.992802,5.779506
dyb2,0,24.506381,5.915934
cvz,0,33.627850,8.520216
dzb3,0,90.653293,22.973712
dxb3,0,24.015083,5.770316
dyb3,0,24.494002,5.928255
csxxsyyszz,0,63.264198,15.218202
dyf2,0,24.414462,5.866865
dxf2,0,24.212179,5.857950
csxy,0,23.774232,6.020943
dzf2,0,90.527670,22.989969
dyf3,0,24.202741,5.849733
csyz,0,28.392637,7.195995
dxf3,0,24.085114,5.814702
dzf3,0,90.733963,23.041002
csxz,0,28.199743,7.137590
dxf,1,24.019855,5.800217
dzb,1,90.946457,23.091873
dyb,1,24.177420,5.843961
cvx,1,28.861112,7.322906
dyf,1,24.296224,5.873612
dzb2,1,90.886982,23.087886
dxb,1,24.064337,5.801472
cvy,1,28.858913,7.311886
dzf,1,90.565496,22.992561
dxb2,1,24.079504,5.792973
dyb2,1,24.527070,5.945810
cvz,1,33.650744,8.538756
dzb3,1,90.676875,23.010242
dxb3,1,24.054194,5.787462
dyb3,1,24.526726,5.945373
csxxsyyszz,1,63.311277,15.253634
dyf2,1,24.376136,5.869727
dxf2,1,24.213691,5.870656
csxy,1,23.814801,6.036814
dzf2,1,90.634893,23.026681
dyf3,1,24.227078,5.854683
csyz,1,28.393189,7.186789
dxf3,1,24.032250,5.809103
dzf3,1,90.729367,23.066708
csxz,1,28.240368,7.153167
dxf,2,24.019564,5.809963
dzb,2,90.998537,23.140087
dyb,2,24.153410,5.831539
cvx,2,28.880187,7.342065
dyf,2,24.270129,5.873254
dzb2,2,90.907000,23.128173
dxb,2,24.025320,5.791257
cvy,2,28.801888,7.312439
dzf,2,90.507858,22.999325
dxb2,2,24.010559,5.791970
dyb2,2,24.497449,5.935920
cvz,2,33.718329,8.565298
dzb3,2,90.661642,23.031259
dxb3,2,24.067904,5.798166
dyb3,2,24.513025,5.945940
csxxsyyszz,2,63.309768,15.268976
dyf2,2,24.431953,5.885516
dxf2,2,24.243286,5.877481
csxy,2,23.791885,6.039570
dzf2,2,91.308841,23.174159
dyf3,2,24.138164,5.828206
csyz,2,28.391176,7.210057
dxf3,2,24.017433,5.809216
dzf3,2,90.716104,23.081455
csxz,2,28.221352,7.154700
dxf,3,23.986061,5.815780
dzb,3,90.866017,23.100462
dyb,3,24.206659,5.863597
cvx,3,28.929732,7.332602
dyf,3,24.279913,5.891614
dzb2,3,90.951853,23.120059
dxb,3,24.006696,5.836282
cvy,3,28.844375,7.303396
dzf,3,90.541894,23.037868
dxb2,3,24.043843,5.805894
dyb2,3,24.520671,5.946145
cvz,3,33.536916,8.513825
dzb3,3,90.633334,23.041308
dxb3,3,24.037965,5.808058
dyb3,3,24.508264,5.942665
csxxsyyszz,3,63.389031,15.278463
dyf2,3,25.673718,6.162405
dxf2,3,24.234031,5.895161
csxy,3,23.819578,6.033023
dzf2,3,90.628515,23.051288
dyf3,3,24.220182,5.888764
csyz,3,28.370675,7.186410
dxf3,3,23.996759,5.820894
dzf3,3,90.788384,23.110701
csxz,3,28.167399,7.154050
dxf,4,24.035190,5.819405
dzb,4,90.855585,23.109290
dyb,4,24.214797,5.893160
cvx,4,28.910603,7.333656
dyf,4,24.315670,5.897953
dzb2,4,90.909741,23.120224
dxb,4,24.020739,5.832305
cvy,4,28.794535,7.294975
dzf,4,90.512877,23.031345
dxb2,4,24.068803,5.809607
dyb2,4,24.566325,5.971270
cvz,4,33.670127,8.540788
dzb3,4,90.710100,23.068958
dxb3,4,23.976739,5.801292
dyb3,4,24.500407,5.940053
csxxsyyszz,4,63.386072,15.284819
dyf2,4,24.389882,5.904227
dxf2,4,24.229975,5.894174
csxy,4,23.821554,6.036263
dzf2,4,90.577987,23.055174
dyf3,4,24.239206,5.893973
csyz,4,28.406034,7.192526
dxf3,4,24.008005,5.810168
dzf3,4,90.724274,23.107940
csxz,4,28.192987,7.234212
#========================= OptEWE [OpenMP] =========================
#Source type                                  :  Force monopole
#Grid Size                                    :  512 x 512 x 512
#Iterations                                   :  5
#Compute time                                 :  5.573584
#Total effective MLUPS                        :  120.405234
#===================================================================
#Number of threads                            :  24
