dxf,0,39.960357,6.862826
dzb,0,161.920134,28.163548
dyb,0,36.984513,6.457569
cvx,0,47.333718,8.364544
dyf,0,37.107707,6.483620
dzb2,0,161.851376,28.174675
dxb,0,36.639446,6.375384
cvy,0,400.467871,59.295144
dzf,0,161.219214,28.047692
dxb2,0,36.627182,6.376985
dyb2,0,37.255438,6.516716
cvz,0,55.709667,9.819073
dzb3,0,161.657776,28.143825
dxb3,0,36.759314,6.410873
dyb3,0,37.272155,6.518804
csxxsyyszz,0,91.112535,16.142104
dyf2,0,37.178716,6.496980
dxf2,0,36.939989,6.453319
csxy,0,38.113882,6.762236
dzf2,0,161.049399,28.064216
dyf3,0,36.994955,6.469006
csyz,0,46.466053,8.205372
dxf3,0,36.572987,6.395340
dzf3,0,161.600896,28.182130
csxz,0,46.367810,8.186454
dxf,1,36.706795,6.409803
dzb,1,161.814416,28.198147
dyb,1,36.866469,6.451389
cvx,1,47.274186,8.366807
dyf,1,37.020538,6.481798
dzb2,1,161.779972,28.185073
dxb,1,36.628400,6.397078
cvy,1,47.211400,8.341965
dzf,1,161.071307,28.069762
dxb2,1,36.708617,6.408914
dyb2,1,37.299969,6.529407
cvz,1,55.676233,9.825145
dzb3,1,161.654897,28.160059
dxb3,1,36.726298,6.407893
dyb3,1,37.232293,6.524004
csxxsyyszz,1,91.132322,16.147937
dyf2,1,37.208134,6.501286
dxf2,1,36.901416,6.450100
csxy,1,38.131843,6.773407
dzf2,1,161.102360,28.083328
dyf3,1,36.992660,6.470065
csyz,1,46.457192,8.210825
dxf3,1,36.650842,6.403529
dzf3,1,161.324177,28.123356
csxz,1,46.382839,8.192006
dxf,2,36.725151,6.415304
dzb,2,161.963072,28.232373
dyb,2,37.027750,6.471905
cvx,2,47.296116,8.365500
dyf,2,37.036858,6.477414
dzb2,2,161.809498,28.204859
dxb,2,36.620085,6.388277
cvy,2,47.252835,8.357242
dzf,2,161.168313,28.088274
dxb2,2,36.677955,6.394391
dyb2,2,37.210672,6.519143
cvz,2,55.737736,9.830010
dzb3,2,161.634277,28.153988
dxb3,2,36.730978,6.402548
dyb3,2,37.272422,6.523749
csxxsyyszz,2,91.252318,16.162944
dyf2,2,37.234419,6.515307
dxf2,2,36.897721,6.453338
csxy,2,38.155247,6.771841
dzf2,2,161.094143,28.088320
dyf3,2,36.937026,6.465923
csyz,2,46.421748,8.206253
dxf3,2,36.730699,6.414340
dzf3,2,161.351350,28.132671
csxz,2,46.336935,8.191018
dxf,3,36.652935,6.403895
dzb,3,161.926836,28.221587
dyb,3,37.008119,6.462661
cvx,3,47.236946,8.358047
dyf,3,36.947347,6.476967
dzb2,3,162.004892,28.238242
dxb,3,36.601217,6.397989
cvy,3,47.195477,8.343727
dzf,3,161.313721,28.111266
dxb2,3,36.689251,6.403843
dyb2,3,37.270586,6.533940
cvz,3,55.675314,9.821443
dzb3,3,161.738922,28.165642
dxb3,3,36.764422,6.409224
dyb3,3,37.272100,6.527276
csxxsyyszz,3,91.047219,16.138119
dyf2,3,37.183541,6.494963
dxf2,3,36.945477,6.459989
csxy,3,38.124968,6.768016
dzf2,3,161.164702,28.101117
dyf3,3,37.039873,6.486014
csyz,3,46.461103,8.206313
dxf3,3,36.676478,6.404871
dzf3,3,161.277433,28.126833
csxz,3,46.358277,8.187427
dxf,4,36.720159,6.419384
dzb,4,161.858355,28.209776
dyb,4,36.979367,6.466402
cvx,4,47.220004,8.354327
dyf,4,37.006647,6.470707
dzb2,4,161.857716,28.211774
dxb,4,36.602881,6.387203
cvy,4,47.236539,8.350986
dzf,4,161.183645,28.094037
dxb2,4,36.703452,6.401492
dyb2,4,37.277826,6.528638
cvz,4,55.695843,9.827507
dzb3,4,161.702379,28.168826
dxb3,4,36.773658,6.416519
dyb3,4,37.256378,6.515090
csxxsyyszz,4,91.071989,16.136634
dyf2,4,37.286319,6.518174
dxf2,4,36.996712,6.466392
csxy,4,39.188105,6.926497
dzf2,4,161.182430,28.083813
dyf3,4,36.945916,6.461768
csyz,4,46.508262,8.219124
dxf3,4,36.615831,6.399700
dzf3,4,161.383075,28.141915
csxz,4,46.318615,8.236555
#========================= OptEWE [OpenMP] =========================
#Source type                                  :  Force monopole
#Grid Size                                    :  512 x 512 x 512
#Iterations                                   :  5
#Compute time                                 :  9.280450
#Total effective MLUPS                        :  72.312081
#===================================================================
#Number of threads                            :  22
