dxf,0,50.852010,8.001490
dzb,0,233.410422,36.430152
dyb,0,55.911511,8.740097
cvx,0,79.270985,12.201370
dyf,0,55.909180,8.742798
dzb2,0,231.470753,36.183323
dxb,0,50.818114,7.975878
cvy,0,301.364399,41.445436
dzf,0,231.726830,36.231185
dxb2,0,52.227691,8.157312
dyb2,0,56.161517,8.763859
cvz,0,79.183379,12.479813
dzb3,0,231.532560,36.230000
dxb3,0,51.956890,8.132233
dyb3,0,56.100859,8.756086
csxxsyyszz,0,208.833587,31.098801
dyf2,0,56.000099,8.740481
dxf2,0,50.718664,7.973559
csxy,0,48.325276,7.934768
dzf2,0,231.936492,36.296567
dyf3,0,55.505084,8.688128
csyz,0,57.078678,9.429470
dxf3,0,52.564077,8.227373
dzf3,0,232.205115,36.241859
csxz,0,57.038486,9.360112
dxf,1,50.556909,7.957123
dzb,1,231.249190,36.145836
dyb,1,55.866037,8.725393
cvx,1,77.576752,11.960567
dyf,1,55.626769,8.706687
dzb2,1,231.720727,36.210465
dxb,1,51.071047,8.016106
cvy,1,76.548124,11.834045
dzf,1,232.385401,36.340756
dxb2,1,52.296262,8.172138
dyb2,1,56.321612,8.823193
cvz,1,79.287909,12.523207
dzb3,1,231.892001,36.233000
dxb3,1,51.807500,8.174466
dyb3,1,55.971857,8.752599
csxxsyyszz,1,209.111340,31.094038
dyf2,1,55.782907,8.718893
dxf2,1,50.874174,7.998496
csxy,1,48.296996,7.912980
dzf2,1,230.969237,36.098400
dyf3,1,55.398296,8.676393
csyz,1,57.112508,9.383028
dxf3,1,52.519031,8.225915
dzf3,1,232.171862,36.250560
csxz,1,56.907901,9.373737
dxf,2,50.538301,7.963062
dzb,2,231.173278,36.242735
dyb,2,55.840476,8.744055
cvx,2,77.587789,11.988541
dyf,2,55.798760,8.776068
dzb2,2,231.369643,36.178938
dxb,2,50.956634,8.024567
cvy,2,76.268526,11.804999
dzf,2,231.425660,36.214639
dxb2,2,52.242888,8.179640
dyb2,2,55.838183,8.730226
cvz,2,79.219778,12.501198
dzb3,2,231.836088,36.246402
dxb3,2,51.869605,8.127624
dyb3,2,56.112986,8.766203
csxxsyyszz,2,208.963844,31.119691
dyf2,2,56.068522,8.755631
dxf2,2,50.898734,8.000522
csxy,2,48.349438,7.937527
dzf2,2,230.982274,36.202115
dyf3,2,55.448815,8.679563
csyz,2,57.151823,9.437073
dxf3,2,52.533431,8.237290
dzf3,2,232.125847,36.268547
csxz,2,56.916951,9.449931
dxf,3,50.594150,7.969187
dzb,3,231.143086,36.201545
dyb,3,55.857499,8.741698
cvx,3,77.649218,11.983412
dyf,3,55.668664,8.716541
dzb2,3,231.261517,36.247637
dxb,3,50.810523,7.985557
cvy,3,76.309871,11.801982
dzf,3,231.794254,36.294453
dxb2,3,52.303935,8.183628
dyb2,3,55.934152,8.753081
cvz,3,79.394970,12.601991
dzb3,3,231.752627,36.270529
dxb3,3,51.923880,8.172133
dyb3,3,56.040719,8.781363
csxxsyyszz,3,209.237120,31.207071
dyf2,3,55.940762,8.806867
dxf2,3,50.783085,8.010055
csxy,3,48.260969,7.935310
dzf2,3,230.910858,36.286222
dyf3,3,55.490258,8.714647
csyz,3,58.116254,9.547168
dxf3,3,52.535657,8.238491
dzf3,3,231.948323,36.427209
csxz,3,56.976375,9.388208
dxf,4,50.631249,7.985619
dzb,4,231.104615,36.271521
dyb,4,55.756167,8.723639
cvx,4,77.555432,12.002562
dyf,4,55.484025,8.716589
dzb2,4,231.447902,36.186829
dxb,4,50.955523,8.081350
cvy,4,76.347107,11.845792
dzf,4,232.208085,36.434217
dxb2,4,52.264193,8.199429
dyb2,4,56.125042,8.801350
cvz,4,79.236326,12.529488
dzb3,4,231.791583,36.359692
dxb3,4,51.865058,8.128502
dyb3,4,57.642582,8.987968
csxxsyyszz,4,206.089543,30.737189
dyf2,4,55.810393,8.743261
dxf2,4,50.842781,8.005293
csxy,4,48.332091,7.943258
dzf2,4,230.912317,36.176718
dyf3,4,55.272095,8.691052
csyz,4,57.187382,9.480383
dxf3,4,52.499166,8.222803
dzf3,4,232.076849,36.313579
csxz,4,56.892393,9.438577
#========================= OptEWE [OpenMP] =========================
#Source type                                  :  Force monopole
#Grid Size                                    :  512 x 512 x 512
#Iterations                                   :  5
#Compute time                                 :  13.420377
#Total effective MLUPS                        :  50.005201
#===================================================================
#Number of threads                            :  10
