dxf,0,25.746978,5.374801
dzb,0,91.563304,20.403725
dyb,0,25.307017,5.348568
cvx,0,35.818847,7.422730
dyf,0,25.391224,5.367070
dzb2,0,91.541189,20.440261
dxb,0,24.775836,5.202806
cvy,0,297.009993,49.997881
dzf,0,91.314325,20.314246
dxb2,0,24.815669,5.221670
dyb2,0,25.575949,5.405406
cvz,0,36.641661,7.874582
dzb3,0,91.320215,20.370913
dxb3,0,24.813330,5.226785
dyb3,0,25.606065,5.416157
csxxsyyszz,0,96.022768,18.833322
dyf2,0,25.474841,5.360449
dxf2,0,24.676714,5.246293
csxy,0,23.982372,5.352865
dzf2,0,91.317664,20.415266
dyf3,0,25.213253,5.324082
csyz,0,28.537181,6.382221
dxf3,0,24.401907,5.185757
dzf3,0,91.433344,20.471114
csxz,0,28.344031,6.326269
dxf,1,24.372761,5.185422
dzb,1,91.579719,20.516934
dyb,1,25.304836,5.336040
cvx,1,35.793520,7.466214
dyf,1,25.374428,5.343784
dzb2,1,91.519743,20.499807
dxb,1,24.727042,5.213007
cvy,1,35.094449,7.318734
dzf,1,91.268993,20.402177
dxb2,1,24.823854,5.237236
dyb2,1,25.654275,5.430630
cvz,1,36.696201,7.884251
dzb3,1,91.630788,20.474800
dxb3,1,24.820002,5.223894
dyb3,1,25.590325,5.416382
csxxsyyszz,1,96.080245,18.879768
dyf2,1,25.453012,5.337591
dxf2,1,24.658316,5.248072
csxy,1,23.949533,5.366252
dzf2,1,91.332341,20.470720
dyf3,1,25.176142,5.325453
csyz,1,28.527613,6.381983
dxf3,1,24.373494,5.198702
dzf3,1,91.507860,20.500343
csxz,1,28.364703,6.341875
dxf,2,24.366955,5.184538
dzb,2,91.531407,20.511523
dyb,2,25.261313,5.335283
cvx,2,35.796666,7.457074
dyf,2,25.381605,5.355401
dzb2,2,91.524918,20.503672
dxb,2,24.734477,5.222066
cvy,2,35.102192,7.336358
dzf,2,91.273972,20.420097
dxb2,2,24.857102,5.246282
dyb2,2,25.603582,5.425589
cvz,2,36.684506,7.905511
dzb3,2,91.454995,20.449041
dxb3,2,24.794669,5.231198
dyb3,2,25.621763,5.434186
csxxsyyszz,2,96.038557,18.882723
dyf2,2,25.490172,5.364855
dxf2,2,24.708478,5.266351
csxy,2,23.947307,5.357731
dzf2,2,91.164599,20.433858
dyf3,2,25.270606,5.351636
csyz,2,28.553761,6.397708
dxf3,2,24.389122,5.192420
dzf3,2,91.391718,20.500980
csxz,2,28.371596,6.340933
dxf,3,24.425583,5.205702
dzb,3,91.596796,20.522606
dyb,3,25.228569,5.328601
cvx,3,35.785066,7.480529
dyf,3,25.344967,5.343564
dzb2,3,91.471969,20.523285
dxb,3,24.888706,5.255824
cvy,3,35.082893,7.321776
dzf,3,92.682323,20.666802
dxb2,3,24.909494,5.241891
dyb2,3,25.610276,5.431275
cvz,3,36.613098,7.896144
dzb3,3,91.453857,20.455056
dxb3,3,24.831623,5.239472
dyb3,3,25.611919,5.431624
csxxsyyszz,3,96.033215,18.882408
dyf2,3,25.541959,5.377055
dxf2,3,24.652433,5.252627
csxy,3,23.945743,5.361931
dzf2,3,91.252813,20.453631
dyf3,3,25.227289,5.340944
csyz,3,28.529004,6.394657
dxf3,3,24.389795,5.194440
dzf3,3,91.443287,20.513285
csxz,3,28.407713,6.347348
dxf,4,24.451692,5.208798
dzb,4,91.508696,20.514921
dyb,4,25.291322,5.346187
cvx,4,35.748377,7.476604
dyf,4,25.443712,5.363911
dzb2,4,91.475933,20.499215
dxb,4,24.718559,5.221320
cvy,4,35.084446,7.330397
dzf,4,91.301124,20.436357
dxb2,4,24.802147,5.240884
dyb2,4,25.604812,5.431776
cvz,4,36.624520,7.885235
dzb3,4,91.408595,20.453778
dxb3,4,24.830095,5.240702
dyb3,4,25.576807,5.433532
csxxsyyszz,4,96.057094,18.900948
dyf2,4,25.472073,5.358451
dxf2,4,24.643173,5.253379
csxy,4,23.921386,5.367002
dzf2,4,91.295512,20.481362
dyf3,4,25.225444,5.341488
csyz,4,28.522027,6.383467
dxf3,4,24.415262,5.207494
dzf3,4,91.418990,20.501937
csxz,4,28.348736,6.366522
#========================= OptEWE [OpenMP] =========================
#Source type                                  :  Force monopole
#Grid Size                                    :  512 x 512 x 512
#Iterations                                   :  5
#Compute time                                 :  5.932187
#Total effective MLUPS                        :  113.126691
#===================================================================
#Number of threads                            :  24
