dxf,0,126.101938,17.174739
dzb,0,628.257294,84.154439
dyb,0,152.302349,20.524472
cvx,0,198.301621,26.972490
dyf,0,152.442111,20.580674
dzb2,0,627.723628,84.270148
dxb,0,151.128746,20.381267
cvy,0,325.310270,43.076500
dzf,0,628.356164,84.091258
dxb2,0,151.017470,20.358857
dyb2,0,152.710059,20.590943
cvz,0,230.883791,31.324934
dzb3,0,628.541928,84.233346
dxb3,0,151.154037,20.386530
dyb3,0,152.822372,20.620600
csxxsyyszz,0,299.724592,41.348425
dyf2,0,152.775410,20.613023
dxf2,0,151.404916,20.423088
csxy,0,163.867880,22.229422
dzf2,0,629.039868,84.025917
dyf3,0,152.341824,20.552667
csyz,0,196.776738,26.650452
dxf3,0,151.074030,20.387588
dzf3,0,629.216088,84.246024
csxz,0,196.316163,26.595262
dxf,1,124.878907,17.059598
dzb,1,627.997915,84.229844
dyb,1,151.875440,20.478988
cvx,1,198.018361,26.942625
dyf,1,152.675875,20.613473
dzb2,1,626.788852,84.273406
dxb,1,151.077869,20.396623
cvy,1,197.904362,26.909274
dzf,1,629.064447,84.134626
dxb2,1,150.927565,20.358341
dyb2,1,152.622540,20.592893
cvz,1,230.678083,31.318029
dzb3,1,628.222919,84.128021
dxb3,1,151.024875,20.368122
dyb3,1,152.765341,20.600257
csxxsyyszz,1,300.404217,41.424447
dyf2,1,153.039620,20.642576
dxf2,1,151.843817,20.496061
csxy,1,163.944417,22.275947
dzf2,1,627.784819,84.257279
dyf3,1,152.192234,20.537798
csyz,1,196.743863,26.634945
dxf3,1,151.215923,20.404513
dzf3,1,628.656442,84.090032
csxz,1,196.613660,26.639412
dxf,2,124.922301,17.073334
dzb,2,628.434980,84.168140
dyb,2,152.078637,20.508643
cvx,2,198.112862,26.967494
dyf,2,152.382752,20.579958
dzb2,2,628.006482,84.233361
dxb,2,150.901427,20.354691
cvy,2,197.460519,26.833296
dzf,2,626.908493,84.372847
dxb2,2,151.176453,20.627434
dyb2,2,152.893287,20.857027
cvz,2,230.880336,31.629113
dzb3,2,628.683051,84.008145
dxb3,2,150.928890,20.361002
dyb3,2,152.560770,20.576633
csxxsyyszz,2,300.640362,41.487622
dyf2,2,152.784169,20.630203
dxf2,2,151.749503,20.485438
csxy,2,164.057427,22.284014
dzf2,2,627.700877,84.151334
dyf3,2,152.255269,20.545316
csyz,2,196.724196,26.647807
dxf3,2,150.980957,20.385160
dzf3,2,626.730364,84.214146
csxz,2,196.463936,26.627684
dxf,3,125.109482,17.097023
dzb,3,628.935549,84.176033
dyb,3,151.874216,20.479567
cvx,3,198.159672,26.968416
dyf,3,152.513225,20.596960
dzb2,3,628.656836,84.244005
dxb,3,151.068828,20.374544
cvy,3,197.768732,26.859900
dzf,3,628.265487,84.242422
dxb2,3,151.419348,20.423055
dyb2,3,152.879593,20.604123
cvz,3,230.939297,31.333087
dzb3,3,627.180407,84.161451
dxb3,3,150.932868,20.352850
dyb3,3,152.541526,20.574781
csxxsyyszz,3,300.173103,41.398914
dyf2,3,152.787271,20.628513
dxf2,3,151.642582,20.628222
csxy,3,164.068298,22.290308
dzf2,3,628.391943,84.167613
dyf3,3,152.262318,20.553806
csyz,3,196.853309,26.672007
dxf3,3,151.209383,20.417713
dzf3,3,627.601685,84.281840
csxz,3,196.419427,26.627976
dxf,4,125.112060,17.104271
dzb,4,627.111508,84.304746
dyb,4,152.190077,20.526513
cvx,4,198.059560,26.952687
dyf,4,152.466478,20.593369
dzb2,4,628.736997,84.398209
dxb,4,151.259620,20.454897
cvy,4,197.541712,26.911335
dzf,4,627.647277,84.171090
dxb2,4,150.905984,20.370073
dyb2,4,152.738081,20.613690
cvz,4,230.867737,31.374004
dzb3,4,627.845552,84.406795
dxb3,4,150.921185,20.407249
dyb3,4,152.687013,20.639764
csxxsyyszz,4,301.663842,41.606711
dyf2,4,152.842846,20.636637
dxf2,4,151.906292,20.506852
csxy,4,164.039678,22.282467
dzf2,4,629.613509,84.355611
dyf3,4,152.621041,20.644721
csyz,4,196.602122,26.644427
dxf3,4,151.143801,20.402560
dzf3,4,628.307226,84.187307
csxz,4,196.289936,26.593259
#========================= OptEWE [OpenMP] =========================
#Source type                                  :  Force monopole
#Grid Size                                    :  512 x 512 x 512
#Iterations                                   :  5
#Compute time                                 :  35.376347
#Total effective MLUPS                        :  18.969981
#===================================================================
#Number of threads                            :  13
