dxf,0,55.862521,8.640805
dzb,0,289.962556,43.867547
dyb,0,65.133597,9.948428
cvx,0,97.949815,14.680599
dyf,0,64.734543,9.917503
dzb2,0,290.216585,43.871280
dxb,0,57.187966,8.813853
cvy,0,301.892799,41.374258
dzf,0,288.385166,43.620990
dxb2,0,57.275617,8.832215
dyb2,0,65.065214,9.968695
cvz,0,98.982499,15.087283
dzb3,0,289.132302,43.711140
dxb3,0,56.927055,8.792040
dyb3,0,65.247000,10.010667
csxxsyyszz,0,265.726886,38.492454
dyf2,0,65.031143,9.952191
dxf2,0,55.601664,8.621916
csxy,0,51.319088,8.262736
dzf2,0,288.073753,43.602072
dyf3,0,64.543582,9.872112
csyz,0,58.636245,9.431640
dxf3,0,55.355451,8.634965
dzf3,0,288.954659,43.738642
csxz,0,58.289793,9.381742
dxf,1,55.833600,8.666085
dzb,1,289.980689,43.857461
dyb,1,65.172988,9.965387
cvx,1,98.011484,14.664233
dyf,1,64.499413,9.898094
dzb2,1,290.026812,43.859602
dxb,1,57.131203,8.831007
cvy,1,96.090739,14.419126
dzf,1,288.392510,43.657031
dxb2,1,57.285006,8.834391
dyb2,1,65.276380,9.992035
cvz,1,98.797841,15.058643
dzb3,1,289.225412,43.739379
dxb3,1,56.871666,8.789614
dyb3,1,65.408651,10.010330
csxxsyyszz,1,267.537811,38.729578
dyf2,1,64.579263,9.892246
dxf2,1,55.769336,8.645959
csxy,1,51.424290,8.264150
dzf2,1,288.113970,43.587917
dyf3,1,64.397891,9.887881
csyz,1,58.612762,9.432014
dxf3,1,55.464925,8.603510
dzf3,1,288.937509,43.722471
csxz,1,58.330995,9.374155
dxf,2,55.742414,8.647653
dzb,2,291.651340,44.078296
dyb,2,64.966992,9.931459
cvx,2,97.937652,14.674448
dyf,2,64.281954,9.849992
dzb2,2,291.225577,44.038301
dxb,2,57.076151,8.817419
cvy,2,96.014403,14.394812
dzf,2,288.458813,43.629892
dxb2,2,57.225137,8.835949
dyb2,2,65.212422,9.996845
cvz,2,98.902038,15.058700
dzb3,2,289.154163,43.744751
dxb3,2,56.844098,8.793561
dyb3,2,65.329576,9.994328
csxxsyyszz,2,265.712633,38.433664
dyf2,2,64.373235,9.850812
dxf2,2,55.675419,8.639457
csxy,2,51.251383,8.274801
dzf2,2,288.181336,43.590035
dyf3,2,64.604709,9.913029
csyz,2,58.703644,9.431474
dxf3,2,55.305662,8.595300
dzf3,2,289.040045,43.733446
csxz,2,58.337151,9.372106
dxf,3,55.771040,8.657842
dzb,3,289.932455,43.847301
dyb,3,65.325164,10.003281
cvx,3,97.918182,14.655829
dyf,3,64.805680,9.935030
dzb2,3,289.966818,43.867694
dxb,3,57.104499,8.808127
cvy,3,96.049132,14.413985
dzf,3,288.380265,43.866615
dxb2,3,57.131155,8.882926
dyb2,3,65.454802,10.018248
cvz,3,98.903737,15.062668
dzb3,3,289.147443,43.802731
dxb3,3,56.711311,8.779008
dyb3,3,65.219731,9.994437
csxxsyyszz,3,267.595288,38.736904
dyf2,3,63.914208,9.806529
dxf2,3,55.875792,8.731573
csxy,3,51.504229,8.282584
dzf2,3,288.161526,43.694850
dyf3,3,64.541994,9.902795
csyz,3,58.637356,9.427176
dxf3,3,55.339984,8.596144
dzf3,3,288.867458,43.757940
csxz,3,58.302548,9.383188
dxf,4,55.751698,8.696898
dzb,4,289.639271,43.779448
dyb,4,65.300161,9.986539
cvx,4,97.971754,14.678321
dyf,4,64.794373,9.923970
dzb2,4,289.990801,43.863848
dxb,4,57.016599,8.807011
cvy,4,96.044417,14.433491
dzf,4,288.666532,43.663425
dxb2,4,57.202542,8.840701
dyb2,4,65.231187,9.991568
cvz,4,98.981772,15.080862
dzb3,4,289.133051,43.742799
dxb3,4,56.750881,8.780486
dyb3,4,65.436351,10.026900
csxxsyyszz,4,267.610670,38.698342
dyf2,4,64.835437,9.933206
dxf2,4,55.865403,8.664405
csxy,4,51.356066,8.261059
dzf2,4,289.314857,43.774033
dyf3,4,64.469491,9.882391
csyz,4,58.751928,9.446453
dxf3,4,55.352199,8.604960
dzf3,4,288.520897,43.693877
csxz,4,58.147132,9.378010
#========================= OptEWE [OpenMP] =========================
#Source type                                  :  Force monopole
#Grid Size                                    :  512 x 512 x 512
#Iterations                                   :  5
#Compute time                                 :  16.160994
#Total effective MLUPS                        :  41.525209
#===================================================================
#Number of threads                            :  6
