dxf,0,56.090909,7.797361
dzb,0,271.128385,37.117897
dyb,0,61.034047,8.479736
cvx,0,82.403259,11.370301
dyf,0,61.193426,8.503822
dzb2,0,270.608951,37.079022
dxb,0,56.432423,7.818201
cvy,0,272.165090,33.751699
dzf,0,270.291838,37.016938
dxb2,0,55.912136,7.775097
dyb2,0,61.772679,8.569488
cvz,0,85.278000,11.922379
dzb3,0,270.243134,37.079444
dxb3,0,55.730845,7.763453
dyb3,0,61.494920,8.533884
csxxsyyszz,0,221.879821,29.435019
dyf2,0,61.247254,8.510087
dxf2,0,55.577118,7.744964
csxy,0,56.165702,7.996228
dzf2,0,269.642167,36.952045
dyf3,0,60.821933,8.482697
csyz,0,63.988861,9.073866
dxf3,0,55.540909,7.730661
dzf3,0,270.010828,36.982052
csxz,0,63.329915,9.006732
dxf,1,55.893912,7.792175
dzb,1,271.284019,37.116472
dyb,1,61.003340,8.485032
cvx,1,82.296993,11.344861
dyf,1,61.019116,8.489163
dzb2,1,270.939890,37.096601
dxb,1,56.535868,7.856780
cvy,1,80.121968,11.078938
dzf,1,269.996966,37.369671
dxb2,1,55.624823,7.775886
dyb2,1,61.435645,8.561008
cvz,1,85.327911,11.935854
dzb3,1,271.691511,37.300233
dxb3,1,55.711537,7.754410
dyb3,1,61.356594,8.517610
csxxsyyszz,1,223.591172,29.708310
dyf2,1,61.179270,8.494450
dxf2,1,55.394439,7.727403
csxy,1,56.120512,8.061034
dzf2,1,269.835551,36.999830
dyf3,1,60.633946,8.589850
csyz,1,65.099960,9.244923
dxf3,1,55.807732,7.785546
dzf3,1,269.918151,37.122709
csxz,1,63.278135,9.019933
dxf,2,55.823779,7.788764
dzb,2,271.239249,37.261491
dyb,2,61.054992,8.499969
cvx,2,82.411034,11.436248
dyf,2,60.917018,8.497801
dzb2,2,270.738811,37.144593
dxb,2,56.421842,7.850905
cvy,2,80.096269,11.081001
dzf,2,270.099966,37.043663
dxb2,2,55.627832,7.732878
dyb2,2,61.499183,8.535086
cvz,2,85.356285,11.990350
dzb3,2,270.396455,37.147576
dxb3,2,55.811235,7.776365
dyb3,2,61.772516,8.585276
csxxsyyszz,2,224.229266,29.822244
dyf2,2,61.443634,8.538592
dxf2,2,55.610921,7.763699
csxy,2,56.174952,8.008926
dzf2,2,269.786473,37.069507
dyf3,2,60.620787,8.438756
csyz,2,63.916324,9.091236
dxf3,2,55.404482,7.766226
dzf3,2,270.084934,37.026335
csxz,2,63.296279,9.011321
dxf,3,55.982455,7.798749
dzb,3,271.272821,37.173194
dyb,3,61.608707,8.549552
cvx,3,82.319140,11.346076
dyf,3,61.035606,8.484797
dzb2,3,270.818426,37.073249
dxb,3,56.423207,7.843677
cvy,3,80.055038,11.065778
dzf,3,270.215823,36.966542
dxb2,3,55.639154,7.729816
dyb2,3,61.793804,8.567515
cvz,3,85.302710,11.918112
dzb3,3,270.516247,37.006398
dxb3,3,55.799827,7.757277
dyb3,3,61.438793,8.509638
csxxsyyszz,3,221.949809,29.379486
dyf2,3,61.146026,8.482919
dxf2,3,55.552263,7.731876
csxy,3,56.153348,7.982852
dzf2,3,270.015402,36.912569
dyf3,3,60.718135,8.464059
csyz,3,63.993122,9.098837
dxf3,3,55.578070,7.731202
dzf3,3,270.072623,37.036934
csxz,3,63.277117,9.001535
dxf,4,55.987770,7.791999
dzb,4,271.422188,37.192544
dyb,4,61.058934,8.524505
cvx,4,82.470785,11.380232
dyf,4,61.038008,8.477016
dzb2,4,270.670512,37.141193
dxb,4,56.462851,7.849431
cvy,4,80.066058,11.073892
dzf,4,270.147663,37.046729
dxb2,4,55.706577,7.764348
dyb2,4,61.592245,8.589307
cvz,4,85.313727,11.932154
dzb3,4,270.443891,37.070449
dxb3,4,55.660455,7.768173
dyb3,4,61.353013,8.529042
csxxsyyszz,4,220.432325,29.283490
dyf2,4,61.045667,8.493705
dxf2,4,55.502567,7.745772
csxy,4,56.141049,8.004334
dzf2,4,269.530661,36.976796
dyf3,4,60.661908,8.449983
csyz,4,63.966154,9.114070
dxf3,4,56.656070,7.875438
dzf3,4,270.058786,37.001900
csxz,4,63.287822,9.046138
#========================= OptEWE [OpenMP] =========================
#Source type                                  :  Force monopole
#Grid Size                                    :  512 x 512 x 512
#Iterations                                   :  5
#Compute time                                 :  15.086737
#Total effective MLUPS                        :  44.482028
#===================================================================
#Number of threads                            :  6
