dxf,0,26.315964,5.863173
dzb,0,94.833754,22.419415
dyb,0,25.358889,5.731813
cvx,0,30.280846,7.124870
dyf,0,25.292333,5.735856
dzb2,0,94.805571,22.453736
dxb,0,25.225262,5.674983
cvy,0,248.375905,46.526394
dzf,0,94.280284,22.296918
dxb2,0,25.262403,5.705794
dyb2,0,25.683062,5.816738
cvz,0,35.054269,8.278136
dzb3,0,94.375972,22.365876
dxb3,0,25.304624,5.711230
dyb3,0,25.690103,5.820354
csxxsyyszz,0,66.669793,15.140048
dyf2,0,25.508394,5.777769
dxf2,0,25.410768,5.752010
csxy,0,24.760768,5.851517
dzf2,0,94.233843,22.352561
dyf3,0,25.413951,5.777673
csyz,0,29.586687,6.993672
dxf3,0,24.993316,5.683216
dzf3,0,94.650296,22.460958
csxz,0,29.361531,6.943883
dxf,1,25.028882,5.691637
dzb,1,94.821621,22.500503
dyb,1,25.381080,5.798402
cvx,1,30.259909,7.141575
dyf,1,25.239368,5.749668
dzb2,1,94.813480,22.498201
dxb,1,25.202953,5.728071
cvy,1,30.180882,7.113846
dzf,1,94.264110,22.390794
dxb2,1,25.293291,5.728813
dyb2,1,25.631472,5.829380
cvz,1,35.058398,8.294864
dzb3,1,94.421748,22.420738
dxb3,1,25.333481,5.731817
dyb3,1,25.644442,5.839809
csxxsyyszz,1,66.647008,15.146390
dyf2,1,25.359723,5.776616
dxf2,1,25.440221,5.784941
csxy,1,24.732279,5.857507
dzf2,1,94.307285,22.401663
dyf3,1,25.411158,5.809508
csyz,1,29.558232,6.996719
dxf3,1,24.985889,5.690896
dzf3,1,95.099683,22.597204
csxz,1,29.389925,6.969560
dxf,2,24.995712,5.689889
dzb,2,94.801254,22.506039
dyb,2,25.407169,5.790835
cvx,2,30.308922,7.151485
dyf,2,25.242848,5.756421
dzb2,2,94.853332,22.523713
dxb,2,25.218071,5.745867
cvy,2,30.191386,7.122219
dzf,2,94.244260,22.392215
dxb2,2,25.297627,5.737291
dyb2,2,25.653938,5.848741
cvz,2,35.313141,8.358716
dzb3,2,94.379812,22.422455
dxb3,2,25.293726,5.729029
dyb3,2,25.683287,5.852817
csxxsyyszz,2,66.605169,15.146676
dyf2,2,25.373344,5.783243
dxf2,2,25.454496,5.791487
csxy,2,24.741306,5.864046
dzf2,2,94.266705,22.399880
dyf3,2,25.443794,5.823448
csyz,2,29.594198,7.006188
dxf3,2,25.019397,5.691102
dzf3,2,94.630032,22.508393
csxz,2,29.341917,6.958885
dxf,3,24.972429,5.692513
dzb,3,94.728819,22.509442
dyb,3,25.409558,5.782792
cvx,3,30.285044,7.155551
dyf,3,25.246222,5.757892
dzb2,3,94.806625,22.522869
dxb,3,25.222247,5.739345
cvy,3,30.178376,7.123983
dzf,3,94.359345,22.440691
dxb2,3,25.254096,5.726600
dyb2,3,25.653640,5.842498
cvz,3,35.053602,8.302374
dzb3,3,94.416447,22.440871
dxb3,3,25.284439,5.728915
dyb3,3,25.659608,5.848846
csxxsyyszz,3,66.654496,15.163040
dyf2,3,25.398401,5.789895
dxf2,3,25.424002,5.787021
csxy,3,24.729873,5.861931
dzf2,3,94.224405,22.398784
dyf3,3,25.441128,5.819305
csyz,3,29.598275,7.008824
dxf3,3,25.028676,5.698079
dzf3,3,94.603427,22.516231
csxz,3,29.337394,6.962662
dxf,4,24.977478,5.695225
dzb,4,94.789672,22.527974
dyb,4,25.373856,5.806266
cvx,4,30.230576,7.147405
dyf,4,25.240923,5.758553
dzb2,4,94.954919,22.558098
dxb,4,25.190412,5.731868
cvy,4,30.271224,7.142235
dzf,4,94.242482,22.421857
dxb2,4,25.270319,5.730981
dyb2,4,25.669443,5.845384
cvz,4,35.086881,8.310968
dzb3,4,94.405198,22.441147
dxb3,4,25.329584,5.737502
dyb3,4,25.677725,5.853808
csxxsyyszz,4,66.628541,15.160197
dyf2,4,25.370049,5.784254
dxf2,4,25.472720,5.795751
csxy,4,24.734667,5.865446
dzf2,4,94.254258,22.419381
dyf3,4,25.399673,5.806647
csyz,4,29.575727,7.004796
dxf3,4,24.953548,5.690009
dzf3,4,94.651559,22.521401
csxz,4,29.367754,7.068791
#========================= OptEWE [OpenMP] =========================
#Source type                                  :  Force monopole
#Grid Size                                    :  512 x 512 x 512
#Iterations                                   :  5
#Compute time                                 :  5.806101
#Total effective MLUPS                        :  115.583349
#===================================================================
#Number of threads                            :  23
