dxf,0,28.095673,6.077328
dzb,0,103.247564,23.493737
dyb,0,27.279108,5.988470
cvx,0,32.793438,7.453876
dyf,0,26.990983,5.962477
dzb2,0,103.266820,23.535614
dxb,0,27.028482,5.899782
cvy,0,258.213317,47.693488
dzf,0,102.848258,23.444705
dxb2,0,26.811992,5.892534
dyb2,0,27.458963,6.054228
cvz,0,37.975076,8.656978
dzb3,0,102.855688,23.471494
dxb3,0,26.904651,5.916020
dyb3,0,27.425867,6.050477
csxxsyyszz,0,65.396775,14.718422
dyf2,0,27.097271,5.977751
dxf2,0,27.030376,5.965790
csxy,0,26.686993,6.087255
dzf2,0,102.645688,23.448617
dyf3,0,27.031907,5.973585
csyz,0,31.890795,7.268806
dxf3,0,26.737414,5.894883
dzf3,0,103.009729,23.534657
csxz,0,31.802438,7.252281
dxf,1,26.632242,5.879781
dzb,1,103.211123,23.560641
dyb,1,27.249703,6.018426
cvx,1,32.750313,7.465145
dyf,1,27.009496,5.970379
dzb2,1,103.280634,23.578353
dxb,1,26.925023,5.924346
cvy,1,32.673419,7.441491
dzf,1,102.677786,23.462861
dxb2,1,26.796264,5.901518
dyb2,1,27.466118,6.061133
cvz,1,37.963655,8.665934
dzb3,1,102.802605,23.480263
dxb3,1,26.882379,5.919524
dyb3,1,27.446700,6.057321
csxxsyyszz,1,65.418747,14.739478
dyf2,1,27.043467,5.971011
dxf2,1,26.953835,5.952826
csxy,1,26.722794,6.116418
dzf2,1,102.712750,23.483196
dyf3,1,27.059231,5.979740
csyz,1,31.897556,7.273851
dxf3,1,26.750956,5.901571
dzf3,1,103.026214,23.549707
csxz,1,31.791903,7.252528
dxf,2,26.771874,5.911086
dzb,2,103.265992,23.590501
dyb,2,27.162246,5.996885
cvx,2,32.760107,7.469786
dyf,2,26.957824,5.965020
dzb2,2,103.230599,23.577622
dxb,2,27.019559,5.932307
cvy,2,32.636686,7.439484
dzf,2,102.658975,23.472382
dxb2,2,27.023964,6.012832
dyb2,2,27.531055,6.123880
cvz,2,37.993301,8.685488
dzb3,2,102.822104,23.499546
dxb3,2,26.862094,5.916496
dyb3,2,27.402401,6.040458
csxxsyyszz,2,65.409117,14.743166
dyf2,2,27.109635,5.971949
dxf2,2,27.012800,5.953761
csxy,2,26.727146,6.101067
dzf2,2,102.751525,23.499594
dyf3,2,27.040485,5.969770
csyz,2,31.919458,7.283440
dxf3,2,26.734737,5.898351
dzf3,2,103.001923,23.535571
csxz,2,31.768842,7.253524
dxf,3,26.644865,5.883281
dzb,3,103.226108,23.582249
dyb,3,27.174974,5.987162
cvx,3,32.723517,7.470947
dyf,3,26.948730,5.963008
dzb2,3,103.235782,23.591956
dxb,3,27.017402,5.937773
cvy,3,32.729621,7.456096
dzf,3,102.689224,23.481520
dxb2,3,26.789042,5.900406
dyb2,3,27.474053,6.058265
cvz,3,37.953402,8.677826
dzb3,3,102.792592,23.497867
dxb3,3,26.921804,5.930969
dyb3,3,27.423879,6.044128
csxxsyyszz,3,65.399521,14.756377
dyf2,3,27.221541,5.994840
dxf2,3,27.037323,5.953572
csxy,3,26.715443,6.102690
dzf2,3,102.736950,23.502435
dyf3,3,27.031279,5.975427
csyz,3,31.901612,7.279851
dxf3,3,26.718428,5.897019
dzf3,3,104.013729,23.730462
csxz,3,32.059393,7.281372
dxf,4,26.685703,5.884793
dzb,4,103.280767,23.594368
dyb,4,27.255515,6.000677
cvx,4,32.809818,7.495837
dyf,4,26.898240,5.944271
dzb2,4,103.214407,23.582648
dxb,4,27.013441,5.931662
cvy,4,32.687286,7.457628
dzf,4,102.705633,23.488111
dxb2,4,26.791877,5.899834
dyb2,4,27.432829,6.048939
cvz,4,37.970451,8.683185
dzb3,4,102.883777,23.525513
dxb3,4,26.944634,5.935277
dyb3,4,27.472247,6.053486
csxxsyyszz,4,65.298945,14.728079
dyf2,4,27.113409,5.972196
dxf2,4,26.993444,5.957116
csxy,4,26.734679,6.105174
dzf2,4,102.723873,23.493517
dyf3,4,27.042032,5.973258
csyz,4,31.944707,7.289685
dxf3,4,26.712069,5.894423
dzf3,4,103.122156,23.569427
csxz,4,31.759596,7.317278
#========================= OptEWE [OpenMP] =========================
#Source type                                  :  Force monopole
#Grid Size                                    :  512 x 512 x 512
#Iterations                                   :  5
#Compute time                                 :  6.235754
#Total effective MLUPS                        :  107.619485
#===================================================================
#Number of threads                            :  22
