dxf,0,83.455404,14.207178
dzb,0,408.940187,68.580016
dyb,0,101.122397,17.026238
cvx,0,130.848392,22.306676
dyf,0,96.947345,16.399805
dzb2,0,408.742076,69.056100
dxb,0,100.919615,16.992463
cvy,0,308.086296,50.093464
dzf,0,407.682412,68.913527
dxb2,0,100.909942,17.003201
dyb2,0,102.092399,17.209808
cvz,0,151.508474,25.822663
dzb3,0,407.482937,68.921154
dxb3,0,101.038282,17.022743
dyb3,0,101.995405,17.177437
csxxsyyszz,0,185.041372,32.211175
dyf2,0,101.983835,17.206059
dxf2,0,102.032045,17.195956
csxy,0,109.505830,18.635968
dzf2,0,408.137174,69.029931
dyf3,0,101.445980,17.126765
csyz,0,129.988047,22.084076
dxf3,0,101.270203,17.071034
dzf3,0,408.601257,69.127732
csxz,0,129.187071,22.001125
dxf,1,82.192384,14.087432
dzb,1,408.604488,69.072594
dyb,1,101.237007,17.081779
cvx,1,130.992160,22.424840
dyf,1,97.091546,16.491464
dzb2,1,408.940674,69.239265
dxb,1,101.035457,17.046913
cvy,1,130.704767,22.277983
dzf,1,407.404434,68.925059
dxb2,1,101.011736,17.020232
dyb2,1,102.073354,17.223038
cvz,1,151.562015,25.844790
dzb3,1,408.027339,68.949279
dxb3,1,100.918893,16.995681
dyb3,1,101.951864,17.182353
csxxsyyszz,1,185.507943,32.285945
dyf2,1,102.093653,17.231003
dxf2,1,101.836268,17.164107
csxy,1,109.640348,18.662441
dzf2,1,408.500468,69.096109
dyf3,1,101.424530,17.126959
csyz,1,130.157958,22.109227
dxf3,1,101.238505,17.063356
dzf3,1,408.820253,69.169394
csxz,1,129.102081,21.957331
dxf,2,82.384737,14.079330
dzb,2,408.684385,68.748686
dyb,2,101.062296,17.044818
cvx,2,130.936125,22.365154
dyf,2,97.242641,16.470226
dzb2,2,408.948041,69.195752
dxb,2,100.944006,17.025023
cvy,2,130.745660,22.300925
dzf,2,407.700909,68.989671
dxb2,2,101.134778,17.049678
dyb2,2,101.937381,17.195252
cvz,2,151.518197,25.834099
dzb3,2,407.427094,68.930013
dxb3,2,101.059134,17.039256
dyb3,2,102.113449,17.214952
csxxsyyszz,2,184.560071,32.140615
dyf2,2,101.864855,17.206259
dxf2,2,101.953005,17.193557
csxy,2,109.674668,18.685327
dzf2,2,408.311412,69.149901
dyf3,2,101.496026,17.151843
csyz,2,130.103189,22.123578
dxf3,2,101.279205,17.093815
dzf3,2,408.792207,69.029922
csxz,2,128.948337,21.883648
dxf,3,82.293999,14.039454
dzb,3,408.944378,68.590069
dyb,3,101.189130,17.056754
cvx,3,130.880925,22.351512
dyf,3,96.931739,16.430795
dzb2,3,408.608141,69.139236
dxb,3,100.953577,17.021812
cvy,3,131.024136,22.347496
dzf,3,407.536356,68.913873
dxb2,3,101.225905,17.048825
dyb2,3,102.081463,17.213732
cvz,3,151.344037,25.792040
dzb3,3,407.813763,69.005028
dxb3,3,101.042379,17.042072
dyb3,3,102.130091,17.249183
csxxsyyszz,3,184.224060,32.099308
dyf2,3,101.879249,17.202509
dxf2,3,101.993171,17.201940
csxy,3,109.533729,18.651324
dzf2,3,408.199107,69.095537
dyf3,3,101.327169,17.132776
csyz,3,130.092283,22.109774
dxf3,3,101.199211,17.068032
dzf3,3,408.896130,68.857857
csxz,3,128.972931,21.926514
dxf,4,82.309443,14.064013
dzb,4,408.484648,68.785699
dyb,4,101.256165,17.076532
cvx,4,131.047201,22.385423
dyf,4,97.229187,16.476418
dzb2,4,408.553088,69.147982
dxb,4,100.974079,17.040860
cvy,4,130.820325,22.328774
dzf,4,407.563789,68.786602
dxb2,4,101.054934,17.008501
dyb2,4,102.107915,17.217088
cvz,4,151.461753,25.852689
dzb3,4,407.657143,68.949996
dxb3,4,100.913725,17.007920
dyb3,4,102.008999,17.224808
csxxsyyszz,4,185.111631,32.241718
dyf2,4,101.917288,17.205221
dxf2,4,102.226629,17.249269
csxy,4,109.643858,18.666249
dzf2,4,408.310795,69.108094
dyf3,4,101.356017,17.144665
csyz,4,130.247778,22.130898
dxf3,4,101.523522,17.131478
dzf3,4,409.177615,68.756273
csxz,4,129.208747,21.967001
#========================= OptEWE [OpenMP] =========================
#Source type                                  :  Force monopole
#Grid Size                                    :  512 x 512 x 512
#Iterations                                   :  5
#Compute time                                 :  23.234921
#Total effective MLUPS                        :  28.882760
#===================================================================
#Number of threads                            :  20
