dxf,0,48.706634,7.798906
dzb,0,188.470403,31.060542
dyb,0,49.115508,7.916625
cvx,0,58.974752,9.771010
dyf,0,49.234240,7.947227
dzb2,0,188.378246,31.087491
dxb,0,48.439750,7.761017
cvy,0,210.567201,30.314227
dzf,0,187.563409,30.979842
dxb2,0,48.263786,7.743924
dyb2,0,49.356290,7.976000
cvz,0,68.100046,11.339022
dzb3,0,187.458026,30.908009
dxb3,0,48.248479,7.750997
dyb3,0,49.406152,7.990960
csxxsyyszz,0,136.848703,21.901246
dyf2,0,49.452144,7.975612
dxf2,0,48.742283,7.816312
csxy,0,48.617436,8.062351
dzf2,0,187.359741,30.951531
dyf3,0,49.219019,7.954179
csyz,0,57.950663,9.593658
dxf3,0,48.325108,7.779617
dzf3,0,188.227916,31.048442
csxz,0,57.481552,9.531342
dxf,1,48.306602,7.761663
dzb,1,188.365515,31.088116
dyb,1,49.073069,7.913513
cvx,1,59.039844,9.787911
dyf,1,49.191368,7.964058
dzb2,1,188.363854,31.084496
dxb,1,48.431803,7.776573
cvy,1,58.769827,9.740609
dzf,1,187.217345,30.907205
dxb2,1,48.303003,7.747922
dyb2,1,49.339130,7.981451
cvz,1,68.137124,11.344709
dzb3,1,187.524103,30.938748
dxb3,1,48.211986,7.745737
dyb3,1,49.359287,7.997051
csxxsyyszz,1,136.879147,21.905498
dyf2,1,49.377504,7.973377
dxf2,1,48.901488,7.846977
csxy,1,48.680369,8.076681
dzf2,1,187.162625,30.892849
dyf3,1,49.242538,7.962084
csyz,1,57.991397,9.615760
dxf3,1,48.195401,7.760664
dzf3,1,187.989342,31.019981
csxz,1,57.481896,9.535418
dxf,2,48.314111,7.779780
dzb,2,188.239266,31.066909
dyb,2,49.109602,7.939747
cvx,2,59.158440,9.858972
dyf,2,49.310987,7.971701
dzb2,2,188.339499,31.077999
dxb,2,48.357572,7.773359
cvy,2,58.829105,9.759748
dzf,2,187.345586,30.930731
dxb2,2,48.205720,7.738102
dyb2,2,49.330945,7.990887
cvz,2,68.108948,11.324572
dzb3,2,188.816967,31.139768
dxb3,2,48.458620,7.806199
dyb3,2,49.359934,8.007439
csxxsyyszz,2,136.846645,21.905999
dyf2,2,49.431565,7.982834
dxf2,2,48.978981,7.873493
csxy,2,48.744935,8.090928
dzf2,2,187.181701,30.900454
dyf3,2,49.116917,7.955496
csyz,2,57.897614,9.629649
dxf3,2,48.275689,7.760679
dzf3,2,188.182545,31.051109
csxz,2,58.082584,9.632996
dxf,3,48.272461,7.761608
dzb,3,188.420111,31.119440
dyb,3,49.111135,7.935300
cvx,3,59.031619,9.790902
dyf,3,49.286829,7.963930
dzb2,3,188.336313,31.083173
dxb,3,48.366404,7.802105
cvy,3,58.810758,9.753151
dzf,3,187.327675,30.935950
dxb2,3,48.358991,7.760651
dyb2,3,49.369209,7.999748
cvz,3,68.181108,11.329143
dzb3,3,187.615343,30.979610
dxb3,3,48.281816,7.784598
dyb3,3,49.355790,7.976645
csxxsyyszz,3,136.776832,21.884540
dyf2,3,49.335933,7.976217
dxf2,3,48.815485,7.877843
csxy,3,48.709602,8.068015
dzf2,3,187.242328,30.914426
dyf3,3,49.117939,7.974442
csyz,3,57.922068,9.619849
dxf3,3,48.395875,7.775523
dzf3,3,188.140382,31.073983
csxz,3,57.541272,9.580012
dxf,4,48.307535,7.775581
dzb,4,188.346683,31.084017
dyb,4,49.182146,7.955212
cvx,4,58.970099,9.798619
dyf,4,49.366237,7.984626
dzb2,4,188.296374,31.092438
dxb,4,48.398654,7.805009
cvy,4,58.865107,9.744382
dzf,4,187.313765,30.955953
dxb2,4,48.821056,7.967596
dyb2,4,49.326535,8.225199
cvz,4,68.050127,11.641918
dzb3,4,187.105168,31.875196
dxb3,4,48.335644,8.019246
dyb3,4,49.381298,8.245587
csxxsyyszz,4,136.573021,22.533558
dyf2,4,49.322648,8.229629
dxf2,4,48.857234,8.105659
csxy,4,48.633304,8.301826
dzf2,4,186.869957,31.839708
dyf3,4,49.122392,8.226676
csyz,4,57.988694,9.791735
dxf3,4,48.184886,7.749214
dzf3,4,188.051676,31.067002
csxz,4,57.612489,9.605082
#========================= OptEWE [OpenMP] =========================
#Source type                                  :  Force monopole
#Grid Size                                    :  512 x 512 x 512
#Iterations                                   :  5
#Compute time                                 :  11.153874
#Total effective MLUPS                        :  60.166415
#===================================================================
#Number of threads                            :  10
