dxf,0,81.457515,12.995418
dzb,0,425.890982,66.215573
dyb,0,100.742469,15.758542
cvx,0,134.367901,21.043272
dyf,0,101.228833,15.861722
dzb2,0,425.826755,66.256323
dxb,0,99.815648,15.588906
cvy,0,312.586690,46.295183
dzf,0,425.787304,66.252553
dxb2,0,99.987055,15.621121
dyb2,0,101.354374,15.873275
cvz,0,157.155289,24.585165
dzb3,0,425.483675,66.190984
dxb3,0,100.073578,15.615770
dyb3,0,101.201428,15.850305
csxxsyyszz,0,205.528285,33.127038
dyf2,0,101.599591,15.920680
dxf2,0,100.174819,15.683374
csxy,0,110.958907,17.394913
dzf2,0,425.879535,66.246084
dyf3,0,101.241917,15.870899
csyz,0,133.080251,20.809068
dxf3,0,100.089075,15.651674
dzf3,0,425.922224,66.293496
csxz,0,132.642831,20.747838
dxf,1,80.508699,12.870714
dzb,1,425.886140,66.236015
dyb,1,100.633512,15.742361
cvx,1,134.130218,21.019610
dyf,1,101.555325,15.916085
dzb2,1,425.950740,66.295440
dxb,1,100.017369,15.629062
cvy,1,133.752991,20.936677
dzf,1,425.950320,66.181780
dxb2,1,99.985832,15.620063
dyb2,1,101.307701,15.872482
cvz,1,156.541660,24.472885
dzb3,1,425.669704,66.156871
dxb3,1,99.918873,15.615662
dyb3,1,101.479018,15.892550
csxxsyyszz,1,205.181145,33.059440
dyf2,1,101.294261,15.867672
dxf2,1,100.477735,15.714545
csxy,1,110.742957,17.355868
dzf2,1,425.615104,66.204079
dyf3,1,101.107644,15.831567
csyz,1,132.955880,20.780061
dxf3,1,99.996505,15.635839
dzf3,1,425.847902,66.224708
csxz,1,132.678717,20.740084
dxf,2,80.669893,12.891565
dzb,2,425.410670,66.164807
dyb,2,100.618671,15.740040
cvx,2,134.049119,20.987188
dyf,2,101.133483,15.839540
dzb2,2,426.289039,66.289189
dxb,2,99.774083,15.588836
cvy,2,134.089046,20.974952
dzf,2,425.793589,66.209032
dxb2,2,100.096395,15.643128
dyb2,2,101.280049,15.853646
cvz,2,156.335639,24.437461
dzb3,2,425.890190,66.228167
dxb3,2,99.871326,15.600815
dyb3,2,101.377355,15.855959
csxxsyyszz,2,205.255652,33.052604
dyf2,2,101.395216,15.886070
dxf2,2,100.367532,15.692881
csxy,2,110.922302,17.385709
dzf2,2,425.838596,66.224507
dyf3,2,100.995262,15.822343
csyz,2,133.552838,20.867259
dxf3,2,100.094968,15.634686
dzf3,2,426.127946,66.276210
csxz,2,132.723256,20.743703
dxf,3,80.852337,12.911107
dzb,3,426.102479,66.271005
dyb,3,100.742084,15.767123
cvx,3,134.048865,20.994910
dyf,3,101.335504,15.874132
dzb2,3,425.955778,66.267545
dxb,3,99.953700,15.615538
cvy,3,133.978399,20.965386
dzf,3,426.408670,66.294217
dxb2,3,99.857440,15.604949
dyb2,3,101.559691,15.884108
cvz,3,156.270298,24.433305
dzb3,3,425.491378,66.191186
dxb3,3,99.954107,15.619684
dyb3,3,101.121745,15.832302
csxxsyyszz,3,205.138316,33.045354
dyf2,3,101.396522,15.879261
dxf2,3,100.416682,15.692813
csxy,3,110.827224,17.358808
dzf2,3,425.289646,66.274218
dyf3,3,101.007924,15.831521
csyz,3,132.940042,20.777461
dxf3,3,100.057681,15.638794
dzf3,3,426.185392,66.269337
csxz,3,132.663152,20.742849
dxf,4,80.579814,12.878398
dzb,4,426.064895,66.299877
dyb,4,100.688596,15.783184
cvx,4,134.195001,21.065531
dyf,4,101.114264,15.881197
dzb2,4,425.886094,66.366167
dxb,4,100.035595,15.658758
cvy,4,134.186737,21.036484
dzf,4,425.719560,66.225686
dxb2,4,100.047702,15.628652
dyb2,4,101.375773,15.871829
cvz,4,156.210390,24.431848
dzb3,4,425.738377,66.289308
dxb3,4,100.027711,15.663407
dyb3,4,102.186777,16.076731
csxxsyyszz,4,205.404326,33.158162
dyf2,4,101.496301,15.882693
dxf2,4,100.491610,15.701814
csxy,4,110.688863,17.332690
dzf2,4,425.623419,66.127748
dyf3,4,101.021002,15.828789
csyz,4,133.023614,20.784323
dxf3,4,100.122377,15.651974
dzf3,4,425.823023,66.262224
csxz,4,132.573096,20.733284
#========================= OptEWE [OpenMP] =========================
#Source type                                  :  Force monopole
#Grid Size                                    :  512 x 512 x 512
#Iterations                                   :  5
#Compute time                                 :  23.929649
#Total effective MLUPS                        :  28.044232
#===================================================================
#Number of threads                            :  14
