dxf,0,64.376845,12.618715
dzb,0,323.797241,63.004216
dyb,0,78.099996,15.149324
cvx,0,102.764241,20.129810
dyf,0,75.076942,14.664013
dzb2,0,323.414596,63.014969
dxb,0,77.988011,15.100428
cvy,0,230.520967,42.927574
dzf,0,322.747942,62.887659
dxb2,0,77.911558,15.103624
dyb2,0,79.080763,15.342400
cvz,0,120.353971,23.571990
dzb3,0,322.757553,62.917300
dxb3,0,77.935529,15.105064
dyb3,0,78.844173,15.302545
csxxsyyszz,0,144.218226,29.168753
dyf2,0,79.045977,15.367001
dxf2,0,78.832087,15.274086
csxy,0,85.694030,16.776083
dzf2,0,323.094514,62.994357
dyf3,0,78.257486,15.208975
csyz,0,102.627302,20.039954
dxf3,0,78.325090,15.187724
dzf3,0,324.090127,63.184277
csxz,0,102.008461,19.955282
dxf,1,63.455057,12.546895
dzb,1,323.593064,63.099775
dyb,1,78.166302,15.174521
cvx,1,102.921073,20.184529
dyf,1,75.030988,14.673308
dzb2,1,323.346155,63.070158
dxb,1,77.999247,15.131483
cvy,1,102.808207,20.135580
dzf,1,322.889698,62.979933
dxb2,1,78.064807,15.144328
dyb2,1,78.954742,15.320304
cvz,1,120.520355,23.607788
dzb3,1,322.897743,62.978637
dxb3,1,78.056097,15.137394
dyb3,1,78.885856,15.311991
csxxsyyszz,1,144.779473,29.285242
dyf2,1,78.766410,15.313174
dxf2,1,78.844789,15.286403
csxy,1,85.652502,16.779399
dzf2,1,322.997285,62.908206
dyf3,1,78.444971,15.206312
csyz,1,102.622690,20.063845
dxf3,1,78.324081,15.188385
dzf3,1,323.537569,63.095797
csxz,1,102.086725,19.981022
dxf,2,63.548801,12.567019
dzb,2,323.660684,63.094786
dyb,2,78.137543,15.172967
cvx,2,102.844333,20.171704
dyf,2,74.972100,14.660991
dzb2,2,323.545035,63.110071
dxb,2,77.992047,15.125767
cvy,2,102.851754,20.143862
dzf,2,322.867516,62.973613
dxb2,2,77.977557,15.132704
dyb2,2,78.936053,15.329998
cvz,2,120.528385,23.629490
dzb3,2,322.887599,62.971800
dxb3,2,77.932787,15.113781
dyb3,2,78.867055,15.314380
csxxsyyszz,2,144.465405,29.213551
dyf2,2,78.890239,15.331455
dxf2,2,78.731629,15.262987
csxy,2,85.618479,16.776916
dzf2,2,323.442597,63.077027
dyf3,2,78.299286,15.233737
csyz,2,102.683756,20.077636
dxf3,2,78.193153,15.175580
dzf3,2,323.588714,62.971358
csxz,2,102.106269,19.962634
dxf,3,63.449673,12.548515
dzb,3,323.823162,63.154109
dyb,3,78.062274,15.164816
cvx,3,102.791622,20.159512
dyf,3,75.000727,14.667025
dzb2,3,323.448095,63.064166
dxb,3,78.031429,15.120418
cvy,3,102.755852,20.110258
dzf,3,323.027423,63.003391
dxb2,3,77.870170,15.107552
dyb2,3,79.074765,15.363201
cvz,3,120.417643,23.604695
dzb3,3,322.874849,63.012663
dxb3,3,77.904231,15.117242
dyb3,3,78.946570,15.333520
csxxsyyszz,3,144.829107,29.299622
dyf2,3,78.768608,15.313109
dxf2,3,79.194753,15.360237
csxy,3,85.673933,16.784335
dzf2,3,322.843398,62.971525
dyf3,3,78.292597,15.235250
csyz,3,102.693038,20.070687
dxf3,3,78.168112,15.159728
dzf3,3,324.071181,63.228920
csxz,3,102.193792,20.004311
dxf,4,63.504070,12.564280
dzb,4,323.708951,63.167567
dyb,4,78.058585,15.164099
cvx,4,102.821004,20.170094
dyf,4,75.049580,14.674264
dzb2,4,323.601741,63.136689
dxb,4,78.030384,15.150208
cvy,4,102.876832,20.159531
dzf,4,322.825135,62.946416
dxb2,4,78.017577,15.118343
dyb2,4,79.104098,15.378666
cvz,4,120.438601,23.585110
dzb3,4,322.729325,62.867596
dxb3,4,77.948442,15.080063
dyb3,4,78.925040,15.324653
csxxsyyszz,4,144.849802,29.302568
dyf2,4,78.802669,15.329089
dxf2,4,78.758952,15.272837
csxy,4,85.647161,16.780198
dzf2,4,322.926749,63.001861
dyf3,4,78.411294,15.263861
csyz,4,102.592204,20.064420
dxf3,4,78.216609,15.187343
dzf3,4,323.110807,63.063896
csxz,4,101.976556,19.988297
#========================= OptEWE [OpenMP] =========================
#Source type                                  :  Force monopole
#Grid Size                                    :  512 x 512 x 512
#Iterations                                   :  5
#Compute time                                 :  18.246687
#Total effective MLUPS                        :  36.778657
#===================================================================
#Number of threads                            :  20
