dxf,0,80.861237,9.839432
dzb,0,438.052997,51.768654
dyb,0,93.964707,11.359962
cvx,0,133.607455,15.891864
dyf,0,94.312064,11.367919
dzb2,0,438.223087,51.882998
dxb,0,81.935655,9.953454
cvy,0,397.313188,44.732336
dzf,0,438.262029,52.592438
dxb2,0,86.880268,10.606427
dyb2,0,94.231757,11.473575
cvz,0,135.444966,16.400951
dzb3,0,438.362652,51.988688
dxb3,0,82.264474,10.002356
dyb3,0,94.249291,11.372747
csxxsyyszz,0,365.264739,42.398079
dyf2,0,93.506677,11.332394
dxf2,0,81.729858,9.966365
csxy,0,76.775241,9.572790
dzf2,0,438.457898,51.867326
dyf3,0,93.275265,11.260656
csyz,0,87.558169,10.818721
dxf3,0,80.299032,9.788525
dzf3,0,435.887011,51.618197
csxz,0,86.956977,10.742274
dxf,1,80.831764,9.853466
dzb,1,437.315309,51.754248
dyb,1,94.631919,11.441220
cvx,1,133.349918,15.881234
dyf,1,94.127855,11.524166
dzb2,1,437.461163,51.912887
dxb,1,81.788315,9.965118
cvy,1,129.507584,15.486166
dzf,1,435.208842,51.606481
dxb2,1,86.632124,10.486917
dyb2,1,94.071221,11.360202
cvz,1,134.801051,16.201029
dzb3,1,436.665663,51.794727
dxb3,1,82.022638,9.975027
dyb3,1,94.245931,11.363752
csxxsyyszz,1,364.320888,42.189303
dyf2,1,93.525522,11.291607
dxf2,1,81.616360,9.954369
csxy,1,76.779691,9.585403
dzf2,1,435.770684,51.632094
dyf3,1,93.205918,11.261114
csyz,1,87.538279,10.827575
dxf3,1,80.375113,9.809807
dzf3,1,435.434806,51.576977
csxz,1,86.723763,10.715312
dxf,2,80.858931,9.861215
dzb,2,437.834149,51.778001
dyb,2,94.815615,11.421084
cvx,2,133.560705,15.876905
dyf,2,94.395087,11.367848
dzb2,2,438.321922,51.861950
dxb,2,81.954799,9.949238
cvy,2,129.821144,15.475844
dzf,2,438.188673,51.878301
dxb2,2,86.854932,10.480824
dyb2,2,94.824842,11.430344
cvz,2,136.988262,16.418117
dzb3,2,438.330262,51.793949
dxb3,2,82.246494,10.022200
dyb3,2,94.908853,11.421811
csxxsyyszz,2,365.677171,42.319285
dyf2,2,94.210019,11.344579
dxf2,2,81.851943,9.974226
csxy,2,76.912458,9.572026
dzf2,2,437.567440,51.707961
dyf3,2,92.842901,11.197693
csyz,2,87.686139,10.820248
dxf3,2,82.051502,9.964984
dzf3,2,436.641896,51.655582
csxz,2,87.021427,10.720013
dxf,3,80.773847,9.822518
dzb,3,437.909760,51.819861
dyb,3,93.956302,11.319632
cvx,3,133.877235,15.916267
dyf,3,94.436956,11.401541
dzb2,3,438.550831,51.865861
dxb,3,82.055515,9.955214
cvy,3,129.811402,15.491777
dzf,3,436.702819,51.619668
dxb2,3,86.828521,10.477143
dyb2,3,94.638191,11.427808
cvz,3,135.416524,16.212669
dzb3,3,438.547570,51.860616
dxb3,3,82.303381,10.008924
dyb3,3,94.854764,11.423329
csxxsyyszz,3,365.584033,42.336647
dyf2,3,93.508091,11.298730
dxf2,3,81.822505,9.963122
csxy,3,76.866667,9.562509
dzf2,3,437.825099,51.757233
dyf3,3,92.796450,11.219732
csyz,3,87.663278,10.817303
dxf3,3,80.464328,9.801806
dzf3,3,436.295996,51.642179
csxz,3,86.837782,10.718545
dxf,4,80.732718,9.830685
dzb,4,437.887493,51.811241
dyb,4,94.845982,11.399795
cvx,4,133.571623,15.881666
dyf,4,93.269467,11.279224
dzb2,4,438.281869,51.833927
dxb,4,82.011715,9.962348
cvy,4,129.825453,15.522317
dzf,4,436.874979,51.652236
dxb2,4,86.856233,10.499117
dyb2,4,94.275853,11.391051
cvz,4,135.380210,16.201033
dzb3,4,438.394407,51.883728
dxb3,4,82.369316,10.004072
dyb3,4,96.706927,11.620373
csxxsyyszz,4,365.723801,42.321443
dyf2,4,94.308690,11.390721
dxf2,4,81.905742,9.956358
csxy,4,76.869267,9.566897
dzf2,4,437.907722,51.798796
dyf3,4,93.451886,11.280011
csyz,4,87.676750,10.814656
dxf3,4,80.461934,9.801269
dzf3,4,436.651105,51.680598
csxz,4,87.072219,10.772882
#========================= OptEWE [OpenMP] =========================
#Source type                                  :  Force monopole
#Grid Size                                    :  512 x 512 x 512
#Iterations                                   :  5
#Compute time                                 :  23.766142
#Total effective MLUPS                        :  28.237172
#===================================================================
#Number of threads                            :  4
