dxf,0,121.890350,14.396315
dzb,0,711.088960,81.682727
dyb,0,149.021705,17.383110
cvx,0,249.916614,28.609229
dyf,0,147.599545,17.257259
dzb2,0,709.979744,81.565911
dxb,0,126.195743,14.840816
cvy,0,615.754928,67.848931
dzf,0,707.082413,81.278074
dxb2,0,139.120667,16.237651
dyb2,0,149.023044,17.394369
cvz,0,250.012362,28.724882
dzb3,0,707.657862,81.314028
dxb3,0,137.020339,16.018318
dyb3,0,148.986610,17.393441
csxxsyyszz,0,682.459347,76.792015
dyf2,0,147.586265,17.237382
dxf2,0,121.323638,14.333204
csxy,0,103.955616,12.576154
dzf2,0,705.418600,81.093703
dyf3,0,147.115498,17.196221
csyz,0,119.462345,14.316846
dxf3,0,130.177293,15.285846
dzf3,0,706.581344,81.237017
csxz,0,118.833732,14.253982
dxf,1,121.833138,14.385348
dzb,1,709.594399,81.554451
dyb,1,148.940657,17.378271
cvx,1,249.647252,28.585853
dyf,1,147.374018,17.225574
dzb2,1,709.608776,81.537764
dxb,1,126.365241,14.865068
cvy,1,247.755102,28.366963
dzf,1,706.789269,81.205518
dxb2,1,139.183896,16.265760
dyb2,1,149.049578,17.395615
cvz,1,250.102303,28.737201
dzb3,1,708.768565,81.466955
dxb3,1,136.959847,16.010035
dyb3,1,149.099143,17.393007
csxxsyyszz,1,682.270138,76.754765
dyf2,1,147.671275,17.238639
dxf2,1,121.177661,14.313002
csxy,1,103.998271,12.591838
dzf2,1,705.590054,81.104306
dyf3,1,147.332498,17.213429
csyz,1,119.685950,14.340429
dxf3,1,130.075047,15.272732
dzf3,1,707.026592,81.274151
csxz,1,118.817383,14.240510
dxf,2,121.701064,14.374330
dzb,2,709.407919,81.506827
dyb,2,148.824359,17.363089
cvx,2,249.753945,28.845212
dyf,2,147.445728,17.219607
dzb2,2,709.131253,81.509200
dxb,2,127.823446,15.051086
cvy,2,246.062808,28.189074
dzf,2,706.607808,81.210867
dxb2,2,139.162454,16.239814
dyb2,2,149.110270,17.408624
cvz,2,251.283009,29.153422
dzb3,2,710.338842,82.220596
dxb3,2,137.216984,16.136939
dyb3,2,150.533051,17.585379
csxxsyyszz,2,683.787863,77.115547
dyf2,2,147.934300,17.309678
dxf2,2,121.115091,14.320628
csxy,2,103.784807,12.564139
dzf2,2,705.178361,81.064839
dyf3,2,147.366910,17.223631
csyz,2,119.521316,14.324407
dxf3,2,129.888478,15.245536
dzf3,2,706.568004,81.249954
csxz,2,118.786376,14.277380
dxf,3,121.788247,14.406906
dzb,3,709.172284,81.562167
dyb,3,149.093916,17.399803
cvx,3,249.849070,28.595524
dyf,3,147.320138,17.223108
dzb2,3,709.131881,81.486706
dxb,3,126.334117,14.852031
cvy,3,246.076381,28.190877
dzf,3,705.882943,81.116506
dxb2,3,139.078060,16.228732
dyb2,3,149.043773,17.396912
cvz,3,249.973474,28.722051
dzb3,3,709.050003,81.741945
dxb3,3,137.311470,16.081000
dyb3,3,149.234512,17.474768
csxxsyyszz,3,682.602938,77.094586
dyf2,3,147.650939,17.287298
dxf2,3,121.240499,14.370449
csxy,3,103.904994,12.620127
dzf2,3,707.896908,81.355100
dyf3,3,147.527901,17.253833
csyz,3,119.820864,14.335551
dxf3,3,130.469947,15.310944
dzf3,3,710.734907,81.693336
csxz,3,119.014509,14.231946
dxf,4,121.580080,14.384752
dzb,4,711.994846,81.800641
dyb,4,149.271214,17.392691
cvx,4,252.218904,28.911088
dyf,4,147.901228,17.318464
dzb2,4,712.202456,81.818619
dxb,4,126.718397,14.894485
cvy,4,246.649810,28.290882
dzf,4,709.033960,81.424845
dxb2,4,139.540544,16.316718
dyb2,4,149.421481,17.423435
cvz,4,250.617060,28.797714
dzb3,4,710.759349,81.648603
dxb3,4,137.139036,16.024548
dyb3,4,149.283876,17.398368
csxxsyyszz,4,683.571382,76.999699
dyf2,4,147.812263,17.230048
dxf2,4,121.512537,14.319585
csxy,4,104.147649,12.610462
dzf2,4,708.247391,81.357049
dyf3,4,145.438847,16.978501
csyz,4,119.638942,14.347403
dxf3,4,130.434851,15.295709
dzf3,4,708.934889,81.539742
csxz,4,118.978653,14.257020
#========================= OptEWE [OpenMP] =========================
#Source type                                  :  Force monopole
#Grid Size                                    :  512 x 512 x 512
#Iterations                                   :  5
#Compute time                                 :  38.819080
#Total effective MLUPS                        :  17.287598
#===================================================================
#Number of threads                            :  3
