dxf,0,67.991591,12.112234
dzb,0,353.228858,61.687563
dyb,0,84.216616,14.708529
cvx,0,111.455343,19.548083
dyf,0,83.470573,14.623921
dzb2,0,353.104454,61.680633
dxb,0,83.873471,14.622229
cvy,0,268.117478,44.295116
dzf,0,352.448936,61.572404
dxb2,0,83.757635,14.606346
dyb2,0,84.986455,14.848789
cvz,0,129.497221,22.686973
dzb3,0,352.818043,61.648722
dxb3,0,83.984512,14.643070
dyb3,0,84.896555,14.847765
csxxsyyszz,0,163.844734,29.759044
dyf2,0,84.873157,14.842933
dxf2,0,84.569758,14.737263
csxy,0,93.234996,16.322871
dzf2,0,352.708105,61.643337
dyf3,0,84.346577,14.763961
csyz,0,111.427056,19.470891
dxf3,0,84.275218,14.699533
dzf3,0,353.270344,61.752152
csxz,0,110.852934,19.384417
dxf,1,67.229702,12.007078
dzb,1,353.406377,61.768340
dyb,1,84.146222,14.714581
cvx,1,110.618567,19.422200
dyf,1,83.256212,14.586978
dzb2,1,352.876596,61.658206
dxb,1,84.453549,14.715048
cvy,1,110.546462,19.381533
dzf,1,353.639023,61.792939
dxb2,1,83.952611,14.627631
dyb2,1,84.761337,14.815616
cvz,1,129.398188,22.685181
dzb3,1,352.894592,61.665213
dxb3,1,83.880427,14.623935
dyb3,1,85.054844,14.868711
csxxsyyszz,1,163.736764,29.730130
dyf2,1,84.800335,14.837347
dxf2,1,84.814251,14.789731
csxy,1,93.226115,16.337754
dzf2,1,352.658356,61.649212
dyf3,1,84.205872,14.736272
csyz,1,111.427640,19.481347
dxf3,1,84.374956,14.714845
dzf3,1,353.120558,61.744371
csxz,1,110.699914,19.372484
dxf,2,67.561521,12.097551
dzb,2,353.356766,61.868165
dyb,2,84.125025,14.727626
cvx,2,110.552501,19.444284
dyf,2,83.382805,14.625221
dzb2,2,352.929917,61.678489
dxb,2,83.816741,14.609874
cvy,2,110.501259,19.384091
dzf,2,352.637865,61.616492
dxb2,2,83.801791,14.613800
dyb2,2,84.984046,14.847750
cvz,2,129.146655,22.640345
dzb3,2,352.928319,61.673724
dxb3,2,83.883620,14.625972
dyb3,2,85.045076,14.865781
csxxsyyszz,2,163.842445,29.727970
dyf2,2,84.792120,14.832828
dxf2,2,84.758185,14.777983
csxy,2,93.379347,16.350477
dzf2,2,352.330239,61.595585
dyf3,2,84.271185,14.748314
csyz,2,111.388371,19.460435
dxf3,2,84.335796,14.706667
dzf3,2,353.338096,61.687356
csxz,2,110.769968,19.342587
dxf,3,67.282168,12.012548
dzb,3,353.114595,61.718835
dyb,3,84.226594,14.732675
cvx,3,110.540208,19.408565
dyf,3,83.327540,14.604376
dzb2,3,352.913927,61.677066
dxb,3,83.895094,14.635869
cvy,3,110.269548,19.356366
dzf,3,352.724502,61.639975
dxb2,3,83.864401,14.625951
dyb2,3,85.001290,14.859837
cvz,3,129.307374,22.657292
dzb3,3,352.977741,61.671766
dxb3,3,83.865405,14.626866
dyb3,3,84.880233,14.843430
csxxsyyszz,3,163.214605,29.633094
dyf2,3,84.753448,14.830252
dxf2,3,84.802258,14.781477
csxy,3,93.295930,16.337467
dzf2,3,352.422270,61.593754
dyf3,3,84.688514,14.820736
csyz,3,111.373087,19.476738
dxf3,3,84.732669,14.767253
dzf3,3,353.204995,61.767344
csxz,3,110.696697,19.363644
dxf,4,67.251234,12.021036
dzb,4,353.312207,61.761460
dyb,4,84.093491,14.702060
cvx,4,110.689222,19.434111
dyf,4,83.275801,14.602044
dzb2,4,352.672198,61.670062
dxb,4,83.813858,14.618246
cvy,4,110.566922,19.405728
dzf,4,352.674373,61.642796
dxb2,4,83.833744,14.622824
dyb2,4,84.834772,14.838193
cvz,4,129.242917,22.664866
dzb3,4,353.177555,61.728720
dxb3,4,83.887037,14.624841
dyb3,4,84.933604,14.840172
csxxsyyszz,4,162.900700,29.603601
dyf2,4,84.719560,14.828508
dxf2,4,84.655701,14.774880
csxy,4,93.206612,16.336666
dzf2,4,352.925856,61.706816
dyf3,4,84.434196,14.775248
csyz,4,111.351316,19.472191
dxf3,4,84.172450,14.685278
dzf3,4,353.656204,61.829688
csxz,4,110.677091,19.375852
#========================= OptEWE [OpenMP] =========================
#Source type                                  :  Force monopole
#Grid Size                                    :  512 x 512 x 512
#Iterations                                   :  5
#Compute time                                 :  19.869057
#Total effective MLUPS                        :  33.775566
#===================================================================
#Number of threads                            :  17
