dxf,0,30.401509,5.688882
dzb,0,118.733643,22.823203
dyb,0,29.148269,5.525947
cvx,0,36.783125,7.092004
dyf,0,28.996452,5.511138
dzb2,0,118.744306,22.847641
dxb,0,28.774626,5.429532
cvy,0,335.421083,52.234367
dzf,0,118.194774,22.750277
dxb2,0,28.654713,5.438545
dyb2,0,29.293896,5.573045
cvz,0,42.899385,8.287625
dzb3,0,118.493644,22.804965
dxb3,0,28.676751,5.440577
dyb3,0,29.351902,5.587987
csxxsyyszz,0,83.105892,15.556811
dyf2,0,29.085323,5.533365
dxf2,0,28.847535,5.485238
csxy,0,29.741538,5.775974
dzf2,0,118.236776,22.794695
dyf3,0,28.977203,5.527522
csyz,0,35.792395,6.933688
dxf3,0,28.637500,5.446614
dzf3,0,118.353416,22.819648
csxz,0,35.657871,6.917265
dxf,1,28.541015,5.424101
dzb,1,118.705133,22.882887
dyb,1,29.131088,5.559926
cvx,1,36.719352,7.095652
dyf,1,29.335025,5.585128
dzb2,1,118.768823,22.884401
dxb,1,28.707734,5.469900
cvy,1,36.786998,7.097712
dzf,1,118.206228,22.787328
dxb2,1,28.570283,5.421806
dyb2,1,29.371651,5.597668
cvz,1,42.852459,8.280507
dzb3,1,118.587952,22.849798
dxb3,1,29.000497,5.503780
dyb3,1,29.344653,5.589210
csxxsyyszz,1,83.106223,15.564084
dyf2,1,29.140686,5.541195
dxf2,1,28.717357,5.463118
csxy,1,29.731826,5.778164
dzf2,1,118.149449,22.782290
dyf3,1,28.932617,5.520464
csyz,1,35.786693,6.935001
dxf3,1,28.585915,5.439185
dzf3,1,118.440703,22.844127
csxz,1,35.664396,6.917206
dxf,2,28.513162,5.422253
dzb,2,118.757421,22.889008
dyb,2,29.054777,5.546885
cvx,2,36.770545,7.101916
dyf,2,28.994781,5.535345
dzb2,2,118.757759,22.893155
dxb,2,28.809116,5.470011
cvy,2,36.782258,7.104178
dzf,2,118.240737,22.802110
dxb2,2,28.602293,5.431933
dyb2,2,29.343837,5.599348
cvz,2,42.881777,8.289340
dzb3,2,118.494818,22.839752
dxb3,2,28.685644,5.445969
dyb3,2,29.367502,5.586693
csxxsyyszz,2,83.164679,15.577233
dyf2,2,29.135776,5.551188
dxf2,2,28.826369,5.492985
csxy,2,29.728221,5.777224
dzf2,2,118.218659,22.789724
dyf3,2,28.909022,5.528609
csyz,2,35.787950,6.937663
dxf3,2,28.613194,5.439368
dzf3,2,118.344612,22.841619
csxz,2,35.653314,6.914695
dxf,3,28.484483,5.425344
dzb,3,118.860397,22.910960
dyb,3,29.124903,5.544301
cvx,3,36.779012,7.102221
dyf,3,28.990266,5.525061
dzb2,3,118.706449,22.877081
dxb,3,28.727396,5.465985
cvy,3,36.732551,7.094336
dzf,3,118.184102,22.777892
dxb2,3,28.595464,5.435164
dyb2,3,29.330357,5.587669
cvz,3,42.838188,8.275194
dzb3,3,118.520790,22.826363
dxb3,3,28.755672,5.461660
dyb3,3,29.306966,5.585104
csxxsyyszz,3,83.070351,15.571659
dyf2,3,29.125989,5.549205
dxf2,3,28.796267,5.486769
csxy,3,29.791482,5.791080
dzf2,3,118.311684,22.818996
dyf3,3,28.918796,5.519996
csyz,3,35.786185,6.935628
dxf3,3,28.605715,5.446170
dzf3,3,118.352317,22.839531
csxz,3,35.635976,6.919038
dxf,4,28.516644,5.427311
dzb,4,118.714258,22.892684
dyb,4,29.098297,5.560121
cvx,4,36.759457,7.105941
dyf,4,28.929177,5.514986
dzb2,4,118.746372,22.887002
dxb,4,28.732677,5.462321
cvy,4,36.705205,7.092073
dzf,4,118.211261,22.808985
dxb2,4,28.636789,5.446240
dyb2,4,29.313462,5.583269
cvz,4,42.916102,8.301339
dzb3,4,118.590689,22.867496
dxb3,4,28.710956,5.447425
dyb3,4,29.353011,5.586896
csxxsyyszz,4,83.139669,15.566680
dyf2,4,29.142486,5.538130
dxf2,4,28.778851,5.490525
csxy,4,29.703116,5.771267
dzf2,4,118.247183,22.809142
dyf3,4,28.930337,5.516051
csyz,4,35.797901,6.936932
dxf3,4,28.592470,5.439598
dzf3,4,118.383520,22.856281
csxz,4,36.634422,7.141357
#========================= OptEWE [OpenMP] =========================
#Source type                                  :  Force monopole
#Grid Size                                    :  512 x 512 x 512
#Iterations                                   :  5
#Compute time                                 :  7.094431
#Total effective MLUPS                        :  94.593717
#===================================================================
#Number of threads                            :  23
