dxf,0,105.689715,16.123484
dzb,0,538.207455,80.648890
dyb,0,129.368290,19.520909
cvx,0,169.764649,25.926337
dyf,0,129.731743,19.624030
dzb2,0,537.724898,80.841549
dxb,0,128.528331,19.426686
cvy,0,282.336796,41.892342
dzf,0,536.881682,80.984807
dxb2,0,128.576768,19.439570
dyb2,0,130.038542,19.666359
cvz,0,198.244951,30.198157
dzb3,0,539.009188,80.336777
dxb3,0,128.492280,19.455460
dyb3,0,130.061743,19.692407
csxxsyyszz,0,254.383514,39.400378
dyf2,0,130.175560,19.730596
dxf2,0,129.050251,19.563057
csxy,0,140.587088,21.474182
dzf2,0,538.488724,81.033327
dyf3,0,129.953388,19.655945
csyz,0,168.657297,25.628344
dxf3,0,128.708474,19.484854
dzf3,0,537.972023,81.182247
csxz,0,168.534116,25.624372
dxf,1,104.638505,16.043624
dzb,1,537.511518,81.336759
dyb,1,129.277659,19.807236
cvx,1,169.840122,26.343096
dyf,1,129.759154,19.926944
dzb2,1,539.711913,80.687552
dxb,1,128.402742,19.398444
cvy,1,169.598989,25.860622
dzf,1,537.711088,81.004577
dxb2,1,128.598087,19.427708
dyb2,1,130.101280,19.683485
cvz,1,198.074452,30.202516
dzb3,1,537.476293,81.079020
dxb3,1,128.622505,19.441909
dyb3,1,129.922125,19.655184
csxxsyyszz,1,254.226958,39.324366
dyf2,1,130.100574,19.695083
dxf2,1,129.134897,19.544221
csxy,1,140.423097,21.448391
dzf2,1,538.478082,81.005674
dyf3,1,129.422769,19.588037
csyz,1,168.768909,25.665531
dxf3,1,128.846004,19.509267
dzf3,1,537.926791,81.089468
csxz,1,168.311862,25.574120
dxf,2,104.684040,16.031348
dzb,2,537.761715,80.915053
dyb,2,129.689247,19.580230
cvx,2,169.843903,25.951726
dyf,2,129.728925,19.624470
dzb2,2,538.057542,81.161245
dxb,2,128.819355,19.463737
cvy,2,169.523834,25.860191
dzf,2,537.508841,80.884732
dxb2,2,128.498393,19.422532
dyb2,2,130.012675,19.649027
cvz,2,198.100106,30.178693
dzb3,2,537.130649,80.860707
dxb3,2,128.688667,19.448198
dyb3,2,130.059081,19.653084
csxxsyyszz,2,254.462266,39.334423
dyf2,2,130.260021,19.709599
dxf2,2,129.213270,19.553617
csxy,2,140.476030,21.441266
dzf2,2,538.118805,80.788820
dyf3,2,129.416328,19.576565
csyz,2,168.474420,25.625826
dxf3,2,128.759034,19.490403
dzf3,2,538.873165,81.088559
csxz,2,168.340361,25.585259
dxf,3,104.748382,16.060348
dzb,3,538.220010,80.791182
dyb,3,129.252284,19.524618
cvx,3,169.842370,25.946649
dyf,3,129.846053,19.634507
dzb2,3,538.340229,81.061076
dxb,3,128.570301,19.415351
cvy,3,169.325184,25.815282
dzf,3,538.135673,80.808792
dxb2,3,128.585598,19.427058
dyb2,3,129.940033,19.644750
cvz,3,197.913641,30.168652
dzb3,3,537.433814,80.811498
dxb3,3,128.537388,19.437201
dyb3,3,129.986874,19.651584
csxxsyyszz,3,254.695796,39.368159
dyf2,3,130.262714,19.701618
dxf2,3,129.245234,19.553027
csxy,3,140.415045,21.408597
dzf2,3,539.921618,80.876838
dyf3,3,129.496823,19.574408
csyz,3,168.666745,25.638213
dxf3,3,128.680224,19.468451
dzf3,3,539.418151,80.914839
csxz,3,168.457416,25.551645
dxf,4,104.625317,16.007796
dzb,4,537.997695,80.635771
dyb,4,129.451973,19.531066
cvx,4,169.839429,25.928322
dyf,4,129.502638,19.583319
dzb2,4,537.895309,80.857064
dxb,4,128.649790,19.425994
cvy,4,169.675333,25.876480
dzf,4,538.776085,80.771263
dxb2,4,128.549089,19.418699
dyb2,4,130.116984,19.655303
cvz,4,198.063025,30.160665
dzb3,4,538.153337,80.700451
dxb3,4,128.604283,19.426295
dyb3,4,130.269280,19.676582
csxxsyyszz,4,254.217747,39.264724
dyf2,4,130.329851,19.698443
dxf2,4,129.188554,19.529537
csxy,4,140.660933,21.428132
dzf2,4,539.255944,80.582753
dyf3,4,129.508391,19.572202
csyz,4,168.594038,25.612533
dxf3,4,128.730676,19.449348
dzf3,4,538.661802,80.690663
csxz,4,169.160470,25.679540
#========================= OptEWE [OpenMP] =========================
#Source type                                  :  Force monopole
#Grid Size                                    :  512 x 512 x 512
#Iterations                                   :  5
#Compute time                                 :  30.245502
#Total effective MLUPS                        :  22.188047
#===================================================================
#Number of threads                            :  14
