dxf,0,26.913183,5.527055
dzb,0,98.838100,21.373739
dyb,0,26.136442,5.450731
cvx,0,31.477741,6.773914
dyf,0,25.877752,5.417076
dzb2,0,98.863342,21.399464
dxb,0,25.888563,5.379667
cvy,0,272.025271,46.483434
dzf,0,98.620289,21.328116
dxb2,0,25.521040,5.323382
dyb2,0,26.369190,5.495857
cvz,0,36.594205,7.900135
dzb3,0,98.739490,21.371915
dxb3,0,25.564805,5.332155
dyb3,0,26.365342,5.510239
csxxsyyszz,0,69.631239,14.520197
dyf2,0,25.912298,5.428626
dxf2,0,25.698187,5.387577
csxy,0,25.642460,5.549099
dzf2,0,98.726463,21.404390
dyf3,0,25.776101,5.412504
csyz,0,30.675211,6.631717
dxf3,0,25.572914,5.347699
dzf3,0,98.675853,21.411303
csxz,0,30.491840,6.598863
dxf,1,25.540400,5.344802
dzb,1,98.842246,21.434188
dyb,1,26.200976,5.465477
cvx,1,31.540872,6.797416
dyf,1,25.857139,5.418387
dzb2,1,98.893929,21.442552
dxb,1,25.895666,5.401284
cvy,1,31.526964,6.796927
dzf,1,98.685381,21.397210
dxb2,1,25.505614,5.328312
dyb2,1,26.315391,5.497919
cvz,1,36.589008,7.914419
dzb3,1,98.753236,21.399826
dxb3,1,25.555240,5.335603
dyb3,1,26.371280,5.517602
csxxsyyszz,1,69.574705,14.524822
dyf2,1,25.969573,5.448561
dxf2,1,25.712881,5.394824
csxy,1,25.621522,5.549432
dzf2,1,98.730804,21.413723
dyf3,1,25.740240,5.412243
csyz,1,30.669936,6.638244
dxf3,1,25.572505,5.352586
dzf3,1,98.723640,21.436357
csxz,1,30.510972,6.608724
dxf,2,25.502887,5.342382
dzb,2,98.886681,21.453218
dyb,2,26.101157,5.451180
cvx,2,31.612497,6.818959
dyf,2,25.794332,5.409167
dzb2,2,98.986606,21.483434
dxb,2,25.900568,5.405544
cvy,2,31.528388,6.798547
dzf,2,98.539916,21.377002
dxb2,2,25.498826,5.334213
dyb2,2,26.345440,5.505609
cvz,2,36.600349,7.918437
dzb3,2,98.680538,21.394063
dxb3,2,25.573772,5.343497
dyb3,2,26.367940,5.505955
csxxsyyszz,2,69.596123,14.536645
dyf2,2,25.932815,5.421039
dxf2,2,25.671808,5.374916
csxy,2,25.617262,5.552423
dzf2,2,98.773583,21.428558
dyf3,2,25.719931,5.394994
csyz,2,30.677896,6.642004
dxf3,2,25.561511,5.353125
dzf3,2,98.711162,21.422296
csxz,2,30.503005,6.609977
dxf,3,25.548648,5.356936
dzb,3,98.986104,21.476891
dyb,3,26.118962,5.455248
cvx,3,31.491702,6.793977
dyf,3,25.830372,5.420073
dzb2,3,98.867287,21.459268
dxb,3,25.904618,5.396915
cvy,3,31.546081,6.798897
dzf,3,98.503279,21.378905
dxb2,3,25.557493,5.336783
dyb2,3,26.375182,5.517947
cvz,3,36.665978,7.926847
dzb3,3,98.670705,21.403772
dxb3,3,25.549102,5.345203
dyb3,3,26.369969,5.510735
csxxsyyszz,3,69.523743,14.534501
dyf2,3,25.951505,5.436119
dxf2,3,25.699278,5.386854
csxy,3,25.623268,5.558351
dzf2,3,98.785355,21.437409
dyf3,3,25.714928,5.397278
csyz,3,30.673561,6.643821
dxf3,3,25.583570,5.361416
dzf3,3,98.745812,21.434753
csxz,3,30.490517,6.610487
dxf,4,25.514104,5.341425
dzb,4,98.816160,21.453729
dyb,4,26.168281,5.480736
cvx,4,31.505157,6.801534
dyf,4,25.835216,5.412358
dzb2,4,98.842854,21.458659
dxb,4,25.906950,5.402199
cvy,4,31.520600,6.797226
dzf,4,98.521909,21.396002
dxb2,4,25.546315,5.341309
dyb2,4,26.328193,5.520458
cvz,4,36.629152,7.922500
dzb3,4,98.717901,21.425609
dxb3,4,25.530231,5.334400
dyb3,4,26.357373,5.519163
csxxsyyszz,4,69.590591,14.541125
dyf2,4,26.020363,5.451034
dxf2,4,25.658567,5.385804
csxy,4,25.654592,5.559682
dzf2,4,98.832033,21.449268
dyf3,4,25.746700,5.407760
csyz,4,30.701925,6.651044
dxf3,4,25.612601,5.358488
dzf3,4,98.654698,21.426813
csxz,4,30.523706,6.720530
#========================= OptEWE [OpenMP] =========================
#Source type                                  :  Force monopole
#Grid Size                                    :  512 x 512 x 512
#Iterations                                   :  5
#Compute time                                 :  6.036086
#Total effective MLUPS                        :  111.179443
#===================================================================
#Number of threads                            :  23
