dxf,0,76.616131,9.671067
dzb,0,438.294021,53.461285
dyb,0,92.151068,11.453201
cvx,0,152.216348,18.430409
dyf,0,92.429667,11.501348
dzb2,0,438.138688,53.687422
dxb,0,80.058509,10.089324
cvy,0,443.830590,50.813365
dzf,0,436.722847,53.519985
dxb2,0,78.932529,9.951912
dyb2,0,92.848624,11.583977
cvz,0,151.895166,18.637437
dzb3,0,436.298788,53.463285
dxb3,0,78.871521,9.953586
dyb3,0,92.834250,11.608478
csxxsyyszz,0,414.267901,49.210619
dyf2,0,92.228494,11.534080
dxf2,0,76.538143,9.712616
csxy,0,64.847836,8.544808
dzf2,0,437.511149,53.603835
dyf3,0,91.817936,11.452683
csyz,0,75.686046,9.870517
dxf3,0,76.141526,9.638614
dzf3,0,435.623599,53.349809
csxz,0,75.181298,9.796391
dxf,1,76.540653,9.692083
dzb,1,437.109511,53.502352
dyb,1,92.903256,11.575226
cvx,1,151.645744,18.403276
dyf,1,91.676569,11.442320
dzb2,1,437.853438,56.063566
dxb,1,79.776128,10.543868
cvy,1,149.234422,19.091381
dzf,1,436.849771,54.052927
dxb2,1,79.482515,9.980943
dyb2,1,92.698321,11.531326
cvz,1,152.813536,18.691997
dzb3,1,437.856386,53.445906
dxb3,1,78.911765,9.917482
dyb3,1,92.594392,11.523815
csxxsyyszz,1,413.565552,48.894409
dyf2,1,92.154341,11.464024
dxf2,1,76.695216,9.677363
csxy,1,65.016554,8.518624
dzf2,1,438.279848,53.518699
dyf3,1,91.351668,11.394156
csyz,1,75.564793,9.856666
dxf3,1,76.284799,9.671665
dzf3,1,435.765228,53.439948
csxz,1,74.947328,9.772367
dxf,2,76.384285,9.663346
dzb,2,436.858948,53.489038
dyb,2,91.871725,11.452600
cvx,2,151.642776,18.410225
dyf,2,92.180892,11.500792
dzb2,2,437.914984,53.576004
dxb,2,80.113038,10.049179
cvy,2,149.327099,18.098988
dzf,2,437.196227,53.360097
dxb2,2,79.189485,9.951967
dyb2,2,93.097575,11.576683
cvz,2,152.841649,18.698165
dzb3,2,439.172823,53.596759
dxb3,2,78.973860,9.938983
dyb3,2,92.480216,11.509359
csxxsyyszz,2,414.982670,49.066462
dyf2,2,92.297557,11.487486
dxf2,2,76.864094,9.712221
csxy,2,64.990568,8.518072
dzf2,2,438.407217,53.515197
dyf3,2,91.959535,11.458974
csyz,2,75.756818,9.870277
dxf3,2,76.218013,9.645609
dzf3,2,438.254376,53.517955
csxz,2,75.173503,9.785247
dxf,3,76.703360,9.685028
dzb,3,438.224799,53.527539
dyb,3,92.769611,11.563880
cvx,3,151.632826,18.431564
dyf,3,91.748842,11.483280
dzb2,3,437.655656,53.640108
dxb,3,79.980445,10.071982
cvy,3,148.959704,18.115734
dzf,3,435.946148,53.379709
dxb2,3,80.290000,10.159010
dyb2,3,92.826962,11.575966
cvz,3,152.085111,18.662028
dzb3,3,436.372246,53.440654
dxb3,3,78.851031,9.954819
dyb3,3,92.457366,11.525204
csxxsyyszz,3,412.511637,48.876649
dyf2,3,91.576977,11.433336
dxf2,3,76.518205,9.711803
csxy,3,64.812434,8.516452
dzf2,3,436.937785,53.733121
dyf3,3,91.659558,11.457691
csyz,3,75.638163,9.879866
dxf3,3,76.108714,9.649950
dzf3,3,435.952135,53.377200
csxz,3,75.093113,9.781487
dxf,4,76.627604,9.683322
dzb,4,438.426081,53.502927
dyb,4,92.082205,11.459704
cvx,4,151.979153,18.417539
dyf,4,92.525800,11.527090
dzb2,4,439.034369,54.607138
dxb,4,80.147593,10.115212
cvy,4,149.371854,18.113810
dzf,4,437.643479,53.430510
dxb2,4,79.118524,9.962707
dyb2,4,92.710283,11.542183
cvz,4,152.834138,18.690424
dzb3,4,437.772942,53.436344
dxb3,4,79.100011,9.956958
dyb3,4,94.298893,11.712217
csxxsyyszz,4,413.694445,48.900676
dyf2,4,92.384968,11.503402
dxf2,4,76.622921,9.696237
csxy,4,64.957588,8.518056
dzf2,4,437.353048,53.520331
dyf3,4,91.915306,11.492872
csyz,4,75.619688,9.886537
dxf3,4,76.108758,9.669227
dzf3,4,435.677334,53.390536
csxz,4,75.032893,9.834576
#========================= OptEWE [OpenMP] =========================
#Source type                                  :  Force monopole
#Grid Size                                    :  512 x 512 x 512
#Iterations                                   :  5
#Compute time                                 :  23.940542
#Total effective MLUPS                        :  28.031472
#===================================================================
#Number of threads                            :  5
