dxf,0,113.112229,12.795575
dzb,0,586.443092,64.833875
dyb,0,130.901093,14.669847
cvx,0,180.520015,20.087067
dyf,0,130.218467,14.615913
dzb2,0,586.077229,64.831054
dxb,0,117.368578,13.195581
cvy,0,489.983326,51.660557
dzf,0,585.662084,64.748708
dxb2,0,136.511124,15.161637
dyb2,0,131.345296,14.707340
cvz,0,180.803078,20.209835
dzb3,0,586.397941,64.841848
dxb3,0,133.088413,14.795981
dyb3,0,131.349089,14.709987
csxxsyyszz,0,502.770879,54.629072
dyf2,0,131.430254,14.762063
dxf2,0,136.105048,15.130221
csxy,0,107.385022,12.374399
dzf2,0,586.981353,65.980246
dyf3,0,129.765353,15.102805
csyz,0,124.356580,14.651376
dxf3,0,120.125197,14.008493
dzf3,0,585.179752,66.512979
csxz,0,122.321351,13.930330
dxf,1,112.725461,12.765540
dzb,1,585.307135,64.857787
dyb,1,130.900326,14.690834
cvx,1,178.459620,19.911508
dyf,1,130.503143,14.658246
dzb2,1,584.760342,64.791020
dxb,1,117.072292,13.190923
cvy,1,173.604213,19.401634
dzf,1,582.835883,64.537346
dxb2,1,136.173421,15.180252
dyb2,1,131.235318,14.728204
cvz,1,180.291581,20.196743
dzb3,1,584.587978,64.781898
dxb3,1,133.093093,14.873522
dyb3,1,131.198145,14.745611
csxxsyyszz,1,502.682277,54.775287
dyf2,1,131.677876,14.782326
dxf2,1,136.136681,15.168141
csxy,1,107.596886,12.363030
dzf2,1,585.799011,64.924642
dyf3,1,129.477524,14.585618
csyz,1,124.402848,14.119476
dxf3,1,120.053314,13.515100
dzf3,1,586.876191,65.061786
csxz,1,122.445053,13.977621
dxf,2,112.872707,12.756224
dzb,2,586.780236,65.026575
dyb,2,131.115976,14.680183
cvx,2,178.920806,19.995642
dyf,2,130.932052,14.685963
dzb2,2,585.888974,65.020574
dxb,2,117.210255,13.257932
cvy,2,174.158670,19.435019
dzf,2,585.535043,64.904114
dxb2,2,137.077053,15.280146
dyb2,2,131.356291,14.757459
cvz,2,180.796161,20.309145
dzb3,2,586.277401,64.947918
dxb3,2,133.096693,14.888590
dyb3,2,131.376162,14.722526
csxxsyyszz,2,502.725177,54.756022
dyf2,2,130.338639,14.607678
dxf2,2,135.965987,15.196308
csxy,2,107.447091,12.342122
dzf2,2,585.224503,64.970262
dyf3,2,129.923297,14.585625
csyz,2,124.287026,14.191654
dxf3,2,120.123869,13.507781
dzf3,2,584.935473,64.837001
csxz,2,122.494958,13.992702
dxf,3,113.086675,12.828945
dzb,3,586.211286,65.029323
dyb,3,130.658697,14.666067
cvx,3,178.905280,20.023724
dyf,3,130.893976,14.681321
dzb2,3,587.310772,65.015002
dxb,3,117.246800,13.208615
cvy,3,174.084800,19.464114
dzf,3,585.036241,64.750030
dxb2,3,136.505316,15.171997
dyb2,3,131.248857,14.773021
cvz,3,180.870608,20.215520
dzb3,3,587.917339,65.053451
dxb3,3,133.103934,14.873994
dyb3,3,131.376866,14.738163
csxxsyyszz,3,502.433621,54.654484
dyf2,3,131.676196,14.749219
dxf2,3,135.959581,15.171154
csxy,3,107.589012,12.358300
dzf2,3,585.785247,64.853011
dyf3,3,130.089279,14.578006
csyz,3,124.374636,14.161310
dxf3,3,119.919196,13.475548
dzf3,3,585.884873,64.848196
csxz,3,126.450002,14.391590
dxf,4,113.305883,12.866622
dzb,4,586.518557,64.972265
dyb,4,131.250471,14.696598
cvx,4,178.888924,19.967233
dyf,4,130.755495,14.656502
dzb2,4,585.733023,64.890262
dxb,4,117.287823,13.202641
cvy,4,174.178025,19.470332
dzf,4,584.686739,64.772763
dxb2,4,136.620028,15.185365
dyb2,4,131.488074,14.774736
cvz,4,180.839772,20.227971
dzb3,4,586.325302,65.023026
dxb3,4,133.144927,14.877836
dyb3,4,131.327590,14.736461
csxxsyyszz,4,502.482490,54.920637
dyf2,4,131.721478,15.064034
dxf2,4,136.202434,15.424802
csxy,4,109.100604,12.722383
dzf2,4,585.583763,65.938775
dyf3,4,129.995757,14.990569
csyz,4,124.366817,14.472571
dxf3,4,119.608265,13.910391
dzf3,4,585.072760,66.395416
csxz,4,122.336584,14.068452
#========================= OptEWE [OpenMP] =========================
#Source type                                  :  Force monopole
#Grid Size                                    :  512 x 512 x 512
#Iterations                                   :  5
#Compute time                                 :  32.557014
#Total effective MLUPS                        :  20.612720
#===================================================================
#Number of threads                            :  3
