dxf,0,71.355058,11.864366
dzb,0,370.325216,60.181579
dyb,0,88.388777,14.394726
cvx,0,116.256225,19.048779
dyf,0,87.249331,14.277519
dzb2,0,369.922303,60.328244
dxb,0,88.199891,14.353307
cvy,0,276.091336,42.735065
dzf,0,369.841894,60.172203
dxb2,0,88.350090,14.377382
dyb2,0,89.304558,14.572835
cvz,0,135.490337,22.172325
dzb3,0,369.393178,60.261243
dxb3,0,88.176510,14.366402
dyb3,0,89.132995,14.562592
csxxsyyszz,0,170.918950,28.992250
dyf2,0,89.171301,14.564319
dxf2,0,89.016286,14.502073
csxy,0,97.695203,15.983280
dzf2,0,369.912258,60.338570
dyf3,0,88.730697,14.497733
csyz,0,117.965782,19.232883
dxf3,0,88.732480,14.447742
dzf3,0,370.314449,60.423222
csxz,0,116.081889,18.963279
dxf,1,70.637085,11.783148
dzb,1,370.065339,60.391279
dyb,1,88.420797,14.444028
cvx,1,116.114821,19.050210
dyf,1,87.331450,14.305553
dzb2,1,369.865650,60.345797
dxb,1,88.182250,14.372237
cvy,1,115.794577,18.981403
dzf,1,369.709218,60.321645
dxb2,1,88.219032,14.389381
dyb2,1,89.199353,14.580418
cvz,1,135.657656,22.231393
dzb3,1,369.701608,60.300971
dxb3,1,88.178298,14.375879
dyb3,1,89.075282,14.559893
csxxsyyszz,1,170.857474,28.983188
dyf2,1,89.087126,14.576269
dxf2,1,89.254871,14.553815
csxy,1,97.782803,16.002550
dzf2,1,369.513921,60.294511
dyf3,1,88.750242,14.529031
csyz,1,116.683575,19.056504
dxf3,1,88.537237,14.437349
dzf3,1,369.745239,60.360535
csxz,1,116.062478,18.974493
dxf,2,70.476660,11.760181
dzb,2,370.131332,60.400805
dyb,2,88.388350,14.454318
cvx,2,115.988220,19.033592
dyf,2,87.253615,14.307142
dzb2,2,370.090857,60.395444
dxb,2,88.098472,14.374122
cvy,2,116.037655,19.025873
dzf,2,369.387047,60.281152
dxb2,2,88.338196,14.400352
dyb2,2,89.409227,14.618163
cvz,2,135.678221,22.223003
dzb3,2,369.448060,60.283142
dxb3,2,88.210847,14.391844
dyb3,2,89.190352,14.586298
csxxsyyszz,2,170.436132,28.932028
dyf2,2,89.218007,14.594497
dxf2,2,89.050147,14.530219
csxy,2,97.470786,15.960841
dzf2,2,369.033219,60.215328
dyf3,2,88.617158,14.509459
csyz,2,116.778103,19.063654
dxf3,2,88.486729,14.424688
dzf3,2,370.202468,60.294238
csxz,2,115.926686,18.946705
dxf,3,70.744471,11.806834
dzb,3,370.797129,60.511075
dyb,3,88.381311,14.447889
cvx,3,116.076030,19.061307
dyf,3,87.249422,14.317973
dzb2,3,370.825807,60.509151
dxb,3,88.914328,14.496863
cvy,3,115.723770,18.978327
dzf,3,369.472388,60.232836
dxb2,3,88.440926,14.425697
dyb2,3,89.285414,14.603316
cvz,3,135.381150,22.186574
dzb3,3,369.488186,60.307616
dxb3,3,88.229165,14.397774
dyb3,3,89.217391,14.597705
csxxsyyszz,3,170.894893,28.999347
dyf2,3,89.176503,14.589912
dxf2,3,89.041409,14.530628
csxy,3,97.651279,15.991013
dzf2,3,369.556364,60.312394
dyf3,3,88.711604,14.516791
csyz,3,116.637006,19.038890
dxf3,3,88.517135,14.432104
dzf3,3,369.715582,60.341368
csxz,3,115.964666,18.949072
dxf,4,70.660475,11.791957
dzb,4,370.241996,60.418989
dyb,4,88.441325,14.463350
cvx,4,116.073575,19.058321
dyf,4,87.269970,14.311417
dzb2,4,369.735269,60.342962
dxb,4,88.292308,14.401456
cvy,4,115.816497,18.991430
dzf,4,369.234729,60.259280
dxb2,4,88.325243,14.401185
dyb2,4,89.206814,14.583476
cvz,4,135.562913,22.206961
dzb3,4,369.858137,60.200143
dxb3,4,88.220618,14.387925
dyb3,4,89.389257,14.614775
csxxsyyszz,4,171.139864,29.034792
dyf2,4,89.214407,14.598810
dxf2,4,89.221014,14.560428
csxy,4,97.713477,16.002309
dzf2,4,369.659450,60.221608
dyf3,4,88.747408,14.514885
csyz,4,116.747065,19.074293
dxf3,4,88.738763,14.468115
dzf3,4,369.967452,60.387337
csxz,4,116.135875,18.983631
#========================= OptEWE [OpenMP] =========================
#Source type                                  :  Force monopole
#Grid Size                                    :  512 x 512 x 512
#Iterations                                   :  5
#Compute time                                 :  20.827936
#Total effective MLUPS                        :  32.220602
#===================================================================
#Number of threads                            :  17
