dxf,0,103.100468,14.048911
dzb,0,532.935340,71.270494
dyb,0,127.828463,17.157131
cvx,0,167.694536,22.553054
dyf,0,128.206865,17.218058
dzb2,0,533.683038,70.923107
dxb,0,126.813501,17.007250
cvy,0,358.706640,46.379522
dzf,0,534.281552,70.906187
dxb2,0,126.952610,17.014005
dyb2,0,128.584050,17.262779
cvz,0,194.664469,26.147981
dzb3,0,534.227953,70.959623
dxb3,0,126.806830,16.997316
dyb3,0,128.539841,17.253878
csxxsyyszz,0,251.471097,34.682137
dyf2,0,128.602543,17.276886
dxf2,0,127.260903,17.079473
csxy,0,138.229709,18.605718
dzf2,0,533.384306,71.348623
dyf3,0,128.063121,17.207250
csyz,0,165.601078,22.225994
dxf3,0,126.895527,17.012303
dzf3,0,534.313539,71.032423
csxz,0,165.269417,22.177399
dxf,1,102.089150,13.941304
dzb,1,534.051158,71.024194
dyb,1,127.868565,17.149380
cvx,1,167.591953,22.550042
dyf,1,128.341738,17.231359
dzb2,1,533.121395,71.072055
dxb,1,126.928881,17.003140
cvy,1,166.996088,22.457618
dzf,1,533.249817,70.975424
dxb2,1,126.566857,16.957981
dyb2,1,128.559302,17.251051
cvz,1,195.226372,26.211617
dzb3,1,533.986385,71.119000
dxb3,1,126.473396,16.931502
dyb3,1,128.281287,17.212635
csxxsyyszz,1,251.792718,34.725375
dyf2,1,128.435249,17.245643
dxf2,1,127.375181,17.084813
csxy,1,138.218045,18.604889
dzf2,1,533.787625,70.964943
dyf3,1,128.550836,17.246083
csyz,1,165.518897,22.215212
dxf3,1,127.446943,17.091721
dzf3,1,533.610440,71.150093
csxz,1,164.986563,22.147333
dxf,2,102.022263,13.927755
dzb,2,533.759345,71.175934
dyb,2,127.753376,17.127617
cvx,2,167.295784,22.515512
dyf,2,128.306947,17.227798
dzb2,2,532.296220,71.139045
dxb,2,126.663031,16.957013
cvy,2,166.974683,22.447037
dzf,2,532.850937,71.122127
dxb2,2,126.720902,16.979115
dyb2,2,128.475065,17.244195
cvz,2,194.567854,26.131777
dzb3,2,533.105229,71.217625
dxb3,2,126.700815,16.975682
dyb3,2,128.369792,17.228707
csxxsyyszz,2,251.328067,34.668496
dyf2,2,128.354891,17.238432
dxf2,2,127.432156,17.092208
csxy,2,138.049359,18.585264
dzf2,2,532.979813,71.091920
dyf3,2,128.507789,17.274412
csyz,2,165.465105,22.262982
dxf3,2,126.955048,17.016563
dzf3,2,533.073689,71.247539
csxz,2,165.088438,22.134578
dxf,3,102.050434,13.930742
dzb,3,533.175625,71.332045
dyb,3,127.735467,17.126083
cvx,3,167.735841,22.566673
dyf,3,128.087041,17.199872
dzb2,3,532.938744,71.319977
dxb,3,126.696025,16.986423
cvy,3,167.086227,22.470872
dzf,3,532.769802,71.275419
dxb2,3,126.904213,17.015574
dyb2,3,128.411293,17.237117
cvz,3,194.614011,26.140335
dzb3,3,533.232330,71.358569
dxb3,3,126.891191,17.018289
dyb3,3,128.455452,17.250455
csxxsyyszz,3,251.099011,34.642978
dyf2,3,128.310250,17.238111
dxf2,3,127.337145,17.084276
csxy,3,137.910766,18.567229
dzf2,3,533.185237,71.321496
dyf3,3,128.012313,17.179006
csyz,3,165.610789,22.228041
dxf3,3,126.768699,17.003718
dzf3,3,532.896907,71.315750
csxz,3,165.011992,22.148907
dxf,4,101.985090,13.930990
dzb,4,533.154368,71.359347
dyb,4,127.730013,17.139337
cvx,4,167.334883,22.524611
dyf,4,127.901773,17.187668
dzb2,4,533.473941,70.923115
dxb,4,126.534662,16.955644
cvy,4,167.133089,22.472724
dzf,4,532.758410,71.289858
dxb2,4,126.648470,16.985612
dyb2,4,128.646583,17.273030
cvz,4,194.916817,26.181629
dzb3,4,534.455037,70.967226
dxb3,4,126.747020,16.968628
dyb3,4,128.432261,17.229187
csxxsyyszz,4,251.466135,34.680583
dyf2,4,128.372912,17.243321
dxf2,4,127.312571,17.074935
csxy,4,138.104653,18.586173
dzf2,4,532.482755,71.239011
dyf3,4,128.626616,17.265031
csyz,4,165.594843,22.226149
dxf3,4,126.816333,17.006763
dzf3,4,533.865907,70.968365
csxz,4,164.974930,22.143582
#========================= OptEWE [OpenMP] =========================
#Source type                                  :  Force monopole
#Grid Size                                    :  512 x 512 x 512
#Iterations                                   :  5
#Compute time                                 :  29.973282
#Total effective MLUPS                        :  22.389562
#===================================================================
#Number of threads                            :  15
