dxf,0,112.772157,15.957631
dzb,0,566.942599,79.121055
dyb,0,134.945309,18.867413
cvx,0,177.254018,24.946398
dyf,0,135.211365,18.932305
dzb2,0,566.951853,79.151417
dxb,0,134.318985,18.777250
cvy,0,302.931181,40.865689
dzf,0,566.611852,79.114549
dxb2,0,134.220216,18.757028
dyb2,0,135.860779,19.031417
cvz,0,205.827689,29.357416
dzb3,0,561.404032,79.583756
dxb3,0,133.845824,18.999042
dyb3,0,135.154791,19.182361
csxxsyyszz,0,269.709514,39.058241
dyf2,0,134.921186,19.059973
dxf2,0,134.048064,18.940202
csxy,0,146.483301,20.638927
dzf2,0,567.661108,79.232868
dyf3,0,135.151288,18.908602
csyz,0,176.835299,24.799536
dxf3,0,133.999182,18.748470
dzf3,0,566.757307,79.121887
csxz,0,176.117321,24.706266
dxf,1,111.932820,15.873163
dzb,1,567.531417,79.229728
dyb,1,134.878486,18.856334
cvx,1,177.181280,24.947544
dyf,1,135.051517,18.908321
dzb2,1,567.323717,79.209456
dxb,1,134.190600,18.766210
cvy,1,177.350947,24.933660
dzf,1,566.215613,79.160903
dxb2,1,134.019901,18.790994
dyb2,1,135.475440,19.001048
cvz,1,207.226904,29.206971
dzb3,1,566.450061,79.150923
dxb3,1,134.053105,18.749445
dyb3,1,135.521328,18.953943
csxxsyyszz,1,271.842451,39.002047
dyf2,1,135.635419,19.018164
dxf2,1,134.373715,18.848754
csxy,1,146.760177,20.688846
dzf2,1,566.670070,79.368352
dyf3,1,135.265733,18.945101
csyz,1,176.425160,24.751805
dxf3,1,134.138882,18.779443
dzf3,1,566.906378,79.184867
csxz,1,176.091069,24.771833
dxf,2,111.919137,15.919383
dzb,2,567.135827,79.430784
dyb,2,135.017762,18.935132
cvx,2,177.401051,24.981586
dyf,2,135.235041,18.936113
dzb2,2,566.919560,79.175230
dxb,2,134.133744,18.762450
cvy,2,177.060370,24.954878
dzf,2,567.317213,79.429268
dxb2,2,134.403168,19.000259
dyb2,2,135.767949,19.517261
cvz,2,205.993206,29.302782
dzb3,2,564.400747,79.122302
dxb3,2,134.225133,18.778194
dyb3,2,135.336229,18.962136
csxxsyyszz,2,271.386284,38.945546
dyf2,2,135.568186,18.991667
dxf2,2,134.274160,18.794062
csxy,2,146.382097,20.599818
dzf2,2,566.450324,79.199078
dyf3,2,135.278156,18.949680
csyz,2,175.967285,24.711597
dxf3,2,134.163141,18.779510
dzf3,2,565.860056,79.099275
csxz,2,175.697276,24.682861
dxf,3,112.083089,15.906458
dzb,3,566.039220,79.083425
dyb,3,135.112871,18.898542
cvx,3,177.313319,24.966631
dyf,3,135.423966,18.959725
dzb2,3,567.223762,79.199363
dxb,3,133.870880,18.719115
cvy,3,177.279566,24.926843
dzf,3,566.056220,79.035722
dxb2,3,134.209025,18.783342
dyb2,3,135.689331,18.983754
cvz,3,207.390022,29.155166
dzb3,3,566.541108,79.106542
dxb3,3,133.891345,18.727431
dyb3,3,135.418159,18.949769
csxxsyyszz,3,271.625507,38.954380
dyf2,3,135.481586,18.967298
dxf2,3,134.534193,18.822174
csxy,3,146.802322,20.633785
dzf2,3,567.257136,79.192683
dyf3,3,135.085302,18.913051
csyz,3,176.528498,24.760105
dxf3,3,134.198543,18.776201
dzf3,3,567.143783,79.189816
csxz,3,176.155297,24.719016
dxf,4,112.158279,15.915653
dzb,4,567.253430,79.211980
dyb,4,134.851914,18.857453
cvx,4,177.140317,24.946230
dyf,4,135.132318,18.928264
dzb2,4,567.149737,79.197998
dxb,4,134.017430,18.747166
cvy,4,176.919323,24.887479
dzf,4,566.221489,79.224154
dxb2,4,133.793215,19.123262
dyb2,4,134.915283,19.187730
cvz,4,205.711334,29.397093
dzb3,4,565.041049,79.329594
dxb3,4,134.122179,18.761449
dyb3,4,135.519464,18.963203
csxxsyyszz,4,271.527684,38.960989
dyf2,4,135.481012,18.978219
dxf2,4,134.635756,18.836259
csxy,4,146.697403,20.623127
dzf2,4,566.732643,79.114578
dyf3,4,135.228864,18.932287
csyz,4,176.442892,24.749832
dxf3,4,134.074459,18.761551
dzf3,4,566.678558,79.136210
csxz,4,176.085808,24.719057
#========================= OptEWE [OpenMP] =========================
#Source type                                  :  Force monopole
#Grid Size                                    :  512 x 512 x 512
#Iterations                                   :  5
#Compute time                                 :  31.750151
#Total effective MLUPS                        :  21.136550
#===================================================================
#Number of threads                            :  12
