dxf,0,93.546294,16.116918
dzb,0,481.926239,81.917730
dyb,0,112.787107,19.172447
cvx,0,150.474465,25.806246
dyf,0,113.020811,19.264397
dzb2,0,481.657740,81.947880
dxb,0,112.074621,19.056249
cvy,0,244.302887,40.350568
dzf,0,481.525711,81.863980
dxb2,0,112.147476,19.095444
dyb2,0,113.136997,19.271411
cvz,0,175.268073,30.204654
dzb3,0,477.051048,81.755493
dxb3,0,111.844970,19.176092
dyb3,0,113.005534,19.275304
csxxsyyszz,0,229.725024,40.206105
dyf2,0,113.117759,19.262232
dxf2,0,112.342673,19.120304
csxy,0,124.520024,21.318124
dzf2,0,481.305624,81.847863
dyf3,0,113.153635,19.265390
csyz,0,149.612108,25.561748
dxf3,0,111.953048,19.053814
dzf3,0,482.096736,81.974621
csxz,0,149.428050,25.550217
dxf,1,92.847362,16.055679
dzb,1,481.715052,81.937434
dyb,1,112.805951,19.197296
cvx,1,150.390419,25.794430
dyf,1,112.978339,19.250790
dzb2,1,481.639535,81.950641
dxb,1,111.929326,19.052253
cvy,1,150.073048,25.709018
dzf,1,481.212605,81.848982
dxb2,1,111.926918,19.032776
dyb2,1,113.292942,19.271129
cvz,1,175.946057,30.117715
dzb3,1,481.029234,81.773847
dxb3,1,112.115125,19.066824
dyb3,1,113.086478,19.244368
csxxsyyszz,1,228.857829,40.015790
dyf2,1,113.221636,19.308350
dxf2,1,112.361760,19.163101
csxy,1,124.126172,21.252789
dzf2,1,481.403238,81.885019
dyf3,1,112.941932,19.234432
csyz,1,149.596969,25.566097
dxf3,1,112.066256,19.242709
dzf3,1,481.473020,82.061367
csxz,1,149.283712,25.573486
dxf,2,92.878921,16.100289
dzb,2,481.354710,81.992743
dyb,2,112.600378,19.158485
cvx,2,150.269918,25.761528
dyf,2,112.924111,19.241550
dzb2,2,481.265136,81.886065
dxb,2,112.007534,19.114601
cvy,2,150.186912,25.784844
dzf,2,481.250360,82.009468
dxb2,2,111.724263,19.013393
dyb2,2,113.011979,19.239429
cvz,2,176.011985,30.138467
dzb3,2,480.789035,81.797848
dxb3,2,112.478840,19.140025
dyb3,2,113.189076,19.274131
csxxsyyszz,2,229.264873,40.113908
dyf2,2,113.072858,19.312475
dxf2,2,112.288363,19.156370
csxy,2,124.088566,21.280327
dzf2,2,481.233868,82.065816
dyf3,2,113.121260,19.281764
csyz,2,149.535626,25.553509
dxf3,2,111.868824,19.042821
dzf3,2,481.493244,81.945562
csxz,2,149.509267,25.568931
dxf,3,92.783534,16.059941
dzb,3,481.282567,82.077733
dyb,3,112.659103,19.219741
cvx,3,150.502474,25.880855
dyf,3,113.050586,19.315552
dzb2,3,481.536558,81.957919
dxb,3,111.997108,19.056109
cvy,3,149.936581,25.689920
dzf,3,480.915949,81.834282
dxb2,3,112.004376,19.104483
dyb2,3,113.095010,19.291673
cvz,3,175.847622,30.179102
dzb3,3,481.017349,82.001256
dxb3,3,111.956403,19.051536
dyb3,3,113.248526,19.270960
csxxsyyszz,3,229.514877,40.101762
dyf2,3,113.234281,19.286998
dxf2,3,112.390079,19.121348
csxy,3,123.923699,21.219702
dzf2,3,481.647642,82.009858
dyf3,3,112.796007,19.272533
csyz,3,149.490795,25.600422
dxf3,3,112.018164,19.108923
dzf3,3,481.589413,82.035215
csxz,3,149.305444,25.539264
dxf,4,92.718549,16.045980
dzb,4,481.712639,81.938146
dyb,4,112.865640,19.203989
cvx,4,150.194342,25.796866
dyf,4,113.120940,19.326466
dzb2,4,481.871587,82.185791
dxb,4,112.038567,19.127268
cvy,4,150.127859,25.756680
dzf,4,481.317119,81.872488
dxb2,4,111.975674,19.057912
dyb2,4,113.026990,19.245793
cvz,4,176.352205,30.189045
dzb3,4,480.616947,81.903183
dxb3,4,111.877940,19.091648
dyb3,4,112.920118,19.270957
csxxsyyszz,4,230.872556,40.356422
dyf2,4,113.358131,19.302548
dxf2,4,112.388087,19.138015
csxy,4,124.245148,21.265764
dzf2,4,481.295430,81.892839
dyf3,4,113.303496,19.322925
csyz,4,149.476714,25.552846
dxf3,4,111.825940,19.054571
dzf3,4,481.331434,81.924501
csxz,4,149.364854,25.562961
#========================= OptEWE [OpenMP] =========================
#Source type                                  :  Force monopole
#Grid Size                                    :  512 x 512 x 512
#Iterations                                   :  5
#Compute time                                 :  26.835125
#Total effective MLUPS                        :  25.007845
#===================================================================
#Number of threads                            :  12
