dxf,0,48.551121,8.038487
dzb,0,187.303840,32.094116
dyb,0,48.500407,8.105630
cvx,0,58.051087,9.992648
dyf,0,48.907978,8.182182
dzb2,0,187.347460,32.101590
dxb,0,48.149888,7.984455
cvy,0,202.851155,30.334699
dzf,0,186.656276,31.956323
dxb2,0,48.116811,8.023237
dyb2,0,48.899865,8.186815
cvz,0,66.833258,11.565225
dzb3,0,186.564349,31.978791
dxb3,0,48.152913,8.025044
dyb3,0,48.958569,8.184159
csxxsyyszz,0,126.770657,21.204992
dyf2,0,48.753205,8.161530
dxf2,0,48.419379,8.076352
csxy,0,48.137719,8.291963
dzf2,0,187.123583,32.039962
dyf3,0,48.622501,8.149982
csyz,0,57.100017,9.841889
dxf3,0,48.165147,8.014680
dzf3,0,187.497455,32.103606
csxz,0,56.780292,9.825927
dxf,1,48.076584,8.006073
dzb,1,187.381915,32.092250
dyb,1,48.437124,8.116245
cvx,1,57.903708,10.051568
dyf,1,48.649766,8.159539
dzb2,1,187.378067,32.100142
dxb,1,48.104160,8.058769
cvy,1,57.582684,9.942772
dzf,1,186.559381,31.989971
dxb2,1,48.131338,8.091961
dyb2,1,48.801335,8.183984
cvz,1,66.896974,11.581169
dzb3,1,186.644430,32.015972
dxb3,1,48.177148,8.034864
dyb3,1,48.885460,8.180248
csxxsyyszz,1,125.822478,21.088392
dyf2,1,49.050310,8.205227
dxf2,1,48.395626,8.123085
csxy,1,48.074662,8.295042
dzf2,1,187.202330,32.076970
dyf3,1,48.669223,8.140171
csyz,1,57.030299,9.883036
dxf3,1,48.172512,8.022168
dzf3,1,187.094836,32.064985
csxz,1,56.666921,9.823650
dxf,2,48.134647,8.021518
dzb,2,187.452561,32.111788
dyb,2,48.522117,8.173914
cvx,2,57.996520,10.052197
dyf,2,48.798084,8.176851
dzb2,2,187.394677,32.113027
dxb,2,48.545646,8.175693
cvy,2,57.606667,9.949599
dzf,2,186.617566,32.042260
dxb2,2,48.141540,8.083446
dyb2,2,48.892178,8.188584
cvz,2,66.897635,11.575381
dzb3,2,186.444091,32.046441
dxb3,2,48.199948,8.021917
dyb3,2,48.863482,8.187076
csxxsyyszz,2,126.704463,21.216810
dyf2,2,48.780803,8.172492
dxf2,2,48.461038,8.135154
csxy,2,48.508629,8.332933
dzf2,2,187.352851,32.101770
dyf3,2,49.007196,8.234050
csyz,2,57.007256,9.842327
dxf3,2,48.163663,8.012266
dzf3,2,187.156065,32.099987
csxz,2,56.806114,9.851698
dxf,3,48.094823,8.004782
dzb,3,187.399965,32.108356
dyb,3,48.575789,8.182349
cvx,3,58.002816,9.993764
dyf,3,48.904030,8.204507
dzb2,3,187.378987,32.120872
dxb,3,48.089341,8.054243
cvy,3,57.641313,9.942760
dzf,3,186.629610,32.002014
dxb2,3,48.060800,7.999960
dyb2,3,48.829861,8.178635
cvz,3,66.872141,11.569863
dzb3,3,186.578950,32.008958
dxb3,3,48.259845,8.030679
dyb3,3,48.959153,8.195762
csxxsyyszz,3,126.548957,21.179525
dyf2,3,49.041298,8.211893
dxf2,3,48.537603,8.128349
csxy,3,48.057057,8.255962
dzf2,3,187.317427,32.089134
dyf3,3,48.675555,8.178953
csyz,3,57.013868,9.837066
dxf3,3,48.120143,8.008635
dzf3,3,187.114786,32.085111
csxz,3,56.819868,9.860818
dxf,4,48.042539,8.000884
dzb,4,187.289943,32.096070
dyb,4,48.769177,8.225409
cvx,4,58.002706,10.017671
dyf,4,48.960841,8.219791
dzb2,4,187.417831,32.133480
dxb,4,48.132319,8.065773
cvy,4,57.677100,9.953699
dzf,4,186.582918,32.001079
dxb2,4,48.026772,8.032357
dyb2,4,48.890792,8.195441
cvz,4,66.942031,11.586878
dzb3,4,186.638003,32.041302
dxb3,4,48.175809,8.021272
dyb3,4,48.861538,8.200554
csxxsyyszz,4,126.671383,21.229331
dyf2,4,48.768070,8.180965
dxf2,4,48.411522,8.105783
csxy,4,48.122848,8.264738
dzf2,4,187.159703,32.063600
dyf3,4,48.944899,8.245992
csyz,4,57.045819,9.824450
dxf3,4,48.113086,8.004574
dzf3,4,187.182226,32.124158
csxz,4,56.754876,9.835620
#========================= OptEWE [OpenMP] =========================
#Source type                                  :  Force monopole
#Grid Size                                    :  512 x 512 x 512
#Iterations                                   :  5
#Compute time                                 :  11.022992
#Total effective MLUPS                        :  60.880805
#===================================================================
#Number of threads                            :  11
