dxf,0,163.008028,18.669358
dzb,0,921.540146,101.924035
dyb,0,197.606700,22.383675
cvx,0,324.971461,36.324905
dyf,0,196.975991,22.335012
dzb2,0,921.796219,101.942370
dxb,0,167.129894,19.067394
cvy,0,727.329896,78.962558
dzf,0,916.801421,101.413040
dxb2,0,166.812066,19.036434
dyb2,0,199.262166,22.573999
cvz,0,324.169635,36.297800
dzb3,0,922.604977,101.965071
dxb3,0,167.246810,19.075414
dyb3,0,199.154273,22.563138
csxxsyyszz,0,913.972729,100.704434
dyf2,0,196.368076,22.260255
dxf2,0,161.394619,18.478198
csxy,0,137.759858,16.095604
dzf2,0,912.094159,100.819208
dyf3,0,196.246969,22.245783
csyz,0,152.733711,17.718226
dxf3,0,162.685047,18.624461
dzf3,0,909.617607,100.577644
csxz,0,151.097341,17.526921
dxf,1,162.841085,18.645924
dzb,1,915.557406,101.289776
dyb,1,195.932604,22.215848
cvx,1,324.884288,36.353405
dyf,1,194.454810,22.051150
dzb2,1,921.183940,101.856693
dxb,1,167.100297,19.057961
cvy,1,318.889369,35.686958
dzf,1,914.070123,101.205073
dxb2,1,166.579587,19.009779
dyb2,1,199.143151,22.568194
cvz,1,324.194179,36.324788
dzb3,1,922.384637,101.966425
dxb3,1,167.190265,19.082691
dyb3,1,198.330893,22.482542
csxxsyyszz,1,914.220230,100.748489
dyf2,1,194.313087,22.044745
dxf2,1,161.457423,18.489722
csxy,1,137.647073,16.070048
dzf2,1,918.682740,106.433262
dyf3,1,194.140213,22.311885
csyz,1,152.941860,17.920267
dxf3,1,163.014148,18.827269
dzf3,1,911.965800,101.291629
csxz,1,151.090249,17.540170
dxf,2,162.436260,18.609970
dzb,2,919.139941,101.738734
dyb,2,196.030070,22.222310
cvx,2,324.845168,36.344917
dyf,2,195.029575,22.126822
dzb2,2,922.791668,102.079706
dxb,2,167.646961,19.107909
cvy,2,321.752800,36.035939
dzf,2,921.765422,101.959062
dxb2,2,166.900014,19.078012
dyb2,2,199.172341,22.549083
cvz,2,324.352697,36.339814
dzb3,2,922.851751,102.045403
dxb3,2,167.344614,19.131499
dyb3,2,199.419270,22.621685
csxxsyyszz,2,914.797732,100.923484
dyf2,2,194.355270,22.050894
dxf2,2,161.492684,18.504163
csxy,2,137.616788,16.074185
dzf2,2,914.822121,101.090089
dyf3,2,196.398295,22.279055
csyz,2,152.961012,17.737145
dxf3,2,163.342860,18.701891
dzf3,2,912.300859,100.848918
csxz,2,151.250924,17.543624
dxf,3,162.718194,18.621807
dzb,3,919.901207,101.755828
dyb,3,199.505322,22.591992
cvx,3,325.521184,36.406856
dyf,3,194.650479,22.101518
dzb2,3,923.375727,102.077187
dxb,3,167.121883,19.068087
cvy,3,318.853042,35.680651
dzf,3,920.723943,101.752476
dxb2,3,166.885504,19.011040
dyb2,3,199.350235,22.558065
cvz,3,324.386968,36.340295
dzb3,3,920.035137,101.688453
dxb3,3,167.395057,19.065455
dyb3,3,199.537818,22.573211
csxxsyyszz,3,915.426425,100.747317
dyf2,3,194.673592,22.040700
dxf2,3,161.810280,18.493401
csxy,3,137.823952,16.063059
dzf2,3,911.652034,100.771122
dyf3,3,196.146590,22.245425
csyz,3,152.773667,17.726953
dxf3,3,162.637977,18.616717
dzf3,3,909.586014,100.967914
csxz,3,150.943037,17.561651
dxf,4,162.463370,18.642671
dzb,4,918.816494,101.754555
dyb,4,196.075308,22.222982
cvx,4,324.869820,36.345682
dyf,4,196.949302,22.380105
dzb2,4,916.677429,102.547668
dxb,4,166.571812,19.790565
cvy,4,319.223022,36.919111
dzf,4,915.874080,101.406959
dxb2,4,166.805683,19.039428
dyb2,4,199.215227,22.574752
cvz,4,324.973332,36.494330
dzb3,4,921.925497,101.982762
dxb3,4,167.192225,19.037035
dyb3,4,199.397168,22.551596
csxxsyyszz,4,914.890788,100.672567
dyf2,4,197.285434,22.325721
dxf2,4,161.766727,18.481476
csxy,4,137.957300,16.063093
dzf2,4,911.422291,100.807371
dyf3,4,196.350137,22.280286
csyz,4,153.072659,17.740257
dxf3,4,162.841629,18.671431
dzf3,4,912.118652,101.102587
csxz,4,151.344159,17.559706
#========================= OptEWE [OpenMP] =========================
#Source type                                  :  Force monopole
#Grid Size                                    :  512 x 512 x 512
#Iterations                                   :  5
#Compute time                                 :  50.413414
#Total effective MLUPS                        :  13.311708
#===================================================================
#Number of threads                            :  2
