dxf,0,48.599667,8.066694
dzb,0,201.280245,33.858088
dyb,0,50.730109,8.401686
cvx,0,62.918592,10.599570
dyf,0,50.714145,8.457924
dzb2,0,201.121876,33.824761
dxb,0,48.130276,7.973261
cvy,0,221.568981,32.689497
dzf,0,202.633842,34.028454
dxb2,0,48.372064,7.992879
dyb2,0,51.195318,8.503856
cvz,0,68.050492,11.629586
dzb3,0,203.218061,34.121551
dxb3,0,48.334064,7.993125
dyb3,0,51.116467,8.495581
csxxsyyszz,0,163.481435,26.313203
dyf2,0,50.625910,8.405970
dxf2,0,48.544034,8.063892
csxy,0,47.862923,8.247929
dzf2,0,206.775111,34.674719
dyf3,0,50.149263,8.319473
csyz,0,56.507936,9.719243
dxf3,0,48.209342,8.042403
dzf3,0,202.866789,34.129105
csxz,0,55.834019,9.621940
dxf,1,48.214570,8.049302
dzb,1,202.573899,34.056619
dyb,1,50.787648,8.408896
cvx,1,62.844251,10.600303
dyf,1,50.604117,8.441521
dzb2,1,201.000592,33.846073
dxb,1,48.150541,7.980591
cvy,1,61.707370,10.438462
dzf,1,202.496784,34.031370
dxb2,1,48.489105,8.024341
dyb2,1,51.193775,8.522677
cvz,1,67.988339,11.635490
dzb3,1,203.248556,34.133735
dxb3,1,48.450621,8.028752
dyb3,1,51.156531,8.525887
csxxsyyszz,1,163.460491,26.312556
dyf2,1,50.613453,8.421786
dxf2,1,48.377655,8.063345
csxy,1,47.921671,8.250840
dzf2,1,206.497781,34.581676
dyf3,1,50.456260,8.378771
csyz,1,56.322772,9.680840
dxf3,1,48.077636,7.992186
dzf3,1,201.729715,33.949967
csxz,1,55.862223,9.629005
dxf,2,48.185071,8.003420
dzb,2,201.212097,33.874254
dyb,2,50.841504,8.427223
cvx,2,62.899776,10.590258
dyf,2,50.626371,8.431968
dzb2,2,201.074024,33.856829
dxb,2,48.167560,7.978715
cvy,2,61.545674,10.388885
dzf,2,202.649267,34.097104
dxb2,2,48.417634,8.005735
dyb2,2,51.005254,8.480225
cvz,2,68.217073,11.690822
dzb3,2,203.349211,34.133900
dxb3,2,48.282125,7.992381
dyb3,2,50.931249,8.470258
csxxsyyszz,2,164.676781,26.505645
dyf2,2,50.665070,8.409305
dxf2,2,48.440869,8.038035
csxy,2,47.862159,8.234611
dzf2,2,206.591483,34.615743
dyf3,2,50.545844,8.373964
csyz,2,56.461990,9.703309
dxf3,2,48.100344,8.007505
dzf3,2,201.695748,33.922889
csxz,2,55.627672,9.584672
dxf,3,48.195338,8.025608
dzb,3,201.227004,33.881100
dyb,3,50.817574,8.423990
cvx,3,62.823624,10.583694
dyf,3,50.585579,8.453628
dzb2,3,201.142954,33.842425
dxb,3,48.102436,8.000397
cvy,3,61.672545,10.449213
dzf,3,202.764905,34.091961
dxb2,3,48.303797,7.996693
dyb2,3,50.975484,8.489746
cvz,3,68.081867,11.640175
dzb3,3,203.225556,34.104222
dxb3,3,48.439814,8.030110
dyb3,3,51.025226,8.487517
csxxsyyszz,3,164.759254,26.494726
dyf2,3,50.798506,8.434872
dxf2,3,48.307176,8.047855
csxy,3,47.993033,8.263004
dzf2,3,206.578797,34.626529
dyf3,3,50.444654,8.387636
csyz,3,56.365431,9.693518
dxf3,3,48.042394,7.984285
dzf3,3,201.523879,33.907633
csxz,3,55.892371,9.631751
dxf,4,48.278552,8.025706
dzb,4,201.088454,33.876098
dyb,4,50.932925,8.443969
cvx,4,62.799545,10.567495
dyf,4,50.388195,8.404048
dzb2,4,201.177930,33.887331
dxb,4,48.143907,7.977325
cvy,4,61.623796,10.404028
dzf,4,202.613912,34.073278
dxb2,4,48.484942,8.017106
dyb2,4,51.120125,8.490160
cvz,4,68.023515,11.625583
dzb3,4,203.176357,34.112814
dxb3,4,48.373795,8.002960
dyb3,4,51.035540,8.487908
csxxsyyszz,4,163.342873,26.315650
dyf2,4,50.805428,8.436632
dxf2,4,48.484068,8.042416
csxy,4,47.965172,8.253925
dzf2,4,206.574335,34.622056
dyf3,4,50.357558,8.360323
csyz,4,56.350053,9.685529
dxf3,4,48.117600,8.012302
dzf3,4,201.616692,33.918283
csxz,4,55.561446,9.579719
#========================= OptEWE [OpenMP] =========================
#Source type                                  :  Force monopole
#Grid Size                                    :  512 x 512 x 512
#Iterations                                   :  5
#Compute time                                 :  11.800072
#Total effective MLUPS                        :  56.871573
#===================================================================
#Number of threads                            :  8
