dxf,0,26.375794,5.838117
dzb,0,95.526810,22.617572
dyb,0,25.464348,5.772862
cvx,0,30.485330,7.212281
dyf,0,25.332127,5.751214
dzb2,0,95.552008,22.658139
dxb,0,25.251061,5.713754
cvy,0,251.920914,47.497422
dzf,0,95.044581,22.487841
dxb2,0,25.247983,5.721006
dyb2,0,25.719903,5.854493
cvz,0,35.256336,8.337170
dzb3,0,95.118091,22.542864
dxb3,0,25.422941,5.765005
dyb3,0,25.696621,5.841104
csxxsyyszz,0,64.055904,14.724487
dyf2,0,25.463056,5.785772
dxf2,0,25.428690,5.785145
csxy,0,24.841968,5.904028
dzf2,0,95.022101,22.561014
dyf3,0,25.422610,5.790705
csyz,0,29.716331,7.036899
dxf3,0,25.122389,5.706969
dzf3,0,95.423234,22.653918
csxz,0,29.499155,6.991181
dxf,1,25.070418,5.708743
dzb,1,95.549955,22.686834
dyb,1,25.513071,5.799971
cvx,1,30.455383,7.204958
dyf,1,25.358302,5.775823
dzb2,1,95.526070,22.706029
dxb,1,25.285096,5.738897
cvy,1,30.452137,7.206094
dzf,1,95.072255,22.573779
dxb2,1,25.253039,5.732674
dyb2,1,25.718263,5.861144
cvz,1,35.197938,8.333587
dzb3,1,95.255813,22.615399
dxb3,1,25.386843,5.760110
dyb3,1,25.732728,5.854791
csxxsyyszz,1,63.887857,14.752074
dyf2,1,25.476417,5.781731
dxf2,1,25.458283,5.797299
csxy,1,24.859653,5.904287
dzf2,1,95.024488,22.579459
dyf3,1,25.409874,5.795804
csyz,1,29.698577,7.037724
dxf3,1,25.092065,5.709722
dzf3,1,95.315960,22.661615
csxz,1,29.530064,7.006246
dxf,2,25.102065,5.712230
dzb,2,95.513139,22.706771
dyb,2,25.461376,5.795056
cvx,2,30.501918,7.233363
dyf,2,25.371388,5.780683
dzb2,2,95.469932,22.693793
dxb,2,25.340785,5.756933
cvy,2,30.421355,7.196670
dzf,2,94.997819,22.598348
dxb2,2,25.276739,5.743905
dyb2,2,25.867920,5.899442
cvz,2,35.296016,8.355497
dzb3,2,95.126111,22.593799
dxb3,2,25.326334,5.752243
dyb3,2,25.662610,5.852263
csxxsyyszz,2,63.906248,14.745014
dyf2,2,25.481707,5.792487
dxf2,2,25.428024,5.799591
csxy,2,24.901386,5.910727
dzf2,2,95.048630,22.602588
dyf3,2,25.422006,5.805633
csyz,2,29.753605,7.063842
dxf3,2,25.108032,5.715797
dzf3,2,95.355870,22.678353
csxz,2,29.523010,7.008620
dxf,3,25.099634,5.717487
dzb,3,95.504248,22.711426
dyb,3,25.546003,5.814317
cvx,3,30.452596,7.215005
dyf,3,25.411302,5.795659
dzb2,3,95.451952,22.700343
dxb,3,25.254146,5.739823
cvy,3,30.383106,7.186791
dzf,3,95.064870,22.594812
dxb2,3,25.255709,5.738658
dyb2,3,25.738271,5.877858
cvz,3,35.312919,8.372860
dzb3,3,95.168119,22.609173
dxb3,3,25.398255,5.771283
dyb3,3,25.753833,5.869489
csxxsyyszz,3,66.144710,15.143734
dyf2,3,25.456092,5.776765
dxf2,3,25.474353,5.813342
csxy,3,24.875580,5.905558
dzf2,3,95.057892,22.609078
dyf3,3,25.425121,5.801753
csyz,3,29.691771,7.052035
dxf3,3,25.075800,5.713451
dzf3,3,95.355413,22.683897
csxz,3,29.509660,7.007711
dxf,4,25.078275,5.716686
dzb,4,95.465809,22.707944
dyb,4,25.498048,5.808125
cvx,4,30.471041,7.219732
dyf,4,25.358720,5.782023
dzb2,4,95.566782,22.732824
dxb,4,25.291133,5.746473
cvy,4,30.326557,7.178509
dzf,4,95.032595,22.596081
dxb2,4,25.235794,5.738222
dyb2,4,25.657697,5.855894
cvz,4,35.244621,8.355237
dzb3,4,95.189592,22.628258
dxb3,4,25.397596,5.774073
dyb3,4,25.706810,5.854845
csxxsyyszz,4,63.904734,14.770719
dyf2,4,25.499456,5.791918
dxf2,4,25.530478,5.818112
csxy,4,24.848531,5.908216
dzf2,4,95.034048,22.612224
dyf3,4,25.436560,5.805541
csyz,4,29.710411,7.049154
dxf3,4,25.082886,5.713208
dzf3,4,95.434323,22.718656
csxz,4,29.517741,7.079382
#========================= OptEWE [OpenMP] =========================
#Source type                                  :  Force monopole
#Grid Size                                    :  512 x 512 x 512
#Iterations                                   :  5
#Compute time                                 :  5.828389
#Total effective MLUPS                        :  115.141357
#===================================================================
#Number of threads                            :  23
