dxf,0,92.664145,15.333205
dzb,0,475.723151,77.307753
dyb,0,111.775799,18.208821
cvx,0,148.702784,24.305222
dyf,0,111.882561,18.260248
dzb2,0,476.870222,77.538173
dxb,0,110.779661,18.034829
cvy,0,290.047940,44.917200
dzf,0,476.335153,77.436349
dxb2,0,110.639472,18.018798
dyb2,0,112.005956,18.253777
cvz,0,173.824478,28.393110
dzb3,0,476.271799,77.464660
dxb3,0,110.626437,18.026923
dyb3,0,112.088494,18.280748
csxxsyyszz,0,229.852381,38.519925
dyf2,0,112.210653,18.303255
dxf2,0,111.174548,18.112596
csxy,0,122.804885,20.070675
dzf2,0,476.468049,77.474774
dyf3,0,111.615972,18.216492
csyz,0,147.778267,24.123562
dxf3,0,110.744959,18.054889
dzf3,0,476.447808,77.509733
csxz,0,147.489870,24.088980
dxf,1,91.875790,15.249528
dzb,1,476.368727,77.497616
dyb,1,111.584240,18.195266
cvx,1,148.980133,24.361976
dyf,1,112.074171,18.295739
dzb2,1,476.532756,77.509471
dxb,1,110.813248,18.055015
cvy,1,148.631141,24.281621
dzf,1,473.213325,77.561779
dxb2,1,110.628149,18.200676
dyb2,1,111.715707,18.402073
cvz,1,172.387035,28.472343
dzb3,1,473.687800,77.589935
dxb3,1,110.811258,18.054567
dyb3,1,112.078794,18.289735
csxxsyyszz,1,230.199503,38.582478
dyf2,1,112.172341,18.317300
dxf2,1,110.945376,18.089049
csxy,1,122.444152,20.024556
dzf2,1,476.379779,77.521713
dyf3,1,111.766833,18.248902
csyz,1,147.919087,24.158710
dxf3,1,110.803104,18.074632
dzf3,1,476.408831,77.526191
csxz,1,147.603833,24.106727
dxf,2,92.046539,15.268954
dzb,2,475.816239,77.444702
dyb,2,111.632771,18.207502
cvx,2,148.968697,24.367926
dyf,2,112.108224,18.304371
dzb2,2,476.281327,77.504322
dxb,2,110.543555,18.023287
cvy,2,148.593170,24.292011
dzf,2,475.541833,77.386705
dxb2,2,110.629826,18.039946
dyb2,2,112.058063,18.278980
cvz,2,173.819688,28.416787
dzb3,2,475.720534,77.428751
dxb3,2,110.887903,18.074356
dyb3,2,112.168352,18.305333
csxxsyyszz,2,229.632805,38.493441
dyf2,2,112.110719,18.305885
dxf2,2,111.080843,18.110846
csxy,2,122.752465,20.073740
dzf2,2,476.289375,77.510489
dyf3,2,111.737568,18.250057
csyz,2,147.699727,24.126229
dxf3,2,110.723368,18.060390
dzf3,2,476.286848,77.522657
csxz,2,147.650084,24.128154
dxf,3,91.916214,15.259574
dzb,3,476.409637,77.528067
dyb,3,111.615939,18.199694
cvx,3,149.162280,24.394453
dyf,3,111.863467,18.277797
dzb2,3,476.143200,77.501269
dxb,3,110.502113,18.023067
cvy,3,148.532067,24.281031
dzf,3,475.237733,77.350792
dxb2,3,110.656678,18.040867
dyb2,3,111.996495,18.274136
cvz,3,173.796504,28.417341
dzb3,3,475.462432,77.394467
dxb3,3,110.865803,18.070630
dyb3,3,112.146974,18.409196
csxxsyyszz,3,232.187409,39.189438
dyf2,3,112.105051,18.299059
dxf2,3,111.307470,18.159247
csxy,3,122.561463,20.054489
dzf2,3,476.519463,77.567497
dyf3,3,111.867318,18.270259
csyz,3,147.779163,24.133626
dxf3,3,110.676299,18.049871
dzf3,3,476.122690,77.495689
csxz,3,147.505117,24.107929
dxf,4,91.946637,15.260299
dzb,4,476.025917,77.448942
dyb,4,111.941294,18.249278
cvx,4,148.721976,24.334137
dyf,4,111.846905,18.264822
dzb2,4,476.448701,77.540903
dxb,4,110.676948,18.044912
cvy,4,148.452669,24.274361
dzf,4,475.499394,77.390889
dxb2,4,110.603272,18.027592
dyb2,4,111.878132,18.252224
cvz,4,173.801094,28.422437
dzb3,4,476.026796,77.487052
dxb3,4,111.059837,18.115161
dyb3,4,112.000112,18.280702
csxxsyyszz,4,229.277752,38.448067
dyf2,4,112.022662,18.296420
dxf2,4,110.973027,18.105695
csxy,4,122.599920,20.054726
dzf2,4,476.196041,77.493183
dyf3,4,111.912877,18.273367
csyz,4,147.756606,24.131554
dxf3,4,110.685465,18.059395
dzf3,4,476.808545,77.599716
csxz,4,147.467731,24.103272
#========================= OptEWE [OpenMP] =========================
#Source type                                  :  Force monopole
#Grid Size                                    :  512 x 512 x 512
#Iterations                                   :  5
#Compute time                                 :  26.605680
#Total effective MLUPS                        :  25.223510
#===================================================================
#Number of threads                            :  12
