dxf,0,56.584380,8.739482
dzb,0,292.101079,44.095215
dyb,0,65.524597,10.009493
cvx,0,95.721909,14.387397
dyf,0,65.120018,9.994343
dzb2,0,292.648188,44.200203
dxb,0,57.462975,8.851976
cvy,0,284.419434,39.179522
dzf,0,292.798827,44.203410
dxb2,0,57.323835,8.847545
dyb2,0,66.189665,10.112174
cvz,0,96.708397,14.750127
dzb3,0,291.469197,44.039701
dxb3,0,57.311195,8.839766
dyb3,0,66.119458,10.114818
csxxsyyszz,0,260.580249,37.760887
dyf2,0,65.711951,10.042894
dxf2,0,56.764169,8.770920
csxy,0,53.606167,8.556519
dzf2,0,291.255988,44.003013
dyf3,0,65.261191,10.007487
csyz,0,60.343806,9.609629
dxf3,0,56.551091,8.776632
dzf3,0,291.446535,44.054928
csxz,0,58.686349,9.392994
dxf,1,56.574834,8.750322
dzb,1,292.051771,44.127258
dyb,1,66.037739,10.090299
cvx,1,95.727204,14.392634
dyf,1,65.517682,10.042418
dzb2,1,292.786909,44.238209
dxb,1,57.245670,8.845062
cvy,1,93.746075,14.132961
dzf,1,292.625832,44.505999
dxb2,1,57.693305,9.227995
dyb2,1,66.017855,10.520382
cvz,1,96.774691,14.750734
dzb3,1,291.645440,44.121699
dxb3,1,57.328674,8.861895
dyb3,1,66.095029,10.095529
csxxsyyszz,1,260.561792,37.787799
dyf2,1,65.681555,10.061777
dxf2,1,56.484722,8.739306
csxy,1,53.743217,8.605999
dzf2,1,292.432041,44.155248
dyf3,1,65.202686,10.001070
csyz,1,60.366115,9.615981
dxf3,1,56.403300,8.736190
dzf3,1,291.744403,44.085142
csxz,1,58.667005,9.371076
dxf,2,56.580880,8.764305
dzb,2,293.213020,44.278023
dyb,2,65.785912,10.070031
cvx,2,95.705198,14.405729
dyf,2,65.473082,10.043033
dzb2,2,292.657647,44.276911
dxb,2,57.178608,8.834579
cvy,2,93.561154,14.146569
dzf,2,292.292838,44.224701
dxb2,2,57.515606,8.880312
dyb2,2,66.034388,10.115400
cvz,2,96.631491,14.775743
dzb3,2,291.460063,44.066796
dxb3,2,57.275155,8.823286
dyb3,2,65.906985,10.072456
csxxsyyszz,2,260.586682,37.779473
dyf2,2,65.604555,10.018525
dxf2,2,56.595135,8.776271
csxy,2,53.601790,8.566175
dzf2,2,291.087226,44.010301
dyf3,2,65.343854,10.005655
csyz,2,60.293488,9.613651
dxf3,2,56.444159,8.746898
dzf3,2,291.327437,44.084900
csxz,2,58.528094,9.366933
dxf,3,56.217884,8.722132
dzb,3,291.949323,44.194201
dyb,3,65.003985,9.937726
cvx,3,95.722530,14.398099
dyf,3,65.526458,10.020413
dzb2,3,292.968349,44.259769
dxb,3,57.623184,8.874947
cvy,3,93.744983,14.187439
dzf,3,292.675807,44.245438
dxb2,3,57.213944,8.888889
dyb2,3,65.938654,10.097840
cvz,3,96.522606,14.751953
dzb3,3,291.285845,44.062699
dxb3,3,57.475577,8.860980
dyb3,3,66.200228,10.129852
csxxsyyszz,3,260.073598,37.722707
dyf2,3,65.671535,10.038310
dxf2,3,56.278750,8.710592
csxy,3,53.553074,8.578594
dzf2,3,290.442505,43.956532
dyf3,3,65.159754,9.993148
csyz,3,60.271332,9.613277
dxf3,3,56.273945,8.723431
dzf3,3,290.967248,44.039686
csxz,3,58.598057,9.378375
dxf,4,56.590346,8.776870
dzb,4,291.982604,44.218173
dyb,4,65.762882,10.058653
cvx,4,95.586980,14.401977
dyf,4,65.668088,10.065104
dzb2,4,292.547827,44.255196
dxb,4,57.192417,8.836955
cvy,4,93.517318,14.137480
dzf,4,292.056720,44.193694
dxb2,4,57.359405,8.853643
dyb2,4,65.916121,10.096234
cvz,4,96.558097,14.758855
dzb3,4,291.405854,44.082469
dxb3,4,57.388362,8.861152
dyb3,4,66.134461,10.118572
csxxsyyszz,4,260.932790,38.100170
dyf2,4,65.814331,10.253774
dxf2,4,56.536230,8.885326
csxy,4,53.663001,8.711334
dzf2,4,290.867698,44.830107
dyf3,4,65.474348,10.191033
csyz,4,60.292793,9.860789
dxf3,4,56.391510,8.867686
dzf3,4,292.813867,44.885676
csxz,4,58.570679,9.412411
#========================= OptEWE [OpenMP] =========================
#Source type                                  :  Force monopole
#Grid Size                                    :  512 x 512 x 512
#Iterations                                   :  5
#Compute time                                 :  16.224337
#Total effective MLUPS                        :  41.363086
#===================================================================
#Number of threads                            :  5
