dxf,0,154.158826,20.391580
dzb,0,866.846166,110.842708
dyb,0,186.245773,24.389280
cvx,0,322.618315,41.598594
dyf,0,186.920820,24.519189
dzb2,0,871.098277,111.314483
dxb,0,159.641042,21.062949
cvy,0,716.952836,89.879597
dzf,0,865.141573,110.692092
dxb2,0,159.060310,20.976078
dyb2,0,188.069255,24.678769
cvz,0,322.200782,41.662972
dzb3,0,865.791168,111.244426
dxb3,0,158.706364,21.318976
dyb3,0,188.021225,25.068548
csxxsyyszz,0,891.903504,114.624329
dyf2,0,187.080172,24.543755
dxf2,0,152.947977,20.264241
csxy,0,130.351745,17.646861
dzf2,0,862.041806,110.279115
dyf3,0,186.625478,24.474119
csyz,0,143.675704,19.371943
dxf3,0,152.885092,20.293386
dzf3,0,864.525205,110.864124
csxz,0,141.997477,19.149178
dxf,1,154.600964,20.460842
dzb,1,870.029043,111.352241
dyb,1,186.060378,24.392094
cvx,1,322.712551,41.614106
dyf,1,186.788293,24.487895
dzb2,1,868.091656,111.064841
dxb,1,159.462589,21.052528
cvy,1,318.053111,41.060034
dzf,1,863.972834,110.617485
dxb2,1,158.775008,20.956440
dyb2,1,187.768172,24.609303
cvz,1,322.200208,41.621006
dzb3,1,865.076098,110.642806
dxb3,1,158.422645,20.906343
dyb3,1,187.710325,24.609791
csxxsyyszz,1,891.299899,113.214422
dyf2,1,186.967919,24.525988
dxf2,1,152.963674,20.239875
csxy,1,130.836023,17.694209
dzf2,1,859.628625,109.935366
dyf3,1,186.650113,24.463078
csyz,1,143.731165,19.342621
dxf3,1,152.743738,20.225031
dzf3,1,862.994852,110.380560
csxz,1,142.084842,19.155306
dxf,2,154.157929,20.395168
dzb,2,866.476755,110.785614
dyb,2,184.484542,24.175533
cvx,2,322.563242,41.606302
dyf,2,188.501006,24.709629
dzb2,2,868.023059,111.019523
dxb,2,159.378555,21.021016
cvy,2,317.977632,41.053503
dzf,2,864.659524,110.713234
dxb2,2,158.714460,20.936173
dyb2,2,187.768259,24.621112
cvz,2,324.140506,41.882731
dzb3,2,864.805590,110.622213
dxb3,2,158.324889,20.884908
dyb3,2,188.492911,24.698275
csxxsyyszz,2,905.213649,115.016149
dyf2,2,184.234041,24.161402
dxf2,2,152.932105,20.250345
csxy,2,130.703609,17.686450
dzf2,2,861.519815,110.208896
dyf3,2,186.560877,24.484006
csyz,2,143.745194,19.361114
dxf3,2,152.595865,20.212635
dzf3,2,863.056119,110.469808
csxz,2,142.191670,19.220684
dxf,3,154.222421,20.455478
dzb,3,867.219849,111.109921
dyb,3,188.695591,24.733398
cvx,3,322.533038,41.608254
dyf,3,184.556547,24.334301
dzb2,3,870.665166,113.600085
dxb,3,159.756299,21.161755
cvy,3,318.614407,41.151041
dzf,3,867.002738,110.957017
dxb2,3,160.684200,21.180929
dyb2,3,188.036304,24.654033
cvz,3,323.012586,41.757078
dzb3,3,868.775956,111.108328
dxb3,3,158.711097,20.961272
dyb3,3,188.808871,24.799423
csxxsyyszz,3,906.370810,115.206789
dyf2,3,184.632803,24.207494
dxf2,3,153.365662,20.305242
csxy,3,131.017521,17.692906
dzf2,3,863.707155,110.415097
dyf3,3,186.966917,24.477748
csyz,3,144.009869,19.392013
dxf3,3,152.885792,20.217780
dzf3,3,865.943404,110.696179
csxz,3,142.244573,19.167085
dxf,4,154.385879,20.436335
dzb,4,868.716253,111.103938
dyb,4,188.885025,24.731884
cvx,4,323.720566,41.742894
dyf,4,187.054262,24.524768
dzb2,4,871.807220,111.507311
dxb,4,159.752005,21.075853
cvy,4,318.737022,41.147703
dzf,4,864.282200,110.646832
dxb2,4,158.726924,20.966462
dyb2,4,187.782345,24.626934
cvz,4,323.929552,41.865153
dzb3,4,865.321950,110.669011
dxb3,4,158.462622,20.908647
dyb3,4,187.721160,24.596313
csxxsyyszz,4,891.104841,113.215965
dyf2,4,186.988674,24.509938
dxf2,4,153.056166,20.260192
csxy,4,130.781971,17.704980
dzf2,4,862.068777,110.197381
dyf3,4,183.826257,24.133903
csyz,4,143.983854,19.331073
dxf3,4,152.882588,20.194648
dzf3,4,866.578571,110.605573
csxz,4,142.293274,19.190291
#========================= OptEWE [OpenMP] =========================
#Source type                                  :  Force monopole
#Grid Size                                    :  512 x 512 x 512
#Iterations                                   :  5
#Compute time                                 :  48.062084
#Total effective MLUPS                        :  13.962953
#===================================================================
#Number of threads                            :  2
