dxf,0,106.007168,15.966102
dzb,0,539.263488,79.649763
dyb,0,129.454844,19.256531
cvx,0,169.881005,25.553182
dyf,0,129.895588,19.364606
dzb2,0,538.858488,79.803568
dxb,0,128.761063,19.177598
cvy,0,288.185227,42.128332
dzf,0,537.886698,79.913221
dxb2,0,128.625021,19.179351
dyb2,0,130.106943,19.379404
cvz,0,198.118597,29.727942
dzb3,0,537.943680,79.951503
dxb3,0,128.468849,19.133087
dyb3,0,130.090367,19.379645
csxxsyyszz,0,254.772662,38.838275
dyf2,0,130.118817,19.389428
dxf2,0,129.395810,19.286149
csxy,0,140.569698,21.101169
dzf2,0,538.178723,79.715603
dyf3,0,129.745451,19.336281
csyz,0,168.874617,25.268485
dxf3,0,128.875155,19.203513
dzf3,0,538.545640,79.936502
csxz,0,168.425128,25.209030
dxf,1,105.091851,15.880655
dzb,1,538.364092,79.862822
dyb,1,129.898590,19.369391
cvx,1,169.775326,25.549324
dyf,1,129.924248,19.377556
dzb2,1,538.139955,79.996620
dxb,1,128.600259,19.150804
cvy,1,169.528537,25.471538
dzf,1,537.830239,79.769502
dxb2,1,128.602360,19.161256
dyb2,1,130.443323,19.442849
cvz,1,197.997225,29.716373
dzb3,1,538.783821,79.952150
dxb3,1,128.611460,19.147649
dyb3,1,130.105806,19.384286
csxxsyyszz,1,254.273101,38.780868
dyf2,1,130.215558,19.421601
dxf2,1,129.305714,19.278025
csxy,1,140.583153,21.113955
dzf2,1,537.715865,79.547653
dyf3,1,129.709494,19.327580
csyz,1,168.738019,25.250031
dxf3,1,128.878774,19.218303
dzf3,1,538.684922,79.850561
csxz,1,168.388419,25.206012
dxf,2,105.096846,15.879937
dzb,2,538.568916,79.776765
dyb,2,129.409082,19.268246
cvx,2,169.959963,25.572141
dyf,2,129.870871,19.362408
dzb2,2,538.729222,79.962878
dxb,2,128.560065,19.154337
cvy,2,169.675811,25.481387
dzf,2,538.403751,79.716157
dxb2,2,128.797965,19.190649
dyb2,2,130.255999,19.412954
cvz,2,198.203353,29.746606
dzb3,2,538.657408,79.796981
dxb3,2,128.695808,19.171715
dyb3,2,130.176803,19.396713
csxxsyyszz,2,254.798583,38.852055
dyf2,2,130.276155,19.410036
dxf2,2,129.280964,19.268908
csxy,2,140.364523,21.078031
dzf2,2,538.541745,79.508830
dyf3,2,129.527834,19.303478
csyz,2,168.674618,25.250714
dxf3,2,128.884830,19.218710
dzf3,2,538.823330,79.727641
csxz,2,168.309558,25.212771
dxf,3,105.128130,15.894243
dzb,3,539.447328,79.796323
dyb,3,129.697265,19.330832
cvx,3,170.084838,25.617916
dyf,3,129.939918,19.390309
dzb2,3,539.586858,79.977542
dxb,3,128.580149,19.169445
cvy,3,169.742645,25.523685
dzf,3,538.449738,79.629859
dxb2,3,128.583999,19.175088
dyb2,3,130.151228,19.410280
cvz,3,198.298741,29.784470
dzb3,3,538.607442,79.699187
dxb3,3,128.587332,19.166436
dyb3,3,130.059374,19.399907
csxxsyyszz,3,254.946316,38.891636
dyf2,3,130.256419,19.427942
dxf2,3,129.516471,19.315379
csxy,3,140.573030,21.126047
dzf2,3,539.000130,79.449090
dyf3,3,129.634214,19.334176
csyz,3,168.654773,25.266840
dxf3,3,128.823165,19.222150
dzf3,3,539.361052,79.694332
csxz,3,168.466217,25.237849
dxf,4,105.091424,15.892499
dzb,4,539.909567,79.717745
dyb,4,129.395977,19.291853
cvx,4,169.726501,25.583044
dyf,4,129.958126,19.399102
dzb2,4,539.314139,79.807400
dxb,4,128.763974,19.202546
cvy,4,169.762467,25.527534
dzf,4,538.848699,79.518225
dxb2,4,128.594529,19.171713
dyb2,4,130.255972,19.429479
cvz,4,198.154099,29.750484
dzb3,4,539.100054,79.574056
dxb3,4,128.694272,19.188192
dyb3,4,130.115813,19.409927
csxxsyyszz,4,254.664011,38.856902
dyf2,4,130.169186,19.422943
dxf2,4,129.242212,19.288043
csxy,4,140.594895,21.132922
dzf2,4,539.331397,79.348257
dyf3,4,129.598599,19.329482
csyz,4,168.716875,25.271182
dxf3,4,129.174088,19.272576
dzf3,4,539.727039,79.561724
csxz,4,168.316396,25.211175
#========================= OptEWE [OpenMP] =========================
#Source type                                  :  Force monopole
#Grid Size                                    :  512 x 512 x 512
#Iterations                                   :  5
#Compute time                                 :  30.277733
#Total effective MLUPS                        :  22.164428
#===================================================================
#Number of threads                            :  14
