dxf,0,49.365654,8.191673
dzb,0,215.717635,36.078028
dyb,0,52.834731,8.771054
cvx,0,66.896328,11.159758
dyf,0,52.436753,8.746620
dzb2,0,216.019788,36.107385
dxb,0,49.211768,8.176511
cvy,0,246.841804,36.211468
dzf,0,214.833671,35.887044
dxb2,0,49.649611,8.263618
dyb2,0,52.827768,8.789587
cvz,0,70.945906,12.089872
dzb3,0,216.141935,36.159405
dxb3,0,49.534988,8.230942
dyb3,0,52.970492,8.809777
csxxsyyszz,0,177.338319,28.398155
dyf2,0,52.117377,8.666565
dxf2,0,49.681433,8.272202
csxy,0,47.762420,8.291532
dzf2,0,214.619172,35.967837
dyf3,0,52.682484,8.755658
csyz,0,56.578867,9.817287
dxf3,0,49.046292,8.218379
dzf3,0,214.266757,35.873437
csxz,0,56.876311,9.879194
dxf,1,48.936922,8.211860
dzb,1,215.777233,36.086504
dyb,1,52.259083,8.703677
cvx,1,66.909877,11.196580
dyf,1,52.489884,8.746248
dzb2,1,217.281744,36.315815
dxb,1,49.268002,8.192858
cvy,1,65.469363,10.964286
dzf,1,214.593495,35.905539
dxb2,1,49.632816,8.263499
dyb2,1,53.108283,8.830942
cvz,1,70.945554,12.093507
dzb3,1,216.069028,36.146340
dxb3,1,49.473585,8.234684
dyb3,1,52.844599,8.788472
csxxsyyszz,1,177.232152,28.390189
dyf2,1,52.180963,8.681245
dxf2,1,49.772776,8.285215
csxy,1,47.774131,8.300755
dzf2,1,214.448506,35.951149
dyf3,1,52.682993,8.753547
csyz,1,56.718444,9.844928
dxf3,1,49.017160,8.190311
dzf3,1,214.154124,35.887298
csxz,1,56.763477,9.869138
dxf,2,49.082198,8.218140
dzb,2,217.128261,36.307141
dyb,2,52.920654,8.785441
cvx,2,66.889998,11.171244
dyf,2,52.451564,8.763660
dzb2,2,215.851400,36.103384
dxb,2,49.214828,8.215137
cvy,2,65.470657,10.979160
dzf,2,214.493962,35.904898
dxb2,2,49.623392,8.269470
dyb2,2,53.181881,8.857321
cvz,2,70.942867,12.115957
dzb3,2,216.275718,36.194435
dxb3,2,49.577329,8.239800
dyb3,2,52.831311,8.788097
csxxsyyszz,2,177.285392,28.389432
dyf2,2,52.611786,8.767048
dxf2,2,49.670256,8.269732
csxy,2,47.790973,8.300755
dzf2,2,214.427294,35.942630
dyf3,2,52.118459,8.669640
csyz,2,57.424029,9.995309
dxf3,2,48.987466,8.444949
dzf3,2,213.409857,36.812827
csxz,2,56.952560,10.154248
dxf,3,48.987784,8.439738
dzb,3,214.930535,37.019172
dyb,3,52.813637,9.025753
cvx,3,66.652094,11.454726
dyf,3,51.803888,8.905992
dzb2,3,215.062744,36.969235
dxb,3,49.207701,8.219736
cvy,3,65.487174,11.042408
dzf,3,214.375090,35.903485
dxb2,3,49.690785,8.290201
dyb2,3,52.803096,8.851730
cvz,3,70.915992,12.103857
dzb3,3,216.224820,36.222616
dxb3,3,49.511596,8.244651
dyb3,3,52.927446,8.805314
csxxsyyszz,3,177.204373,28.347378
dyf2,3,52.049248,8.713068
dxf2,3,49.524055,8.248183
csxy,3,47.715430,8.293477
dzf2,3,214.292953,35.933505
dyf3,3,52.170060,8.706724
csyz,3,56.467529,9.818778
dxf3,3,49.021902,8.198192
dzf3,3,214.084740,35.887317
csxz,3,56.772619,9.858736
dxf,4,48.844975,8.173596
dzb,4,215.857726,36.246441
dyb,4,52.855598,8.807553
cvx,4,66.923818,11.185381
dyf,4,52.393566,8.759307
dzb2,4,215.958453,36.163461
dxb,4,49.188542,8.217621
cvy,4,65.476295,11.009546
dzf,4,214.603062,35.962281
dxb2,4,49.751374,8.288359
dyb2,4,53.221946,8.891935
cvz,4,70.905241,12.124427
dzb3,4,216.207417,36.189079
dxb3,4,49.582762,8.297213
dyb3,4,53.279643,8.854592
csxxsyyszz,4,177.250808,28.373744
dyf2,4,52.097821,8.699009
dxf2,4,49.732893,8.343058
csxy,4,47.802143,8.306476
dzf2,4,214.386499,35.939266
dyf3,4,52.629266,8.822224
csyz,4,56.639414,9.847201
dxf3,4,49.091793,8.205669
dzf3,4,214.077679,35.975208
csxz,4,57.088516,9.956886
#========================= OptEWE [OpenMP] =========================
#Source type                                  :  Force monopole
#Grid Size                                    :  512 x 512 x 512
#Iterations                                   :  5
#Compute time                                 :  12.406608
#Total effective MLUPS                        :  54.091228
#===================================================================
#Number of threads                            :  9
