dxf,0,80.127909,13.353145
dzb,0,420.380081,68.375142
dyb,0,98.936852,16.180132
cvx,0,132.413958,21.740099
dyf,0,99.573001,16.531089
dzb2,0,419.997476,69.096940
dxb,0,98.203446,16.200622
cvy,0,270.759627,42.588398
dzf,0,419.632335,68.431342
dxb2,0,98.284759,16.077543
dyb2,0,99.434184,16.287762
cvz,0,154.277547,25.300157
dzb3,0,420.029963,68.422581
dxb3,0,98.214110,16.065618
dyb3,0,99.684936,16.325505
csxxsyyszz,0,198.994053,33.628502
dyf2,0,99.873976,16.363881
dxf2,0,98.890066,16.178538
csxy,0,109.345755,17.966443
dzf2,0,419.559518,68.189258
dyf3,0,99.208374,16.261946
csyz,0,131.423518,21.522700
dxf3,0,98.357446,16.101359
dzf3,0,419.898288,68.432199
csxz,0,130.810415,21.446466
dxf,1,79.496246,13.284828
dzb,1,420.169538,68.345751
dyb,1,98.851084,16.183034
cvx,1,132.296995,21.740518
dyf,1,99.518422,16.307596
dzb2,1,419.939703,68.421866
dxb,1,98.101999,16.053043
cvy,1,131.925252,21.657935
dzf,1,419.974153,68.312760
dxb2,1,98.231232,16.071366
dyb2,1,99.358576,16.280296
cvz,1,154.043217,25.260989
dzb3,1,419.564151,68.350960
dxb3,1,98.286636,16.076499
dyb3,1,99.441711,16.289979
csxxsyyszz,1,198.925131,33.638239
dyf2,1,99.661171,16.338511
dxf2,1,98.655987,16.146655
csxy,1,109.436832,17.981161
dzf2,1,419.223619,68.315275
dyf3,1,99.105258,16.259885
csyz,1,131.353411,21.523811
dxf3,1,98.475753,16.116049
dzf3,1,419.984532,68.411713
csxz,1,130.998066,21.467928
dxf,2,79.516222,13.290743
dzb,2,419.895868,68.417592
dyb,2,98.961028,16.210682
cvx,2,132.102834,21.712061
dyf,2,99.416631,16.303097
dzb2,2,420.853153,68.364825
dxb,2,98.099138,16.039454
cvy,2,131.928110,21.659148
dzf,2,419.749012,68.375966
dxb2,2,98.349170,16.083654
dyb2,2,99.268031,16.271234
cvz,2,154.278132,25.296050
dzb3,2,419.967514,68.411310
dxb3,2,98.114590,16.054858
dyb3,2,99.288587,16.277798
csxxsyyszz,2,199.762104,33.765385
dyf2,2,100.102933,16.400810
dxf2,2,98.834417,16.174252
csxy,2,109.565940,18.002128
dzf2,2,419.317044,68.313941
dyf3,2,99.522630,16.318508
csyz,2,131.417803,21.520653
dxf3,2,98.448342,16.114270
dzf3,2,419.763257,68.405207
csxz,2,130.851257,21.450932
dxf,3,79.480828,13.288753
dzb,3,420.646473,68.544191
dyb,3,98.969738,16.203572
cvx,3,132.426358,21.763382
dyf,3,99.252668,16.279525
dzb2,3,420.196999,68.463980
dxb,3,98.220328,16.069827
cvy,3,132.107428,21.687184
dzf,3,419.348237,68.335084
dxb2,3,98.273705,16.080649
dyb2,3,99.508914,16.301727
cvz,3,154.147714,25.289365
dzb3,3,419.837683,68.413845
dxb3,3,98.229129,16.071758
dyb3,3,99.422822,16.294637
csxxsyyszz,3,199.497501,33.721528
dyf2,3,99.504028,16.315335
dxf2,3,98.813074,16.180517
csxy,3,109.598077,18.006050
dzf2,3,419.291347,68.468731
dyf3,3,99.009288,16.256026
csyz,3,131.424327,21.539384
dxf3,3,98.331614,16.103030
dzf3,3,420.018705,68.417636
csxz,3,130.804425,21.454402
dxf,4,79.427639,13.283905
dzb,4,420.123481,68.317850
dyb,4,98.800699,16.186395
cvx,4,132.922350,21.846507
dyf,4,99.321078,16.275381
dzb2,4,420.253339,68.441914
dxb,4,98.086179,16.049228
cvy,4,131.986996,21.676383
dzf,4,420.040706,68.256862
dxb2,4,98.252965,16.071483
dyb2,4,99.717897,16.330039
cvz,4,154.178749,25.284449
dzb3,4,419.629915,68.290531
dxb3,4,98.311910,16.072645
dyb3,4,99.474449,16.301990
csxxsyyszz,4,199.174123,33.669716
dyf2,4,99.780839,16.352078
dxf2,4,98.819024,16.168645
csxy,4,109.459666,17.980722
dzf2,4,419.582498,68.370269
dyf3,4,99.024241,16.249167
csyz,4,131.292403,21.518010
dxf3,4,98.469039,16.116058
dzf3,4,419.911990,68.433060
csxz,4,130.901500,21.460996
#========================= OptEWE [OpenMP] =========================
#Source type                                  :  Force monopole
#Grid Size                                    :  512 x 512 x 512
#Iterations                                   :  5
#Compute time                                 :  23.522526
#Total effective MLUPS                        :  28.529616
#===================================================================
#Number of threads                            :  14
