dxf,0,48.900333,7.939091
dzb,0,186.848792,31.349475
dyb,0,49.067663,8.040001
cvx,0,58.836756,9.903819
dyf,0,49.576205,8.119440
dzb2,0,186.384741,31.320939
dxb,0,48.254721,7.868415
cvy,0,209.261563,31.355266
dzf,0,185.881301,32.344712
dxb2,0,48.285724,8.218592
dyb2,0,49.477470,8.499696
cvz,0,67.470634,11.936435
dzb3,0,185.885312,32.440341
dxb3,0,48.109938,8.144050
dyb3,0,49.415200,8.410879
csxxsyyszz,0,137.292777,23.132968
dyf2,0,49.510631,8.424088
dxf2,0,48.439429,8.232402
csxy,0,48.425589,8.433437
dzf2,0,185.837705,32.149052
dyf3,0,48.903602,8.278646
csyz,0,57.637033,10.007352
dxf3,0,48.459654,8.155275
dzf3,0,186.425465,32.245283
csxz,0,57.150885,9.924517
dxf,1,48.442840,8.158258
dzb,1,187.727525,32.429184
dyb,1,48.938496,8.254823
cvx,1,58.741582,10.201332
dyf,1,49.172409,8.104167
dzb2,1,186.273266,31.318059
dxb,1,48.200111,7.866619
cvy,1,58.491468,9.876040
dzf,1,186.312797,31.301788
dxb2,1,48.242399,7.868456
dyb2,1,49.423061,8.123673
cvz,1,67.682431,11.491177
dzb3,1,186.458726,31.312420
dxb3,1,48.187619,7.858075
dyb3,1,49.476282,8.150247
csxxsyyszz,1,133.765052,21.811134
dyf2,1,49.521228,8.125244
dxf2,1,48.445716,7.913850
csxy,1,48.356548,8.182411
dzf2,1,186.069386,31.264110
dyf3,1,48.965915,8.055015
csyz,1,57.572157,9.708227
dxf3,1,48.481924,7.942793
dzf3,1,186.700984,31.378923
csxz,1,57.217481,9.660420
dxf,2,48.489199,7.935257
dzb,2,186.910967,31.431738
dyb,2,49.169577,8.049469
cvx,2,58.846229,9.920248
dyf,2,49.478122,8.135877
dzb2,2,186.457313,31.338093
dxb,2,48.314678,7.883264
cvy,2,58.423568,9.899265
dzf,2,186.417610,31.324603
dxb2,2,48.358038,7.894329
dyb2,2,49.494350,8.133207
cvz,2,67.647845,11.471947
dzb3,2,186.725585,31.365304
dxb3,2,48.086781,7.848604
dyb3,2,49.548029,8.151501
csxxsyyszz,2,136.121054,22.132124
dyf2,2,49.591277,8.139168
dxf2,2,48.464162,7.913107
csxy,2,48.374360,8.175267
dzf2,2,186.090549,31.274347
dyf3,2,48.935190,8.054854
csyz,2,57.624994,9.732153
dxf3,2,48.465442,7.920949
dzf3,2,186.862436,31.409413
csxz,2,57.220854,9.666445
dxf,3,48.571144,7.957289
dzb,3,186.929020,31.412277
dyb,3,49.291373,8.087288
cvx,3,58.783378,9.923614
dyf,3,49.511543,8.149745
dzb2,3,186.374280,31.337893
dxb,3,48.179375,7.888770
cvy,3,58.408191,9.881327
dzf,3,186.262803,31.307754
dxb2,3,48.211347,7.873515
dyb2,3,49.461473,8.126956
cvz,3,67.715320,11.490872
dzb3,3,186.670882,31.354005
dxb3,3,48.148017,7.874126
dyb3,3,49.404473,8.115653
csxxsyyszz,3,135.012071,21.978880
dyf2,3,49.536797,8.120999
dxf2,3,48.451261,7.922992
csxy,3,48.482899,8.190822
dzf2,3,186.047691,31.279515
dyf3,3,48.911425,8.052532
csyz,3,57.556910,9.717240
dxf3,3,48.477684,7.931434
dzf3,3,186.903604,31.436589
csxz,3,57.233278,9.666482
dxf,4,48.442176,7.933133
dzb,4,186.929131,31.415030
dyb,4,49.181866,8.062812
cvx,4,58.832711,9.942360
dyf,4,49.288926,8.098243
dzb2,4,186.404555,31.347817
dxb,4,48.201701,7.911104
cvy,4,58.387603,9.855584
dzf,4,186.455122,31.336113
dxb2,4,48.366557,7.889915
dyb2,4,49.458802,8.151004
cvz,4,67.635028,11.451884
dzb3,4,186.441095,31.315533
dxb3,4,48.107894,7.878630
dyb3,4,49.437275,8.124071
csxxsyyszz,4,135.111315,22.001817
dyf2,4,50.197742,8.256563
dxf2,4,48.423761,7.932296
csxy,4,48.370088,8.165838
dzf2,4,186.080008,31.292371
dyf3,4,48.785506,8.067293
csyz,4,57.529882,9.716943
dxf3,4,48.417652,7.909749
dzf3,4,186.794551,31.412658
csxz,4,57.085042,9.709127
#========================= OptEWE [OpenMP] =========================
#Source type                                  :  Force monopole
#Grid Size                                    :  512 x 512 x 512
#Iterations                                   :  5
#Compute time                                 :  11.094020
#Total effective MLUPS                        :  60.491025
#===================================================================
#Number of threads                            :  10
