dxf,0,25.340226,6.012672
dzb,0,89.638400,22.788716
dyb,0,24.141910,5.820057
cvx,0,28.681942,7.247568
dyf,0,24.200720,5.844008
dzb2,0,89.674203,22.834402
dxb,0,23.932666,5.761909
cvy,0,237.292662,47.014352
dzf,0,89.309595,22.732113
dxb2,0,23.911316,5.766333
dyb2,0,24.442096,5.910404
cvz,0,33.249148,8.445402
dzb3,0,89.475180,22.784952
dxb3,0,23.904772,5.764158
dyb3,0,24.410558,5.907824
csxxsyyszz,0,66.253030,15.804879
dyf2,0,24.325303,5.869649
dxf2,0,24.094902,5.838612
csxy,0,23.540482,5.979635
dzf2,0,90.014048,22.911877
dyf3,0,24.074447,5.834928
csyz,0,28.099969,7.127557
dxf3,0,23.925430,5.796533
dzf3,0,89.448973,22.836396
csxz,0,27.890529,7.103790
dxf,1,23.922675,5.804717
dzb,1,89.657843,22.884055
dyb,1,24.031545,5.822104
cvx,1,28.654817,7.265667
dyf,1,24.170873,5.859926
dzb2,1,89.639004,22.879863
dxb,1,23.867916,5.766011
cvy,1,30.233377,7.559053
dzf,1,89.236896,22.747073
dxb2,1,23.900722,5.782899
dyb2,1,24.427726,5.924780
cvz,1,33.176591,8.446641
dzb3,1,89.478766,22.828515
dxb3,1,23.918866,5.785136
dyb3,1,24.415704,5.914822
csxxsyyszz,1,65.786909,15.735467
dyf2,1,24.267584,5.866922
dxf2,1,24.165538,5.863396
csxy,1,23.539730,5.983799
dzf2,1,89.281924,22.804418
dyf3,1,24.054786,5.837680
csyz,1,28.040765,7.129481
dxf3,1,23.903938,5.802322
dzf3,1,89.625003,22.899557
csxz,1,27.880392,7.110822
dxf,2,23.896255,5.799979
dzb,2,89.698374,22.909309
dyb,2,24.090366,5.827668
cvx,2,28.689577,7.286196
dyf,2,24.175970,5.857093
dzb2,2,89.680679,22.914768
dxb,2,23.888057,5.785209
cvy,2,28.557355,7.241907
dzf,2,89.266617,22.806884
dxb2,2,23.899039,5.788586
dyb2,2,24.446413,5.934837
cvz,2,33.218426,8.460733
dzb3,2,89.439006,22.838643
dxb3,2,23.911697,5.788543
dyb3,2,24.443332,5.923630
csxxsyyszz,2,66.302071,15.840344
dyf2,2,24.354383,5.873036
dxf2,2,24.131786,5.862168
csxy,2,23.565443,5.989275
dzf2,2,89.281728,22.818594
dyf3,2,24.116885,5.870606
csyz,2,28.084630,7.135836
dxf3,2,23.882719,5.797291
dzf3,2,89.386586,22.867249
csxz,2,27.890928,7.117356
dxf,3,23.899744,5.802021
dzb,3,89.647309,22.917570
dyb,3,24.128933,5.862055
cvx,3,28.720328,7.287065
dyf,3,24.141976,5.848626
dzb2,3,89.654773,22.912828
dxb,3,23.856303,5.772748
cvy,3,28.544903,7.247313
dzf,3,89.265688,22.820625
dxb2,3,23.863523,5.779864
dyb2,3,24.405072,5.926326
cvz,3,33.226539,8.468258
dzb3,3,89.484738,22.851796
dxb3,3,23.926647,5.792163
dyb3,3,24.444082,5.924399
csxxsyyszz,3,65.789530,15.764693
dyf2,3,24.283050,5.877549
dxf2,3,24.130216,5.866427
csxy,3,23.550055,6.000318
dzf2,3,89.353734,22.842520
dyf3,3,24.101863,5.845976
csyz,3,28.072306,7.143583
dxf3,3,23.923992,5.810659
dzf3,3,89.421634,22.877689
csxz,3,27.874366,7.118416
dxf,4,23.949245,5.815475
dzb,4,89.632754,22.916804
dyb,4,24.128762,5.836724
cvx,4,28.680051,7.291903
dyf,4,24.174309,5.859480
dzb2,4,89.649629,22.931586
dxb,4,23.891156,5.786796
cvy,4,28.548188,7.247195
dzf,4,89.340323,22.837006
dxb2,4,23.847521,5.778254
dyb2,4,24.436097,5.936914
cvz,4,33.255536,8.475648
dzb3,4,89.485557,22.859626
dxb3,4,23.906892,5.789293
dyb3,4,24.398658,5.919255
csxxsyyszz,4,65.768996,15.758914
dyf2,4,24.269947,5.879861
dxf2,4,24.139878,5.868427
csxy,4,23.540376,5.996204
dzf2,4,89.303142,22.840137
dyf3,4,24.070737,5.848495
csyz,4,28.062919,7.143416
dxf3,4,23.890429,5.807524
dzf3,4,89.413175,22.879455
csxz,4,27.841275,7.165514
#========================= OptEWE [OpenMP] =========================
#Source type                                  :  Force monopole
#Grid Size                                    :  512 x 512 x 512
#Iterations                                   :  5
#Compute time                                 :  5.522543
#Total effective MLUPS                        :  121.518048
#===================================================================
#Number of threads                            :  24
