dxf,0,106.438427,14.933656
dzb,0,536.917436,73.890141
dyb,0,129.377180,17.892073
cvx,0,169.104767,23.495673
dyf,0,129.630436,17.943177
dzb2,0,536.742713,73.891786
dxb,0,128.198386,17.722563
cvy,0,318.614135,42.680976
dzf,0,537.756307,73.781236
dxb2,0,128.041371,17.693963
dyb2,0,130.099698,18.002299
cvz,0,197.277778,27.360519
dzb3,0,537.634155,73.791657
dxb3,0,128.468209,17.752453
dyb3,0,129.930619,17.980637
csxxsyyszz,0,258.158899,36.771135
dyf2,0,129.967101,18.486207
dxf2,0,128.833181,18.190501
csxy,0,140.083652,19.750931
dzf2,0,536.542800,75.067746
dyf3,0,129.424913,18.151103
csyz,0,168.117578,23.530650
dxf3,0,128.215606,17.929473
dzf3,0,539.763944,74.412095
csxz,0,167.970081,23.275534
dxf,1,105.519907,14.824930
dzb,1,537.020240,73.946639
dyb,1,129.382478,17.902930
cvx,1,169.029028,23.493922
dyf,1,130.351880,18.053488
dzb2,1,537.587208,73.800299
dxb,1,128.194486,17.727694
cvy,1,168.975839,23.462916
dzf,1,536.156820,73.848749
dxb2,1,128.148890,17.718062
dyb2,1,129.939591,17.979522
cvz,1,197.026242,27.331574
dzb3,1,538.095380,73.830670
dxb3,1,128.202956,17.721839
dyb3,1,129.970227,17.980537
csxxsyyszz,1,257.072165,36.532907
dyf2,1,129.923982,17.987281
dxf2,1,128.727933,17.795522
csxy,1,140.026622,19.428077
dzf2,1,536.633465,73.877744
dyf3,1,129.399483,17.913679
csyz,1,168.149890,23.284679
dxf3,1,128.394093,17.759001
dzf3,1,537.414364,73.993182
csxz,1,167.797856,23.253779
dxf,2,105.396335,14.808923
dzb,2,537.277682,73.973491
dyb,2,129.463403,17.902392
cvx,2,168.875038,23.467173
dyf,2,129.796451,17.965537
dzb2,2,537.560179,73.777016
dxb,2,128.217288,17.727889
cvy,2,169.047703,23.471803
dzf,2,536.726706,73.912653
dxb2,2,128.101027,17.718712
dyb2,2,130.082969,18.008237
cvz,2,197.197969,27.360598
dzb3,2,536.771746,74.073377
dxb3,2,128.345699,17.761193
dyb3,2,130.692271,18.089617
csxxsyyszz,2,257.172605,36.599806
dyf2,2,130.010133,18.065129
dxf2,2,128.874571,17.887418
csxy,2,140.328038,19.553649
dzf2,2,537.245261,74.250109
dyf3,2,129.191229,17.959553
csyz,2,168.112057,23.384510
dxf3,2,128.479101,17.845747
dzf3,2,536.616406,74.057925
csxz,2,168.149940,23.316214
dxf,3,105.414256,14.821293
dzb,3,536.487616,73.920862
dyb,3,129.476820,17.913389
cvx,3,168.916261,23.489047
dyf,3,129.747557,17.971274
dzb2,3,538.250584,73.877632
dxb,3,128.155589,17.720714
cvy,3,168.947677,23.473913
dzf,3,536.054425,73.865408
dxb2,3,128.141923,17.736936
dyb2,3,130.008018,18.000077
cvz,3,197.200928,27.370794
dzb3,3,536.365815,73.908565
dxb3,3,128.207083,17.741764
dyb3,3,129.941963,17.985678
csxxsyyszz,3,257.406569,36.597325
dyf2,3,130.134314,18.024958
dxf2,3,128.762189,17.821182
csxy,3,140.117153,19.461729
dzf2,3,536.748029,73.911474
dyf3,3,129.585774,17.966795
csyz,3,168.203792,23.314405
dxf3,3,128.237117,17.747893
dzf3,3,537.207442,74.128396
csxz,3,167.670772,23.308593
dxf,4,105.506907,14.872036
dzb,4,536.020098,74.012617
dyb,4,129.380580,17.907235
cvx,4,169.321588,23.551295
dyf,4,129.937910,18.006195
dzb2,4,536.572938,73.948451
dxb,4,128.519972,17.777401
cvy,4,169.014915,23.478864
dzf,4,537.558995,74.067325
dxb2,4,128.247301,17.739807
dyb2,4,129.844709,17.982377
cvz,4,197.574363,27.429576
dzb3,4,536.480222,73.930936
dxb3,4,128.268483,17.743601
dyb3,4,129.831998,17.973183
csxxsyyszz,4,257.427441,36.606628
dyf2,4,130.075159,18.020090
dxf2,4,128.586774,17.794183
csxy,4,139.957694,19.442456
dzf2,4,537.190670,74.051209
dyf3,4,129.290221,18.375496
csyz,4,168.244438,23.899864
dxf3,4,128.537503,18.159506
dzf3,4,537.402269,74.498883
csxz,4,167.907001,23.264796
#========================= OptEWE [OpenMP] =========================
#Source type                                  :  Force monopole
#Grid Size                                    :  512 x 512 x 512
#Iterations                                   :  5
#Compute time                                 :  30.238791
#Total effective MLUPS                        :  22.192972
#===================================================================
#Number of threads                            :  13
