dxf,0,30.372894,5.645443
dzb,0,114.729728,22.390841
dyb,0,29.796877,5.649392
cvx,0,36.198371,7.009624
dyf,0,29.389918,5.597713
dzb2,0,116.622596,22.717686
dxb,0,29.533646,5.570307
cvy,0,291.578459,45.866012
dzf,0,114.115624,22.328172
dxb2,0,29.200790,5.547208
dyb2,0,30.126967,5.736245
cvz,0,42.053197,8.177435
dzb3,0,114.298842,22.335200
dxb3,0,29.496605,5.578307
dyb3,0,31.309070,5.900336
csxxsyyszz,0,89.127185,16.530154
dyf2,0,29.497633,5.611568
dxf2,0,29.351998,5.591437
csxy,0,29.436142,5.761887
dzf2,0,114.070690,22.326633
dyf3,0,29.497119,5.636447
csyz,0,35.271284,6.893391
dxf3,0,29.063233,5.531624
dzf3,0,114.371730,22.413654
csxz,0,35.113414,6.871790
dxf,1,28.941807,5.520288
dzb,1,114.690799,22.441330
dyb,1,29.808483,5.679838
cvx,1,36.241623,7.041962
dyf,1,29.340490,5.609712
dzb2,1,114.701693,22.446799
dxb,1,29.498989,5.603380
cvy,1,36.154296,7.009414
dzf,1,114.045999,22.328559
dxb2,1,29.179033,5.555311
dyb2,1,30.114307,5.745951
cvz,1,42.010751,8.187203
dzb3,1,114.352878,22.383589
dxb3,1,29.410704,5.577242
dyb3,1,30.277604,5.758658
csxxsyyszz,1,89.216018,16.592341
dyf2,1,29.448730,5.613783
dxf2,1,29.424440,5.614966
csxy,1,29.444549,5.767807
dzf2,1,114.004440,22.322511
dyf3,1,29.422978,5.613619
csyz,1,35.261453,6.902548
dxf3,1,29.078398,5.542249
dzf3,1,114.428908,22.424243
csxz,1,35.070557,6.878568
dxf,2,28.913334,5.523290
dzb,2,114.726679,22.471717
dyb,2,29.825236,5.669681
cvx,2,36.219221,7.029269
dyf,2,29.348619,5.602036
dzb2,2,114.750451,22.471551
dxb,2,29.540229,5.623840
cvy,2,36.205614,7.026271
dzf,2,114.124476,22.350073
dxb2,2,29.191232,5.543156
dyb2,2,30.109666,5.753298
cvz,2,42.033991,8.195076
dzb3,2,114.341848,22.386852
dxb3,2,29.464867,5.587275
dyb3,2,30.111491,5.730122
csxxsyyszz,2,89.076975,16.572722
dyf2,2,29.423791,5.628724
dxf2,2,29.341692,5.598466
csxy,2,29.424388,5.778807
dzf2,2,114.040102,22.344363
dyf3,2,29.465537,5.631482
csyz,2,35.273731,6.898398
dxf3,2,29.087472,5.543509
dzf3,2,114.443941,22.422133
csxz,2,35.100736,6.869664
dxf,3,28.916365,5.518447
dzb,3,114.827150,22.474816
dyb,3,29.813075,5.668812
cvx,3,36.175771,7.028928
dyf,3,29.322709,5.602056
dzb2,3,114.741034,22.467357
dxb,3,29.537429,5.604727
cvy,3,36.140189,7.021539
dzf,3,114.015014,22.349891
dxb2,3,29.166735,5.546619
dyb2,3,30.069335,5.736078
cvz,3,42.063781,8.196582
dzb3,3,114.247725,22.369901
dxb3,3,29.430671,5.583876
dyb3,3,30.116407,5.731999
csxxsyyszz,3,89.096176,16.574948
dyf2,3,29.483704,5.625919
dxf2,3,29.328233,5.606304
csxy,3,29.427340,5.773217
dzf2,3,114.074950,22.352052
dyf3,3,29.489723,5.625521
csyz,3,35.223856,6.894713
dxf3,3,29.053393,5.538069
dzf3,3,114.445155,22.419904
csxz,3,35.103809,6.881295
dxf,4,28.918089,5.523355
dzb,4,114.631024,22.446063
dyb,4,29.811941,5.669438
cvx,4,36.211288,7.033328
dyf,4,29.357350,5.608319
dzb2,4,114.690498,22.462282
dxb,4,29.453088,5.586467
cvy,4,36.144314,7.018774
dzf,4,114.049465,22.344354
dxb2,4,29.190011,5.564110
dyb2,4,30.094828,5.756576
cvz,4,41.969054,8.191895
dzb3,4,114.336283,22.398699
dxb3,4,29.606528,5.634433
dyb3,4,30.127509,5.741173
csxxsyyszz,4,89.085406,16.585304
dyf2,4,29.466141,5.639677
dxf2,4,29.297843,5.619043
csxy,4,29.467697,5.786481
dzf2,4,114.071180,22.369382
dyf3,4,29.473859,5.667419
csyz,4,35.278388,6.911584
dxf3,4,29.076371,5.551476
dzf3,4,114.410784,22.459280
csxz,4,35.068107,6.941094
#========================= OptEWE [OpenMP] =========================
#Source type                                  :  Force monopole
#Grid Size                                    :  512 x 512 x 512
#Iterations                                   :  5
#Compute time                                 :  6.977846
#Total effective MLUPS                        :  96.174181
#===================================================================
#Number of threads                            :  21
