dxf,0,153.352012,17.884554
dzb,0,860.484767,97.010047
dyb,0,188.168746,21.726928
cvx,0,304.786409,34.762209
dyf,0,186.173432,21.522465
dzb2,0,864.568330,97.493929
dxb,0,158.032984,18.389977
cvy,0,696.589739,77.010339
dzf,0,872.149083,98.521909
dxb2,0,156.881742,19.305638
dyb2,0,187.321181,22.758780
cvz,0,304.078086,36.544645
dzb3,0,869.399539,100.259307
dxb3,0,157.331454,18.441052
dyb3,0,186.755335,21.731789
csxxsyyszz,0,841.639219,94.751177
dyf2,0,184.425604,21.374530
dxf2,0,154.782689,18.047934
csxy,0,132.521369,15.761636
dzf2,0,852.167086,96.019471
dyf3,0,185.837559,21.527094
csyz,0,145.952131,17.305628
dxf3,0,154.099773,17.983245
dzf3,0,859.562579,96.965595
csxz,0,142.294274,16.887069
dxf,1,153.653744,17.927922
dzb,1,858.848948,96.860557
dyb,1,188.059765,21.717562
cvx,1,304.720728,34.734428
dyf,1,183.880908,21.266820
dzb2,1,863.229346,97.332474
dxb,1,158.091299,18.389723
cvy,1,299.532477,34.176431
dzf,1,871.224498,98.366283
dxb2,1,157.536131,18.345032
dyb2,1,186.822643,21.597641
cvz,1,304.559260,34.836702
dzb3,1,869.571383,98.027573
dxb3,1,159.121907,18.550921
dyb3,1,186.801134,21.581244
csxxsyyszz,1,838.270790,94.121092
dyf2,1,184.382017,21.313346
dxf2,1,153.014797,17.835108
csxy,1,132.316285,15.751192
dzf2,1,859.018070,96.698395
dyf3,1,185.819553,21.490726
csyz,1,146.117012,17.278213
dxf3,1,154.427301,17.998081
dzf3,1,858.844738,96.940225
csxz,1,142.422669,16.916277
dxf,2,153.646596,17.958437
dzb,2,859.296088,96.858311
dyb,2,185.303161,21.407345
cvx,2,305.183509,34.718724
dyf,2,184.257776,21.278181
dzb2,2,868.378390,97.670857
dxb,2,158.392197,18.389334
cvy,2,299.485269,34.161841
dzf,2,869.862673,97.990252
dxb2,2,157.820373,18.373790
dyb2,2,188.366192,21.826684
cvz,2,304.581307,34.799658
dzb3,2,869.389035,97.874263
dxb3,2,157.650103,18.346778
dyb3,2,186.840958,21.589323
csxxsyyszz,2,843.286157,94.691926
dyf2,2,185.450282,21.438969
dxf2,2,153.019745,17.832723
csxy,2,132.611585,15.801066
dzf2,2,854.489554,96.350058
dyf3,2,185.187736,21.437832
csyz,2,145.896026,17.274536
dxf3,2,154.366215,17.991827
dzf3,2,863.299253,97.286712
csxz,2,142.300671,16.897710
dxf,3,153.246284,17.883346
dzb,3,872.648858,99.845529
dyb,3,188.472159,21.807468
cvx,3,305.581434,34.920517
dyf,3,186.453815,21.640543
dzb2,3,870.683851,98.114685
dxb,3,158.281255,18.418868
cvy,3,300.189416,34.295522
dzf,3,872.469387,98.257744
dxb2,3,157.482295,18.334059
dyb2,3,186.745500,21.583260
cvz,3,304.620556,34.782117
dzb3,3,869.583022,97.897599
dxb3,3,157.375722,18.317568
dyb3,3,186.726212,21.602385
csxxsyyszz,3,830.218889,93.244954
dyf2,3,188.164296,21.783978
dxf2,3,153.061946,17.847146
csxy,3,132.407552,15.759957
dzf2,3,858.206629,96.597141
dyf3,3,185.799660,21.472280
csyz,3,146.026765,17.280861
dxf3,3,153.972871,17.943675
dzf3,3,857.471801,96.605451
csxz,3,142.530472,16.897779
dxf,4,153.046222,17.837907
dzb,4,858.848366,96.816051
dyb,4,184.980718,21.379320
cvx,4,304.653153,34.723738
dyf,4,183.926399,21.259406
dzb2,4,867.895227,97.762552
dxb,4,158.369719,18.393405
cvy,4,300.107825,34.200987
dzf,4,873.219025,98.164661
dxb2,4,157.492243,18.324197
dyb2,4,186.929257,21.600147
cvz,4,305.583539,34.851951
dzb3,4,871.201730,97.875345
dxb3,4,157.479771,18.318784
dyb3,4,186.839143,21.582157
csxxsyyszz,4,824.832181,92.604636
dyf2,4,184.630364,21.312150
dxf2,4,153.271814,17.832804
csxy,4,132.383830,15.712552
dzf2,4,860.940768,96.879929
dyf3,4,185.778352,21.468700
csyz,4,145.970378,17.298482
dxf3,4,154.237897,17.943503
dzf3,4,858.420134,96.545811
csxz,4,142.434665,16.914621
#========================= OptEWE [OpenMP] =========================
#Source type                                  :  Force monopole
#Grid Size                                    :  512 x 512 x 512
#Iterations                                   :  5
#Compute time                                 :  47.420383
#Total effective MLUPS                        :  14.151902
#===================================================================
#Number of threads                            :  2
