dxf,0,191.055779,21.520750
dzb,0,1123.030471,122.663000
dyb,0,236.494126,26.410456
cvx,0,402.252959,44.325238
dyf,0,232.783058,26.006791
dzb2,0,1123.154584,122.609666
dxb,0,199.307083,22.361064
cvy,0,894.718411,96.132423
dzf,0,1083.634176,118.520862
dxb2,0,199.814856,22.447732
dyb2,0,234.916555,26.236993
cvz,0,401.582042,44.272551
dzb3,0,1117.909107,122.020800
dxb3,0,197.450367,22.185632
dyb3,0,234.941381,26.225207
csxxsyyszz,0,1125.016194,123.132370
dyf2,0,233.453408,26.117848
dxf2,0,192.296732,21.720485
csxy,0,160.300801,18.431005
dzf2,0,1084.815457,118.946740
dyf3,0,233.189965,26.079940
csyz,0,175.954206,20.068099
dxf3,0,191.506991,21.590924
dzf3,0,1082.256555,118.378547
csxz,0,176.609234,20.202285
dxf,1,191.283523,21.585552
dzb,1,1128.394081,123.209022
dyb,1,235.412770,26.312840
cvx,1,403.493980,44.475621
dyf,1,233.060538,26.107490
dzb2,1,1129.263457,123.400361
dxb,1,199.856642,22.436145
cvy,1,398.218128,43.998746
dzf,1,1084.572826,118.644749
dxb2,1,199.857817,22.439508
dyb2,1,234.843193,26.224944
cvz,1,401.573753,44.280729
dzb3,1,1125.952334,122.876664
dxb3,1,197.205398,22.172972
dyb3,1,234.876530,26.232772
csxxsyyszz,1,1143.216967,124.345310
dyf2,1,232.746300,25.993981
dxf2,1,191.899156,21.610280
csxy,1,160.026538,18.353043
dzf2,1,1087.872220,119.011869
dyf3,1,232.968433,26.057992
csyz,1,175.539428,20.029842
dxf3,1,191.375166,21.591927
dzf3,1,1082.891025,118.473170
csxz,1,176.134472,20.192258
dxf,2,191.388388,21.536399
dzb,2,1127.111347,123.110456
dyb,2,235.305706,26.296529
cvx,2,403.008807,44.450253
dyf,2,233.397174,26.104977
dzb2,2,1129.031326,123.313352
dxb,2,199.799421,22.436058
cvy,2,398.243270,43.958340
dzf,2,1087.073936,118.991919
dxb2,2,200.368585,22.533654
dyb2,2,235.424108,26.262577
cvz,2,402.456535,44.446915
dzb3,2,1121.204429,122.465747
dxb3,2,197.680147,22.253916
dyb3,2,235.204084,26.307006
csxxsyyszz,2,1126.262979,122.631364
dyf2,2,233.354053,26.106236
dxf2,2,190.537393,21.511125
csxy,2,160.589617,19.145974
dzf2,2,1085.624173,121.704384
dyf3,2,232.327385,25.951787
csyz,2,175.464803,20.039666
dxf3,2,190.621236,21.459781
dzf3,2,1078.000783,117.812132
csxz,2,176.268316,20.192253
dxf,3,191.379842,21.532835
dzb,3,1125.493880,122.843984
dyb,3,234.752652,26.213963
cvx,3,402.239906,44.347322
dyf,3,232.943265,26.019339
dzb2,3,1122.385922,122.476117
dxb,3,199.237704,22.370007
cvy,3,397.425754,43.795271
dzf,3,1083.751666,118.586776
dxb2,3,199.564100,22.394740
dyb2,3,234.996140,26.242770
cvz,3,401.659437,44.271116
dzb3,3,1125.560585,122.879353
dxb3,3,197.929636,22.225309
dyb3,3,235.453960,26.267025
csxxsyyszz,3,1143.716386,124.332206
dyf2,3,233.078174,26.014995
dxf2,3,189.837697,21.373264
csxy,3,160.055626,18.341065
dzf2,3,1082.923292,118.256294
dyf3,3,232.273528,25.962150
csyz,3,175.580027,20.046626
dxf3,3,191.510845,21.533434
dzf3,3,1078.845078,117.939616
csxz,3,175.927146,20.109739
dxf,4,190.959021,21.499797
dzb,4,1126.463420,122.975249
dyb,4,235.289264,26.266273
cvx,4,402.969030,44.422721
dyf,4,233.374287,26.071383
dzb2,4,1128.798192,123.213814
dxb,4,199.791856,22.429617
cvy,4,398.222340,43.947692
dzf,4,1082.897011,118.345331
dxb2,4,200.006612,22.402473
dyb2,4,235.222015,26.222540
cvz,4,402.375765,44.298807
dzb3,4,1119.623367,122.007358
dxb3,4,197.312139,22.154236
dyb3,4,234.821912,26.209632
csxxsyyszz,4,1141.726192,124.143991
dyf2,4,233.094288,26.017289
dxf2,4,190.138175,21.425947
csxy,4,159.781156,18.322110
dzf2,4,1084.059790,118.855524
dyf3,4,233.302772,26.404289
csyz,4,175.891249,20.230847
dxf3,4,192.463492,22.041906
dzf3,4,1082.863813,118.779369
csxz,4,176.435403,20.246849
#========================= OptEWE [OpenMP] =========================
#Source type                                  :  Force monopole
#Grid Size                                    :  512 x 512 x 512
#Iterations                                   :  5
#Compute time                                 :  60.753719
#Total effective MLUPS                        :  11.046050
#===================================================================
#Number of threads                            :  2
