dxf,0,66.453927,11.658510
dzb,0,333.699003,57.673396
dyb,0,80.836118,13.943367
cvx,0,104.310313,18.117643
dyf,0,78.200098,13.575292
dzb2,0,334.517775,57.833741
dxb,0,80.596203,13.874095
cvy,0,269.326129,43.912829
dzf,0,333.364274,57.658833
dxb2,0,80.667755,13.889856
dyb2,0,81.633000,14.107510
cvz,0,122.591481,21.403211
dzb3,0,333.201608,57.647482
dxb3,0,80.770806,13.904152
dyb3,0,81.650374,14.097232
csxxsyyszz,0,148.935433,26.917224
dyf2,0,81.390111,14.076076
dxf2,0,81.385894,14.020804
csxy,0,88.563123,15.359674
dzf2,0,333.404327,57.680440
dyf3,0,80.835745,13.985693
csyz,0,106.123905,18.364717
dxf3,0,81.057517,13.977905
dzf3,0,333.605669,57.731206
csxz,0,105.452442,18.264584
dxf,1,65.560921,11.561350
dzb,1,333.762262,57.750708
dyb,1,81.163017,14.017122
cvx,1,104.119545,18.091998
dyf,1,78.186498,13.584048
dzb2,1,334.139604,57.805156
dxb,1,80.660289,13.901358
cvy,1,104.051835,18.054833
dzf,1,333.746543,57.726569
dxb2,1,80.475408,13.863483
dyb2,1,81.617015,14.098724
cvz,1,122.352196,21.221815
dzb3,1,333.451776,57.695492
dxb3,1,80.692460,13.901244
dyb3,1,81.521697,14.092326
csxxsyyszz,1,148.874348,26.902710
dyf2,1,81.422137,14.074993
dxf2,1,81.570556,14.047702
csxy,1,88.631311,15.370023
dzf2,1,333.643962,57.719408
dyf3,1,80.863410,13.978522
csyz,1,106.289128,18.389495
dxf3,1,81.179470,14.005659
dzf3,1,334.035241,57.824382
csxz,1,105.489919,18.270459
dxf,2,65.500583,11.539834
dzb,2,333.754302,57.737874
dyb,2,80.705766,13.929618
cvx,2,104.145894,18.107139
dyf,2,77.981107,13.546626
dzb2,2,334.015798,57.773797
dxb,2,80.706477,13.889880
cvy,2,104.346844,18.113160
dzf,2,333.171553,57.643774
dxb2,2,80.737935,13.924955
dyb2,2,81.609092,14.107557
cvz,2,122.383454,21.242165
dzb3,2,333.390278,57.691818
dxb3,2,80.695307,13.922892
dyb3,2,81.640914,14.109738
csxxsyyszz,2,148.672780,26.884622
dyf2,2,81.264294,14.069982
dxf2,2,81.546179,14.069295
csxy,2,88.524320,15.361059
dzf2,2,333.521400,57.710152
dyf3,2,80.885253,14.011397
csyz,2,106.006912,18.360912
dxf3,2,81.011681,13.969634
dzf3,2,334.128635,57.818920
csxz,2,105.361081,18.269069
dxf,3,65.625554,11.569687
dzb,3,333.571129,57.704817
dyb,3,80.879993,13.986444
cvx,3,104.179635,18.123202
dyf,3,78.051381,13.573745
dzb2,3,333.943393,57.788529
dxb,3,80.654768,13.918357
cvy,3,104.037941,18.081008
dzf,3,333.235979,57.684639
dxb2,3,80.730200,13.922267
dyb2,3,81.514486,14.102865
cvz,3,122.029298,21.196808
dzb3,3,333.379327,57.706965
dxb3,3,80.697057,13.917782
dyb3,3,81.684181,14.132347
csxxsyyszz,3,149.057140,26.943435
dyf2,3,81.380533,14.081651
dxf2,3,81.489239,14.061925
csxy,3,88.537058,15.367082
dzf2,3,333.115245,57.664982
dyf3,3,81.001226,14.037488
csyz,3,106.414245,18.422596
dxf3,3,80.984312,13.964238
dzf3,3,333.948018,57.797180
csxz,3,105.556807,18.299308
dxf,4,65.746971,11.592196
dzb,4,333.662295,57.756070
dyb,4,80.722391,13.959190
cvx,4,104.052766,18.104567
dyf,4,77.942546,13.555836
dzb2,4,334.146573,57.816803
dxb,4,80.535166,13.896122
cvy,4,104.165658,18.098537
dzf,4,333.294383,57.689277
dxb2,4,80.618403,13.905814
dyb2,4,81.562899,14.113575
cvz,4,122.292695,21.231713
dzb3,4,333.874676,57.753216
dxb3,4,80.650985,13.903934
dyb3,4,81.587595,14.110107
csxxsyyszz,4,148.602904,26.876197
dyf2,4,81.454471,14.102050
dxf2,4,81.463123,14.059749
csxy,4,88.542624,15.368294
dzf2,4,333.791419,57.755753
dyf3,4,80.755172,13.995142
csyz,4,106.028553,18.353493
dxf3,4,80.925760,13.949577
dzf3,4,333.951354,57.798505
csxz,4,105.390252,18.280141
#========================= OptEWE [OpenMP] =========================
#Source type                                  :  Force monopole
#Grid Size                                    :  512 x 512 x 512
#Iterations                                   :  5
#Compute time                                 :  18.847637
#Total effective MLUPS                        :  35.605982
#===================================================================
#Number of threads                            :  19
