dxf,0,72.900948,11.590142
dzb,0,365.363315,57.258005
dyb,0,88.768028,13.890963
cvx,0,114.389447,18.015598
dyf,0,85.477439,13.469451
dzb2,0,364.859302,57.202535
dxb,0,88.675017,13.853377
cvy,0,286.915298,42.672797
dzf,0,364.861584,57.212613
dxb2,0,88.513171,13.852065
dyb2,0,89.398252,14.014649
cvz,0,134.259166,21.130640
dzb3,0,364.339232,57.137673
dxb3,0,88.713754,13.845259
dyb3,0,89.520089,14.035594
csxxsyyszz,0,161.562318,26.454466
dyf2,0,89.644825,14.066972
dxf2,0,89.579570,13.998899
csxy,0,96.839789,15.232627
dzf2,0,364.489833,57.193906
dyf3,0,88.876210,13.940233
csyz,0,116.229512,18.248648
dxf3,0,89.022471,13.921500
dzf3,0,365.321564,57.297127
csxz,0,115.244118,18.115365
dxf,1,71.940350,11.490130
dzb,1,365.005938,57.276467
dyb,1,88.648196,13.898313
cvx,1,114.351392,18.041026
dyf,1,85.465927,13.466286
dzb2,1,364.907394,57.237742
dxb,1,88.581863,13.842515
cvy,1,114.155044,17.977820
dzf,1,365.063410,57.118993
dxb2,1,88.571597,13.824181
dyb2,1,89.630862,14.053454
cvz,1,134.335483,21.161912
dzb3,1,364.256912,57.278527
dxb3,1,88.543557,13.878464
dyb3,1,89.592282,14.081248
csxxsyyszz,1,161.278927,26.443436
dyf2,1,89.495692,14.058199
dxf2,1,89.385067,13.987780
csxy,1,96.801655,15.231691
dzf2,1,364.846983,57.227893
dyf3,1,88.803353,13.935836
csyz,1,115.999398,18.210914
dxf3,1,88.846758,13.899458
dzf3,1,365.520224,57.332144
csxz,1,115.033127,18.068066
dxf,2,71.954454,11.484251
dzb,2,364.854831,57.258157
dyb,2,88.797027,13.911164
cvx,2,114.108110,17.994160
dyf,2,85.432307,13.469336
dzb2,2,364.939766,57.261516
dxb,2,88.620379,13.848780
cvy,2,114.302859,18.005286
dzf,2,364.430811,57.192734
dxb2,2,88.623994,13.857838
dyb2,2,89.450514,14.031197
cvz,2,134.118141,21.122744
dzb3,2,364.779298,57.256395
dxb3,2,88.578434,13.852682
dyb3,2,89.551692,14.049651
csxxsyyszz,2,161.380111,26.450001
dyf2,2,89.388891,14.040440
dxf2,2,89.458334,13.984254
csxy,2,96.807958,15.238856
dzf2,2,364.287334,57.149191
dyf3,2,89.021226,13.952732
csyz,2,115.798582,18.187058
dxf3,2,88.986647,13.917264
dzf3,2,365.389549,57.173009
csxz,2,115.075441,18.040780
dxf,3,71.923227,11.475326
dzb,3,365.666298,57.377848
dyb,3,88.643298,13.878339
cvx,3,114.153020,17.992139
dyf,3,85.324762,13.444779
dzb2,3,365.121823,57.074285
dxb,3,89.635002,13.967669
cvy,3,114.513983,18.013493
dzf,3,364.550110,57.178961
dxb2,3,88.515681,13.835861
dyb2,3,89.643529,14.053100
cvz,3,134.273448,21.138071
dzb3,3,364.644624,57.214583
dxb3,3,88.825076,13.884593
dyb3,3,89.669890,14.058341
csxxsyyszz,3,161.791214,26.504973
dyf2,3,89.468033,14.040090
dxf2,3,89.627976,14.016067
csxy,3,96.710028,15.218260
dzf2,3,364.688836,57.213424
dyf3,3,88.980090,13.956403
csyz,3,115.680298,18.161065
dxf3,3,88.889448,13.890334
dzf3,3,365.803373,57.383160
csxz,3,115.214532,18.090774
dxf,4,71.880914,11.470175
dzb,4,365.086681,57.275334
dyb,4,88.591409,13.878459
cvx,4,114.115295,17.995539
dyf,4,85.367193,13.461278
dzb2,4,364.690868,57.216732
dxb,4,88.643171,13.853327
cvy,4,114.245773,17.997648
dzf,4,364.961754,57.258609
dxb2,4,88.519062,13.830242
dyb2,4,89.421675,14.017707
cvz,4,134.177182,21.126123
dzb3,4,364.364155,57.182274
dxb3,4,89.198769,13.952010
dyb3,4,89.491022,14.028701
csxxsyyszz,4,161.477573,26.467214
dyf2,4,89.437871,14.049608
dxf2,4,89.443548,13.992632
csxy,4,96.824258,15.239199
dzf2,4,364.699245,57.240591
dyf3,4,89.113260,13.976827
csyz,4,115.799001,18.189474
dxf3,4,88.914739,13.912563
dzf3,4,365.173542,57.305752
csxz,4,115.137637,18.111705
#========================= OptEWE [OpenMP] =========================
#Source type                                  :  Force monopole
#Grid Size                                    :  512 x 512 x 512
#Iterations                                   :  5
#Compute time                                 :  20.622179
#Total effective MLUPS                        :  32.542082
#===================================================================
#Number of threads                            :  19
