dxf,0,102.837096,14.298064
dzb,0,509.518538,69.970055
dyb,0,124.145403,17.073318
cvx,0,158.719852,21.959387
dyf,0,121.498716,16.770897
dzb2,0,510.462666,69.449964
dxb,0,124.662863,17.095879
cvy,0,372.066671,49.246728
dzf,0,509.506411,69.223573
dxb2,0,124.534425,17.087778
dyb2,0,125.251028,17.229289
cvz,0,185.280160,25.594175
dzb3,0,508.361977,69.624906
dxb3,0,124.722092,17.103754
dyb3,0,125.351818,17.238465
csxxsyyszz,0,226.956193,32.268964
dyf2,0,125.029336,17.220822
dxf2,0,125.655021,17.259879
csxy,0,133.154478,18.395291
dzf2,0,508.538819,69.858524
dyf3,0,124.427714,17.125721
csyz,0,158.302031,21.821192
dxf3,0,124.928742,17.157624
dzf3,0,509.624715,70.006452
csxz,0,157.412588,21.704126
dxf,1,101.445727,14.154510
dzb,1,510.782166,69.481212
dyb,1,124.054986,17.050791
cvx,1,158.692455,21.950017
dyf,1,121.375112,16.750875
dzb2,1,509.303271,70.000543
dxb,1,124.514757,17.109785
cvy,1,158.786637,21.950763
dzf,1,508.090058,69.835109
dxb2,1,124.480924,17.108347
dyb2,1,125.286780,17.243332
cvz,1,185.383429,25.609803
dzb3,1,508.844727,70.240775
dxb3,1,124.522300,17.160358
dyb3,1,125.196040,17.280503
csxxsyyszz,1,228.315595,32.499111
dyf2,1,125.169506,17.249491
dxf2,1,125.780648,17.276764
csxy,1,133.239966,18.408951
dzf2,1,509.243404,69.119077
dyf3,1,124.507804,17.125010
csyz,1,158.250170,21.826160
dxf3,1,124.968235,17.168751
dzf3,1,509.751083,69.922310
csxz,1,157.448802,21.708129
dxf,2,101.433997,14.159028
dzb,2,509.644619,70.032998
dyb,2,124.174510,17.084589
cvx,2,158.871603,21.983733
dyf,2,121.483094,16.765531
dzb2,2,510.574985,69.292478
dxb,2,124.625947,17.095762
cvy,2,158.484833,21.900994
dzf,2,509.560391,69.223678
dxb2,2,124.599997,17.100484
dyb2,2,125.278135,17.241156
cvz,2,185.326104,25.597672
dzb3,2,508.640372,69.604566
dxb3,2,124.363477,17.071478
dyb3,2,125.333826,17.240432
csxxsyyszz,2,227.375477,32.331253
dyf2,2,125.147625,17.233788
dxf2,2,125.843785,17.277261
csxy,2,133.077433,18.394997
dzf2,2,508.503242,69.881555
dyf3,2,124.550421,17.150889
csyz,2,158.108068,21.806684
dxf3,2,124.848147,17.147422
dzf3,2,509.406542,70.009254
csxz,2,157.441723,21.721759
dxf,3,101.512152,14.178069
dzb,3,510.244252,69.349741
dyb,3,124.230325,17.079328
cvx,3,158.580585,21.940738
dyf,3,121.462793,16.758656
dzb2,3,509.543782,70.002065
dxb,3,124.625623,17.115128
cvy,3,158.600142,21.920769
dzf,3,508.484394,69.857404
dxb2,3,124.571765,17.111933
dyb2,3,125.277780,17.235435
cvz,3,185.313731,25.588407
dzb3,3,508.334161,69.851092
dxb3,3,124.494574,17.104047
dyb3,3,125.328629,17.247859
csxxsyyszz,3,227.736917,32.370962
dyf2,3,125.121021,17.224952
dxf2,3,125.920184,17.294443
csxy,3,133.256423,18.411842
dzf2,3,508.633888,69.148526
dyf3,3,124.624399,17.134742
csyz,3,158.415290,21.837052
dxf3,3,124.804808,17.142708
dzf3,3,509.527186,69.850467
csxz,3,157.312447,21.693658
dxf,4,101.447110,14.158643
dzb,4,509.726608,69.996634
dyb,4,124.112843,17.071672
cvx,4,159.140102,21.998030
dyf,4,121.645572,16.903542
dzb2,4,510.868277,69.261439
dxb,4,124.575191,17.098439
cvy,4,158.503967,21.918498
dzf,4,509.491294,69.159952
dxb2,4,124.566091,17.092617
dyb2,4,125.113301,17.220565
cvz,4,185.330395,25.610034
dzb3,4,508.813472,69.594083
dxb3,4,124.464068,17.086644
dyb3,4,125.240073,17.233329
csxxsyyszz,4,228.222851,32.446591
dyf2,4,125.172389,17.243112
dxf2,4,125.704292,17.270977
csxy,4,133.226247,18.413100
dzf2,4,508.534444,69.834865
dyf3,4,124.750700,17.161636
csyz,4,158.210760,21.818870
dxf3,4,125.106537,17.190204
dzf3,4,509.597667,70.029912
csxz,4,157.204165,21.692272
#========================= OptEWE [OpenMP] =========================
#Source type                                  :  Force monopole
#Grid Size                                    :  512 x 512 x 512
#Iterations                                   :  5
#Compute time                                 :  28.750423
#Total effective MLUPS                        :  23.341870
#===================================================================
#Number of threads                            :  18
