dxf,0,470.543312,76.319606
dzb,0,2115.171261,335.519407
dyb,0,641.773468,101.861324
cvx,0,526.728449,88.793021
dyf,0,520.511640,85.320655
dzb2,0,2113.933253,335.421854
dxb,0,595.087476,93.498383
cvy,0,2537.261743,361.545924
dzf,0,2110.811805,334.621505
dxb2,0,469.279439,76.196382
dyb2,0,639.389397,101.665904
cvz,0,701.563027,114.838405
dzb3,0,2113.378272,336.193134
dxb3,0,469.625245,76.340398
dyb3,0,752.108786,116.935706
csxxsyyszz,0,1047.355201,175.342008
dyf2,0,520.094648,85.429778
dxf2,0,505.036635,81.569640
csxy,0,402.430811,69.168914
dzf2,0,4461.541100,643.486942
dyf3,0,521.682175,85.560488
csyz,0,608.568548,98.998138
dxf3,0,470.119409,76.394526
dzf3,0,2110.575139,335.254284
csxz,0,607.386150,98.907696
dxf,1,469.682165,76.383556
dzb,1,2114.793104,335.960761
dyb,1,641.587093,102.066725
cvx,1,526.936086,88.925452
dyf,1,519.472445,85.321477
dzb2,1,2114.184523,335.727947
dxb,1,595.374468,93.763124
cvy,1,859.548234,133.959491
dzf,1,2112.555995,336.283380
dxb2,1,469.353646,76.364011
dyb2,1,640.505388,101.975913
cvz,1,701.190608,115.021564
dzb3,1,2113.613256,336.965533
dxb3,1,470.895223,76.567611
dyb3,1,752.573734,117.050290
csxxsyyszz,1,1033.166947,173.362539
dyf2,1,520.591949,85.808161
dxf2,1,505.639105,81.632165
csxy,1,402.283048,69.141277
dzf2,1,4460.876108,644.358641
dyf3,1,521.236695,85.490166
csyz,1,607.298342,99.142324
dxf3,1,469.821401,76.366674
dzf3,1,2108.127460,335.688442
csxz,1,606.325720,99.240709
dxf,2,469.721401,76.393677
dzb,2,2115.868635,336.831761
dyb,2,641.670429,101.967965
cvx,2,526.439145,88.850437
dyf,2,519.181516,85.282413
dzb2,2,2114.096930,336.699526
dxb,2,594.923829,93.577598
cvy,2,859.727556,133.201726
dzf,2,2109.936860,336.891366
dxb2,2,469.106652,76.303531
dyb2,2,638.922326,101.607740
cvz,2,699.410243,115.093889
dzb3,2,2114.926253,335.790011
dxb3,2,469.934019,76.364650
dyb3,2,753.528354,117.331847
csxxsyyszz,2,1045.650969,175.095848
dyf2,2,520.947995,85.519674
dxf2,2,505.518590,81.545905
csxy,2,401.854436,68.940345
dzf2,2,4462.810428,643.395860
dyf3,2,520.518387,85.354668
csyz,2,607.855323,99.591328
dxf3,2,469.691822,76.314199
dzf3,2,2107.079874,335.679845
csxz,2,607.286564,98.596810
dxf,3,469.417319,76.363656
dzb,3,2115.599401,335.277151
dyb,3,641.753889,102.007552
cvx,3,527.117433,88.926901
dyf,3,519.225043,85.286697
dzb2,3,2115.040700,335.231694
dxb,3,595.410545,93.633542
cvy,3,859.918679,133.635454
dzf,3,2110.620709,335.191069
dxb2,3,469.253947,76.287265
dyb2,3,639.405940,101.673023
cvz,3,700.823943,114.617407
dzb3,3,2113.809359,337.095991
dxb3,3,469.891208,76.392237
dyb3,3,751.594058,116.988906
csxxsyyszz,3,1047.492912,175.446196
dyf2,3,522.507699,85.737129
dxf2,3,505.521047,81.628934
csxy,3,402.930460,69.196697
dzf2,3,4461.105683,643.797608
dyf3,3,521.085158,85.528953
csyz,3,607.680202,98.895086
dxf3,3,470.373986,76.455079
dzf3,3,2110.167903,335.429139
csxz,3,607.297510,99.125610
dxf,4,470.550258,76.592271
dzb,4,2114.564541,335.890974
dyb,4,641.552556,101.941875
cvx,4,526.379763,88.832938
dyf,4,520.341241,85.453462
dzb2,4,2113.570849,335.711990
dxb,4,594.951195,93.554576
cvy,4,858.831342,133.887683
dzf,4,2111.485525,336.078687
dxb2,4,470.081198,76.429275
dyb2,4,639.304984,101.631288
cvz,4,700.249026,114.916274
dzb3,4,2115.065926,337.445422
dxb3,4,469.540430,76.370475
dyb3,4,751.872078,117.007718
csxxsyyszz,4,1048.502705,175.668510
dyf2,4,519.509137,85.320649
dxf2,4,505.204710,81.576608
csxy,4,402.075927,69.054424
dzf2,4,4461.943742,644.325955
dyf3,4,521.064879,85.539323
csyz,4,607.250455,99.238333
dxf3,4,470.214819,76.420740
dzf3,4,2108.806766,335.725152
csxz,4,605.890954,99.230942
#========================= OptEWE [OpenMP] =========================
#Source type                                  :  Force monopole
#Grid Size                                    :  1024 x 1024 x 1024
#Iterations                                   :  5
#Compute time                                 :  133.420731
#Total effective MLUPS                        :  40.238942
#===================================================================
#Number of threads                            :  14
