dxf,0,293.912039,60.973421
dzb,0,1292.178056,266.895301
dyb,0,435.392231,86.533706
cvx,0,383.908535,79.749891
dyf,0,433.136928,86.198354
dzb2,0,1292.039728,267.210209
dxb,0,293.175424,61.001854
cvy,0,2198.162660,375.202751
dzf,0,1291.657503,267.238611
dxb2,0,293.715096,61.107673
dyb2,0,434.310967,86.371973
cvz,0,403.237846,86.212747
dzb3,0,1291.954894,267.666593
dxb3,0,293.438771,61.226122
dyb3,0,434.390527,87.091562
csxxsyyszz,0,1043.984752,204.513611
dyf2,0,433.150770,86.160905
dxf2,0,291.830411,60.872660
csxy,0,276.663581,60.427231
dzf2,0,1290.110866,267.369479
dyf3,0,433.790646,86.423809
csyz,0,330.301478,72.290382
dxf3,0,294.328105,61.280527
dzf3,0,1292.001747,267.528350
csxz,0,330.472313,72.352531
dxf,1,293.109688,61.076233
dzb,1,1293.125656,267.731550
dyb,1,434.984223,86.619848
cvx,1,384.174965,79.904285
dyf,1,432.962783,86.391661
dzb2,1,1291.809535,267.442032
dxb,1,293.114538,61.007443
cvy,1,382.196406,79.660702
dzf,1,1291.379909,267.566569
dxb2,1,293.614824,61.189328
dyb2,1,433.517411,86.336859
cvz,1,405.533852,86.683357
dzb3,1,1291.943392,267.699307
dxb3,1,294.448691,61.317446
dyb3,1,433.919358,86.421397
csxxsyyszz,1,1031.989496,201.791530
dyf2,1,433.114965,86.202197
dxf2,1,292.092353,60.931680
csxy,1,277.835643,60.626549
dzf2,1,1290.467851,267.509384
dyf3,1,433.825280,86.477208
csyz,1,330.488973,72.370364
dxf3,1,294.873777,61.410949
dzf3,1,1290.206885,267.378019
csxz,1,330.817547,72.466852
dxf,2,293.330691,61.126137
dzb,2,1291.575826,267.555594
dyb,2,435.052671,86.617417
cvx,2,384.213848,79.913617
dyf,2,433.049279,86.312817
dzb2,2,1294.716399,268.276395
dxb,2,292.947288,61.014741
cvy,2,382.663530,79.755075
dzf,2,1292.937219,267.884919
dxb2,2,293.591863,61.196734
dyb2,2,433.862849,86.406776
cvz,2,403.513948,86.353353
dzb3,2,1291.402996,267.645886
dxb3,2,293.376188,61.147552
dyb3,2,435.204957,86.642383
csxxsyyszz,2,1044.006792,203.726417
dyf2,2,433.337625,86.231570
dxf2,2,291.918522,60.894401
csxy,2,276.475268,60.390452
dzf2,2,1290.918371,267.601152
dyf3,2,433.868358,86.472704
csyz,2,330.394817,72.355468
dxf3,2,295.068190,61.419138
dzf3,2,1290.119564,267.314864
csxz,2,330.746192,72.434909
dxf,3,293.402057,61.139766
dzb,3,1297.346345,268.508490
dyb,3,434.932006,86.656584
cvx,3,384.282168,79.978102
dyf,3,433.075374,86.298728
dzb2,3,1291.538284,267.505865
dxb,3,292.983100,61.021701
cvy,3,382.361596,79.702227
dzf,3,1290.928252,267.564732
dxb2,3,293.439450,61.137486
dyb2,3,433.704640,86.393962
cvz,3,403.238683,86.303904
dzb3,3,1293.038440,267.933409
dxb3,3,293.078206,61.092151
dyb3,3,433.716797,86.475774
csxxsyyszz,3,1044.785537,203.957289
dyf2,3,435.096069,86.590089
dxf2,3,291.790373,60.897670
csxy,3,276.781353,60.458305
dzf2,3,1290.260376,267.562620
dyf3,3,434.895720,86.667807
csyz,3,331.234364,72.568300
dxf3,3,294.463861,61.336149
dzf3,3,1289.937269,267.403190
csxz,3,330.700996,72.423641
dxf,4,293.161283,61.114561
dzb,4,1291.070638,267.534692
dyb,4,435.264474,86.710757
cvx,4,383.799399,79.911145
dyf,4,433.014492,86.290454
dzb2,4,1291.674241,267.545762
dxb,4,293.051756,61.026040
cvy,4,382.084897,79.684599
dzf,4,1293.239926,268.011984
dxb2,4,293.713967,61.236249
dyb2,4,433.660121,86.403288
cvz,4,403.521453,86.388461
dzb3,4,1291.367566,267.750401
dxb3,4,293.280377,61.152064
dyb3,4,433.936708,86.474356
csxxsyyszz,4,1031.682719,201.838032
dyf2,4,433.028864,86.229857
dxf2,4,292.346345,61.013501
csxy,4,276.771890,60.479137
dzf2,4,1291.091074,267.708801
dyf3,4,435.403634,86.778956
csyz,4,330.536370,72.383232
dxf3,4,294.913028,61.443534
dzf3,4,1290.366167,267.461215
csxz,4,330.718367,72.547319
#========================= OptEWE [OpenMP] =========================
#Source type                                  :  Force monopole
#Grid Size                                    :  1024 x 1024 x 1024
#Iterations                                   :  5
#Compute time                                 :  78.129257
#Total effective MLUPS                        :  68.715732
#===================================================================
#Number of threads                            :  16
