dxf,0,318.417771,59.268989
dzb,0,1389.142327,258.087858
dyb,0,470.632515,83.798012
cvx,0,415.557677,77.491290
dyf,0,469.281138,83.615485
dzb2,0,1390.985653,258.561568
dxb,0,319.935481,59.564684
cvy,0,2266.793350,345.860509
dzf,0,1389.040528,258.342808
dxb2,0,318.222811,59.311261
dyb2,0,469.456059,83.707576
cvz,0,439.587442,84.258494
dzb3,0,1388.225472,258.238520
dxb3,0,319.480854,59.446453
dyb3,0,473.572604,84.347267
csxxsyyszz,0,1124.641867,197.013703
dyf2,0,469.557011,83.646819
dxf2,0,329.102629,61.204636
csxy,0,303.099708,58.964072
dzf2,0,2409.520783,404.354379
dyf3,0,468.906331,83.516830
csyz,0,364.925451,71.234493
dxf3,0,323.523558,60.348590
dzf3,0,1392.078914,259.053871
csxz,0,362.192181,70.643270
dxf,1,318.240483,59.395482
dzb,1,1390.504793,258.734277
dyb,1,471.785589,84.221206
cvx,1,415.550548,77.606305
dyf,1,469.431748,83.743482
dzb2,1,1389.570100,258.570169
dxb,1,319.690499,59.583311
cvy,1,414.493818,77.599642
dzf,1,1387.972601,258.478414
dxb2,1,319.703288,59.552704
dyb2,1,469.554257,83.762471
cvz,1,439.759203,84.322454
dzb3,1,1389.406433,258.576422
dxb3,1,319.378116,59.514643
dyb3,1,473.569052,84.396982
csxxsyyszz,1,1116.842195,195.965092
dyf2,1,469.762109,83.768630
dxf2,1,329.491546,61.236152
csxy,1,303.244122,59.030692
dzf2,1,2407.934869,404.706971
dyf3,1,470.306487,83.845082
csyz,1,362.403358,70.682716
dxf3,1,320.336025,59.648282
dzf3,1,1393.740574,259.170299
csxz,1,362.389010,70.680664
dxf,2,318.048373,59.345216
dzb,2,1389.374322,258.553590
dyb,2,470.521391,83.932491
cvx,2,415.326373,77.542278
dyf,2,468.983245,83.662368
dzb2,2,1389.235848,258.473016
dxb,2,319.895424,59.606805
cvy,2,413.784952,77.479485
dzf,2,1387.203654,258.291646
dxb2,2,318.372167,59.357877
dyb2,2,469.194222,83.679442
cvz,2,441.936628,84.642709
dzb3,2,1389.625523,258.571990
dxb3,2,320.369042,59.641869
dyb3,2,474.980989,84.713256
csxxsyyszz,2,1133.892363,198.545422
dyf2,2,469.707220,83.780907
dxf2,2,329.765335,61.369850
csxy,2,303.501430,59.032892
dzf2,2,2410.092606,404.431914
dyf3,2,470.037613,83.787314
csyz,2,362.748131,70.731648
dxf3,2,320.736202,59.735497
dzf3,2,1389.206636,258.512648
csxz,2,362.240627,70.665407
dxf,3,318.497054,59.432295
dzb,3,1391.226126,258.841210
dyb,3,472.515247,84.468079
cvx,3,415.534646,77.975024
dyf,3,470.451873,84.435893
dzb2,3,1390.027470,258.587543
dxb,3,319.699692,59.537094
cvy,3,414.050264,77.494954
dzf,3,1387.153180,258.474492
dxb2,3,318.192904,59.328184
dyb2,3,469.636245,83.786444
cvz,3,439.680671,84.348647
dzb3,3,1389.709362,258.611943
dxb3,3,319.313603,59.468178
dyb3,3,474.669083,84.582089
csxxsyyszz,3,1124.678906,197.120699
dyf2,3,469.836883,83.724980
dxf2,3,331.254348,61.561953
csxy,3,303.702330,59.051929
dzf2,3,2407.609573,404.420306
dyf3,3,468.481990,83.523359
csyz,3,362.635061,70.733885
dxf3,3,320.483886,59.711521
dzf3,3,1391.260268,259.052056
csxz,3,362.311539,71.122052
dxf,4,318.109750,59.682482
dzb,4,1389.967853,258.690148
dyb,4,470.714913,83.943576
cvx,4,415.469841,77.616265
dyf,4,470.549750,83.971819
dzb2,4,1393.200244,259.110021
dxb,4,319.726249,59.601304
cvy,4,413.945389,77.526109
dzf,4,1387.815798,258.483808
dxb2,4,318.308764,59.342202
dyb2,4,469.374958,83.753656
cvz,4,439.793132,84.345788
dzb3,4,1390.519610,258.743652
dxb3,4,319.286009,59.489149
dyb3,4,474.792253,84.670244
csxxsyyszz,4,1125.530877,198.301533
dyf2,4,469.728002,84.433855
dxf2,4,329.763414,61.731884
csxy,4,303.283368,59.393820
dzf2,4,2408.060743,404.923147
dyf3,4,468.660520,83.553194
csyz,4,362.450629,70.702142
dxf3,4,320.635857,59.715689
dzf3,4,1390.567677,258.898821
csxz,4,362.222877,70.788733
#========================= OptEWE [OpenMP] =========================
#Source type                                  :  Force monopole
#Grid Size                                    :  1024 x 1024 x 1024
#Iterations                                   :  5
#Compute time                                 :  89.515335
#Total effective MLUPS                        :  59.975300
#===================================================================
#Number of threads                            :  15
