dxf,0,470.733744,75.446176
dzb,0,2125.305261,333.600225
dyb,0,641.134717,100.654284
cvx,0,525.132091,87.502250
dyf,0,534.031560,86.232395
dzb2,0,2125.079086,333.823240
dxb,0,580.593356,90.476793
cvy,0,2610.958815,367.032502
dzf,0,2121.557863,334.434408
dxb2,0,469.489380,75.469045
dyb2,0,639.595171,100.634211
cvz,0,691.099416,112.671391
dzb3,0,2125.187362,333.326687
dxb3,0,470.946896,75.570137
dyb3,0,737.911240,113.908554
csxxsyyszz,0,1087.394962,178.811313
dyf2,0,534.224556,86.359615
dxf2,0,505.101019,80.790009
csxy,0,401.969428,68.343778
dzf2,0,4447.211146,636.651271
dyf3,0,535.445411,86.364625
csyz,0,605.785628,98.080009
dxf3,0,469.832785,75.478984
dzf3,0,2121.174821,333.790904
csxz,0,603.986853,97.872323
dxf,1,470.862998,75.640223
dzb,1,2126.553659,334.552076
dyb,1,642.598751,101.227885
cvx,1,525.638771,87.714471
dyf,1,535.317465,86.402056
dzb2,1,2124.152830,334.024148
dxb,1,580.835954,90.622881
cvy,1,849.900820,130.385868
dzf,1,2121.210684,334.255910
dxb2,1,470.527786,75.563820
dyb2,1,639.887524,100.542574
cvz,1,691.638890,112.674509
dzb3,1,2125.112690,333.514173
dxb3,1,470.868179,75.675348
dyb3,1,737.930498,113.760995
csxxsyyszz,1,1094.680564,179.751089
dyf2,1,535.371841,86.470526
dxf2,1,504.359792,80.531231
csxy,1,402.126777,68.288516
dzf2,1,4446.653203,636.308259
dyf3,1,536.370657,86.497368
csyz,1,605.921123,98.022837
dxf3,1,469.505214,75.394336
dzf3,1,2121.407198,333.998343
csxz,1,603.809390,97.934388
dxf,2,470.067931,75.706704
dzb,2,2127.776909,334.806912
dyb,2,641.372236,100.776358
cvx,2,525.476736,87.671853
dyf,2,534.498479,86.355033
dzb2,2,2125.841936,334.395203
dxb,2,580.904511,90.693340
cvy,2,849.975109,130.452074
dzf,2,2121.348472,334.520933
dxb2,2,469.576319,75.421208
dyb2,2,639.591422,100.502784
cvz,2,690.862267,112.560754
dzb3,2,2126.204096,334.964063
dxb3,2,470.877567,75.604529
dyb3,2,738.599410,113.720476
csxxsyyszz,2,1095.075047,179.795820
dyf2,2,534.117445,86.467608
dxf2,2,504.315357,80.696310
csxy,2,402.031463,68.416747
dzf2,2,4444.754257,636.102077
dyf3,2,535.530319,86.327834
csyz,2,605.892657,97.993527
dxf3,2,469.722386,75.476083
dzf3,2,2122.382575,333.768883
csxz,2,604.581490,97.825348
dxf,3,471.590725,76.136725
dzb,3,2125.955517,334.177685
dyb,3,641.251450,100.760247
cvx,3,525.365788,87.622812
dyf,3,534.152236,86.267203
dzb2,3,2124.204144,334.434502
dxb,3,581.088418,90.684302
cvy,3,849.528444,131.547005
dzf,3,2122.743221,334.901337
dxb2,3,469.523442,75.556014
dyb2,3,639.200675,100.484388
cvz,3,690.062115,112.693273
dzb3,3,2123.888676,335.530425
dxb3,3,470.763122,75.780019
dyb3,3,738.255575,113.792118
csxxsyyszz,3,1082.287691,178.421960
dyf2,3,534.315227,86.270599
dxf2,3,504.248716,80.501910
csxy,3,402.879366,68.580487
dzf2,3,4445.319672,637.266597
dyf3,3,536.491507,86.535804
csyz,3,605.700949,98.011916
dxf3,3,469.678436,75.696880
dzf3,3,2124.115434,334.283282
csxz,3,604.062834,97.716880
dxf,4,469.897365,75.536249
dzb,4,2127.520773,334.687414
dyb,4,641.022693,100.743617
cvx,4,525.342184,87.666101
dyf,4,533.961610,86.296927
dzb2,4,2124.876883,334.415609
dxb,4,580.671502,90.653594
cvy,4,849.801527,131.296829
dzf,4,2121.774193,334.447647
dxb2,4,469.462024,75.517724
dyb2,4,639.723926,100.649355
cvz,4,690.934556,112.702331
dzb3,4,2125.604051,335.647811
dxb3,4,470.917632,75.767228
dyb3,4,738.163829,113.790819
csxxsyyszz,4,1086.551717,178.668970
dyf2,4,534.408877,86.347037
dxf2,4,504.106908,80.544775
csxy,4,401.928984,68.259109
dzf2,4,4447.150697,636.592263
dyf3,4,535.608700,86.346080
csyz,4,606.276978,97.998489
dxf3,4,471.149305,75.735630
dzf3,4,2122.098639,333.503054
csxz,4,603.987877,97.779941
#========================= OptEWE [OpenMP] =========================
#Source type                                  :  Force monopole
#Grid Size                                    :  1024 x 1024 x 1024
#Iterations                                   :  5
#Compute time                                 :  133.885864
#Total effective MLUPS                        :  40.099148
#===================================================================
#Number of threads                            :  14
