dxf,0,327.616654,74.810489
dzb,0,1225.483614,289.968817
dyb,0,332.519455,77.436088
cvx,0,378.634962,91.128839
dyf,0,332.548009,77.465265
dzb2,0,1225.685736,290.782571
dxb,0,327.746662,75.362429
cvy,0,1508.399482,307.268084
dzf,0,1224.032524,290.139880
dxb2,0,327.412714,75.400210
dyb2,0,332.460487,77.661374
cvz,0,439.298551,105.956616
dzb3,0,1225.533497,291.366336
dxb3,0,328.205028,75.732811
dyb3,0,352.998924,82.191659
csxxsyyszz,0,741.985302,175.444942
dyf2,0,332.451316,77.798458
dxf2,0,341.304088,78.662630
csxy,0,304.146658,73.782151
dzf2,0,2976.974648,611.500242
dyf3,0,333.531613,77.854864
csyz,0,376.100246,90.071405
dxf3,0,327.100521,75.339500
dzf3,0,1224.447645,291.189198
csxz,0,376.055964,90.282280
dxf,1,327.316944,75.396561
dzb,1,1225.231401,291.227736
dyb,1,332.325464,77.562423
cvx,1,378.644129,91.369442
dyf,1,333.186691,77.978365
dzb2,1,1225.280706,293.911081
dxb,1,327.691759,75.436708
cvy,1,337.183852,83.294107
dzf,1,1223.870830,290.637969
dxb2,1,327.948430,75.575539
dyb2,1,332.537074,77.740993
cvz,1,439.267110,106.027473
dzb3,1,1226.084794,291.297097
dxb3,1,327.806767,75.556967
dyb3,1,353.330697,82.154859
csxxsyyszz,1,731.223221,173.455396
dyf2,1,332.492787,77.743581
dxf2,1,341.269992,78.560375
csxy,1,304.139038,73.714207
dzf2,1,2978.367550,611.407496
dyf3,1,332.184321,77.473661
csyz,1,375.768606,89.995831
dxf3,1,327.207883,75.267632
dzf3,1,1224.322665,291.155107
csxz,1,375.935261,90.394853
dxf,2,327.040097,75.381001
dzb,2,1227.129037,291.779251
dyb,2,332.337362,77.788458
cvx,2,378.641346,91.451224
dyf,2,332.169564,77.654827
dzb2,2,1225.439285,291.295624
dxb,2,327.730398,75.529652
cvy,2,337.342282,83.357997
dzf,2,1224.034716,290.764897
dxb2,2,327.354768,75.543827
dyb2,2,332.374364,77.768011
cvz,2,439.545374,106.139864
dzb3,2,1225.395806,291.571165
dxb3,2,327.406894,75.625020
dyb3,2,353.004621,82.180841
csxxsyyszz,2,741.389513,175.410085
dyf2,2,332.084933,77.665989
dxf2,2,341.220858,78.557147
csxy,2,304.012733,73.668940
dzf2,2,2978.326159,611.465211
dyf3,2,332.598212,77.674999
csyz,2,375.890705,90.062588
dxf3,2,326.985489,75.273329
dzf3,2,1224.346677,291.370284
csxz,2,375.858277,90.266426
dxf,3,327.223053,75.388733
dzb,3,1225.322627,291.584960
dyb,3,332.279326,77.707970
cvx,3,378.236859,91.393469
dyf,3,332.168564,77.749819
dzb2,3,1225.378400,291.226474
dxb,3,327.694245,75.559294
cvy,3,337.265904,83.401926
dzf,3,1224.352307,291.024716
dxb2,3,327.725631,75.581846
dyb2,3,332.303016,77.755795
cvz,3,439.251630,106.113007
dzb3,3,1225.753492,291.364694
dxb3,3,327.259946,75.501180
dyb3,3,352.973776,82.171844
csxxsyyszz,3,734.405571,174.149409
dyf2,3,332.522191,77.743612
dxf2,3,342.108247,78.773778
csxy,3,304.143367,73.689289
dzf2,3,2978.711661,611.459519
dyf3,3,332.641717,77.887956
csyz,3,375.794686,90.080700
dxf3,3,327.298877,75.380585
dzf3,3,1225.099113,291.601538
csxz,3,375.992900,90.284046
dxf,4,327.354541,75.467782
dzb,4,1225.629983,291.483795
dyb,4,332.450927,77.752954
cvx,4,378.899009,91.517071
dyf,4,332.515236,77.807692
dzb2,4,1225.546073,291.218131
dxb,4,327.590986,75.546811
cvy,4,338.653109,83.760864
dzf,4,1223.846876,291.383572
dxb2,4,328.017123,75.651308
dyb2,4,332.391892,77.761912
cvz,4,439.292763,106.104390
dzb3,4,1225.435062,291.312348
dxb3,4,327.242685,75.499187
dyb3,4,353.134558,82.144567
csxxsyyszz,4,732.922403,173.763391
dyf2,4,332.421240,77.841806
dxf2,4,341.223147,78.700431
csxy,4,304.161251,73.682813
dzf2,4,2978.630868,611.728927
dyf3,4,332.211549,77.643009
csyz,4,375.941025,90.122884
dxf3,4,327.268709,75.394030
dzf3,4,1224.177462,291.277218
csxz,4,375.922525,90.466155
#========================= OptEWE [OpenMP] =========================
#Source type                                  :  Force monopole
#Grid Size                                    :  1024 x 1024 x 1024
#Iterations                                   :  5
#Compute time                                 :  81.400177
#Total effective MLUPS                        :  65.954514
#===================================================================
#Number of threads                            :  14
