dxf,0,312.567574,62.453165
dzb,0,1254.709957,256.687452
dyb,0,409.580878,80.310238
cvx,0,374.434227,77.271621
dyf,0,424.990978,83.282392
dzb2,0,1273.627875,261.479542
dxb,0,315.654960,63.516099
cvy,0,1927.959169,323.135168
dzf,0,1262.971156,259.877292
dxb2,0,316.944152,63.745516
dyb2,0,413.738810,81.547045
cvz,0,425.620778,89.493744
dzb3,0,1272.423981,261.579003
dxb3,0,315.441135,63.523450
dyb3,0,416.878000,82.035455
csxxsyyszz,0,945.114650,184.401769
dyf2,0,413.184550,81.412538
dxf2,0,324.155929,65.157204
csxy,0,301.021412,63.343398
dzf2,0,2351.613265,428.053068
dyf3,0,413.550727,81.467872
csyz,0,359.466136,75.867890
dxf3,0,315.960505,63.589791
dzf3,0,1260.604593,259.572663
csxz,0,359.428057,75.873792
dxf,1,315.352116,63.482643
dzb,1,1272.235100,261.428578
dyb,1,413.132124,81.496282
cvx,1,371.565142,77.249686
dyf,1,412.841286,81.412624
dzb2,1,1270.522247,261.222289
dxb,1,316.767951,63.791137
cvy,1,360.104490,75.306103
dzf,1,1258.559545,259.555550
dxb2,1,316.792298,63.751709
dyb2,1,413.071088,81.413448
cvz,1,425.684651,89.546552
dzb3,1,1271.618340,261.397350
dxb3,1,315.756334,63.602363
dyb3,1,418.888402,82.401206
csxxsyyszz,1,945.220350,184.502117
dyf2,1,413.203722,81.457511
dxf2,1,323.593335,65.084824
csxy,1,300.828188,63.346994
dzf2,1,2350.888587,427.959915
dyf3,1,413.269672,81.436281
csyz,1,359.089420,75.795220
dxf3,1,316.431561,63.656600
dzf3,1,1259.885221,259.550461
csxz,1,359.449881,76.037090
dxf,2,314.820462,63.588252
dzb,2,1270.844300,261.347700
dyb,2,413.074063,81.450862
cvx,2,373.859579,77.596298
dyf,2,414.554087,81.744384
dzb2,2,1271.198212,261.351555
dxb,2,315.852709,63.595372
cvy,2,358.271865,75.003342
dzf,2,1259.219607,259.641764
dxb2,2,316.408952,63.685136
dyb2,2,412.952721,81.439711
cvz,2,425.770145,89.567528
dzb3,2,1269.718571,261.121588
dxb3,2,315.369590,63.537520
dyb3,2,418.008740,82.292607
csxxsyyszz,2,945.025245,184.504199
dyf2,2,413.051111,81.407769
dxf2,2,323.881921,65.149345
csxy,2,300.647685,63.342334
dzf2,2,2348.285092,428.457595
dyf3,2,413.254092,81.489099
csyz,2,359.147931,75.851966
dxf3,2,315.721312,63.563314
dzf3,2,1257.980771,259.276924
csxz,2,359.241528,75.905195
dxf,3,315.338707,63.521972
dzb,3,1272.229125,261.459805
dyb,3,412.974118,81.486200
cvx,3,371.595458,77.257732
dyf,3,412.375466,81.345914
dzb2,3,1261.204430,259.471335
dxb,3,315.439467,63.486918
cvy,3,355.403411,74.187349
dzf,3,1240.411739,255.123451
dxb2,3,314.042037,62.956234
dyb2,3,410.610372,80.692162
cvz,3,418.954359,87.986273
dzb3,3,1255.980915,257.577374
dxb3,3,313.681483,62.925624
dyb3,3,414.058156,81.106376
csxxsyyszz,3,934.554796,181.545626
dyf2,3,409.340304,80.283110
dxf2,3,319.694939,64.094974
csxy,3,298.834743,62.708975
dzf2,3,2334.769572,422.152264
dyf3,3,409.278753,80.309252
csyz,3,356.590329,75.039353
dxf3,3,312.400989,62.646097
dzf3,3,1241.003664,255.147551
csxz,3,356.541474,75.061689
dxf,4,312.621085,62.737400
dzb,4,1256.054312,257.469037
dyb,4,409.652348,80.400874
cvx,4,366.750711,76.069502
dyf,4,408.825113,80.307709
dzb2,4,1253.635611,257.116037
dxb,4,315.108961,63.079569
cvy,4,355.551857,74.211115
dzf,4,1241.119331,255.411593
dxb2,4,312.950080,62.784362
dyb2,4,409.626135,80.365207
cvz,4,419.161773,87.966597
dzb3,4,1254.145964,257.214122
dxb3,4,313.938920,62.931297
dyb3,4,413.997036,81.115609
csxxsyyszz,4,934.294917,181.542057
dyf2,4,409.779814,80.371429
dxf2,4,320.114871,64.177562
csxy,4,299.223737,62.737698
dzf2,4,2333.153833,421.825209
dyf3,4,409.405346,80.234979
csyz,4,356.489328,74.978392
dxf3,4,312.223565,62.602812
dzf3,4,1240.990162,255.105405
csxz,4,357.217886,75.220452
#========================= OptEWE [OpenMP] =========================
#Source type                                  :  Force monopole
#Grid Size                                    :  1024 x 1024 x 1024
#Iterations                                   :  5
#Compute time                                 :  82.216438
#Total effective MLUPS                        :  65.299704
#===================================================================
#Number of threads                            :  15
