dxf,0,331.011086,64.380909
dzb,0,1386.145969,265.436585
dyb,0,335.585096,66.599201
cvx,0,359.879255,74.175748
dyf,0,336.381264,66.808875
dzb2,0,1385.032288,266.995673
dxb,0,330.322099,64.464296
cvy,0,1949.788129,326.416736
dzf,0,1382.768297,267.389191
dxb2,0,329.911899,64.421402
dyb2,0,335.672225,66.734899
cvz,0,477.352742,95.700129
dzb3,0,1385.266121,265.632138
dxb3,0,330.083992,64.440074
dyb3,0,374.522061,73.136138
csxxsyyszz,0,703.524320,143.694839
dyf2,0,335.700225,66.746691
dxf2,0,371.112992,71.449820
csxy,0,300.444191,61.976934
dzf2,0,3350.874414,556.630634
dyf3,0,335.546343,66.599724
csyz,0,470.973999,90.868793
dxf3,0,330.523122,64.498425
dzf3,0,1383.274802,267.370158
csxz,0,471.968359,91.303299
dxf,1,330.012366,64.458148
dzb,1,1385.650484,268.044064
dyb,1,335.439918,66.671170
cvx,1,359.624228,74.216203
dyf,1,336.337590,66.871847
dzb2,1,1386.117460,267.972674
dxb,1,330.284541,64.542771
cvy,1,588.141515,109.934238
dzf,1,1383.528521,265.770453
dxb2,1,330.048515,64.459492
dyb2,1,335.834326,66.808109
cvz,1,477.301544,95.659223
dzb3,1,1385.004734,267.215412
dxb3,1,330.306602,64.534273
dyb3,1,375.382965,73.322522
csxxsyyszz,1,714.021940,145.419639
dyf2,1,335.714557,66.752654
dxf2,1,371.125872,71.500308
csxy,1,300.166648,61.924651
dzf2,1,3350.501532,556.774725
dyf3,1,335.530878,66.642703
csyz,1,470.690981,91.529823
dxf3,1,330.966491,64.654228
dzf3,1,1384.232182,267.367535
csxz,1,471.312565,91.707159
dxf,2,330.267638,64.593932
dzb,2,1385.965540,267.556793
dyb,2,335.453359,66.744143
cvx,2,359.589330,74.249343
dyf,2,336.321808,66.915849
dzb2,2,1385.268919,267.635671
dxb,2,330.196924,64.607577
cvy,2,587.616975,111.004734
dzf,2,1382.912256,267.423898
dxb2,2,330.374431,64.634721
dyb2,2,335.475919,66.823914
cvz,2,477.157878,95.900139
dzb3,2,1385.981768,269.042962
dxb3,2,330.500271,64.652745
dyb3,2,374.640890,73.292859
csxxsyyszz,2,714.224289,145.551874
dyf2,2,335.587732,66.770132
dxf2,2,371.068951,71.549901
csxy,2,300.193237,61.995245
dzf2,2,3352.504626,556.024098
dyf3,2,335.438767,66.685126
csyz,2,470.526378,91.508655
dxf3,2,330.611249,64.613461
dzf3,2,1388.357617,268.696259
csxz,2,471.525031,91.865759
dxf,3,330.159554,64.628110
dzb,3,1386.791166,267.740735
dyb,3,335.568907,66.881147
cvx,3,359.756590,74.383659
dyf,3,336.164714,66.981936
dzb2,3,1385.518770,267.431712
dxb,3,330.403258,64.702435
cvy,3,588.491536,109.523758
dzf,3,1382.695699,268.539554
dxb2,3,330.265294,64.673926
dyb2,3,335.696858,66.850740
cvz,3,477.200568,95.909093
dzb3,3,1385.112015,268.314016
dxb3,3,329.956696,65.007199
dyb3,3,374.983781,73.882649
csxxsyyszz,3,715.877738,145.982643
dyf2,3,335.777167,66.862499
dxf2,3,371.248871,71.633488
csxy,3,300.746535,62.092332
dzf2,3,3351.181371,557.028821
dyf3,3,335.792021,66.830208
csyz,3,470.599449,91.336047
dxf3,3,330.568445,64.656124
dzf3,3,1383.570658,268.656324
csxz,3,471.022257,91.687019
dxf,4,330.160879,64.662429
dzb,4,1385.622456,269.223339
dyb,4,335.406375,66.904986
cvx,4,360.036919,74.468960
dyf,4,337.468107,67.193607
dzb2,4,1385.801595,269.116393
dxb,4,330.644856,64.865025
cvy,4,588.125304,110.698886
dzf,4,1382.964241,266.861504
dxb2,4,329.995454,64.762852
dyb2,4,335.543293,66.919354
cvz,4,476.998400,95.970978
dzb3,4,1385.119468,268.537658
dxb3,4,331.223593,64.960604
dyb3,4,375.139019,73.516176
csxxsyyszz,4,714.182295,145.750538
dyf2,4,335.728758,66.992455
dxf2,4,371.266343,71.855463
csxy,4,300.567935,62.153740
dzf2,4,3350.123271,557.838611
dyf3,4,335.494220,66.762228
csyz,4,470.253148,91.602222
dxf3,4,330.351769,64.641357
dzf3,4,1383.480034,266.393444
csxz,4,471.678658,91.976458
#========================= OptEWE [OpenMP] =========================
#Source type                                  :  Force monopole
#Grid Size                                    :  1024 x 1024 x 1024
#Iterations                                   :  5
#Compute time                                 :  90.023827
#Total effective MLUPS                        :  59.636535
#===================================================================
#Number of threads                            :  16
