dxf,0,277.736428,55.562465
dzb,0,1215.618374,242.914406
dyb,0,278.365902,56.931045
cvx,0,342.297612,70.233199
dyf,0,278.442335,56.962961
dzb2,0,1216.047286,243.389162
dxb,0,274.367062,55.237246
cvy,0,3277.369260,525.818102
dzf,0,1222.550526,244.564659
dxb2,0,283.045424,56.709639
dyb2,0,278.448431,56.964581
cvz,0,404.839770,82.733517
dzb3,0,1215.084620,243.330174
dxb3,0,274.572037,55.344793
dyb3,0,278.903209,57.047658
csxxsyyszz,0,632.728619,130.773475
dyf2,0,278.333263,56.976806
dxf2,0,274.805136,55.381697
csxy,0,278.543757,57.306522
dzf2,0,1213.304388,243.089522
dyf3,0,278.353886,56.967234
csyz,0,339.880827,69.646040
dxf3,0,274.686508,55.385905
dzf3,0,1212.971307,243.123806
csxz,0,340.006140,69.707222
dxf,1,274.527366,55.394474
dzb,1,1215.523530,243.534178
dyb,1,278.451404,56.992786
cvx,1,342.380815,70.317951
dyf,1,278.452373,56.995843
dzb2,1,1215.416300,243.550645
dxb,1,274.467319,55.378628
cvy,1,342.059653,70.263053
dzf,1,1213.051995,243.239008
dxb2,1,274.565425,55.369325
dyb2,1,278.668570,57.061120
cvz,1,404.850449,82.837535
dzb3,1,1215.657274,243.620408
dxb3,1,274.539651,55.351320
dyb3,1,279.160171,57.091606
csxxsyyszz,1,632.539278,130.790961
dyf2,1,278.669423,56.993245
dxf2,1,274.843049,55.379130
csxy,1,279.294039,57.433935
dzf2,1,1212.749489,243.048502
dyf3,1,278.679285,56.994764
csyz,1,339.722781,69.630964
dxf3,1,274.586187,55.374382
dzf3,1,1213.203141,243.225630
csxz,1,340.290009,69.760445
dxf,2,274.520143,55.372875
dzb,2,1215.155808,243.523283
dyb,2,278.583787,57.030826
cvx,2,342.373340,70.357471
dyf,2,278.354139,56.988162
dzb2,2,1216.143259,243.698803
dxb,2,274.607049,55.348616
cvy,2,341.911250,70.217778
dzf,2,1212.871856,243.151453
dxb2,2,274.697142,55.369885
dyb2,2,278.630749,57.032603
cvz,2,404.682433,82.763411
dzb3,2,1215.038392,243.523714
dxb3,2,274.683152,55.376147
dyb3,2,278.953615,57.096573
csxxsyyszz,2,632.770550,130.866478
dyf2,2,278.566914,57.027869
dxf2,2,274.714316,55.379195
csxy,2,278.702978,57.344256
dzf2,2,1212.886391,243.103789
dyf3,2,278.478421,56.955176
csyz,2,339.756820,69.639560
dxf3,2,274.722057,55.439731
dzf3,2,1213.175737,243.253961
csxz,2,340.527249,69.793398
dxf,3,274.429220,55.373178
dzb,3,1215.622335,243.594428
dyb,3,278.545233,57.011369
cvx,3,342.492059,70.363573
dyf,3,278.510393,57.004984
dzb2,3,1215.537140,243.675987
dxb,3,274.448464,55.356304
cvy,3,341.984433,70.270321
dzf,3,1213.229360,243.313142
dxb2,3,274.825221,55.417110
dyb2,3,278.655919,57.041238
cvz,3,404.601865,82.742574
dzb3,3,1215.329305,243.677264
dxb3,3,274.663238,55.383701
dyb3,3,278.920186,57.080890
csxxsyyszz,3,633.352294,130.962539
dyf2,3,278.549120,57.013532
dxf2,3,274.916825,55.414789
csxy,3,278.674112,57.355112
dzf2,3,1213.182428,243.226221
dyf3,3,278.531845,57.026410
csyz,3,339.770349,69.648436
dxf3,3,274.619046,55.402526
dzf3,3,1212.887315,243.263827
csxz,3,339.934437,69.735654
dxf,4,274.522325,55.372818
dzb,4,1215.545025,243.661213
dyb,4,278.561813,57.043986
cvx,4,342.318294,70.361583
dyf,4,278.516505,57.045525
dzb2,4,1221.413306,244.696617
dxb,4,274.498225,55.359254
cvy,4,341.817370,70.267136
dzf,4,1213.182082,243.383291
dxb2,4,274.703368,55.399506
dyb2,4,278.442308,57.003727
cvz,4,404.686912,82.797470
dzb3,4,1215.922356,243.775441
dxb3,4,274.645433,55.406232
dyb3,4,278.840816,57.072490
csxxsyyszz,4,633.049344,130.917467
dyf2,4,278.645973,57.040944
dxf2,4,274.914133,55.432673
csxy,4,278.688497,57.366284
dzf2,4,1212.644348,243.156287
dyf3,4,278.549403,57.054004
csyz,4,339.813598,69.686325
dxf3,4,274.709459,55.416909
dzf3,4,1213.125714,243.260530
csxz,4,340.138082,69.843691
#========================= OptEWE [OpenMP] =========================
#Source type                                  :  Force monopole
#Grid Size                                    :  1024 x 1024 x 1024
#Iterations                                   :  5
#Compute time                                 :  69.391907
#Total effective MLUPS                        :  77.367943
#===================================================================
#Number of threads                            :  24
