dxf,0,256.775694,65.006174
dzb,0,962.781251,252.954163
dyb,0,260.845769,67.855740
cvx,0,281.005788,76.657732
dyf,0,260.635146,67.892470
dzb2,0,962.565958,254.683438
dxb,0,255.991905,65.261125
cvy,0,1573.325500,339.370547
dzf,0,961.894504,254.918393
dxb2,0,256.057140,65.249536
dyb2,0,260.600032,67.954938
cvz,0,329.993767,89.971278
dzb3,0,962.815801,255.124208
dxb3,0,256.206122,65.332560
dyb3,0,298.683633,75.908328
csxxsyyszz,0,530.127817,143.551285
dyf2,0,260.695429,67.940013
dxf2,0,298.281413,74.202720
csxy,0,249.603961,66.960860
dzf2,0,2519.725439,534.744245
dyf3,0,260.926261,67.855142
csyz,0,380.318272,96.158544
dxf3,0,256.085812,65.287612
dzf3,0,962.649693,258.630213
csxz,0,380.963130,96.620649
dxf,1,256.080734,65.343018
dzb,1,963.207281,258.906118
dyb,1,260.692975,68.057407
cvx,1,281.022552,76.854080
dyf,1,260.505052,67.990823
dzb2,1,962.852933,256.058945
dxb,1,256.025610,65.827358
cvy,1,374.032164,95.614705
dzf,1,961.336516,254.417627
dxb2,1,256.167102,65.345446
dyb2,1,260.687673,68.040103
cvz,1,330.001609,90.084349
dzb3,1,962.823957,254.536839
dxb3,1,256.416394,65.443699
dyb3,1,298.577596,75.947937
csxxsyyszz,1,529.922597,144.293254
dyf2,1,260.833673,68.168306
dxf2,1,298.418931,74.433264
csxy,1,249.357293,66.987451
dzf2,1,2518.950712,534.439861
dyf3,1,262.033358,68.109193
csyz,1,380.431502,96.359214
dxf3,1,255.907017,65.405774
dzf3,1,961.898188,257.947401
csxz,1,380.590786,96.656856
dxf,2,256.138986,65.466592
dzb,2,963.517305,258.272305
dyb,2,260.346836,68.047656
cvx,2,280.884356,76.908276
dyf,2,260.997703,68.148790
dzb2,2,962.180193,255.211927
dxb,2,256.063097,65.439876
cvy,2,374.270183,95.725694
dzf,2,961.282060,255.372234
dxb2,2,255.960823,65.341095
dyb2,2,260.486347,68.057152
cvz,2,330.001500,90.304362
dzb3,2,963.105425,255.871655
dxb3,2,256.258510,65.646004
dyb3,2,298.549057,76.248308
csxxsyyszz,2,530.097914,144.102306
dyf2,2,260.614312,68.289527
dxf2,2,298.694276,74.628514
csxy,2,249.495284,67.088510
dzf2,2,2520.383873,534.202069
dyf3,2,260.805066,67.951663
csyz,2,380.551966,96.467430
dxf3,2,255.854123,65.395242
dzf3,2,962.003328,257.264781
csxz,2,380.574978,96.765918
dxf,3,256.418948,65.589580
dzb,3,962.683561,257.500120
dyb,3,260.197212,68.142619
cvx,3,280.822452,77.023896
dyf,3,260.846276,69.702579
dzb2,3,962.844390,263.230563
dxb,3,255.972183,65.481941
cvy,3,374.651043,95.887872
dzf,3,961.225665,258.780184
dxb2,3,256.086579,65.497739
dyb2,3,260.683409,68.212862
cvz,3,329.688930,90.178760
dzb3,3,962.365039,258.820159
dxb3,3,256.092538,65.487228
dyb3,3,298.666855,76.079157
csxxsyyszz,3,525.247626,142.831470
dyf2,3,260.700781,68.122505
dxf2,3,298.801649,74.524242
csxy,3,249.515185,67.080938
dzf2,3,2520.944564,533.700668
dyf3,3,260.565609,67.845017
csyz,3,380.910209,96.528827
dxf3,3,256.034548,65.425385
dzf3,3,961.905237,256.421905
csxz,3,382.057694,96.982707
dxf,4,256.057730,65.467534
dzb,4,962.992017,256.652225
dyb,4,260.345619,68.120746
cvx,4,280.897329,76.960388
dyf,4,260.806379,68.196511
dzb2,4,962.303284,257.632241
dxb,4,256.012538,65.536231
cvy,4,374.239346,95.751274
dzf,4,961.395848,257.939355
dxb2,4,255.882988,65.442819
dyb2,4,260.833479,68.228611
cvz,4,329.822468,90.172688
dzb3,4,962.557489,257.943433
dxb3,4,256.197327,65.536988
dyb3,4,298.397157,76.048503
csxxsyyszz,4,531.105776,143.953701
dyf2,4,260.664133,68.082336
dxf2,4,298.420854,74.382018
csxy,4,249.252719,66.989646
dzf2,4,2521.492684,533.003114
dyf3,4,260.637515,67.852797
csyz,4,380.641228,96.443349
dxf3,4,255.861617,65.383842
dzf3,4,962.744788,255.695746
csxz,4,380.983454,96.863156
#========================= OptEWE [OpenMP] =========================
#Source type                                  :  Force monopole
#Grid Size                                    :  1024 x 1024 x 1024
#Iterations                                   :  5
#Compute time                                 :  66.394386
#Total effective MLUPS                        :  80.860889
#===================================================================
#Number of threads                            :  18
