dxf,0,344.279733,66.291509
dzb,0,1369.469491,271.245101
dyb,0,535.688791,99.216270
cvx,0,407.413105,81.829144
dyf,0,403.200316,78.281339
dzb2,0,1370.016546,271.691150
dxb,0,490.211737,89.824822
cvy,0,1866.064554,311.411877
dzf,0,1366.824498,270.759258
dxb2,0,344.221738,66.508289
dyb2,0,534.181444,98.988005
cvz,0,551.193719,107.592039
dzb3,0,1368.493039,271.012309
dxb3,0,344.580009,66.570167
dyb3,0,640.884960,115.612599
csxxsyyszz,0,849.551997,167.020571
dyf2,0,404.331967,78.465172
dxf2,0,371.464169,71.830264
csxy,0,296.806797,61.464901
dzf2,0,3332.817263,566.109837
dyf3,0,404.031433,78.370030
csyz,0,454.108064,89.114473
dxf3,0,343.094910,66.344858
dzf3,0,1368.283273,270.961154
csxz,0,452.811603,88.940824
dxf,1,343.766556,66.478347
dzb,1,1370.254497,271.722983
dyb,1,536.174912,99.401893
cvx,1,407.844087,81.965441
dyf,1,403.005227,78.307272
dzb2,1,1369.641941,271.736929
dxb,1,490.740235,89.901838
cvy,1,667.581053,122.946174
dzf,1,1369.348843,271.193613
dxb2,1,344.391324,66.600403
dyb2,1,534.548587,99.121736
cvz,1,550.971100,107.588708
dzb3,1,1368.798727,271.091705
dxb3,1,344.572719,66.611581
dyb3,1,641.483168,115.781100
csxxsyyszz,1,853.171146,168.414857
dyf2,1,403.386288,78.354049
dxf2,1,371.598996,71.346009
csxy,1,296.849274,61.549280
dzf2,1,3330.332932,567.212430
dyf3,1,405.448590,78.615309
csyz,1,453.333301,88.999537
dxf3,1,343.215712,66.366725
dzf3,1,1369.267660,271.847188
csxz,1,452.615755,89.386998
dxf,2,344.045126,66.815600
dzb,2,1369.867682,272.004657
dyb,2,535.684349,99.375305
cvx,2,407.743137,81.986525
dyf,2,403.077169,78.330457
dzb2,2,1378.342501,274.257814
dxb,2,490.350976,89.946388
cvy,2,667.439777,122.916913
dzf,2,1368.007427,270.974555
dxb2,2,344.865274,66.733422
dyb2,2,534.313982,99.159601
cvz,2,551.110358,107.680782
dzb3,2,1369.214370,271.073728
dxb3,2,344.812290,66.636966
dyb3,2,640.846214,115.640796
csxxsyyszz,2,849.791664,167.065567
dyf2,2,403.296677,78.251378
dxf2,2,371.394681,71.304914
csxy,2,296.883194,61.527422
dzf2,2,3331.761388,567.055552
dyf3,2,404.321856,78.487484
csyz,2,455.177180,89.305237
dxf3,2,344.959127,66.689521
dzf3,2,1369.247517,270.940345
csxz,2,452.871467,89.029516
dxf,3,343.977871,66.604334
dzb,3,1370.158986,271.518043
dyb,3,535.679801,99.342540
cvx,3,407.131798,81.890478
dyf,3,403.151528,78.417574
dzb2,3,1369.959701,271.938243
dxb,3,490.303803,89.883547
cvy,3,668.253778,123.103688
dzf,3,1369.174428,270.840246
dxb2,3,344.669385,66.651063
dyb2,3,534.231053,99.086901
cvz,3,552.518551,107.890713
dzb3,3,1369.031094,270.956934
dxb3,3,344.825594,66.683014
dyb3,3,641.330025,115.785874
csxxsyyszz,3,847.225404,166.745356
dyf2,3,404.015785,78.469740
dxf2,3,371.336330,71.316858
csxy,3,296.784014,61.553924
dzf2,3,3331.171475,567.100821
dyf3,3,404.443867,78.526610
csyz,3,454.531271,89.204501
dxf3,3,343.803582,66.476040
dzf3,3,1377.993934,272.741116
csxz,3,452.693637,89.027710
dxf,4,343.718348,66.539636
dzb,4,1369.573154,271.364530
dyb,4,535.919289,99.455689
cvx,4,407.081618,81.908875
dyf,4,402.988907,78.397924
dzb2,4,1370.482898,272.140363
dxb,4,490.287668,89.965418
cvy,4,668.527789,122.968949
dzf,4,1367.781344,270.716792
dxb2,4,344.771930,66.721214
dyb2,4,534.558633,99.198646
cvz,4,550.917743,107.684081
dzb3,4,1370.570231,271.027634
dxb3,4,344.619995,66.675377
dyb3,4,641.777896,115.912022
csxxsyyszz,4,848.563957,167.119301
dyf2,4,404.031744,78.406538
dxf2,4,371.696985,71.396462
csxy,4,297.025848,61.586669
dzf2,4,3332.167019,567.510056
dyf3,4,405.135152,78.554534
csyz,4,454.011914,89.082910
dxf3,4,343.540693,66.441142
dzf3,4,1369.934721,270.691000
csxz,4,453.601544,89.181122
#========================= OptEWE [OpenMP] =========================
#Source type                                  :  Force monopole
#Grid Size                                    :  1024 x 1024 x 1024
#Iterations                                   :  5
#Compute time                                 :  96.318047
#Total effective MLUPS                        :  55.739389
#===================================================================
#Number of threads                            :  14
