dxf,0,386.746441,63.671745
dzb,0,1711.848370,278.619179
dyb,0,514.919734,82.803532
cvx,0,479.147915,80.050697
dyf,0,513.518165,82.623575
dzb2,0,1712.358423,278.834434
dxb,0,388.445211,64.060465
cvy,0,2816.012037,390.071744
dzf,0,1710.106826,279.052942
dxb2,0,386.212052,63.720632
dyb2,0,512.632450,82.597777
cvz,0,566.302743,94.406553
dzb3,0,1710.351635,279.357759
dxb3,0,386.837969,63.864031
dyb3,0,514.546937,82.846542
csxxsyyszz,0,1142.405996,183.321331
dyf2,0,515.376311,82.879138
dxf2,0,386.103545,63.838189
csxy,0,390.756312,65.589990
dzf2,0,1711.001072,280.446353
dyf3,0,514.993943,82.862374
csyz,0,474.966138,79.444945
dxf3,0,386.920882,63.896043
dzf3,0,1707.621958,278.386586
csxz,0,475.256760,79.610861
dxf,1,385.680764,63.929575
dzb,1,1710.891624,279.308672
dyb,1,514.428157,83.054847
cvx,1,480.407583,80.329229
dyf,1,513.308296,82.694463
dzb2,1,1710.115744,279.092231
dxb,1,388.477583,64.162799
cvy,1,480.549882,80.471789
dzf,1,1712.167085,279.393520
dxb2,1,386.762860,64.003645
dyb2,1,512.650725,82.756810
cvz,1,566.415842,94.490351
dzb3,1,1710.899563,279.661742
dxb3,1,386.721567,63.834722
dyb3,1,513.631602,82.744927
csxxsyyszz,1,1151.160200,184.457817
dyf2,1,513.258156,82.582488
dxf2,1,385.629848,63.693070
csxy,1,390.661904,65.480838
dzf2,1,1709.347736,278.584961
dyf3,1,514.847825,82.801821
csyz,1,475.012080,79.403445
dxf3,1,385.887188,63.755766
dzf3,1,1708.554168,279.188610
csxz,1,475.143639,79.235429
dxf,2,385.897936,63.745327
dzb,2,1712.498862,280.379343
dyb,2,514.534415,82.949602
cvx,2,479.389883,80.234142
dyf,2,513.437024,82.719438
dzb2,2,1710.296534,279.536073
dxb,2,388.412842,64.159326
cvy,2,478.909538,80.051723
dzf,2,1710.752628,279.384533
dxb2,2,386.924845,63.892335
dyb2,2,512.428682,82.599464
cvz,2,566.627083,94.478829
dzb3,2,1710.520399,278.597880
dxb3,2,386.510624,63.762297
dyb3,2,513.520001,82.711493
csxxsyyszz,2,1151.401162,184.537746
dyf2,2,513.490193,82.621193
dxf2,2,385.772281,63.689557
csxy,2,390.615288,65.489217
dzf2,2,1708.895974,279.351269
dyf3,2,515.714902,82.945932
csyz,2,474.893147,79.436976
dxf3,2,385.912540,63.783513
dzf3,2,1709.836225,279.288274
csxz,2,475.260690,79.430432
dxf,3,385.506966,63.688215
dzb,3,1710.936390,279.596431
dyb,3,514.925546,82.955526
cvx,3,479.203019,80.142095
dyf,3,513.400617,82.714694
dzb2,3,1710.427662,279.512297
dxb,3,388.288734,64.096637
cvy,3,479.919214,80.220216
dzf,3,1710.341578,279.397702
dxb2,3,388.207861,64.067733
dyb2,3,512.474383,82.635869
cvz,3,566.351295,94.439948
dzb3,3,1710.402546,279.459613
dxb3,3,386.671564,63.863466
dyb3,3,513.362156,82.712859
csxxsyyszz,3,1154.355899,184.985154
dyf2,3,513.601153,82.691529
dxf2,3,385.661996,63.649674
csxy,3,390.861866,65.526694
dzf2,3,1708.869682,279.476760
dyf3,3,516.799450,83.067902
csyz,3,474.934903,79.441217
dxf3,3,386.084347,63.765610
dzf3,3,1711.217614,278.477933
csxz,3,475.260536,79.454443
dxf,4,385.693047,63.731788
dzb,4,1711.041518,278.825720
dyb,4,514.644831,82.857691
cvx,4,479.682103,80.200527
dyf,4,511.969673,82.484999
dzb2,4,1710.518069,278.683801
dxb,4,388.508559,64.091956
cvy,4,478.589355,79.983371
dzf,4,1710.593319,278.703430
dxb2,4,386.216919,63.729772
dyb2,4,514.523090,82.846940
cvz,4,566.243253,94.484862
dzb3,4,1710.943115,279.244498
dxb3,4,387.975223,64.047577
dyb3,4,514.721009,82.936665
csxxsyyszz,4,1151.390973,184.692769
dyf2,4,513.213225,82.655604
dxf2,4,385.257959,63.660765
csxy,4,390.617358,65.544370
dzf2,4,1708.403191,278.690756
dyf3,4,513.498846,82.656611
csyz,4,475.787061,79.627626
dxf3,4,385.998417,63.820273
dzf3,4,1709.626214,279.578710
csxz,4,475.160371,79.229857
#========================= OptEWE [OpenMP] =========================
#Source type                                  :  Force monopole
#Grid Size                                    :  1024 x 1024 x 1024
#Iterations                                   :  5
#Compute time                                 :  100.749977
#Total effective MLUPS                        :  53.287447
#===================================================================
#Number of threads                            :  16
