dxf,0,427.586263,68.671324
dzb,0,1783.675583,292.266728
dyb,0,486.496852,79.142095
cvx,0,528.502142,87.564451
dyf,0,483.112292,78.753652
dzb2,0,1783.759275,292.155654
dxb,0,427.829954,68.807197
cvy,0,1853.579346,267.729295
dzf,0,1783.151574,292.141657
dxb2,0,427.644886,68.843722
dyb2,0,484.602559,79.057272
cvz,0,613.039906,101.543828
dzb3,0,1785.924926,292.794114
dxb3,0,428.064724,69.033026
dyb3,0,506.840013,84.277240
csxxsyyszz,0,996.317045,169.776588
dyf2,0,486.067566,79.281677
dxf2,0,454.503431,74.606711
csxy,0,374.832075,66.735933
dzf2,0,4135.137858,629.361069
dyf3,0,484.936958,79.074532
csyz,0,559.575053,95.330366
dxf3,0,427.263103,69.001993
dzf3,0,1785.296983,293.163091
csxz,0,558.760224,95.254023
dxf,1,427.370896,68.948547
dzb,1,1783.551199,292.963265
dyb,1,487.369583,79.495309
cvx,1,528.579291,87.686565
dyf,1,483.910043,79.219814
dzb2,1,1783.903980,292.984734
dxb,1,427.685072,69.069517
cvy,1,498.299127,87.004520
dzf,1,1782.920802,292.921063
dxb2,1,428.493584,69.045262
dyb2,1,484.761686,79.181106
cvz,1,613.396636,101.679591
dzb3,1,1784.128068,293.019802
dxb3,1,427.700788,69.119785
dyb3,1,508.002721,84.455699
csxxsyyszz,1,1011.841875,171.791992
dyf2,1,485.028242,79.219701
dxf2,1,454.564806,74.662517
csxy,1,374.609594,66.729574
dzf2,1,4147.760152,629.760361
dyf3,1,484.880540,79.196280
csyz,1,559.886095,95.357407
dxf3,1,427.504592,68.778786
dzf3,1,1783.176995,292.659172
csxz,1,558.706182,95.232214
dxf,2,427.589521,68.980205
dzb,2,1783.049635,292.447353
dyb,2,486.346820,79.121674
cvx,2,528.475912,87.272560
dyf,2,484.058394,78.845615
dzb2,2,1784.457962,292.207482
dxb,2,428.417144,68.917372
cvy,2,497.882058,86.943276
dzf,2,1782.976008,292.094363
dxb2,2,427.995253,68.818068
dyb2,2,484.756531,78.889136
cvz,2,614.142456,101.590102
dzb3,2,1784.919779,292.554940
dxb3,2,427.812782,68.916250
dyb3,2,507.642468,84.417001
csxxsyyszz,2,1012.321194,171.756659
dyf2,2,485.067611,79.101502
dxf2,2,454.592423,74.664062
csxy,2,374.622603,66.718441
dzf2,2,4154.230153,630.130151
dyf3,2,485.211357,79.401673
csyz,2,559.464038,95.369045
dxf3,2,427.726563,69.029981
dzf3,2,1780.903588,302.873153
csxz,2,558.329706,95.236215
dxf,3,427.501846,68.917481
dzb,3,1783.712725,292.489283
dyb,3,485.960536,79.220047
cvx,3,529.680554,87.570981
dyf,3,483.718581,78.992863
dzb2,3,1784.665469,292.999519
dxb,3,427.780655,69.194018
cvy,3,498.058582,87.262103
dzf,3,1784.489198,293.103093
dxb2,3,428.080919,68.978643
dyb2,3,485.851948,79.203468
cvz,3,613.379483,101.670514
dzb3,3,1784.320476,292.913033
dxb3,3,427.914977,68.974731
dyb3,3,507.140439,84.408741
csxxsyyszz,3,998.424577,170.096474
dyf2,3,486.042291,79.449611
dxf2,3,454.498510,74.696479
csxy,3,374.701395,66.819297
dzf2,3,4153.295861,630.642350
dyf3,3,485.048836,79.112509
csyz,3,559.124042,95.572959
dxf3,3,427.398815,69.174222
dzf3,3,1783.180963,293.102871
csxz,3,558.039251,95.323191
dxf,4,428.630236,71.007830
dzb,4,1783.205315,295.024444
dyb,4,485.739616,79.343121
cvx,4,528.742944,87.653606
dyf,4,484.252282,79.152329
dzb2,4,1785.173792,293.362512
dxb,4,427.599381,69.134171
cvy,4,498.318714,87.073718
dzf,4,1782.403301,292.554294
dxb2,4,427.886945,68.918846
dyb2,4,485.109040,79.098421
cvz,4,613.205298,101.625689
dzb3,4,1784.673325,292.790465
dxb3,4,427.892229,69.019065
dyb3,4,507.460747,84.426661
csxxsyyszz,4,1011.411415,171.983368
dyf2,4,485.987284,79.214927
dxf2,4,454.954990,74.781229
csxy,4,374.571302,66.739688
dzf2,4,4154.963897,629.553120
dyf3,4,486.231739,79.260380
csyz,4,559.642323,95.360780
dxf3,4,428.116230,68.912275
dzf3,4,1783.353219,292.359023
csxz,4,558.617462,95.272481
#========================= OptEWE [OpenMP] =========================
#Source type                                  :  Force monopole
#Grid Size                                    :  1024 x 1024 x 1024
#Iterations                                   :  5
#Compute time                                 :  115.028229
#Total effective MLUPS                        :  46.672970
#===================================================================
#Number of threads                            :  11
