dxf,0,248.195533,54.886579
dzb,0,937.420440,218.286555
dyb,0,261.838800,58.625756
cvx,0,284.299573,65.998753
dyf,0,260.949766,58.469056
dzb2,0,934.545725,218.127185
dxb,0,248.265183,55.142054
cvy,0,1908.910014,341.173431
dzf,0,933.468324,217.788138
dxb2,0,248.126360,55.066930
dyb2,0,261.164177,58.584560
cvz,0,330.178156,77.133270
dzb3,0,936.932936,218.686684
dxb3,0,247.331692,55.023850
dyb3,0,298.693410,65.198796
csxxsyyszz,0,672.584011,147.590150
dyf2,0,261.209513,58.554506
dxf2,0,295.515807,63.323713
csxy,0,247.002068,57.007506
dzf2,0,2443.930186,452.090714
dyf3,0,261.145902,58.449888
csyz,0,380.135778,82.438089
dxf3,0,247.054179,54.919696
dzf3,0,933.972564,217.050224
csxz,0,379.402733,82.529179
dxf,1,247.365143,55.070036
dzb,1,936.751862,218.172923
dyb,1,261.740218,58.673845
cvx,1,286.386554,66.495003
dyf,1,260.970494,58.634814
dzb2,1,934.588305,218.415827
dxb,1,248.482346,55.247936
cvy,1,317.609793,71.598605
dzf,1,934.775686,217.276169
dxb2,1,247.815986,55.101236
dyb2,1,261.232992,58.609433
cvz,1,330.268102,77.206509
dzb3,1,938.163999,218.102789
dxb3,1,247.778628,55.146043
dyb3,1,297.457370,65.067306
csxxsyyszz,1,672.582619,147.796160
dyf2,1,260.602937,58.517045
dxf2,1,295.432531,63.367292
csxy,1,247.010617,57.136580
dzf2,1,2444.387594,451.237711
dyf3,1,261.204265,58.538183
csyz,1,379.713585,82.612369
dxf3,1,247.092537,55.042590
dzf3,1,934.053141,218.317078
csxz,1,379.581550,82.598462
dxf,2,247.416048,55.043238
dzb,2,937.897465,217.166831
dyb,2,261.873759,58.721206
cvx,2,284.046154,66.149854
dyf,2,260.970402,58.634047
dzb2,2,934.665100,217.845115
dxb,2,248.740969,55.293997
cvy,2,318.386136,71.771695
dzf,2,933.745844,218.505759
dxb2,2,247.576559,55.123317
dyb2,2,261.188867,58.681465
cvz,2,330.085374,77.238111
dzb3,2,936.972236,217.657371
dxb3,2,247.708497,55.121854
dyb3,2,297.402190,65.099871
csxxsyyszz,2,672.541944,147.767140
dyf2,2,260.669918,58.578723
dxf2,2,295.070101,63.314889
csxy,2,246.796621,57.018228
dzf2,2,2442.401382,453.916013
dyf3,2,262.982474,58.838841
csyz,2,379.660557,82.475150
dxf3,2,247.234402,55.006178
dzf3,2,933.758846,218.329790
csxz,2,379.427817,82.584803
dxf,3,247.875597,55.165011
dzb,3,937.397674,218.961715
dyb,3,261.709473,58.780892
cvx,3,284.220620,66.199676
dyf,3,261.009838,58.645957
dzb2,3,934.452184,216.677218
dxb,3,248.580582,55.245169
cvy,3,318.534022,71.785000
dzf,3,933.255690,218.465669
dxb2,3,247.852164,55.220266
dyb2,3,260.776526,58.634530
cvz,3,330.547093,77.319891
dzb3,3,936.530133,218.890949
dxb3,3,247.734325,55.202096
dyb3,3,297.284296,65.062382
csxxsyyszz,3,672.472339,147.816326
dyf2,3,260.524359,58.519786
dxf2,3,295.455986,63.434125
csxy,3,247.964167,57.254327
dzf2,3,2443.580604,452.296264
dyf3,3,261.123335,58.571799
csyz,3,379.827014,82.506451
dxf3,3,247.403583,55.039223
dzf3,3,934.354118,217.371590
csxz,3,379.715866,82.620340
dxf,4,247.535918,55.101345
dzb,4,936.681031,218.481843
dyb,4,261.694837,58.710439
cvx,4,284.134970,66.212263
dyf,4,260.905179,58.684494
dzb2,4,934.525428,218.630646
dxb,4,248.151061,55.329372
cvy,4,317.971903,71.772935
dzf,4,933.734999,217.563744
dxb2,4,246.715485,54.991811
dyb2,4,261.143378,58.702523
cvz,4,332.056584,77.628539
dzb3,4,936.969366,218.362303
dxb3,4,247.914986,55.172782
dyb3,4,297.552082,65.129571
csxxsyyszz,4,674.269715,148.177748
dyf2,4,260.729222,58.565678
dxf2,4,295.662021,64.072173
csxy,4,246.936374,57.182945
dzf2,4,2445.217559,452.339755
dyf3,4,261.185756,58.774490
csyz,4,380.036485,82.877424
dxf3,4,247.405655,55.251072
dzf3,4,933.845250,219.224037
csxz,4,379.674414,83.035194
#========================= OptEWE [OpenMP] =========================
#Source type                                  :  Force monopole
#Grid Size                                    :  1024 x 1024 x 1024
#Iterations                                   :  5
#Compute time                                 :  65.947861
#Total effective MLUPS                        :  81.408389
#===================================================================
#Number of threads                            :  19
