dxf,0,370.103610,63.125795
dzb,0,1484.898043,259.104459
dyb,0,462.592515,78.331043
cvx,0,438.668494,77.312703
dyf,0,460.133616,77.918073
dzb2,0,1485.359400,259.337676
dxb,0,369.708849,63.213236
cvy,0,1956.184539,286.456143
dzf,0,1481.295288,258.788298
dxb2,0,370.863591,63.363962
dyb2,0,461.402960,78.171176
cvz,0,511.154305,90.073631
dzb3,0,1482.968965,259.073872
dxb3,0,371.903647,63.489834
dyb3,0,461.909183,78.226139
csxxsyyszz,0,1008.377891,170.896087
dyf2,0,460.365177,77.914687
dxf2,0,370.959675,63.454172
csxy,0,362.171894,63.821601
dzf2,0,1483.465581,258.940409
dyf3,0,465.472172,78.722107
csyz,0,435.183777,76.631056
dxf3,0,370.681281,63.231300
dzf3,0,1483.270191,258.765593
csxz,0,434.618188,76.464639
dxf,1,369.381149,63.075314
dzb,1,1486.619369,259.184912
dyb,1,462.583356,78.264316
cvx,1,438.779491,77.262834
dyf,1,461.586024,78.090658
dzb2,1,1485.122704,259.122320
dxb,1,370.076559,63.435672
cvy,1,438.175901,77.136135
dzf,1,1483.937095,258.904922
dxb2,1,371.514330,63.395483
dyb2,1,461.173231,78.053941
cvz,1,511.647504,90.068908
dzb3,1,1483.312325,258.801536
dxb3,1,371.800089,63.429418
dyb3,1,461.655165,78.125662
csxxsyyszz,1,1001.569613,169.786890
dyf2,1,460.569073,77.890378
dxf2,1,370.706049,63.224812
csxy,1,362.286284,63.771840
dzf2,1,1483.890828,258.835645
dyf3,1,462.131717,78.124286
csyz,1,435.046908,76.562032
dxf3,1,370.383170,63.202476
dzf3,1,1485.298324,259.195164
csxz,1,435.582274,76.611021
dxf,2,369.548748,63.132322
dzb,2,1485.426618,259.141757
dyb,2,462.253922,78.218168
cvx,2,438.716369,77.297211
dyf,2,460.604106,77.958863
dzb2,2,1485.884832,259.376454
dxb,2,369.910040,63.184322
cvy,2,437.405459,77.088849
dzf,2,1481.335239,258.747332
dxb2,2,370.768757,63.344644
dyb2,2,461.272676,78.103898
cvz,2,513.068847,90.292643
dzb3,2,1487.248078,259.472719
dxb3,2,371.971038,63.519289
dyb3,2,461.742447,78.184687
csxxsyyszz,2,1008.480037,170.825156
dyf2,2,460.518657,77.927330
dxf2,2,371.317279,63.598784
csxy,2,362.087494,64.038877
dzf2,2,1483.459671,259.174383
dyf3,2,463.317686,78.472812
csyz,2,435.064298,76.613502
dxf3,2,370.659013,63.285043
dzf3,2,1483.468852,258.951719
csxz,2,434.602421,76.506845
dxf,3,369.416844,63.124102
dzb,3,1486.960081,259.454167
dyb,3,464.692883,78.590808
cvx,3,438.784516,77.292763
dyf,3,460.293700,77.906077
dzb2,3,1485.270605,259.315805
dxb,3,370.194823,63.274578
cvy,3,437.556308,77.137487
dzf,3,1481.249193,258.676493
dxb2,3,370.804572,63.319988
dyb2,3,460.913800,78.043080
cvz,3,511.642403,90.114387
dzb3,3,1482.820329,258.932372
dxb3,3,372.049493,63.511284
dyb3,3,462.608901,78.318239
csxxsyyszz,3,1008.232843,170.810112
dyf2,3,464.764322,78.527341
dxf2,3,370.628019,63.244631
csxy,3,362.137978,63.794856
dzf2,3,1483.674312,258.926263
dyf3,3,462.125599,78.234177
csyz,3,435.086296,76.504995
dxf3,3,370.457989,63.222339
dzf3,3,1484.673989,259.640725
csxz,3,434.606820,76.743488
dxf,4,369.653759,63.292245
dzb,4,1484.970685,259.223186
dyb,4,463.843900,78.837999
cvx,4,438.985541,77.672628
dyf,4,460.400033,77.877984
dzb2,4,1489.586664,259.913135
dxb,4,369.913098,63.227220
cvy,4,437.790731,77.212346
dzf,4,1482.208545,258.847390
dxb2,4,371.052480,63.369395
dyb2,4,461.207276,78.101789
cvz,4,511.450907,90.099976
dzb3,4,1483.330489,259.189896
dxb3,4,371.471471,63.443068
dyb3,4,461.779823,78.190517
csxxsyyszz,4,1000.989031,169.831846
dyf2,4,460.499547,77.968452
dxf2,4,370.726413,63.353106
csxy,4,362.040734,63.884025
dzf2,4,1485.475422,259.432482
dyf3,4,465.259692,78.683805
csyz,4,434.942474,76.629305
dxf3,4,370.276473,63.236402
dzf3,4,1482.772906,258.890244
csxz,4,434.713470,76.483717
#========================= OptEWE [OpenMP] =========================
#Source type                                  :  Force monopole
#Grid Size                                    :  1024 x 1024 x 1024
#Iterations                                   :  5
#Compute time                                 :  89.156197
#Total effective MLUPS                        :  60.216893
#===================================================================
#Number of threads                            :  13
