dxf,0,485.222206,74.229157
dzb,0,2119.967060,326.336361
dyb,0,522.007040,81.565964
cvx,0,604.031993,94.591557
dyf,0,520.791195,81.514171
dzb2,0,2118.492250,326.573067
dxb,0,484.912928,77.589434
cvy,0,2042.565433,289.945353
dzf,0,2116.388751,325.644197
dxb2,0,485.985608,74.340328
dyb2,0,522.331556,81.578792
cvz,0,705.043720,110.331237
dzb3,0,2117.448295,325.827969
dxb3,0,485.068161,74.235098
dyb3,0,557.409054,88.517727
csxxsyyszz,0,1059.824854,173.954738
dyf2,0,521.708368,81.547604
dxf2,0,515.699920,80.530106
csxy,0,420.827309,71.152722
dzf2,0,4649.403604,675.521039
dyf3,0,521.736504,81.504492
csyz,0,624.869267,101.216466
dxf3,0,484.417213,74.242169
dzf3,0,2117.311367,325.948036
csxz,0,623.484761,101.058024
dxf,1,484.945654,74.282995
dzb,1,2118.197043,326.472107
dyb,1,521.668284,81.606173
cvx,1,603.931078,94.466173
dyf,1,522.451496,83.202143
dzb2,1,2116.500022,328.776236
dxb,1,485.202670,74.344853
cvy,1,565.720404,93.672745
dzf,1,2117.447500,326.103270
dxb2,1,485.127918,74.348217
dyb2,1,522.199873,81.624995
cvz,1,705.101049,110.505762
dzb3,1,2117.290528,326.146665
dxb3,1,485.038314,74.262526
dyb3,1,556.721215,88.428877
csxxsyyszz,1,1060.229083,174.011966
dyf2,1,520.771611,81.549764
dxf2,1,515.435364,80.537023
csxy,1,420.652079,70.993883
dzf2,1,4650.326986,675.253052
dyf3,1,521.957687,81.640592
csyz,1,625.220617,101.287607
dxf3,1,484.779849,74.181539
dzf3,1,2117.449898,325.707179
csxz,1,623.453768,101.060731
dxf,2,484.496896,74.197433
dzb,2,2119.314797,325.987778
dyb,2,522.590471,81.842752
cvx,2,602.631261,98.450141
dyf,2,519.005614,84.220613
dzb2,2,2117.897616,325.976568
dxb,2,484.920768,74.220938
cvy,2,565.725052,93.659172
dzf,2,2117.828044,325.823189
dxb2,2,484.973670,74.242132
dyb2,2,522.194241,81.571422
cvz,2,704.889134,110.334117
dzb3,2,2118.143604,326.006021
dxb3,2,485.218550,74.392620
dyb3,2,555.670378,88.295846
csxxsyyszz,2,1062.023617,173.894635
dyf2,2,522.198050,81.576875
dxf2,2,515.364473,80.520463
csxy,2,420.758604,71.010989
dzf2,2,4650.672114,675.403388
dyf3,2,521.667214,81.489180
csyz,2,625.104964,101.303391
dxf3,2,484.988224,74.226273
dzf3,2,2116.919611,325.714885
csxz,2,623.258242,101.073787
dxf,3,484.817455,74.256625
dzb,3,2119.753719,326.769372
dyb,3,521.431373,81.497453
cvx,3,604.031458,94.516966
dyf,3,520.535519,81.430151
dzb2,3,2118.400405,325.929134
dxb,3,484.928883,74.305496
cvy,3,565.795674,93.681467
dzf,3,2116.929458,325.724146
dxb2,3,485.207380,74.259892
dyb2,3,521.973768,81.489285
cvz,3,705.001858,110.402964
dzb3,3,2118.044651,326.370441
dxb3,3,486.199258,74.695473
dyb3,3,555.829689,88.418705
csxxsyyszz,3,1060.458995,174.075787
dyf2,3,521.792704,81.802353
dxf2,3,516.290157,80.650775
csxy,3,420.534616,71.093518
dzf2,3,4648.431915,676.398434
dyf3,3,520.813325,81.512771
csyz,3,624.902418,101.305189
dxf3,3,484.629117,74.493277
dzf3,3,2116.291054,326.581146
csxz,3,623.187452,101.261353
dxf,4,485.395223,74.389931
dzb,4,2116.093932,333.839036
dyb,4,521.529592,81.841752
cvx,4,604.211085,94.581591
dyf,4,520.639247,81.400872
dzb2,4,2118.993191,326.065816
dxb,4,484.978528,74.291648
cvy,4,565.752935,93.693224
dzf,4,2116.976896,325.845140
dxb2,4,484.908754,74.302162
dyb2,4,523.522026,81.779374
cvz,4,704.774578,110.355368
dzb3,4,2117.563241,325.856399
dxb3,4,485.230154,74.223896
dyb3,4,555.554659,88.286310
csxxsyyszz,4,1060.590180,173.581133
dyf2,4,521.899231,81.484634
dxf2,4,515.744205,80.576800
csxy,4,420.552360,70.960984
dzf2,4,4649.260858,675.340484
dyf3,4,520.912730,81.493402
csyz,4,624.619958,101.238944
dxf3,4,484.769515,74.480196
dzf3,4,2117.293348,326.545903
csxz,4,623.416096,101.316013
#========================= OptEWE [OpenMP] =========================
#Source type                                  :  Force monopole
#Grid Size                                    :  1024 x 1024 x 1024
#Iterations                                   :  5
#Compute time                                 :  131.215240
#Total effective MLUPS                        :  40.915286
#===================================================================
#Number of threads                            :  11
