dxf,0,195.348002,56.292203
dzb,0,717.789810,222.838789
dyb,0,196.931465,58.397513
cvx,0,222.270032,68.967834
dyf,0,197.674527,58.727461
dzb2,0,717.549647,223.723417
dxb,0,192.321713,56.357076
cvy,0,1744.140022,408.857727
dzf,0,718.464069,224.320692
dxb2,0,192.798756,56.596247
dyb2,0,196.345619,58.592060
cvz,0,258.301439,80.627799
dzb3,0,718.770262,224.834951
dxb3,0,193.657122,56.856488
dyb3,0,197.332717,58.923523
csxxsyyszz,0,456.599783,137.016444
dyf2,0,196.966369,58.801050
dxf2,0,193.243572,56.809397
csxy,0,184.750254,57.427777
dzf2,0,717.406555,224.829995
dyf3,0,196.690572,58.811969
csyz,0,220.842107,68.901119
dxf3,0,192.547137,56.744086
dzf3,0,716.737918,224.762966
csxz,0,220.256687,68.923847
dxf,1,192.678867,56.850693
dzb,1,717.753732,225.183248
dyb,1,197.314281,58.966727
cvx,1,222.442824,69.587239
dyf,1,197.459805,59.061566
dzb2,1,717.544117,225.182603
dxb,1,192.413794,56.760456
cvy,1,221.904441,69.500619
dzf,1,716.869312,225.433053
dxb2,1,192.691340,56.822961
dyb2,1,196.305229,58.813863
cvz,1,258.322800,81.024186
dzb3,1,718.019502,225.601348
dxb3,1,193.892508,57.157770
dyb3,1,197.509776,59.198591
csxxsyyszz,1,456.547047,137.444706
dyf2,1,196.973689,58.992748
dxf2,1,192.889802,56.895530
csxy,1,184.660613,57.607781
dzf2,1,717.262470,225.475168
dyf3,1,196.890805,59.037656
csyz,1,220.597047,69.018182
dxf3,1,192.836842,56.963778
dzf3,1,716.850351,225.412988
csxz,1,220.184005,69.095872
dxf,2,192.683780,56.982750
dzb,2,717.736188,225.734888
dyb,2,197.155815,59.118755
cvx,2,222.353147,69.760444
dyf,2,196.713686,59.102774
dzb2,2,717.529108,225.709803
dxb,2,192.209271,56.914130
cvy,2,221.717040,69.617285
dzf,2,717.595253,226.068074
dxb2,2,192.501889,56.948929
dyb2,2,196.553026,59.025592
cvz,2,258.409869,81.209275
dzb3,2,718.029440,226.032296
dxb3,2,193.429798,57.152800
dyb3,2,197.427942,59.295224
csxxsyyszz,2,456.498988,137.619490
dyf2,2,197.201290,59.145397
dxf2,2,192.830150,57.029018
csxy,2,184.689197,57.713635
dzf2,2,718.127991,226.044743
dyf3,2,196.712467,59.102656
csyz,2,220.610105,69.168347
dxf3,2,192.802870,57.082940
dzf3,2,716.779412,225.726360
csxz,2,220.275621,69.235131
dxf,3,192.927620,57.136781
dzb,3,717.573733,226.028609
dyb,3,197.252911,59.311173
cvx,3,222.211018,69.816047
dyf,3,196.427095,59.067015
dzb2,3,717.649932,226.026036
dxb,3,192.447701,57.076614
cvy,3,222.057849,69.755035
dzf,3,716.996922,226.234992
dxb2,3,192.694216,57.057228
dyb2,3,196.612971,59.179510
cvz,3,258.143512,81.246821
dzb3,3,718.832785,226.537775
dxb3,3,193.353324,57.190689
dyb3,3,197.475261,59.351610
csxxsyyszz,3,456.386982,137.730214
dyf2,3,196.981553,59.215588
dxf2,3,193.004860,57.147253
csxy,3,184.596425,57.772352
dzf2,3,717.216073,226.115454
dyf3,3,196.769111,59.240917
csyz,3,220.607250,69.240987
dxf3,3,192.859847,57.156350
dzf3,3,716.982874,226.088511
csxz,3,220.287208,69.301039
dxf,4,193.030937,57.195312
dzb,4,717.678923,226.296062
dyb,4,197.365732,59.415886
cvx,4,222.383299,69.937312
dyf,4,196.489879,59.141343
dzb2,4,717.515486,226.235172
dxb,4,192.243873,57.056419
cvy,4,222.048825,69.821591
dzf,4,716.931237,226.430069
dxb2,4,193.036728,57.152481
dyb2,4,196.494395,59.149277
cvz,4,258.038932,81.286480
dzb3,4,718.091202,226.518124
dxb3,4,193.612092,57.313273
dyb3,4,197.576423,59.428182
csxxsyyszz,4,462.716051,139.242625
dyf2,4,196.909875,59.201624
dxf2,4,192.898416,57.120426
csxy,4,184.679149,57.819590
dzf2,4,717.714511,226.424324
dyf3,4,196.767120,59.232491
csyz,4,220.631182,69.297569
dxf3,4,192.645108,57.157752
dzf3,4,717.006825,226.245440
csxz,4,220.402556,69.521405
#========================= OptEWE [OpenMP] =========================
#Source type                                  :  Force monopole
#Grid Size                                    :  1024 x 1024 x 1024
#Iterations                                   :  5
#Compute time                                 :  43.676758
#Total effective MLUPS                        :  122.919131
#===================================================================
#Number of threads                            :  24
