dxf,0,291.761259,61.592244
dzb,0,1112.467140,243.486496
dyb,0,300.068736,64.542846
cvx,0,302.329819,69.059240
dyf,0,301.253245,64.786845
dzb2,0,1112.530441,243.711696
dxb,0,291.685827,61.916039
cvy,0,1760.007479,315.214759
dzf,0,1110.885127,240.687068
dxb2,0,292.245584,61.987871
dyb2,0,300.276916,64.688421
cvz,0,405.588709,89.525359
dzb3,0,1112.993326,242.699353
dxb3,0,293.616511,62.238363
dyb3,0,329.000638,69.893749
csxxsyyszz,0,697.307876,150.958048
dyf2,0,300.568194,64.673292
dxf2,0,325.555373,68.045427
csxy,0,258.503448,58.635292
dzf2,0,2844.423061,514.781469
dyf3,0,300.482696,64.633254
csyz,0,407.583482,86.554561
dxf3,0,291.944183,61.991556
dzf3,0,1111.308843,244.197381
csxz,0,407.813587,86.815559
dxf,1,291.319798,61.834987
dzb,1,1113.390102,243.468827
dyb,1,300.378312,64.691242
cvx,1,303.702883,69.402828
dyf,1,300.808688,64.792646
dzb2,1,1113.313162,243.167808
dxb,1,292.205602,62.049212
cvy,1,496.094850,102.196035
dzf,1,1110.613926,241.081743
dxb2,1,292.364398,62.050364
dyb2,1,300.428651,64.722477
cvz,1,405.299261,89.535534
dzb3,1,1111.992826,242.796709
dxb3,1,291.962380,62.031915
dyb3,1,329.102451,69.980005
csxxsyyszz,1,696.388910,150.897770
dyf2,1,300.159168,64.673366
dxf2,1,325.200089,68.012439
csxy,1,258.935747,58.749905
dzf2,1,2844.862610,515.172643
dyf3,1,302.450945,64.975217
csyz,1,407.242189,86.569083
dxf3,1,291.794026,61.965398
dzf3,1,1111.071756,243.407440
csxz,1,407.862142,86.785258
dxf,2,291.292217,61.952161
dzb,2,1112.533420,243.482027
dyb,2,300.371634,64.717031
cvx,2,302.297274,69.162308
dyf,2,300.911352,64.854615
dzb2,2,1112.273580,243.311587
dxb,2,292.404951,62.127970
cvy,2,496.346943,102.316612
dzf,2,1110.551667,241.506032
dxb2,2,292.145241,62.118871
dyb2,2,300.607829,64.848299
cvz,2,405.291920,89.563288
dzb3,2,1112.977012,243.223311
dxb3,2,292.874419,62.224979
dyb3,2,328.888392,69.934876
csxxsyyszz,2,701.601877,151.798374
dyf2,2,300.205709,64.719553
dxf2,2,325.962887,68.274021
csxy,2,258.934185,58.901550
dzf2,2,2844.407085,515.206837
dyf3,2,300.528742,64.676993
csyz,2,407.192058,86.554817
dxf3,2,291.611835,61.945369
dzf3,2,1110.959242,243.502004
csxz,2,408.062644,86.807985
dxf,3,291.453207,61.964766
dzb,3,1112.475012,243.816394
dyb,3,300.578059,64.815377
cvx,3,303.561042,69.419059
dyf,3,300.850628,64.854353
dzb2,3,1113.572503,243.710704
dxb,3,291.767398,62.013142
cvy,3,496.586650,102.406410
dzf,3,1110.551269,241.646387
dxb2,3,291.693406,62.006500
dyb2,3,300.571430,65.034027
cvz,3,406.007041,89.794351
dzb3,3,1112.384274,243.323943
dxb3,3,292.653063,62.168119
dyb3,3,329.182291,70.033531
csxxsyyszz,3,701.817397,151.901783
dyf2,3,300.319497,64.717234
dxf2,3,325.030820,68.012200
csxy,3,258.991367,58.782696
dzf2,3,2844.966363,515.678880
dyf3,3,302.441142,64.975473
csyz,3,407.303694,86.575933
dxf3,3,291.615851,61.993373
dzf3,3,1110.808648,243.638564
csxz,3,407.876868,86.743141
dxf,4,291.394100,61.978057
dzb,4,1112.235178,243.803892
dyb,4,300.367218,64.714339
cvx,4,302.532358,69.221691
dyf,4,301.184472,64.937060
dzb2,4,1112.491870,243.680403
dxb,4,291.918676,62.046541
cvy,4,496.178746,102.284680
dzf,4,1111.635553,242.019683
dxb2,4,292.032704,62.050616
dyb2,4,300.463691,64.871054
cvz,4,405.651431,89.772927
dzb3,4,1112.925795,243.932298
dxb3,4,292.789785,62.274220
dyb3,4,328.926776,70.075605
csxxsyyszz,4,707.143593,152.957325
dyf2,4,300.329924,64.779646
dxf2,4,325.084664,68.093554
csxy,4,259.202837,58.870946
dzf2,4,2845.030573,515.462916
dyf3,4,301.183970,64.810589
csyz,4,407.372559,86.650332
dxf3,4,291.782413,62.030276
dzf3,4,1111.131917,243.779391
csxz,4,407.910825,86.829266
#========================= OptEWE [OpenMP] =========================
#Source type                                  :  Force monopole
#Grid Size                                    :  1024 x 1024 x 1024
#Iterations                                   :  5
#Compute time                                 :  76.276848
#Total effective MLUPS                        :  70.384517
#===================================================================
#Number of threads                            :  16
