dxf,0,197.101553,50.330598
dzb,0,729.761417,199.259678
dyb,0,213.192163,54.699654
cvx,0,233.374769,61.744631
dyf,0,213.214527,54.755597
dzb2,0,730.187126,199.654178
dxb,0,197.856570,50.725477
cvy,0,1991.083253,394.969891
dzf,0,728.111409,199.118018
dxb2,0,196.738967,50.527012
dyb2,0,213.515319,54.805657
cvz,0,261.182523,71.052444
dzb3,0,729.715999,199.680015
dxb3,0,198.649506,50.931373
dyb3,0,213.344419,54.767744
csxxsyyszz,0,621.454711,151.153019
dyf2,0,212.852161,54.650040
dxf2,0,195.887647,50.337282
csxy,0,186.414839,50.708181
dzf2,0,728.348498,199.575091
dyf3,0,213.526149,54.882426
csyz,0,223.292252,61.019444
dxf3,0,195.975485,50.487312
dzf3,0,729.261042,199.671244
csxz,0,223.028889,61.073858
dxf,1,196.346369,50.570469
dzb,1,729.669008,199.962992
dyb,1,213.831688,54.985201
cvx,1,233.674786,61.967693
dyf,1,213.029703,54.816133
dzb2,1,729.713144,200.002289
dxb,1,197.611182,50.855832
cvy,1,232.721637,61.768075
dzf,1,728.958764,199.900584
dxb2,1,197.141009,50.742138
dyb2,1,213.067854,54.813934
cvz,1,261.226232,71.245108
dzb3,1,729.626446,200.103167
dxb3,1,198.893110,51.080473
dyb3,1,213.398863,54.882960
csxxsyyszz,1,612.770305,149.807116
dyf2,1,212.858101,54.747799
dxf2,1,196.075849,50.515525
csxy,1,186.283828,50.776833
dzf2,1,728.955081,199.965480
dyf3,1,213.974643,55.024822
csyz,1,223.438402,61.095630
dxf3,1,196.102779,50.587335
dzf3,1,728.805417,199.854664
csxz,1,222.949468,61.144512
dxf,2,195.915930,50.546184
dzb,2,730.024697,200.198422
dyb,2,213.755333,54.976503
cvx,2,233.308011,61.971570
dyf,2,212.916507,54.839307
dzb2,2,730.031110,200.247429
dxb,2,198.066356,50.947989
cvy,2,232.739497,61.828017
dzf,2,728.917380,200.095180
dxb2,2,197.168835,50.797973
dyb2,2,212.980747,54.829479
cvz,2,261.476784,71.346250
dzb3,2,737.778114,201.860554
dxb3,2,199.472266,51.249733
dyb3,2,213.436076,54.930875
csxxsyyszz,2,612.832661,149.916182
dyf2,2,212.800661,54.753534
dxf2,2,195.659385,50.443868
csxy,2,186.284733,50.839010
dzf2,2,728.175475,199.979798
dyf3,2,213.510453,54.967396
csyz,2,223.209342,61.109508
dxf3,2,197.260172,50.822744
dzf3,2,729.191730,200.051152
csxz,2,222.984228,61.205436
dxf,3,196.071606,50.620266
dzb,3,729.402748,200.279796
dyb,3,213.528447,55.036956
cvx,3,233.124400,61.969672
dyf,3,213.149664,54.973899
dzb2,3,729.842721,200.442787
dxb,3,197.632410,50.968305
cvy,3,232.730868,61.903550
dzf,3,728.341949,200.123295
dxb2,3,197.156644,50.811427
dyb2,3,212.995597,54.872118
cvz,3,260.984269,71.320798
dzb3,3,729.511058,200.367293
dxb3,3,198.600095,51.096080
dyb3,3,213.423033,54.976655
csxxsyyszz,3,612.880923,150.021692
dyf2,3,212.506625,54.759058
dxf2,3,197.045337,50.743629
csxy,3,186.368047,50.850718
dzf2,3,728.075566,200.077404
dyf3,3,213.410040,55.031872
csyz,3,223.336988,61.159840
dxf3,3,196.066160,50.643739
dzf3,3,729.083197,200.215741
csxz,3,223.003103,61.266384
dxf,4,196.585306,50.764307
dzb,4,729.856065,200.474033
dyb,4,213.905520,55.100817
cvx,4,232.957963,61.996185
dyf,4,213.281752,54.985770
dzb2,4,729.979082,200.531914
dxb,4,197.538796,50.896018
cvy,4,232.924606,61.977603
dzf,4,728.542590,200.254771
dxb2,4,197.291675,50.848334
dyb2,4,213.233712,54.993097
cvz,4,261.349911,71.419948
dzb3,4,730.564168,200.678087
dxb3,4,198.676848,51.153451
dyb3,4,213.565851,55.041630
csxxsyyszz,4,612.783303,150.111197
dyf2,4,212.723039,54.822777
dxf2,4,195.671804,50.520447
csxy,4,186.303768,50.876287
dzf2,4,728.447589,200.264582
dyf3,4,213.423099,55.047648
csyz,4,223.352066,61.209632
dxf3,4,196.015436,50.649199
dzf3,4,728.792567,200.232758
csxz,4,222.994375,61.453994
#========================= OptEWE [OpenMP] =========================
#Source type                                  :  Force monopole
#Grid Size                                    :  1024 x 1024 x 1024
#Iterations                                   :  5
#Compute time                                 :  45.827572
#Total effective MLUPS                        :  117.150198
#===================================================================
#Number of threads                            :  24
