dxf,0,311.222153,57.774961
dzb,0,1381.569724,252.882571
dyb,0,365.767012,68.352709
cvx,0,386.648891,73.107904
dyf,0,363.646950,67.614918
dzb2,0,1376.490354,254.036133
dxb,0,309.131829,57.533309
cvy,0,2799.328211,423.271457
dzf,0,1374.446720,252.169264
dxb2,0,310.017435,57.663862
dyb2,0,363.884558,67.577348
cvz,0,455.054432,85.940313
dzb3,0,1375.175753,254.075074
dxb3,0,309.251041,57.699058
dyb3,0,365.228033,67.842598
csxxsyyszz,0,779.639254,145.723657
dyf2,0,364.578956,67.774828
dxf2,0,308.988620,57.611923
csxy,0,313.487616,59.667266
dzf2,0,1374.530736,254.082649
dyf3,0,366.609476,68.097584
csyz,0,381.310251,72.421816
dxf3,0,308.781925,57.574256
dzf3,0,1373.671320,253.439729
csxz,0,381.351311,72.393521
dxf,1,308.896311,57.612274
dzb,1,1383.377015,253.478112
dyb,1,365.621348,67.830977
cvx,1,386.627192,73.169194
dyf,1,363.466515,67.605392
dzb2,1,1376.285261,254.363203
dxb,1,308.816843,57.629829
cvy,1,385.799881,73.044028
dzf,1,1374.528031,253.100451
dxb2,1,310.501400,58.324875
dyb2,1,363.929276,68.235616
cvz,1,457.023854,86.885310
dzb3,1,1375.501268,254.567245
dxb3,1,309.774218,57.786212
dyb3,1,365.190743,67.880201
csxxsyyszz,1,767.908578,144.067484
dyf2,1,365.511154,67.952954
dxf2,1,308.867492,57.616240
csxy,1,313.458479,59.710231
dzf2,1,1386.895191,256.790058
dyf3,1,364.930000,67.891810
csyz,1,381.393432,72.483546
dxf3,1,308.563708,57.604986
dzf3,1,1372.274828,253.925518
csxz,1,381.390323,72.416486
dxf,2,308.746944,57.623383
dzb,2,1381.672658,253.909943
dyb,2,368.424123,68.325372
cvx,2,386.468184,73.218786
dyf,2,364.532224,67.813450
dzb2,2,1376.167882,254.501546
dxb,2,308.965462,57.721350
cvy,2,386.076151,73.134563
dzf,2,1374.635686,253.662985
dxb2,2,309.995164,57.825310
dyb2,2,364.190236,67.777319
cvz,2,455.073531,86.127767
dzb3,2,1375.068383,251.773691
dxb3,2,309.360104,57.742534
dyb3,2,367.096096,68.193570
csxxsyyszz,2,779.650930,145.834401
dyf2,2,364.611222,67.832504
dxf2,2,308.927497,57.698312
csxy,2,313.460719,59.741507
dzf2,2,1376.570462,252.992516
dyf3,2,365.049683,67.941389
csyz,2,381.380161,72.519734
dxf3,2,308.864490,57.669482
dzf3,2,1372.567660,254.053377
csxz,2,381.316644,72.461361
dxf,3,308.959685,57.690620
dzb,3,1382.735129,254.873096
dyb,3,365.596670,67.950547
cvx,3,386.508910,73.213303
dyf,3,363.530747,67.682701
dzb2,3,1376.463732,251.854524
dxb,3,309.074093,57.711883
cvy,3,386.073584,73.133454
dzf,3,1373.985266,253.974425
dxb2,3,311.376063,58.049002
dyb2,3,363.938293,67.721436
cvz,3,455.128238,86.128162
dzb3,3,1376.778024,252.527235
dxb3,3,309.306550,57.746338
dyb3,3,365.253597,67.942019
csxxsyyszz,3,767.875010,144.102002
dyf2,3,364.711608,67.820787
dxf2,3,309.006154,57.700812
csxy,3,313.543049,59.770760
dzf2,3,1374.872261,252.086345
dyf3,3,365.776927,68.073377
csyz,3,381.475900,72.567571
dxf3,3,308.528000,57.646838
dzf3,3,1372.215230,252.141296
csxz,3,381.226945,72.453025
dxf,4,308.687441,57.637047
dzb,4,1383.493085,255.263458
dyb,4,365.779234,68.038175
cvx,4,386.596334,73.262370
dyf,4,365.277202,67.917297
dzb2,4,1378.173875,252.695788
dxb,4,309.065094,57.708340
cvy,4,385.777384,73.070048
dzf,4,1373.932789,254.196295
dxb2,4,309.973297,57.875178
dyb2,4,363.946005,67.755278
cvz,4,455.355662,86.174811
dzb3,4,1375.282047,252.881228
dxb3,4,309.405856,57.746846
dyb3,4,365.213893,67.904282
csxxsyyszz,4,781.164689,146.064075
dyf2,4,364.698330,67.825169
dxf2,4,309.155394,57.696994
csxy,4,314.546103,59.896395
dzf2,4,1375.214819,252.641911
dyf3,4,366.377010,68.179474
csyz,4,381.360506,72.558937
dxf3,4,308.516970,57.622882
dzf3,4,1373.058998,251.919996
csxz,4,381.354702,72.562013
#========================= OptEWE [OpenMP] =========================
#Source type                                  :  Force monopole
#Grid Size                                    :  1024 x 1024 x 1024
#Iterations                                   :  5
#Compute time                                 :  79.341225
#Total effective MLUPS                        :  67.666073
#===================================================================
#Number of threads                            :  20
