dxf,0,332.029834,68.715511
dzb,0,1336.120646,282.080725
dyb,0,506.110248,100.705725
cvx,0,399.713820,85.024660
dyf,0,452.757429,91.567819
dzb2,0,1337.235838,282.610031
dxb,0,398.628144,80.499339
cvy,0,1998.531409,352.649851
dzf,0,1336.235109,283.110187
dxb2,0,334.120149,69.550687
dyb2,0,504.002338,100.640225
cvz,0,484.896008,103.110988
dzb3,0,1335.695412,282.612337
dxb3,0,332.030882,68.954686
dyb3,0,552.870860,108.678291
csxxsyyszz,0,1036.369122,208.574897
dyf2,0,451.394187,91.349028
dxf2,0,348.195350,72.141971
csxy,0,269.734419,61.211422
dzf2,0,2951.802114,548.858251
dyf3,0,451.281712,91.307338
csyz,0,417.246057,88.933779
dxf3,0,331.715447,68.957713
dzf3,0,1334.227417,282.408924
csxz,0,410.068974,87.764338
dxf,1,331.295520,68.934338
dzb,1,1334.727322,282.656476
dyb,1,505.804491,100.880683
cvx,1,399.212860,85.078256
dyf,1,451.058491,91.379046
dzb2,1,1334.842152,282.579257
dxb,1,398.098713,80.492572
cvy,1,564.993293,114.044667
dzf,1,1335.395524,282.779483
dxb2,1,333.958434,69.360548
dyb2,1,503.761334,100.491655
cvz,1,485.990042,103.343360
dzb3,1,1335.599547,282.791594
dxb3,1,332.014068,68.994435
dyb3,1,551.603452,108.530470
csxxsyyszz,1,1036.103308,208.611984
dyf2,1,451.247532,91.334665
dxf2,1,348.194739,72.150176
csxy,1,269.592669,61.194550
dzf2,1,2950.603477,549.311246
dyf3,1,451.327850,91.293385
csyz,1,417.479319,88.986113
dxf3,1,331.753471,68.925891
dzf3,1,1336.686656,282.970214
csxz,1,409.771889,87.901302
dxf,2,331.450550,68.944450
dzb,2,1335.117407,282.696374
dyb,2,505.850507,100.957083
cvx,2,398.992451,85.069178
dyf,2,451.189845,91.435786
dzb2,2,1335.507150,282.780396
dxb,2,398.578649,80.628224
cvy,2,563.760009,113.878396
dzf,2,1333.857744,282.694156
dxb2,2,333.835272,69.346678
dyb2,2,503.373897,100.422467
cvz,2,490.478336,104.592758
dzb3,2,1338.363186,283.805275
dxb3,2,332.084187,69.168089
dyb3,2,552.225546,108.930349
csxxsyyszz,2,1036.521687,209.149076
dyf2,2,452.544346,91.799465
dxf2,2,348.355257,72.298395
csxy,2,269.847547,61.293852
dzf2,2,2950.503519,549.793133
dyf3,2,451.511341,91.610453
csyz,2,417.457744,89.096963
dxf3,2,331.820637,69.028780
dzf3,2,1336.763654,283.427981
csxz,2,410.545021,87.935229
dxf,3,331.699280,69.037401
dzb,3,1336.723570,283.217175
dyb,3,505.775679,100.890150
cvx,3,399.068339,85.093733
dyf,3,451.262956,91.469529
dzb2,3,1337.905836,283.379365
dxb,3,398.196472,80.609398
cvy,3,563.749998,113.937987
dzf,3,1337.127509,283.382274
dxb2,3,333.992224,69.421404
dyb2,3,503.921332,100.607392
cvz,3,486.076097,103.421402
dzb3,3,1338.281898,283.487673
dxb3,3,332.422362,69.121207
dyb3,3,551.811246,108.662907
csxxsyyszz,3,1036.754865,208.828943
dyf2,3,452.523112,91.651502
dxf2,3,348.621166,72.268419
csxy,3,269.609945,61.231302
dzf2,3,2950.567162,549.386696
dyf3,3,452.336269,91.583272
csyz,3,416.860367,88.908436
dxf3,3,331.820734,69.021078
dzf3,3,1335.122867,282.923088
csxz,3,409.924471,87.834669
dxf,4,331.440581,69.002842
dzb,4,1338.973996,283.550344
dyb,4,505.847878,100.995095
cvx,4,399.543752,85.219143
dyf,4,451.276255,91.510828
dzb2,4,1336.332854,283.081209
dxb,4,398.504895,80.660253
cvy,4,563.522747,113.886697
dzf,4,1335.292996,283.079611
dxb2,4,334.056962,69.402321
dyb2,4,503.809032,100.569633
cvz,4,486.211306,103.451416
dzb3,4,1338.132592,283.726168
dxb3,4,332.069190,69.081823
dyb3,4,551.665655,108.614286
csxxsyyszz,4,1033.412038,208.381042
dyf2,4,453.559383,91.846271
dxf2,4,348.602497,72.308871
csxy,4,269.683144,61.278154
dzf2,4,2951.711229,549.550792
dyf3,4,451.233527,91.429199
csyz,4,417.567003,89.073442
dxf3,4,331.854619,69.086300
dzf3,4,1335.456997,283.087785
csxz,4,409.655651,87.945310
#========================= OptEWE [OpenMP] =========================
#Source type                                  :  Force monopole
#Grid Size                                    :  1024 x 1024 x 1024
#Iterations                                   :  5
#Compute time                                 :  92.476692
#Total effective MLUPS                        :  58.054727
#===================================================================
#Number of threads                            :  14
