dxf,0,224.873715,53.167831
dzb,0,943.489328,225.722203
dyb,0,317.889648,72.478838
cvx,0,277.432543,66.925255
dyf,0,314.209682,71.770685
dzb2,0,942.225960,225.893178
dxb,0,226.195113,53.630686
cvy,0,2080.632676,390.861503
dzf,0,942.555939,226.155758
dxb2,0,226.366433,53.782504
dyb2,0,315.005975,71.897752
cvz,0,302.617356,74.918823
dzb3,0,941.932810,225.980338
dxb3,0,224.709230,53.428222
dyb3,0,316.826968,72.299688
csxxsyyszz,0,744.758139,166.737466
dyf2,0,313.955189,71.729415
dxf2,0,224.738082,53.424144
csxy,0,212.845718,53.412339
dzf2,0,940.621063,225.842412
dyf3,0,314.723718,71.953708
csyz,0,254.174243,64.135184
dxf3,0,224.908511,53.510684
dzf3,0,940.486728,225.842232
csxz,0,253.877770,64.149186
dxf,1,223.159981,53.228613
dzb,1,943.099452,226.432808
dyb,1,316.002693,72.298036
cvx,1,277.310533,67.058083
dyf,1,313.980819,71.838062
dzb2,1,941.496894,226.157307
dxb,1,225.889344,53.730317
cvy,1,276.711421,66.958812
dzf,1,941.693939,226.220992
dxb2,1,226.751140,53.889197
dyb2,1,315.171849,72.156083
cvz,1,301.051707,74.781416
dzb3,1,942.362239,226.423361
dxb3,1,224.403975,53.429617
dyb3,1,314.938115,72.089682
csxxsyyszz,1,743.522623,166.774615
dyf2,1,314.099343,71.807357
dxf2,1,224.845313,53.478984
csxy,1,212.723972,53.424531
dzf2,1,940.055708,225.918608
dyf3,1,314.867638,72.108673
csyz,1,254.228896,64.222835
dxf3,1,224.598274,53.496873
dzf3,1,940.623469,226.159152
csxz,1,253.847469,64.175501
dxf,2,223.482730,53.319874
dzb,2,943.364550,226.726184
dyb,2,316.047781,72.278908
cvx,2,277.522338,67.138396
dyf,2,313.975212,71.931470
dzb2,2,945.091135,226.965327
dxb,2,225.987791,53.761076
cvy,2,276.762555,66.973923
dzf,2,941.461673,226.225597
dxb2,2,226.539608,53.874073
dyb2,2,314.989819,72.110986
cvz,2,301.101342,74.804180
dzb3,2,942.561624,226.563876
dxb3,2,224.621047,53.518448
dyb3,2,316.803124,72.780784
csxxsyyszz,2,742.193708,166.604028
dyf2,2,314.419667,71.982824
dxf2,2,224.845312,53.522013
csxy,2,212.864617,53.493548
dzf2,2,940.402624,226.078850
dyf3,2,314.901161,72.106385
csyz,2,254.305752,64.254420
dxf3,2,224.342545,53.431618
dzf3,2,940.782797,226.205450
csxz,2,253.871810,64.218366
dxf,3,223.575497,53.324991
dzb,3,943.087883,226.689006
dyb,3,317.734715,72.641350
cvx,3,278.077588,67.260636
dyf,3,314.232200,71.974585
dzb2,3,943.930202,226.997852
dxb,3,226.008501,53.725961
cvy,3,276.791388,66.984261
dzf,3,940.292339,226.140177
dxb2,3,226.520025,53.833402
dyb2,3,314.873595,72.071176
cvz,3,301.112216,74.815080
dzb3,3,941.771160,226.521799
dxb3,3,224.696577,53.534828
dyb3,3,315.918239,72.295446
csxxsyyszz,3,741.378714,166.423178
dyf2,3,313.940734,71.825153
dxf2,3,224.725426,53.533001
csxy,3,212.724903,53.450361
dzf2,3,941.201404,226.319133
dyf3,3,314.937670,72.108017
csyz,3,254.128430,64.207135
dxf3,3,224.406407,53.491138
dzf3,3,941.180114,226.315386
csxz,3,253.814733,64.180786
dxf,4,223.746557,53.380582
dzb,4,943.283082,226.775977
dyb,4,315.827302,72.302283
cvx,4,279.074359,67.420664
dyf,4,314.204992,71.916524
dzb2,4,941.841863,226.545672
dxb,4,226.111303,53.767010
cvy,4,276.822570,66.983219
dzf,4,940.214613,226.155045
dxb2,4,226.508305,53.847008
dyb2,4,314.860923,72.094805
cvz,4,301.511021,74.932577
dzb3,4,942.915383,226.764027
dxb3,4,224.610232,53.509038
dyb3,4,315.835128,72.309056
csxxsyyszz,4,752.662975,168.477713
dyf2,4,315.002535,72.040929
dxf2,4,224.750457,53.486878
csxy,4,212.718775,53.463235
dzf2,4,942.011184,226.592352
dyf3,4,315.556418,72.446700
csyz,4,254.194808,64.410952
dxf3,4,224.524324,53.656345
dzf3,4,943.125074,226.863990
csxz,4,253.876691,64.346028
#========================= OptEWE [OpenMP] =========================
#Source type                                  :  Force monopole
#Grid Size                                    :  1024 x 1024 x 1024
#Iterations                                   :  5
#Compute time                                 :  57.880020
#Total effective MLUPS                        :  92.755827
#===================================================================
#Number of threads                            :  21
