dxf,0,225.452992,52.529677
dzb,0,902.083541,215.895079
dyb,0,302.784950,68.679145
cvx,0,266.822568,64.394215
dyf,0,301.640271,68.455665
dzb2,0,900.474286,216.044066
dxb,0,223.416606,52.408942
cvy,0,2041.778443,376.639029
dzf,0,898.839618,215.573569
dxb2,0,224.463743,52.596770
dyb2,0,301.967698,68.557379
cvz,0,299.744454,73.814808
dzb3,0,900.132604,216.066996
dxb3,0,225.632589,52.879282
dyb3,0,302.423485,68.688430
csxxsyyszz,0,685.518420,153.900628
dyf2,0,302.435634,68.627394
dxf2,0,223.449313,52.455594
csxy,0,213.566401,52.908095
dzf2,0,899.068857,216.026358
dyf3,0,302.510339,68.721839
csyz,0,255.786163,63.690753
dxf3,0,224.624110,52.700070
dzf3,0,902.971368,216.838230
csxz,0,255.261985,63.645030
dxf,1,223.841043,52.585856
dzb,1,901.706934,216.622978
dyb,1,302.740422,68.800373
cvx,1,267.003866,64.569896
dyf,1,302.025340,68.689900
dzb2,1,901.118824,216.574873
dxb,1,223.310980,52.443714
cvy,1,265.850861,64.345988
dzf,1,898.541098,216.041722
dxb2,1,224.592531,52.700114
dyb2,1,301.983293,68.671423
cvz,1,299.603921,73.915819
dzb3,1,900.395485,216.429814
dxb3,1,224.986704,52.821725
dyb3,1,302.163801,68.726981
csxxsyyszz,1,685.697516,154.075205
dyf2,1,301.678149,68.596308
dxf2,1,223.528965,52.509312
csxy,1,213.681189,52.982995
dzf2,1,900.304876,216.420760
dyf3,1,301.909960,68.706809
csyz,1,255.171469,63.653117
dxf3,1,224.228182,52.677995
dzf3,1,903.158305,217.006356
csxz,1,256.117849,63.771854
dxf,2,223.624113,52.560362
dzb,2,900.355664,216.519062
dyb,2,302.709397,68.851201
cvx,2,266.718120,64.554118
dyf,2,302.350776,68.778957
dzb2,2,899.982925,216.474106
dxb,2,223.456535,52.541955
cvy,2,265.885110,64.429960
dzf,2,898.698834,216.209334
dxb2,2,224.485929,52.711604
dyb2,2,302.280571,68.763608
cvz,2,299.395086,73.886428
dzb3,2,900.367009,216.525533
dxb3,2,225.079257,52.836115
dyb3,2,302.280431,68.751520
csxxsyyszz,2,687.382712,154.394484
dyf2,2,301.686594,68.595739
dxf2,2,224.415344,52.691679
csxy,2,213.518368,53.007299
dzf2,2,898.895326,216.351615
dyf3,2,301.700363,68.705410
csyz,2,255.258051,63.711216
dxf3,2,224.169151,52.684461
dzf3,2,904.608501,217.404201
csxz,2,255.265990,63.713943
dxf,3,223.710098,52.629539
dzb,3,900.448534,216.670298
dyb,3,302.702418,68.921182
cvx,3,266.714340,64.606696
dyf,3,301.596089,68.691867
dzb2,3,899.929520,216.598972
dxb,3,223.541384,52.577926
cvy,3,265.836335,64.430836
dzf,3,898.860915,216.357814
dxb2,3,224.514390,52.763861
dyb2,3,302.109575,68.761852
cvz,3,299.815094,74.019340
dzb3,3,900.088774,216.594084
dxb3,3,225.130434,52.951768
dyb3,3,302.849178,68.876768
csxxsyyszz,3,685.015630,154.082646
dyf2,3,301.764214,68.646751
dxf2,3,223.279982,52.527855
csxy,3,213.425973,52.991062
dzf2,3,898.673116,216.398733
dyf3,3,302.224164,68.819622
csyz,3,255.403937,63.741914
dxf3,3,224.421100,52.779795
dzf3,3,903.091906,217.261579
csxz,3,255.345428,63.742091
dxf,4,225.537678,53.012158
dzb,4,900.125460,216.694471
dyb,4,302.656308,68.917403
cvx,4,266.755624,64.636852
dyf,4,301.564815,68.721693
dzb2,4,900.226741,216.734323
dxb,4,223.405851,52.589116
cvy,4,265.796093,64.464759
dzf,4,899.373645,217.350705
dxb2,4,224.347748,52.739092
dyb2,4,302.739192,68.878144
cvz,4,299.859433,74.052576
dzb3,4,900.538929,216.781779
dxb3,4,225.507916,53.016214
dyb3,4,302.824263,68.917048
csxxsyyszz,4,683.783199,153.917847
dyf2,4,301.748634,68.693000
dxf2,4,223.418547,52.555488
csxy,4,213.656884,53.046780
dzf2,4,900.151897,216.677134
dyf3,4,301.793096,68.763879
csyz,4,255.334870,63.752496
dxf3,4,224.133410,52.725648
dzf3,4,903.255423,217.324746
csxz,4,255.302148,63.880064
#========================= OptEWE [OpenMP] =========================
#Source type                                  :  Force monopole
#Grid Size                                    :  1024 x 1024 x 1024
#Iterations                                   :  5
#Compute time                                 :  55.797543
#Total effective MLUPS                        :  96.217662
#===================================================================
#Number of threads                            :  21
