dxf,0,387.096652,70.786442
dzb,0,1491.406283,283.663245
dyb,0,465.870797,85.728953
cvx,0,448.103952,85.883352
dyf,0,463.465807,85.330033
dzb2,0,1490.837770,283.867070
dxb,0,388.426230,71.131672
cvy,0,1579.377503,259.700328
dzf,0,1490.058695,283.669917
dxb2,0,387.327813,70.980434
dyb2,0,467.301356,85.874468
cvz,0,520.467267,100.177109
dzb3,0,1490.964169,283.963087
dxb3,0,387.648186,71.049981
dyb3,0,477.470430,89.660895
csxxsyyszz,0,979.118239,185.870771
dyf2,0,465.870505,85.624403
dxf2,0,405.347468,75.734367
csxy,0,322.078960,66.215059
dzf2,0,3564.958796,615.339639
dyf3,0,465.711468,85.597292
csyz,0,487.952237,95.406884
dxf3,0,387.832420,71.013460
dzf3,0,1487.534574,292.414799
csxz,0,483.460550,95.993208
dxf,1,386.866746,71.712928
dzb,1,1491.288954,284.463860
dyb,1,465.747816,85.905288
cvx,1,448.128524,86.279303
dyf,1,463.838671,85.728731
dzb2,1,1492.298076,284.561209
dxb,1,387.242257,70.995242
cvy,1,421.394569,85.019714
dzf,1,1489.261223,283.784912
dxb2,1,387.216844,71.278382
dyb2,1,464.788740,85.643183
cvz,1,521.531933,100.615399
dzb3,1,1490.932575,284.501181
dxb3,1,387.391995,71.135849
dyb3,1,477.197610,89.859471
csxxsyyszz,1,964.505432,184.150516
dyf2,1,465.626126,85.744500
dxf2,1,405.510559,75.981169
csxy,1,322.017472,66.381689
dzf2,1,3564.601584,615.909359
dyf3,1,465.906835,85.602772
csyz,1,488.206410,95.455186
dxf3,1,386.877018,70.896209
dzf3,1,1490.000914,283.917320
csxz,1,486.688039,95.282146
dxf,2,386.663701,70.920026
dzb,2,1490.945209,283.940115
dyb,2,465.728267,85.737754
cvx,2,447.949716,85.881636
dyf,2,463.743386,85.409687
dzb2,2,1490.200188,289.340912
dxb,2,387.256975,70.956875
cvy,2,420.854948,84.944882
dzf,2,1488.477778,283.761423
dxb2,2,387.342992,71.051797
dyb2,2,464.741186,85.488939
cvz,2,521.496476,100.386947
dzb3,2,1490.788027,284.110768
dxb3,2,387.376466,71.038394
dyb3,2,477.279638,89.708891
csxxsyyszz,2,978.831129,186.055817
dyf2,2,465.950075,85.675944
dxf2,2,405.334238,75.735754
csxy,2,322.093452,66.259169
dzf2,2,3563.643423,615.458072
dyf3,2,465.553901,85.651573
csyz,2,487.768849,95.438357
dxf3,2,386.790983,70.894025
dzf3,2,1490.873425,284.043356
csxz,2,486.780850,95.336850
dxf,3,386.762302,70.931507
dzb,3,1490.802670,284.020883
dyb,3,465.762810,85.736758
cvx,3,448.157834,85.962895
dyf,3,464.180557,85.641933
dzb2,3,1491.406478,284.162374
dxb,3,387.161711,71.075274
cvy,3,421.020106,84.988455
dzf,3,1488.440184,283.737149
dxb2,3,387.194240,71.025008
dyb2,3,464.785930,85.514250
cvz,3,521.429898,100.371763
dzb3,3,1487.377656,291.882749
dxb3,3,387.130924,73.478990
dyb3,3,478.081332,90.822627
csxxsyyszz,3,978.797736,186.040231
dyf2,3,465.764795,85.748593
dxf2,3,405.442709,75.825879
csxy,3,321.999514,66.245915
dzf2,3,3563.577683,615.483953
dyf3,3,465.550371,85.701017
csyz,3,488.116706,95.467531
dxf3,3,386.832247,70.941717
dzf3,3,1490.121622,283.923467
csxz,3,486.602482,95.312511
dxf,4,386.850681,70.941608
dzb,4,1491.685037,284.236056
dyb,4,465.688166,85.833332
cvx,4,448.247176,85.974678
dyf,4,464.017616,85.402017
dzb2,4,1491.743713,284.218760
dxb,4,387.004144,71.023342
cvy,4,421.246851,85.008334
dzf,4,1488.592787,283.810323
dxb2,4,387.337087,71.028061
dyb2,4,464.909380,85.505662
cvz,4,520.630726,100.587823
dzb3,4,1491.896226,284.279045
dxb3,4,387.298159,71.015571
dyb3,4,477.396471,89.689614
csxxsyyszz,4,961.608970,183.551102
dyf2,4,465.003993,85.526629
dxf2,4,405.337468,75.797856
csxy,4,322.156542,66.266679
dzf2,4,3562.774891,615.381752
dyf3,4,465.742370,85.725890
csyz,4,488.046123,95.474892
dxf3,4,387.085986,70.967711
dzf3,4,1490.148595,284.132728
csxz,4,486.546476,95.364486
#========================= OptEWE [OpenMP] =========================
#Source type                                  :  Force monopole
#Grid Size                                    :  1024 x 1024 x 1024
#Iterations                                   :  5
#Compute time                                 :  100.257195
#Total effective MLUPS                        :  53.549365
#===================================================================
#Number of threads                            :  10
