dxf,0,313.365089,56.649443
dzb,0,1272.332527,232.611392
dyb,0,342.013380,62.022112
cvx,0,361.848096,67.747706
dyf,0,341.666145,62.048637
dzb2,0,1273.024163,233.914939
dxb,0,314.534585,56.958380
cvy,0,2331.794629,347.340566
dzf,0,1270.975858,232.367754
dxb2,0,313.301704,56.818755
dyb2,0,340.514034,61.879588
cvz,0,447.574537,82.978971
dzb3,0,1273.212595,233.013252
dxb3,0,314.377941,56.940335
dyb3,0,366.623136,65.729151
csxxsyyszz,0,975.840861,170.345153
dyf2,0,340.532055,61.874150
dxf2,0,348.533457,62.187827
csxy,0,280.134479,53.885033
dzf2,0,3126.640935,483.045521
dyf3,0,340.880402,61.870664
csyz,0,443.164624,79.685354
dxf3,0,312.575481,56.728093
dzf3,0,1270.547538,233.715316
csxz,0,443.457082,79.847061
dxf,1,313.026184,56.820834
dzb,1,1272.310239,233.565544
dyb,1,341.814317,62.016501
cvx,1,361.989515,67.829653
dyf,1,341.253723,62.031071
dzb2,1,1274.478386,232.943255
dxb,1,313.733657,56.884019
cvy,1,550.238688,95.225805
dzf,1,1270.743277,232.732454
dxb2,1,312.160439,56.674764
dyb2,1,340.807888,61.963257
cvz,1,449.053497,83.206201
dzb3,1,1272.635666,233.173894
dxb3,1,314.795571,57.009252
dyb3,1,366.294929,65.690838
csxxsyyszz,1,975.800302,170.330832
dyf2,1,340.709094,61.856382
dxf2,1,348.318893,62.123419
csxy,1,279.932193,53.858181
dzf2,1,3129.669023,482.139944
dyf3,1,341.250188,61.926088
csyz,1,443.061189,79.671609
dxf3,1,312.381669,56.660587
dzf3,1,1270.807977,233.435156
csxz,1,443.241691,79.836542
dxf,2,312.512068,56.715714
dzb,2,1272.007296,233.864127
dyb,2,340.676091,61.859480
cvx,2,363.177296,67.967759
dyf,2,341.258598,61.981962
dzb2,2,1272.788975,232.589691
dxb,2,313.933688,56.890638
cvy,2,549.834325,95.101627
dzf,2,1270.643125,233.056496
dxb2,2,313.413832,56.821429
dyb2,2,341.396255,62.011941
cvz,2,448.194657,83.039512
dzb3,2,1273.492115,233.735613
dxb3,2,314.248290,56.906287
dyb3,2,366.902638,65.771409
csxxsyyszz,2,975.869485,170.408208
dyf2,2,341.273726,61.932847
dxf2,2,348.604341,62.149305
csxy,2,280.012334,53.821199
dzf2,2,3130.034367,482.372062
dyf3,2,340.849463,61.846112
csyz,2,443.412160,79.438781
dxf3,2,312.714540,56.691833
dzf3,2,1270.623985,231.924707
csxz,2,443.978802,79.847341
dxf,3,312.839498,56.766544
dzb,3,1273.690094,232.021001
dyb,3,340.729600,61.861350
cvx,3,362.025289,67.776428
dyf,3,340.924105,61.930806
dzb2,3,1273.735648,233.000210
dxb,3,313.865461,56.878648
cvy,3,550.343993,95.157540
dzf,3,1270.463152,233.340852
dxb2,3,312.400649,56.671367
dyb2,3,340.662213,61.892944
cvz,3,447.875498,82.996614
dzb3,3,1273.370744,234.713682
dxb3,3,315.481980,57.142045
dyb3,3,366.212822,65.690667
csxxsyyszz,3,975.819796,170.306893
dyf2,3,340.678052,61.837547
dxf2,3,349.316048,62.254886
csxy,3,280.052367,53.849997
dzf2,3,3129.309317,482.606748
dyf3,3,341.020080,61.875631
csyz,3,443.733690,79.715758
dxf3,3,312.371757,56.633048
dzf3,3,1270.695369,232.176991
csxz,3,443.863607,79.560679
dxf,4,312.601131,56.694047
dzb,4,1272.661060,232.128277
dyb,4,341.963106,62.061317
cvx,4,361.927490,67.802203
dyf,4,341.118873,61.928240
dzb2,4,1274.877370,233.441430
dxb,4,314.193452,56.897848
cvy,4,549.533355,95.045830
dzf,4,1271.591027,233.773214
dxb2,4,312.582958,56.728455
dyb2,4,340.493708,61.883361
cvz,4,448.226345,83.033555
dzb3,4,1272.913815,231.934208
dxb3,4,314.363221,56.939286
dyb3,4,366.072510,65.666369
csxxsyyszz,4,975.863315,170.397017
dyf2,4,340.553842,61.820852
dxf2,4,348.326799,62.125203
csxy,4,280.117693,53.861938
dzf2,4,3128.112823,482.637315
dyf3,4,340.806094,61.883584
csyz,4,443.212869,79.692037
dxf3,4,312.644911,56.705471
dzf3,4,1272.028511,232.891790
csxz,4,443.963358,79.903609
#========================= OptEWE [OpenMP] =========================
#Source type                                  :  Force monopole
#Grid Size                                    :  1024 x 1024 x 1024
#Iterations                                   :  5
#Compute time                                 :  86.684654
#Total effective MLUPS                        :  61.933789
#===================================================================
#Number of threads                            :  16
