dxf,0,338.124378,62.587318
dzb,0,1420.965864,265.459300
dyb,0,532.361853,94.082120
cvx,0,424.953234,80.095577
dyf,0,475.692121,85.449810
dzb2,0,1420.461977,265.701177
dxb,0,406.778945,73.287008
cvy,0,2208.292023,343.904003
dzf,0,1418.372065,265.493274
dxb2,0,339.321261,62.898941
dyb2,0,528.916524,93.467157
cvz,0,511.943896,96.382293
dzb3,0,1422.847172,266.144731
dxb3,0,337.985651,62.761890
dyb3,0,576.932480,100.727243
csxxsyyszz,0,1112.085447,198.219118
dyf2,0,475.943630,85.464183
dxf2,0,367.510580,67.557456
csxy,0,287.042652,57.364579
dzf2,0,3208.871053,524.626162
dyf3,0,477.223005,85.756299
csyz,0,442.787220,83.446815
dxf3,0,336.559175,62.606228
dzf3,0,1422.416907,266.219576
csxz,0,442.000779,83.373390
dxf,1,336.483900,62.569205
dzb,1,1420.501116,265.886810
dyb,1,531.382384,94.044211
cvx,1,425.455364,80.210166
dyf,1,475.635755,85.548373
dzb2,1,1419.820453,265.808542
dxb,1,406.876692,73.314591
cvy,1,611.589440,108.826003
dzf,1,1417.720451,265.618762
dxb2,1,339.179004,62.937224
dyb2,1,530.153593,93.822734
cvz,1,511.556356,96.408178
dzb3,1,1422.830584,266.408159
dxb3,1,337.762771,62.803449
dyb3,1,576.354939,100.705434
csxxsyyszz,1,1101.268011,196.598300
dyf2,1,475.917278,85.446355
dxf2,1,365.951303,67.301758
csxy,1,286.902810,57.380810
dzf2,1,3210.347047,525.212813
dyf3,1,477.338335,85.723211
csyz,1,443.654838,83.541076
dxf3,1,336.366071,62.548538
dzf3,1,1421.393877,266.105803
csxz,1,441.469937,83.351739
dxf,2,337.388274,62.836076
dzb,2,1421.415328,266.294239
dyb,2,531.705002,94.117020
cvx,2,424.783289,80.177594
dyf,2,475.424261,85.458630
dzb2,2,1420.427345,265.864761
dxb,2,407.108413,73.379548
cvy,2,612.132816,108.933967
dzf,2,1418.115172,265.684620
dxb2,2,339.158731,62.968024
dyb2,2,529.941931,94.018033
cvz,2,511.362565,96.334026
dzb3,2,1420.528393,266.009419
dxb3,2,339.117855,62.954593
dyb3,2,576.548135,100.725101
csxxsyyszz,2,1110.578579,198.114555
dyf2,2,477.362639,85.760712
dxf2,2,366.402900,67.460945
csxy,2,286.972846,57.436044
dzf2,2,3209.510117,524.784752
dyf3,2,476.693385,85.623305
csyz,2,443.709244,83.622863
dxf3,2,336.087533,62.451500
dzf3,2,1419.172745,265.696396
csxz,2,441.692186,83.383232
dxf,3,336.632274,62.669624
dzb,3,1422.621754,266.259914
dyb,3,531.256255,94.037463
cvx,3,424.739895,80.175635
dyf,3,475.884205,85.603036
dzb2,3,1422.044886,266.167425
dxb,3,407.360523,73.440054
cvy,3,611.734526,108.885500
dzf,3,1418.152710,265.744334
dxb2,3,339.271300,63.040536
dyb2,3,529.614678,93.754637
cvz,3,512.097098,96.541260
dzb3,3,1418.920424,266.093413
dxb3,3,337.783586,62.835218
dyb3,3,577.202176,100.885143
csxxsyyszz,3,1113.455076,198.663099
dyf2,3,476.681479,85.643355
dxf2,3,365.973033,67.426416
csxy,3,286.900999,57.417057
dzf2,3,3208.668079,525.375278
dyf3,3,477.069240,85.896364
csyz,3,443.110184,83.545062
dxf3,3,336.307151,62.601386
dzf3,3,1419.128929,266.219992
csxz,3,441.539294,83.590712
dxf,4,336.666563,62.720207
dzb,4,1424.126373,266.941921
dyb,4,531.634283,94.145646
cvx,4,425.148397,80.281606
dyf,4,475.573198,85.672466
dzb2,4,1419.930470,266.297536
dxb,4,407.041744,73.437818
cvy,4,612.155961,109.253510
dzf,4,1418.141186,265.949777
dxb2,4,339.444877,63.204062
dyb2,4,528.865397,93.856767
cvz,4,512.006588,96.595917
dzb3,4,1419.490915,265.984096
dxb3,4,338.312433,62.948997
dyb3,4,576.463808,100.770085
csxxsyyszz,4,1111.510635,198.412508
dyf2,4,475.687988,85.570233
dxf2,4,366.418183,67.556857
csxy,4,286.786865,57.432554
dzf2,4,3208.854779,524.708096
dyf3,4,475.863089,85.565194
csyz,4,443.256474,83.626433
dxf3,4,335.988921,62.559989
dzf3,4,1420.369917,266.210727
csxz,4,442.514159,83.720215
#========================= OptEWE [OpenMP] =========================
#Source type                                  :  Force monopole
#Grid Size                                    :  1024 x 1024 x 1024
#Iterations                                   :  5
#Compute time                                 :  98.260567
#Total effective MLUPS                        :  54.637473
#===================================================================
#Number of threads                            :  14
