dxf,0,235.960986,55.602413
dzb,0,982.372769,234.686377
dyb,0,333.885836,75.864965
cvx,0,294.282085,70.517094
dyf,0,332.777851,75.686285
dzb2,0,981.453824,234.942118
dxb,0,237.437553,56.141686
cvy,0,2069.866999,391.578648
dzf,0,979.883809,234.579658
dxb2,0,235.669256,55.842177
dyb2,0,333.060496,75.763556
cvz,0,319.277413,78.648046
dzb3,0,982.979398,235.507098
dxb3,0,236.650716,56.061733
dyb3,0,333.252712,75.842471
csxxsyyszz,0,780.930840,174.734519
dyf2,0,333.655177,75.923607
dxf2,0,235.166077,55.760034
csxy,0,224.340753,55.935171
dzf2,0,980.630110,235.320263
dyf3,0,333.805516,76.214274
csyz,0,267.324862,66.998168
dxf3,0,234.538649,55.703425
dzf3,0,980.327955,235.257614
csxz,0,266.998299,67.080208
dxf,1,234.985292,55.852070
dzb,1,981.983356,235.630047
dyb,1,333.788354,76.058906
cvx,1,294.170541,70.695589
dyf,1,332.653108,75.836939
dzb2,1,981.345205,235.400300
dxb,1,237.171290,56.194337
cvy,1,293.057787,70.442149
dzf,1,981.677543,235.471656
dxb2,1,235.920378,56.002221
dyb2,1,333.005054,75.906388
cvz,1,320.975564,79.113746
dzb3,1,982.107536,235.634190
dxb3,1,236.785026,56.153617
dyb3,1,333.289209,75.934721
csxxsyyszz,1,768.925937,172.675047
dyf2,1,332.937081,75.830779
dxf2,1,235.383446,55.827216
csxy,1,224.047567,55.853025
dzf2,1,979.611224,235.197059
dyf3,1,334.018614,76.160094
csyz,1,267.363338,67.073533
dxf3,1,234.338866,55.693708
dzf3,1,980.206114,235.262313
csxz,1,267.000413,67.050849
dxf,2,235.314062,55.899499
dzb,2,981.983025,235.730488
dyb,2,333.746760,76.086040
cvx,2,294.171389,70.710328
dyf,2,334.395870,76.199089
dzb2,2,981.142767,235.444814
dxb,2,237.224791,56.218676
cvy,2,294.688008,70.790205
dzf,2,979.529278,235.136571
dxb2,2,235.683262,55.960105
dyb2,2,333.076171,75.917503
cvz,2,319.440783,78.846890
dzb3,2,981.746795,235.713105
dxb3,2,236.597350,56.152602
dyb3,2,333.218403,75.991201
csxxsyyszz,2,779.314636,174.677983
dyf2,2,333.825727,76.095448
dxf2,2,235.455895,55.895688
csxy,2,223.981785,55.956124
dzf2,2,979.797417,235.333026
dyf3,2,333.070085,75.915991
csyz,2,267.435694,67.116167
dxf3,2,234.556218,55.768348
dzf3,2,981.789792,235.792718
csxz,2,267.144367,67.072228
dxf,3,235.119299,55.851249
dzb,3,983.680465,236.035744
dyb,3,334.045457,76.181500
cvx,3,294.202761,70.711781
dyf,3,333.205418,75.949946
dzb2,3,981.254633,235.530179
dxb,3,237.299439,56.269752
cvy,3,293.033635,70.487873
dzf,3,979.749232,235.313088
dxb2,3,235.323319,55.926770
dyb2,3,332.955318,75.956925
cvz,3,319.456770,78.862156
dzb3,3,981.566168,235.661998
dxb3,3,236.753622,56.192551
dyb3,3,333.164996,75.977654
csxxsyyszz,3,768.987620,172.801625
dyf2,3,332.918507,75.888597
dxf2,3,235.461817,55.897839
csxy,3,223.998854,55.965988
dzf2,3,979.357184,235.263852
dyf3,3,333.806149,76.143423
csyz,3,267.387374,67.130506
dxf3,3,235.992912,56.100094
dzf3,3,980.067599,235.385883
csxz,3,267.018697,67.088446
dxf,4,236.439024,56.108320
dzb,4,981.693245,235.751430
dyb,4,333.747240,76.122015
cvx,4,294.197481,70.788534
dyf,4,332.663885,75.918702
dzb2,4,981.026421,235.574327
dxb,4,237.082527,56.246464
cvy,4,293.150523,70.538349
dzf,4,979.355132,235.220930
dxb2,4,235.457715,55.956475
dyb2,4,333.006658,75.974722
cvz,4,319.220410,78.825313
dzb3,4,981.591614,235.681588
dxb3,4,236.775076,56.193788
dyb3,4,333.069705,75.970091
csxxsyyszz,4,779.163457,174.709692
dyf2,4,332.872518,75.919972
dxf2,4,235.298092,55.849912
csxy,4,224.021358,55.929012
dzf2,4,982.559864,236.035163
dyf3,4,333.256557,76.029622
csyz,4,268.173802,67.318203
dxf3,4,234.554671,55.808108
dzf3,4,980.807444,235.647722
csxz,4,267.248907,67.315577
#========================= OptEWE [OpenMP] =========================
#Source type                                  :  Force monopole
#Grid Size                                    :  1024 x 1024 x 1024
#Iterations                                   :  5
#Compute time                                 :  60.494286
#Total effective MLUPS                        :  88.747376
#===================================================================
#Number of threads                            :  20
