dxf,0,222.393106,52.190026
dzb,0,926.740472,222.675857
dyb,0,224.659465,54.023393
cvx,0,273.590872,66.541900
dyf,0,223.346130,53.797753
dzb2,0,928.206934,223.315479
dxb,0,219.922016,52.076114
cvy,0,2583.232188,484.664562
dzf,0,924.820632,222.675030
dxb2,0,219.809874,52.101155
dyb2,0,223.835253,53.921787
cvz,0,319.271252,77.666584
dzb3,0,926.634067,223.504531
dxb3,0,219.767583,52.102194
dyb3,0,224.977816,54.166021
csxxsyyszz,0,515.567344,125.318886
dyf2,0,223.835874,53.955636
dxf2,0,220.211574,52.175015
csxy,0,223.921966,54.589935
dzf2,0,924.764780,223.168031
dyf3,0,223.877135,54.039337
csyz,0,270.413865,65.808369
dxf3,0,219.844694,52.192969
dzf3,0,925.416304,223.366614
csxz,0,270.283878,65.842567
dxf,1,220.024446,52.234868
dzb,1,926.623239,223.636968
dyb,1,224.631257,54.156135
cvx,1,272.419111,66.516369
dyf,1,223.547233,53.974360
dzb2,1,926.816614,223.558299
dxb,1,219.685697,52.156092
cvy,1,272.061518,66.461078
dzf,1,925.316150,223.424167
dxb2,1,220.001272,52.212767
dyb2,1,223.898274,54.035608
cvz,1,319.250818,77.806694
dzb3,1,926.694675,223.858421
dxb3,1,219.804254,52.208358
dyb3,1,224.889727,54.256138
csxxsyyszz,1,513.862356,125.148180
dyf2,1,223.852954,54.023303
dxf2,1,220.245556,52.256853
csxy,1,223.946499,54.663348
dzf2,1,924.470930,223.322495
dyf3,1,223.812840,54.045080
csyz,1,270.362034,65.866825
dxf3,1,220.044614,52.269763
dzf3,1,925.495902,223.568780
csxz,1,270.316383,65.928500
dxf,2,220.010179,52.250434
dzb,2,926.451850,223.755587
dyb,2,224.831243,54.252474
cvx,2,272.318146,66.553957
dyf,2,223.529371,54.085910
dzb2,2,926.839097,223.744870
dxb,2,219.757378,52.209653
cvy,2,272.124841,66.527073
dzf,2,925.509968,223.582910
dxb2,2,220.023026,52.217930
dyb2,2,223.896890,54.052937
cvz,2,319.097854,77.797248
dzb3,2,926.794437,223.979394
dxb3,2,219.752098,52.223190
dyb3,2,225.040524,54.328697
csxxsyyszz,2,514.730805,125.368370
dyf2,2,223.894448,54.092027
dxf2,2,220.234284,52.309485
csxy,2,223.726246,54.640411
dzf2,2,924.669193,223.491714
dyf3,2,223.761208,54.073635
csyz,2,270.278911,65.863218
dxf3,2,220.862213,52.455272
dzf3,2,924.839183,223.544661
csxz,2,270.307038,65.951934
dxf,3,219.842976,52.271397
dzb,3,926.716534,223.957946
dyb,3,224.522639,54.267419
cvx,3,272.310485,66.580782
dyf,3,223.253848,54.042189
dzb2,3,926.897517,223.877582
dxb,3,219.920526,52.257619
cvy,3,271.870441,66.517259
dzf,3,924.804147,223.565529
dxb2,3,219.827790,52.239561
dyb2,3,223.710712,54.061681
cvz,3,319.198846,77.848346
dzb3,3,938.280720,226.258779
dxb3,3,219.785986,52.255236
dyb3,3,224.734826,54.262024
csxxsyyszz,3,515.260983,125.496942
dyf2,3,223.870216,54.106694
dxf2,3,219.984067,52.265749
csxy,3,223.798634,54.661696
dzf2,3,925.232014,223.690803
dyf3,3,223.669224,54.091045
csyz,3,270.929679,66.029147
dxf3,3,219.832370,52.293121
dzf3,3,925.600636,223.788785
csxz,3,270.320411,65.953210
dxf,4,219.803756,52.283455
dzb,4,927.011708,224.025121
dyb,4,224.616155,54.239210
cvx,4,272.369686,66.635515
dyf,4,223.173136,53.979381
dzb2,4,926.828728,223.935498
dxb,4,219.778386,52.230680
cvy,4,272.001592,66.540373
dzf,4,924.920453,223.631352
dxb2,4,219.973256,52.312700
dyb2,4,223.793852,54.080032
cvz,4,319.085873,77.844774
dzb3,4,926.708927,224.117758
dxb3,4,219.648239,52.247333
dyb3,4,224.947908,54.347314
csxxsyyszz,4,514.794732,125.453153
dyf2,4,223.639266,54.059697
dxf2,4,220.351403,52.349090
csxy,4,223.939850,54.723433
dzf2,4,926.119320,223.869006
dyf3,4,223.739177,54.127229
csyz,4,270.215831,65.894165
dxf3,4,219.785672,52.292331
dzf3,4,925.035321,223.694016
csxz,4,270.373223,66.101477
#========================= OptEWE [OpenMP] =========================
#Source type                                  :  Force monopole
#Grid Size                                    :  1024 x 1024 x 1024
#Iterations                                   :  5
#Compute time                                 :  54.142044
#Total effective MLUPS                        :  99.159705
#===================================================================
#Number of threads                            :  24
