dxf,0,279.069150,57.918641
dzb,0,1082.839155,231.761911
dyb,0,288.872611,60.901816
cvx,0,297.960426,66.233910
dyf,0,288.923644,60.966374
dzb2,0,1083.406700,229.351701
dxb,0,279.468671,58.167897
cvy,0,1895.935366,328.226931
dzf,0,1080.514785,231.501285
dxb2,0,278.688618,58.082937
dyb2,0,288.477380,60.945073
cvz,0,410.912241,87.741730
dzb3,0,1082.302386,230.873240
dxb3,0,280.257456,58.352806
dyb3,0,323.125464,66.956814
csxxsyyszz,0,692.098016,145.894059
dyf2,0,288.398365,60.915700
dxf2,0,321.381709,65.418464
csxy,0,260.093506,57.085063
dzf2,0,2802.595097,489.079443
dyf3,0,289.514617,60.985357
csyz,0,408.200785,84.050780
dxf3,0,278.473540,58.026922
dzf3,0,1081.633248,231.098728
csxz,0,408.685652,84.189242
dxf,1,278.431205,58.101506
dzb,1,1082.985894,231.254323
dyb,1,288.543911,60.867217
cvx,1,297.736087,66.279636
dyf,1,288.569226,61.059505
dzb2,1,1082.366626,232.061795
dxb,1,279.826849,58.353481
cvy,1,498.780408,99.605447
dzf,1,1080.661951,230.892858
dxb2,1,278.818456,58.187792
dyb2,1,288.510494,61.015491
cvz,1,411.222093,87.855407
dzb3,1,1083.679897,230.495962
dxb3,1,280.577451,58.528007
dyb3,1,323.548693,67.130379
csxxsyyszz,1,688.615841,145.486310
dyf2,1,288.019214,60.934932
dxf2,1,320.878864,65.454678
csxy,1,260.261517,57.213452
dzf2,1,2800.374771,491.093101
dyf3,1,289.049834,60.947422
csyz,1,407.424588,83.978150
dxf3,1,278.056026,58.034263
dzf3,1,1081.176640,229.458147
csxz,1,409.022989,83.967641
dxf,2,278.381943,58.059784
dzb,2,1082.986658,230.334222
dyb,2,288.660186,60.976228
cvx,2,299.143160,66.572768
dyf,2,288.766742,61.054747
dzb2,2,1083.336402,231.320148
dxb,2,278.457338,58.107829
cvy,2,499.643729,99.841480
dzf,2,1080.637905,229.807957
dxb2,2,278.754363,58.184870
dyb2,2,288.491879,61.026476
cvz,2,411.417553,87.938258
dzb3,2,1082.330048,232.473430
dxb3,2,279.552700,58.332500
dyb3,2,322.795413,66.985028
csxxsyyszz,2,688.344734,145.430778
dyf2,2,288.655635,61.046311
dxf2,2,321.096984,65.468244
csxy,2,260.440558,57.378558
dzf2,2,2799.001244,491.271797
dyf3,2,288.863240,60.949520
csyz,2,407.810691,84.096370
dxf3,2,278.389527,58.097780
dzf3,2,1081.765112,232.039984
csxz,2,408.844568,84.343386
dxf,3,278.364614,58.097055
dzb,3,1082.580824,230.545767
dyb,3,288.568649,60.968957
cvx,3,297.682129,66.304959
dyf,3,288.687174,61.027845
dzb2,3,1082.336759,230.036369
dxb,3,279.207327,58.244411
cvy,3,499.326168,99.738904
dzf,3,1080.431267,232.261013
dxb2,3,279.687557,58.345585
dyb2,3,288.265244,61.021899
cvz,3,411.053817,87.905797
dzb3,3,1083.138713,231.693722
dxb3,3,280.520063,58.470029
dyb3,3,323.015876,67.003306
csxxsyyszz,3,693.344221,146.196738
dyf2,3,288.296434,60.964504
dxf2,3,321.369614,65.501319
csxy,3,260.113698,57.174628
dzf2,3,2801.756911,489.699092
dyf3,3,289.125956,61.095865
csyz,3,408.163115,84.200066
dxf3,3,278.213747,58.070908
dzf3,3,1080.966932,230.894955
csxz,3,408.859034,84.342630
dxf,4,278.531529,58.147310
dzb,4,1082.968276,231.719115
dyb,4,288.882960,61.001247
cvx,4,297.623567,66.295772
dyf,4,288.992815,61.105910
dzb2,4,1083.338711,232.720245
dxb,4,279.595268,58.286906
cvy,4,499.353891,99.117758
dzf,4,1081.097988,231.224693
dxb2,4,279.211537,58.179461
dyb2,4,288.496144,60.981368
cvz,4,411.445648,87.882497
dzb3,4,1082.573304,230.471761
dxb3,4,280.313748,58.446906
dyb3,4,322.801805,66.942019
csxxsyyszz,4,685.899897,144.988327
dyf2,4,288.461730,60.963277
dxf2,4,321.321668,65.508334
csxy,4,260.943039,57.305381
dzf2,4,2800.789376,491.399708
dyf3,4,290.365452,61.214654
csyz,4,407.840158,84.097212
dxf3,4,278.069044,58.060194
dzf3,4,1081.963391,230.045841
csxz,4,408.563691,84.235015
#========================= OptEWE [OpenMP] =========================
#Source type                                  :  Force monopole
#Grid Size                                    :  1024 x 1024 x 1024
#Iterations                                   :  5
#Compute time                                 :  74.748581
#Total effective MLUPS                        :  71.823559
#===================================================================
#Number of threads                            :  17
