dxf,0,195.924697,51.807660
dzb,0,735.258249,206.687124
dyb,0,200.513311,54.092807
cvx,0,226.532012,63.741934
dyf,0,199.975492,54.033178
dzb2,0,735.182491,207.452134
dxb,0,195.470610,52.108668
cvy,0,1958.702578,410.290843
dzf,0,734.792020,207.409519
dxb2,0,194.947030,52.037055
dyb2,0,200.055282,54.108763
cvz,0,263.448280,74.422895
dzb3,0,735.922915,208.024284
dxb3,0,194.974313,52.135732
dyb3,0,200.964393,54.379645
csxxsyyszz,0,480.489788,129.560404
dyf2,0,199.890389,54.126537
dxf2,0,194.814768,52.063127
csxy,0,188.397198,52.973448
dzf2,0,734.057419,207.652721
dyf3,0,199.848360,54.185750
csyz,0,225.367430,63.512164
dxf3,0,194.793681,52.133645
dzf3,0,733.871457,207.712950
csxz,0,225.082230,63.594776
dxf,1,194.430259,52.070480
dzb,1,735.181304,208.108300
dyb,1,200.676427,54.432486
cvx,1,226.058006,63.919139
dyf,1,201.584113,54.587090
dzb2,1,747.492081,210.692339
dxb,1,195.056273,52.202181
cvy,1,225.826803,63.865709
dzf,1,733.835675,208.040537
dxb2,1,194.792286,52.172031
dyb2,1,199.997770,54.259095
cvz,1,263.523196,74.649532
dzb3,1,737.214711,208.688620
dxb3,1,195.011176,52.204466
dyb3,1,200.897863,54.438968
csxxsyyszz,1,476.928406,129.041807
dyf2,1,199.758247,54.201442
dxf2,1,194.748967,52.142047
csxy,1,188.108743,52.990355
dzf2,1,734.201715,207.965997
dyf3,1,199.919947,54.243950
csyz,1,225.330322,63.589431
dxf3,1,194.920587,52.228771
dzf3,1,734.062909,208.009960
csxz,1,225.020620,63.615657
dxf,2,194.586616,52.186938
dzb,2,735.311686,208.361710
dyb,2,200.831691,54.497468
cvx,2,226.127313,63.973572
dyf,2,199.778305,54.232354
dzb2,2,735.149577,208.382232
dxb,2,195.490398,52.337839
cvy,2,225.800143,63.893357
dzf,2,733.913336,208.201972
dxb2,2,194.681912,52.155258
dyb2,2,200.098342,54.295495
cvz,2,263.540912,74.641249
dzb3,2,736.039569,208.564611
dxb3,2,194.515898,52.126662
dyb3,2,200.803595,54.461885
csxxsyyszz,2,479.430461,129.624637
dyf2,2,199.833090,54.194534
dxf2,2,196.407144,52.491172
csxy,2,188.522480,53.102936
dzf2,2,733.818706,208.068298
dyf3,2,199.687129,54.255538
csyz,2,225.445825,63.690182
dxf3,2,194.760700,52.194376
dzf3,2,734.193671,208.177692
csxz,2,224.964631,63.684400
dxf,3,194.578834,52.217115
dzb,3,736.273994,208.718333
dyb,3,200.395313,54.412659
cvx,3,226.077378,63.985970
dyf,3,199.649468,54.241208
dzb2,3,734.947138,208.485700
dxb,3,195.288687,52.333030
cvy,3,225.990154,63.985576
dzf,3,733.726086,208.310071
dxb2,3,194.728772,52.218978
dyb2,3,200.276211,54.367058
cvz,3,263.504010,74.666221
dzb3,3,735.891373,208.705453
dxb3,3,194.603515,52.163669
dyb3,3,200.730297,54.457781
csxxsyyszz,3,483.199699,130.437265
dyf2,3,199.771320,54.226731
dxf2,3,194.906822,52.243604
csxy,3,188.277577,53.088577
dzf2,3,733.985440,208.227045
dyf3,3,199.847186,54.324504
csyz,3,225.384150,63.697332
dxf3,3,195.604186,52.403427
dzf3,3,733.961298,208.250154
csxz,3,225.038564,63.717883
dxf,4,194.658763,52.262276
dzb,4,734.883979,208.486505
dyb,4,200.572155,54.465889
cvx,4,226.139284,64.025559
dyf,4,199.886685,54.315849
dzb2,4,735.096459,208.551698
dxb,4,195.156583,52.308773
cvy,4,225.895434,63.987244
dzf,4,734.441551,208.545347
dxb2,4,194.795450,52.230522
dyb2,4,200.202429,54.345047
cvz,4,263.438484,74.714259
dzb3,4,735.731684,208.731541
dxb3,4,194.640525,52.229574
dyb3,4,200.648409,54.460894
csxxsyyszz,4,476.350899,129.054716
dyf2,4,199.778902,54.235995
dxf2,4,194.869118,52.233373
csxy,4,188.241705,53.083045
dzf2,4,733.947098,208.267719
dyf3,4,199.775051,54.323656
csyz,4,225.473268,63.724133
dxf3,4,195.032998,52.292355
dzf3,4,733.956786,208.312159
csxz,4,225.144440,63.859103
#========================= OptEWE [OpenMP] =========================
#Source type                                  :  Force monopole
#Grid Size                                    :  1024 x 1024 x 1024
#Iterations                                   :  5
#Compute time                                 :  44.813435
#Total effective MLUPS                        :  119.801331
#===================================================================
#Number of threads                            :  24
