dxf,0,220.972027,56.360805
dzb,0,834.133594,224.382180
dyb,0,252.394766,65.438310
cvx,0,254.630002,68.837877
dyf,0,251.095464,65.192147
dzb2,0,834.492736,225.040276
dxb,0,220.394202,56.602218
cvy,0,1814.928858,376.706539
dzf,0,835.395578,225.271972
dxb2,0,220.810861,56.743168
dyb2,0,252.427724,65.498657
cvz,0,295.951584,80.424343
dzb3,0,834.034377,225.121062
dxb3,0,219.408658,56.463601
dyb3,0,251.839558,65.429259
csxxsyyszz,0,525.343888,137.549381
dyf2,0,251.249758,65.226496
dxf2,0,219.945021,56.498376
csxy,0,211.414079,57.322743
dzf2,0,833.904856,225.045074
dyf3,0,252.096252,65.481752
csyz,0,252.968644,68.865109
dxf3,0,219.528139,56.523031
dzf3,0,834.814242,225.370756
csxz,0,252.798793,68.805808
dxf,1,219.504368,56.515297
dzb,1,834.468177,225.323620
dyb,1,251.997055,65.529193
cvx,1,254.726634,68.978180
dyf,1,251.485713,65.457729
dzb2,1,834.775569,225.459295
dxb,1,220.314294,56.718772
cvy,1,254.280240,68.885484
dzf,1,835.214603,225.532385
dxb2,1,220.467920,56.715495
dyb2,1,251.584783,65.395137
cvz,1,296.254807,80.566642
dzb3,1,835.803433,225.651568
dxb3,1,219.869087,56.594277
dyb3,1,251.917129,65.456756
csxxsyyszz,1,518.023415,136.169798
dyf2,1,251.278158,65.320401
dxf2,1,219.959811,56.552562
csxy,1,211.428760,57.360224
dzf2,1,833.178971,225.109985
dyf3,1,251.679932,65.553916
csyz,1,252.943698,68.900144
dxf3,1,219.457129,56.519271
dzf3,1,834.863535,225.517007
csxz,1,252.770786,68.890735
dxf,2,219.661388,56.607906
dzb,2,834.472547,225.480391
dyb,2,252.048450,65.635176
cvx,2,254.462584,69.015644
dyf,2,251.010272,65.335343
dzb2,2,834.413919,225.507717
dxb,2,220.251759,56.773982
cvy,2,254.188938,68.891282
dzf,2,835.130143,225.650512
dxb2,2,220.365652,56.741300
dyb2,2,252.721122,65.685477
cvz,2,296.044217,80.529489
dzb3,2,834.105252,225.310181
dxb3,2,219.720934,56.565960
dyb3,2,252.012470,65.512079
csxxsyyszz,2,525.048745,137.619307
dyf2,2,251.198100,65.320440
dxf2,2,220.044927,56.607176
csxy,2,211.458615,57.438065
dzf2,2,833.261858,225.378616
dyf3,2,251.446372,65.501406
csyz,2,252.890001,68.951104
dxf3,2,219.563600,56.615864
dzf3,2,835.085552,225.697454
csxz,2,252.710522,68.850433
dxf,3,219.720302,56.563933
dzb,3,834.206980,225.411626
dyb,3,252.060842,65.641132
cvx,3,254.674659,69.061349
dyf,3,251.425117,65.435745
dzb2,3,834.391134,225.527259
dxb,3,220.753922,56.933753
cvy,3,253.990974,68.800550
dzf,3,833.367061,225.137474
dxb2,3,220.901262,56.845506
dyb2,3,253.998973,65.891939
cvz,3,295.921562,80.502246
dzb3,3,834.426148,225.456624
dxb3,3,219.601177,56.613008
dyb3,3,252.047929,65.528119
csxxsyyszz,3,518.000578,136.214101
dyf2,3,251.293665,65.384400
dxf2,3,219.869440,56.609042
csxy,3,211.423682,57.432299
dzf2,3,833.108629,225.276434
dyf3,3,252.047723,65.568750
csyz,3,252.819599,68.891100
dxf3,3,219.531228,56.555614
dzf3,3,834.536532,225.449140
csxz,3,252.772083,68.890094
dxf,4,219.306547,56.505918
dzb,4,836.110992,225.774407
dyb,4,252.273884,65.626467
cvx,4,254.501744,69.005885
dyf,4,251.510339,65.432327
dzb2,4,834.305047,225.501995
dxb,4,220.320817,56.774664
cvy,4,254.045522,68.870276
dzf,4,833.464942,225.294177
dxb2,4,220.643960,56.797928
dyb2,4,251.647902,65.436535
cvz,4,297.621293,80.860419
dzb3,4,834.494762,225.552025
dxb3,4,219.578300,56.606986
dyb3,4,251.921949,65.556338
csxxsyyszz,4,520.411319,136.958273
dyf2,4,251.188081,65.362513
dxf2,4,220.070831,56.619168
csxy,4,211.447645,57.430743
dzf2,4,833.155693,225.280928
dyf3,4,251.540387,65.481156
csyz,4,252.905898,68.932164
dxf3,4,219.433029,56.508720
dzf3,4,834.476809,225.502130
csxz,4,252.816518,69.023314
#========================= OptEWE [OpenMP] =========================
#Source type                                  :  Force monopole
#Grid Size                                    :  1024 x 1024 x 1024
#Iterations                                   :  5
#Compute time                                 :  50.965057
#Total effective MLUPS                        :  105.340980
#===================================================================
#Number of threads                            :  21
