dxf,0,348.534164,66.843125
dzb,0,1537.064020,289.074769
dyb,0,349.289876,68.461436
cvx,0,427.681442,84.112426
dyf,0,349.045257,68.430520
dzb2,0,1536.149383,288.907068
dxb,0,345.930324,66.642927
cvy,0,2659.808077,428.014186
dzf,0,1533.250683,290.219500
dxb2,0,346.219190,66.903996
dyb2,0,349.437169,68.555265
cvz,0,505.907989,99.049697
dzb3,0,1536.532404,287.727299
dxb3,0,345.819755,66.554605
dyb3,0,412.695702,78.613171
csxxsyyszz,0,690.941878,140.425821
dyf2,0,349.366246,68.604680
dxf2,0,418.309846,78.624695
csxy,0,312.793792,63.292054
dzf2,0,3485.920174,570.652091
dyf3,0,350.495143,68.742103
csyz,0,500.925121,95.310232
dxf3,0,345.528837,66.749921
dzf3,0,1532.856828,288.386545
csxz,0,501.094565,95.139849
dxf,1,345.600441,66.648720
dzb,1,1536.377792,289.103238
dyb,1,349.195635,68.473681
cvx,1,427.802192,84.208721
dyf,1,349.257850,68.511130
dzb2,1,1536.246944,287.884729
dxb,1,345.866291,66.683293
cvy,1,484.642740,93.195251
dzf,1,1532.967168,288.434411
dxb2,1,346.796043,66.875455
dyb2,1,349.420352,68.520234
cvz,1,505.874270,99.165573
dzb3,1,1536.253132,290.054423
dxb3,1,345.716871,66.589850
dyb3,1,413.319461,78.750676
csxxsyyszz,1,684.695456,139.374947
dyf2,1,349.184910,68.501547
dxf2,1,417.808915,78.351509
csxy,1,312.976444,63.209528
dzf2,1,3488.235767,569.403000
dyf3,1,348.967587,68.260800
csyz,1,501.042057,95.100494
dxf3,1,345.530332,66.610181
dzf3,1,1533.727951,286.579808
csxz,1,501.198995,95.252343
dxf,2,345.756548,66.712703
dzb,2,1536.673858,287.498633
dyb,2,349.324031,68.462283
cvx,2,427.728440,84.233213
dyf,2,349.030577,68.486062
dzb2,2,1536.240636,288.607093
dxb,2,345.982770,66.729431
cvy,2,484.345548,93.171114
dzf,2,1533.216386,286.579111
dxb2,2,345.702627,66.639286
dyb2,2,349.331534,68.548474
cvz,2,505.882830,99.257551
dzb3,2,1536.870082,288.619298
dxb3,2,345.793500,66.697535
dyb3,2,412.923512,78.717657
csxxsyyszz,2,691.034789,140.502426
dyf2,2,350.754782,68.774965
dxf2,2,418.136838,78.442593
csxy,2,313.059128,63.195083
dzf2,2,3485.947119,571.176095
dyf3,2,349.166262,68.407488
csyz,2,500.921774,95.134971
dxf3,2,345.938430,66.688229
dzf3,2,1532.731151,289.283014
csxz,2,501.153748,95.359194
dxf,3,346.218889,66.853572
dzb,3,1536.085448,290.444737
dyb,3,349.541012,68.562194
cvx,3,428.349201,85.019968
dyf,3,349.140958,68.511700
dzb2,3,1535.602090,288.597772
dxb,3,346.018848,66.727695
cvy,3,484.011439,93.083190
dzf,3,1533.087146,290.463577
dxb2,3,345.979437,66.700497
dyb2,3,349.227992,68.523306
cvz,3,505.892347,99.182712
dzb3,3,1535.769373,288.078278
dxb3,3,345.537115,66.647212
dyb3,3,413.457596,78.802401
csxxsyyszz,3,683.773751,139.338613
dyf2,3,349.134905,68.491240
dxf2,3,417.999257,78.443070
csxy,3,312.969692,63.189352
dzf2,3,3485.616051,569.771385
dyf3,3,349.154046,68.431083
csyz,3,501.376863,95.237679
dxf3,3,345.465561,66.626566
dzf3,3,1533.268377,287.644636
csxz,3,500.872503,95.212169
dxf,4,345.815279,66.938425
dzb,4,1537.315258,289.461023
dyb,4,349.476717,68.478642
cvx,4,427.683331,84.203518
dyf,4,349.139929,68.495707
dzb2,4,1535.996606,286.970778
dxb,4,345.840827,66.674771
cvy,4,484.394601,93.177311
dzf,4,1532.609910,287.511467
dxb2,4,345.950428,66.704500
dyb2,4,349.062296,68.554814
cvz,4,505.838963,99.251563
dzb3,4,1535.808876,292.351504
dxb3,4,346.065572,66.719551
dyb3,4,412.942298,78.733457
csxxsyyszz,4,691.759699,140.622865
dyf2,4,349.103574,68.522142
dxf2,4,418.601570,78.571263
csxy,4,313.121826,63.245140
dzf2,4,3487.784306,568.563683
dyf3,4,349.480815,68.472226
csyz,4,500.784750,95.143738
dxf3,4,345.834292,66.732811
dzf3,4,1532.242520,288.250120
csxz,4,501.288374,95.307700
#========================= OptEWE [OpenMP] =========================
#Source type                                  :  Force monopole
#Grid Size                                    :  1024 x 1024 x 1024
#Iterations                                   :  5
#Compute time                                 :  96.632118
#Total effective MLUPS                        :  55.558226
#===================================================================
#Number of threads                            :  19
