dxf,0,207.975175,48.365919
dzb,0,898.554683,209.312442
dyb,0,305.213660,67.464147
cvx,0,270.714859,63.215899
dyf,0,304.722488,67.421965
dzb2,0,898.697636,209.694737
dxb,0,208.249486,48.579770
cvy,0,2204.157080,394.644273
dzf,0,894.815551,208.954281
dxb2,0,208.677412,48.688414
dyb2,0,305.060335,67.554343
cvz,0,286.789114,69.123145
dzb3,0,895.982575,209.418566
dxb3,0,211.510947,49.220111
dyb3,0,304.949429,67.552775
csxxsyyszz,0,723.416128,157.060123
dyf2,0,304.671688,67.409107
dxf2,0,206.768052,48.387327
csxy,0,196.866883,48.802354
dzf2,0,893.806011,209.133873
dyf3,0,304.951381,67.607520
csyz,0,235.714157,58.682256
dxf3,0,208.639132,48.780449
dzf3,0,899.101280,210.065379
csxz,0,235.448654,58.635034
dxf,1,206.396495,48.406551
dzb,1,897.299668,209.902616
dyb,1,305.070367,67.652209
cvx,1,272.039667,63.564698
dyf,1,304.353825,67.510103
dzb2,1,897.418309,209.769653
dxb,1,208.150836,48.659593
cvy,1,269.784511,63.185447
dzf,1,895.177657,209.384743
dxb2,1,208.636772,48.714574
dyb2,1,305.166313,67.623163
cvz,1,286.654784,69.158451
dzb3,1,896.372826,209.675124
dxb3,1,211.772470,49.285816
dyb3,1,304.978799,67.589180
csxxsyyszz,1,723.019345,157.107737
dyf2,1,304.743343,67.510234
dxf2,1,206.792924,48.463486
csxy,1,196.631728,48.777950
dzf2,1,894.768328,209.447435
dyf3,1,304.900299,67.635927
csyz,1,235.663218,58.705247
dxf3,1,210.059943,49.029179
dzf3,1,897.996725,209.905980
csxz,1,235.503054,58.654419
dxf,2,206.566432,48.467262
dzb,2,898.418864,210.109596
dyb,2,305.776043,67.800109
cvx,2,270.817469,63.422811
dyf,2,304.512104,67.512994
dzb2,2,897.126124,209.839566
dxb,2,208.221777,48.691670
cvy,2,269.686102,63.188024
dzf,2,894.892966,209.513439
dxb2,2,208.585396,48.767513
dyb2,2,305.028595,67.687781
cvz,2,286.593952,69.208084
dzb3,2,896.587007,209.843912
dxb3,2,211.683059,49.319170
dyb3,2,304.964603,67.610950
csxxsyyszz,2,723.204386,157.202684
dyf2,2,304.733870,67.567514
dxf2,2,206.908644,48.475188
csxy,2,196.859669,48.850899
dzf2,2,895.368858,209.643950
dyf3,2,305.532895,67.742836
csyz,2,235.630973,58.712377
dxf3,2,208.979253,48.921171
dzf3,2,898.317283,210.131254
csxz,2,235.585794,58.737153
dxf,3,207.806816,48.712924
dzb,3,896.791096,209.923136
dyb,3,304.909185,67.654713
cvx,3,270.511562,63.360743
dyf,3,304.584120,67.620037
dzb2,3,896.721102,209.909872
dxb,3,208.031094,48.724720
cvy,3,269.746551,63.258426
dzf,3,895.315795,209.661095
dxb2,3,208.842160,48.844326
dyb2,3,305.048966,67.713665
cvz,3,286.799805,69.255056
dzb3,3,897.080295,209.996987
dxb3,3,211.530020,49.295680
dyb3,3,305.305581,67.679384
csxxsyyszz,3,723.905690,157.337403
dyf2,3,304.862185,67.589115
dxf2,3,206.853847,48.467073
csxy,3,196.978211,48.891010
dzf2,3,896.390269,209.866992
dyf3,3,305.294312,67.763899
csyz,3,235.736555,58.746891
dxf3,3,208.731825,48.875053
dzf3,3,899.935815,210.390206
csxz,3,235.522054,58.705858
dxf,4,206.545392,48.492736
dzb,4,898.452005,210.267712
dyb,4,305.673294,67.944600
cvx,4,270.582969,63.423104
dyf,4,304.492576,67.595236
dzb2,4,897.181037,210.011089
dxb,4,208.162086,48.768906
cvy,4,269.807306,63.280888
dzf,4,895.060082,209.647488
dxb2,4,208.724274,48.849182
dyb2,4,305.865008,67.857321
cvz,4,286.585891,69.204894
dzb3,4,896.005073,209.843659
dxb3,4,211.804957,49.352294
dyb3,4,304.979275,67.696427
csxxsyyszz,4,723.299286,157.334426
dyf2,4,306.470413,67.885682
dxf2,4,206.845578,48.537979
csxy,4,196.972988,48.897051
dzf2,4,894.632651,209.662673
dyf3,4,304.965043,67.692770
csyz,4,235.649690,58.755321
dxf3,4,209.181761,48.970217
dzf3,4,898.313015,210.204117
csxz,4,235.629129,58.914581
#========================= OptEWE [OpenMP] =========================
#Source type                                  :  Force monopole
#Grid Size                                    :  1024 x 1024 x 1024
#Iterations                                   :  5
#Compute time                                 :  55.341000
#Total effective MLUPS                        :  97.011423
#===================================================================
#Number of threads                            :  23
