dxf,0,296.112351,58.602173
dzb,0,1304.986540,258.076694
dyb,0,318.234059,64.525932
cvx,0,364.494019,74.094736
dyf,0,316.175150,64.013784
dzb2,0,1306.302734,256.176021
dxb,0,293.630245,58.401188
cvy,0,2746.539570,442.675228
dzf,0,1302.771435,256.955549
dxb2,0,293.145044,58.339216
dyb2,0,316.505349,64.127416
cvz,0,429.929069,87.151283
dzb3,0,1304.541478,258.444044
dxb3,0,293.329236,58.446470
dyb3,0,316.645040,64.197166
csxxsyyszz,0,663.402645,135.923218
dyf2,0,316.201545,64.137082
dxf2,0,293.489030,58.456671
csxy,0,297.864875,60.672409
dzf2,0,1303.370107,256.780883
dyf3,0,316.396230,64.162020
csyz,0,362.435653,73.707113
dxf3,0,294.411362,58.671284
dzf3,0,1303.481323,258.737415
csxz,0,362.343974,73.644047
dxf,1,293.447038,58.530994
dzb,1,1305.006837,256.539051
dyb,1,316.712589,64.178369
cvx,1,364.891848,74.178722
dyf,1,316.117898,64.141364
dzb2,1,1303.991947,258.530386
dxb,1,293.661125,58.553040
cvy,1,364.285751,74.053892
dzf,1,1302.067238,258.158164
dxb2,1,293.210997,58.446393
dyb2,1,318.183814,64.492999
cvz,1,429.941206,87.207237
dzb3,1,1304.706694,256.129852
dxb3,1,294.157339,58.563147
dyb3,1,316.886415,64.236636
csxxsyyszz,1,664.319854,136.094048
dyf2,1,316.311637,64.135913
dxf2,1,293.554549,58.466736
csxy,1,298.628562,60.843453
dzf2,1,1302.436308,258.317110
dyf3,1,316.502956,64.269258
csyz,1,362.575683,73.741193
dxf3,1,293.419622,58.498422
dzf3,1,1303.836231,257.168202
csxz,1,362.447097,73.678946
dxf,2,293.429366,58.568997
dzb,2,1304.816156,258.610984
dyb,2,316.760307,64.269096
cvx,2,365.656971,74.463375
dyf,2,316.372900,64.315848
dzb2,2,1304.733338,257.249625
dxb,2,294.265369,58.659712
cvy,2,364.385519,74.125321
dzf,2,1303.345605,256.509270
dxb2,2,293.385733,58.467175
dyb2,2,316.697486,64.197965
cvz,2,430.213242,87.264198
dzb3,2,1304.164173,258.176442
dxb3,2,293.343044,58.440396
dyb3,2,317.033673,64.335597
csxxsyyszz,2,665.108822,136.342818
dyf2,2,316.309769,64.184398
dxf2,2,293.637258,58.528623
csxy,2,297.995470,60.796805
dzf2,2,1303.090108,255.933756
dyf3,2,318.094959,64.512638
csyz,2,362.385216,73.724358
dxf3,2,293.402495,58.514029
dzf3,2,1305.230576,259.010493
csxz,2,362.423867,73.662649
dxf,3,293.326163,58.489981
dzb,3,1305.028122,258.933623
dyb,3,316.816022,64.355619
cvx,3,364.760154,74.250739
dyf,3,316.496937,64.266792
dzb2,3,1305.328802,257.889945
dxb,3,293.636048,58.524525
cvy,3,364.387634,74.158731
dzf,3,1302.732234,258.448607
dxb2,3,293.152000,58.522206
dyb2,3,316.860259,64.387523
cvz,3,430.924443,87.820554
dzb3,3,1305.606497,259.325834
dxb3,3,293.378504,58.567050
dyb3,3,316.862488,64.403794
csxxsyyszz,3,664.770955,136.441615
dyf2,3,317.096799,64.427433
dxf2,3,293.610561,58.590608
csxy,3,297.936625,60.830636
dzf2,3,1302.630796,258.091961
dyf3,3,316.601671,64.388739
csyz,3,362.405323,73.819424
dxf3,3,293.368736,58.621660
dzf3,3,1303.598698,257.114234
csxz,3,362.348384,73.701435
dxf,4,293.375220,58.544515
dzb,4,1305.179209,257.281573
dyb,4,316.589976,64.314555
cvx,4,364.931384,74.287091
dyf,4,316.290263,64.211895
dzb2,4,1305.871156,259.063049
dxb,4,293.704289,58.609436
cvy,4,364.296061,74.171821
dzf,4,1305.297339,258.983294
dxb2,4,293.608083,58.630547
dyb2,4,316.116704,64.253452
cvz,4,430.006385,87.310828
dzb3,4,1305.086746,257.100210
dxb3,4,293.538439,58.545743
dyb3,4,316.921704,64.364504
csxxsyyszz,4,663.994249,136.197199
dyf2,4,316.486579,64.251004
dxf2,4,293.569344,58.563848
csxy,4,298.073994,60.829697
dzf2,4,1302.474399,258.552648
dyf3,4,316.402234,64.294698
csyz,4,362.488778,73.742938
dxf3,4,293.382392,58.531526
dzf3,4,1304.588581,258.039448
csxz,4,362.532106,73.768754
#========================= OptEWE [OpenMP] =========================
#Source type                                  :  Force monopole
#Grid Size                                    :  1024 x 1024 x 1024
#Iterations                                   :  5
#Compute time                                 :  74.053398
#Total effective MLUPS                        :  72.497809
#===================================================================
#Number of threads                            :  21
