dxf,0,337.660912,65.377725
dzb,0,1316.812965,263.187869
dyb,0,506.376853,94.122047
cvx,0,386.458596,77.932163
dyf,0,422.952118,80.989468
dzb2,0,1318.047164,262.144471
dxb,0,434.331999,80.682895
cvy,0,1920.667885,316.400921
dzf,0,1318.431557,262.328295
dxb2,0,335.733963,65.032763
dyb2,0,504.915429,93.953932
cvz,0,508.183887,100.265675
dzb3,0,1316.805657,262.243638
dxb3,0,335.928933,65.121990
dyb3,0,578.467564,105.410750
csxxsyyszz,0,931.602976,179.062724
dyf2,0,423.514003,81.088231
dxf2,0,359.067024,69.107594
csxy,0,282.426149,59.215389
dzf2,0,3161.365103,539.546835
dyf3,0,423.562357,81.014396
csyz,0,433.869408,85.675616
dxf3,0,335.646857,65.020995
dzf3,0,1319.578083,262.678568
csxz,0,432.393911,85.456701
dxf,1,336.316180,65.131532
dzb,1,1316.607206,262.197623
dyb,1,506.280019,94.245942
cvx,1,386.152008,77.957296
dyf,1,422.958401,81.090924
dzb2,1,1318.909824,262.572583
dxb,1,434.513485,80.826109
cvy,1,613.620408,114.245017
dzf,1,1316.799246,262.627510
dxb2,1,335.949386,65.139413
dyb2,1,505.423487,94.140605
cvz,1,508.121485,100.404056
dzb3,1,1317.825168,262.723402
dxb3,1,335.900472,65.160454
dyb3,1,578.450548,105.589662
csxxsyyszz,1,929.006575,178.799085
dyf2,1,423.543366,81.122255
dxf2,1,358.467830,69.099776
csxy,1,282.122805,59.207170
dzf2,1,3160.836494,539.309966
dyf3,1,423.602104,81.142725
csyz,1,433.751969,85.511830
dxf3,1,336.161640,65.154191
dzf3,1,1320.129444,263.056630
csxz,1,431.477452,85.454456
dxf,2,336.061400,65.187832
dzb,2,1318.420119,262.617170
dyb,2,506.275258,94.417468
cvx,2,386.169096,78.042359
dyf,2,423.038426,81.129436
dzb2,2,1317.724409,262.531856
dxb,2,434.312189,80.833988
cvy,2,614.693551,114.105481
dzf,2,1316.301380,262.177791
dxb2,2,335.770233,65.049627
dyb2,2,504.629098,93.990658
cvz,2,507.932774,100.329319
dzb3,2,1319.085374,262.796424
dxb3,2,335.995781,65.160622
dyb3,2,580.419560,105.782584
csxxsyyszz,2,933.611609,179.468854
dyf2,2,423.450849,81.251000
dxf2,2,359.209885,69.346163
csxy,2,282.386697,59.290267
dzf2,2,3162.878104,541.771566
dyf3,2,424.530281,81.500220
csyz,2,433.479695,85.821753
dxf3,2,335.981825,65.223467
dzf3,2,1318.682210,262.695725
csxz,2,432.226981,85.207597
dxf,3,335.909930,65.144845
dzb,3,1320.000967,262.873767
dyb,3,506.163688,94.363282
cvx,3,386.069321,78.019832
dyf,3,423.132573,81.188311
dzb2,3,1317.620541,262.491433
dxb,3,434.550578,80.916978
cvy,3,614.027209,114.392843
dzf,3,1315.890085,262.434512
dxb2,3,335.683762,65.156017
dyb2,3,504.663689,94.102696
cvz,3,507.995199,100.387184
dzb3,3,1317.207430,262.564672
dxb3,3,335.923518,65.183988
dyb3,3,578.622014,105.542523
csxxsyyszz,3,933.424498,179.549688
dyf2,3,425.050951,81.460963
dxf2,3,358.550889,69.173180
csxy,3,282.387555,59.223704
dzf2,3,3161.112296,539.786270
dyf3,3,424.425150,81.277414
csyz,3,433.601125,85.699640
dxf3,3,335.807228,65.089304
dzf3,3,1320.261702,262.933432
csxz,3,432.487274,85.569947
dxf,4,336.210350,65.161394
dzb,4,1318.212687,263.293629
dyb,4,506.282949,94.470976
cvx,4,387.747802,78.316208
dyf,4,423.867409,81.388400
dzb2,4,1317.401571,262.670665
dxb,4,434.256404,80.855478
cvy,4,613.300403,114.393860
dzf,4,1316.208846,262.525113
dxb2,4,335.954472,65.246319
dyb2,4,504.743567,94.202629
cvz,4,508.006048,100.436155
dzb3,4,1317.321865,262.764757
dxb3,4,336.044787,65.238669
dyb3,4,577.933876,105.421400
csxxsyyszz,4,924.377174,178.040804
dyf2,4,423.522889,81.181364
dxf2,4,358.558247,69.155177
csxy,4,282.303309,59.198580
dzf2,4,3161.175979,539.248086
dyf3,4,423.525370,81.116566
csyz,4,433.929392,85.644567
dxf3,4,335.972241,65.076301
dzf3,4,1318.400495,262.628992
csxz,4,432.515680,85.658345
#========================= OptEWE [OpenMP] =========================
#Source type                                  :  Force monopole
#Grid Size                                    :  1024 x 1024 x 1024
#Iterations                                   :  5
#Compute time                                 :  92.989815
#Total effective MLUPS                        :  57.734378
#===================================================================
#Number of threads                            :  14
