dxf,0,223.853445,50.484174
dzb,0,896.427332,207.703355
dyb,0,292.042267,64.556115
cvx,0,260.282298,61.293748
dyf,0,290.695909,64.382422
dzb2,0,887.518087,206.612009
dxb,0,224.757311,50.859421
cvy,0,2063.022788,367.328816
dzf,0,884.995529,206.137653
dxb2,0,224.508615,50.836051
dyb2,0,291.824585,64.617855
cvz,0,300.272258,71.407500
dzb3,0,886.940224,206.731103
dxb3,0,223.738730,50.740960
dyb3,0,291.242303,64.569436
csxxsyyszz,0,650.665717,143.171528
dyf2,0,292.541749,64.764164
dxf2,0,222.958827,50.565991
csxy,0,214.300515,51.101246
dzf2,0,883.984648,206.325882
dyf3,0,291.151412,64.626544
csyz,0,256.555065,61.442078
dxf3,0,223.296655,50.660055
dzf3,0,884.337884,206.421899
csxz,0,257.122685,61.557180
dxf,1,222.628433,50.575787
dzb,1,897.062559,208.552446
dyb,1,291.708652,64.709291
cvx,1,260.429703,61.456563
dyf,1,290.666056,64.471870
dzb2,1,887.149200,206.905467
dxb,1,224.835270,50.992091
cvy,1,259.646934,61.357752
dzf,1,885.399784,207.055401
dxb2,1,224.148741,51.244517
dyb2,1,291.698019,65.204212
cvz,1,300.596091,71.791701
dzb3,1,886.516717,206.827315
dxb3,1,223.757430,50.817673
dyb3,1,291.223956,64.622520
csxxsyyszz,1,655.874182,144.184377
dyf2,1,290.858973,64.491626
dxf2,1,223.198988,50.648933
csxy,1,214.250816,51.125600
dzf2,1,884.003609,206.460983
dyf3,1,291.812867,64.759175
csyz,1,256.437531,61.482512
dxf3,1,223.122175,50.677119
dzf3,1,884.492419,206.575520
csxz,1,256.274060,61.441456
dxf,2,222.714961,50.614086
dzb,2,897.039133,208.694178
dyb,2,292.082311,64.824140
cvx,2,260.262997,61.496693
dyf,2,290.745719,64.515055
dzb2,2,887.248361,207.123708
dxb,2,224.726454,50.981208
cvy,2,259.754090,61.423133
dzf,2,885.778243,206.744082
dxb2,2,224.458720,50.909794
dyb2,2,291.712982,64.765881
cvz,2,300.197738,71.472780
dzb3,2,887.145253,207.066208
dxb3,2,224.159654,50.879529
dyb3,2,291.401150,64.661342
csxxsyyszz,2,650.746366,143.289705
dyf2,2,291.782896,64.686798
dxf2,2,223.356963,50.722628
csxy,2,214.273655,51.122742
dzf2,2,883.670020,206.442411
dyf3,2,290.958129,64.581742
csyz,2,256.456646,61.472806
dxf3,2,223.296858,50.745078
dzf3,2,884.597656,206.771951
csxz,2,256.241476,61.444445
dxf,3,222.730117,50.636299
dzb,3,897.174645,208.753648
dyb,3,291.909184,64.794373
cvx,3,260.382050,61.514637
dyf,3,290.650035,64.511117
dzb2,3,887.036487,207.037454
dxb,3,224.658757,51.006235
cvy,3,261.143270,61.606848
dzf,3,884.257830,206.599950
dxb2,3,224.189651,50.885470
dyb2,3,291.335198,64.642233
cvz,3,300.513901,71.558627
dzb3,3,888.764156,207.356411
dxb3,3,224.421405,50.936086
dyb3,3,291.323655,64.668878
csxxsyyszz,3,649.482725,143.124764
dyf2,3,290.933918,64.569269
dxf2,3,223.348684,50.729061
csxy,3,214.852766,51.572123
dzf2,3,884.206861,206.891551
dyf3,3,291.007313,64.625596
csyz,3,256.474591,61.459462
dxf3,3,222.936533,50.684719
dzf3,3,884.119519,206.603558
csxz,3,256.116160,61.403227
dxf,4,222.938459,50.684784
dzb,4,897.308678,208.782714
dyb,4,292.006341,64.811129
cvx,4,260.311912,61.485026
dyf,4,290.600367,64.504323
dzb2,4,887.691514,207.184473
dxb,4,224.893681,51.024618
cvy,4,259.844324,61.437128
dzf,4,884.262802,206.568301
dxb2,4,224.173916,50.891073
dyb2,4,291.049116,64.616627
cvz,4,301.989636,71.836157
dzb3,4,886.724582,207.073401
dxb3,4,223.588918,50.802134
dyb3,4,291.321642,64.650659
csxxsyyszz,4,647.573163,142.811830
dyf2,4,290.979761,64.558392
dxf2,4,223.069266,50.675388
csxy,4,214.280365,51.178161
dzf2,4,883.936138,206.613075
dyf3,4,291.022710,64.603067
csyz,4,256.678374,61.516751
dxf3,4,223.117702,50.698786
dzf3,4,884.396074,206.674798
csxz,4,256.169686,61.587124
#========================= OptEWE [OpenMP] =========================
#Source type                                  :  Force monopole
#Grid Size                                    :  1024 x 1024 x 1024
#Iterations                                   :  5
#Compute time                                 :  54.875988
#Total effective MLUPS                        :  97.833484
#===================================================================
#Number of threads                            :  21
