dxf,0,427.887774,67.974435
dzb,0,1778.724099,287.738469
dyb,0,497.473595,79.567859
cvx,0,528.974791,86.222764
dyf,0,495.430091,79.510297
dzb2,0,1777.781309,287.886892
dxb,0,428.783294,68.221664
cvy,0,1902.181434,274.418512
dzf,0,1776.275560,287.312689
dxb2,0,428.347863,68.008564
dyb2,0,496.743026,79.501575
cvz,0,613.580417,100.285601
dzb3,0,1777.961327,288.149532
dxb3,0,428.599038,68.230099
dyb3,0,516.361945,84.389788
csxxsyyszz,0,1045.016536,173.658887
dyf2,0,496.087382,79.327658
dxf2,0,457.167529,74.009719
csxy,0,375.051520,65.878867
dzf2,0,4155.782366,620.316983
dyf3,0,496.472008,79.381809
csyz,0,560.915153,94.141172
dxf3,0,428.114319,68.009567
dzf3,0,1775.701792,287.116208
csxz,0,559.379785,93.995120
dxf,1,427.741933,68.032652
dzb,1,1778.386680,289.102974
dyb,1,497.128618,80.229234
cvx,1,528.985111,86.888173
dyf,1,494.308341,79.770003
dzb2,1,1776.523762,289.834524
dxb,1,428.188587,68.307405
cvy,1,499.997690,86.132210
dzf,1,1777.427260,292.553129
dxb2,1,428.224341,68.876771
dyb2,1,496.342011,79.820489
cvz,1,613.347481,101.081034
dzb3,1,1778.089889,290.093859
dxb3,1,428.501404,68.563586
dyb3,1,516.097293,84.836853
csxxsyyszz,1,1031.677623,172.673168
dyf2,1,496.011144,80.000096
dxf2,1,455.313142,74.212429
csxy,1,374.987754,66.034743
dzf2,1,4154.589494,620.944920
dyf3,1,496.285268,80.239011
csyz,1,560.142371,94.183028
dxf3,1,427.723224,68.361560
dzf3,1,1776.400520,289.587372
csxz,1,558.663041,94.023237
dxf,2,427.303450,68.593781
dzb,2,1777.077822,288.106986
dyb,2,497.101919,79.595081
cvx,2,529.175147,86.605091
dyf,2,494.402508,79.380258
dzb2,2,1778.786475,288.402613
dxb,2,428.185923,68.239391
cvy,2,499.881822,86.065105
dzf,2,1776.043619,288.091274
dxb2,2,429.171821,68.228734
dyb2,2,497.762600,80.410728
cvz,2,612.915165,104.958350
dzb3,2,1776.164144,290.273963
dxb3,2,428.335743,68.129164
dyb3,2,515.957301,84.431745
csxxsyyszz,2,1044.598916,173.854685
dyf2,2,496.066921,79.470566
dxf2,2,455.488235,73.806036
csxy,2,376.036196,66.096567
dzf2,2,4156.246103,620.835622
dyf3,2,496.261967,79.489356
csyz,2,561.088113,94.251090
dxf3,2,427.480449,68.108645
dzf3,2,1776.327679,287.811907
csxz,2,559.531413,94.073959
dxf,3,427.507684,68.040736
dzb,3,1778.222558,288.012107
dyb,3,497.235324,79.640107
cvx,3,529.078624,86.286270
dyf,3,494.367377,79.267845
dzb2,3,1777.758096,288.033279
dxb,3,429.028584,68.179957
cvy,3,500.381007,86.110760
dzf,3,1775.659961,287.838394
dxb2,3,427.988712,68.104949
dyb2,3,496.496196,79.527996
cvz,3,613.658517,100.350128
dzb3,3,1777.195197,290.065671
dxb3,3,429.221335,70.262460
dyb3,3,516.262103,84.477122
csxxsyyszz,3,1044.140357,173.979383
dyf2,3,496.291807,79.458882
dxf2,3,455.517561,73.864114
csxy,3,375.108537,65.918856
dzf2,3,4156.174563,620.838680
dyf3,3,496.351539,79.457108
csyz,3,560.911545,94.235383
dxf3,3,427.607410,67.943975
dzf3,3,1777.267200,287.767925
csxz,3,559.647619,94.101478
dxf,4,427.630752,67.981077
dzb,4,1776.857032,287.729160
dyb,4,496.992534,79.587539
cvx,4,530.062932,86.450198
dyf,4,494.316139,79.211294
dzb2,4,1776.579873,287.953189
dxb,4,427.993500,68.044605
cvy,4,499.851630,86.087967
dzf,4,1775.618022,287.767770
dxb2,4,428.296481,68.092789
dyb2,4,498.078631,79.716736
cvz,4,613.507416,100.309707
dzb3,4,1777.033507,287.845084
dxb3,4,428.594694,68.094725
dyb3,4,517.006669,84.548270
csxxsyyszz,4,1047.439708,174.479836
dyf2,4,495.115512,82.636346
dxf2,4,453.258684,75.019291
csxy,4,375.134817,65.959918
dzf2,4,4156.389512,621.082831
dyf3,4,496.122390,79.383814
csyz,4,560.903760,94.286971
dxf3,4,427.433476,67.966031
dzf3,4,1775.692094,287.547696
csxz,4,559.333884,94.099904
#========================= OptEWE [OpenMP] =========================
#Source type                                  :  Force monopole
#Grid Size                                    :  1024 x 1024 x 1024
#Iterations                                   :  5
#Compute time                                 :  115.478157
#Total effective MLUPS                        :  46.491122
#===================================================================
#Number of threads                            :  11
