dxf,0,249.784306,53.114243
dzb,0,1138.461989,238.846448
dyb,0,485.730927,93.463679
cvx,0,455.746410,90.913179
dyf,0,356.309343,72.652145
dzb2,0,1138.475519,239.097454
dxb,0,467.259007,88.463759
cvy,0,2365.754062,395.559041
dzf,0,1007.394395,218.100631
dxb2,0,467.184844,88.435399
dyb2,0,483.485634,93.040577
cvz,0,580.005740,114.636088
dzb3,0,1007.226899,218.131999
dxb3,0,466.860222,88.424371
dyb3,0,550.104974,103.480149
csxxsyyszz,0,819.026535,165.700736
dyf2,0,356.913179,72.773648
dxf2,0,557.750931,102.769223
csxy,0,349.513605,71.739159
dzf2,0,1948.782719,362.611740
dyf3,0,486.008078,93.388616
csyz,0,465.831667,93.719818
dxf3,0,250.336272,53.367197
dzf3,0,1133.453600,238.477882
csxz,0,465.179249,93.682442
dxf,1,250.169737,53.358126
dzb,1,1135.219404,238.719437
dyb,1,486.832092,93.767799
cvx,1,457.646550,91.299986
dyf,1,358.310017,73.024077
dzb2,1,1134.700539,238.687274
dxb,1,468.189718,88.713980
cvy,1,600.945846,114.433263
dzf,1,1002.543718,217.531386
dxb2,1,468.447218,88.701600
dyb2,1,484.052904,93.230106
cvz,1,581.720047,114.958929
dzb3,1,1005.574704,217.957063
dxb3,1,468.106152,88.631789
dyb3,1,552.018354,103.763879
csxxsyyszz,1,816.348243,165.202733
dyf2,1,358.767793,73.074894
dxf2,1,558.843138,102.966970
csxy,1,350.008889,71.819436
dzf2,1,1954.079757,361.047820
dyf3,1,486.419217,93.414416
csyz,1,466.533544,93.806136
dxf3,1,250.346378,53.344143
dzf3,1,1133.523435,238.434526
csxz,1,464.972993,93.646406
dxf,2,249.782982,53.301423
dzb,2,1135.130490,238.712595
dyb,2,486.502103,93.680439
cvx,2,457.713695,91.352646
dyf,2,358.056016,73.012344
dzb2,2,1134.390135,238.651313
dxb,2,468.326742,88.755015
cvy,2,601.095330,112.995079
dzf,2,1004.146795,217.722676
dxb2,2,468.309787,88.658887
dyb2,2,485.016308,93.351818
cvz,2,581.837135,114.701628
dzb3,2,1005.644524,217.895925
dxb3,2,468.076274,88.646299
dyb3,2,552.170149,103.778458
csxxsyyszz,2,814.962759,165.072276
dyf2,2,358.134477,72.965794
dxf2,2,558.946073,103.058050
csxy,2,349.732137,71.783267
dzf2,2,1955.697313,359.846173
dyf3,2,486.985724,93.580092
csyz,2,466.406767,93.861370
dxf3,2,250.389942,53.375906
dzf3,2,1133.039627,238.418610
csxz,2,465.061936,93.720310
dxf,3,250.294017,53.400153
dzb,3,1135.982858,238.970398
dyb,3,487.209328,93.865134
cvx,3,457.781001,91.356978
dyf,3,357.558178,72.941119
dzb2,3,1135.195562,238.877414
dxb,3,468.528955,88.808290
cvy,3,600.527009,114.401265
dzf,3,1003.616259,217.771865
dxb2,3,468.293109,88.723607
dyb2,3,484.804981,93.412865
cvz,3,581.946898,115.073009
dzb3,3,1004.452266,217.851188
dxb3,3,468.195349,88.758255
dyb3,3,551.084716,103.691121
csxxsyyszz,3,816.034155,165.221972
dyf2,3,357.134558,72.800112
dxf2,3,558.818299,103.030500
csxy,3,349.934789,71.848041
dzf2,3,1955.383378,361.992587
dyf3,3,487.130224,93.653523
csyz,3,465.958461,93.801576
dxf3,3,250.357292,53.401731
dzf3,3,1133.492755,238.495233
csxz,3,465.080881,93.760353
dxf,4,250.079309,53.377542
dzb,4,1134.862434,238.801249
dyb,4,486.532519,93.807804
cvx,4,457.910177,91.416302
dyf,4,357.366176,72.935423
dzb2,4,1135.139642,238.876878
dxb,4,467.995278,88.769422
cvy,4,600.300416,113.657956
dzf,4,1003.193494,217.718936
dxb2,4,467.867331,88.668089
dyb2,4,484.233446,93.309342
cvz,4,582.213420,115.088711
dzb3,4,1005.533110,218.049150
dxb3,4,468.429260,88.752019
dyb3,4,551.386090,103.680275
csxxsyyszz,4,814.962545,165.189333
dyf2,4,357.630027,72.942328
dxf2,4,558.764213,102.993961
csxy,4,350.082807,71.867175
dzf2,4,1954.827898,360.499712
dyf3,4,487.190718,93.629162
csyz,4,466.232919,93.841825
dxf3,4,250.742631,53.458800
dzf3,4,1132.995459,238.445208
csxz,4,465.241255,93.788975
#========================= OptEWE [OpenMP] =========================
#Source type                                  :  Force monopole
#Grid Size                                    :  1024 x 1024 x 1024
#Iterations                                   :  5
#Compute time                                 :  83.229515
#Total effective MLUPS                        :  64.504871
#===================================================================
#Number of threads                            :  22
