dxf,0,264.004238,55.800917
dzb,0,1072.509413,228.998479
dyb,0,269.864352,58.221116
cvx,0,319.862399,69.973884
dyf,0,268.755723,58.109341
dzb2,0,1072.292461,230.831289
dxb,0,263.781165,55.929942
cvy,0,2090.342726,362.903272
dzf,0,1070.085462,229.936355
dxb2,0,263.138625,55.839877
dyb2,0,269.450819,58.275822
cvz,0,372.486582,81.501108
dzb3,0,1072.121345,230.982748
dxb3,0,263.408042,55.869838
dyb3,0,323.155675,67.356827
csxxsyyszz,0,601.246851,131.792459
dyf2,0,269.061652,58.232113
dxf2,0,323.236686,66.184326
csxy,0,271.522017,59.235809
dzf2,0,2738.888485,479.972702
dyf3,0,269.217547,58.083436
csyz,0,420.325385,86.607072
dxf3,0,263.204093,55.880959
dzf3,0,1071.311462,231.685825
csxz,0,419.629036,86.512479
dxf,1,262.811049,55.812006
dzb,1,1072.330687,231.933440
dyb,1,269.832108,58.366750
cvx,1,318.995775,69.943809
dyf,1,269.070362,58.272969
dzb2,1,1072.049283,230.562210
dxb,1,263.659315,56.050238
cvy,1,367.942872,78.114694
dzf,1,1070.218246,231.264473
dxb2,1,263.203447,55.934952
dyb2,1,269.674905,58.399667
cvz,1,372.719121,81.691384
dzb3,1,1072.694654,232.146124
dxb3,1,263.181757,55.931088
dyb3,1,323.349547,67.504315
csxxsyyszz,1,608.964218,133.313495
dyf2,1,268.858492,58.260265
dxf2,1,323.674193,66.336028
csxy,1,271.248156,59.252817
dzf2,1,2737.331067,480.655310
dyf3,1,269.396008,58.203826
csyz,1,420.243553,86.636766
dxf3,1,263.489943,55.950597
dzf3,1,1071.323951,231.477730
csxz,1,419.907310,86.699387
dxf,2,262.817917,55.925586
dzb,2,1072.544162,232.794256
dyb,2,269.853054,58.456419
cvx,2,320.035337,70.196942
dyf,2,268.856359,58.269013
dzb2,2,1072.426471,229.678371
dxb,2,263.797117,56.083639
cvy,2,368.704498,78.229127
dzf,2,1070.010637,231.615125
dxb2,2,263.476078,55.957595
dyb2,2,269.759230,58.430246
cvz,2,372.724620,81.680630
dzb3,2,1072.114185,232.378248
dxb3,2,263.170679,55.935313
dyb3,2,322.846300,67.427046
csxxsyyszz,2,605.268050,132.683578
dyf2,2,268.796185,58.225608
dxf2,2,323.864917,66.364902
csxy,2,271.054545,59.192652
dzf2,2,2727.227134,481.672871
dyf3,2,269.094822,58.152780
csyz,2,419.758190,86.583225
dxf3,2,263.410419,55.958187
dzf3,2,1071.842275,232.324429
csxz,2,420.252245,86.818933
dxf,3,262.901971,55.916584
dzb,3,1072.274728,233.450376
dyb,3,269.908197,58.367273
cvx,3,319.086678,69.960498
dyf,3,269.062154,58.303459
dzb2,3,1072.508880,230.542219
dxb,3,263.601321,56.071232
cvy,3,367.123192,77.936695
dzf,3,1070.057076,232.581067
dxb2,3,263.437868,56.020186
dyb2,3,269.724315,58.422434
cvz,3,372.494312,81.644476
dzb3,3,1071.987531,233.316881
dxb3,3,263.318581,55.972338
dyb3,3,325.065353,67.833284
csxxsyyszz,3,604.553296,132.550926
dyf2,3,268.812381,58.204102
dxf2,3,323.379789,66.266736
csxy,3,271.202917,59.237347
dzf2,3,2736.340191,481.619472
dyf3,3,269.056798,58.181545
csyz,3,419.933091,86.625536
dxf3,3,263.508726,55.989264
dzf3,3,1070.862584,232.849923
csxz,3,419.711758,86.703624
dxf,4,262.786861,55.903175
dzb,4,1072.412272,229.488981
dyb,4,269.785003,58.379457
cvx,4,319.282904,70.032366
dyf,4,268.659572,58.185816
dzb2,4,1072.327498,231.201516
dxb,4,264.230779,56.143824
cvy,4,367.748051,78.083797
dzf,4,1069.736944,233.178177
dxb2,4,262.925745,55.885413
dyb2,4,270.428872,58.518893
cvz,4,372.443136,81.590065
dzb3,4,1072.392857,230.838548
dxb3,4,262.788010,56.051113
dyb3,4,323.359557,67.455911
csxxsyyszz,4,598.976806,131.592705
dyf2,4,269.005674,58.216896
dxf2,4,323.138391,66.207202
csxy,4,270.968605,59.233661
dzf2,4,2739.271080,478.914216
dyf3,4,269.068332,58.109822
csyz,4,419.938115,86.609242
dxf3,4,263.379123,55.941476
dzf3,4,1071.376576,230.495731
csxz,4,419.651765,86.709414
#========================= OptEWE [OpenMP] =========================
#Source type                                  :  Force monopole
#Grid Size                                    :  1024 x 1024 x 1024
#Iterations                                   :  5
#Compute time                                 :  72.619316
#Total effective MLUPS                        :  73.929491
#===================================================================
#Number of threads                            :  19
