dxf,0,233.911783,49.210808
dzb,0,986.831748,210.221625
dyb,0,240.139989,51.391941
cvx,0,288.292741,62.436750
dyf,0,239.971180,51.422412
dzb2,0,987.040832,210.708511
dxb,0,231.902947,49.130579
cvy,0,2834.038819,465.312113
dzf,0,986.359968,210.588846
dxb2,0,231.915759,49.184180
dyb2,0,239.717716,51.421065
cvz,0,338.207637,73.229909
dzb3,0,986.578825,210.800460
dxb3,0,232.505353,49.302933
dyb3,0,240.551521,51.574692
csxxsyyszz,0,631.736220,132.022263
dyf2,0,239.799482,51.462983
dxf2,0,232.003388,49.209999
csxy,0,236.082631,51.275187
dzf2,0,984.668452,210.528800
dyf3,0,239.695763,51.471680
csyz,0,285.587731,61.927633
dxf3,0,231.847407,49.199039
dzf3,0,984.711250,210.652676
csxz,0,285.464428,61.961569
dxf,1,231.465286,49.167001
dzb,1,986.868111,211.089136
dyb,1,240.390557,51.569857
cvx,1,288.033534,62.550702
dyf,1,239.559969,51.486381
dzb2,1,986.774730,211.116852
dxb,1,260.752819,53.916615
cvy,1,292.945478,63.360045
dzf,1,985.328351,210.970200
dxb2,1,231.893998,49.263540
dyb2,1,239.689926,51.464957
cvz,1,338.621274,73.430519
dzb3,1,987.574312,211.216327
dxb3,1,232.112279,49.311955
dyb3,1,240.891449,51.672957
csxxsyyszz,1,631.022168,132.042008
dyf2,1,239.816571,51.510683
dxf2,1,231.828585,49.238326
csxy,1,236.133198,51.346939
dzf2,1,984.689236,210.790152
dyf3,1,240.000949,51.597599
csyz,1,285.355573,61.944405
dxf3,1,231.756987,49.252213
dzf3,1,985.054933,210.855893
csxz,1,285.361807,62.026917
dxf,2,231.573236,49.223102
dzb,2,986.921917,211.270959
dyb,2,240.106429,51.543011
cvx,2,287.947595,62.613530
dyf,2,239.792296,51.536562
dzb2,2,986.790823,211.259750
dxb,2,231.789430,49.212725
cvy,2,287.767951,62.545840
dzf,2,985.064782,211.065968
dxb2,2,233.080331,49.483201
dyb2,2,239.639215,51.517707
cvz,2,338.454035,73.404457
dzb3,2,986.601375,211.137182
dxb3,2,232.068273,49.295912
dyb3,2,240.729914,51.687049
csxxsyyszz,2,630.936515,132.077372
dyf2,2,239.773609,51.533292
dxf2,2,231.752149,49.252179
csxy,2,236.127997,51.369000
dzf2,2,984.614487,210.860155
dyf3,2,240.046688,51.614500
csyz,2,285.505988,62.008517
dxf3,2,231.714664,49.245208
dzf3,2,984.921288,210.970184
csxz,2,285.352920,62.052079
dxf,3,231.888608,49.304070
dzb,3,986.819519,211.341053
dyb,3,240.210749,51.598285
cvx,3,288.017064,62.612798
dyf,3,239.697425,51.551107
dzb2,3,996.934629,213.020226
dxb,3,232.240049,49.331036
cvy,3,287.864812,62.580962
dzf,3,985.812784,211.264818
dxb2,3,232.315566,49.367057
dyb2,3,239.665863,51.513740
cvz,3,338.195515,73.428337
dzb3,3,986.468213,211.258328
dxb3,3,231.775247,49.302349
dyb3,3,240.487920,51.661176
csxxsyyszz,3,631.098205,132.185410
dyf2,3,239.690777,51.560369
dxf2,3,231.964690,49.298593
csxy,3,236.205947,51.381615
dzf2,3,985.056126,210.975288
dyf3,3,239.986867,51.634518
csyz,3,285.410485,62.026434
dxf3,3,231.687568,49.255980
dzf3,3,984.929230,211.031321
csxz,3,285.361116,62.072256
dxf,4,231.612398,49.272554
dzb,4,986.763945,211.386829
dyb,4,240.407712,51.646306
cvx,4,288.079683,62.655467
dyf,4,239.641319,51.560295
dzb2,4,987.798704,211.566077
dxb,4,232.083373,49.283374
cvy,4,287.863567,62.585921
dzf,4,984.965965,211.160689
dxb2,4,231.697501,49.277359
dyb2,4,239.790927,51.546964
cvz,4,338.286805,73.441690
dzb3,4,986.611898,211.274369
dxb3,4,232.168271,49.366266
dyb3,4,240.629215,51.718873
csxxsyyszz,4,631.045435,132.171865
dyf2,4,239.703118,51.545742
dxf2,4,231.877190,49.298781
csxy,4,236.214400,51.407398
dzf2,4,984.590508,210.939648
dyf3,4,239.828071,51.610676
csyz,4,285.470386,62.030003
dxf3,4,231.453423,49.223089
dzf3,4,984.737582,211.034452
csxz,4,285.398923,62.176892
#========================= OptEWE [OpenMP] =========================
#Source type                                  :  Force monopole
#Grid Size                                    :  1024 x 1024 x 1024
#Iterations                                   :  5
#Compute time                                 :  58.091606
#Total effective MLUPS                        :  92.417984
#===================================================================
#Number of threads                            :  24
