dxf,0,364.932879,62.788146
dzb,0,1567.953336,263.354070
dyb,0,371.901217,65.000080
cvx,0,393.399408,71.272766
dyf,0,371.906913,65.102902
dzb2,0,1568.432905,264.844874
dxb,0,363.925759,62.749274
cvy,0,2366.848434,344.877445
dzf,0,1564.139386,263.266201
dxb2,0,365.130417,62.983006
dyb2,0,371.736698,65.072109
cvz,0,512.240222,90.496850
dzb3,0,1581.103558,266.670637
dxb3,0,365.982500,63.087728
dyb3,0,414.053927,71.149467
csxxsyyszz,0,877.193507,153.647325
dyf2,0,371.261548,64.990303
dxf2,0,402.722646,68.568762
csxy,0,322.301394,58.768151
dzf2,0,3603.006934,534.942324
dyf3,0,371.783893,65.049097
csyz,0,502.875811,86.359065
dxf3,0,364.816895,62.953714
dzf3,0,1565.261714,263.620482
csxz,0,503.059519,86.378928
dxf,1,363.894486,62.820649
dzb,1,1566.393079,264.798593
dyb,1,371.634393,65.028794
cvx,1,393.333021,71.347621
dyf,1,371.882550,65.133283
dzb2,1,1567.756610,264.894280
dxb,1,363.758045,62.830979
cvy,1,631.822090,104.517395
dzf,1,1563.853469,264.927888
dxb2,1,363.319784,62.722929
dyb2,1,373.250206,65.315301
cvz,1,511.862365,90.459697
dzb3,1,1581.658593,266.935854
dxb3,1,365.559719,63.016592
dyb3,1,414.568971,71.226386
csxxsyyszz,1,889.427639,155.313677
dyf2,1,371.719003,65.059918
dxf2,1,402.927426,68.610859
csxy,1,322.236757,58.754003
dzf2,1,3616.472436,534.764732
dyf3,1,371.770343,64.997514
csyz,1,502.752926,86.335468
dxf3,1,364.025030,62.812965
dzf3,1,1565.158846,264.877283
csxz,1,504.797234,87.287770
dxf,2,364.083511,62.940811
dzb,2,1566.408812,264.666765
dyb,2,371.848858,65.074545
cvx,2,393.527313,71.344258
dyf,2,371.551483,65.070193
dzb2,2,1569.361251,266.417546
dxb,2,363.530553,62.841234
cvy,2,631.828485,104.858822
dzf,2,1564.666342,263.799766
dxb2,2,364.348080,62.942000
dyb2,2,371.507080,65.103875
cvz,2,513.362711,90.708323
dzb3,2,1581.873300,265.767823
dxb3,2,365.871249,63.124503
dyb3,2,414.321299,71.232636
csxxsyyszz,2,877.180502,153.682968
dyf2,2,371.505148,65.111380
dxf2,2,403.010429,68.681185
csxy,2,322.215661,58.795903
dzf2,2,3612.004637,536.100830
dyf3,2,371.802331,65.194615
csyz,2,502.533588,86.509186
dxf3,2,363.685175,62.838196
dzf3,2,1565.538424,263.993031
csxz,2,503.486689,86.494774
dxf,3,365.449163,63.084042
dzb,3,1566.705533,264.016978
dyb,3,371.637442,65.004668
cvx,3,393.855646,71.367015
dyf,3,371.614126,65.024251
dzb2,3,1568.142868,265.040983
dxb,3,363.535138,62.727986
cvy,3,632.381279,104.723060
dzf,3,1564.011158,264.867805
dxb2,3,364.457294,62.842618
dyb2,3,371.710897,65.049530
cvz,3,513.158252,90.576415
dzb3,3,1581.192828,266.791822
dxb3,3,366.779294,63.199036
dyb3,3,415.155706,71.296395
csxxsyyszz,3,877.466203,153.617849
dyf2,3,371.536025,64.981201
dxf2,3,403.169789,68.602200
csxy,3,322.189696,58.738710
dzf2,3,3615.726519,534.743271
dyf3,3,371.541728,64.994276
csyz,3,502.888702,86.389592
dxf3,3,363.480646,62.778085
dzf3,3,1565.409275,265.192262
csxz,3,503.222259,86.427673
dxf,4,363.839057,62.862042
dzb,4,1567.869385,265.099826
dyb,4,371.730500,65.010356
cvx,4,393.542676,71.376435
dyf,4,371.582884,65.039829
dzb2,4,1568.349256,263.825807
dxb,4,364.225304,62.820529
cvy,4,631.818304,104.825317
dzf,4,1564.082268,263.723016
dxb2,4,364.163591,62.854286
dyb2,4,371.515145,65.027599
cvz,4,512.194503,90.459376
dzb3,4,1581.344619,265.778896
dxb3,4,366.532471,63.229215
dyb3,4,415.815089,71.612181
csxxsyyszz,4,877.658739,153.788472
dyf2,4,371.364576,65.006596
dxf2,4,402.631639,68.522870
csxy,4,322.323902,58.781582
dzf2,4,3613.037975,535.349770
dyf3,4,371.717104,65.036415
csyz,4,502.930691,86.351152
dxf3,4,363.981189,62.828512
dzf3,4,1565.494770,264.050108
csxz,4,503.315069,86.465291
#========================= OptEWE [OpenMP] =========================
#Source type                                  :  Force monopole
#Grid Size                                    :  1024 x 1024 x 1024
#Iterations                                   :  5
#Compute time                                 :  100.255051
#Total effective MLUPS                        :  53.550510
#===================================================================
#Number of threads                            :  16
