dxf,0,384.923546,78.949961
dzb,0,1453.012184,313.071939
dyb,0,391.421785,81.841761
cvx,0,432.532279,94.898850
dyf,0,392.510963,85.027187
dzb2,0,1452.100775,323.003031
dxb,0,385.336407,79.612043
cvy,0,1431.755679,272.558866
dzf,0,1452.544694,314.310709
dxb2,0,386.349710,79.954349
dyb2,0,392.004631,82.367359
cvz,0,509.213876,111.967135
dzb3,0,1453.292015,315.473106
dxb3,0,384.727967,79.574524
dyb3,0,410.710861,87.270573
csxxsyyszz,0,789.965290,176.399320
dyf2,0,391.882406,82.521034
dxf2,0,398.282338,83.716580
csxy,0,318.489235,73.170287
dzf2,0,3567.836227,697.251299
dyf3,0,391.977406,82.315502
csyz,0,475.437090,104.242569
dxf3,0,385.434998,79.916260
dzf3,0,1453.008465,314.729615
csxz,0,477.213061,104.771427
dxf,1,384.813028,79.920978
dzb,1,1452.986886,314.780132
dyb,1,391.792777,82.394243
cvx,1,432.666760,95.367627
dyf,1,391.778673,82.518630
dzb2,1,1452.934235,315.100982
dxb,1,385.444381,79.659375
cvy,1,458.854469,102.070428
dzf,1,1452.338150,315.112422
dxb2,1,385.486830,79.710108
dyb2,1,391.755395,82.224396
cvz,1,511.385934,113.677701
dzb3,1,1452.226794,322.810707
dxb3,1,385.202414,79.686010
dyb3,1,410.619229,87.230796
csxxsyyszz,1,788.991636,176.166348
dyf2,1,392.170766,82.269387
dxf2,1,398.563232,83.690181
csxy,1,318.416830,73.205769
dzf2,1,3569.178421,696.705909
dyf3,1,392.221196,82.156775
csyz,1,475.816827,104.283060
dxf3,1,384.195432,79.442232
dzf3,1,1453.403936,314.088449
csxz,1,477.722183,104.726748
dxf,2,384.884535,79.621366
dzb,2,1452.837954,315.784788
dyb,2,391.738670,82.537990
cvx,2,432.530534,95.483604
dyf,2,391.583001,82.991556
dzb2,2,1452.821615,315.961715
dxb,2,384.918250,80.002663
cvy,2,459.093523,102.099758
dzf,2,1452.429926,314.471923
dxb2,2,385.959011,79.743169
dyb2,2,392.010518,82.209653
cvz,2,509.692654,112.080639
dzb3,2,1453.924929,315.353186
dxb3,2,384.670578,79.491650
dyb3,2,410.433523,87.225963
csxxsyyszz,2,790.079148,176.303863
dyf2,2,392.271608,82.352767
dxf2,2,398.284493,83.678574
csxy,2,318.324597,73.171010
dzf2,2,3559.967504,698.860792
dyf3,2,391.713290,82.047735
csyz,2,476.363049,104.370593
dxf3,2,384.745818,79.555167
dzf3,2,1452.838153,314.180614
csxz,2,478.663496,104.939739
dxf,3,384.789694,79.573086
dzb,3,1453.064689,314.231722
dyb,3,391.896379,82.220332
cvx,3,432.440495,95.041625
dyf,3,392.197906,82.347498
dzb2,3,1453.182140,314.722165
dxb,3,384.865760,79.482879
cvy,3,459.134513,102.165892
dzf,3,1452.245595,314.415283
dxb2,3,386.110476,79.728328
dyb2,3,392.337408,82.245843
cvz,3,509.866967,112.077936
dzb3,3,1453.364214,315.018433
dxb3,3,384.946165,79.533391
dyb3,3,410.526668,87.245883
csxxsyyszz,3,789.309169,176.186450
dyf2,3,392.187664,82.265466
dxf2,3,398.135856,83.656553
csxy,3,318.286743,73.188294
dzf2,3,3569.802835,696.776937
dyf3,3,392.065102,82.124079
csyz,3,476.199416,104.343832
dxf3,3,384.507373,79.514703
dzf3,3,1452.526671,314.106887
csxz,3,478.484716,104.900295
dxf,4,384.573679,79.611731
dzb,4,1453.812771,323.749483
dyb,4,391.652967,83.082871
cvx,4,432.609893,95.074743
dyf,4,391.971142,82.354830
dzb2,4,1453.290834,314.670918
dxb,4,385.069381,79.491577
cvy,4,458.557399,102.052570
dzf,4,1452.615803,314.341331
dxb2,4,386.256707,79.797473
dyb2,4,391.999085,82.141137
cvz,4,509.485142,111.976182
dzb3,4,1453.437298,315.030653
dxb3,4,384.918416,79.499612
dyb3,4,410.649763,87.252358
csxxsyyszz,4,791.525004,176.651183
dyf2,4,391.952339,82.322331
dxf2,4,398.386223,83.700694
csxy,4,318.187818,73.191027
dzf2,4,3569.453483,696.728614
dyf3,4,391.977443,82.055937
csyz,4,476.125743,104.332669
dxf3,4,384.864426,79.600131
dzf3,4,1452.603876,314.120835
csxz,4,477.725905,104.815670
#========================= OptEWE [OpenMP] =========================
#Source type                                  :  Force monopole
#Grid Size                                    :  1024 x 1024 x 1024
#Iterations                                   :  5
#Compute time                                 :  95.922325
#Total effective MLUPS                        :  55.969339
#===================================================================
#Number of threads                            :  12
