dxf,0,262.670775,53.711197
dzb,0,1157.922968,237.755223
dyb,0,524.282061,97.910669
cvx,0,504.041956,97.629612
dyf,0,305.539377,63.116770
dzb2,0,1157.963930,238.066737
dxb,0,528.197554,96.465813
cvy,0,2316.602547,383.107887
dzf,0,968.798950,208.797142
dxb2,0,528.039658,96.429504
dyb2,0,524.018844,97.876332
cvz,0,625.634497,119.883715
dzb3,0,969.775326,208.908301
dxb3,0,528.467926,96.535383
dyb3,0,628.809104,114.451488
csxxsyyszz,0,774.760414,156.198709
dyf2,0,305.608277,63.131501
dxf2,0,636.358139,113.804496
csxy,0,379.495805,74.734152
dzf2,0,2186.883939,384.662181
dyf3,0,525.199443,97.898120
csyz,0,504.482222,97.437349
dxf3,0,262.360369,53.858533
dzf3,0,1154.903544,237.735040
csxz,0,503.677188,97.381494
dxf,1,262.622513,53.956615
dzb,1,1156.420325,238.196242
dyb,1,525.588614,98.307383
cvx,1,504.560985,97.891933
dyf,1,306.463365,63.327593
dzb2,1,1155.793134,237.942662
dxb,1,529.762446,96.965605
cvy,1,689.421124,125.504573
dzf,1,968.606451,208.992189
dxb2,1,528.918311,96.603559
dyb2,1,525.234675,98.186117
cvz,1,626.464505,120.092270
dzb3,1,968.141806,208.650648
dxb3,1,529.163195,96.679658
dyb3,1,629.662648,114.627039
csxxsyyszz,1,776.499644,156.561362
dyf2,1,306.554555,63.281991
dxf2,1,637.198218,113.919122
csxy,1,379.670166,74.772599
dzf2,1,2187.352248,386.535684
dyf3,1,525.337268,98.003808
csyz,1,504.441733,97.466789
dxf3,1,262.469276,53.874179
dzf3,1,1155.379969,237.841501
csxz,1,502.868837,97.320333
dxf,2,262.575922,53.971286
dzb,2,1156.126948,238.081401
dyb,2,525.794667,98.377975
cvx,2,505.416163,98.020079
dyf,2,306.282889,63.277123
dzb2,2,1156.190049,238.004536
dxb,2,528.886159,96.651573
cvy,2,689.172035,127.403571
dzf,2,966.379536,208.683566
dxb2,2,528.794851,96.615057
dyb2,2,525.683693,98.214569
cvz,2,626.240998,120.107511
dzb3,2,968.321982,208.740765
dxb3,2,528.652126,96.567161
dyb3,2,629.034235,114.516502
csxxsyyszz,2,775.541195,156.435239
dyf2,2,306.336744,63.259531
dxf2,2,637.553711,113.944140
csxy,2,379.813724,74.810342
dzf2,2,2187.283482,386.199037
dyf3,2,525.881721,98.072448
csyz,2,504.698507,97.537223
dxf3,2,262.498351,53.883751
dzf3,2,1154.248574,237.645272
csxz,2,503.016197,97.336620
dxf,3,262.572435,53.958634
dzb,3,1156.336965,238.027040
dyb,3,525.693827,98.318833
cvx,3,505.015865,98.010553
dyf,3,306.673842,63.420373
dzb2,3,1155.732807,237.893657
dxb,3,529.195129,96.719377
cvy,3,690.212566,123.989154
dzf,3,966.553012,208.644641
dxb2,3,528.908864,96.608445
dyb2,3,525.758404,98.217678
cvz,3,626.438308,120.105079
dzb3,3,967.942773,208.661711
dxb3,3,528.481414,96.570503
dyb3,3,629.942893,114.670568
csxxsyyszz,3,777.540387,156.792911
dyf2,3,306.275121,63.251653
dxf2,3,637.409386,113.502758
csxy,3,380.358682,74.788646
dzf2,3,2186.142433,384.820133
dyf3,3,526.003355,98.076586
csyz,3,504.172920,97.415098
dxf3,3,262.513516,53.890966
dzf3,3,1157.615207,238.160970
csxz,3,503.027754,97.322794
dxf,4,262.450812,53.894869
dzb,4,1156.248632,238.067019
dyb,4,525.684477,98.362471
cvx,4,504.796429,97.898082
dyf,4,306.564708,63.350650
dzb2,4,1156.065575,237.933863
dxb,4,529.073170,96.728099
cvy,4,689.328443,125.908057
dzf,4,968.110303,208.910713
dxb2,4,529.164547,96.676791
dyb2,4,525.860960,98.220497
cvz,4,626.548724,120.157800
dzb3,4,968.056016,208.688920
dxb3,4,529.251057,96.690353
dyb3,4,629.151401,114.535090
csxxsyyszz,4,779.289944,157.032782
dyf2,4,306.865151,63.330539
dxf2,4,637.275188,113.907452
csxy,4,379.873243,74.800255
dzf2,4,2188.473136,386.747038
dyf3,4,524.995191,97.960382
csyz,4,504.531675,97.502364
dxf3,4,262.413265,53.877840
dzf3,4,1154.044923,237.608959
csxz,4,502.868395,97.344428
#========================= OptEWE [OpenMP] =========================
#Source type                                  :  Force monopole
#Grid Size                                    :  1024 x 1024 x 1024
#Iterations                                   :  5
#Compute time                                 :  87.343567
#Total effective MLUPS                        :  61.466566
#===================================================================
#Number of threads                            :  22
