dxf,0,351.462317,65.783190
dzb,0,1418.758293,271.830710
dyb,0,528.557556,95.547621
cvx,0,411.361504,80.310363
dyf,0,419.480411,78.780985
dzb2,0,1417.699801,271.999787
dxb,0,472.661834,84.811137
cvy,0,1960.203874,316.419808
dzf,0,1417.154263,271.916592
dxb2,0,351.086081,65.958431
dyb2,0,526.791323,95.288616
cvz,0,550.334018,104.441704
dzb3,0,1418.510449,272.118871
dxb3,0,350.962429,65.953391
dyb3,0,623.218830,110.047355
csxxsyyszz,0,891.825580,169.689411
dyf2,0,419.826124,78.896271
dxf2,0,378.667272,70.636890
csxy,0,304.303907,61.197901
dzf2,0,3415.298768,565.047274
dyf3,0,418.844554,78.809216
csyz,0,466.367165,88.664816
dxf3,0,350.640285,65.847778
dzf3,0,1417.581671,271.234990
csxz,0,465.343738,88.545719
dxf,1,350.995339,65.974284
dzb,1,1418.419050,272.176879
dyb,1,528.675912,96.001807
cvx,1,412.274758,80.590128
dyf,1,417.932174,78.686203
dzb2,1,1418.188907,271.940338
dxb,1,472.367432,84.799295
cvy,1,670.404956,120.589712
dzf,1,1416.553348,272.033929
dxb2,1,350.983762,66.041282
dyb2,1,526.449883,95.543547
cvz,1,551.139119,104.988760
dzb3,1,1417.925777,271.781841
dxb3,1,351.092308,66.140120
dyb3,1,624.180265,110.208196
csxxsyyszz,1,882.375569,168.062846
dyf2,1,418.402077,78.849986
dxf2,1,379.297797,70.830751
csxy,1,304.095891,61.119546
dzf2,1,3412.945581,564.184308
dyf3,1,419.117802,78.709400
csyz,1,466.324220,88.720921
dxf3,1,350.771408,65.950628
dzf3,1,1417.686685,271.939449
csxz,1,465.840186,88.749037
dxf,2,350.902966,66.054491
dzb,2,1418.587692,272.639935
dyb,2,530.360432,96.023025
cvx,2,411.298286,80.436946
dyf,2,419.693013,78.955494
dzb2,2,1417.753598,272.391024
dxb,2,472.941082,84.942686
cvy,2,670.896612,120.337335
dzf,2,1416.517860,271.492174
dxb2,2,351.022255,66.013313
dyb2,2,526.685311,95.456847
cvz,2,551.230865,104.905187
dzb3,2,1418.236167,272.826060
dxb3,2,351.034725,65.991792
dyb3,2,623.426146,110.038702
csxxsyyszz,2,893.718707,169.606462
dyf2,2,418.506515,78.715219
dxf2,2,378.932286,70.670745
csxy,2,305.749826,61.359233
dzf2,2,3411.120013,563.397103
dyf3,2,418.969613,78.630619
csyz,2,465.688141,88.625337
dxf3,2,350.698593,65.904558
dzf3,2,1417.772919,272.148074
csxz,2,465.026761,88.382839
dxf,3,350.908780,65.943060
dzb,3,1417.602538,272.231005
dyb,3,528.423269,95.701564
cvx,3,411.846122,80.521898
dyf,3,418.060528,78.616031
dzb2,3,1419.425811,272.545356
dxb,3,472.344673,84.847526
cvy,3,671.136561,120.064882
dzf,3,1416.640835,272.258031
dxb2,3,352.182841,66.263598
dyb2,3,526.644398,95.400059
cvz,3,550.389782,104.737702
dzb3,3,1417.770434,272.202425
dxb3,3,351.054972,66.031773
dyb3,3,623.709028,110.120816
csxxsyyszz,3,896.019574,170.223883
dyf2,3,420.871647,79.085097
dxf2,3,378.879960,70.693764
csxy,3,304.241223,61.112341
dzf2,3,3400.858667,563.700932
dyf3,3,419.014251,78.685848
csyz,3,467.200228,88.712879
dxf3,3,350.623430,65.880348
dzf3,3,1417.775761,272.179593
csxz,3,465.204694,88.256525
dxf,4,351.123051,66.024560
dzb,4,1417.794505,272.042436
dyb,4,529.086819,95.785885
cvx,4,412.579056,80.624074
dyf,4,418.137613,78.674954
dzb2,4,1418.881048,272.518830
dxb,4,472.413936,84.876287
cvy,4,670.833284,119.860785
dzf,4,1416.419541,272.186409
dxb2,4,350.774615,65.983867
dyb2,4,526.588010,95.376007
cvz,4,551.104010,104.832711
dzb3,4,1417.685278,272.336186
dxb3,4,351.070578,65.971804
dyb3,4,622.610916,109.943332
csxxsyyszz,4,892.000062,169.378236
dyf2,4,419.323108,78.839092
dxf2,4,380.129218,70.887629
csxy,4,304.493616,61.154332
dzf2,4,3400.237851,563.319049
dyf3,4,419.842115,79.289201
csyz,4,467.039834,88.641096
dxf3,4,350.563426,65.777200
dzf3,4,1417.572798,271.728918
csxz,4,465.420780,88.056556
#========================= OptEWE [OpenMP] =========================
#Source type                                  :  Force monopole
#Grid Size                                    :  1024 x 1024 x 1024
#Iterations                                   :  5
#Compute time                                 :  98.541214
#Total effective MLUPS                        :  54.481865
#===================================================================
#Number of threads                            :  14
