dxf,0,209.561557,55.698555
dzb,0,842.348164,233.344034
dyb,0,211.542319,58.076807
cvx,0,252.876450,70.626200
dyf,0,210.541598,57.947849
dzb2,0,842.466825,234.232098
dxb,0,207.388535,55.751420
cvy,0,2319.429676,504.057475
dzf,0,841.082388,233.982779
dxb2,0,207.839123,55.923639
dyb2,0,211.302387,58.215666
cvz,0,295.670664,82.590172
dzb3,0,842.066087,234.519016
dxb3,0,207.937123,55.987567
dyb3,0,212.062028,58.371558
csxxsyyszz,0,476.107941,132.895120
dyf2,0,210.823516,58.143658
dxf2,0,208.248450,56.090355
csxy,0,209.173992,58.446037
dzf2,0,840.586913,234.396706
dyf3,0,211.003041,58.209348
csyz,0,251.870091,70.220733
dxf3,0,208.085601,56.111767
dzf3,0,840.772289,234.292376
csxz,0,251.879397,70.290528
dxf,1,208.031791,56.111869
dzb,1,842.242871,234.859518
dyb,1,211.418666,58.313336
cvx,1,253.204259,70.992763
dyf,1,210.499217,58.185035
dzb2,1,848.526954,236.388123
dxb,1,207.407946,55.922862
cvy,1,252.673292,70.915394
dzf,1,840.915789,234.909245
dxb2,1,208.040994,56.087851
dyb2,1,210.770173,58.162873
cvz,1,295.728513,82.831613
dzb3,1,842.686828,235.122599
dxb3,1,208.360188,56.159147
dyb3,1,211.849116,58.469857
csxxsyyszz,1,475.011709,132.852656
dyf2,1,211.112791,58.274562
dxf2,1,208.239298,56.176888
csxy,1,209.047497,58.458992
dzf2,1,840.567453,234.715477
dyf3,1,210.969271,58.287350
csyz,1,251.870824,70.315513
dxf3,1,208.018408,56.139462
dzf3,1,840.659598,234.528172
csxz,1,252.323174,70.479250
dxf,2,207.885371,56.150559
dzb,2,842.325889,235.106473
dyb,2,211.556432,58.414404
cvx,2,252.851899,70.988791
dyf,2,210.418262,58.191566
dzb2,2,842.619803,235.333771
dxb,2,207.448496,56.001911
cvy,2,252.600202,70.995572
dzf,2,840.955688,235.191679
dxb2,2,207.887129,56.121069
dyb2,2,210.637863,58.205599
cvz,2,295.596426,82.859558
dzb3,2,842.579192,235.339276
dxb3,2,207.902050,56.089162
dyb3,2,211.829638,58.501402
csxxsyyszz,2,473.482775,132.678094
dyf2,2,210.776658,58.295404
dxf2,2,208.326340,56.275763
csxy,2,209.093886,58.525972
dzf2,2,840.535172,234.862816
dyf3,2,211.189821,58.343170
csyz,2,251.868523,70.335030
dxf3,2,207.923586,56.193337
dzf3,2,840.872565,234.753239
csxz,2,251.903435,70.451938
dxf,3,207.954376,56.243822
dzb,3,842.275799,235.266885
dyb,3,211.544628,58.442554
cvx,3,252.831587,71.041195
dyf,3,210.559871,58.266111
dzb2,3,842.671763,235.477704
dxb,3,207.498555,56.047443
cvy,3,253.578591,71.198776
dzf,3,840.942154,235.302125
dxb2,3,207.780050,56.111548
dyb2,3,210.707243,58.250115
cvz,3,295.606038,82.857524
dzb3,3,842.052712,235.297108
dxb3,3,208.922869,56.388281
dyb3,3,211.956823,58.484036
csxxsyyszz,3,474.797400,133.013715
dyf2,3,210.713622,58.253991
dxf2,3,208.314802,56.225280
csxy,3,209.040614,58.528894
dzf2,3,840.699953,235.041529
dyf3,3,211.174768,58.347810
csyz,3,251.936223,70.382938
dxf3,3,207.938593,56.209581
dzf3,3,840.799237,234.788063
csxz,3,251.835590,70.452622
dxf,4,208.126932,56.266248
dzb,4,842.208180,235.358263
dyb,4,211.598810,58.442994
cvx,4,252.870573,71.075545
dyf,4,210.702157,58.350085
dzb2,4,842.262793,235.462466
dxb,4,207.507600,56.069247
cvy,4,252.639484,71.024890
dzf,4,841.001991,235.357344
dxb2,4,207.789081,56.169414
dyb2,4,210.709005,58.305764
cvz,4,295.569961,82.922673
dzb3,4,842.109644,235.455571
dxb3,4,208.185400,56.221209
dyb3,4,212.405726,58.712688
csxxsyyszz,4,474.130740,132.931290
dyf2,4,210.906938,58.340141
dxf2,4,208.240041,56.249352
csxy,4,208.999631,58.630491
dzf2,4,840.559668,235.135954
dyf3,4,211.106257,58.357746
csyz,4,251.930781,70.429090
dxf3,4,208.084120,56.234856
dzf3,4,840.872732,234.975612
csxz,4,251.796137,70.600110
#========================= OptEWE [OpenMP] =========================
#Source type                                  :  Force monopole
#Grid Size                                    :  1024 x 1024 x 1024
#Iterations                                   :  5
#Compute time                                 :  49.840832
#Total effective MLUPS                        :  107.717085
#===================================================================
#Number of threads                            :  24
