dxf,0,376.164258,72.357134
dzb,0,1500.820858,292.965695
dyb,0,383.355951,75.015041
cvx,0,450.342530,89.842461
dyf,0,382.678748,74.952090
dzb2,0,1500.583938,293.646886
dxb,0,375.909212,72.613044
cvy,0,1719.810863,295.545642
dzf,0,1498.882762,293.511340
dxb2,0,374.868066,72.632431
dyb2,0,383.118525,75.231664
cvz,0,525.755296,104.425524
dzb3,0,1500.925030,294.389025
dxb3,0,375.378419,72.781468
dyb3,0,413.282336,80.427479
csxxsyyszz,0,824.526555,165.387071
dyf2,0,382.445230,75.065705
dxf2,0,399.245759,76.972415
csxy,0,323.392590,66.796489
dzf2,0,3671.264708,636.494258
dyf3,0,382.109102,75.038663
csyz,0,492.335552,96.158164
dxf3,0,376.028453,72.725319
dzf3,0,1499.205692,293.710343
csxz,0,492.618028,96.269801
dxf,1,376.018567,73.004053
dzb,1,1500.669770,293.717509
dyb,1,383.872274,75.290188
cvx,1,450.898089,90.101182
dyf,1,382.917494,75.176101
dzb2,1,1500.982449,294.162948
dxb,1,376.274604,72.793331
cvy,1,423.223285,85.949178
dzf,1,1498.687668,293.548196
dxb2,1,375.899148,72.772254
dyb2,1,383.436657,75.198525
cvz,1,525.708911,104.353465
dzb3,1,1500.664984,293.939499
dxb3,1,375.312621,72.686331
dyb3,1,413.559027,80.475720
csxxsyyszz,1,824.649228,165.372242
dyf2,1,382.799703,75.175156
dxf2,1,399.312379,77.004428
csxy,1,323.283311,66.797666
dzf2,1,3672.307359,636.643667
dyf3,1,382.534344,75.078963
csyz,1,492.750472,96.216634
dxf3,1,376.147014,72.755214
dzf3,1,1498.935529,293.869676
csxz,1,492.867018,96.348765
dxf,2,375.409692,72.668162
dzb,2,1500.782838,293.934107
dyb,2,385.301361,75.533252
cvx,2,450.593539,90.069484
dyf,2,382.610640,75.133917
dzb2,2,1501.384645,294.311465
dxb,2,375.691118,72.704202
cvy,2,424.346154,86.138034
dzf,2,1499.449180,293.810616
dxb2,2,375.621662,72.789772
dyb2,2,383.162159,75.271707
cvz,2,525.834957,104.395074
dzb3,2,1500.847238,294.062006
dxb3,2,375.043276,72.679928
dyb3,2,413.122344,80.399330
csxxsyyszz,2,829.051256,166.190977
dyf2,2,382.470493,75.149847
dxf2,2,399.580760,77.095543
csxy,2,323.362203,66.815833
dzf2,2,3670.678325,636.590896
dyf3,2,382.309358,75.098275
csyz,2,492.354982,96.193478
dxf3,2,375.973726,72.761760
dzf3,2,1498.876975,294.466865
csxz,2,492.378510,96.346461
dxf,3,375.313091,72.705088
dzb,3,1500.622262,294.550812
dyb,3,383.205975,75.237141
cvx,3,450.764994,90.217071
dyf,3,382.814706,75.370382
dzb2,3,1500.887129,294.654513
dxb,3,376.334061,72.990761
cvy,3,423.280223,86.172008
dzf,3,1499.660455,294.156118
dxb2,3,375.357629,72.757150
dyb2,3,385.037878,75.647131
cvz,3,525.559973,104.379873
dzb3,3,1500.642393,294.637564
dxb3,3,374.695261,72.678671
dyb3,3,413.005312,80.463882
csxxsyyszz,3,834.172955,167.446247
dyf2,3,383.544324,75.752742
dxf2,3,399.128804,78.036771
csxy,3,323.294158,67.378853
dzf2,3,3671.375078,638.081823
dyf3,3,382.431858,75.153834
csyz,3,492.302662,96.313059
dxf3,3,375.989647,72.954456
dzf3,3,1499.110196,294.297621
csxz,3,492.380362,96.385198
dxf,4,375.451916,72.790240
dzb,4,1500.697894,294.052728
dyb,4,383.837923,75.337786
cvx,4,450.760834,90.146555
dyf,4,382.438460,75.126373
dzb2,4,1500.875960,294.343677
dxb,4,375.969534,72.835120
cvy,4,423.653198,86.103398
dzf,4,1499.776437,293.973160
dxb2,4,376.040043,72.883746
dyb2,4,383.276634,75.313608
cvz,4,525.698973,104.378177
dzb3,4,1500.707702,294.200149
dxb3,4,374.743163,72.668528
dyb3,4,413.118804,80.439455
csxxsyyszz,4,824.181150,165.417318
dyf2,4,382.784418,75.196701
dxf2,4,399.240982,77.107768
csxy,4,323.298349,66.849517
dzf2,4,3671.837179,636.857549
dyf3,4,382.826333,75.183252
csyz,4,492.456557,96.201984
dxf3,4,376.890380,72.973279
dzf3,4,1499.095651,294.386774
csxz,4,492.736424,96.379769
#========================= OptEWE [OpenMP] =========================
#Source type                                  :  Force monopole
#Grid Size                                    :  1024 x 1024 x 1024
#Iterations                                   :  5
#Compute time                                 :  97.868805
#Total effective MLUPS                        :  54.856183
#===================================================================
#Number of threads                            :  13
