dxf,0,286.339417,60.292218
dzb,0,1174.939071,249.827283
dyb,0,288.810389,62.335239
cvx,0,332.639938,73.502096
dyf,0,289.154638,62.464977
dzb2,0,1174.977578,248.043405
dxb,0,284.538893,60.274240
cvy,0,2073.039342,367.438596
dzf,0,1172.985659,249.399950
dxb2,0,284.999363,60.360821
dyb2,0,289.024521,62.508876
cvz,0,393.113828,86.608945
dzb3,0,1175.369689,251.270091
dxb3,0,284.653551,60.343565
dyb3,0,338.179241,71.083161
csxxsyyszz,0,606.102524,134.949272
dyf2,0,289.550346,62.634415
dxf2,0,339.880373,70.069801
csxy,0,283.398053,62.327931
dzf2,0,2938.395245,520.679126
dyf3,0,289.069468,62.581552
csyz,0,438.264861,91.146763
dxf3,0,285.138279,60.482100
dzf3,0,1173.335438,250.165095
csxz,0,438.263419,91.252169
dxf,1,285.146894,60.484300
dzb,1,1174.933142,248.208117
dyb,1,288.797620,62.608957
cvx,1,333.586459,74.005905
dyf,1,289.370328,62.770861
dzb2,1,1175.383536,250.750895
dxb,1,284.698983,60.401849
cvy,1,446.039822,92.923135
dzf,1,1173.332212,248.196704
dxb2,1,284.592061,60.330033
dyb2,1,289.103165,62.562271
cvz,1,393.415614,86.743783
dzb3,1,1174.938386,249.210070
dxb3,1,284.568361,60.310954
dyb3,1,338.139312,71.077876
csxxsyyszz,1,602.146264,134.297929
dyf2,1,289.348327,62.586240
dxf2,1,340.031962,70.125252
csxy,1,282.848628,62.217858
dzf2,1,2940.112886,518.495565
dyf3,1,290.220803,62.663838
csyz,1,438.079224,91.029873
dxf3,1,285.129868,60.441818
dzf3,1,1173.601141,247.552551
csxz,1,438.355671,91.233768
dxf,2,285.239825,60.503763
dzb,2,1175.105280,250.707008
dyb,2,288.588710,62.438281
cvx,2,332.526734,73.625673
dyf,2,289.500759,62.615854
dzb2,2,1175.707974,248.594055
dxb,2,284.656891,60.414940
cvy,2,446.403773,93.005434
dzf,2,1173.454971,250.541868
dxb2,2,284.699410,60.363366
dyb2,2,289.033665,62.550832
cvz,2,393.745922,86.801037
dzb3,2,1176.790729,249.217023
dxb3,2,284.742307,60.403823
dyb3,2,337.987088,71.077486
csxxsyyszz,2,606.132942,135.045893
dyf2,2,289.184906,62.586668
dxf2,2,339.628916,70.088799
csxy,2,283.083360,62.261328
dzf2,2,2938.526873,517.277918
dyf3,2,288.893777,62.397070
csyz,2,438.661982,91.174644
dxf3,2,285.071311,60.400848
dzf3,2,1173.646299,251.165670
csxz,2,438.531841,91.127413
dxf,3,285.245688,60.518797
dzb,3,1174.862276,248.361858
dyb,3,288.768369,62.513372
cvx,3,332.586367,73.687171
dyf,3,290.633648,62.893817
dzb2,3,1174.757644,251.118051
dxb,3,284.801854,60.515164
cvy,3,445.898251,92.931502
dzf,3,1173.087481,248.346981
dxb2,3,284.666097,60.405448
dyb2,3,288.944384,62.597557
cvz,3,393.626028,86.850467
dzb3,3,1174.784422,249.996316
dxb3,3,284.566152,60.382498
dyb3,3,337.775505,71.077704
csxxsyyszz,3,606.003345,135.090277
dyf2,3,289.490216,62.684454
dxf2,3,339.536982,70.052278
csxy,3,283.328800,62.350850
dzf2,3,2938.622016,519.161415
dyf3,3,288.773163,62.467235
csyz,3,438.913314,91.295837
dxf3,3,284.960825,60.456281
dzf3,3,1173.605233,248.336983
csxz,3,438.162978,91.210343
dxf,4,285.211731,60.559915
dzb,4,1174.733040,251.188959
dyb,4,289.019781,62.523742
cvx,4,332.721558,73.694461
dyf,4,289.223828,62.623418
dzb2,4,1174.873105,249.069595
dxb,4,284.610460,60.385058
cvy,4,446.310863,93.019450
dzf,4,1173.130172,251.187381
dxb2,4,284.834389,60.446138
dyb2,4,290.260955,62.801112
cvz,4,393.450436,86.787195
dzb3,4,1175.452532,248.019230
dxb3,4,284.885865,60.446354
dyb3,4,338.105940,71.123566
csxxsyyszz,4,603.585879,135.523733
dyf2,4,289.450127,62.742168
dxf2,4,339.768730,70.189766
csxy,4,282.784856,62.337630
dzf2,4,2941.276356,517.952956
dyf3,4,289.145233,62.454748
csyz,4,438.545262,91.229248
dxf3,4,284.892645,60.471202
dzf3,4,1173.609754,251.136375
csxz,4,438.259091,91.369873
#========================= OptEWE [OpenMP] =========================
#Source type                                  :  Force monopole
#Grid Size                                    :  1024 x 1024 x 1024
#Iterations                                   :  5
#Compute time                                 :  78.114731
#Total effective MLUPS                        :  68.728511
#===================================================================
#Number of threads                            :  18
