dxf,0,343.930503,67.551314
dzb,0,1478.398541,283.025409
dyb,0,346.394472,69.551131
cvx,0,373.517231,77.751594
dyf,0,346.745170,69.794420
dzb2,0,1478.960394,283.931284
dxb,0,342.265298,67.516057
cvy,0,2312.800898,389.017299
dzf,0,1473.655543,284.774310
dxb2,0,343.029562,67.657857
dyb2,0,346.868975,69.699980
cvz,0,498.621009,100.663227
dzb3,0,1476.465065,283.849403
dxb3,0,342.395171,67.553744
dyb3,0,390.752805,76.970201
csxxsyyszz,0,677.191017,141.642377
dyf2,0,346.612047,69.681096
dxf2,0,394.037576,76.407093
csxy,0,311.552193,64.723473
dzf2,0,3446.896407,576.581381
dyf3,0,346.376185,69.479652
csyz,0,485.409215,95.311642
dxf3,0,341.932368,67.524787
dzf3,0,1474.121912,284.447596
csxz,0,485.525167,95.396845
dxf,1,342.335871,67.650766
dzb,1,1475.676197,285.534220
dyb,1,346.661517,70.296205
cvx,1,373.558729,78.021350
dyf,1,346.613227,69.901453
dzb2,1,1478.393818,284.266780
dxb,1,342.466187,67.628359
cvy,1,628.066233,119.346788
dzf,1,1474.022863,282.804786
dxb2,1,342.875110,67.676094
dyb2,1,346.323430,69.660518
cvz,1,499.179156,100.847762
dzb3,1,1476.612311,284.341400
dxb3,1,342.459628,67.561733
dyb3,1,390.711859,77.041873
csxxsyyszz,1,678.977342,142.030449
dyf2,1,346.477207,69.717958
dxf2,1,393.337856,76.295219
csxy,1,311.356512,64.693266
dzf2,1,3450.380996,577.438662
dyf3,1,346.535236,69.596074
csyz,1,485.017744,95.272621
dxf3,1,341.841903,67.590265
dzf3,1,1474.441294,282.238749
csxz,1,485.570497,95.465201
dxf,2,342.306371,67.696929
dzb,2,1476.341748,284.591834
dyb,2,346.830877,69.643240
cvx,2,373.577929,77.715913
dyf,2,346.847014,69.855161
dzb2,2,1476.946796,283.980488
dxb,2,343.181164,67.685520
cvy,2,627.760807,117.489449
dzf,2,1474.001369,284.681612
dxb2,2,342.869887,67.663352
dyb2,2,346.404476,69.649695
cvz,2,499.566292,101.377803
dzb3,2,1476.578004,283.903084
dxb3,2,342.207895,67.610679
dyb3,2,390.679707,77.065681
csxxsyyszz,2,681.958588,142.601356
dyf2,2,346.713443,69.756651
dxf2,2,393.542424,76.354327
csxy,2,311.420213,64.759359
dzf2,2,3447.903878,579.624842
dyf3,2,346.849817,69.674826
csyz,2,485.491009,95.307266
dxf3,2,341.664309,67.598730
dzf3,2,1474.427381,284.589575
csxz,2,485.683247,95.573260
dxf,3,342.329442,67.680469
dzb,3,1476.545993,282.276026
dyb,3,346.787414,69.664782
cvx,3,373.556935,77.775548
dyf,3,346.629299,69.797991
dzb2,3,1477.254190,283.620811
dxb,3,342.641049,67.687293
cvy,3,627.470892,118.901117
dzf,3,1474.688943,282.530437
dxb2,3,343.199166,67.706603
dyb2,3,346.504115,69.695617
cvz,3,498.731347,100.741984
dzb3,3,1476.045815,285.594385
dxb3,3,342.381068,67.580821
dyb3,3,390.213574,76.975349
csxxsyyszz,3,681.859348,142.581104
dyf2,3,346.387142,69.716507
dxf2,3,393.209101,76.309192
csxy,3,311.324627,64.712378
dzf2,3,3450.219328,577.323526
dyf3,3,346.884789,69.774304
csyz,3,485.634702,95.376484
dxf3,3,341.888385,67.585003
dzf3,3,1475.671617,283.739449
csxz,3,485.486369,95.471091
dxf,4,342.151626,67.665331
dzb,4,1476.290733,284.214301
dyb,4,346.892817,69.843577
cvx,4,373.588080,77.813912
dyf,4,346.855427,69.870311
dzb2,4,1476.984166,285.593194
dxb,4,342.457095,67.691397
cvy,4,628.287586,117.275360
dzf,4,1473.616442,284.309558
dxb2,4,342.831255,67.771708
dyb2,4,348.402460,70.080780
cvz,4,498.538717,100.815743
dzb3,4,1477.151677,283.624725
dxb3,4,342.750699,67.771601
dyb3,4,390.268796,77.109695
csxxsyyszz,4,685.664842,143.285484
dyf2,4,346.719689,69.866257
dxf2,4,393.401409,76.439884
csxy,4,311.355682,64.764964
dzf2,4,3448.481925,578.995103
dyf3,4,346.374636,69.696074
csyz,4,485.306754,95.437140
dxf3,4,341.926939,67.661782
dzf3,4,1475.322881,283.978297
csxz,4,486.309141,95.738091
#========================= OptEWE [OpenMP] =========================
#Source type                                  :  Force monopole
#Grid Size                                    :  1024 x 1024 x 1024
#Iterations                                   :  5
#Compute time                                 :  94.298248
#Total effective MLUPS                        :  56.933286
#===================================================================
#Number of threads                            :  17
