dxf,0,329.392734,59.140299
dzb,0,1336.769000,245.055078
dyb,0,405.641441,72.524851
cvx,0,396.658907,73.424626
dyf,0,404.284510,72.313776
dzb2,0,1339.394714,245.392262
dxb,0,330.510892,59.399376
cvy,0,2011.861825,302.723107
dzf,0,1337.353696,245.332361
dxb2,0,330.376201,59.476173
dyb2,0,404.395720,72.307024
cvz,0,462.777397,85.657451
dzb3,0,1336.684537,244.938819
dxb3,0,328.422769,59.169839
dyb3,0,413.345787,73.661205
csxxsyyszz,0,880.923848,158.063653
dyf2,0,404.582913,72.522357
dxf2,0,343.508301,61.645301
csxy,0,325.736922,60.461304
dzf2,0,2625.474523,421.181396
dyf3,0,404.104754,72.414624
csyz,0,391.922739,72.671748
dxf3,0,328.603228,59.183431
dzf3,0,1335.179829,245.174137
csxz,0,391.459016,72.529111
dxf,1,328.711959,59.221193
dzb,1,1336.238065,245.077465
dyb,1,405.538527,72.494494
cvx,1,396.657546,73.496505
dyf,1,404.149903,72.363237
dzb2,1,1336.690932,245.444746
dxb,1,329.035991,59.276801
cvy,1,389.019305,72.404475
dzf,1,1339.401897,245.691847
dxb2,1,330.382310,59.518322
dyb2,1,404.545137,72.437990
cvz,1,463.249733,85.805928
dzb3,1,1337.060238,245.459764
dxb3,1,328.279751,59.200651
dyb3,1,413.726703,73.793265
csxxsyyszz,1,886.167946,158.910716
dyf2,1,404.577019,72.452293
dxf2,1,343.472048,61.718192
csxy,1,325.612216,60.455707
dzf2,1,2633.805172,420.795970
dyf3,1,404.835173,72.493414
csyz,1,391.883156,72.694947
dxf3,1,328.642645,59.237213
dzf3,1,1340.014119,245.936644
csxz,1,391.509113,72.630293
dxf,2,328.826763,59.281610
dzb,2,1336.881422,244.991632
dyb,2,405.770200,72.621648
cvx,2,396.626995,73.519495
dyf,2,403.958058,72.392773
dzb2,2,1337.013604,245.480784
dxb,2,329.533151,59.618370
cvy,2,388.525717,72.543478
dzf,2,1335.920994,244.976504
dxb2,2,330.546921,59.568013
dyb2,2,404.489664,72.437646
cvz,2,462.983202,85.797570
dzb3,2,1339.008933,245.810231
dxb3,2,329.192313,59.420578
dyb3,2,413.868009,73.855617
csxxsyyszz,2,885.725894,158.899421
dyf2,2,404.203283,72.416725
dxf2,2,343.408243,61.701501
csxy,2,325.660382,60.450707
dzf2,2,2635.733659,421.080056
dyf3,2,404.141824,72.406585
csyz,2,391.793904,72.661941
dxf3,2,328.621419,59.223180
dzf3,2,1338.830191,246.271563
csxz,2,391.485543,72.635633
dxf,3,328.685723,59.295774
dzb,3,1339.475708,245.645580
dyb,3,407.886907,72.983706
cvx,3,396.876037,73.643687
dyf,3,404.224722,72.459893
dzb2,3,1337.063792,245.631918
dxb,3,328.689709,59.306952
cvy,3,388.713221,72.401822
dzf,3,1335.497424,245.114339
dxb2,3,330.764184,59.627964
dyb2,3,404.545126,72.469624
cvz,3,462.879787,85.791624
dzb3,3,1336.433275,245.399308
dxb3,3,328.114531,59.231134
dyb3,3,413.462823,73.750931
csxxsyyszz,3,885.531857,158.813820
dyf2,3,404.493765,72.389313
dxf2,3,343.727442,61.753124
csxy,3,327.736856,60.772149
dzf2,3,2634.674280,421.552996
dyf3,3,404.883914,72.622186
csyz,3,391.925393,72.829684
dxf3,3,328.553938,59.307718
dzf3,3,1335.747214,245.375358
csxz,3,391.561667,72.632072
dxf,4,329.490487,59.393147
dzb,4,1336.648834,245.370833
dyb,4,405.520632,72.612104
cvx,4,400.007664,74.033506
dyf,4,404.364377,72.567344
dzb2,4,1337.266182,245.619039
dxb,4,330.325342,59.554076
cvy,4,391.202848,72.747552
dzf,4,1335.756315,245.421863
dxb2,4,330.391904,59.530624
dyb2,4,404.613594,72.461584
cvz,4,463.059402,85.913575
dzb3,4,1336.621897,245.592404
dxb3,4,328.258991,59.216553
dyb3,4,413.701401,73.776914
csxxsyyszz,4,885.465693,158.731201
dyf2,4,404.456540,72.379289
dxf2,4,343.666594,61.742690
csxy,4,325.690515,60.458043
dzf2,4,2634.053745,420.904366
dyf3,4,406.327622,72.661560
csyz,4,392.832897,72.779022
dxf3,4,328.569237,59.220247
dzf3,4,1336.186160,245.344195
csxz,4,391.386680,72.658677
#========================= OptEWE [OpenMP] =========================
#Source type                                  :  Force monopole
#Grid Size                                    :  1024 x 1024 x 1024
#Iterations                                   :  5
#Compute time                                 :  86.573898
#Total effective MLUPS                        :  62.013023
#===================================================================
#Number of threads                            :  15
