dxf,0,221.912789,52.141668
dzb,0,860.743028,210.396745
dyb,0,280.963083,65.244458
cvx,0,255.556703,63.217716
dyf,0,279.572501,64.950983
dzb2,0,864.168715,211.344129
dxb,0,222.985678,52.577209
cvy,0,1951.898004,364.269208
dzf,0,861.086217,210.728022
dxb2,0,221.802104,52.394778
dyb2,0,280.326284,65.174741
cvz,0,296.363134,73.859434
dzb3,0,863.164228,211.475729
dxb3,0,221.466043,52.321848
dyb3,0,280.935788,65.293037
csxxsyyszz,0,615.445524,142.486608
dyf2,0,279.829073,65.150381
dxf2,0,220.812590,52.270417
csxy,0,211.970787,52.968065
dzf2,0,859.143563,210.856626
dyf3,0,280.521636,65.334557
csyz,0,253.638959,63.689611
dxf3,0,220.800990,52.324114
dzf3,0,869.661655,212.796017
csxz,0,253.467374,63.676842
dxf,1,220.662750,52.298810
dzb,1,862.328855,211.530061
dyb,1,280.905181,65.436213
cvx,1,255.518844,63.397629
dyf,1,279.455929,65.165690
dzb2,1,864.169560,211.837416
dxb,1,222.863491,52.695151
cvy,1,255.169939,63.298526
dzf,1,860.952657,211.290961
dxb2,1,221.796913,52.501715
dyb2,1,280.895111,65.386055
cvz,1,296.454155,74.025123
dzb3,1,860.608167,211.383132
dxb3,1,221.401883,52.462441
dyb3,1,280.521691,65.372246
csxxsyyszz,1,615.725708,142.743203
dyf2,1,279.664058,65.154757
dxf2,1,220.932242,52.368404
csxy,1,211.720184,52.975147
dzf2,1,859.483028,211.118000
dyf3,1,279.796820,65.296959
csyz,1,253.459331,63.709113
dxf3,1,221.838887,52.572955
dzf3,1,869.858169,213.057447
csxz,1,253.462411,63.734737
dxf,2,222.280998,52.623537
dzb,2,860.833684,211.413682
dyb,2,280.713446,65.446671
cvx,2,255.573333,63.432156
dyf,2,279.559150,65.214507
dzb2,2,864.637709,212.054389
dxb,2,223.030444,52.787588
cvy,2,256.610152,63.619051
dzf,2,859.100182,211.068611
dxb2,2,221.646237,52.538357
dyb2,2,280.904770,65.398389
cvz,2,296.739448,74.078188
dzb3,2,860.931090,211.398777
dxb3,2,221.563435,52.502833
dyb3,2,280.390129,65.305420
csxxsyyszz,2,615.615983,142.796464
dyf2,2,280.309752,65.267316
dxf2,2,220.964686,52.386421
csxy,2,211.772165,53.009405
dzf2,2,859.364036,211.143542
dyf3,2,280.334082,65.436882
csyz,2,253.610301,63.735872
dxf3,2,220.908406,52.383153
dzf3,2,869.455302,212.990465
csxz,2,254.407954,63.868693
dxf,3,220.896832,52.349936
dzb,3,860.432638,211.383189
dyb,3,280.664094,65.425337
cvx,3,255.904302,63.510194
dyf,3,281.668699,65.612507
dzb2,3,864.338528,212.050880
dxb,3,223.019576,52.755775
cvy,3,255.012350,63.296023
dzf,3,859.392356,211.155741
dxb2,3,221.749526,52.562219
dyb2,3,280.414770,65.389093
cvz,3,296.554692,74.072494
dzb3,3,860.672781,211.492733
dxb3,3,221.476448,52.487806
dyb3,3,280.480774,65.396776
csxxsyyszz,3,617.992364,143.228962
dyf2,3,279.849199,65.234490
dxf2,3,220.681462,52.331824
csxy,3,211.928126,53.056902
dzf2,3,858.998748,211.179093
dyf3,3,280.530262,65.478074
csyz,3,253.431202,63.693098
dxf3,3,220.807801,52.381801
dzf3,3,869.611487,213.032844
csxz,3,253.312194,63.712113
dxf,4,220.875497,52.412411
dzb,4,860.447608,211.438524
dyb,4,280.830085,65.543948
cvx,4,257.435251,63.824186
dyf,4,279.459218,65.209097
dzb2,4,864.098650,212.027951
dxb,4,222.970896,52.812373
cvy,4,255.219369,63.400040
dzf,4,858.924059,211.189820
dxb2,4,221.642445,52.539197
dyb2,4,280.256367,65.337124
cvz,4,296.371562,74.061685
dzb3,4,860.494187,211.559279
dxb3,4,221.466347,52.507758
dyb3,4,280.453248,65.389488
csxxsyyszz,4,617.700805,143.199683
dyf2,4,279.693848,65.209226
dxf2,4,221.023229,52.464149
csxy,4,211.823275,53.057876
dzf2,4,859.140665,211.282117
dyf3,4,280.254528,65.497693
csyz,4,253.496419,63.783798
dxf3,4,221.112235,52.503000
dzf3,4,869.424527,213.190799
csxz,4,253.485719,63.881292
#========================= OptEWE [OpenMP] =========================
#Source type                                  :  Force monopole
#Grid Size                                    :  1024 x 1024 x 1024
#Iterations                                   :  5
#Compute time                                 :  53.347511
#Total effective MLUPS                        :  100.636543
#===================================================================
#Number of threads                            :  21
