dxf,0,283.837178,52.753006
dzb,0,1185.920912,220.841922
dyb,0,302.376671,56.538717
cvx,0,345.610973,65.661726
dyf,0,301.772228,56.512824
dzb2,0,1186.909049,222.006561
dxb,0,281.580662,52.486933
cvy,0,2515.110110,374.765886
dzf,0,1183.333433,221.825707
dxb2,0,283.855050,52.865387
dyb2,0,300.897764,56.375362
cvz,0,406.084283,77.130383
dzb3,0,1185.309856,220.639383
dxb3,0,282.966956,52.721152
dyb3,0,340.597800,62.311843
csxxsyyszz,0,817.976054,148.421452
dyf2,0,301.061328,56.370503
dxf2,0,341.825091,61.340411
csxy,0,281.975914,54.099643
dzf2,0,2913.025423,451.809857
dyf3,0,302.002441,56.426895
csyz,0,436.521816,78.888235
dxf3,0,281.167996,52.447268
dzf3,0,1184.278194,221.262803
csxz,0,436.415256,78.926893
dxf,1,282.445996,52.673691
dzb,1,1186.266601,219.742527
dyb,1,301.257996,56.399249
cvx,1,345.569646,65.755205
dyf,1,300.974576,56.437839
dzb2,1,1186.761925,221.027410
dxb,1,281.840983,52.552263
cvy,1,382.234933,70.957210
dzf,1,1184.251190,219.975776
dxb2,1,283.862386,52.850693
dyb2,1,300.543146,56.338404
cvz,1,407.368277,77.396858
dzb3,1,1186.267158,220.567425
dxb3,1,281.525156,52.477830
dyb3,1,340.151230,62.256376
csxxsyyszz,1,815.937844,148.230660
dyf2,1,300.543621,56.350186
dxf2,1,342.158332,61.449248
csxy,1,282.140553,54.172475
dzf2,1,2913.458964,452.312868
dyf3,1,302.003740,56.468862
csyz,1,436.673213,78.942016
dxf3,1,281.272195,52.479501
dzf3,1,1183.612120,222.254883
csxz,1,436.629682,79.053272
dxf,2,282.413068,52.723610
dzb,2,1186.769949,221.060122
dyb,2,301.753236,56.590681
cvx,2,345.643016,65.747003
dyf,2,300.944006,56.447802
dzb2,2,1186.996311,222.255187
dxb,2,282.004926,52.664915
cvy,2,382.004496,70.990162
dzf,2,1183.363891,221.084325
dxb2,2,284.774605,53.143819
dyb2,2,300.814855,56.522313
cvz,2,406.365016,77.206737
dzb3,2,1186.903208,221.729349
dxb3,2,281.377779,52.524182
dyb3,2,340.167092,62.327537
csxxsyyszz,2,820.164273,148.974305
dyf2,2,301.357776,56.508809
dxf2,2,342.459025,61.483589
csxy,2,282.233658,54.200165
dzf2,2,2914.412989,451.050999
dyf3,2,302.288652,56.614611
csyz,2,436.977998,79.051114
dxf3,2,281.327195,52.535864
dzf3,2,1182.957595,219.921827
csxz,2,436.725562,79.084840
dxf,3,282.445968,52.678907
dzb,3,1185.710626,221.794933
dyb,3,302.161249,56.611872
cvx,3,345.555362,65.753234
dyf,3,301.629288,56.575400
dzb2,3,1187.685111,221.207969
dxb,3,281.706356,52.607541
cvy,3,382.002982,70.995476
dzf,3,1183.347671,222.023479
dxb2,3,284.663108,52.983915
dyb2,3,300.799094,56.420372
cvz,3,407.001095,77.521890
dzb3,3,1185.731866,222.583318
dxb3,3,281.834028,52.562418
dyb3,3,340.480115,62.332002
csxxsyyszz,3,817.801343,148.566866
dyf2,3,301.281647,56.467562
dxf2,3,341.828668,61.408946
csxy,3,282.299709,54.225275
dzf2,3,2913.959008,451.714866
dyf3,3,302.061903,56.490667
csyz,3,437.200568,79.066077
dxf3,3,281.301655,52.518546
dzf3,3,1184.270644,221.173396
csxz,3,436.670002,79.072910
dxf,4,282.355722,52.670526
dzb,4,1185.438234,221.302188
dyb,4,303.472599,56.785319
cvx,4,346.049409,66.188411
dyf,4,301.487320,56.849388
dzb2,4,1186.716495,222.056327
dxb,4,282.292948,52.912780
cvy,4,381.911868,71.323909
dzf,4,1183.297810,220.821340
dxb2,4,282.671784,52.969979
dyb2,4,300.865070,56.484925
cvz,4,406.661367,77.315120
dzb3,4,1185.902190,220.332654
dxb3,4,283.116989,52.808519
dyb3,4,340.471256,62.343197
csxxsyyszz,4,815.743263,148.280305
dyf2,4,300.742077,56.413909
dxf2,4,341.842980,61.405911
csxy,4,283.282490,54.362778
dzf2,4,2912.833406,452.278100
dyf3,4,302.160639,56.557463
csyz,4,436.621251,78.997293
dxf3,4,281.334379,52.519312
dzf3,4,1182.855964,221.923854
csxz,4,436.801808,79.109575
#========================= OptEWE [OpenMP] =========================
#Source type                                  :  Force monopole
#Grid Size                                    :  1024 x 1024 x 1024
#Iterations                                   :  5
#Compute time                                 :  79.880348
#Total effective MLUPS                        :  67.209385
#===================================================================
#Number of threads                            :  19
