dxf,0,367.968488,64.289403
dzb,0,1617.361232,273.802816
dyb,0,370.850285,65.972220
cvx,0,427.093108,77.291655
dyf,0,369.089432,65.830978
dzb2,0,1619.138681,274.425895
dxb,0,364.460179,63.952677
cvy,0,2712.448631,397.592464
dzf,0,1613.450915,275.697544
dxb2,0,365.018843,64.062546
dyb2,0,369.268172,65.878784
cvz,0,506.063761,91.203172
dzb3,0,1616.015817,274.884858
dxb3,0,364.795801,63.991636
dyb3,0,420.927765,73.344666
csxxsyyszz,0,780.910960,142.550324
dyf2,0,369.022752,65.817593
dxf2,0,426.316097,73.101131
csxy,0,325.858219,60.107512
dzf2,0,3631.318494,542.593235
dyf3,0,369.480140,65.778667
csyz,0,516.281109,89.469496
dxf3,0,364.675810,64.036722
dzf3,0,1614.628403,275.252546
csxz,0,516.443480,89.542748
dxf,1,365.250324,64.120091
dzb,1,1616.865094,274.027024
dyb,1,369.307550,65.806050
cvx,1,427.190718,77.371805
dyf,1,368.910371,65.821959
dzb2,1,1619.336515,274.707046
dxb,1,364.557097,64.017246
cvy,1,555.994669,95.750365
dzf,1,1613.204904,275.007103
dxb2,1,365.346438,64.145177
dyb2,1,369.315651,65.886881
cvz,1,506.206318,91.363263
dzb3,1,1615.368009,274.117555
dxb3,1,365.260528,64.087421
dyb3,1,420.850884,73.352961
csxxsyyszz,1,776.873203,141.959719
dyf2,1,369.083858,65.826005
dxf2,1,426.131058,73.091929
csxy,1,325.864553,60.120265
dzf2,1,3624.860448,544.094563
dyf3,1,369.817964,65.877935
csyz,1,516.387951,89.514678
dxf3,1,364.579861,64.059345
dzf3,1,1614.560242,274.619855
csxz,1,516.312112,89.528817
dxf,2,364.515886,64.041381
dzb,2,1616.918810,274.794995
dyb,2,369.653682,65.871836
cvx,2,427.266422,77.401825
dyf,2,369.261540,65.890789
dzb2,2,1619.194892,273.995038
dxb,2,364.549282,63.993213
cvy,2,556.326897,95.385758
dzf,2,1613.232563,274.224806
dxb2,2,364.864097,64.051218
dyb2,2,369.482848,65.877122
cvz,2,506.375924,91.356743
dzb3,2,1615.426051,273.504261
dxb3,2,366.050463,64.226685
dyb3,2,420.698684,73.364316
csxxsyyszz,2,780.446082,142.478313
dyf2,2,369.430584,65.896307
dxf2,2,427.041642,73.249212
csxy,2,326.160019,60.129661
dzf2,2,3630.027750,544.268402
dyf3,2,369.892147,65.941499
csyz,2,517.121953,89.655643
dxf3,2,364.772834,64.107080
dzf3,2,1615.184703,274.139639
csxz,2,516.098172,89.539045
dxf,3,364.333297,64.000468
dzb,3,1617.259970,276.897076
dyb,3,369.638375,65.814684
cvx,3,427.409997,77.410773
dyf,3,369.448974,65.900584
dzb2,3,1619.063069,276.590225
dxb,3,364.719255,64.038247
cvy,3,556.497736,95.797642
dzf,3,1613.452250,273.631129
dxb2,3,364.794938,64.052782
dyb2,3,369.858092,65.981037
cvz,3,505.552373,91.252575
dzb3,3,1615.795568,275.584569
dxb3,3,364.650220,64.000222
dyb3,3,421.062773,73.396689
csxxsyyszz,3,773.633525,141.528139
dyf2,3,369.378875,65.872772
dxf2,3,426.463523,73.130895
csxy,3,325.818151,60.114693
dzf2,3,3631.131143,543.907924
dyf3,3,370.065000,65.852294
csyz,3,515.929082,89.408911
dxf3,3,364.808226,64.095109
dzf3,3,1614.586198,274.533474
csxz,3,516.247944,89.483681
dxf,4,364.676517,64.086790
dzb,4,1617.315055,275.318537
dyb,4,369.737945,65.823941
cvx,4,427.473863,77.409511
dyf,4,369.335075,65.899804
dzb2,4,1619.063348,275.996483
dxb,4,365.988628,64.176528
cvy,4,556.082086,95.718616
dzf,4,1613.959569,274.744130
dxb2,4,364.869532,64.017903
dyb2,4,369.532397,65.897037
cvz,4,505.547323,91.225364
dzb3,4,1615.904171,275.619331
dxb3,4,365.088882,64.062776
dyb3,4,421.836523,73.512367
csxxsyyszz,4,776.919846,141.920933
dyf2,4,369.526157,65.871522
dxf2,4,426.660854,73.139189
csxy,4,325.964326,60.129701
dzf2,4,3632.036701,543.123525
dyf3,4,369.987963,65.898993
csyz,4,516.491376,89.534974
dxf3,4,364.288225,63.985085
dzf3,4,1614.443041,275.739821
csxz,4,516.663783,89.599906
#========================= OptEWE [OpenMP] =========================
#Source type                                  :  Force monopole
#Grid Size                                    :  1024 x 1024 x 1024
#Iterations                                   :  5
#Compute time                                 :  101.438019
#Total effective MLUPS                        :  52.926005
#===================================================================
#Number of threads                            :  18
