dxf,0,277.130062,57.519883
dzb,0,1047.688522,225.495473
dyb,0,297.310303,62.109140
cvx,0,305.356100,66.740821
dyf,0,297.521303,62.159811
dzb2,0,1048.991572,226.910733
dxb,0,277.554344,57.777810
cvy,0,1961.985879,333.959248
dzf,0,1045.840187,226.591959
dxb2,0,279.144667,58.106544
dyb2,0,297.449129,62.170473
cvz,0,392.837940,84.400457
dzb3,0,1047.768049,227.871441
dxb3,0,279.589187,58.203552
dyb3,0,318.287349,65.879387
csxxsyyszz,0,795.160809,161.762717
dyf2,0,296.991079,62.141894
dxf2,0,312.666845,63.828968
csxy,0,252.147074,55.723509
dzf2,0,2648.562196,468.264535
dyf3,0,297.004243,62.004104
csyz,0,393.094807,81.393388
dxf3,0,278.680586,57.983227
dzf3,0,1047.197019,226.464835
csxz,0,395.171018,81.748638
dxf,1,276.610457,57.693428
dzb,1,1047.307372,227.519783
dyb,1,298.076546,62.260116
cvx,1,305.094405,66.733437
dyf,1,297.039271,62.099833
dzb2,1,1047.584431,225.675296
dxb,1,277.900666,57.922491
cvy,1,472.082423,94.609324
dzf,1,1046.468832,225.592163
dxb2,1,277.768816,57.852448
dyb2,1,296.889125,62.112591
cvz,1,392.815009,84.386432
dzb3,1,1050.670210,227.692563
dxb3,1,281.150925,58.823006
dyb3,1,322.310988,67.066797
csxxsyyszz,1,818.551297,166.931679
dyf2,1,300.645087,63.117050
dxf2,1,315.664870,64.688020
csxy,1,255.090045,56.610261
dzf2,1,2647.184109,472.443905
dyf3,1,301.464033,63.220638
csyz,1,395.382819,82.301870
dxf3,1,279.925537,58.650749
dzf3,1,1056.211229,229.073916
csxz,1,396.579212,82.498314
dxf,2,280.835572,59.039578
dzb,2,1057.556411,231.307878
dyb,2,301.839810,63.367307
cvx,2,309.619973,67.921387
dyf,2,301.026004,63.257558
dzb2,2,1058.555802,230.719846
dxb,2,281.367378,58.912536
cvy,2,475.921229,95.858340
dzf,2,1056.624920,230.255218
dxb2,2,282.091299,58.944912
dyb2,2,301.177751,63.171410
cvz,2,398.437256,85.810184
dzb3,2,1057.297116,229.752455
dxb3,2,281.489719,58.853357
dyb3,2,321.845958,66.932000
csxxsyyszz,2,817.057655,166.382838
dyf2,2,300.744102,63.061033
dxf2,2,315.675588,64.636940
csxy,2,254.111068,56.366747
dzf2,2,2648.977207,472.760951
dyf3,2,300.936098,63.047855
csyz,2,396.475839,82.422145
dxf3,2,279.983139,58.562557
dzf3,2,1055.498958,229.485889
csxz,2,396.851193,82.591910
dxf,3,281.063610,58.765012
dzb,3,1057.725564,230.754337
dyb,3,301.727335,63.311455
cvx,3,310.174785,67.968415
dyf,3,300.921653,63.127158
dzb2,3,1057.182678,229.503722
dxb,3,281.117417,58.838967
cvy,3,475.368488,95.702786
dzf,3,1055.850599,230.546271
dxb2,3,282.321589,59.024098
dyb2,3,301.110129,63.229772
cvz,3,398.332277,85.778862
dzb3,3,1057.208982,230.435863
dxb3,3,280.034623,58.622193
dyb3,3,322.683359,67.088881
csxxsyyszz,3,819.312394,166.822877
dyf2,3,300.764890,63.086181
dxf2,3,315.188759,64.625128
csxy,3,253.820913,56.328209
dzf2,3,2646.277147,473.412024
dyf3,3,301.205473,63.114722
csyz,3,395.581584,82.270505
dxf3,3,279.996588,58.563377
dzf3,3,1054.650767,230.275149
csxz,3,396.923329,82.529259
dxf,4,280.307089,58.640217
dzb,4,1057.547670,229.407948
dyb,4,301.751459,63.305687
cvx,4,311.056190,68.225528
dyf,4,300.943785,63.221113
dzb2,4,1057.471410,229.894678
dxb,4,281.264532,58.869758
cvy,4,477.665211,96.178237
dzf,4,1056.224091,229.331776
dxb2,4,282.192584,58.983217
dyb2,4,302.842473,63.478993
cvz,4,398.124710,85.791145
dzb3,4,1057.119751,229.275942
dxb3,4,280.982328,58.745108
dyb3,4,323.038757,67.085581
csxxsyyszz,4,817.147002,166.413629
dyf2,4,300.836474,63.112776
dxf2,4,315.293168,64.641066
csxy,4,253.769613,56.324662
dzf2,4,2648.110398,472.304093
dyf3,4,297.360150,62.214156
csyz,4,392.907222,81.670850
dxf3,4,278.277163,57.945876
dzf3,4,1047.901321,226.698436
csxz,4,394.891212,81.852129
#========================= OptEWE [OpenMP] =========================
#Source type                                  :  Force monopole
#Grid Size                                    :  1024 x 1024 x 1024
#Iterations                                   :  5
#Compute time                                 :  73.921738
#Total effective MLUPS                        :  72.626933
#===================================================================
#Number of threads                            :  17
