dxf,0,221.844536,45.814253
dzb,0,1009.393228,205.444090
dyb,0,329.373653,64.368665
cvx,0,294.041161,60.601162
dyf,0,327.961770,64.133222
dzb2,0,1009.911307,205.640063
dxb,0,220.790906,45.770849
cvy,0,2638.184261,416.932284
dzf,0,1008.864120,205.324820
dxb2,0,221.354519,45.820757
dyb2,0,328.941516,64.318656
cvz,0,315.772722,66.845697
dzb3,0,1009.975106,205.726355
dxb3,0,221.599449,45.898661
dyb3,0,329.293853,64.416865
csxxsyyszz,0,789.530197,151.682621
dyf2,0,328.646005,64.277555
dxf2,0,219.788705,45.637980
csxy,0,220.125262,47.236079
dzf2,0,1007.918802,205.502177
dyf3,0,328.852991,64.366494
csyz,0,265.593670,57.001797
dxf3,0,222.965598,46.146661
dzf3,0,1007.399303,205.336852
csxz,0,266.221580,57.058460
dxf,1,219.972129,45.698089
dzb,1,1008.967551,205.758323
dyb,1,331.344041,64.775768
cvx,1,294.011613,60.681363
dyf,1,328.426110,64.336434
dzb2,1,1010.907172,206.025773
dxb,1,220.815873,45.836824
cvy,1,293.303925,60.625671
dzf,1,1006.631545,205.337101
dxb2,1,221.111470,45.875423
dyb2,1,329.088600,64.429407
cvz,1,315.650807,66.902162
dzb3,1,1008.793058,205.715872
dxb3,1,221.701424,45.937180
dyb3,1,329.224174,64.418651
csxxsyyszz,1,789.365869,151.701945
dyf2,1,328.502361,64.249087
dxf2,1,219.911484,45.670315
csxy,1,220.146320,47.257828
dzf2,1,1008.178114,205.669079
dyf3,1,328.897813,64.389594
csyz,1,265.569763,57.026505
dxf3,1,222.805734,46.142047
dzf3,1,1009.382215,205.780431
csxz,1,266.191463,57.084162
dxf,2,221.363908,45.962169
dzb,2,1023.333653,208.415122
dyb,2,329.378287,64.543838
cvx,2,293.981423,60.777419
dyf,2,328.592059,64.415493
dzb2,2,1009.706217,205.968578
dxb,2,222.656263,46.158680
cvy,2,293.202567,60.643856
dzf,2,1006.632032,205.520202
dxb2,2,221.150748,45.896217
dyb2,2,329.296012,64.491404
cvz,2,315.896502,67.010291
dzb3,2,1008.614500,205.826133
dxb3,2,221.632908,45.965720
dyb3,2,331.155055,64.830189
csxxsyyszz,2,789.340456,151.855354
dyf2,2,328.286020,64.332494
dxf2,2,219.748164,45.690962
csxy,2,220.124953,47.276790
dzf2,2,1009.818961,206.065989
dyf3,2,329.264303,64.482707
csyz,2,265.618415,57.061077
dxf3,2,222.745057,46.163415
dzf3,2,1008.580774,205.795285
csxz,2,266.289422,57.113615
dxf,3,220.415944,45.832739
dzb,3,1009.172983,205.964614
dyb,3,329.638209,64.582447
cvx,3,293.826618,60.756122
dyf,3,328.425639,64.400658
dzb2,3,1009.164702,205.936098
dxb,3,220.648199,45.837302
cvy,3,293.118257,60.655357
dzf,3,1006.551635,205.538862
dxb2,3,221.159599,45.913426
dyb2,3,329.180042,64.446812
cvz,3,315.888139,67.012503
dzb3,3,1008.659959,205.918924
dxb3,3,221.895440,46.015939
dyb3,3,329.139955,64.471654
csxxsyyszz,3,791.147294,152.121384
dyf2,3,328.710660,64.378604
dxf2,3,219.937004,45.715796
csxy,3,220.186002,47.287422
dzf2,3,1009.725087,205.957571
dyf3,3,329.143203,64.463217
csyz,3,265.719716,57.096398
dxf3,3,222.616918,46.145057
dzf3,3,1007.342351,205.601664
csxz,3,266.247166,57.118584
dxf,4,219.979496,45.758969
dzb,4,1008.853164,205.934269
dyb,4,329.557612,64.553465
cvx,4,293.822341,60.748390
dyf,4,327.745006,64.260558
dzb2,4,1009.085877,205.892066
dxb,4,220.848113,45.864034
cvy,4,293.348242,60.650245
dzf,4,1006.638026,205.507819
dxb2,4,221.797597,46.025114
dyb2,4,329.219438,64.518181
cvz,4,315.950796,67.028038
dzb3,4,1010.164460,206.105362
dxb3,4,221.678679,45.989254
dyb3,4,330.211476,64.607813
csxxsyyszz,4,787.699014,151.551065
dyf2,4,328.726667,64.398175
dxf2,4,221.838061,46.043583
csxy,4,220.173908,47.328215
dzf2,4,1007.787244,205.805706
dyf3,4,329.183309,64.522786
csyz,4,265.752749,57.103123
dxf3,4,222.982556,46.235656
dzf3,4,1008.155421,205.835137
csxz,4,266.472042,57.372363
#========================= OptEWE [OpenMP] =========================
#Source type                                  :  Force monopole
#Grid Size                                    :  1024 x 1024 x 1024
#Iterations                                   :  5
#Compute time                                 :  61.355545
#Total effective MLUPS                        :  87.501612
#===================================================================
#Number of threads                            :  23
