dxf,0,223.186235,53.870584
dzb,0,860.153318,217.197563
dyb,0,253.772431,62.479642
cvx,0,260.009894,66.080595
dyf,0,253.241929,62.383789
dzb2,0,860.495806,217.933285
dxb,0,221.985328,54.026051
cvy,0,1964.744838,383.883124
dzf,0,857.386534,217.382789
dxb2,0,222.378326,54.096629
dyb2,0,253.470080,62.513548
cvz,0,302.678432,77.273229
dzb3,0,858.338393,217.650532
dxb3,0,222.208247,54.061951
dyb3,0,253.992304,62.617319
csxxsyyszz,0,527.474728,131.235759
dyf2,0,253.147862,62.427626
dxf2,0,223.638888,54.305236
csxy,0,215.706227,54.888163
dzf2,0,857.280214,217.427314
dyf3,0,253.969566,62.584947
csyz,0,258.244488,65.935155
dxf3,0,221.816712,54.042831
dzf3,0,858.708647,217.745167
csxz,0,258.206010,65.893427
dxf,1,221.893482,54.064768
dzb,1,860.131658,217.967909
dyb,1,253.823965,62.636039
cvx,1,260.230266,66.230836
dyf,1,252.974810,62.396136
dzb2,1,858.924411,217.839829
dxb,1,222.202843,54.079608
cvy,1,259.538069,66.103648
dzf,1,858.558755,217.779038
dxb2,1,222.499121,54.142528
dyb2,1,253.372557,62.435468
cvz,1,302.584296,77.203162
dzb3,1,858.538251,217.670014
dxb3,1,222.133898,54.078447
dyb3,1,253.672806,62.540044
csxxsyyszz,1,527.487549,131.309870
dyf2,1,253.294025,62.461933
dxf2,1,222.515933,54.112347
csxy,1,215.326261,54.931018
dzf2,1,857.146161,217.481874
dyf3,1,253.514427,62.510567
csyz,1,258.277593,65.957887
dxf3,1,221.725715,54.032592
dzf3,1,858.527713,217.796496
csxz,1,258.187145,65.919149
dxf,2,222.038364,54.124824
dzb,2,860.131473,218.071262
dyb,2,253.777769,62.647280
cvx,2,260.018131,66.248797
dyf,2,253.094469,62.496343
dzb2,2,858.681970,217.913634
dxb,2,221.913938,54.105577
cvy,2,259.488598,66.153684
dzf,2,857.875440,217.788128
dxb2,2,222.515844,54.154792
dyb2,2,253.312655,62.487015
cvz,2,302.819103,77.321594
dzb3,2,858.416237,217.730411
dxb3,2,222.229425,54.102695
dyb3,2,253.604469,62.567950
csxxsyyszz,2,522.989620,130.520590
dyf2,2,253.390270,62.511130
dxf2,2,222.433942,54.097373
csxy,2,215.602864,54.992887
dzf2,2,857.522617,217.665739
dyf3,2,253.541126,62.563260
csyz,2,258.310649,66.022586
dxf3,2,221.749127,54.050105
dzf3,2,858.647975,217.797800
csxz,2,258.208054,65.957632
dxf,3,221.870604,54.096007
dzb,3,860.392842,218.208520
dyb,3,253.707442,62.592360
cvx,3,259.970643,66.270350
dyf,3,253.604088,62.609999
dzb2,3,858.977909,218.063647
dxb,3,222.049763,54.169608
cvy,3,259.570892,66.168199
dzf,3,857.601673,217.762805
dxb2,3,222.614855,54.205101
dyb2,3,253.378001,62.496428
cvz,3,302.680375,77.329482
dzb3,3,858.494224,217.805345
dxb3,3,222.372017,54.171783
dyb3,3,253.637561,62.554854
csxxsyyszz,3,527.418455,131.347257
dyf2,3,253.305660,62.453999
dxf2,3,222.277061,54.094322
csxy,3,215.491445,54.995128
dzf2,3,857.437749,217.724925
dyf3,3,254.076020,62.689411
csyz,3,259.089671,66.307969
dxf3,3,221.814551,54.474867
dzf3,3,858.140534,218.645222
csxz,3,258.191454,65.925090
dxf,4,221.735104,54.058495
dzb,4,859.467318,218.025940
dyb,4,253.742028,62.618556
cvx,4,260.100364,66.271114
dyf,4,253.608439,62.588696
dzb2,4,859.219409,218.328794
dxb,4,222.034371,54.149498
cvy,4,259.481263,66.186237
dzf,4,859.507033,218.288202
dxb2,4,222.562157,54.226051
dyb2,4,253.480383,62.548768
cvz,4,302.954794,77.386512
dzb3,4,858.653500,217.858983
dxb3,4,222.236597,54.135569
dyb3,4,253.513585,62.579206
csxxsyyszz,4,527.665024,131.470505
dyf2,4,253.242838,62.461103
dxf2,4,222.712445,54.172440
csxy,4,215.507758,54.960808
dzf2,4,857.236871,217.680403
dyf3,4,253.685385,62.617137
csyz,4,258.387454,66.062217
dxf3,4,222.483766,54.173554
dzf3,4,857.429004,217.691886
csxz,4,258.260366,66.129406
#========================= OptEWE [OpenMP] =========================
#Source type                                  :  Force monopole
#Grid Size                                    :  1024 x 1024 x 1024
#Iterations                                   :  5
#Compute time                                 :  52.143154
#Total effective MLUPS                        :  102.960958
#===================================================================
#Number of threads                            :  21
