dxf,0,396.577611,64.415088
dzb,0,1665.157374,273.770919
dyb,0,490.019362,79.056206
cvx,0,486.842621,80.942946
dyf,0,487.925311,78.751043
dzb2,0,1662.213673,273.354977
dxb,0,397.360459,64.666803
cvy,0,2141.413230,299.224394
dzf,0,1660.237146,273.136349
dxb2,0,397.670021,65.060907
dyb2,0,488.834243,79.093378
cvz,0,569.281270,94.503804
dzb3,0,1664.509539,273.681554
dxb3,0,399.898004,65.029921
dyb3,0,489.361068,78.937003
csxxsyyszz,0,1059.383749,171.666842
dyf2,0,488.412866,78.805040
dxf2,0,397.252495,64.640272
csxy,0,399.492015,66.455146
dzf2,0,1659.702797,272.894702
dyf3,0,490.639606,79.231064
csyz,0,482.017320,80.060934
dxf3,0,396.799883,64.558616
dzf3,0,1661.890721,273.324554
csxz,0,481.595849,80.010717
dxf,1,396.464238,64.526296
dzb,1,1664.225314,273.703872
dyb,1,490.151676,79.096357
cvx,1,486.958976,81.021540
dyf,1,488.064630,78.797534
dzb2,1,1662.358846,273.431424
dxb,1,397.524985,64.685234
cvy,1,485.770802,80.849790
dzf,1,1660.357237,273.243895
dxb2,1,397.358349,64.701689
dyb2,1,488.703843,78.894751
cvz,1,569.438826,94.552024
dzb3,1,1663.267821,273.437851
dxb3,1,399.725295,65.134288
dyb3,1,489.498111,79.183296
csxxsyyszz,1,1052.599490,170.834571
dyf2,1,488.757495,79.013881
dxf2,1,397.314552,64.665058
csxy,1,399.616936,66.829080
dzf2,1,1660.227191,273.084890
dyf3,1,490.796667,79.223009
csyz,1,481.823758,79.783104
dxf3,1,397.077643,64.596146
dzf3,1,1660.131045,273.173707
csxz,1,481.589932,80.030174
dxf,2,396.282953,64.528529
dzb,2,1664.698848,273.947996
dyb,2,490.357996,79.243769
cvx,2,486.747594,81.022277
dyf,2,488.220981,78.899124
dzb2,2,1662.371899,273.537969
dxb,2,397.456856,64.753839
cvy,2,485.726686,80.876857
dzf,2,1660.769054,273.458933
dxb2,2,397.213594,64.735486
dyb2,2,488.764980,78.996139
cvz,2,569.328674,94.645406
dzb3,2,1661.894686,273.581036
dxb3,2,399.735487,65.040002
dyb3,2,488.975982,78.935690
csxxsyyszz,2,1072.734656,173.522567
dyf2,2,488.715129,78.859420
dxf2,2,397.256180,64.670118
csxy,2,399.531092,66.529273
dzf2,2,1660.369697,273.150664
dyf3,2,489.604888,79.086269
csyz,2,481.855054,80.100045
dxf3,2,396.992881,64.639267
dzf3,2,1660.762775,273.387951
csxz,2,481.682165,79.844800
dxf,3,397.043191,64.831728
dzb,3,1664.462365,274.149608
dyb,3,490.025993,79.215015
cvx,3,487.855600,81.212866
dyf,3,488.303179,78.946539
dzb2,3,1662.597145,273.692683
dxb,3,397.342452,64.790967
cvy,3,485.843310,80.938176
dzf,3,1660.866555,273.641249
dxb2,3,397.179332,64.760760
dyb2,3,488.839939,79.118119
cvz,3,569.487510,94.919029
dzb3,3,1662.613898,273.962219
dxb3,3,400.142455,65.297748
dyb3,3,490.240572,79.229027
csxxsyyszz,3,1074.026827,173.928833
dyf2,3,488.644132,79.124696
dxf2,3,396.957645,64.731148
csxy,3,399.479899,66.555118
dzf2,3,1659.569585,273.508875
dyf3,3,489.595875,79.094411
csyz,3,482.145683,80.245999
dxf3,3,396.662437,64.789899
dzf3,3,1660.564075,273.632627
csxz,3,481.411758,80.221960
dxf,4,396.504047,64.654939
dzb,4,1662.400333,273.980352
dyb,4,489.999416,79.214990
cvx,4,487.926764,81.231073
dyf,4,489.999975,79.285562
dzb2,4,1662.521461,273.909895
dxb,4,397.535338,64.892910
cvy,4,486.629512,81.224372
dzf,4,1660.442999,273.681112
dxb2,4,397.356978,64.701590
dyb2,4,488.640405,78.914800
cvz,4,569.518564,94.607778
dzb3,4,1662.612734,273.538505
dxb3,4,400.363319,65.106469
dyb3,4,489.258584,79.005917
csxxsyyszz,4,1061.072250,171.961327
dyf2,4,488.654140,78.870147
dxf2,4,397.768686,64.743207
csxy,4,399.371462,66.488624
dzf2,4,1659.909639,273.037765
dyf3,4,489.651880,79.065563
csyz,4,481.755737,80.107349
dxf3,4,397.010742,64.659640
dzf3,4,1660.701492,273.295802
csxz,4,481.614289,80.110264
#========================= OptEWE [OpenMP] =========================
#Source type                                  :  Force monopole
#Grid Size                                    :  1024 x 1024 x 1024
#Iterations                                   :  5
#Compute time                                 :  97.964005
#Total effective MLUPS                        :  54.802875
#===================================================================
#Number of threads                            :  13
