dxf,0,295.479373,54.103068
dzb,0,1313.441040,237.884767
dyb,0,403.746321,71.514064
cvx,0,366.874473,68.112413
dyf,0,402.281857,71.360593
dzb2,0,1294.827363,235.577148
dxb,0,294.024576,54.022793
cvy,0,2902.170659,427.290403
dzf,0,1291.305546,234.970041
dxb2,0,294.254990,54.092466
dyb2,0,402.360508,71.379773
cvz,0,431.458647,80.162374
dzb3,0,1294.783880,235.622811
dxb3,0,293.868105,54.056289
dyb3,0,402.758594,71.422231
csxxsyyszz,0,936.353738,164.102602
dyf2,0,402.082804,71.333618
dxf2,0,293.940556,54.027767
csxy,0,297.533816,55.823413
dzf2,0,1291.896692,235.245464
dyf3,0,403.563659,71.582974
csyz,0,361.424356,67.685172
dxf3,0,293.239094,53.973139
dzf3,0,1290.844412,235.171089
csxz,0,361.156641,67.688140
dxf,1,293.621639,54.165353
dzb,1,1313.233542,238.399193
dyb,1,403.674745,71.599314
cvx,1,366.860797,68.188878
dyf,1,401.797545,71.324047
dzb2,1,1295.658566,236.281115
dxb,1,294.145047,54.145792
cvy,1,365.753452,67.992020
dzf,1,1292.344411,235.420902
dxb2,1,295.509274,54.312016
dyb2,1,403.372769,71.570777
cvz,1,431.412096,80.204663
dzb3,1,1293.037664,235.497224
dxb3,1,293.701168,54.040640
dyb3,1,402.702805,71.463174
csxxsyyszz,1,928.742103,163.140287
dyf2,1,402.855871,71.523742
dxf2,1,293.948331,54.074161
csxy,1,297.733882,55.893311
dzf2,1,1290.057875,235.108923
dyf3,1,402.531982,71.463000
csyz,1,361.530018,67.783142
dxf3,1,294.639436,54.191880
dzf3,1,1290.447616,235.255111
csxz,1,361.251131,67.701744
dxf,2,293.373558,54.046245
dzb,2,1313.869836,238.539557
dyb,2,403.731909,71.655808
cvx,2,367.022717,68.244217
dyf,2,402.998127,71.537777
dzb2,2,1293.191622,235.548232
dxb,2,294.014003,54.131230
cvy,2,365.816912,68.040449
dzf,2,1291.896712,235.893789
dxb2,2,293.788842,54.110301
dyb2,2,402.424467,71.441921
cvz,2,431.440646,80.251819
dzb3,2,1295.143453,235.838302
dxb3,2,293.875989,54.099704
dyb3,2,402.599760,71.457719
csxxsyyszz,2,936.424274,164.279312
dyf2,2,403.060942,71.513086
dxf2,2,293.723971,54.052303
csxy,2,297.703668,55.926719
dzf2,2,1291.685262,235.419872
dyf3,2,403.374119,71.581226
csyz,2,361.939684,67.869671
dxf3,2,293.341319,54.002893
dzf3,2,1291.683798,235.399501
csxz,2,361.351224,67.746260
dxf,3,293.480982,54.033951
dzb,3,1313.329684,238.487806
dyb,3,403.537438,71.607343
cvx,3,366.911335,68.238278
dyf,3,403.041398,71.546315
dzb2,3,1294.908973,235.840411
dxb,3,294.105191,54.118459
cvy,3,366.000205,68.093690
dzf,3,1291.462131,235.460483
dxb2,3,294.826993,54.258126
dyb2,3,403.333152,71.572462
cvz,3,431.425411,80.251725
dzb3,3,1293.297631,235.662416
dxb3,3,293.817289,54.078440
dyb3,3,403.607887,71.647748
csxxsyyszz,3,936.417909,164.266590
dyf2,3,402.135053,71.365408
dxf2,3,294.010674,54.073007
csxy,3,297.663628,55.905384
dzf2,3,1290.864526,235.311134
dyf3,3,402.608163,71.498698
csyz,3,361.468449,67.789149
dxf3,3,294.106092,54.117383
dzf3,3,1291.081675,235.393240
csxz,3,361.338400,67.735146
dxf,4,293.367143,54.007398
dzb,4,1313.218467,238.502812
dyb,4,403.668694,71.660785
cvx,4,366.725762,68.218215
dyf,4,401.858455,71.383347
dzb2,4,1293.431687,235.700202
dxb,4,294.021310,54.099920
cvy,4,365.714427,68.035213
dzf,4,1290.564209,235.267752
dxb2,4,294.030656,54.103129
dyb2,4,402.572317,71.450232
cvz,4,431.880891,80.331215
dzb3,4,1297.140992,236.278370
dxb3,4,293.908421,54.097704
dyb3,4,402.666600,71.452887
csxxsyyszz,4,936.470292,164.272909
dyf2,4,402.045003,71.363359
dxf2,4,293.651426,54.056373
csxy,4,298.543516,56.024302
dzf2,4,1290.176341,235.213770
dyf3,4,403.441335,71.624034
csyz,4,361.308129,67.759332
dxf3,4,293.085441,53.981121
dzf3,4,1291.277992,235.415926
csxz,4,361.422537,67.981193
#========================= OptEWE [OpenMP] =========================
#Source type                                  :  Force monopole
#Grid Size                                    :  1024 x 1024 x 1024
#Iterations                                   :  5
#Compute time                                 :  77.921318
#Total effective MLUPS                        :  68.899105
#===================================================================
#Number of threads                            :  20
