dxf,0,244.652064,53.131391
dzb,0,1034.374661,226.830445
dyb,0,467.542237,92.310929
cvx,0,469.427508,95.825500
dyf,0,315.702621,67.403877
dzb2,0,1036.285446,227.412611
dxb,0,470.503859,90.757027
cvy,0,2123.299784,366.583202
dzf,0,887.697604,203.253289
dxb2,0,470.739725,90.744180
dyb2,0,466.966675,92.120524
cvz,0,585.273902,118.136213
dzb3,0,886.607717,203.162209
dxb3,0,471.123097,90.854170
dyb3,0,554.878856,106.414984
csxxsyyszz,0,697.796183,149.478745
dyf2,0,315.967867,67.452410
dxf2,0,563.704567,105.972216
csxy,0,349.284370,73.051058
dzf2,0,1999.518307,373.703816
dyf3,0,468.383450,92.255468
csyz,0,467.129020,95.692099
dxf3,0,244.845021,53.307040
dzf3,0,1031.573145,226.721771
csxz,0,466.132393,95.641799
dxf,1,244.725229,53.347363
dzb,1,1032.542432,227.136736
dyb,1,468.715067,92.607624
cvx,1,470.336103,96.085080
dyf,1,316.211485,67.508664
dzb2,1,1032.280044,226.894324
dxb,1,471.492573,91.036940
cvy,1,615.199974,120.088877
dzf,1,886.221871,203.229357
dxb2,1,470.866682,90.825392
dyb2,1,467.904856,92.384020
cvz,1,586.098669,118.682361
dzb3,1,886.877949,203.289299
dxb3,1,471.054270,90.915837
dyb3,1,554.738860,106.476808
csxxsyyszz,1,697.549609,149.455489
dyf2,1,316.858284,67.631929
dxf2,1,563.974173,106.037248
csxy,1,349.887606,73.170119
dzf2,1,2001.503192,370.068987
dyf3,1,468.610152,92.350222
csyz,1,466.751454,95.658988
dxf3,1,244.869419,53.323425
dzf3,1,1031.918908,226.840719
csxz,1,466.329966,95.676732
dxf,2,244.678613,53.341926
dzb,2,1033.797133,227.243212
dyb,2,468.692891,92.638893
cvx,2,471.028222,96.226682
dyf,2,315.711430,67.455555
dzb2,2,1032.845426,227.086019
dxb,2,471.556322,91.050370
cvy,2,614.972960,120.061363
dzf,2,885.137191,203.042807
dxb2,2,470.950033,90.873773
dyb2,2,467.420138,92.295916
cvz,2,586.033287,118.702385
dzb3,2,886.073636,203.149963
dxb3,2,470.468090,90.797224
dyb3,2,554.349597,106.370313
csxxsyyszz,2,693.882400,148.851249
dyf2,2,316.007202,67.422942
dxf2,2,563.570227,105.999702
csxy,2,350.069718,73.241023
dzf2,2,2001.644503,370.940168
dyf3,2,467.689092,92.182615
csyz,2,466.913654,95.661427
dxf3,2,244.893388,53.330263
dzf3,2,1032.421846,226.877940
csxz,2,466.570206,95.726147
dxf,3,244.800135,53.369662
dzb,3,1031.799786,226.915166
dyb,3,468.395785,92.553759
cvx,3,470.469279,96.116896
dyf,3,315.680088,67.426950
dzb2,3,1032.061637,226.948876
dxb,3,471.559560,91.050746
cvy,3,615.426180,117.812841
dzf,3,886.190321,203.231728
dxb2,3,470.704797,90.851259
dyb2,3,467.261611,92.255024
cvz,3,586.475615,118.773402
dzb3,3,885.551780,203.133917
dxb3,3,471.455217,90.987740
dyb3,3,554.394535,106.411092
csxxsyyszz,3,697.189269,149.456081
dyf2,3,316.048386,67.429741
dxf2,3,563.269800,105.971110
csxy,3,349.513309,73.149225
dzf2,3,2000.486477,371.486807
dyf3,3,468.521876,92.388898
csyz,3,467.103862,95.765253
dxf3,3,245.097653,53.353516
dzf3,3,1032.625913,226.969722
csxz,3,465.737090,95.595028
dxf,4,244.588683,53.329031
dzb,4,1034.586221,227.411857
dyb,4,468.081267,92.526219
cvx,4,470.439467,96.121022
dyf,4,315.717949,67.446988
dzb2,4,1033.402448,227.203507
dxb,4,471.423173,91.067269
cvy,4,615.453866,118.517634
dzf,4,885.992476,203.259729
dxb2,4,471.156128,90.941348
dyb2,4,467.738675,92.385990
cvz,4,586.259827,118.744283
dzb3,4,885.946294,203.216423
dxb3,4,471.100232,90.926824
dyb3,4,554.132830,106.366217
csxxsyyszz,4,693.420167,148.817318
dyf2,4,315.928594,67.451002
dxf2,4,563.621184,106.056421
csxy,4,349.637524,73.146210
dzf2,4,2001.201435,372.432270
dyf3,4,468.697822,92.376848
csyz,4,467.386685,95.967987
dxf3,4,245.030229,53.343303
dzf3,4,1032.013292,226.881729
csxz,4,466.437383,95.742038
#========================= OptEWE [OpenMP] =========================
#Source type                                  :  Force monopole
#Grid Size                                    :  1024 x 1024 x 1024
#Iterations                                   :  5
#Compute time                                 :  79.408035
#Total effective MLUPS                        :  67.609142
#===================================================================
#Number of threads                            :  22
