dxf,0,277.420036,57.981780
dzb,0,1044.562453,227.769409
dyb,0,303.116897,63.395779
cvx,0,319.956638,69.386233
dyf,0,303.416897,63.519704
dzb2,0,1042.682478,227.268196
dxb,0,277.425301,58.176159
cvy,0,2038.806685,348.163835
dzf,0,1042.772184,227.876680
dxb2,0,278.277323,58.309036
dyb2,0,303.258224,63.573362
cvz,0,389.061597,84.253227
dzb3,0,1046.497430,228.426517
dxb3,0,277.300428,58.222155
dyb3,0,319.019206,66.361459
csxxsyyszz,0,880.073267,176.348543
dyf2,0,303.411877,63.546259
dxf2,0,310.508772,63.853590
csxy,0,249.365671,55.718821
dzf2,0,2613.195122,467.356320
dyf3,0,303.372131,63.450528
csyz,0,389.019741,81.344299
dxf3,0,277.443368,58.224323
dzf3,0,1046.191721,229.128460
csxz,0,390.961470,81.690375
dxf,1,277.013581,58.176326
dzb,1,1044.168137,229.153972
dyb,1,304.505636,63.817936
cvx,1,320.005909,69.478051
dyf,1,303.080887,63.542521
dzb2,1,1042.916465,227.208062
dxb,1,277.369528,58.228959
cvy,1,464.791368,94.011283
dzf,1,1043.042373,227.654597
dxb2,1,276.972052,58.186795
dyb2,1,303.231067,63.603585
cvz,1,390.965112,84.667632
dzb3,1,1046.682439,227.918341
dxb3,1,278.209451,58.368466
dyb3,1,319.066589,66.405856
csxxsyyszz,1,876.532781,175.997395
dyf2,1,303.005576,63.512327
dxf2,1,310.733870,63.960507
csxy,1,249.632863,55.798787
dzf2,1,2612.746969,467.159946
dyf3,1,303.947729,63.607289
csyz,1,389.010178,81.352124
dxf3,1,277.262824,58.215502
dzf3,1,1046.734951,228.461758
csxz,1,390.346601,81.627870
dxf,2,276.939523,58.165268
dzb,2,1044.296489,229.208972
dyb,2,303.888730,63.733187
cvx,2,320.420310,69.609694
dyf,2,303.201168,63.614462
dzb2,2,1042.753051,229.121755
dxb,2,277.125062,58.283174
cvy,2,464.174930,93.961803
dzf,2,1042.815801,229.253784
dxb2,2,277.860952,58.432464
dyb2,2,302.933299,63.603784
cvz,2,389.844702,84.526131
dzb3,2,1046.272622,229.743442
dxb3,2,278.039958,58.469443
dyb3,2,319.341767,66.560000
csxxsyyszz,2,872.298181,175.410402
dyf2,2,303.377096,63.630733
dxf2,2,311.569072,64.108570
csxy,2,249.310842,55.765669
dzf2,2,2612.578243,469.384675
dyf3,2,303.866195,63.616379
csyz,2,388.311697,81.214394
dxf3,2,277.615801,58.267724
dzf3,2,1046.541123,228.552767
csxz,2,390.460119,81.619361
dxf,3,276.685370,58.157795
dzb,3,1044.841837,228.868928
dyb,3,303.010325,63.522636
cvx,3,320.209509,69.537545
dyf,3,303.278427,63.607801
dzb2,3,1044.389701,229.286592
dxb,3,277.587118,58.280359
cvy,3,464.315503,93.954763
dzf,3,1044.485343,229.466359
dxb2,3,277.184911,58.247825
dyb2,3,303.291160,63.618675
cvz,3,389.661820,84.430421
dzb3,3,1046.732040,229.616098
dxb3,3,276.989210,58.207463
dyb3,3,319.323002,66.523385
csxxsyyszz,3,871.993047,175.310801
dyf2,3,303.095894,63.489520
dxf2,3,310.355776,63.895115
csxy,3,249.472773,55.733434
dzf2,3,2611.852372,468.179399
dyf3,3,303.644137,63.692343
csyz,3,389.817671,81.522363
dxf3,3,277.357547,58.227065
dzf3,3,1045.299460,229.502504
csxz,3,390.975374,81.793143
dxf,4,277.983999,58.405035
dzb,4,1044.726490,228.542154
dyb,4,304.236310,63.762734
cvx,4,320.074327,69.505952
dyf,4,303.255698,63.618694
dzb2,4,1043.062653,228.538765
dxb,4,277.697222,58.315420
cvy,4,464.389247,93.946017
dzf,4,1043.234080,228.838256
dxb2,4,277.401481,58.260275
dyb2,4,304.749643,63.878536
cvz,4,389.356169,84.428174
dzb3,4,1046.734595,228.997532
dxb3,4,278.683717,58.464856
dyb3,4,319.430690,66.485740
csxxsyyszz,4,871.873644,175.239232
dyf2,4,303.343355,63.557891
dxf2,4,310.849848,63.977032
csxy,4,249.318888,55.736676
dzf2,4,2612.289226,467.907183
dyf3,4,303.353292,63.514843
csyz,4,388.953623,81.373833
dxf3,4,277.512407,58.270393
dzf3,4,1045.327619,229.389128
csxz,4,390.468268,81.695194
#========================= OptEWE [OpenMP] =========================
#Source type                                  :  Force monopole
#Grid Size                                    :  1024 x 1024 x 1024
#Iterations                                   :  5
#Compute time                                 :  73.819618
#Total effective MLUPS                        :  72.727403
#===================================================================
#Number of threads                            :  17
