dxf,0,288.638323,71.004155
dzb,0,1078.377130,275.588754
dyb,0,294.730037,74.167542
cvx,0,289.536756,78.184001
dyf,0,293.240359,73.952359
dzb2,0,1078.781921,277.012337
dxb,0,289.358125,71.626575
cvy,0,1486.694153,319.532578
dzf,0,1076.924045,275.813178
dxb2,0,288.358479,71.549194
dyb2,0,293.974909,74.356841
cvz,0,384.435639,100.699602
dzb3,0,1078.254331,275.552505
dxb3,0,288.039837,71.538044
dyb3,0,313.462434,78.747235
csxxsyyszz,0,612.023584,159.131236
dyf2,0,293.312184,74.030378
dxf2,0,311.928521,76.675865
csxy,0,249.592883,66.726692
dzf2,0,2648.016781,565.867307
dyf3,0,293.477422,74.049326
csyz,0,383.236196,96.413017
dxf3,0,287.851164,71.430165
dzf3,0,1077.599848,275.829601
csxz,0,384.441195,96.601928
dxf,1,288.327583,71.423215
dzb,1,1078.135974,278.394916
dyb,1,293.327744,74.065378
cvx,1,289.319648,78.307940
dyf,1,293.068459,73.990843
dzb2,1,1078.621393,278.386432
dxb,1,289.078849,71.677521
cvy,1,461.316598,113.081723
dzf,1,1076.799537,277.421586
dxb2,1,288.191990,71.454718
dyb2,1,294.159776,74.269752
cvz,1,384.598135,100.648881
dzb3,1,1078.799414,277.057283
dxb3,1,288.463286,71.524470
dyb3,1,313.973930,78.693078
csxxsyyszz,1,606.574074,157.927368
dyf2,1,293.289567,74.013485
dxf2,1,312.253773,76.733628
csxy,1,249.534726,66.698841
dzf2,1,2647.827687,566.702206
dyf3,1,293.729538,74.063901
csyz,1,382.940285,96.387139
dxf3,1,287.872296,71.378880
dzf3,1,1077.466660,277.326955
csxz,1,384.885310,96.915440
dxf,2,288.157060,71.504061
dzb,2,1078.530236,275.020959
dyb,2,293.384108,74.062454
cvx,2,290.525473,78.599575
dyf,2,292.726186,73.995129
dzb2,2,1079.002040,276.046470
dxb,2,288.742324,71.620167
cvy,2,461.801757,113.174217
dzf,2,1076.718920,274.881065
dxb2,2,288.359874,71.534128
dyb2,2,293.582897,74.167248
cvz,2,383.806572,100.549593
dzb3,2,1078.018775,276.213607
dxb3,2,288.023953,71.449057
dyb3,2,313.463450,78.596853
csxxsyyszz,2,603.588930,157.393167
dyf2,2,293.162465,74.026502
dxf2,2,312.045861,76.772969
csxy,2,249.537530,66.752033
dzf2,2,2640.294262,564.892917
dyf3,2,293.538641,74.043628
csyz,2,383.072259,96.431225
dxf3,2,287.977213,71.449237
dzf3,2,1078.604739,275.513969
csxz,2,384.946401,96.992778
dxf,3,288.299918,71.504094
dzb,3,1078.352130,276.732233
dyb,3,293.450454,74.100838
cvx,3,289.671043,78.434779
dyf,3,293.250297,74.117395
dzb2,3,1078.414113,277.695871
dxb,3,288.718123,71.659961
cvy,3,461.196869,113.123969
dzf,3,1076.844821,276.744492
dxb2,3,288.018683,71.514044
dyb2,3,294.068552,74.278386
cvz,3,384.682038,100.736364
dzb3,3,1078.140266,276.306005
dxb3,3,288.301351,71.531540
dyb3,3,314.062250,78.729615
csxxsyyszz,3,603.293221,157.306958
dyf2,3,292.856912,74.012236
dxf2,3,312.329256,76.793954
csxy,3,249.578710,66.739434
dzf2,3,2648.741916,566.615983
dyf3,3,293.506732,74.131839
csyz,3,382.799138,96.141521
dxf3,3,287.885610,71.398618
dzf3,3,1077.570511,276.809282
csxz,3,385.101043,97.028668
dxf,4,287.931895,71.476974
dzb,4,1078.294299,278.467124
dyb,4,293.765989,74.183752
cvx,4,289.474465,78.415621
dyf,4,292.870573,74.044702
dzb2,4,1079.175717,275.498529
dxb,4,288.718490,71.604175
cvy,4,461.429820,112.659383
dzf,4,1077.642271,276.260306
dxb2,4,288.005213,71.523486
dyb2,4,293.991263,74.343786
cvz,4,384.306349,100.671335
dzb3,4,1078.325264,278.386883
dxb3,4,288.252303,71.898571
dyb3,4,314.012103,79.266068
csxxsyyszz,4,603.320738,157.232860
dyf2,4,292.836434,73.943937
dxf2,4,311.996978,76.723967
csxy,4,249.544625,66.749084
dzf2,4,2647.179319,567.786847
dyf3,4,293.464574,74.112735
csyz,4,383.492780,96.618762
dxf3,4,287.947446,71.479963
dzf3,4,1078.272110,274.793397
csxz,4,384.582160,96.923362
#========================= OptEWE [OpenMP] =========================
#Source type                                  :  Force monopole
#Grid Size                                    :  1024 x 1024 x 1024
#Iterations                                   :  5
#Compute time                                 :  72.676918
#Total effective MLUPS                        :  73.870897
#===================================================================
#Number of threads                            :  16
