dxf,0,298.964066,56.581066
dzb,0,1366.926413,254.877562
dyb,0,462.538448,83.178790
cvx,0,413.563375,77.416446
dyf,0,463.306448,83.271236
dzb2,0,1364.802286,254.839478
dxb,0,303.650219,57.437180
cvy,0,2427.143490,374.124949
dzf,0,1365.677141,255.011227
dxb2,0,308.077225,58.063487
dyb2,0,462.789152,83.224249
cvz,0,429.183735,82.671888
dzb3,0,1365.732821,255.332711
dxb3,0,301.812981,57.177497
dyb3,0,461.026618,83.066813
csxxsyyszz,0,1148.873342,201.829318
dyf2,0,461.339576,83.013845
dxf2,0,297.514951,56.511297
csxy,0,283.914941,56.189380
dzf2,0,1361.552726,254.690143
dyf3,0,461.945031,83.146237
csyz,0,340.559302,67.490612
dxf3,0,298.315876,56.683868
dzf3,0,1363.517632,254.955440
csxz,0,340.332044,67.434504
dxf,1,297.944473,56.670980
dzb,1,1367.540320,255.450207
dyb,1,462.364611,83.243066
cvx,1,413.254034,77.458865
dyf,1,459.806909,82.844536
dzb2,1,1365.191091,255.777208
dxb,1,303.470017,57.718752
cvy,1,411.535830,77.209177
dzf,1,1362.519698,254.691285
dxb2,1,308.106071,58.087186
dyb2,1,460.887861,82.994729
cvz,1,428.917040,82.647573
dzb3,1,1364.961953,255.302337
dxb3,1,302.616896,57.293141
dyb3,1,464.050763,83.525152
csxxsyyszz,1,1133.003538,199.545252
dyf2,1,462.320061,83.167043
dxf2,1,297.373317,56.480665
csxy,1,283.989087,56.217631
dzf2,1,1361.253838,254.542726
dyf3,1,461.818451,83.132805
csyz,1,340.752525,67.522054
dxf3,1,298.775156,56.778358
dzf3,1,1361.554949,254.767727
csxz,1,340.252436,67.432037
dxf,2,298.358438,56.697798
dzb,2,1366.206913,256.068914
dyb,2,462.134100,83.280746
cvx,2,413.453342,77.532587
dyf,2,459.960606,82.864620
dzb2,2,1364.107480,255.121296
dxb,2,305.202453,57.762048
cvy,2,411.470207,77.208198
dzf,2,1363.051496,254.896864
dxb2,2,308.140467,58.112806
dyb2,2,461.471668,83.097415
cvz,2,428.944534,82.697262
dzb3,2,1364.424736,255.241186
dxb3,2,301.545818,57.180873
dyb3,2,460.995635,83.048686
csxxsyyszz,2,1143.847005,201.077185
dyf2,2,460.873920,82.936853
dxf2,2,297.150169,56.486979
csxy,2,283.898774,56.172484
dzf2,2,1364.320578,255.099352
dyf3,2,460.842103,83.049331
csyz,2,340.631257,67.527281
dxf3,2,298.401601,56.748523
dzf3,2,1363.403829,255.115948
csxz,2,340.371177,67.466766
dxf,3,298.073450,56.686986
dzb,3,1365.365459,255.215713
dyb,3,462.048130,83.214468
cvx,3,413.087878,77.502625
dyf,3,459.871318,82.867737
dzb2,3,1364.157086,255.112099
dxb,3,303.611179,57.525856
cvy,3,411.393766,77.238804
dzf,3,1363.145459,254.957502
dxb2,3,308.077803,58.144466
dyb2,3,462.515597,83.298783
cvz,3,428.888199,82.688521
dzb3,3,1367.172574,255.727426
dxb3,3,301.794519,57.220563
dyb3,3,460.898838,83.037483
csxxsyyszz,3,1132.990262,199.469724
dyf2,3,460.914647,82.943933
dxf2,3,297.514811,56.557788
csxy,3,283.960624,56.242137
dzf2,3,1361.079103,254.630632
dyf3,3,461.762809,83.143109
csyz,3,340.860568,67.578471
dxf3,3,298.634265,56.803222
dzf3,3,1361.788128,254.862563
csxz,3,340.245216,67.458089
dxf,4,298.477491,56.767433
dzb,4,1367.408192,255.634907
dyb,4,462.252940,83.294067
cvx,4,414.710989,77.719055
dyf,4,461.330206,83.131601
dzb2,4,1363.556420,254.933473
dxb,4,303.380205,57.504349
cvy,4,411.111674,77.167053
dzf,4,1363.912755,255.124371
dxb2,4,308.142627,58.121289
dyb2,4,460.516530,83.058939
cvz,4,428.708597,82.704990
dzb3,4,1365.516175,255.780052
dxb3,4,301.576224,57.182782
dyb3,4,460.933438,83.057684
csxxsyyszz,4,1148.571930,201.832423
dyf2,4,460.927974,82.989730
dxf2,4,298.148310,56.667930
csxy,4,284.155678,56.243324
dzf2,4,1362.348188,254.850119
dyf3,4,461.957199,83.181852
csyz,4,340.678570,67.530933
dxf3,4,298.528275,56.801844
dzf3,4,1361.573427,254.833494
csxz,4,340.200176,67.588488
#========================= OptEWE [OpenMP] =========================
#Source type                                  :  Force monopole
#Grid Size                                    :  1024 x 1024 x 1024
#Iterations                                   :  5
#Compute time                                 :  82.629509
#Total effective MLUPS                        :  64.973266
#===================================================================
#Number of threads                            :  16
