dxf,0,232.532732,61.050399
dzb,0,875.156573,241.841829
dyb,0,255.570355,69.046133
cvx,0,268.193622,74.331847
dyf,0,254.696247,68.886379
dzb2,0,876.120428,242.714540
dxb,0,231.545508,61.226270
cvy,0,1694.860870,371.379633
dzf,0,874.376936,242.324428
dxb2,0,231.114087,61.111324
dyb2,0,255.103447,68.937983
cvz,0,311.589218,86.680037
dzb3,0,876.804476,242.707562
dxb3,0,231.053073,61.137956
dyb3,0,255.601754,69.135424
csxxsyyszz,0,524.960021,143.495223
dyf2,0,256.711775,69.382699
dxf2,0,231.118697,61.156188
csxy,0,221.887698,61.763509
dzf2,0,874.353796,242.671724
dyf3,0,254.666978,68.988139
csyz,0,265.691326,74.095911
dxf3,0,231.163876,61.184513
dzf3,0,874.358345,242.574672
csxz,0,265.273340,73.990893
dxf,1,231.323098,61.262272
dzb,1,875.152919,242.737302
dyb,1,255.576219,69.236541
cvx,1,268.382822,74.576254
dyf,1,254.913005,69.092127
dzb2,1,875.912053,242.958097
dxb,1,231.346906,61.270315
cvy,1,267.453473,74.320248
dzf,1,874.392450,242.920515
dxb2,1,231.047936,61.191383
dyb2,1,255.126890,69.032049
cvz,1,311.340339,86.724819
dzb3,1,876.919816,243.125139
dxb3,1,231.131217,61.253367
dyb3,1,255.088357,69.090481
csxxsyyszz,1,526.684192,144.034282
dyf2,1,255.251446,69.069475
dxf2,1,231.096355,61.218712
csxy,1,221.934944,61.805397
dzf2,1,874.145870,242.802117
dyf3,1,255.355564,69.206697
csyz,1,265.527756,74.112325
dxf3,1,230.989821,61.193384
dzf3,1,875.971175,243.268276
csxz,1,265.454843,74.067865
dxf,2,231.403621,61.270687
dzb,2,875.009676,242.845734
dyb,2,255.561056,69.287249
cvx,2,268.201633,74.524540
dyf,2,255.046498,69.085470
dzb2,2,876.165845,243.355681
dxb,2,231.195637,61.345107
cvy,2,267.656038,74.415466
dzf,2,874.745016,243.103591
dxb2,2,231.089604,61.279036
dyb2,2,255.482527,69.252538
cvz,2,311.521902,86.845063
dzb3,2,876.210081,243.123093
dxb3,2,231.350601,61.335213
dyb3,2,255.416355,69.311127
csxxsyyszz,2,525.772551,144.018775
dyf2,2,254.748583,69.053159
dxf2,2,231.258894,61.314622
csxy,2,221.942665,61.846860
dzf2,2,874.942092,243.096436
dyf3,2,255.134844,69.223194
csyz,2,265.612518,74.205371
dxf3,2,231.190711,61.269134
dzf3,2,874.388115,242.829601
csxz,2,265.460012,74.139152
dxf,3,231.184592,61.319231
dzb,3,875.068637,242.960631
dyb,3,255.541745,69.315075
cvx,3,268.186094,74.576591
dyf,3,254.635618,69.047778
dzb2,3,875.932829,243.336031
dxb,3,231.312644,61.439690
cvy,3,267.530151,74.474450
dzf,3,874.368925,243.186222
dxb2,3,231.180727,61.332469
dyb2,3,255.012873,69.217264
cvz,3,312.582702,87.140390
dzb3,3,875.289360,243.030647
dxb3,3,231.151212,61.322282
dyb3,3,255.601961,69.332528
csxxsyyszz,3,526.072531,143.989685
dyf2,3,254.919100,69.103737
dxf2,3,231.248562,61.346619
csxy,3,222.001661,61.900429
dzf2,3,874.909685,243.239867
dyf3,3,254.658196,69.138828
csyz,3,265.529018,74.172844
dxf3,3,231.092747,61.279001
dzf3,3,874.565163,242.965752
csxz,3,265.562123,74.182216
dxf,4,231.114339,61.298737
dzb,4,875.176066,243.047090
dyb,4,255.453350,69.338437
cvx,4,268.190792,74.618499
dyf,4,255.119525,69.170644
dzb2,4,881.140449,244.859993
dxb,4,232.753607,61.748461
cvy,4,272.479272,75.792494
dzf,4,879.167167,244.380899
dxb2,4,231.195758,61.301231
dyb2,4,256.095147,69.390740
cvz,4,311.319773,86.880594
dzb3,4,876.961787,243.511706
dxb3,4,231.144726,61.294644
dyb3,4,255.214321,69.200815
csxxsyyszz,4,526.571012,144.115651
dyf2,4,254.634448,68.984175
dxf2,4,231.215134,61.321254
csxy,4,221.886315,61.867848
dzf2,4,874.322398,243.127619
dyf3,4,254.773047,69.217033
csyz,4,265.748085,74.292513
dxf3,4,231.048313,61.282961
dzf3,4,874.485787,243.044401
csxz,4,265.564795,74.286468
#========================= OptEWE [OpenMP] =========================
#Source type                                  :  Force monopole
#Grid Size                                    :  1024 x 1024 x 1024
#Iterations                                   :  5
#Compute time                                 :  52.926868
#Total effective MLUPS                        :  101.436364
#===================================================================
#Number of threads                            :  20
