dxf,0,334.792177,69.862083
dzb,0,1341.212102,286.444399
dyb,0,502.687862,101.377752
cvx,0,398.279393,85.813774
dyf,0,451.747841,92.463830
dzb2,0,1345.142748,287.667058
dxb,0,396.205792,81.163825
cvy,0,1982.371147,354.708788
dzf,0,1339.952204,287.165814
dxb2,0,334.326413,70.250709
dyb2,0,500.843614,101.269803
cvz,0,477.774981,103.890870
dzb3,0,1340.990800,287.465902
dxb3,0,335.191646,70.417969
dyb3,0,550.974402,109.867736
csxxsyyszz,0,1034.490256,211.001682
dyf2,0,454.250207,93.087919
dxf2,0,347.093448,72.975152
csxy,0,269.709764,62.077906
dzf2,0,2914.653007,550.924629
dyf3,0,452.852455,92.770165
csyz,0,405.482447,88.231658
dxf3,0,334.596176,70.373242
dzf3,0,1339.957338,287.502403
csxz,0,404.913494,88.181630
dxf,1,333.723699,70.265648
dzb,1,1343.140795,288.047646
dyb,1,502.834269,101.834911
cvx,1,398.272327,86.079965
dyf,1,452.873186,92.989875
dzb2,1,1343.139461,288.016278
dxb,1,396.578395,81.434457
cvy,1,556.702490,114.315187
dzf,1,1342.294713,288.269642
dxb2,1,334.491989,70.464071
dyb2,1,501.070204,101.495229
cvz,1,476.605421,103.298489
dzb3,1,1341.614849,288.032363
dxb3,1,335.116700,70.518819
dyb3,1,550.312884,109.925245
csxxsyyszz,1,1034.708867,211.253762
dyf2,1,453.189373,92.950259
dxf2,1,346.153424,72.892399
csxy,1,269.543041,62.087647
dzf2,1,2914.147871,551.570052
dyf3,1,452.707429,92.897880
csyz,1,405.394137,88.290757
dxf3,1,334.345792,70.447328
dzf3,1,1339.689219,287.647677
csxz,1,404.678584,88.211955
dxf,2,333.590608,70.358116
dzb,2,1341.517899,288.024285
dyb,2,502.497044,101.851861
cvx,2,398.115937,86.158507
dyf,2,452.901574,93.070398
dzb2,2,1344.784678,288.875427
dxb,2,396.427008,81.582037
cvy,2,556.670071,114.460292
dzf,2,1344.517746,288.809097
dxb2,2,334.313834,70.488603
dyb2,2,500.872146,101.608946
cvz,2,476.998743,103.452717
dzb3,2,1341.891558,288.200306
dxb3,2,334.917351,70.569252
dyb3,2,549.839115,109.944245
csxxsyyszz,2,1035.342259,211.555387
dyf2,2,454.573406,93.332092
dxf2,2,346.280848,72.999956
csxy,2,269.669070,62.178123
dzf2,2,2913.264258,551.836948
dyf3,2,454.806928,93.366449
csyz,2,405.793798,88.354743
dxf3,2,334.645865,70.490635
dzf3,2,1340.699085,287.982056
csxz,2,404.041335,88.160001
dxf,3,333.626774,70.386907
dzb,3,1342.878693,288.461626
dyb,3,502.891390,102.255453
cvx,3,398.565160,86.448656
dyf,3,451.599095,92.892336
dzb2,3,1342.819292,288.566638
dxb,3,396.217448,81.550235
cvy,3,556.821341,114.546404
dzf,3,1340.658608,288.703131
dxb2,3,334.402307,70.545947
dyb2,3,502.513989,101.962853
cvz,3,477.815223,103.822437
dzb3,3,1344.362291,289.018159
dxb3,3,335.261310,70.799203
dyb3,3,549.948272,110.286334
csxxsyyszz,3,1034.986327,212.104133
dyf2,3,453.133424,93.174189
dxf2,3,345.969408,72.986333
csxy,3,269.701673,62.214004
dzf2,3,2912.466550,552.138778
dyf3,3,452.954748,93.044535
csyz,3,405.925916,88.468534
dxf3,3,334.658428,70.527270
dzf3,3,1342.291563,288.435254
csxz,3,404.447261,88.252183
dxf,4,334.963903,70.652210
dzb,4,1342.289135,288.338854
dyb,4,502.636510,101.928374
cvx,4,398.778594,86.335190
dyf,4,451.298122,92.844997
dzb2,4,1342.765614,288.403242
dxb,4,396.744488,81.625067
cvy,4,556.873353,114.577812
dzf,4,1341.254783,288.546041
dxb2,4,334.171374,70.535271
dyb2,4,500.812557,101.647862
cvz,4,477.459278,103.553588
dzb3,4,1344.021857,288.816535
dxb3,4,335.140330,70.695713
dyb3,4,549.859905,110.050316
csxxsyyszz,4,1033.904717,211.548263
dyf2,4,453.157996,93.190943
dxf2,4,345.998580,73.021528
csxy,4,269.999252,62.447413
dzf2,4,2914.051051,552.134337
dyf3,4,452.803830,93.110653
csyz,4,406.281293,88.547288
dxf3,4,334.717271,70.598445
dzf3,4,1342.517723,288.620576
csxz,4,404.452349,88.339090
#========================= OptEWE [OpenMP] =========================
#Source type                                  :  Force monopole
#Grid Size                                    :  1024 x 1024 x 1024
#Iterations                                   :  5
#Compute time                                 :  92.257118
#Total effective MLUPS                        :  58.192898
#===================================================================
#Number of threads                            :  14
