dxf,0,386.057388,73.957350
dzb,0,1461.115585,293.324439
dyb,0,396.305878,76.926155
cvx,0,436.258388,88.829377
dyf,0,396.825237,77.069092
dzb2,0,1461.540150,293.980976
dxb,0,387.869343,74.503317
cvy,0,1606.414250,279.317643
dzf,0,1459.429740,293.686129
dxb2,0,386.421704,74.429624
dyb2,0,396.980095,78.259063
cvz,0,513.997057,108.868816
dzb3,0,1458.717919,301.084242
dxb3,0,386.247043,74.460190
dyb3,0,420.927023,82.963392
csxxsyyszz,0,889.994649,180.743949
dyf2,0,396.769715,77.136691
dxf2,0,405.141128,79.270538
csxy,0,321.761325,68.766644
dzf2,0,3620.578410,656.108243
dyf3,0,397.092734,77.150314
csyz,0,484.839664,98.661502
dxf3,0,386.486181,74.354884
dzf3,0,1460.977251,294.064384
csxz,0,486.797396,99.292451
dxf,1,386.031669,74.268810
dzb,1,1461.422936,294.172417
dyb,1,396.731201,77.111136
cvx,1,434.437094,88.636873
dyf,1,396.848669,77.121504
dzb2,1,1461.522880,294.417683
dxb,1,387.797695,74.626755
cvy,1,472.724834,97.150436
dzf,1,1459.574901,293.844339
dxb2,1,386.226897,74.509313
dyb2,1,396.810002,77.164339
cvz,1,514.173631,104.963910
dzb3,1,1461.506870,294.457414
dxb3,1,386.765662,74.641534
dyb3,1,420.984865,82.906957
csxxsyyszz,1,889.659855,180.693307
dyf2,1,396.618446,77.154867
dxf2,1,405.305361,79.287237
csxy,1,322.057867,68.834773
dzf2,1,3609.130273,655.691549
dyf3,1,396.692935,77.123010
csyz,1,484.522340,98.649020
dxf3,1,385.969249,74.306808
dzf3,1,1460.844670,294.079790
csxz,1,486.634321,99.159469
dxf,2,386.047229,74.379260
dzb,2,1461.056201,294.310565
dyb,2,396.700296,77.177766
cvx,2,434.669924,88.713412
dyf,2,397.008083,77.266204
dzb2,2,1461.157173,294.266236
dxb,2,388.073250,74.609195
cvy,2,472.201826,97.032367
dzf,2,1459.273170,293.552617
dxb2,2,386.277044,74.441085
dyb2,2,396.802835,77.123938
cvz,2,514.550122,104.938805
dzb3,2,1461.833483,294.144021
dxb3,2,386.743590,74.470068
dyb3,2,421.726893,83.019255
csxxsyyszz,2,905.563040,183.238230
dyf2,2,396.699211,77.063803
dxf2,2,405.175129,79.217460
csxy,2,322.290814,68.858450
dzf2,2,3618.703437,655.693302
dyf3,2,396.950295,77.158957
csyz,2,484.466346,98.605721
dxf3,2,385.935088,74.323542
dzf3,2,1460.443613,293.997431
csxz,2,485.499386,99.588059
dxf,3,385.180684,77.195134
dzb,3,1460.250585,297.204809
dyb,3,396.518486,77.345636
cvx,3,435.175558,89.043937
dyf,3,396.864457,77.502491
dzb2,3,1461.068772,295.034518
dxb,3,387.693363,74.960111
cvy,3,472.431406,97.094120
dzf,3,1459.638809,294.719526
dxb2,3,386.340664,74.554287
dyb2,3,396.385322,77.176992
cvz,3,514.003961,105.240690
dzb3,3,1461.078840,295.174745
dxb3,3,386.936487,74.832318
dyb3,3,421.580732,83.254468
csxxsyyszz,3,904.089923,183.278157
dyf2,3,396.641101,77.307641
dxf2,3,405.189467,79.380423
csxy,3,321.872650,68.952494
dzf2,3,3618.472664,656.821118
dyf3,3,396.790525,77.367546
csyz,3,484.847847,98.826404
dxf3,3,387.556954,74.670218
dzf3,3,1460.310745,294.533033
csxz,3,486.936568,99.205590
dxf,4,386.154983,74.407983
dzb,4,1461.965630,295.215871
dyb,4,396.538578,77.129865
cvx,4,434.275791,88.914231
dyf,4,396.652906,77.417327
dzb2,4,1461.246421,294.820566
dxb,4,387.841974,74.815238
cvy,4,471.629047,97.156204
dzf,4,1459.886976,295.222913
dxb2,4,386.166728,74.326270
dyb2,4,396.902391,77.113121
cvz,4,513.834536,104.816755
dzb3,4,1460.863614,294.205134
dxb3,4,386.908635,74.461712
dyb3,4,420.946814,82.906944
csxxsyyszz,4,904.155770,183.022804
dyf2,4,396.851002,77.153367
dxf2,4,405.141767,79.156437
csxy,4,321.965562,68.834591
dzf2,4,3620.619437,656.081815
dyf3,4,397.065081,77.126780
csyz,4,484.787084,98.654169
dxf3,4,385.930352,74.245967
dzf3,4,1460.167346,293.798871
csxz,4,487.488693,99.277421
#========================= OptEWE [OpenMP] =========================
#Source type                                  :  Force monopole
#Grid Size                                    :  1024 x 1024 x 1024
#Iterations                                   :  5
#Compute time                                 :  97.522705
#Total effective MLUPS                        :  55.050863
#===================================================================
#Number of threads                            :  12
