dxf,0,341.067228,60.014531
dzb,0,1631.595240,281.610783
dyb,0,680.526466,110.090495
cvx,0,612.919244,102.639140
dyf,0,389.900016,69.166865
dzb2,0,1631.618900,279.427718
dxb,0,687.350331,108.990540
cvy,0,3113.460910,448.616972
dzf,0,1388.531127,248.095418
dxb2,0,687.072920,108.968616
dyb2,0,681.445357,110.222412
cvz,0,764.017536,126.345532
dzb3,0,1391.713245,248.260206
dxb3,0,687.662387,109.007460
dyb3,0,812.722530,128.328909
csxxsyyszz,0,927.657512,162.682440
dyf2,0,390.351832,69.155630
dxf2,0,824.865382,127.109156
csxy,0,459.701497,78.266421
dzf2,0,2831.297285,438.803596
dyf3,0,682.368848,110.160666
csyz,0,607.451493,101.479682
dxf3,0,340.719295,60.111300
dzf3,0,1628.338450,281.403724
csxz,0,607.409488,101.483012
dxf,1,340.443194,60.080010
dzb,1,1629.609512,281.608581
dyb,1,682.342163,110.371710
cvx,1,611.717768,102.515613
dyf,1,390.966597,69.337600
dzb2,1,1630.190838,279.867775
dxb,1,688.053873,109.079596
cvy,1,835.846154,134.214595
dzf,1,1386.581084,247.781059
dxb2,1,687.797795,109.076592
dyb2,1,680.741081,110.098887
cvz,1,763.388888,126.270506
dzb3,1,1389.501980,248.174812
dxb3,1,687.326576,109.008845
dyb3,1,812.374696,128.148986
csxxsyyszz,1,928.856742,162.809981
dyf2,1,390.425388,69.148493
dxf2,1,824.616430,128.279889
csxy,1,460.466660,78.398184
dzf2,1,2828.296611,440.786642
dyf3,1,680.931238,110.043278
csyz,1,607.374413,101.470171
dxf3,1,340.780203,60.113701
dzf3,1,1626.913972,279.320785
csxz,1,607.718510,101.484373
dxf,2,340.533085,60.104461
dzb,2,1630.006538,280.223036
dyb,2,680.715714,110.127847
cvx,2,612.747112,102.663830
dyf,2,390.779168,69.340248
dzb2,2,1631.299921,281.881477
dxb,2,687.850750,109.169474
cvy,2,835.734073,134.005886
dzf,2,1387.040122,247.846538
dxb2,2,687.121457,109.009223
dyb2,2,681.794114,110.263225
cvz,2,763.991820,126.412430
dzb3,2,1390.419228,248.245513
dxb3,2,687.087167,108.992565
dyb3,2,812.750689,128.378661
csxxsyyszz,2,930.166367,163.080890
dyf2,2,390.757935,69.240909
dxf2,2,824.824880,127.306749
csxy,2,459.924551,78.319986
dzf2,2,2834.843155,440.225466
dyf3,2,682.785875,110.273659
csyz,2,607.442645,101.461995
dxf3,2,340.461158,60.070736
dzf3,2,1625.978217,281.113838
csxz,2,608.475255,101.797284
dxf,3,340.730772,60.124284
dzb,3,1630.411314,280.929877
dyb,3,683.206620,110.476378
cvx,3,611.719334,102.524357
dyf,3,391.617381,69.458647
dzb2,3,1630.833401,280.081140
dxb,3,688.009524,109.134137
cvy,3,836.271361,134.280927
dzf,3,1384.762949,247.539859
dxb2,3,688.540085,109.156802
dyb2,3,682.767697,110.411345
cvz,3,764.356944,126.424860
dzb3,3,1387.751753,247.959710
dxb3,3,688.423551,109.155288
dyb3,3,812.961222,128.275590
csxxsyyszz,3,932.354073,163.330162
dyf2,3,391.580443,69.339255
dxf2,3,825.629235,128.455227
csxy,3,459.744000,78.323896
dzf2,3,2830.751246,441.086908
dyf3,3,682.612234,110.251728
csyz,3,607.628204,101.482513
dxf3,3,340.867853,60.140001
dzf3,3,1626.733300,279.114653
csxz,3,608.731951,101.660978
dxf,4,340.824295,60.169314
dzb,4,1632.789652,280.387024
dyb,4,681.216231,110.125882
cvx,4,612.918434,102.679557
dyf,4,390.275979,69.234160
dzb2,4,1631.795872,281.969298
dxb,4,687.971057,109.198053
cvy,4,836.454818,134.470714
dzf,4,1387.380578,247.917237
dxb2,4,687.426413,109.020439
dyb2,4,681.213568,110.217959
cvz,4,763.641371,126.322002
dzb3,4,1391.073181,248.104087
dxb3,4,687.791333,109.061217
dyb3,4,812.159847,128.306162
csxxsyyszz,4,930.687230,163.199671
dyf2,4,390.429255,69.205825
dxf2,4,825.020227,127.021188
csxy,4,460.378883,78.345124
dzf2,4,2828.510730,439.496959
dyf3,4,682.489915,110.213138
csyz,4,607.416884,101.456072
dxf3,4,340.628436,60.113697
dzf3,4,1627.686125,281.274697
csxz,4,607.689914,101.529213
#========================= OptEWE [OpenMP] =========================
#Source type                                  :  Force monopole
#Grid Size                                    :  1024 x 1024 x 1024
#Iterations                                   :  5
#Compute time                                 :  114.896149
#Total effective MLUPS                        :  46.726624
#===================================================================
#Number of threads                            :  22
