dxf,0,246.616869,61.170056
dzb,0,943.642242,244.992237
dyb,0,265.950184,68.380323
cvx,0,272.118873,72.340665
dyf,0,265.407894,68.396333
dzb2,0,944.980467,245.254141
dxb,0,245.622393,61.359356
cvy,0,1729.243150,359.921448
dzf,0,946.604055,246.426841
dxb2,0,245.366930,61.389165
dyb2,0,265.668422,68.312976
cvz,0,327.552500,86.524882
dzb3,0,945.885383,246.487786
dxb3,0,245.041628,61.337539
dyb3,0,298.517389,75.059708
csxxsyyszz,0,518.060907,137.304817
dyf2,0,266.156275,68.577943
dxf2,0,298.223496,72.133303
csxy,0,249.585442,64.793274
dzf2,0,2471.145413,507.957766
dyf3,0,265.225183,68.109353
csyz,0,384.018934,94.318182
dxf3,0,245.653671,61.422119
dzf3,0,943.518423,246.112656
csxz,0,383.569012,94.326841
dxf,1,245.685319,61.502270
dzb,1,943.264748,245.833627
dyb,1,266.000805,68.433792
cvx,1,272.154203,72.418469
dyf,1,265.525829,68.455814
dzb2,1,948.169196,246.024200
dxb,1,245.397189,61.362087
cvy,1,385.501314,94.874287
dzf,1,945.001878,246.326159
dxb2,1,245.323300,61.327223
dyb2,1,265.480769,68.307852
cvz,1,327.663994,86.585333
dzb3,1,946.026725,246.763406
dxb3,1,245.052576,61.359502
dyb3,1,297.840439,74.947461
csxxsyyszz,1,517.410518,137.221204
dyf2,1,265.608544,68.432995
dxf2,1,298.363554,72.155246
csxy,1,249.441419,64.769798
dzf2,1,2468.913940,509.943791
dyf3,1,265.145177,68.642683
csyz,1,384.390872,95.190762
dxf3,1,245.456208,61.915954
dzf3,1,944.628507,246.506844
csxz,1,384.188486,94.475156
dxf,2,245.693143,61.544887
dzb,2,943.325133,245.969277
dyb,2,266.078675,68.536727
cvx,2,271.784130,72.405705
dyf,2,265.657392,68.482270
dzb2,2,945.378503,246.502072
dxb,2,245.487329,61.484884
cvy,2,385.526364,94.928020
dzf,2,945.254704,246.691882
dxb2,2,245.282830,61.382399
dyb2,2,265.647072,68.339449
cvz,2,327.556390,86.580295
dzb3,2,946.018013,245.299446
dxb3,2,245.308054,61.298583
dyb3,2,297.807606,74.983397
csxxsyyszz,2,518.227025,137.418107
dyf2,2,265.469650,68.424925
dxf2,2,298.313411,72.110056
csxy,2,249.587014,64.811084
dzf2,2,2471.241900,510.522664
dyf3,2,265.112234,67.949406
csyz,2,384.135854,94.334210
dxf3,2,245.539310,61.401477
dzf3,2,943.874467,245.394745
csxz,2,383.677686,94.288166
dxf,3,245.722676,61.536492
dzb,3,943.245449,245.870145
dyb,3,266.031768,68.459998
cvx,3,273.053495,72.651590
dyf,3,265.530960,68.531973
dzb2,3,944.770181,246.476028
dxb,3,245.404326,61.432799
cvy,3,385.114350,94.858289
dzf,3,945.478386,247.079729
dxb2,3,245.217499,61.375109
dyb2,3,265.703468,68.374357
cvz,3,328.954850,86.877721
dzb3,3,945.617540,246.776215
dxb3,3,245.871919,61.597260
dyb3,3,298.169234,75.033416
csxxsyyszz,3,517.555091,137.340943
dyf2,3,265.727247,68.474402
dxf2,3,298.414119,72.176426
csxy,3,249.494076,64.819628
dzf2,3,2471.441717,510.211166
dyf3,3,265.073683,67.983580
csyz,3,384.230260,94.414381
dxf3,3,245.187478,61.384719
dzf3,3,943.456593,246.286841
csxz,3,383.867905,94.467396
dxf,4,245.839377,61.635762
dzb,4,943.034953,246.024216
dyb,4,266.010036,68.558254
cvx,4,272.189766,72.503305
dyf,4,266.221836,68.640034
dzb2,4,946.788438,246.572965
dxb,4,245.488955,61.426031
cvy,4,385.726543,94.977559
dzf,4,945.298522,246.800518
dxb2,4,245.032042,61.353492
dyb2,4,265.583368,68.396917
cvz,4,327.274848,86.547533
dzb3,4,945.824671,246.852617
dxb3,4,245.152763,61.396374
dyb3,4,297.914728,75.045864
csxxsyyszz,4,517.794519,137.429670
dyf2,4,265.760435,68.539067
dxf2,4,298.379418,72.162563
csxy,4,249.940542,64.943712
dzf2,4,2472.851928,507.852206
dyf3,4,265.087637,68.005030
csyz,4,384.167018,94.377070
dxf3,4,245.486410,61.466764
dzf3,4,945.860483,246.680557
csxz,4,383.916815,94.475066
#========================= OptEWE [OpenMP] =========================
#Source type                                  :  Force monopole
#Grid Size                                    :  1024 x 1024 x 1024
#Iterations                                   :  5
#Compute time                                 :  65.689423
#Total effective MLUPS                        :  81.728669
#===================================================================
#Number of threads                            :  19
