dxf,0,248.410676,56.149878
dzb,0,988.689034,230.694227
dyb,0,274.909848,63.650842
cvx,0,296.241323,69.661444
dyf,0,273.659051,63.419737
dzb2,0,989.471529,231.382444
dxb,0,245.067247,55.821878
cvy,0,2080.076768,385.315354
dzf,0,988.199927,231.041511
dxb2,0,244.895480,55.847119
dyb2,0,274.277819,63.650340
cvz,0,345.553962,81.442810
dzb3,0,988.921284,231.417688
dxb3,0,246.169773,56.046801
dyb3,0,274.583725,63.716356
csxxsyyszz,0,577.925017,134.963330
dyf2,0,273.998653,63.584375
dxf2,0,245.690034,55.959261
csxy,0,243.413588,57.513538
dzf2,0,986.885274,231.217200
dyf3,0,274.178363,63.614967
csyz,0,293.274978,69.269560
dxf3,0,244.752770,55.845169
dzf3,0,987.562813,231.095184
csxz,0,292.723722,69.170539
dxf,1,246.728299,56.249450
dzb,1,988.820793,231.229494
dyb,1,274.953477,63.760066
cvx,1,296.646479,69.904791
dyf,1,273.811235,63.661359
dzb2,1,989.050029,231.829678
dxb,1,245.212768,56.040175
cvy,1,295.848554,69.802451
dzf,1,986.921927,231.503983
dxb2,1,245.163851,55.996737
dyb2,1,274.426043,63.842707
cvz,1,346.192532,81.812854
dzb3,1,988.833832,230.987582
dxb3,1,245.962117,56.066540
dyb3,1,275.136639,63.880617
csxxsyyszz,1,578.482952,135.220137
dyf2,1,274.247427,63.748738
dxf2,1,245.138219,55.980338
csxy,1,243.529975,57.624285
dzf2,1,986.948761,231.632148
dyf3,1,273.580646,63.654505
csyz,1,293.264353,69.386344
dxf3,1,245.241444,56.666162
dzf3,1,988.179625,231.925253
csxz,1,292.632473,69.166644
dxf,2,246.557030,56.186667
dzb,2,988.539396,231.504188
dyb,2,274.784951,63.765539
cvx,2,296.426601,69.938149
dyf,2,273.537785,63.557373
dzb2,2,988.896771,231.294958
dxb,2,245.124171,55.929370
cvy,2,295.709285,69.784776
dzf,2,987.789308,231.607622
dxb2,2,244.859678,55.930030
dyb2,2,274.256100,63.734855
cvz,2,346.521111,81.742635
dzb3,2,988.053620,231.135302
dxb3,2,245.291160,55.956548
dyb3,2,274.505127,63.746479
csxxsyyszz,2,578.350150,135.385534
dyf2,2,273.965748,63.648593
dxf2,2,244.950831,55.904674
csxy,2,243.514592,57.613563
dzf2,2,987.272578,231.545361
dyf3,2,274.131791,63.708078
csyz,2,293.169544,69.362173
dxf3,2,244.676971,55.884318
dzf3,2,987.900637,231.589774
csxz,2,292.754889,69.310341
dxf,3,246.689838,56.291660
dzb,3,988.672021,231.770556
dyb,3,274.886456,63.942970
cvx,3,296.287038,69.937410
dyf,3,273.524790,63.592523
dzb2,3,990.164370,231.457902
dxb,3,245.101077,55.961189
cvy,3,295.728805,69.798842
dzf,3,987.681468,231.631147
dxb2,3,245.044740,56.035877
dyb2,3,274.307659,63.834919
cvz,3,345.412574,81.591400
dzb3,3,988.281814,231.626548
dxb3,3,245.231339,55.984973
dyb3,3,274.366559,63.791715
csxxsyyszz,3,574.164417,134.489289
dyf2,3,274.261020,63.760469
dxf2,3,245.077396,56.021640
csxy,3,243.490156,57.678841
dzf2,3,987.022604,231.715900
dyf3,3,273.895830,63.777140
csyz,3,293.164763,69.399054
dxf3,3,244.619315,55.931186
dzf3,3,987.416075,231.508254
csxz,3,292.738493,69.334463
dxf,4,246.576667,56.303991
dzb,4,990.214331,232.292223
dyb,4,274.775850,63.879908
cvx,4,296.383399,70.015479
dyf,4,274.059474,63.745636
dzb2,4,989.945196,231.956965
dxb,4,245.053570,56.050050
cvy,4,295.552575,69.778518
dzf,4,986.690996,231.514977
dxb2,4,245.116053,56.025639
dyb2,4,274.918626,63.873880
cvz,4,345.510711,81.631135
dzb3,4,988.794267,231.959643
dxb3,4,245.338702,56.084600
dyb3,4,274.602153,63.863530
csxxsyyszz,4,578.469771,135.290113
dyf2,4,273.974228,63.726404
dxf2,4,244.872765,55.990505
csxy,4,243.457029,57.635469
dzf2,4,987.208933,230.819973
dyf3,4,273.949077,63.698638
csyz,4,293.071896,69.386881
dxf3,4,244.617022,55.914254
dzf3,4,987.906792,230.837801
csxz,4,293.152790,69.470787
#========================= OptEWE [OpenMP] =========================
#Source type                                  :  Force monopole
#Grid Size                                    :  1024 x 1024 x 1024
#Iterations                                   :  5
#Compute time                                 :  58.747932
#Total effective MLUPS                        :  91.385499
#===================================================================
#Number of threads                            :  20
