dxf,0,293.813392,61.481571
dzb,0,1270.121809,266.041834
dyb,0,435.638833,87.499104
cvx,0,383.959625,80.633888
dyf,0,433.252507,87.175382
dzb2,0,1270.344432,266.936610
dxb,0,294.080354,61.777488
cvy,0,2196.192796,379.858038
dzf,0,1268.662441,266.396879
dxb2,0,293.306685,61.775482
dyb2,0,432.630522,87.155983
cvz,0,403.943001,87.330106
dzb3,0,1270.745565,267.047373
dxb3,0,294.778887,62.058423
dyb3,0,432.855557,87.226377
csxxsyyszz,0,1032.326532,204.308922
dyf2,0,432.287612,87.107197
dxf2,0,292.794607,61.731982
csxy,0,276.583422,61.070588
dzf2,0,1269.155141,266.961809
dyf3,0,433.354437,87.409705
csyz,0,330.213196,73.252997
dxf3,0,292.188308,61.647756
dzf3,0,1268.490966,267.050802
csxz,0,330.103618,73.202464
dxf,1,292.907256,61.851251
dzb,1,1270.125805,267.261248
dyb,1,433.526788,87.423664
cvx,1,383.622261,80.838176
dyf,1,431.853353,87.214179
dzb2,1,1272.253172,268.435925
dxb,1,293.003154,61.752648
cvy,1,382.447971,80.613855
dzf,1,1268.463251,267.039723
dxb2,1,293.166912,61.845795
dyb2,1,432.570851,87.280885
cvz,1,403.878286,87.442763
dzb3,1,1272.527276,267.658351
dxb3,1,294.754871,62.136640
dyb3,1,432.969309,87.361033
csxxsyyszz,1,1024.534410,203.166367
dyf2,1,432.191298,87.203679
dxf2,1,292.730944,61.798463
csxy,1,276.724966,61.199143
dzf2,1,1268.923014,267.332847
dyf3,1,432.538020,87.321476
csyz,1,330.234569,73.334577
dxf3,1,292.838489,61.831003
dzf3,1,1269.307552,267.416679
csxz,1,331.039839,73.344708
dxf,2,293.073642,61.873060
dzb,2,1268.688825,267.072477
dyb,2,433.364890,87.475697
cvx,2,385.388826,81.174013
dyf,2,431.873710,87.247464
dzb2,2,1268.995133,267.607460
dxb,2,292.780777,61.757074
cvy,2,382.133371,80.594190
dzf,2,1267.810966,267.120346
dxb2,2,293.064325,61.868237
dyb2,2,433.487765,87.510465
cvz,2,403.582628,87.407774
dzb3,2,1270.062100,267.398363
dxb3,2,294.479992,62.135401
dyb3,2,432.676157,87.398712
csxxsyyszz,2,1030.627152,204.510327
dyf2,2,432.066613,87.254680
dxf2,2,292.573298,61.809715
csxy,2,276.587753,61.176384
dzf2,2,1269.998554,267.705147
dyf3,2,432.793284,87.516983
csyz,2,330.457965,73.407204
dxf3,2,292.614437,61.825373
dzf3,2,1271.293430,267.912975
csxz,2,330.329944,73.322550
dxf,3,293.083424,61.941566
dzb,3,1269.686036,267.509405
dyb,3,433.694178,87.596875
cvx,3,383.574841,80.942135
dyf,3,432.064705,87.343645
dzb2,3,1270.248472,267.960381
dxb,3,292.757512,61.780173
cvy,3,383.908509,80.950597
dzf,3,1268.971715,267.448397
dxb2,3,293.013474,61.864827
dyb2,3,432.615735,87.353363
cvz,3,405.816456,87.846548
dzb3,3,1271.282280,267.736236
dxb3,3,294.439638,62.280696
dyb3,3,432.927863,87.397559
csxxsyyszz,3,1035.905343,205.271831
dyf2,3,432.342994,87.263052
dxf2,3,292.872601,61.839326
csxy,3,276.739264,61.176796
dzf2,3,1268.869126,267.431896
dyf3,3,433.897077,87.692093
csyz,3,330.313604,73.364938
dxf3,3,292.953933,61.879417
dzf3,3,1270.154257,267.714460
csxz,3,330.328604,73.312551
dxf,4,292.804919,61.902718
dzb,4,1269.043281,267.316197
dyb,4,433.645585,87.519272
cvx,4,385.112662,81.132389
dyf,4,432.005085,87.243375
dzb2,4,1269.201451,267.654333
dxb,4,292.990212,61.815950
cvy,4,382.277932,80.666988
dzf,4,1268.644703,267.285326
dxb2,4,293.170074,61.909319
dyb2,4,432.368151,87.316945
cvz,4,404.141102,87.499533
dzb3,4,1271.286520,267.663353
dxb3,4,294.651689,62.163790
dyb3,4,432.688361,87.332012
csxxsyyszz,4,1035.700167,205.240912
dyf2,4,432.242659,87.249896
dxf2,4,293.314311,61.938038
csxy,4,276.498601,61.133292
dzf2,4,1271.200510,267.776308
dyf3,4,434.052323,87.683296
csyz,4,330.365135,73.380239
dxf3,4,292.579148,61.830606
dzf3,4,1269.195604,267.703278
csxz,4,330.235959,73.473598
#========================= OptEWE [OpenMP] =========================
#Source type                                  :  Force monopole
#Grid Size                                    :  1024 x 1024 x 1024
#Iterations                                   :  5
#Compute time                                 :  77.394089
#Total effective MLUPS                        :  69.368465
#===================================================================
#Number of threads                            :  16
