dxf,0,272.228510,58.654562
dzb,0,1120.418610,243.506427
dyb,0,275.885212,60.881117
cvx,0,331.999467,74.019803
dyf,0,275.927779,60.985516
dzb2,0,1118.602391,243.468423
dxb,0,271.591349,58.746675
cvy,0,2112.971214,377.550789
dzf,0,1116.489760,245.888763
dxb2,0,272.656874,59.036680
dyb2,0,275.906522,61.088143
cvz,0,388.577871,86.546751
dzb3,0,1118.777283,244.884234
dxb3,0,271.116520,58.783001
dyb3,0,332.078572,70.881125
csxxsyyszz,0,579.564375,131.929697
dyf2,0,275.881496,61.051727
dxf2,0,332.914025,69.733650
csxy,0,278.800974,62.202861
dzf2,0,2816.819714,503.372567
dyf3,0,275.798277,60.906364
csyz,0,428.971499,90.558749
dxf3,0,270.827419,58.722004
dzf3,0,1121.020632,245.880472
csxz,0,428.784268,90.628539
dxf,1,270.992912,58.802596
dzb,1,1118.876136,245.128772
dyb,1,276.385197,61.105112
cvx,1,332.132017,74.181286
dyf,1,275.899383,61.144332
dzb2,1,1118.854218,245.158560
dxb,1,272.208254,58.932837
cvy,1,382.268752,82.907022
dzf,1,1117.195817,245.857828
dxb2,1,272.322779,59.010432
dyb2,1,276.168936,61.169183
cvz,1,388.237423,86.606808
dzb3,1,1118.784664,244.526115
dxb3,1,271.234102,58.895180
dyb3,1,331.766978,70.959027
csxxsyyszz,1,577.848264,131.860554
dyf2,1,275.844708,61.193707
dxf2,1,332.715907,69.830119
csxy,1,278.970948,62.345148
dzf2,1,2821.431153,508.258372
dyf3,1,275.961611,61.057128
csyz,1,429.855932,90.758443
dxf3,1,271.040410,58.787472
dzf3,1,1121.798395,245.517759
csxz,1,428.928944,90.738419
dxf,2,270.913429,58.817719
dzb,2,1119.461431,244.527544
dyb,2,276.378790,61.248347
cvx,2,332.286864,74.249572
dyf,2,275.919825,61.188831
dzb2,2,1118.644806,244.448479
dxb,2,271.629305,58.878884
cvy,2,381.844154,82.853076
dzf,2,1116.417813,245.042345
dxb2,2,271.917400,59.041807
dyb2,2,276.600514,61.371857
cvz,2,388.406345,86.637394
dzb3,2,1119.126758,244.603316
dxb3,2,271.272411,58.958523
dyb3,2,332.097169,71.030760
csxxsyyszz,2,578.144927,132.002943
dyf2,2,275.932963,61.133096
dxf2,2,333.109887,69.891673
csxy,2,278.209081,62.152156
dzf2,2,2819.109066,506.480262
dyf3,2,275.718155,61.000152
csyz,2,429.292681,90.723187
dxf3,2,270.833240,58.779897
dzf3,2,1121.197794,244.834074
csxz,2,428.491572,90.807327
dxf,3,270.813772,58.912448
dzb,3,1119.166258,244.284486
dyb,3,276.204792,61.325659
cvx,3,331.946193,74.412516
dyf,3,275.881058,61.281946
dzb2,3,1118.776523,244.314565
dxb,3,271.634867,59.118143
cvy,3,382.089513,83.236681
dzf,3,1118.150668,245.300786
dxb2,3,272.876939,59.346625
dyb2,3,276.021730,61.383309
cvz,3,388.270034,86.891969
dzb3,3,1118.802886,243.413667
dxb3,3,271.168195,58.969272
dyb3,3,331.884310,71.024985
csxxsyyszz,3,577.723964,131.885697
dyf2,3,275.694623,61.204702
dxf2,3,332.494669,69.830349
csxy,3,278.537673,62.402509
dzf2,3,2819.495001,506.286115
dyf3,3,275.708055,61.069830
csyz,3,429.487471,90.815049
dxf3,3,270.942635,58.828916
dzf3,3,1121.243500,244.737597
csxz,3,428.621338,90.939615
dxf,4,270.990872,58.998173
dzb,4,1119.667674,243.337689
dyb,4,276.198714,61.278111
cvx,4,331.922207,74.251768
dyf,4,276.438901,61.681796
dzb2,4,1118.669790,243.277463
dxb,4,271.895172,59.145042
cvy,4,381.974622,82.975632
dzf,4,1116.693073,243.930009
dxb2,4,272.347111,59.081306
dyb2,4,276.162020,61.282884
cvz,4,388.286055,86.656111
dzb3,4,1118.568764,243.968330
dxb3,4,271.149885,58.829716
dyb3,4,331.967783,70.988891
csxxsyyszz,4,577.933011,131.836722
dyf2,4,275.918129,61.191069
dxf2,4,332.549431,69.818701
csxy,4,278.199314,62.172701
dzf2,4,2820.663921,505.667090
dyf3,4,275.738544,61.038010
csyz,4,429.244797,90.728878
dxf3,4,270.894196,58.769598
dzf3,4,1121.077175,243.486002
csxz,4,428.772424,90.711166
#========================= OptEWE [OpenMP] =========================
#Source type                                  :  Force monopole
#Grid Size                                    :  1024 x 1024 x 1024
#Iterations                                   :  5
#Compute time                                 :  74.903412
#Total effective MLUPS                        :  71.675094
#===================================================================
#Number of threads                            :  19
