dxf,0,197.841300,50.319293
dzb,0,728.244959,198.954273
dyb,0,220.410140,56.168966
cvx,0,243.694275,63.486709
dyf,0,219.796122,56.155919
dzb2,0,728.201645,199.704932
dxb,0,196.801730,50.682159
cvy,0,2029.815009,401.488978
dzf,0,726.870210,199.801190
dxb2,0,196.559570,50.711003
dyb2,0,220.017362,56.296198
cvz,0,262.050088,71.071034
dzb3,0,727.418464,200.254107
dxb3,0,198.402629,51.109136
dyb3,0,220.833084,56.527300
csxxsyyszz,0,659.412924,158.776353
dyf2,0,219.311491,56.225486
dxf2,0,195.586718,50.546010
csxy,0,185.707603,50.891206
dzf2,0,726.776104,200.540533
dyf3,0,220.226231,56.471411
csyz,0,222.205118,61.211557
dxf3,0,195.706046,50.692583
dzf3,0,727.300655,200.664765
csxz,0,221.706216,61.278528
dxf,1,195.505979,50.687033
dzb,1,728.288235,200.883838
dyb,1,220.565495,56.557910
cvx,1,243.650703,63.922879
dyf,1,219.426116,56.388415
dzb2,1,728.474954,200.911267
dxb,1,196.650333,50.905743
cvy,1,243.268317,63.834101
dzf,1,726.370301,200.769420
dxb2,1,196.475828,50.944047
dyb2,1,219.513484,56.400437
cvz,1,262.391695,71.432286
dzb3,1,727.671716,200.964656
dxb3,1,198.219980,51.275419
dyb3,1,220.365012,56.583927
csxxsyyszz,1,659.438069,159.223488
dyf2,1,219.296052,56.366278
dxf2,1,195.993724,50.758394
csxy,1,185.487147,50.957137
dzf2,1,726.950464,201.070574
dyf3,1,220.167200,56.634664
csyz,1,222.129535,61.331798
dxf3,1,195.502713,50.772028
dzf3,1,726.923840,200.939143
csxz,1,221.840671,61.354861
dxf,2,195.868872,50.833936
dzb,2,728.024314,201.113096
dyb,2,220.498184,56.696339
cvx,2,243.649280,64.019220
dyf,2,219.359610,56.438943
dzb2,2,728.514832,201.214544
dxb,2,196.721186,51.017105
cvy,2,243.285085,63.931595
dzf,2,726.755017,201.154653
dxb2,2,196.543012,51.025989
dyb2,2,219.675117,56.496388
cvz,2,262.287264,71.491037
dzb3,2,727.680384,201.238558
dxb3,2,198.306754,51.359837
dyb3,2,220.468428,56.671433
csxxsyyszz,2,662.763506,160.131869
dyf2,2,219.268344,56.443986
dxf2,2,195.580943,50.755735
csxy,2,185.492596,50.994591
dzf2,2,727.744891,201.301444
dyf3,2,220.636691,56.744625
csyz,2,222.161402,61.326091
dxf3,2,195.399316,50.759434
dzf3,2,727.124709,201.175154
csxz,2,221.879206,61.432804
dxf,3,195.559454,50.847690
dzb,3,728.180630,201.267251
dyb,3,220.468786,56.764256
cvx,3,243.594395,64.061720
dyf,3,219.352351,56.530003
dzb2,3,728.295932,201.274178
dxb,3,196.398548,50.970629
cvy,3,243.240641,63.964593
dzf,3,726.570184,201.164124
dxb2,3,196.609907,51.072401
dyb2,3,219.512158,56.506749
cvz,3,262.467518,71.575959
dzb3,3,727.565766,201.278594
dxb3,3,197.564110,51.253366
dyb3,3,220.442924,56.671332
csxxsyyszz,3,668.521682,161.407571
dyf2,3,219.262553,56.404794
dxf2,3,195.460329,50.778508
csxy,3,185.634174,51.078185
dzf2,3,726.963381,201.315178
dyf3,3,220.282492,56.749904
csyz,3,222.002457,61.368440
dxf3,3,195.712970,50.895181
dzf3,3,728.234609,201.524957
csxz,3,221.860257,61.475436
dxf,4,195.961890,50.965508
dzb,4,728.123716,201.461728
dyb,4,220.421182,56.761556
cvx,4,243.617414,64.100090
dyf,4,219.258560,56.540804
dzb2,4,728.750049,201.558407
dxb,4,197.051909,51.179900
cvy,4,243.283518,64.019436
dzf,4,726.536702,201.309293
dxb2,4,195.756266,50.952771
dyb2,4,219.711278,56.573789
cvz,4,262.266780,71.546426
dzb3,4,727.379058,201.394069
dxb3,4,198.482987,51.457333
dyb3,4,220.418508,56.709114
csxxsyyszz,4,659.315666,159.638547
dyf2,4,219.351489,56.486481
dxf2,4,195.611989,50.788740
csxy,4,185.667676,51.106143
dzf2,4,728.394898,201.720605
dyf3,4,220.155278,56.723452
csyz,4,221.973269,61.413184
dxf3,4,195.480692,50.860329
dzf3,4,727.201297,201.477025
csxz,4,221.849000,61.648306
#========================= OptEWE [OpenMP] =========================
#Source type                                  :  Force monopole
#Grid Size                                    :  1024 x 1024 x 1024
#Iterations                                   :  5
#Compute time                                 :  46.309341
#Total effective MLUPS                        :  115.931450
#===================================================================
#Number of threads                            :  24
