dxf,0,274.186611,63.656493
dzb,0,1032.298535,249.711038
dyb,0,280.414580,66.403314
cvx,0,281.530357,71.315343
dyf,0,280.273984,66.544943
dzb2,0,1032.320559,248.726725
dxb,0,274.252187,63.968327
cvy,0,1643.759040,325.543097
dzf,0,1030.118036,249.844667
dxb2,0,274.388494,64.087855
dyb2,0,280.614080,66.680670
cvz,0,397.452369,95.946518
dzb3,0,1033.364481,250.775338
dxb3,0,274.350639,64.078765
dyb3,0,312.469211,72.957578
csxxsyyszz,0,604.621877,146.870857
dyf2,0,280.453327,66.620717
dxf2,0,311.712899,71.315030
csxy,0,253.764522,62.841548
dzf2,0,2647.863365,520.748073
dyf3,0,280.891497,66.619219
csyz,0,392.484570,91.403079
dxf3,0,273.539215,64.006807
dzf3,0,1030.787509,249.097611
csxz,0,393.463871,91.722029
dxf,1,274.073823,64.488775
dzb,1,1032.210742,252.521018
dyb,1,280.513586,66.592009
cvx,1,281.288832,71.416922
dyf,1,279.922622,66.632914
dzb2,1,1032.244375,249.949633
dxb,1,274.748857,64.159207
cvy,1,469.233855,106.415710
dzf,1,1030.163783,250.367725
dxb2,1,274.250247,64.091710
dyb2,1,280.754662,66.751535
cvz,1,397.274393,96.004118
dzb3,1,1031.758157,250.990522
dxb3,1,274.911587,64.266807
dyb3,1,312.081275,72.889860
csxxsyyszz,1,604.178823,146.830156
dyf2,1,280.153027,66.629354
dxf2,1,311.612423,71.350407
csxy,1,254.168982,62.949886
dzf2,1,2648.304230,521.360398
dyf3,1,280.641742,66.558740
csyz,1,393.493678,91.585651
dxf3,1,273.745391,64.021704
dzf3,1,1031.470809,249.505094
csxz,1,393.236261,91.649806
dxf,2,273.814048,64.102979
dzb,2,1032.162529,251.188324
dyb,2,280.590372,66.784238
cvx,2,281.926976,71.706207
dyf,2,280.311171,66.840172
dzb2,2,1033.095385,250.729499
dxb,2,274.268146,64.174521
cvy,2,469.071770,106.479040
dzf,2,1030.080172,250.712350
dxb2,2,274.052515,64.093534
dyb2,2,280.655104,66.740927
cvz,2,397.035589,95.984719
dzb3,2,1031.904862,251.436150
dxb3,2,274.107353,64.135284
dyb3,2,312.216475,72.950645
csxxsyyszz,2,605.027837,147.091658
dyf2,2,280.591777,66.758578
dxf2,2,311.511143,71.403353
csxy,2,253.691515,62.891866
dzf2,2,2643.590013,521.616902
dyf3,2,280.594605,66.565223
csyz,2,392.219695,91.393906
dxf3,2,273.779674,64.043660
dzf3,2,1030.770129,249.874354
csxz,2,392.899143,91.686603
dxf,3,273.555065,64.046948
dzb,3,1032.454164,247.993687
dyb,3,280.427804,66.750268
cvx,3,281.373666,71.506691
dyf,3,280.234409,66.755039
dzb2,3,1032.184480,250.740713
dxb,3,274.497114,64.238042
cvy,3,469.423817,106.575026
dzf,3,1030.717321,251.300762
dxb2,3,274.610602,64.264103
dyb2,3,280.620671,66.733360
cvz,3,397.698437,96.139732
dzb3,3,1031.975959,251.789765
dxb3,3,274.645370,64.270622
dyb3,3,312.325674,72.993815
csxxsyyszz,3,610.475444,148.117224
dyf2,3,279.760327,66.589552
dxf2,3,311.195116,71.336010
csxy,3,253.664753,62.867326
dzf2,3,2646.987704,521.711467
dyf3,3,280.817297,66.686140
csyz,3,392.132048,91.375349
dxf3,3,273.713883,64.089358
dzf3,3,1030.830774,250.067104
csxz,3,393.326590,91.760851
dxf,4,274.380762,64.240140
dzb,4,1033.040962,248.344413
dyb,4,280.564637,66.693172
cvx,4,281.282550,71.466887
dyf,4,280.271878,66.761604
dzb2,4,1031.876363,250.835228
dxb,4,274.349215,64.199454
cvy,4,469.354815,106.527472
dzf,4,1030.029392,251.356235
dxb2,4,274.070813,64.144733
dyb2,4,280.678266,66.774303
cvz,4,397.883704,96.161708
dzb3,4,1031.848886,251.936313
dxb3,4,274.323831,64.203081
dyb3,4,312.464053,73.032002
csxxsyyszz,4,605.443171,147.249112
dyf2,4,279.950585,67.952399
dxf2,4,311.480593,72.215729
csxy,4,253.888274,63.626640
dzf2,4,2647.265459,523.048525
dyf3,4,280.692352,66.677372
csyz,4,392.672707,91.191382
dxf3,4,274.059608,64.092834
dzf3,4,1030.667514,250.446207
csxz,4,393.230417,92.011138
#========================= OptEWE [OpenMP] =========================
#Source type                                  :  Force monopole
#Grid Size                                    :  1024 x 1024 x 1024
#Iterations                                   :  5
#Compute time                                 :  71.153671
#Total effective MLUPS                        :  75.452313
#===================================================================
#Number of threads                            :  17
