dxf,0,290.220027,59.061265
dzb,0,1285.813162,260.801767
dyb,0,302.709699,63.357437
cvx,0,357.730171,74.681776
dyf,0,302.049774,63.213974
dzb2,0,1287.633074,261.568317
dxb,0,287.270828,58.879957
cvy,0,3104.798038,514.789696
dzf,0,1284.337591,261.034368
dxb2,0,286.984563,58.831959
dyb2,0,303.012527,63.427351
cvz,0,424.313059,88.232462
dzb3,0,1285.832474,261.405014
dxb3,0,287.125529,58.868183
dyb3,0,303.336041,63.567920
csxxsyyszz,0,638.678643,135.799916
dyf2,0,302.301456,63.352539
dxf2,0,287.123577,58.908144
csxy,0,291.734904,61.139246
dzf2,0,1284.970669,261.469417
dyf3,0,302.848381,63.497417
csyz,0,355.720353,74.312670
dxf3,0,288.010551,59.055321
dzf3,0,1286.144231,261.495683
csxz,0,355.821941,74.280320
dxf,1,287.343731,58.948217
dzb,1,1286.046183,261.623898
dyb,1,302.846737,63.541901
cvx,1,357.800442,74.839342
dyf,1,301.970479,63.326098
dzb2,1,1286.114160,261.662815
dxb,1,287.051365,58.980736
cvy,1,357.457118,74.812338
dzf,1,1283.654992,261.204929
dxb2,1,288.054681,59.106336
dyb2,1,303.093712,63.546452
cvz,1,423.360902,88.188315
dzb3,1,1286.529034,261.762704
dxb3,1,287.130753,58.954077
dyb3,1,303.087404,63.574320
csxxsyyszz,1,637.365683,135.679341
dyf2,1,302.313596,63.380690
dxf2,1,287.311959,59.014521
csxy,1,291.340676,61.108208
dzf2,1,1283.526234,261.388737
dyf3,1,302.260527,63.423255
csyz,1,355.672148,74.319910
dxf3,1,287.184832,58.961703
dzf3,1,1283.253888,261.148775
csxz,1,355.798192,74.291807
dxf,2,287.204464,58.943746
dzb,2,1286.279254,261.770430
dyb,2,302.817996,63.596758
cvx,2,358.663812,75.024497
dyf,2,301.980274,63.392310
dzb2,2,1287.742029,262.097080
dxb,2,287.142707,59.028317
cvy,2,357.576705,74.862890
dzf,2,1283.500540,261.282748
dxb2,2,287.057742,58.968761
dyb2,2,302.919922,63.590139
cvz,2,423.322595,88.208349
dzb3,2,1285.756850,261.666123
dxb3,2,287.076009,58.963697
dyb3,2,303.143171,63.616581
csxxsyyszz,2,639.487294,136.053787
dyf2,2,302.614564,63.467804
dxf2,2,287.295993,59.018325
csxy,2,291.360738,61.152317
dzf2,2,1283.673263,261.515080
dyf3,2,302.090084,63.440655
csyz,2,356.120739,74.433585
dxf3,2,287.288715,59.004776
dzf3,2,1284.466038,261.442268
csxz,2,355.771723,74.328883
dxf,3,287.317266,58.998337
dzb,3,1286.106509,261.800803
dyb,3,302.819594,63.585638
cvx,3,357.837785,74.885404
dyf,3,301.761525,63.357221
dzb2,3,1286.082204,261.770643
dxb,3,286.974927,58.985428
cvy,3,357.372497,74.812546
dzf,3,1283.334234,261.264123
dxb2,3,287.213400,58.979121
dyb2,3,302.674896,63.498006
cvz,3,423.453360,88.222146
dzb3,3,1286.640948,261.829553
dxb3,3,287.108391,58.976433
dyb3,3,302.597403,63.518951
csxxsyyszz,3,638.271708,135.865230
dyf2,3,302.061397,63.371908
dxf2,3,287.238168,59.008309
csxy,3,291.365382,61.137132
dzf2,3,1283.663401,261.481479
dyf3,3,302.649782,63.542141
csyz,3,355.789976,74.395109
dxf3,3,287.330267,58.992680
dzf3,3,1283.142392,261.248408
csxz,3,355.738848,74.316783
dxf,4,287.141203,58.985160
dzb,4,1287.734851,262.069270
dyb,4,302.697871,63.551865
cvx,4,357.834595,74.901681
dyf,4,302.714719,63.564115
dzb2,4,1285.837679,261.786104
dxb,4,287.949141,59.161092
cvy,4,357.604695,74.871240
dzf,4,1284.215551,261.474168
dxb2,4,287.190969,59.003209
dyb2,4,303.425005,63.655083
cvz,4,423.471352,88.243581
dzb3,4,1285.558192,261.770531
dxb3,4,287.058262,58.954092
dyb3,4,302.563645,63.561380
csxxsyyszz,4,636.200630,135.726371
dyf2,4,302.418381,63.471300
dxf2,4,287.354987,59.064250
csxy,4,291.388104,61.174594
dzf2,4,1283.451013,261.522239
dyf3,4,302.790930,63.588210
csyz,4,355.700822,74.389171
dxf3,4,287.429505,59.036303
dzf3,4,1283.660143,261.392532
csxz,4,356.186268,74.500657
#========================= OptEWE [OpenMP] =========================
#Source type                                  :  Force monopole
#Grid Size                                    :  1024 x 1024 x 1024
#Iterations                                   :  5
#Compute time                                 :  72.903229
#Total effective MLUPS                        :  73.641582
#===================================================================
#Number of threads                            :  23
