dxf,0,233.469899,59.933709
dzb,0,887.899668,240.036403
dyb,0,255.623832,67.692571
cvx,0,270.267735,73.420911
dyf,0,255.216733,67.603634
dzb2,0,888.938294,240.935232
dxb,0,232.055111,60.106611
cvy,0,1741.389822,370.878432
dzf,0,884.862994,240.099727
dxb2,0,232.259430,60.135464
dyb2,0,255.580149,67.724884
cvz,0,314.620312,86.424256
dzb3,0,887.862673,240.994162
dxb3,0,232.260232,60.190759
dyb3,0,255.825851,67.900111
csxxsyyszz,0,532.109688,142.292504
dyf2,0,255.366833,67.704999
dxf2,0,232.120049,60.143518
csxy,0,223.635015,60.964892
dzf2,0,882.503935,240.013486
dyf3,0,255.537198,67.777636
csyz,0,267.731280,73.218780
dxf3,0,231.940930,60.140515
dzf3,0,883.396698,240.086005
csxz,0,267.240819,73.126003
dxf,1,232.734167,60.376737
dzb,1,887.590603,240.946772
dyb,1,255.627601,67.911399
cvx,1,271.272133,73.840794
dyf,1,255.180955,67.704619
dzb2,1,887.926205,241.094806
dxb,1,232.402803,60.314485
cvy,1,269.421162,73.396760
dzf,1,883.035023,240.264220
dxb2,1,232.221536,60.234320
dyb2,1,255.585514,67.795672
cvz,1,313.894650,85.708060
dzb3,1,887.895294,240.844963
dxb3,1,232.333138,60.210273
dyb3,1,255.872933,67.877388
csxxsyyszz,1,531.912402,142.309143
dyf2,1,255.408883,67.688197
dxf2,1,232.526686,60.237328
csxy,1,223.775283,61.079338
dzf2,1,882.702882,240.194532
dyf3,1,255.322047,67.685674
csyz,1,267.527649,73.212072
dxf3,1,232.203868,60.230606
dzf3,1,883.049901,240.195429
csxz,1,267.695875,73.275027
dxf,2,232.015463,60.212597
dzb,2,887.994526,241.156683
dyb,2,255.961752,68.000670
cvx,2,269.881079,73.612677
dyf,2,255.025034,67.693516
dzb2,2,888.319252,241.311419
dxb,2,232.291421,60.271557
cvy,2,269.756784,73.496528
dzf,2,883.028164,240.298897
dxb2,2,232.146184,60.277152
dyb2,2,255.602418,67.866792
cvz,2,313.637451,85.716118
dzb3,2,887.743092,241.141574
dxb3,2,232.347031,60.303610
dyb3,2,255.591964,67.851709
csxxsyyszz,2,531.351359,142.254244
dyf2,2,255.655931,67.883736
dxf2,2,232.134667,60.247873
csxy,2,223.709051,61.059520
dzf2,2,882.686011,240.214155
dyf3,2,255.585324,67.865236
csyz,2,268.030335,73.359156
dxf3,2,232.484999,60.661569
dzf3,2,884.118171,241.351906
csxz,2,267.018148,73.082816
dxf,3,231.923089,60.251850
dzb,3,888.855068,241.494550
dyb,3,255.557974,67.926960
cvx,3,270.034450,73.627447
dyf,3,255.117261,67.725193
dzb2,3,887.974685,241.334957
dxb,3,232.180691,60.344777
cvy,3,269.630414,73.490330
dzf,3,883.447408,240.459030
dxb2,3,232.143127,60.272142
dyb2,3,255.870924,67.910207
cvz,3,313.860384,85.807932
dzb3,3,887.762851,241.281005
dxb3,3,232.544720,60.403365
dyb3,3,255.487604,67.859544
csxxsyyszz,3,538.911158,143.878547
dyf2,3,255.523441,67.821214
dxf2,3,232.080356,60.209106
csxy,3,223.544470,61.043535
dzf2,3,882.387834,240.182668
dyf3,3,255.707179,67.935152
csyz,3,267.633273,73.285376
dxf3,3,231.922324,60.278527
dzf3,3,884.044134,240.657062
csxz,3,267.228359,73.240437
dxf,4,231.734844,60.254539
dzb,4,888.404793,241.163090
dyb,4,255.702932,67.903678
cvx,4,270.206232,73.680494
dyf,4,254.978869,67.743576
dzb2,4,888.285549,241.541677
dxb,4,232.180276,60.327181
cvy,4,269.654981,73.566678
dzf,4,882.740588,240.229382
dxb2,4,232.344946,60.380269
dyb2,4,255.777240,67.987480
cvz,4,313.864576,85.876584
dzb3,4,887.992282,241.470841
dxb3,4,232.240277,60.337065
dyb3,4,255.746076,67.957428
csxxsyyszz,4,532.358316,142.582177
dyf2,4,255.405789,67.775328
dxf2,4,232.339368,60.341586
csxy,4,223.722918,61.127066
dzf2,4,882.340495,240.261860
dyf3,4,255.224174,67.843450
csyz,4,267.478027,73.253803
dxf3,4,232.410463,60.361912
dzf3,4,882.756096,240.302131
csxz,4,267.305560,73.381301
#========================= OptEWE [OpenMP] =========================
#Source type                                  :  Force monopole
#Grid Size                                    :  1024 x 1024 x 1024
#Iterations                                   :  5
#Compute time                                 :  53.403946
#Total effective MLUPS                        :  100.530195
#===================================================================
#Number of threads                            :  20
