dxf,0,315.688951,57.469330
dzb,0,1276.711834,234.724164
dyb,0,334.986627,61.562515
cvx,0,346.975584,66.325802
dyf,0,335.371792,61.648822
dzb2,0,1276.540486,235.180853
dxb,0,316.859364,57.815498
cvy,0,2239.248696,337.466186
dzf,0,1274.761658,235.785570
dxb2,0,318.406510,58.101351
dyb2,0,335.761060,61.955137
cvz,0,445.473380,83.575712
dzb3,0,1276.207000,235.200301
dxb3,0,315.663182,57.661057
dyb3,0,362.243954,65.790442
csxxsyyszz,0,920.334650,164.320781
dyf2,0,334.599637,61.565709
dxf2,0,348.103427,62.705982
csxy,0,281.717357,54.627657
dzf2,0,3127.200030,486.503338
dyf3,0,336.300007,61.765151
csyz,0,442.030391,80.361546
dxf3,0,317.958518,58.012851
dzf3,0,1276.610707,235.653290
csxz,0,443.151126,80.567985
dxf,1,314.945920,57.590501
dzb,1,1276.142355,235.045095
dyb,1,335.050606,61.591397
cvx,1,346.797390,66.355145
dyf,1,334.999120,61.641581
dzb2,1,1277.703260,234.732015
dxb,1,317.402452,57.943732
cvy,1,548.445910,95.947119
dzf,1,1274.734426,234.636169
dxb2,1,316.670919,57.814225
dyb2,1,334.867784,61.616792
cvz,1,444.981365,83.527290
dzb3,1,1277.522330,235.273735
dxb3,1,316.472963,57.791395
dyb3,1,362.670207,65.845564
csxxsyyszz,1,922.358892,164.553214
dyf2,1,334.478075,61.544711
dxf2,1,348.310210,62.774455
csxy,1,281.500685,54.589621
dzf2,1,3128.424616,486.111946
dyf3,1,335.683421,61.721048
csyz,1,442.531189,80.737023
dxf3,1,317.903720,58.119700
dzf3,1,1274.652562,234.412071
csxz,1,442.745663,80.500059
dxf,2,315.425505,57.632442
dzb,2,1277.526079,234.274829
dyb,2,335.373749,61.640848
cvx,2,346.737056,66.351198
dyf,2,335.126558,61.634446
dzb2,2,1277.270994,235.855972
dxb,2,317.239483,57.946798
cvy,2,548.757755,96.062038
dzf,2,1274.548321,235.953748
dxb2,2,316.326718,57.743675
dyb2,2,334.798595,61.636569
cvz,2,445.869809,83.661932
dzb3,2,1276.437346,235.281580
dxb3,2,315.970943,57.718645
dyb3,2,362.585329,65.852816
csxxsyyszz,2,920.488994,164.284568
dyf2,2,334.885056,61.584339
dxf2,2,350.336343,63.054568
csxy,2,281.677095,54.591608
dzf2,2,3125.800879,486.527970
dyf3,2,334.444017,61.510325
csyz,2,442.537431,80.418094
dxf3,2,317.583319,57.951488
dzf3,2,1274.736886,235.465425
csxz,2,443.052001,80.539758
dxf,3,315.049357,57.587692
dzb,3,1276.499857,235.336177
dyb,3,335.225078,61.699815
cvx,3,346.868582,66.349828
dyf,3,335.106341,61.706301
dzb2,3,1278.035210,234.407252
dxb,3,317.285019,57.926272
cvy,3,548.430132,95.918558
dzf,3,1275.868387,235.295427
dxb2,3,316.405587,57.805334
dyb2,3,334.834208,61.701547
cvz,3,445.312145,83.595025
dzb3,3,1276.606248,235.322328
dxb3,3,316.154944,57.810496
dyb3,3,362.791606,65.921052
csxxsyyszz,3,920.501746,164.299948
dyf2,3,334.536222,61.575821
dxf2,3,348.516392,62.813357
csxy,3,281.677803,54.617499
dzf2,3,3128.675450,486.120310
dyf3,3,334.735885,61.586669
csyz,3,442.888208,80.219122
dxf3,3,317.828970,57.974767
dzf3,3,1275.842213,234.364316
csxz,3,443.548785,80.673050
dxf,4,315.089131,57.617202
dzb,4,1277.636886,234.189262
dyb,4,335.198447,61.750117
cvx,4,347.223334,66.468021
dyf,4,335.302979,61.732809
dzb2,4,1276.678803,235.538492
dxb,4,317.344935,57.977376
cvy,4,549.238491,96.100535
dzf,4,1274.680569,235.950385
dxb2,4,316.578650,57.869182
dyb2,4,335.127035,61.710609
cvz,4,447.161978,83.931006
dzb3,4,1276.687833,234.264095
dxb3,4,315.987874,57.777061
dyb3,4,363.464195,65.991404
csxxsyyszz,4,919.990929,164.224245
dyf2,4,334.741065,61.624608
dxf2,4,348.452938,62.822330
csxy,4,281.663896,54.634708
dzf2,4,3126.358408,486.644210
dyf3,4,334.560102,61.559680
csyz,4,442.189446,80.325976
dxf3,4,318.010041,57.999440
dzf3,4,1274.709053,235.623244
csxz,4,443.568920,80.699241
#========================= OptEWE [OpenMP] =========================
#Source type                                  :  Force monopole
#Grid Size                                    :  1024 x 1024 x 1024
#Iterations                                   :  5
#Compute time                                 :  86.229958
#Total effective MLUPS                        :  62.260370
#===================================================================
#Number of threads                            :  16
