dxf,0,243.345529,54.052379
dzb,0,1011.847361,228.548020
dyb,0,462.346209,93.432544
cvx,0,466.847304,97.801390
dyf,0,305.016143,67.060579
dzb2,0,1011.504896,228.858843
dxb,0,466.059462,92.083090
cvy,0,2037.259579,361.188929
dzf,0,860.717826,203.758465
dxb2,0,466.015237,92.043981
dyb2,0,461.636848,93.328162
cvz,0,582.035877,120.804334
dzb3,0,860.756541,203.796338
dxb3,0,465.520394,91.979899
dyb3,0,547.879430,107.569487
csxxsyyszz,0,684.293975,150.412251
dyf2,0,304.083283,66.848137
dxf2,0,557.201427,107.336155
csxy,0,347.491204,74.463057
dzf2,0,1990.856281,378.801874
dyf3,0,462.693750,93.299101
csyz,0,464.977159,97.582713
dxf3,0,243.265992,54.226098
dzf3,0,1009.061096,228.382409
csxz,0,464.032540,97.542301
dxf,1,243.226325,54.273223
dzb,1,1008.151178,228.322530
dyb,1,463.420715,93.801832
cvx,1,468.574853,98.216651
dyf,1,305.450237,67.237480
dzb2,1,1009.785308,228.769927
dxb,1,466.974902,92.329816
cvy,1,610.212816,122.625353
dzf,1,857.984666,203.886841
dxb2,1,466.631640,92.260825
dyb2,1,462.729111,93.548690
cvz,1,583.763481,121.117697
dzb3,1,858.764031,203.418102
dxb3,1,466.494036,92.206207
dyb3,1,548.611935,107.799125
csxxsyyszz,1,685.394388,150.717424
dyf2,1,305.222725,67.099039
dxf2,1,558.364843,107.578706
csxy,1,347.881967,74.560000
dzf2,1,1989.427225,380.414372
dyf3,1,463.360230,93.437086
csyz,1,465.128676,97.623360
dxf3,1,243.225915,54.243597
dzf3,1,1008.206438,228.518593
csxz,1,464.037215,97.536064
dxf,2,243.112943,54.243086
dzb,2,1008.766833,228.501538
dyb,2,463.251418,93.724601
cvx,2,468.244314,98.117231
dyf,2,304.861920,67.090916
dzb2,2,1009.429518,228.672348
dxb,2,466.727571,92.307342
cvy,2,610.781429,120.334168
dzf,2,858.326431,203.461909
dxb2,2,466.335378,92.171609
dyb2,2,462.922891,93.590111
cvz,2,583.285818,119.946992
dzb3,2,860.575412,203.813354
dxb3,2,466.393993,92.192038
dyb3,2,549.141541,107.930727
csxxsyyszz,2,686.044546,150.838556
dyf2,2,306.013198,67.277695
dxf2,2,558.120426,107.608730
csxy,2,347.755088,74.578767
dzf2,2,1991.411302,377.232169
dyf3,2,463.193636,93.539213
csyz,2,465.084912,97.740032
dxf3,2,243.243666,54.253140
dzf3,2,1008.450013,228.431021
csxz,2,463.778469,97.538968
dxf,3,243.283289,54.310759
dzb,3,1008.485376,228.496570
dyb,3,463.223063,93.831059
cvx,3,467.787809,98.103529
dyf,3,304.924516,67.137451
dzb2,3,1010.037659,228.795606
dxb,3,466.915302,92.383006
cvy,3,611.064907,121.856607
dzf,3,858.006469,203.556168
dxb2,3,466.642949,92.232151
dyb2,3,462.977586,93.633597
cvz,3,582.892786,121.065281
dzb3,3,858.656776,203.584771
dxb3,3,466.417890,92.251825
dyb3,3,549.066946,107.920177
csxxsyyszz,3,688.386687,151.201887
dyf2,3,304.994314,67.092020
dxf2,3,558.363836,107.643696
csxy,3,347.632366,74.591669
dzf2,3,1991.477635,378.681011
dyf3,3,462.955017,93.542728
csyz,3,464.534420,97.653905
dxf3,3,243.054338,54.218725
dzf3,3,1007.540043,228.246009
csxz,3,463.915706,97.543388
dxf,4,243.468164,54.324702
dzb,4,1008.277027,228.432018
dyb,4,463.250484,93.799503
cvx,4,468.184080,98.195009
dyf,4,305.470115,67.213747
dzb2,4,1009.053971,228.623329
dxb,4,467.132647,92.400005
cvy,4,610.873424,122.360464
dzf,4,857.461691,203.410820
dxb2,4,466.591935,92.262571
dyb2,4,463.201616,93.700455
cvz,4,583.379382,121.192451
dzb3,4,863.616474,204.441227
dxb3,4,466.414510,92.201575
dyb3,4,549.670211,108.004083
csxxsyyszz,4,686.499591,151.012320
dyf2,4,305.944907,67.281095
dxf2,4,557.880515,107.542195
csxy,4,347.266291,74.524687
dzf2,4,1990.687742,379.872454
dyf3,4,463.223800,93.549414
csyz,4,465.126595,97.715426
dxf3,4,243.117992,54.233545
dzf3,4,1007.241651,228.172297
csxz,4,464.129503,97.604448
#========================= OptEWE [OpenMP] =========================
#Source type                                  :  Force monopole
#Grid Size                                    :  1024 x 1024 x 1024
#Iterations                                   :  5
#Compute time                                 :  78.193916
#Total effective MLUPS                        :  68.658911
#===================================================================
#Number of threads                            :  22
