dxf,0,237.089382,56.166002
dzb,0,932.999997,229.348550
dyb,0,264.095517,64.195686
cvx,0,279.958364,69.406882
dyf,0,263.407217,64.105363
dzb2,0,925.641612,228.452113
dxb,0,235.805981,56.215970
cvy,0,1945.234612,377.299699
dzf,0,924.991274,228.389555
dxb2,0,235.725291,56.276801
dyb2,0,263.365562,64.099946
cvz,0,325.733955,80.978630
dzb3,0,924.766075,228.641415
dxb3,0,235.611213,56.288462
dyb3,0,263.861245,64.288795
csxxsyyszz,0,551.363858,135.246659
dyf2,0,265.404768,64.556726
dxf2,0,235.564486,56.326623
csxy,0,230.393041,57.377672
dzf2,0,925.197527,228.849274
dyf3,0,263.887209,64.390096
csyz,0,276.822425,69.013422
dxf3,0,235.577463,56.323886
dzf3,0,924.680094,228.720015
csxz,0,276.555225,68.913855
dxf,1,235.716778,56.330590
dzb,1,932.699635,230.218524
dyb,1,263.995525,64.403699
cvx,1,279.794340,69.568098
dyf,1,263.943115,64.345221
dzb2,1,925.716161,229.082164
dxb,1,235.791749,56.388302
cvy,1,279.134047,69.417954
dzf,1,924.579945,228.799707
dxb2,1,235.866165,56.401371
dyb2,1,263.465152,64.220872
cvz,1,325.695674,81.066348
dzb3,1,924.621786,228.836896
dxb3,1,236.480476,56.562924
dyb3,1,263.884138,64.332213
csxxsyyszz,1,555.430020,136.139310
dyf2,1,264.342638,64.395132
dxf2,1,235.611726,56.373211
csxy,1,230.345207,57.411680
dzf2,1,925.083142,228.947593
dyf3,1,264.458090,64.541318
csyz,1,277.011219,69.070115
dxf3,1,235.812271,56.387737
dzf3,1,924.597093,228.778864
csxz,1,276.674279,68.950115
dxf,2,235.494542,56.330020
dzb,2,932.897766,230.334475
dyb,2,264.167158,64.453433
cvx,2,279.662631,69.541446
dyf,2,263.443290,64.266368
dzb2,2,925.937214,229.048219
dxb,2,235.798361,56.407295
cvy,2,279.262561,69.452771
dzf,2,924.772315,228.885262
dxb2,2,235.896621,56.473476
dyb2,2,263.529416,64.294339
cvz,2,325.485977,81.041651
dzb3,2,927.127052,229.192613
dxb3,2,235.774336,56.421568
dyb3,2,264.113123,64.419895
csxxsyyszz,2,555.804318,136.225065
dyf2,2,264.524333,64.444490
dxf2,2,235.498621,56.343913
csxy,2,230.406986,57.449547
dzf2,2,924.822887,228.963694
dyf3,2,263.576373,64.346202
csyz,2,276.750608,69.033720
dxf3,2,235.801713,56.402251
dzf3,2,924.924166,228.678629
csxz,2,276.688542,68.973575
dxf,3,235.496114,56.321950
dzb,3,933.132406,230.407850
dyb,3,263.998072,64.388879
cvx,3,279.859734,69.637391
dyf,3,263.389271,64.259899
dzb2,3,925.711073,229.282374
dxb,3,235.752761,56.436922
cvy,3,279.025477,69.392443
dzf,3,924.870811,228.969192
dxb2,3,235.690199,56.392732
dyb2,3,264.136128,64.541438
cvz,3,326.456609,81.262562
dzb3,3,924.929207,228.970165
dxb3,3,235.336343,56.276167
dyb3,3,263.888230,64.294001
csxxsyyszz,3,548.838407,134.940650
dyf2,3,263.883110,64.348517
dxf2,3,235.587859,56.375453
csxy,3,230.351183,57.456981
dzf2,3,924.978403,229.077738
dyf3,3,263.796006,64.419605
csyz,3,276.681621,69.057815
dxf3,3,235.568990,56.337267
dzf3,3,924.877335,229.005140
csxz,3,276.644491,68.997050
dxf,4,235.588217,56.353297
dzb,4,933.360340,230.561959
dyb,4,264.001382,64.396734
cvx,4,279.707564,69.557596
dyf,4,263.491759,64.290993
dzb2,4,926.386413,229.371099
dxb,4,235.760320,56.445819
cvy,4,279.130035,69.472832
dzf,4,926.520741,229.303644
dxb2,4,235.780498,56.420431
dyb2,4,263.837632,64.351490
cvz,4,325.626765,81.118903
dzb3,4,924.753670,229.015465
dxb3,4,235.198530,56.302508
dyb3,4,263.758059,64.343777
csxxsyyszz,4,548.674736,134.917618
dyf2,4,264.435377,64.458855
dxf2,4,235.561689,56.399505
csxy,4,230.447189,57.524261
dzf2,4,924.675714,228.918770
dyf3,4,263.441142,64.355190
csyz,4,276.867648,69.091299
dxf3,4,235.450000,56.348176
dzf3,4,924.754482,228.978341
csxz,4,276.682932,69.099423
#========================= OptEWE [OpenMP] =========================
#Source type                                  :  Force monopole
#Grid Size                                    :  1024 x 1024 x 1024
#Iterations                                   :  5
#Compute time                                 :  55.553841
#Total effective MLUPS                        :  96.639747
#===================================================================
#Number of threads                            :  20
