dxf,0,242.757263,64.983456
dzb,0,914.734227,258.506282
dyb,0,258.375039,71.999308
cvx,0,263.733323,76.241445
dyf,0,257.761084,72.008642
dzb2,0,914.697445,258.459814
dxb,0,241.238607,65.140627
cvy,0,1565.306097,356.099636
dzf,0,914.686415,259.272900
dxb2,0,241.200583,65.282475
dyb2,0,257.886342,71.953524
cvz,0,316.616988,91.073057
dzb3,0,915.825184,259.772009
dxb3,0,241.174223,65.291716
dyb3,0,291.163571,79.361449
csxxsyyszz,0,499.007466,143.722239
dyf2,0,259.450047,72.414644
dxf2,0,291.403241,76.364928
csxy,0,245.863561,69.134318
dzf2,0,2364.015749,533.926582
dyf3,0,257.474775,71.721138
csyz,0,374.591932,99.910316
dxf3,0,241.424770,65.298320
dzf3,0,911.355746,257.791140
csxz,0,374.045035,99.879224
dxf,1,241.689175,65.460467
dzb,1,913.888955,259.130959
dyb,1,258.262176,72.168383
cvx,1,263.935180,76.531738
dyf,1,258.132366,72.182619
dzb2,1,914.164221,259.615147
dxb,1,241.293129,65.422336
cvy,1,371.290268,99.641415
dzf,1,916.328710,260.195049
dxb2,1,241.315684,65.411941
dyb2,1,259.544048,72.503404
cvz,1,317.370715,91.900086
dzb3,1,913.465777,259.956380
dxb3,1,240.812922,65.472629
dyb3,1,290.612519,79.646489
csxxsyyszz,1,498.306455,143.951139
dyf2,1,257.866850,72.233830
dxf2,1,291.284557,76.657420
csxy,1,245.788819,69.406482
dzf2,1,2364.695977,534.051731
dyf3,1,257.586089,71.921963
csyz,1,373.501832,99.839154
dxf3,1,241.591731,65.425003
dzf3,1,911.753347,259.554850
csxz,1,374.572764,100.998786
dxf,2,241.656207,66.307901
dzb,2,913.984242,260.855591
dyb,2,259.115713,72.517899
cvx,2,263.716687,76.607581
dyf,2,257.816998,72.278844
dzb2,2,915.305018,260.255796
dxb,2,241.314929,65.569634
cvy,2,371.130392,99.732335
dzf,2,914.526450,259.070560
dxb2,2,242.207785,65.653074
dyb2,2,257.877868,72.143074
cvz,2,315.946509,91.204635
dzb3,2,913.680726,260.049754
dxb3,2,241.035908,65.475593
dyb3,2,291.479942,79.754208
csxxsyyszz,2,498.712029,144.091990
dyf2,2,258.334588,72.405097
dxf2,2,290.759457,76.398912
csxy,2,245.659227,69.290943
dzf2,2,2366.316158,532.646461
dyf3,2,257.800765,72.000442
csyz,2,373.768087,99.970502
dxf3,2,241.924918,65.565758
dzf3,2,912.306830,259.709243
csxz,2,374.279018,100.226145
dxf,3,241.588219,65.586229
dzb,3,913.921318,259.747294
dyb,3,258.337587,72.423699
cvx,3,263.972432,76.725827
dyf,3,257.770655,72.335893
dzb2,3,914.635006,260.294032
dxb,3,241.247924,65.558625
cvy,3,371.020852,99.695563
dzf,3,914.676125,260.308605
dxb2,3,241.084450,65.478361
dyb2,3,257.963145,72.195441
cvz,3,315.804911,91.186798
dzb3,3,913.473432,259.169003
dxb3,3,241.008244,65.473533
dyb3,3,291.057465,79.736581
csxxsyyszz,3,500.139410,144.415874
dyf2,3,257.766245,72.225802
dxf2,3,291.188051,76.560592
csxy,3,245.604371,69.273357
dzf2,3,2368.709270,531.805951
dyf3,3,257.572844,71.944370
csyz,3,374.266194,100.101273
dxf3,3,241.703652,65.495098
dzf3,3,911.631667,259.478274
csxz,3,374.463591,100.614430
dxf,4,241.692286,65.934624
dzb,4,913.844680,259.758471
dyb,4,258.211799,72.400228
cvx,4,263.620807,76.634069
dyf,4,257.812390,72.363283
dzb2,4,914.658064,259.670144
dxb,4,241.250971,65.596063
cvy,4,371.348579,99.850951
dzf,4,914.516879,260.392326
dxb2,4,240.973676,65.518077
dyb2,4,257.946834,72.311633
cvz,4,315.857544,91.273113
dzb3,4,915.276416,260.592139
dxb3,4,242.191608,65.793483
dyb3,4,291.785914,79.890334
csxxsyyszz,4,499.023219,144.217208
dyf2,4,257.864774,72.286887
dxf2,4,291.072051,76.564614
csxy,4,245.870583,69.394109
dzf2,4,2363.774891,535.255072
dyf3,4,257.335214,71.863465
csyz,4,374.091109,100.085537
dxf3,4,241.778446,65.587252
dzf3,4,911.293111,259.188398
csxz,4,373.977136,100.213303
#========================= OptEWE [OpenMP] =========================
#Source type                                  :  Force monopole
#Grid Size                                    :  1024 x 1024 x 1024
#Iterations                                   :  5
#Compute time                                 :  63.493599
#Total effective MLUPS                        :  84.555124
#===================================================================
#Number of threads                            :  19
