dxf,0,273.414195,65.330580
dzb,0,1024.445453,256.225808
dyb,0,279.599889,68.117273
cvx,0,278.311263,72.790445
dyf,0,279.288603,68.259723
dzb2,0,1024.858634,255.539279
dxb,0,274.134486,65.776756
cvy,0,1606.239391,326.833497
dzf,0,1022.713900,255.374601
dxb2,0,273.934798,65.799012
dyb2,0,279.576933,68.317258
cvz,0,392.345438,97.703721
dzb3,0,1024.015906,254.306883
dxb3,0,273.669916,65.775443
dyb3,0,308.981816,74.314361
csxxsyyszz,0,610.037341,151.847585
dyf2,0,279.327982,68.300412
dxf2,0,308.121139,72.701802
csxy,0,251.026240,64.140303
dzf2,0,2596.466546,529.429684
dyf3,0,279.924333,68.264304
csyz,0,386.308301,92.785676
dxf3,0,274.165256,65.896388
dzf3,0,1023.311894,254.399199
csxz,0,387.145280,93.053451
dxf,1,273.019034,65.737273
dzb,1,1024.529819,256.955642
dyb,1,279.694499,68.340139
cvx,1,278.474297,72.972447
dyf,1,279.181056,68.284853
dzb2,1,1024.464747,255.839470
dxb,1,273.814855,65.871763
cvy,1,459.912022,107.766936
dzf,1,1022.241183,256.731399
dxb2,1,273.652492,65.831956
dyb2,1,279.629405,68.390783
cvz,1,391.637113,97.675215
dzb3,1,1024.651407,257.921780
dxb3,1,274.200739,66.011715
dyb3,1,309.321488,74.413822
csxxsyyszz,1,611.635349,152.285724
dyf2,1,279.220660,68.328946
dxf2,1,308.903379,72.868561
csxy,1,251.392785,64.221664
dzf2,1,2596.130675,528.357796
dyf3,1,279.929482,68.296068
csyz,1,385.967848,92.776645
dxf3,1,272.873311,65.698605
dzf3,1,1023.337511,257.457484
csxz,1,386.747867,93.061203
dxf,2,272.770739,65.738618
dzb,2,1024.678720,256.039716
dyb,2,279.603289,68.357032
cvx,2,279.117484,73.310429
dyf,2,279.027119,68.364497
dzb2,2,1024.638351,255.111849
dxb,2,273.734871,65.892088
cvy,2,460.798303,108.019173
dzf,2,1023.045999,255.822627
dxb2,2,273.981586,65.943879
dyb2,2,279.560907,68.424271
cvz,2,391.406448,97.605985
dzb3,2,1023.683137,256.384182
dxb3,2,273.668038,65.877866
dyb3,2,308.844155,74.358836
csxxsyyszz,2,610.057209,151.926296
dyf2,2,279.298895,68.309824
dxf2,2,308.017856,72.682525
csxy,2,250.894078,64.106049
dzf2,2,2597.519889,527.853457
dyf3,2,279.971197,68.300018
csyz,2,386.048460,92.821146
dxf3,2,273.184857,65.753482
dzf3,2,1023.320382,256.436219
csxz,2,386.976608,93.157634
dxf,3,272.658747,65.740858
dzb,3,1025.725357,255.023582
dyb,3,279.877847,68.622735
cvx,3,278.523131,73.060097
dyf,3,279.363743,68.421374
dzb2,3,1024.244720,257.836506
dxb,3,273.738588,65.899453
cvy,3,460.308925,107.809304
dzf,3,1022.261631,254.536775
dxb2,3,273.615952,65.880874
dyb2,3,279.534243,68.427693
cvz,3,391.962101,97.813616
dzb3,3,1023.937614,255.331824
dxb3,3,274.147877,65.959382
dyb3,3,309.428503,74.432850
csxxsyyszz,3,600.188394,150.084980
dyf2,3,279.276402,68.340350
dxf2,3,308.332046,72.770588
csxy,3,251.108250,64.195500
dzf2,3,2595.469568,530.225086
dyf3,3,279.885817,68.313552
csyz,3,385.700016,92.811680
dxf3,3,272.966466,65.780434
dzf3,3,1023.766518,255.880197
csxz,3,386.576955,93.091564
dxf,4,272.902521,65.806856
dzb,4,1024.386934,255.660414
dyb,4,279.575085,68.420653
cvx,4,277.938001,73.029329
dyf,4,279.187542,68.454101
dzb2,4,1024.256418,257.096216
dxb,4,273.856483,65.928333
cvy,4,459.612329,107.745814
dzf,4,1022.519731,257.827745
dxb2,4,273.633873,65.892403
dyb2,4,279.734712,68.455114
cvz,4,392.034582,97.769467
dzb3,4,1024.262714,254.561598
dxb3,4,274.940468,66.148459
dyb3,4,308.895323,74.378504
csxxsyyszz,4,609.851321,151.979736
dyf2,4,279.352133,68.356397
dxf2,4,308.265695,72.787868
csxy,4,250.876524,64.155945
dzf2,4,2595.475091,529.673415
dyf3,4,279.900615,68.315546
csyz,4,386.100126,92.859441
dxf3,4,272.909874,65.726955
dzf3,4,1029.372453,256.217636
csxz,4,386.725107,93.063260
#========================= OptEWE [OpenMP] =========================
#Source type                                  :  Force monopole
#Grid Size                                    :  1024 x 1024 x 1024
#Iterations                                   :  5
#Compute time                                 :  70.459412
#Total effective MLUPS                        :  76.195770
#===================================================================
#Number of threads                            :  17
