dxf,0,243.826167,56.159012
dzb,0,1005.851351,237.005591
dyb,0,472.486792,99.508806
cvx,0,469.537064,102.678956
dyf,0,284.642753,66.123829
dzb2,0,1005.721119,237.141818
dxb,0,473.030978,97.481101
cvy,0,1955.182432,366.281240
dzf,0,842.618093,208.891659
dxb2,0,473.150667,97.448366
dyb2,0,472.161804,99.477591
cvz,0,586.155406,126.791616
dzb3,0,842.551191,208.738184
dxb3,0,473.109361,97.486298
dyb3,0,561.941073,115.274023
csxxsyyszz,0,704.700734,160.409497
dyf2,0,285.300808,66.271300
dxf2,0,567.670235,114.306485
csxy,0,349.064314,77.799074
dzf2,0,2023.533057,397.048528
dyf3,0,473.021789,99.387352
csyz,0,468.927114,102.338351
dxf3,0,243.764514,56.607840
dzf3,0,1003.911989,237.067192
csxz,0,467.861747,102.264200
dxf,1,243.409808,56.337075
dzb,1,1004.643528,237.256275
dyb,1,472.676374,99.682608
cvx,1,470.123954,102.882192
dyf,1,285.091161,66.198141
dzb2,1,1003.322185,236.874379
dxb,1,473.626139,97.691994
cvy,1,618.632507,129.514080
dzf,1,839.247079,208.524703
dxb2,1,473.710807,97.659220
dyb2,1,472.696894,99.643181
cvz,1,587.483986,127.110111
dzb3,1,840.856644,208.642418
dxb3,1,473.989400,97.733244
dyb3,1,562.406476,115.440408
csxxsyyszz,1,708.786704,161.223639
dyf2,1,285.262417,66.283628
dxf2,1,568.198193,114.513863
csxy,1,349.873285,77.985981
dzf2,1,2025.130757,397.463372
dyf3,1,473.034190,99.537719
csyz,1,469.265366,102.493506
dxf3,1,243.417247,56.290858
dzf3,1,1002.365452,236.708371
csxz,1,467.475827,102.269305
dxf,2,243.583295,56.368777
dzb,2,1003.931792,237.226080
dyb,2,472.889157,99.765019
cvx,2,470.279148,102.926990
dyf,2,285.584198,66.397329
dzb2,2,1003.907202,237.039965
dxb,2,473.902873,97.754687
cvy,2,618.509134,129.509450
dzf,2,839.269946,208.563067
dxb2,2,473.604525,97.655880
dyb2,2,472.816179,99.697254
cvz,2,587.228251,127.053907
dzb3,2,840.492481,208.520988
dxb3,2,473.825568,97.685872
dyb3,2,562.914738,115.712411
csxxsyyszz,2,709.149488,161.345219
dyf2,2,285.791832,66.404403
dxf2,2,568.120904,114.490064
csxy,2,349.881302,77.993749
dzf2,2,2024.566408,397.196486
dyf3,2,473.687526,99.596290
csyz,2,468.766781,102.362829
dxf3,2,243.616196,56.328041
dzf3,2,1002.926997,236.871197
csxz,2,468.076762,102.364028
dxf,3,243.693056,56.419044
dzb,3,1003.770426,237.234018
dyb,3,473.458324,99.934216
cvx,3,470.696317,103.028515
dyf,3,285.010933,66.251013
dzb2,3,1003.857199,237.077603
dxb,3,473.943192,97.784830
cvy,3,618.440819,129.546890
dzf,3,840.103419,208.713188
dxb2,3,473.652026,97.671532
dyb2,3,472.895984,99.687643
cvz,3,587.133329,127.099036
dzb3,3,840.419860,208.559865
dxb3,3,474.100957,97.782324
dyb3,3,562.629993,115.517960
csxxsyyszz,3,709.081008,161.330635
dyf2,3,285.864307,66.412154
dxf2,3,567.797750,114.424341
csxy,3,349.597190,77.969260
dzf2,3,2025.686797,397.396367
dyf3,3,473.119192,99.502566
csyz,3,469.138421,102.444863
dxf3,3,243.496590,56.323617
dzf3,3,1002.800620,236.843597
csxz,3,467.989489,102.390659
dxf,4,243.754708,56.422622
dzb,4,1003.124450,237.111415
dyb,4,473.031062,99.875402
cvx,4,470.368317,103.042424
dyf,4,285.514933,66.446511
dzb2,4,1005.088279,237.373624
dxb,4,473.686187,97.769948
cvy,4,618.498956,129.614558
dzf,4,842.511567,209.253814
dxb2,4,473.667761,97.708806
dyb2,4,472.847371,99.711313
cvz,4,586.555159,127.043555
dzb3,4,840.291278,208.563009
dxb3,4,474.130692,97.814354
dyb3,4,562.358266,115.507413
csxxsyyszz,4,707.522706,161.102741
dyf2,4,285.738647,66.435727
dxf2,4,568.001160,114.560475
csxy,4,349.919772,78.052669
dzf2,4,2024.027166,397.070837
dyf3,4,473.223746,99.633148
csyz,4,469.054826,102.461588
dxf3,4,243.502721,56.346404
dzf3,4,1004.171599,237.135217
csxz,4,467.472811,102.374407
#========================= OptEWE [OpenMP] =========================
#Source type                                  :  Force monopole
#Grid Size                                    :  1024 x 1024 x 1024
#Iterations                                   :  5
#Compute time                                 :  78.418678
#Total effective MLUPS                        :  68.462122
#===================================================================
#Number of threads                            :  22
