dxf,0,265.298242,59.940510
dzb,0,1071.718609,245.673881
dyb,0,269.562634,62.585405
cvx,0,320.488865,75.217963
dyf,0,269.578815,62.643624
dzb2,0,1071.497527,246.705933
dxb,0,264.258987,60.023422
cvy,0,2003.534455,377.127004
dzf,0,1069.391361,248.307725
dxb2,0,265.339370,60.234520
dyb2,0,269.615688,62.679055
cvz,0,374.274965,87.809658
dzb3,0,1071.581785,249.260353
dxb3,0,265.041894,60.242805
dyb3,0,324.612422,72.781016
csxxsyyszz,0,552.604741,132.826252
dyf2,0,269.488186,62.680738
dxf2,0,323.950059,71.318850
csxy,0,271.194291,63.634671
dzf2,0,2739.019751,511.090230
dyf3,0,269.159238,62.532965
csyz,0,419.136065,92.972292
dxf3,0,264.202740,60.074959
dzf3,0,1071.179982,247.729831
csxz,0,418.261936,92.917011
dxf,1,264.318508,60.145750
dzb,1,1071.637769,245.930375
dyb,1,269.220054,62.622346
cvx,1,320.539614,75.404951
dyf,1,269.321248,62.694209
dzb2,1,1072.742498,248.386577
dxb,1,264.398714,60.172325
cvy,1,369.011427,84.266890
dzf,1,1069.992273,246.621224
dxb2,1,265.206627,60.295396
dyb2,1,269.648234,62.765351
cvz,1,374.317973,87.958002
dzb3,1,1071.836333,245.936736
dxb3,1,264.548155,60.228588
dyb3,1,324.865859,72.943470
csxxsyyszz,1,553.506561,133.135403
dyf2,1,269.645406,62.792677
dxf2,1,324.473898,71.493492
csxy,1,270.862548,63.631785
dzf2,1,2739.449587,512.578639
dyf3,1,269.345033,62.685334
csyz,1,418.525712,92.944718
dxf3,1,263.957990,60.079701
dzf3,1,1071.811842,246.891177
csxz,1,418.448460,93.038899
dxf,2,264.099793,60.168211
dzb,2,1072.161920,248.226817
dyb,2,269.295659,62.723032
cvx,2,320.522590,75.466270
dyf,2,269.762434,62.846433
dzb2,2,1071.337567,250.279126
dxb,2,264.383157,60.227674
cvy,2,369.446030,84.471941
dzf,2,1069.674868,247.157810
dxb2,2,265.077358,60.285117
dyb2,2,269.837451,62.815369
cvz,2,374.495345,87.986235
dzb3,2,1071.840469,247.835132
dxb3,2,264.401350,60.246977
dyb3,2,326.028127,73.266992
csxxsyyszz,2,551.907611,133.252750
dyf2,2,269.577483,62.813666
dxf2,2,324.090483,71.525202
csxy,2,271.189231,63.742754
dzf2,2,2738.315189,514.269821
dyf3,2,269.423259,62.644262
csyz,2,418.656992,92.939233
dxf3,2,264.145991,60.109969
dzf3,2,1071.946007,248.931107
csxz,2,418.793351,93.104989
dxf,3,264.397315,60.357880
dzb,3,1071.437086,250.035640
dyb,3,269.399732,62.763426
cvx,3,320.438009,75.471359
dyf,3,269.436015,62.805558
dzb2,3,1071.606979,246.402936
dxb,3,264.551276,60.230169
cvy,3,369.410110,84.397139
dzf,3,1069.975402,249.187374
dxb2,3,265.251294,60.418804
dyb2,3,269.332152,62.792901
cvz,3,374.327218,87.976476
dzb3,3,1072.208835,249.901274
dxb3,3,264.071088,60.205104
dyb3,3,324.776656,72.965034
csxxsyyszz,3,552.307354,132.927117
dyf2,3,269.637100,62.828303
dxf2,3,324.168168,71.492006
csxy,3,271.401441,63.720434
dzf2,3,2740.370458,511.081826
dyf3,3,269.428696,62.640555
csyz,3,418.594172,92.968268
dxf3,3,264.061668,60.109269
dzf3,3,1071.252509,247.245921
csxz,3,418.025690,92.995162
dxf,4,264.258554,60.172963
dzb,4,1072.228545,246.308686
dyb,4,269.377871,62.781692
cvx,4,320.576408,75.502711
dyf,4,270.549853,63.013993
dzb2,4,1071.248249,248.361987
dxb,4,264.326506,60.204087
cvy,4,369.014738,84.368728
dzf,4,1070.101009,245.694237
dxb2,4,265.264137,60.368702
dyb2,4,269.712226,62.872058
cvz,4,374.521382,88.039914
dzb3,4,1071.887200,246.554528
dxb3,4,264.499680,60.522572
dyb3,4,324.520039,73.278066
csxxsyyszz,4,553.144309,133.597428
dyf2,4,269.460503,63.059225
dxf2,4,324.054154,71.803217
csxy,4,270.336448,63.830459
dzf2,4,2739.775917,514.416280
dyf3,4,269.523657,62.717084
csyz,4,418.544416,93.046906
dxf3,4,264.162893,60.167442
dzf3,4,1071.399962,247.206064
csxz,4,418.113534,93.028751
#========================= OptEWE [OpenMP] =========================
#Source type                                  :  Force monopole
#Grid Size                                    :  1024 x 1024 x 1024
#Iterations                                   :  5
#Compute time                                 :  72.337029
#Total effective MLUPS                        :  74.217993
#===================================================================
#Number of threads                            :  19
