dxf,0,206.093598,50.882328
dzb,0,798.090773,206.285136
dyb,0,239.026786,59.885879
cvx,0,240.755520,62.706117
dyf,0,237.716009,59.581179
dzb2,0,796.572166,206.587692
dxb,0,204.957434,51.117477
cvy,0,2049.658181,402.388689
dzf,0,795.835497,206.288644
dxb2,0,205.287214,51.163870
dyb2,0,238.688649,59.906374
cvz,0,281.149636,73.351988
dzb3,0,796.554456,206.811809
dxb3,0,204.886441,51.141793
dyb3,0,238.564950,59.897569
csxxsyyszz,0,501.258648,127.466932
dyf2,0,238.509394,59.847223
dxf2,0,204.837089,51.100016
csxy,0,199.761450,52.144073
dzf2,0,796.014499,206.894313
dyf3,0,238.453175,59.917568
csyz,0,239.233047,62.532762
dxf3,0,204.791896,51.140189
dzf3,0,797.599069,207.040966
csxz,0,239.335535,62.552476
dxf,1,204.851617,51.126512
dzb,1,797.141837,207.150371
dyb,1,238.724353,59.992174
cvx,1,241.092231,62.939209
dyf,1,237.711823,59.727581
dzb2,1,796.845448,207.167704
dxb,1,204.933859,51.243412
cvy,1,240.630074,62.927124
dzf,1,795.655385,206.818233
dxb2,1,205.162365,51.233848
dyb2,1,238.300153,59.890164
cvz,1,281.155230,73.466704
dzb3,1,796.937081,207.126364
dxb3,1,204.654659,51.127526
dyb3,1,238.509037,59.958562
csxxsyyszz,1,503.244361,127.935924
dyf2,1,237.988892,59.778029
dxf2,1,204.913568,51.167713
csxy,1,199.244626,52.086360
dzf2,1,796.945539,207.309573
dyf3,1,238.450109,59.996033
csyz,1,239.393561,62.609982
dxf3,1,204.676013,51.155837
dzf3,1,796.068273,206.885220
csxz,1,239.741219,62.703892
dxf,2,204.814764,51.169513
dzb,2,797.987806,207.409784
dyb,2,238.802978,60.069022
cvx,2,240.868531,62.962485
dyf,2,237.730281,59.830444
dzb2,2,797.083109,207.281258
dxb,2,205.131880,51.350231
cvy,2,240.498638,62.923809
dzf,2,795.787106,206.945580
dxb2,2,205.318322,51.302799
dyb2,2,238.576239,59.921527
cvz,2,280.968198,73.486757
dzb3,2,797.037756,207.211980
dxb3,2,204.715623,51.165116
dyb3,2,238.681349,60.004863
csxxsyyszz,2,501.795946,127.679755
dyf2,2,237.836691,59.747138
dxf2,2,205.031783,51.219687
csxy,2,199.101383,52.073059
dzf2,2,795.922561,207.147330
dyf3,2,238.439321,59.990835
csyz,2,239.768261,62.748894
dxf3,2,204.834270,51.177120
dzf3,2,796.229701,206.996269
csxz,2,239.069638,62.539649
dxf,3,204.723233,51.144533
dzb,3,798.117014,207.489967
dyb,3,238.906701,60.138539
cvx,3,240.832608,62.968769
dyf,3,238.091934,59.897605
dzb2,3,797.047217,207.272049
dxb,3,204.955076,51.275829
cvy,3,240.606815,62.946644
dzf,3,796.012930,207.069093
dxb2,3,205.324517,51.347618
dyb2,3,238.796103,60.053239
cvz,3,281.216114,73.549440
dzb3,3,797.057177,207.328882
dxb3,3,204.748332,51.188200
dyb3,3,238.899536,60.079126
csxxsyyszz,3,501.331421,127.668952
dyf2,3,237.882813,59.805256
dxf2,3,204.844525,51.207277
csxy,3,199.255009,52.131825
dzf2,3,796.166958,207.224395
dyf3,3,238.481317,60.008357
csyz,3,239.216613,62.650184
dxf3,3,204.773822,51.224146
dzf3,3,797.206013,207.308105
csxz,3,239.288710,62.638783
dxf,4,204.994503,51.425880
dzb,4,796.926122,207.368810
dyb,4,240.339958,60.456547
cvx,4,241.217212,63.070606
dyf,4,237.835926,59.824068
dzb2,4,798.397143,207.657977
dxb,4,205.011270,51.326353
cvy,4,240.744811,63.018683
dzf,4,796.037283,207.149744
dxb2,4,205.420756,51.390541
dyb2,4,238.396661,60.033493
cvz,4,280.854889,73.539660
dzb3,4,796.864231,207.326992
dxb3,4,204.724324,51.191391
dyb3,4,238.680955,60.033356
csxxsyyszz,4,499.908202,127.428443
dyf2,4,237.951667,59.831029
dxf2,4,204.914017,51.233352
csxy,4,199.688055,52.255184
dzf2,4,795.508858,207.104662
dyf3,4,238.185993,60.004509
csyz,4,239.296698,62.678109
dxf3,4,204.556506,51.148683
dzf3,4,796.138217,207.120390
csxz,4,239.610610,62.865945
#========================= OptEWE [OpenMP] =========================
#Source type                                  :  Force monopole
#Grid Size                                    :  1024 x 1024 x 1024
#Iterations                                   :  5
#Compute time                                 :  48.725075
#Total effective MLUPS                        :  110.183702
#===================================================================
#Number of threads                            :  23
