dxf,0,198.848925,49.818987
dzb,0,763.105027,200.926795
dyb,0,202.839219,51.959278
cvx,0,232.748634,61.517129
dyf,0,202.170031,51.894023
dzb2,0,764.991306,202.117489
dxb,0,197.647397,49.908325
cvy,0,2170.265968,429.870025
dzf,0,761.698565,201.430457
dxb2,0,197.756442,50.005174
dyb2,0,202.181550,51.880008
cvz,0,271.427571,71.839941
dzb3,0,762.641323,201.885078
dxb3,0,197.774296,50.044101
dyb3,0,202.934910,52.110252
csxxsyyszz,0,484.095518,124.182077
dyf2,0,202.381015,52.037837
dxf2,0,197.340268,49.960307
csxy,0,192.778128,50.974411
dzf2,0,761.974513,202.136204
dyf3,0,202.272575,52.047261
csyz,0,231.526228,61.307374
dxf3,0,197.148295,50.009041
dzf3,0,762.197422,202.044415
csxz,0,230.999162,61.259084
dxf,1,197.245237,50.041933
dzb,1,762.805990,202.166671
dyb,1,203.348058,52.201057
cvx,1,232.643624,61.740659
dyf,1,202.216316,52.100438
dzb2,1,772.816865,204.279755
dxb,1,197.597596,50.042955
cvy,1,232.268541,61.650546
dzf,1,761.663353,202.225733
dxb2,1,197.243290,50.016536
dyb2,1,202.333720,52.041422
cvz,1,271.611043,72.053533
dzb3,1,762.583517,202.263420
dxb3,1,197.633874,50.124269
dyb3,1,202.838557,52.160704
csxxsyyszz,1,484.092789,124.373744
dyf2,1,202.286505,52.067826
dxf2,1,197.266559,50.018595
csxy,1,192.804860,51.046824
dzf2,1,761.853453,202.346599
dyf3,1,202.312980,52.074393
csyz,1,231.515606,61.340580
dxf3,1,197.081335,50.047021
dzf3,1,761.954038,202.209165
csxz,1,231.110734,61.292202
dxf,2,197.181198,50.073867
dzb,2,763.137871,202.361339
dyb,2,202.675410,52.188420
cvx,2,233.836625,62.055015
dyf,2,202.328436,52.140855
dzb2,2,765.150323,202.878181
dxb,2,197.563088,50.086833
cvy,2,232.263386,61.679203
dzf,2,761.543417,202.325762
dxb2,2,197.248157,50.043417
dyb2,2,202.081371,52.023074
cvz,2,271.244928,72.000002
dzb3,2,762.605542,202.398775
dxb3,2,198.240700,50.223537
dyb3,2,203.889977,52.385674
csxxsyyszz,2,490.437739,125.639903
dyf2,2,202.116000,52.074344
dxf2,2,197.294916,50.060857
csxy,2,192.750262,51.081302
dzf2,2,761.871378,202.431616
dyf3,2,202.343519,52.121557
csyz,2,231.421967,61.356617
dxf3,2,197.056278,50.074697
dzf3,2,762.095302,202.264602
csxz,2,231.046181,61.316482
dxf,3,197.264881,50.125600
dzb,3,762.998679,202.476400
dyb,3,202.614511,52.171497
cvx,3,232.769334,61.868148
dyf,3,202.133038,52.171502
dzb2,3,763.765006,202.727937
dxb,3,197.812749,50.153980
cvy,3,232.260618,61.704399
dzf,3,762.683617,202.630257
dxb2,3,197.123967,50.019338
dyb2,3,202.151234,52.055056
cvz,3,271.383346,72.076259
dzb3,3,762.665119,202.512540
dxb3,3,197.688918,50.187900
dyb3,3,202.745465,52.189936
csxxsyyszz,3,490.120282,125.641883
dyf2,3,202.217811,52.094380
dxf2,3,197.340012,50.075894
csxy,3,192.797428,51.093056
dzf2,3,761.772399,202.513892
dyf3,3,202.259797,52.102346
csyz,3,231.368058,61.357343
dxf3,3,196.973648,50.075201
dzf3,3,762.021611,202.320223
csxz,3,231.094288,61.343258
dxf,4,197.337826,50.151325
dzb,4,762.937361,202.509559
dyb,4,202.897083,52.226852
cvx,4,232.588766,61.838170
dyf,4,202.190798,52.174021
dzb2,4,763.651212,202.730550
dxb,4,197.442633,50.100571
cvy,4,232.346171,61.762253
dzf,4,761.563839,202.420394
dxb2,4,197.967075,50.240610
dyb2,4,202.151280,52.072905
cvz,4,271.328134,72.048054
dzb3,4,763.879498,202.780670
dxb3,4,197.957001,50.218656
dyb3,4,202.943992,52.228978
csxxsyyszz,4,484.194291,124.479026
dyf2,4,202.360972,52.117001
dxf2,4,197.291676,50.070073
csxy,4,192.750411,51.108664
dzf2,4,761.846317,202.568740
dyf3,4,202.310784,52.191470
csyz,4,231.514325,61.407062
dxf3,4,196.996879,50.114686
dzf3,4,762.643018,202.551841
csxz,4,230.998932,61.495016
#========================= OptEWE [OpenMP] =========================
#Source type                                  :  Force monopole
#Grid Size                                    :  1024 x 1024 x 1024
#Iterations                                   :  5
#Compute time                                 :  46.218895
#Total effective MLUPS                        :  116.158318
#===================================================================
#Number of threads                            :  24
