dxf,0,288.883535,64.667449
dzb,0,1086.462246,253.421681
dyb,0,293.967669,67.158781
cvx,0,294.949723,71.957766
dyf,0,293.778734,67.268855
dzb2,0,1088.030047,251.232620
dxb,0,288.629115,64.897508
cvy,0,1625.942781,311.541921
dzf,0,1086.628832,250.978920
dxb2,0,288.092244,64.800512
dyb2,0,293.939743,67.326772
cvz,0,397.950012,93.658755
dzb3,0,1086.841035,253.630657
dxb3,0,287.679851,64.788437
dyb3,0,322.393029,72.859455
csxxsyyszz,0,648.962106,151.075504
dyf2,0,293.614908,67.178218
dxf2,0,320.041523,71.015175
csxy,0,254.040350,61.308320
dzf2,0,2780.310888,533.348338
dyf3,0,293.333171,67.007238
csyz,0,398.131159,90.066473
dxf3,0,288.230372,64.886246
dzf3,0,1086.961455,253.959471
csxz,0,399.650655,90.412113
dxf,1,289.018372,65.103001
dzb,1,1087.248235,251.331051
dyb,1,293.814247,67.244991
cvx,1,295.634833,72.224981
dyf,1,293.467891,67.730025
dzb2,1,1088.141975,252.155558
dxb,1,288.854945,65.095452
cvy,1,484.112117,106.121657
dzf,1,1085.549040,254.034697
dxb2,1,288.634243,65.047333
dyb2,1,294.113726,67.403213
cvz,1,397.502902,93.711182
dzb3,1,1086.887409,253.396230
dxb3,1,287.873817,64.987388
dyb3,1,323.126912,73.111439
csxxsyyszz,1,644.908650,150.534004
dyf2,1,293.779011,67.325558
dxf2,1,320.167669,71.199521
csxy,1,254.447086,61.537057
dzf2,1,2776.314973,533.090938
dyf3,1,293.556799,67.258463
csyz,1,398.072467,90.231457
dxf3,1,288.115410,64.996724
dzf3,1,1086.158083,253.768900
csxz,1,399.395842,90.825824
dxf,2,288.097778,65.750741
dzb,2,1086.638344,255.023052
dyb,2,293.930699,67.477644
cvx,2,295.230243,72.181183
dyf,2,293.722146,67.313647
dzb2,2,1088.245345,251.763557
dxb,2,288.429998,65.005158
cvy,2,484.137262,105.660838
dzf,2,1086.278662,253.723064
dxb2,2,288.610480,64.999059
dyb2,2,294.818784,67.537280
cvz,2,397.659008,93.653926
dzb3,2,1087.280593,252.889329
dxb3,2,287.959028,64.952570
dyb3,2,323.010526,73.083366
csxxsyyszz,2,655.237086,152.382636
dyf2,2,293.696073,67.283653
dxf2,2,319.911704,71.071473
csxy,2,254.010313,61.404635
dzf2,2,2780.571012,532.775058
dyf3,2,294.348660,67.717592
csyz,2,398.121014,90.662354
dxf3,2,288.133570,65.340123
dzf3,2,1086.299870,252.955976
csxz,2,399.712318,90.547796
dxf,3,288.093904,64.987774
dzb,3,1087.499509,253.751502
dyb,3,293.838147,67.318567
cvx,3,294.736157,72.112028
dyf,3,293.536137,67.329352
dzb2,3,1087.763908,254.630641
dxb,3,288.606821,65.214068
cvy,3,484.023514,106.604309
dzf,3,1085.780376,253.072225
dxb2,3,288.060705,65.072291
dyb2,3,294.232225,67.478581
cvz,3,397.740173,93.750172
dzb3,3,1087.109360,252.145351
dxb3,3,287.901629,65.040239
dyb3,3,322.731245,73.073100
csxxsyyszz,3,648.928980,151.203319
dyf2,3,293.625250,67.281612
dxf2,3,320.174450,71.118996
csxy,3,254.231256,61.421426
dzf2,3,2780.075704,532.819433
dyf3,3,293.615148,67.183250
csyz,3,398.072213,90.133623
dxf3,3,288.447568,64.984500
dzf3,3,1086.403190,252.010460
csxz,3,399.731850,90.246191
dxf,4,288.143220,64.947604
dzb,4,1086.885868,253.059091
dyb,4,294.003845,67.399883
cvx,4,295.210687,72.199512
dyf,4,293.865500,67.399669
dzb2,4,1087.691253,253.669020
dxb,4,288.452339,65.049979
cvy,4,484.399033,106.534270
dzf,4,1085.946952,252.242518
dxb2,4,288.388731,64.984670
dyb2,4,294.240980,67.483074
cvz,4,397.661418,93.751293
dzb3,4,1087.516918,252.974254
dxb3,4,288.067887,64.970234
dyb3,4,322.779945,72.986247
csxxsyyszz,4,653.867956,152.899780
dyf2,4,293.634584,67.242691
dxf2,4,320.153160,71.106686
csxy,4,253.996700,61.424369
dzf2,4,2777.674695,535.306202
dyf3,4,293.710910,67.246107
csyz,4,397.985861,90.335806
dxf3,4,288.373174,65.151454
dzf3,4,1086.603285,251.574746
csxz,4,399.145592,90.558410
#========================= OptEWE [OpenMP] =========================
#Source type                                  :  Force monopole
#Grid Size                                    :  1024 x 1024 x 1024
#Iterations                                   :  5
#Compute time                                 :  74.374290
#Total effective MLUPS                        :  72.185013
#===================================================================
#Number of threads                            :  16
