dxf,0,277.692466,53.397697
dzb,0,1263.036187,241.538941
dyb,0,558.265274,97.814055
cvx,0,519.886443,94.702652
dyf,0,324.219423,62.811917
dzb2,0,1263.653411,241.740887
dxb,0,562.362750,96.274705
cvy,0,2517.052011,389.261734
dzf,0,1062.283965,212.426586
dxb2,0,562.134447,96.214441
dyb2,0,558.080217,97.773658
cvz,0,648.031538,116.631467
dzb3,0,1063.370424,212.526555
dxb3,0,562.076780,96.266858
dyb3,0,667.958509,113.955191
csxxsyyszz,0,822.228512,155.643787
dyf2,0,324.344552,62.808550
dxf2,0,677.795044,113.464659
csxy,0,395.453677,73.110866
dzf2,0,2327.417795,388.252427
dyf3,0,559.522057,97.976449
csyz,0,521.738006,94.791837
dxf3,0,277.419152,53.507715
dzf3,0,1258.589642,241.053997
csxz,0,520.236515,94.575657
dxf,1,277.516311,53.580416
dzb,1,1262.151143,241.980530
dyb,1,557.539727,97.858193
cvx,1,519.704247,94.902133
dyf,1,323.582600,62.824929
dzb2,1,1263.239453,242.164370
dxb,1,562.149478,96.444889
cvy,1,726.031611,125.603715
dzf,1,1059.353251,212.360508
dxb2,1,562.312900,96.423574
dyb2,1,559.178287,98.114855
cvz,1,648.703762,116.926355
dzb3,1,1061.579982,212.605229
dxb3,1,562.955545,96.529655
dyb3,1,669.426654,114.326547
csxxsyyszz,1,826.509847,156.547125
dyf2,1,325.453371,63.055718
dxf2,1,678.804975,113.848069
csxy,1,396.406837,73.512550
dzf2,1,2334.597744,388.713263
dyf3,1,559.724014,97.896825
csyz,1,522.144687,94.727407
dxf3,1,277.494883,53.474580
dzf3,1,1258.085876,240.921941
csxz,1,520.154781,94.477095
dxf,2,277.540992,53.505351
dzb,2,1260.700645,241.443023
dyb,2,559.909154,98.138923
cvx,2,520.200922,94.848844
dyf,2,324.769246,62.935621
dzb2,2,1260.182648,240.970607
dxb,2,562.731445,96.428246
cvy,2,727.405603,123.107034
dzf,2,1059.061321,212.018257
dxb2,2,563.074922,96.395310
dyb2,2,558.929431,97.900355
cvz,2,649.508755,116.922548
dzb3,2,1061.150136,212.271824
dxb3,2,562.985337,96.350845
dyb3,2,668.768779,114.063503
csxxsyyszz,2,824.324697,156.003570
dyf2,2,324.373963,62.774818
dxf2,2,678.433916,113.623960
csxy,2,395.705751,73.174040
dzf2,2,2333.940433,387.834920
dyf3,2,559.359297,97.872420
csyz,2,521.930837,94.755643
dxf3,2,277.271064,53.421015
dzf3,2,1258.279768,240.878182
csxz,2,520.468394,94.548889
dxf,3,277.489227,53.500344
dzb,3,1260.699512,241.407093
dyb,3,558.972655,98.054157
cvx,3,520.527765,94.864313
dyf,3,324.682039,62.915485
dzb2,3,1260.238669,241.456530
dxb,3,563.192468,96.496174
cvy,3,727.134657,125.738311
dzf,3,1060.839589,212.630781
dxb2,3,562.922007,96.495958
dyb2,3,559.446109,98.169701
cvz,3,648.692288,117.013981
dzb3,3,1061.661867,212.639231
dxb3,3,563.009295,96.562070
dyb3,3,669.696394,114.393573
csxxsyyszz,3,824.827939,156.271313
dyf2,3,325.070139,62.985693
dxf2,3,678.598035,113.863508
csxy,3,395.812617,73.309580
dzf2,3,2334.485394,388.957011
dyf3,3,559.612956,97.932639
csyz,3,522.048598,94.787684
dxf3,3,277.445526,53.486201
dzf3,3,1259.050273,241.175392
csxz,3,520.428204,94.566887
dxf,4,277.517399,53.499932
dzb,4,1260.767595,241.457718
dyb,4,559.566301,98.065238
cvx,4,521.217471,95.024022
dyf,4,325.051806,62.989969
dzb2,4,1260.763010,241.063476
dxb,4,563.085822,96.508921
cvy,4,727.637767,123.275584
dzf,4,1059.650935,212.456387
dxb2,4,562.586149,96.491751
dyb2,4,558.908869,98.111958
cvz,4,648.713921,116.997923
dzb3,4,1063.015331,212.905247
dxb3,4,562.895488,96.571505
dyb3,4,668.937706,114.337301
csxxsyyszz,4,822.186621,155.953157
dyf2,4,324.632608,62.951215
dxf2,4,678.128827,113.803477
csxy,4,395.528139,73.260627
dzf2,4,2332.673628,388.288082
dyf3,4,559.285095,97.866913
csyz,4,521.802131,94.730655
dxf3,4,277.645120,53.511742
dzf3,4,1258.148281,240.936014
csxz,4,521.516876,94.925992
#========================= OptEWE [OpenMP] =========================
#Source type                                  :  Force monopole
#Grid Size                                    :  1024 x 1024 x 1024
#Iterations                                   :  5
#Compute time                                 :  93.349724
#Total effective MLUPS                        :  57.511784
#===================================================================
#Number of threads                            :  22
