dxf,0,277.716748,64.142613
dzb,0,1184.063112,273.646987
dyb,0,283.749301,68.555945
cvx,0,341.292035,81.687202
dyf,0,282.449761,68.401200
dzb2,0,1184.737201,276.761621
dxb,0,275.818979,64.168487
cvy,0,2285.699989,438.949957
dzf,0,1182.307953,278.242789
dxb2,0,275.708260,64.153429
dyb2,0,282.034649,68.343374
cvz,0,401.281242,95.851947
dzb3,0,1184.105872,274.313319
dxb3,0,275.620032,64.178546
dyb3,0,281.941309,68.367403
csxxsyyszz,0,618.849733,149.007034
dyf2,0,282.383302,68.472107
dxf2,0,276.050801,64.276019
csxy,0,280.702393,67.949885
dzf2,0,1184.777486,277.573079
dyf3,0,282.283933,68.460189
csyz,0,340.422296,81.346120
dxf3,0,275.718858,64.256676
dzf3,0,1185.129039,278.612273
csxz,0,339.702846,81.121237
dxf,1,276.049914,64.312181
dzb,1,1184.203806,278.225357
dyb,1,282.175053,68.552639
cvx,1,341.364867,81.922092
dyf,1,282.490801,68.599632
dzb2,1,1184.070425,275.493670
dxb,1,275.905434,64.323441
cvy,1,341.305892,81.832812
dzf,1,1182.205842,275.225426
dxb2,1,275.643477,64.173556
dyb2,1,282.600134,68.512993
cvz,1,401.266163,95.947790
dzb3,1,1185.207795,277.808406
dxb3,1,275.785242,64.223362
dyb3,1,283.489535,68.757028
csxxsyyszz,1,619.385591,149.210085
dyf2,1,281.669173,68.404551
dxf2,1,275.821568,64.268166
csxy,1,280.450268,67.326710
dzf2,1,1182.029000,277.409296
dyf3,1,282.383651,68.468712
csyz,1,339.917256,81.332802
dxf3,1,275.627979,64.331395
dzf3,1,1185.530354,275.277245
csxz,1,339.722813,81.173950
dxf,2,275.902322,64.358324
dzb,2,1184.814141,275.069930
dyb,2,282.039335,68.410054
cvx,2,341.365322,81.906526
dyf,2,282.066610,68.495877
dzb2,2,1186.096422,279.135880
dxb,2,275.658154,64.265045
cvy,2,341.294077,81.837193
dzf,2,1182.657570,278.529585
dxb2,2,275.600286,64.214492
dyb2,2,282.019504,68.399162
cvz,2,401.124176,95.953653
dzb3,2,1183.982114,273.970332
dxb3,2,275.679986,64.189769
dyb3,2,282.097376,68.439280
csxxsyyszz,2,619.706868,149.465235
dyf2,2,281.944301,68.428652
dxf2,2,276.973131,64.545448
csxy,2,280.406111,67.335250
dzf2,2,1182.124351,273.810419
dyf3,2,282.090819,68.349784
csyz,2,339.982895,81.333303
dxf3,2,275.562250,64.251888
dzf3,2,1184.940294,278.326707
csxz,2,339.709708,81.201577
dxf,3,275.543980,64.264166
dzb,3,1185.489181,278.331655
dyb,3,281.687108,68.409529
cvx,3,341.991901,82.095503
dyf,3,282.041658,68.438921
dzb2,3,1184.408504,275.146153
dxb,3,275.626641,64.245260
cvy,3,341.317972,81.858969
dzf,3,1181.948900,274.798491
dxb2,3,275.682460,64.190843
dyb2,3,281.812727,68.332614
cvz,3,401.279030,95.992937
dzb3,3,1184.182800,277.260769
dxb3,3,275.787754,64.292396
dyb3,3,282.253300,68.531522
csxxsyyszz,3,620.141078,149.414489
dyf2,3,282.305797,68.527618
dxf2,3,275.963531,64.337110
csxy,3,280.463747,67.342999
dzf2,3,1183.471694,277.284539
dyf3,3,282.400931,68.480608
csyz,3,339.998094,81.342174
dxf3,3,275.579773,64.274752
dzf3,3,1185.609984,274.720659
csxz,3,339.679602,81.193260
dxf,4,275.858127,64.342911
dzb,4,1184.055430,274.440655
dyb,4,281.785215,68.390788
cvx,4,341.371473,81.991106
dyf,4,281.942683,68.486790
dzb2,4,1184.075625,278.581489
dxb,4,275.499429,64.246440
cvy,4,341.169978,81.904789
dzf,4,1182.238449,278.251020
dxb2,4,275.724899,64.238425
dyb2,4,282.286438,68.520807
cvz,4,401.261769,96.012455
dzb3,4,1186.464588,275.440169
dxb3,4,275.806968,64.263395
dyb3,4,282.044890,68.505251
csxxsyyszz,4,618.258216,149.048964
dyf2,4,282.435099,68.601271
dxf2,4,275.972438,64.353134
csxy,4,280.462610,67.359385
dzf2,4,1181.948341,274.711688
dyf3,4,282.503459,68.482468
csyz,4,339.820236,81.321920
dxf3,4,275.735518,64.252596
dzf3,4,1185.447933,278.354927
csxz,4,339.755935,81.334603
#========================= OptEWE [OpenMP] =========================
#Source type                                  :  Force monopole
#Grid Size                                    :  1024 x 1024 x 1024
#Iterations                                   :  5
#Compute time                                 :  67.527817
#Total effective MLUPS                        :  79.503668
#===================================================================
#Number of threads                            :  20
