dxf,0,228.409674,48.596143
dzb,0,965.889892,207.064513
dyb,0,319.694358,65.534478
cvx,0,281.284346,61.093244
dyf,0,318.684534,65.389459
dzb2,0,959.544195,206.396104
dxb,0,229.535933,48.958970
cvy,0,2296.854664,383.192909
dzf,0,957.886520,206.008648
dxb2,0,233.004578,49.538135
dyb2,0,318.693136,65.500526
cvz,0,314.381901,69.599152
dzb3,0,959.321485,206.549347
dxb3,0,228.934365,48.944051
dyb3,0,319.042942,65.612397
csxxsyyszz,0,741.570003,150.193248
dyf2,0,318.209437,65.450956
dxf2,0,227.816731,48.746935
csxy,0,220.995345,49.290298
dzf2,0,961.443331,207.219861
dyf3,0,318.705896,65.595647
csyz,0,265.636236,59.346069
dxf3,0,228.327137,48.826640
dzf3,0,959.739607,206.716146
csxz,0,265.617744,59.402870
dxf,1,226.901397,48.590236
dzb,1,965.777015,207.733063
dyb,1,319.637029,65.710924
cvx,1,281.468111,61.293161
dyf,1,317.961841,65.406942
dzb2,1,960.015421,206.720030
dxb,1,229.411529,49.008657
cvy,1,280.795456,61.163248
dzf,1,959.341059,206.583760
dxb2,1,233.563441,49.708138
dyb2,1,318.817839,65.592659
cvz,1,312.843732,69.408963
dzb3,1,961.122795,206.926339
dxb3,1,228.944398,48.971579
dyb3,1,319.754062,65.782673
csxxsyyszz,1,742.625254,150.362396
dyf2,1,319.144595,65.611057
dxf2,1,227.889358,48.791707
csxy,1,221.230140,49.329856
dzf2,1,958.194556,206.483186
dyf3,1,318.668990,65.561164
csyz,1,265.691707,59.426128
dxf3,1,227.950548,48.775444
dzf3,1,959.842296,206.828780
csxz,1,265.391814,59.354580
dxf,2,227.231782,48.651663
dzb,2,965.899810,207.805298
dyb,2,319.772269,65.796007
cvx,2,281.447145,61.290336
dyf,2,317.949211,65.470625
dzb2,2,961.712014,207.139705
dxb,2,229.466874,49.039975
cvy,2,280.953938,61.212091
dzf,2,959.089926,206.652436
dxb2,2,233.046107,49.637580
dyb2,2,318.675032,65.592656
cvz,2,313.028175,69.508898
dzb3,2,959.891495,206.922910
dxb3,2,228.906914,48.999017
dyb3,2,318.903961,65.652483
csxxsyyszz,2,741.921165,150.377206
dyf2,2,318.064030,65.444530
dxf2,2,228.028892,48.795084
csxy,2,221.227841,49.370513
dzf2,2,957.767311,206.460146
dyf3,2,318.358253,65.590504
csyz,2,265.670876,59.423086
dxf3,2,228.070142,48.833411
dzf3,2,961.154699,207.086164
csxz,2,266.469815,59.565199
dxf,3,227.280758,48.662769
dzb,3,965.380761,207.626491
dyb,3,319.448223,65.718385
cvx,3,281.573942,61.309864
dyf,3,318.921043,65.631956
dzb2,3,963.034159,207.378673
dxb,3,229.505006,49.067498
cvy,3,280.903352,61.206797
dzf,3,957.541481,206.449657
dxb2,3,233.078614,49.644132
dyb2,3,318.806384,65.621436
cvz,3,312.878076,69.440622
dzb3,3,959.570612,206.821036
dxb3,3,228.884235,48.972269
dyb3,3,318.956976,65.664394
csxxsyyszz,3,741.973132,150.385492
dyf2,3,318.310463,65.507173
dxf2,3,227.789902,48.781729
csxy,3,221.125764,49.332983
dzf2,3,957.595464,206.415988
dyf3,3,319.129146,65.691639
csyz,3,265.734486,59.428854
dxf3,3,228.211962,48.840707
dzf3,3,960.661104,207.021963
csxz,3,265.422122,59.404352
dxf,4,227.010788,48.642141
dzb,4,965.372004,207.737168
dyb,4,321.431789,66.035074
cvx,4,281.495143,61.316827
dyf,4,317.823823,65.433597
dzb2,4,960.234038,206.891377
dxb,4,229.537437,49.050957
cvy,4,280.837341,61.188679
dzf,4,957.151668,206.377714
dxb2,4,232.922244,49.627865
dyb2,4,318.624517,65.602919
cvz,4,312.755449,69.447271
dzb3,4,959.385929,206.774867
dxb3,4,228.772442,48.994228
dyb3,4,318.859017,65.657928
csxxsyyszz,4,741.604815,150.374596
dyf2,4,318.171734,65.510067
dxf2,4,227.903424,48.813752
csxy,4,221.081860,49.348593
dzf2,4,957.148094,206.415493
dyf3,4,318.729918,65.613789
csyz,4,266.443643,59.569291
dxf3,4,228.195319,48.826356
dzf3,4,959.231712,206.858413
csxz,4,266.155637,59.709218
#========================= OptEWE [OpenMP] =========================
#Source type                                  :  Force monopole
#Grid Size                                    :  1024 x 1024 x 1024
#Iterations                                   :  5
#Compute time                                 :  59.124008
#Total effective MLUPS                        :  90.804214
#===================================================================
#Number of threads                            :  21
