dxf,0,364.200883,63.238979
dzb,0,1458.072525,258.789016
dyb,0,475.157092,81.127717
cvx,0,426.810457,76.582808
dyf,0,476.592624,81.373577
dzb2,0,1457.406791,258.925941
dxb,0,363.165403,63.208439
cvy,0,1985.376098,294.697075
dzf,0,1455.799869,258.958014
dxb2,0,362.831110,63.250108
dyb2,0,472.992985,80.874688
cvz,0,493.836864,89.065097
dzb3,0,1456.727473,258.960528
dxb3,0,364.423621,63.457502
dyb3,0,474.319122,81.073069
csxxsyyszz,0,1054.050433,179.773113
dyf2,0,473.499297,81.047253
dxf2,0,363.380137,63.314881
csxy,0,350.304156,63.187852
dzf2,0,1459.546624,259.369096
dyf3,0,473.830497,81.055313
csyz,0,420.532751,75.977037
dxf3,0,363.558199,63.256510
dzf3,0,1454.736089,258.836485
csxz,0,419.879626,75.719579
dxf,1,363.586292,63.306100
dzb,1,1456.589130,258.951545
dyb,1,475.120330,81.199880
cvx,1,425.551090,76.439114
dyf,1,473.319045,80.956238
dzb2,1,1458.295638,259.242133
dxb,1,364.788353,63.487250
cvy,1,426.055385,76.446205
dzf,1,1456.352143,259.108438
dxb2,1,362.652133,63.194250
dyb2,1,472.781866,80.854674
cvz,1,495.208771,89.216167
dzb3,1,1456.421370,258.909858
dxb3,1,364.742467,63.502683
dyb3,1,474.243081,81.115366
csxxsyyszz,1,1045.340496,178.523460
dyf2,1,473.750315,80.963428
dxf2,1,362.302389,63.108546
csxy,1,350.302271,63.184278
dzf2,1,1459.269340,259.357651
dyf3,1,473.602876,81.057255
csyz,1,420.576432,75.830950
dxf3,1,363.582033,63.274727
dzf3,1,1454.916269,258.866295
csxz,1,419.905673,75.728390
dxf,2,363.531270,63.291166
dzb,2,1457.844919,259.106698
dyb,2,474.980185,81.150387
cvx,2,425.478789,76.430860
dyf,2,473.047858,80.888194
dzb2,2,1455.663928,258.866894
dxb,2,363.236442,63.263720
cvy,2,426.636080,76.658303
dzf,2,1458.032308,259.296309
dxb2,2,363.081159,63.262787
dyb2,2,474.882830,81.147846
cvz,2,493.780225,89.053635
dzb3,2,1457.094941,259.390981
dxb3,2,364.295864,63.555941
dyb3,2,474.181367,81.182139
csxxsyyszz,2,1052.005488,179.475351
dyf2,2,473.361420,80.952649
dxf2,2,362.336523,63.162894
csxy,2,350.196095,63.203305
dzf2,2,1458.870645,259.450395
dyf3,2,473.820016,81.139805
csyz,2,420.207710,75.804174
dxf3,2,364.602528,63.463999
dzf3,2,1457.219776,259.445040
csxz,2,420.003258,75.784834
dxf,3,365.072286,63.667561
dzb,3,1458.231559,259.507031
dyb,3,475.047385,81.222893
cvx,3,426.113832,76.538704
dyf,3,473.209661,80.934914
dzb2,3,1456.057535,258.998100
dxb,3,363.075549,63.287921
cvy,3,425.639460,76.450627
dzf,3,1455.536107,259.093163
dxb2,3,362.873387,63.268319
dyb2,3,473.032037,80.906651
cvz,3,493.656142,89.065913
dzb3,3,1458.448260,259.347182
dxb3,3,364.582259,63.510776
dyb3,3,474.622575,81.242470
csxxsyyszz,3,1050.039280,179.344234
dyf2,3,474.676366,81.243326
dxf2,3,362.363218,63.209981
csxy,3,350.411098,63.260401
dzf2,3,1463.627632,259.991713
dyf3,3,473.531285,81.234913
csyz,3,420.073870,75.978371
dxf3,3,363.723183,63.352107
dzf3,3,1455.078441,259.281464
csxz,3,419.904797,75.846424
dxf,4,363.786814,63.371911
dzb,4,1459.334535,259.795502
dyb,4,477.337390,81.607751
cvx,4,425.395342,76.483988
dyf,4,473.705262,81.204548
dzb2,4,1456.005003,259.250647
dxb,4,363.005784,63.366139
cvy,4,425.313733,76.552859
dzf,4,1458.370689,259.728571
dxb2,4,362.621534,63.378323
dyb2,4,473.011176,81.133738
cvz,4,493.790997,89.136256
dzb3,4,1456.405966,259.412442
dxb3,4,364.622500,63.558009
dyb3,4,474.188731,81.114911
csxxsyyszz,4,1045.771581,179.004477
dyf2,4,473.588480,81.087568
dxf2,4,363.079588,63.262513
csxy,4,350.391360,63.236929
dzf2,4,1461.058265,260.039528
dyf3,4,473.619598,81.086166
csyz,4,420.180073,75.952525
dxf3,4,363.488063,63.453935
dzf3,4,1455.028497,259.168706
csxz,4,419.973002,75.905597
#========================= OptEWE [OpenMP] =========================
#Source type                                  :  Force monopole
#Grid Size                                    :  1024 x 1024 x 1024
#Iterations                                   :  5
#Compute time                                 :  88.340866
#Total effective MLUPS                        :  60.772656
#===================================================================
#Number of threads                            :  13
