dxf,0,295.049610,63.401391
dzb,0,1142.566773,251.114997
dyb,0,300.706120,66.057889
cvx,0,311.135033,71.938046
dyf,0,300.423175,66.120578
dzb2,0,1142.945626,250.757918
dxb,0,295.557091,63.755619
cvy,0,1701.458683,313.933231
dzf,0,1141.127235,253.076531
dxb2,0,294.313575,63.592238
dyb2,0,300.662884,66.244643
cvz,0,418.418439,93.811902
dzb3,0,1142.668104,250.710889
dxb3,0,296.813002,64.049978
dyb3,0,333.474725,72.292963
csxxsyyszz,0,631.818596,143.119136
dyf2,0,300.942473,66.298024
dxf2,0,330.562275,70.441500
csxy,0,264.858076,60.992283
dzf2,0,2935.826901,535.955329
dyf3,0,300.076140,66.033268
csyz,0,416.269601,89.965145
dxf3,0,295.166183,63.771174
dzf3,0,1140.994542,251.709184
csxz,0,417.396859,90.190344
dxf,1,294.532858,63.665117
dzb,1,1142.553701,251.257315
dyb,1,300.638575,66.173834
cvx,1,311.087756,72.119681
dyf,1,300.364186,66.249074
dzb2,1,1142.915182,250.409438
dxb,1,294.695600,63.748083
cvy,1,515.456532,108.188416
dzf,1,1141.121765,250.905639
dxb2,1,294.507742,63.693889
dyb2,1,300.561994,66.297431
cvz,1,418.901663,94.257111
dzb3,1,1143.139558,252.032440
dxb3,1,296.196921,63.993815
dyb3,1,333.419878,72.392918
csxxsyyszz,1,631.551522,143.172253
dyf2,1,300.000069,66.183788
dxf2,1,330.931396,70.543956
csxy,1,264.827692,60.999349
dzf2,1,2934.183746,536.011321
dyf3,1,300.200434,66.076897
csyz,1,416.614031,89.961593
dxf3,1,294.400959,63.621811
dzf3,1,1141.202222,250.883393
csxz,1,417.217686,90.205772
dxf,2,294.426279,63.590728
dzb,2,1142.681116,250.486756
dyb,2,300.450348,66.236491
cvx,2,312.225099,72.398063
dyf,2,300.154676,66.244110
dzb2,2,1143.489013,252.474628
dxb,2,294.687624,63.884865
cvy,2,515.318020,108.304121
dzf,2,1141.316595,250.460073
dxb2,2,294.651288,63.855088
dyb2,2,300.637112,66.364272
cvz,2,418.648637,94.082183
dzb3,2,1142.846958,251.428697
dxb3,2,296.973073,64.127372
dyb3,2,333.246556,72.334645
csxxsyyszz,2,628.772055,142.662263
dyf2,2,300.334666,66.248281
dxf2,2,330.601318,70.568941
csxy,2,264.612677,60.978547
dzf2,2,2934.874987,537.577669
dyf3,2,300.225423,66.046485
csyz,2,416.650923,90.189348
dxf3,2,294.275512,63.651121
dzf3,2,1141.104474,249.648794
csxz,2,417.169113,90.431733
dxf,3,294.479214,63.849633
dzb,3,1142.071140,251.129108
dyb,3,300.765648,66.333513
cvx,3,311.238288,72.202558
dyf,3,300.462108,66.228264
dzb2,3,1142.690356,252.259502
dxb,3,295.007924,63.807878
cvy,3,514.990573,107.988830
dzf,3,1140.663976,252.611493
dxb2,3,294.581873,63.721989
dyb2,3,300.641449,66.306619
cvz,3,419.025658,94.038413
dzb3,3,1143.125918,250.086618
dxb3,3,297.607739,64.234498
dyb3,3,333.390092,72.327983
csxxsyyszz,3,629.021410,142.708855
dyf2,3,300.219050,66.183760
dxf2,3,331.042032,70.878036
csxy,3,264.883061,61.182384
dzf2,3,2934.685520,536.722457
dyf3,3,300.279465,66.104236
csyz,3,417.119113,90.163305
dxf3,3,294.660787,64.053629
dzf3,3,1141.066693,251.591847
csxz,3,417.226209,90.338309
dxf,4,294.394082,63.731717
dzb,4,1143.203655,252.397021
dyb,4,300.783164,66.352814
cvx,4,311.035045,72.173668
dyf,4,300.202769,66.263795
dzb2,4,1143.490536,251.402505
dxb,4,295.095821,63.892466
cvy,4,515.266883,107.275298
dzf,4,1141.292589,251.867192
dxb2,4,294.570000,63.752137
dyb2,4,300.666188,66.355134
cvz,4,418.795383,94.031402
dzb3,4,1142.352197,252.709594
dxb3,4,296.520890,64.080725
dyb3,4,333.332210,72.331222
csxxsyyszz,4,628.960358,142.678156
dyf2,4,300.408888,66.231454
dxf2,4,330.726308,70.517920
csxy,4,264.787219,60.968998
dzf2,4,2936.917123,536.241392
dyf3,4,300.197309,66.122183
csyz,4,416.713892,90.093317
dxf3,4,294.365758,63.656345
dzf3,4,1140.867214,251.629397
csxz,4,417.347975,90.193043
#========================= OptEWE [OpenMP] =========================
#Source type                                  :  Force monopole
#Grid Size                                    :  1024 x 1024 x 1024
#Iterations                                   :  5
#Compute time                                 :  77.496567
#Total effective MLUPS                        :  69.276735
#===================================================================
#Number of threads                            :  16
