dxf,0,417.068310,73.864140
dzb,0,1822.076578,320.094219
dyb,0,614.036258,105.544457
cvx,0,484.888199,89.156820
dyf,0,446.973431,80.784958
dzb2,0,1821.910243,320.470681
dxb,0,582.722844,98.621349
cvy,0,2181.708006,339.779526
dzf,0,1820.983470,320.839389
dxb2,0,415.794451,73.857856
dyb2,0,612.768198,105.387894
cvz,0,658.878284,116.919945
dzb3,0,1821.861765,319.603190
dxb3,0,415.159389,73.761601
dyb3,0,743.438161,124.534745
csxxsyyszz,0,902.827225,166.581481
dyf2,0,446.928480,80.841803
dxf2,0,448.790980,79.173085
csxy,0,361.098173,67.905231
dzf2,0,4039.987939,634.786838
dyf3,0,447.309290,80.866469
csyz,0,549.944602,97.988573
dxf3,0,415.461124,73.789306
dzf3,0,1819.487734,319.507933
csxz,0,548.965447,97.873300
dxf,1,415.758516,73.914783
dzb,1,1822.882757,320.256207
dyb,1,614.604017,105.841968
cvx,1,484.904940,89.261045
dyf,1,449.349992,81.257745
dzb2,1,1823.165665,320.611541
dxb,1,583.271877,98.729730
cvy,1,802.983958,135.192433
dzf,1,1819.305512,320.072753
dxb2,1,415.581671,73.844102
dyb2,1,612.091413,105.237602
cvz,1,658.478197,117.792019
dzb3,1,1821.871209,319.157874
dxb3,1,415.173001,73.838193
dyb3,1,743.681183,124.626614
csxxsyyszz,1,893.369667,165.151107
dyf2,1,447.525872,80.950725
dxf2,1,449.160572,79.277959
csxy,1,360.945776,67.883978
dzf2,1,4040.191536,634.657399
dyf3,1,449.921687,81.234057
csyz,1,549.126144,98.439953
dxf3,1,415.072431,73.771657
dzf3,1,1821.071171,319.802890
csxz,1,549.484922,97.624196
dxf,2,416.287250,73.957337
dzb,2,1823.977365,320.282796
dyb,2,613.780219,105.634941
cvx,2,485.187023,89.529706
dyf,2,446.919879,81.094757
dzb2,2,1821.635841,320.762409
dxb,2,582.879261,98.955355
cvy,2,802.344132,136.262654
dzf,2,1819.529018,320.417578
dxb2,2,415.741255,73.839060
dyb2,2,612.094342,105.299041
cvz,2,658.098942,117.645279
dzb3,2,1831.790746,322.745931
dxb3,2,415.437448,73.839397
dyb3,2,744.204969,124.763067
csxxsyyszz,2,903.709240,166.857175
dyf2,2,447.477107,80.915121
dxf2,2,448.862613,79.196445
csxy,2,360.959068,67.903304
dzf2,2,4039.170945,634.370847
dyf3,2,447.413370,80.812792
csyz,2,549.627534,98.411007
dxf3,2,415.440624,73.768480
dzf3,2,1821.073994,318.592417
csxz,2,548.380193,98.311729
dxf,3,416.762905,74.301571
dzb,3,1823.097204,319.176862
dyb,3,613.606174,105.569443
cvx,3,484.906750,89.270108
dyf,3,447.979894,81.056921
dzb2,3,1822.353895,319.546101
dxb,3,582.729560,98.741226
cvy,3,802.619246,135.768058
dzf,3,1820.357165,319.392871
dxb2,3,415.727821,73.860227
dyb2,3,612.336593,105.290975
cvz,3,659.286283,117.337246
dzb3,3,1821.222060,320.181669
dxb3,3,415.326109,73.761218
dyb3,3,743.587287,124.486490
csxxsyyszz,3,897.681312,165.785458
dyf2,3,447.060272,80.816721
dxf2,3,448.584848,79.121767
csxy,3,360.927701,67.840323
dzf2,3,4039.722467,633.629353
dyf3,3,447.486348,80.793459
csyz,3,549.470731,98.078902
dxf3,3,415.062042,73.714693
dzf3,3,1819.251929,320.042222
csxz,3,549.014394,98.149273
dxf,4,415.636853,73.844314
dzb,4,1823.442086,321.159224
dyb,4,613.078914,105.400101
cvx,4,484.741348,89.185673
dyf,4,448.365535,81.108202
dzb2,4,1823.367263,318.959379
dxb,4,582.660989,98.671616
cvy,4,803.206682,135.622318
dzf,4,1819.489549,318.892013
dxb2,4,415.801076,73.888821
dyb2,4,612.507401,105.384814
cvz,4,659.658853,117.150070
dzb3,4,1822.259793,320.051726
dxb3,4,415.290026,73.811327
dyb3,4,742.978937,124.541467
csxxsyyszz,4,903.012257,166.882523
dyf2,4,447.390193,81.092958
dxf2,4,448.999715,79.270523
csxy,4,360.874793,67.902653
dzf2,4,4039.327654,635.403541
dyf3,4,447.318922,80.799842
csyz,4,549.959621,97.997237
dxf3,4,415.171822,73.778122
dzf3,4,1819.447886,319.738108
csxz,4,548.909907,97.876118
#========================= OptEWE [OpenMP] =========================
#Source type                                  :  Force monopole
#Grid Size                                    :  1024 x 1024 x 1024
#Iterations                                   :  5
#Compute time                                 :  118.691750
#Total effective MLUPS                        :  45.232370
#===================================================================
#Number of threads                            :  14
