dxf,0,252.806201,50.517570
dzb,0,1098.162233,219.704945
dyb,0,499.713850,90.429752
cvx,0,486.262335,91.024969
dyf,0,323.529435,63.750727
dzb2,0,1097.662938,219.783152
dxb,0,505.095243,89.207215
cvy,0,2331.297947,369.290751
dzf,0,930.561048,194.931692
dxb2,0,504.564968,89.110932
dyb2,0,499.203970,90.359902
cvz,0,604.070672,111.469976
dzb3,0,927.957910,194.431774
dxb3,0,505.449921,89.223374
dyb3,0,597.669467,105.064977
csxxsyyszz,0,722.710839,142.603622
dyf2,0,324.490142,63.897308
dxf2,0,607.780582,104.702179
csxy,0,363.358807,69.410739
dzf2,0,2082.458541,357.779159
dyf3,0,499.954257,90.355503
csyz,0,484.731962,90.724292
dxf3,0,252.656254,50.561091
dzf3,0,1093.407506,219.129843
csxz,0,483.653177,90.628002
dxf,1,253.008683,50.642167
dzb,1,1094.770108,219.407756
dyb,1,500.639212,90.648606
cvx,1,486.928526,91.220644
dyf,1,323.813252,63.973914
dzb2,1,1094.813715,219.454954
dxb,1,506.106991,89.407210
cvy,1,655.942652,115.376266
dzf,1,926.426258,194.414364
dxb2,1,505.544312,89.294878
dyb2,1,500.295180,90.587061
cvz,1,605.636090,112.035939
dzb3,1,931.065776,195.025967
dxb3,1,505.521750,89.312828
dyb3,1,597.412959,105.101792
csxxsyyszz,1,722.392258,142.665732
dyf2,1,324.333167,63.883683
dxf2,1,607.959136,104.781854
csxy,1,363.301693,69.443251
dzf2,1,2082.570058,358.139334
dyf3,1,500.414882,90.459831
csyz,1,484.832397,90.760298
dxf3,1,252.670385,50.589907
dzf3,1,1092.687664,219.025941
csxz,1,483.675985,90.649977
dxf,2,252.929636,50.672808
dzb,2,1096.197417,219.652549
dyb,2,500.528467,90.681523
cvx,2,487.520720,91.346949
dyf,2,324.004637,63.883451
dzb2,2,1094.375370,219.401038
dxb,2,506.115102,89.421844
cvy,2,655.595386,115.547811
dzf,2,925.564414,194.295260
dxb2,2,505.990908,89.371765
dyb2,2,500.339788,90.620802
cvz,2,606.317558,112.360089
dzb3,2,927.436990,194.487600
dxb3,2,505.585778,89.331121
dyb3,2,597.526548,105.126265
csxxsyyszz,2,722.813447,142.724703
dyf2,2,324.550460,63.936190
dxf2,2,607.732701,104.755427
csxy,2,363.188662,69.449755
dzf2,2,2082.013905,358.504503
dyf3,2,500.151751,90.393584
csyz,2,484.710480,90.739844
dxf3,2,252.845131,50.619544
dzf3,2,1092.811059,219.109860
csxz,2,483.807011,90.638872
dxf,3,252.901942,50.665891
dzb,3,1094.758037,219.446415
dyb,3,500.751966,90.671141
cvx,3,487.515705,91.307502
dyf,3,324.136276,63.863918
dzb2,3,1093.896785,219.378997
dxb,3,506.187341,89.407952
cvy,3,655.771746,115.939968
dzf,3,927.057087,194.458077
dxb2,3,505.538611,89.280410
dyb2,3,500.804462,90.666805
cvz,3,606.142013,112.331795
dzb3,3,927.240469,194.399727
dxb3,3,505.677439,89.286226
dyb3,3,596.942675,105.043815
csxxsyyszz,3,721.943182,142.558437
dyf2,3,324.334822,63.887118
dxf2,3,607.710328,104.719264
csxy,3,363.297809,69.445121
dzf2,3,2082.076596,357.194642
dyf3,3,500.091356,90.377688
csyz,3,484.170044,90.618000
dxf3,3,252.706455,50.585439
dzf3,3,1094.144008,219.252203
csxz,3,483.629572,90.595284
dxf,4,252.703684,50.605155
dzb,4,1094.248152,219.328982
dyb,4,500.561279,90.652069
cvx,4,487.401174,91.265618
dyf,4,324.083579,63.855523
dzb2,4,1094.293454,219.396347
dxb,4,505.827104,89.372264
cvy,4,655.514770,116.221793
dzf,4,927.795034,194.640832
dxb2,4,505.903201,89.350411
dyb2,4,500.154176,90.535127
cvz,4,606.457872,112.340957
dzb3,4,926.915388,194.411508
dxb3,4,505.813141,89.356204
dyb3,4,597.800767,105.173886
csxxsyyszz,4,722.271828,142.588576
dyf2,4,324.558465,63.924949
dxf2,4,608.102308,104.796586
csxy,4,363.468663,69.459358
dzf2,4,2081.651049,357.622369
dyf3,4,500.170563,90.390134
csyz,4,484.580589,90.739956
dxf3,4,252.672035,50.592973
dzf3,4,1093.751189,219.238050
csxz,4,483.868840,90.685501
#========================= OptEWE [OpenMP] =========================
#Source type                                  :  Force monopole
#Grid Size                                    :  1024 x 1024 x 1024
#Iterations                                   :  5
#Compute time                                 :  83.683205
#Total effective MLUPS                        :  64.155157
#===================================================================
#Number of threads                            :  22
