dxf,0,545.261773,89.793622
dzb,0,2404.005815,400.091978
dyb,0,550.075548,92.098912
cvx,0,646.546498,111.072171
dyf,0,550.248581,92.253234
dzb2,0,2404.154741,400.406541
dxb,0,543.952041,89.882458
cvy,0,2148.092660,332.153065
dzf,0,2404.215186,400.687657
dxb2,0,544.157044,90.065588
dyb2,0,550.016430,92.391299
cvz,0,769.278724,132.165274
dzb3,0,2403.374621,406.742414
dxb3,0,544.159825,89.998402
dyb3,0,585.362898,99.554196
csxxsyyszz,0,1017.872011,184.429988
dyf2,0,549.841117,92.207280
dxf2,0,573.673391,96.897923
csxy,0,460.971003,83.475660
dzf2,0,5139.013933,820.007072
dyf3,0,549.776261,92.787962
csyz,0,678.098971,118.883960
dxf3,0,544.678288,90.220694
dzf3,0,2405.090291,401.164953
csxz,0,679.862961,118.922230
dxf,1,544.469170,90.153023
dzb,1,2404.159341,401.182214
dyb,1,549.796822,92.257975
cvx,1,646.610554,111.302454
dyf,1,550.012816,92.375123
dzb2,1,2404.029285,400.978660
dxb,1,543.986775,90.005729
cvy,1,703.542282,123.349296
dzf,1,2403.623975,407.011109
dxb2,1,544.456513,90.057941
dyb2,1,549.980527,92.187239
cvz,1,769.661721,132.001973
dzb3,1,2405.667495,403.844924
dxb3,1,544.362025,90.355245
dyb3,1,585.689899,99.810860
csxxsyyszz,1,1016.874622,184.389181
dyf2,1,550.364446,92.670228
dxf2,1,573.370317,97.016499
csxy,1,460.918777,83.542649
dzf2,1,5137.495097,820.199097
dyf3,1,549.686799,92.718743
csyz,1,677.566230,118.470307
dxf3,1,544.515284,90.650324
dzf3,1,2404.553818,402.816097
csxz,1,679.019880,119.010196
dxf,2,545.088646,90.642908
dzb,2,2404.180610,402.671389
dyb,2,549.720112,92.568101
cvx,2,646.725187,111.582423
dyf,2,550.325322,92.783900
dzb2,2,2404.867324,402.802023
dxb,2,543.997880,90.256233
cvy,2,703.477769,123.404466
dzf,2,2406.267937,402.352121
dxb2,2,544.404923,90.270261
dyb2,2,550.430213,92.422291
cvz,2,769.619549,132.237430
dzb3,2,2404.602974,401.711728
dxb3,2,544.098592,90.050681
dyb3,2,586.039899,99.756845
csxxsyyszz,2,1017.200963,184.409471
dyf2,2,550.103555,92.432343
dxf2,2,573.148708,96.832973
csxy,2,460.986337,83.497271
dzf2,2,5139.830539,819.704472
dyf3,2,549.532072,92.161438
csyz,2,678.458223,118.603973
dxf3,2,544.826639,90.328712
dzf3,2,2405.243385,402.086835
csxz,2,679.175801,118.970205
dxf,3,544.213583,90.359013
dzb,3,2403.813517,409.992124
dyb,3,548.669474,96.158687
cvx,3,646.296912,113.257921
dyf,3,550.052663,92.511980
dzb2,3,2405.036716,401.792498
dxb,3,544.203825,90.092517
cvy,3,703.020093,123.316826
dzf,3,2404.644174,401.186911
dxb2,3,543.925225,90.366811
dyb2,3,551.073375,92.861965
cvz,3,769.214777,132.123235
dzb3,3,2404.300447,402.456876
dxb3,3,543.918933,90.508732
dyb3,3,585.463429,99.914643
csxxsyyszz,3,1017.646160,184.639607
dyf2,3,550.115205,92.896467
dxf2,3,572.972839,96.992246
csxy,3,461.058799,83.484876
dzf2,3,5137.981376,819.814073
dyf3,3,549.715417,92.614949
csyz,3,678.943260,118.860372
dxf3,3,544.488441,90.274760
dzf3,3,2405.254654,402.788711
csxz,3,679.708498,118.970443
dxf,4,544.704941,90.448203
dzb,4,2405.505463,402.552384
dyb,4,550.192600,92.547725
cvx,4,646.457101,111.736815
dyf,4,549.947878,92.577510
dzb2,4,2404.900894,401.997266
dxb,4,544.299926,90.269922
cvy,4,703.360093,123.487207
dzf,4,2404.947046,402.155290
dxb2,4,543.936176,90.514720
dyb2,4,550.618350,92.421462
cvz,4,769.428129,132.484593
dzb3,4,2404.988405,402.596773
dxb3,4,544.237485,90.337689
dyb3,4,585.568178,99.832139
csxxsyyszz,4,1017.280238,184.844631
dyf2,4,549.943462,92.499789
dxf2,4,573.449824,97.119335
csxy,4,460.855309,83.729901
dzf2,4,5138.572667,820.523688
dyf3,4,549.918657,92.330691
csyz,4,677.537711,118.566103
dxf3,4,544.712210,90.224068
dzf3,4,2405.604138,401.698652
csxz,4,679.750622,118.996208
#========================= OptEWE [OpenMP] =========================
#Source type                                  :  Force monopole
#Grid Size                                    :  1024 x 1024 x 1024
#Iterations                                   :  5
#Compute time                                 :  145.185623
#Total effective MLUPS                        :  36.978242
#===================================================================
#Number of threads                            :  12
