dxf,0,336.941053,65.744749
dzb,0,1317.232847,265.280103
dyb,0,508.306192,95.939427
cvx,0,389.635896,79.576030
dyf,0,410.598333,80.082992
dzb2,0,1316.818415,266.280184
dxb,0,448.001059,85.288075
cvy,0,1873.415180,315.662581
dzf,0,1313.457070,264.816036
dxb2,0,337.229609,66.000757
dyb2,0,506.432195,95.403898
cvz,0,520.137064,103.484106
dzb3,0,1315.581229,265.270541
dxb3,0,337.427999,66.095823
dyb3,0,591.536231,108.822713
csxxsyyszz,0,883.802191,173.635918
dyf2,0,411.668420,80.223383
dxf2,0,360.988118,70.262546
csxy,0,285.263578,60.241678
dzf2,0,3198.921659,552.472000
dyf3,0,411.124354,80.077416
csyz,0,438.443803,87.418219
dxf3,0,336.152244,65.851651
dzf3,0,1316.361065,265.505925
csxz,0,436.795326,87.307705
dxf,1,336.322822,66.047258
dzb,1,1316.615385,265.602173
dyb,1,508.509256,95.926405
cvx,1,388.170573,79.535153
dyf,1,411.050375,80.318545
dzb2,1,1315.242024,265.423598
dxb,1,447.856423,84.027937
cvy,1,627.443537,117.784690
dzf,1,1313.124711,265.227968
dxb2,1,337.250215,66.097932
dyb2,1,506.646827,95.546184
cvz,1,518.236897,103.297567
dzb3,1,1315.410661,265.375355
dxb3,1,336.241395,66.092199
dyb3,1,591.240022,108.724476
csxxsyyszz,1,880.445836,173.125644
dyf2,1,411.261597,80.207336
dxf2,1,360.739098,70.210963
csxy,1,285.428374,60.258329
dzf2,1,3200.541616,551.778308
dyf3,1,410.912799,80.097574
csyz,1,438.568026,87.398507
dxf3,1,335.871138,65.790128
dzf3,1,1317.109546,265.610261
csxz,1,437.052536,87.173561
dxf,2,336.082257,65.949678
dzb,2,1315.512257,265.390732
dyb,2,508.266017,96.106001
cvx,2,388.627049,79.619217
dyf,2,412.294444,80.453184
dzb2,2,1315.027081,265.624979
dxb,2,447.964960,83.952273
cvy,2,627.592625,118.071472
dzf,2,1313.301316,265.363260
dxb2,2,337.066481,66.072610
dyb2,2,507.217127,95.726518
cvz,2,518.649139,103.517254
dzb3,2,1316.043068,265.608039
dxb3,2,336.468901,66.082043
dyb3,2,590.903677,108.979928
csxxsyyszz,2,885.633285,174.007840
dyf2,2,411.015269,80.348134
dxf2,2,360.925214,70.446717
csxy,2,285.239562,60.388667
dzf2,2,3200.507253,552.705699
dyf3,2,411.590317,80.437004
csyz,2,438.976824,88.302431
dxf3,2,336.188185,66.944714
dzf3,2,1316.600334,267.275355
csxz,2,437.294059,87.314373
dxf,3,336.150195,65.945605
dzb,3,1315.063885,265.536554
dyb,3,508.201718,95.924442
cvx,3,388.502166,79.510453
dyf,3,411.564511,80.400944
dzb2,3,1315.154006,265.651865
dxb,3,448.244125,84.024853
cvy,3,627.268744,117.539215
dzf,3,1314.435770,265.339229
dxb2,3,337.205018,66.127618
dyb2,3,506.300572,95.553392
cvz,3,518.885473,103.424100
dzb3,3,1314.541679,265.385830
dxb3,3,336.155573,65.982215
dyb3,3,591.818557,109.015371
csxxsyyszz,3,876.673223,172.618626
dyf2,3,410.674052,80.274938
dxf2,3,360.794235,70.404832
csxy,3,285.219099,60.268558
dzf2,3,3198.705253,553.368622
dyf3,3,410.706628,80.058632
csyz,3,439.369742,87.508178
dxf3,3,336.012659,65.807407
dzf3,3,1316.427935,265.527278
csxz,3,437.065817,87.273902
dxf,4,336.448614,65.970927
dzb,4,1315.071859,265.277172
dyb,4,508.104653,95.803379
cvx,4,388.826314,79.550622
dyf,4,410.544838,80.109303
dzb2,4,1315.136000,265.266394
dxb,4,447.832952,84.321507
cvy,4,626.774311,117.532531
dzf,4,1314.527337,265.375069
dxb2,4,337.338761,66.172255
dyb2,4,507.118963,95.716585
cvz,4,520.379337,103.580532
dzb3,4,1314.931876,265.451116
dxb3,4,336.404441,66.047860
dyb3,4,590.666777,108.810770
csxxsyyszz,4,880.236659,173.255295
dyf2,4,410.822078,80.274831
dxf2,4,360.714862,70.294930
csxy,4,285.220710,60.277967
dzf2,4,3200.375058,552.285321
dyf3,4,410.905352,80.106470
csyz,4,439.075787,87.543720
dxf3,4,336.452079,65.961528
dzf3,4,1317.717988,265.739454
csxz,4,437.695759,87.195819
#========================= OptEWE [OpenMP] =========================
#Source type                                  :  Force monopole
#Grid Size                                    :  1024 x 1024 x 1024
#Iterations                                   :  5
#Compute time                                 :  92.995506
#Total effective MLUPS                        :  57.730844
#===================================================================
#Number of threads                            :  14
