dxf,0,243.784335,57.229366
dzb,0,1012.284447,243.404363
dyb,0,478.750682,103.268888
cvx,0,470.082930,105.332186
dyf,0,276.534948,66.156260
dzb2,0,1011.542253,243.747975
dxb,0,477.086566,100.585084
cvy,0,1932.946853,372.331254
dzf,0,843.285438,213.757759
dxb2,0,476.381069,100.356447
dyb2,0,478.496234,103.290014
cvz,0,589.051908,128.353012
dzb3,0,842.320520,213.387652
dxb3,0,477.406747,100.639507
dyb3,0,571.457647,120.148219
csxxsyyszz,0,720.564713,167.432863
dyf2,0,278.034179,66.424350
dxf2,0,572.962861,118.165352
csxy,0,350.498426,79.852153
dzf2,0,2031.845945,407.416958
dyf3,0,479.607397,103.218913
csyz,0,470.165254,105.022787
dxf3,0,243.865209,57.481641
dzf3,0,1010.167991,243.547554
csxz,0,469.603677,104.970876
dxf,1,243.707504,57.501416
dzb,1,1010.533932,243.582108
dyb,1,479.318358,103.529150
cvx,1,470.553076,105.539719
dyf,1,277.060017,66.372630
dzb2,1,1010.934172,243.796459
dxb,1,477.986505,100.820598
cvy,1,622.964981,133.704105
dzf,1,841.637924,213.612292
dxb2,1,477.116348,100.605184
dyb2,1,480.601791,103.952445
cvz,1,589.140119,130.494034
dzb3,1,843.232549,213.704561
dxb3,1,477.092063,100.622224
dyb3,1,571.217092,120.234092
csxxsyyszz,1,720.538879,167.449564
dyf2,1,277.784058,66.545459
dxf2,1,573.236761,118.308837
csxy,1,350.332234,79.889681
dzf2,1,2032.518856,404.410037
dyf3,1,479.352503,103.235186
csyz,1,470.623625,105.143996
dxf3,1,243.697779,57.486315
dzf3,1,1009.834260,243.487415
csxz,1,469.617748,104.999820
dxf,2,243.563374,57.503199
dzb,2,1010.272861,243.622877
dyb,2,479.518231,103.565592
cvx,2,471.353277,105.737218
dyf,2,277.552404,66.481509
dzb2,2,1010.967192,243.853247
dxb,2,477.925745,100.842205
cvy,2,623.114864,132.138981
dzf,2,841.680496,213.607372
dxb2,2,477.202259,100.628280
dyb2,2,479.707933,103.556698
cvz,2,589.618944,129.429211
dzb3,2,842.053193,213.516973
dxb3,2,476.957580,100.634180
dyb3,2,571.195295,120.131314
csxxsyyszz,2,718.526354,167.043901
dyf2,2,277.569115,66.365381
dxf2,2,573.055018,118.311566
csxy,2,350.738639,79.925811
dzf2,2,2031.213888,401.831896
dyf3,2,478.942746,103.151792
csyz,2,470.506740,105.095453
dxf3,2,243.881387,57.503372
dzf3,2,1010.186772,243.575165
csxz,2,469.467313,104.961326
dxf,3,243.739907,57.557561
dzb,3,1010.734196,243.782565
dyb,3,479.296541,103.548727
cvx,3,470.559589,105.565355
dyf,3,277.365125,66.415152
dzb2,3,1010.768319,243.830372
dxb,3,477.638830,100.794754
cvy,3,623.694192,129.183030
dzf,3,841.505834,213.448873
dxb2,3,477.056071,100.587743
dyb2,3,479.716019,103.540990
cvz,3,589.015520,130.495339
dzb3,3,843.844005,213.956517
dxb3,3,477.103061,100.627532
dyb3,3,571.365724,120.223248
csxxsyyszz,3,719.664026,167.284326
dyf2,3,277.905541,66.520151
dxf2,3,572.957830,118.306056
csxy,3,350.565862,79.904614
dzf2,3,2032.456030,405.534173
dyf3,3,478.913850,103.086578
csyz,3,470.444553,105.068854
dxf3,3,243.690804,57.469999
dzf3,3,1009.848227,243.517252
csxz,3,469.786461,105.045522
dxf,4,243.617110,57.525332
dzb,4,1011.377104,243.910106
dyb,4,479.346020,103.584081
cvx,4,470.600308,105.601036
dyf,4,277.234485,66.388342
dzb2,4,1011.110369,243.865492
dxb,4,477.855367,100.821120
cvy,4,622.425524,133.140706
dzf,4,841.924419,213.638940
dxb2,4,476.847662,100.623957
dyb2,4,479.673595,103.560380
cvz,4,588.784738,130.451492
dzb3,4,841.844874,213.533872
dxb3,4,477.003232,100.612701
dyb3,4,571.108708,120.187358
csxxsyyszz,4,720.147244,167.378249
dyf2,4,277.382914,66.316387
dxf2,4,573.057583,118.329661
csxy,4,350.839939,79.975058
dzf2,4,2033.225129,402.566326
dyf3,4,479.139906,103.214304
csyz,4,470.191435,105.064747
dxf3,4,243.615764,57.466347
dzf3,4,1009.734381,243.526129
csxz,4,469.514091,105.040984
#========================= OptEWE [OpenMP] =========================
#Source type                                  :  Force monopole
#Grid Size                                    :  1024 x 1024 x 1024
#Iterations                                   :  5
#Compute time                                 :  78.803871
#Total effective MLUPS                        :  68.127479
#===================================================================
#Number of threads                            :  22
