dxf,0,206.057968,51.443287
dzb,0,790.000966,207.206051
dyb,0,238.611819,60.483621
cvx,0,239.834838,63.311047
dyf,0,238.065041,60.409003
dzb2,0,790.228414,207.815475
dxb,0,205.159840,51.740295
cvy,0,1995.342584,396.501264
dzf,0,789.804243,207.689055
dxb2,0,205.287777,51.784336
dyb2,0,238.710142,60.531544
cvz,0,279.264508,73.975030
dzb3,0,790.688335,208.212842
dxb3,0,205.622178,51.926676
dyb3,0,238.619818,60.568544
csxxsyyszz,0,499.645775,128.586480
dyf2,0,238.269079,60.504956
dxf2,0,204.745152,51.731321
csxy,0,198.409777,52.579210
dzf2,0,788.454902,208.009368
dyf3,0,238.012731,60.451761
csyz,0,237.754028,63.101683
dxf3,0,204.760016,51.761045
dzf3,0,789.000560,208.057497
csxz,0,238.381807,63.228041
dxf,1,204.626410,51.749745
dzb,1,790.307788,208.369707
dyb,1,238.535171,60.678625
cvx,1,239.738733,63.511738
dyf,1,237.487928,60.485640
dzb2,1,791.026231,208.506853
dxb,1,205.034195,51.854335
cvy,1,239.202752,63.424087
dzf,1,788.523373,208.055255
dxb2,1,205.170718,51.880933
dyb2,1,238.335898,60.554447
cvz,1,279.949902,74.234294
dzb3,1,789.654458,208.315034
dxb3,1,205.574969,51.958824
dyb3,1,238.569991,60.638526
csxxsyyszz,1,499.988456,128.804408
dyf2,1,238.192730,60.528245
dxf2,1,204.975947,51.814510
csxy,1,198.329824,52.584796
dzf2,1,788.558947,208.199645
dyf3,1,238.034428,60.539220
csyz,1,237.870534,63.173411
dxf3,1,204.463334,51.727982
dzf3,1,789.298554,208.286877
csxz,1,237.784350,63.154751
dxf,2,204.816470,51.833355
dzb,2,790.221732,208.413992
dyb,2,238.679891,60.758575
cvx,2,239.815113,63.567049
dyf,2,237.606808,60.483980
dzb2,2,789.722301,208.366626
dxb,2,205.018570,51.876878
cvy,2,239.040922,63.432879
dzf,2,789.767811,208.439289
dxb2,2,205.251239,51.903897
dyb2,2,238.105035,60.575656
cvz,2,279.126249,74.107024
dzb3,2,790.547291,208.595056
dxb3,2,205.632408,51.985759
dyb3,2,238.707161,60.664688
csxxsyyszz,2,499.655134,128.813284
dyf2,2,238.218192,60.543648
dxf2,2,204.975982,51.866261
csxy,2,198.381253,52.649143
dzf2,2,788.399061,208.293405
dyf3,2,238.077341,60.554102
csyz,2,237.795545,63.207721
dxf3,2,204.668296,51.827029
dzf3,2,789.350000,208.420577
csxz,2,237.776928,63.163972
dxf,3,204.809868,51.842497
dzb,3,790.164563,208.570017
dyb,3,238.427416,60.722370
cvx,3,239.894147,63.603552
dyf,3,239.598054,60.904755
dzb2,3,790.061323,208.555360
dxb,3,205.016417,51.924863
cvy,3,238.929394,63.465245
dzf,3,788.732242,208.308423
dxb2,3,205.503369,52.000914
dyb2,3,238.116064,60.594832
cvz,3,279.319345,74.153196
dzb3,3,789.412289,208.421431
dxb3,3,205.632933,52.007746
dyb3,3,239.573482,60.880740
csxxsyyszz,3,497.989356,128.522417
dyf2,3,238.660313,60.707973
dxf2,3,205.103365,51.881737
csxy,3,198.438742,52.640216
dzf2,3,788.485008,208.332830
dyf3,3,237.994994,60.583168
csyz,3,237.775730,63.228818
dxf3,3,204.721236,51.867391
dzf3,3,789.098837,208.416735
csxz,3,237.998974,63.285569
dxf,4,204.640703,51.859902
dzb,4,790.314742,208.683251
dyb,4,238.624405,60.851707
cvx,4,239.776434,63.629675
dyf,4,237.494148,60.604108
dzb2,4,789.988276,208.638170
dxb,4,205.001223,51.973875
cvy,4,238.940509,63.501674
dzf,4,788.593817,208.379048
dxb2,4,205.179293,52.010719
dyb2,4,238.696148,60.782854
cvz,4,280.178000,74.415821
dzb3,4,790.389230,208.803839
dxb3,4,205.804949,52.087665
dyb3,4,237.924052,60.590992
csxxsyyszz,4,497.966265,128.563859
dyf2,4,238.186790,60.645209
dxf2,4,204.791626,51.876402
csxy,4,198.368157,52.681870
dzf2,4,788.526796,208.431083
dyf3,4,238.379536,60.763936
csyz,4,237.929916,63.282512
dxf3,4,204.412247,51.806596
dzf3,4,789.589816,208.612419
csxz,4,237.782417,63.362841
#========================= OptEWE [OpenMP] =========================
#Source type                                  :  Force monopole
#Grid Size                                    :  1024 x 1024 x 1024
#Iterations                                   :  5
#Compute time                                 :  48.404713
#Total effective MLUPS                        :  110.912942
#===================================================================
#Number of threads                            :  23
