dxf,0,373.083255,63.087382
dzb,0,1509.220392,260.211413
dyb,0,479.856490,80.049114
cvx,0,442.029139,77.068376
dyf,0,477.796478,79.770439
dzb2,0,1508.526747,260.240838
dxb,0,373.455240,63.260204
cvy,0,2035.728409,294.438825
dzf,0,1507.786203,259.981953
dxb2,0,372.088143,63.116569
dyb2,0,477.326009,79.774976
cvz,0,517.250935,90.236242
dzb3,0,1508.311157,260.885757
dxb3,0,375.376923,63.511757
dyb3,0,478.655129,80.038365
csxxsyyszz,0,1063.524411,177.440430
dyf2,0,477.985791,79.802046
dxf2,0,372.135913,63.121438
csxy,0,364.146584,63.741943
dzf2,0,1510.335052,260.782015
dyf3,0,477.973009,79.965431
csyz,0,437.787260,76.511549
dxf3,0,373.101795,63.172475
dzf3,0,1505.914064,260.326143
csxz,0,438.136181,76.423520
dxf,1,372.503891,63.109279
dzb,1,1508.017036,260.304581
dyb,1,479.427049,80.035285
cvx,1,442.027490,77.104053
dyf,1,477.305695,79.732968
dzb2,1,1508.741043,260.385092
dxb,1,373.540086,63.283541
cvy,1,440.976531,77.141335
dzf,1,1511.076566,260.795904
dxb2,1,371.778639,63.096340
dyb2,1,477.342385,79.810349
cvz,1,515.504378,90.049738
dzb3,1,1508.134125,260.620427
dxb3,1,375.536454,63.597022
dyb3,1,478.529471,79.948689
csxxsyyszz,1,1051.815819,175.661103
dyf2,1,477.766078,79.775587
dxf2,1,372.026353,63.066920
csxy,1,364.137465,63.752161
dzf2,1,1507.861896,260.737444
dyf3,1,478.127623,79.715701
csyz,1,438.700361,76.536760
dxf3,1,372.760080,63.178347
dzf3,1,1508.141920,260.467464
csxz,1,438.014519,76.443984
dxf,2,372.291441,63.110490
dzb,2,1507.995939,260.369383
dyb,2,479.183797,79.992186
cvx,2,441.849986,77.104566
dyf,2,477.619939,79.898510
dzb2,2,1507.422869,260.237222
dxb,2,373.675793,63.355359
cvy,2,440.516895,76.995275
dzf,2,1507.787436,260.398705
dxb2,2,371.694810,63.125586
dyb2,2,477.275577,79.809517
cvz,2,517.182891,90.198712
dzb3,2,1509.905526,261.190666
dxb3,2,375.848934,63.630002
dyb3,2,478.507382,79.922195
csxxsyyszz,2,1063.554236,177.582345
dyf2,2,477.776197,79.799844
dxf2,2,371.918890,63.035015
csxy,2,364.143597,63.737564
dzf2,2,1506.433555,260.312311
dyf3,2,478.210941,79.992235
csyz,2,437.687103,76.594244
dxf3,2,372.468528,63.261139
dzf3,2,1506.598290,260.433566
csxz,2,438.170943,76.528296
dxf,3,374.176160,63.353695
dzb,3,1508.666792,260.796777
dyb,3,479.398147,80.165260
cvx,3,441.765150,77.104097
dyf,3,477.344811,79.912029
dzb2,3,1509.394926,261.128437
dxb,3,373.548781,63.303941
cvy,3,440.845448,76.915435
dzf,3,1507.532606,260.168877
dxb2,3,371.922274,63.075100
dyb2,3,477.220223,79.737121
cvz,3,515.699199,90.014445
dzb3,3,1508.258160,260.347701
dxb3,3,375.258706,63.514276
dyb3,3,478.437634,79.925995
csxxsyyszz,3,1057.789115,176.476103
dyf2,3,477.758158,79.740478
dxf2,3,371.707299,62.970379
csxy,3,364.171257,63.623752
dzf2,3,1506.127091,259.893434
dyf3,3,478.129913,79.836487
csyz,3,437.952228,76.435257
dxf3,3,372.482028,63.114663
dzf3,3,1506.216219,260.061133
csxz,3,438.177804,76.447585
dxf,4,372.537768,63.111532
dzb,4,1507.879329,260.264437
dyb,4,479.405384,80.060448
cvx,4,443.810534,77.369513
dyf,4,479.385517,80.023493
dzb2,4,1507.809345,260.201023
dxb,4,373.301086,63.278763
cvy,4,440.850766,76.931574
dzf,4,1507.658671,260.281052
dxb2,4,372.141121,63.114113
dyb2,4,477.323769,79.765259
cvz,4,515.836258,90.074786
dzb3,4,1508.093739,260.470503
dxb3,4,375.536582,63.557946
dyb3,4,479.610081,80.117441
csxxsyyszz,4,1065.754278,177.801170
dyf2,4,477.984638,79.892411
dxf2,4,372.850254,63.177306
csxy,4,364.115596,63.658920
dzf2,4,1507.050489,260.200899
dyf3,4,477.844778,79.804066
csyz,4,437.867364,76.467200
dxf3,4,372.493796,63.149524
dzf3,4,1506.221449,260.057916
csxz,4,437.972837,76.498293
#========================= OptEWE [OpenMP] =========================
#Source type                                  :  Force monopole
#Grid Size                                    :  1024 x 1024 x 1024
#Iterations                                   :  5
#Compute time                                 :  90.874863
#Total effective MLUPS                        :  59.078044
#===================================================================
#Number of threads                            :  13
