dxf,0,545.463931,88.652844
dzb,0,2405.828319,395.710772
dyb,0,550.209761,91.101826
cvx,0,647.255294,110.368369
dyf,0,549.878891,91.335904
dzb2,0,2404.771560,396.266188
dxb,0,544.384494,88.918126
cvy,0,2188.323305,333.819719
dzf,0,2404.115159,396.097072
dxb2,0,544.023491,89.160939
dyb2,0,549.955209,91.156072
cvz,0,768.819243,130.721359
dzb3,0,2404.632740,396.840224
dxb3,0,543.975204,89.029400
dyb3,0,587.876780,98.667479
csxxsyyszz,0,1027.230927,183.804077
dyf2,0,549.950933,91.183434
dxf2,0,574.434811,95.832129
csxy,0,461.612544,82.601600
dzf2,0,5132.884042,808.686910
dyf3,0,550.461617,92.244825
csyz,0,681.263598,117.381815
dxf3,0,544.261075,89.234641
dzf3,0,2407.505838,396.589356
csxz,0,681.172764,117.505041
dxf,1,544.567640,89.254110
dzb,1,2405.254559,396.507253
dyb,1,549.899411,91.391458
cvx,1,647.302472,110.166589
dyf,1,550.069103,91.400406
dzb2,1,2405.761881,398.312374
dxb,1,544.372273,89.377999
cvy,1,703.277633,121.643086
dzf,1,2405.409076,396.295757
dxb2,1,544.552143,89.065565
dyb2,1,550.001221,91.116119
cvz,1,769.017077,130.352256
dzb3,1,2404.680642,396.214976
dxb3,1,544.214590,88.960768
dyb3,1,588.329356,98.680779
csxxsyyszz,1,1027.282940,183.442254
dyf2,1,550.436578,91.224141
dxf2,1,574.207398,95.638427
csxy,1,461.667063,82.403206
dzf2,1,5141.198518,809.676143
dyf3,1,550.218614,91.344885
csyz,1,679.500040,117.532051
dxf3,1,544.416327,89.294246
dzf3,1,2404.922752,396.326212
csxz,1,680.881159,117.609363
dxf,2,544.509212,89.261737
dzb,2,2405.337359,396.228480
dyb,2,550.218050,91.022460
cvx,2,647.445811,110.247100
dyf,2,550.220121,91.273492
dzb2,2,2405.107155,396.184313
dxb,2,544.543694,89.083008
cvy,2,702.749976,121.738578
dzf,2,2404.859532,395.979578
dxb2,2,544.225828,88.956500
dyb2,2,550.152872,91.137381
cvz,2,768.989704,130.507411
dzb3,2,2404.787018,396.383678
dxb3,2,544.088844,88.956904
dyb3,2,587.461382,98.952082
csxxsyyszz,2,1029.595817,184.021149
dyf2,2,550.225420,91.214937
dxf2,2,574.709789,95.779100
csxy,2,461.699856,82.392232
dzf2,2,5144.261225,808.666273
dyf3,2,550.032289,91.170714
csyz,2,679.819150,117.189313
dxf3,2,544.139397,89.107059
dzf3,2,2405.192302,396.112529
csxz,2,681.903360,117.627079
dxf,3,544.151462,89.133203
dzb,3,2405.874832,396.341006
dyb,3,550.359840,91.333808
cvx,3,647.332137,110.008808
dyf,3,550.188246,91.280788
dzb2,3,2409.264718,398.481982
dxb,3,544.258740,89.005116
cvy,3,702.867023,121.584261
dzf,3,2404.443905,396.115384
dxb2,3,543.997654,89.052414
dyb2,3,552.277979,91.521256
cvz,3,769.097246,130.340408
dzb3,3,2404.481534,396.002034
dxb3,3,544.062379,88.869125
dyb3,3,588.680201,98.805978
csxxsyyszz,3,1031.777266,184.143771
dyf2,3,550.283580,91.298972
dxf2,3,574.536310,95.907663
csxy,3,461.772734,82.435033
dzf2,3,5141.155955,808.982561
dyf3,3,549.796305,91.426957
csyz,3,679.745350,117.377221
dxf3,3,544.541498,89.252693
dzf3,3,2404.750585,396.315455
csxz,3,682.131362,117.693711
dxf,4,544.323917,89.147245
dzb,4,2405.145539,396.246968
dyb,4,550.691389,91.506675
cvx,4,647.362055,110.247925
dyf,4,550.054347,91.423116
dzb2,4,2405.023747,397.269546
dxb,4,544.325650,89.411093
cvy,4,703.536253,121.714762
dzf,4,2404.073661,395.137623
dxb2,4,544.450515,89.075368
dyb2,4,549.848474,91.031853
cvz,4,769.065374,130.311316
dzb3,4,2405.308022,396.295222
dxb3,4,544.413273,88.959719
dyb3,4,587.870801,98.614825
csxxsyyszz,4,1026.588271,183.426254
dyf2,4,550.233366,91.130405
dxf2,4,574.332816,95.739957
csxy,4,461.515695,82.329713
dzf2,4,5142.349395,808.378129
dyf3,4,550.297331,91.118693
csyz,4,680.052049,117.197545
dxf3,4,543.864347,88.959989
dzf3,4,2405.043472,395.665237
csxz,4,681.430888,117.543313
#========================= OptEWE [OpenMP] =========================
#Source type                                  :  Force monopole
#Grid Size                                    :  1024 x 1024 x 1024
#Iterations                                   :  5
#Compute time                                 :  145.351654
#Total effective MLUPS                        :  36.936003
#===================================================================
#Number of threads                            :  12
