dxf,0,259.675656,59.870534
dzb,0,975.972153,235.819890
dyb,0,265.384756,62.441826
cvx,0,284.839419,70.326826
dyf,0,265.318304,62.497240
dzb2,0,974.902659,236.342594
dxb,0,258.795118,59.997416
cvy,0,1741.365402,334.709678
dzf,0,973.119310,236.406979
dxb2,0,259.284761,60.135436
dyb2,0,264.988933,62.535519
cvz,0,337.682418,83.155040
dzb3,0,974.916460,236.258287
dxb3,0,260.407147,60.360039
dyb3,0,300.152058,69.164176
csxxsyyszz,0,617.425450,146.307884
dyf2,0,265.202574,62.593145
dxf2,0,300.210439,67.864954
csxy,0,250.059511,60.856123
dzf2,0,2533.704100,491.536459
dyf3,0,265.356973,62.460508
csyz,0,383.465920,87.949027
dxf3,0,258.601075,60.066066
dzf3,0,973.402367,235.878474
csxz,0,383.696858,88.130183
dxf,1,258.962205,60.201739
dzb,1,976.016633,237.900306
dyb,1,265.213438,62.890722
cvx,1,284.838343,70.693812
dyf,1,265.644861,62.725516
dzb2,1,975.417901,236.274264
dxb,1,259.305429,60.154015
cvy,1,374.477419,86.495069
dzf,1,973.676578,235.810855
dxb2,1,259.385814,60.238751
dyb2,1,265.202913,62.592356
cvz,1,338.048604,83.262363
dzb3,1,974.636149,235.163794
dxb3,1,259.856387,60.292156
dyb3,1,300.010703,69.222377
csxxsyyszz,1,615.585519,146.095925
dyf2,1,265.135756,62.601455
dxf2,1,300.242037,67.894963
csxy,1,249.160413,60.727514
dzf2,1,2534.287011,491.097417
dyf3,1,265.370464,62.461074
csyz,1,382.610443,87.854305
dxf3,1,258.599725,60.104667
dzf3,1,973.800795,234.912457
csxz,1,383.678874,88.149845
dxf,2,258.812511,60.159100
dzb,2,976.404152,235.123330
dyb,2,265.038554,62.579497
cvx,2,284.817288,70.483688
dyf,2,265.052098,62.596717
dzb2,2,974.704857,235.160773
dxb,2,258.999155,60.150186
cvy,2,373.956698,86.453551
dzf,2,972.985021,234.726761
dxb2,2,258.667128,60.089119
dyb2,2,265.312569,62.675124
cvz,2,337.832876,83.276549
dzb3,2,974.477128,234.157812
dxb3,2,260.099448,60.395190
dyb3,2,301.569328,69.562239
csxxsyyszz,2,616.640562,146.286620
dyf2,2,265.041037,62.574748
dxf2,2,300.097306,67.873165
csxy,2,249.432142,60.821691
dzf2,2,2531.916157,493.300694
dyf3,2,265.430953,62.511722
csyz,2,382.899587,87.932040
dxf3,2,258.668415,60.117150
dzf3,2,974.265989,234.957688
csxz,2,383.485497,88.152232
dxf,3,258.795009,60.177801
dzb,3,975.359697,235.917367
dyb,3,265.367722,62.624793
cvx,3,284.727659,70.488014
dyf,3,265.204937,62.614561
dzb2,3,974.396623,235.486998
dxb,3,259.182420,60.231237
cvy,3,374.577752,86.557096
dzf,3,972.810847,235.077388
dxb2,3,259.524454,60.314824
dyb2,3,265.233789,62.701837
cvz,3,337.827522,83.299520
dzb3,3,974.929540,237.487111
dxb3,3,259.554561,60.285150
dyb3,3,300.207648,69.324480
csxxsyyszz,3,614.845355,145.992955
dyf2,3,265.219048,62.604359
dxf2,3,300.641055,67.980964
csxy,3,249.624667,60.846384
dzf2,3,2533.252012,493.014299
dyf3,3,265.510107,62.577598
csyz,3,383.282321,88.080515
dxf3,3,258.494761,60.169252
dzf3,3,973.647902,237.253147
csxz,3,383.317050,88.127574
dxf,4,258.883073,60.244952
dzb,4,975.567925,237.773457
dyb,4,265.264790,62.618261
cvx,4,284.512375,70.471152
dyf,4,265.163251,62.680321
dzb2,4,974.716699,238.015126
dxb,4,259.606301,60.418516
cvy,4,373.490338,86.467493
dzf,4,973.630428,237.484558
dxb2,4,259.121154,60.434175
dyb2,4,265.012542,62.822487
cvz,4,337.531222,83.332623
dzb3,4,974.412035,236.841022
dxb3,4,259.755372,60.493765
dyb3,4,300.225097,69.529695
csxxsyyszz,4,613.761293,146.004577
dyf2,4,265.310582,62.708316
dxf2,4,300.444870,68.035466
csxy,4,249.257197,60.922281
dzf2,4,2532.065057,492.539725
dyf3,4,265.334844,62.953050
csyz,4,383.197342,88.506267
dxf3,4,258.839740,60.432233
dzf3,4,973.662304,236.262023
csxz,4,383.710351,88.260284
#========================= OptEWE [OpenMP] =========================
#Source type                                  :  Force monopole
#Grid Size                                    :  1024 x 1024 x 1024
#Iterations                                   :  5
#Compute time                                 :  67.652184
#Total effective MLUPS                        :  79.357514
#===================================================================
#Number of threads                            :  18
