dxf,0,546.891302,82.818851
dzb,0,2431.047181,369.165071
dyb,0,561.258566,87.608049
cvx,0,681.645485,105.577701
dyf,0,559.524570,87.391178
dzb2,0,2428.975850,369.177831
dxb,0,546.977833,82.913054
cvy,0,2137.306217,299.953034
dzf,0,2429.677148,369.237832
dxb2,0,547.251636,82.997337
dyb2,0,560.268044,87.558952
cvz,0,801.705499,124.119583
dzb3,0,2431.487380,370.035418
dxb3,0,546.708808,82.880006
dyb3,0,605.551364,95.779992
csxxsyyszz,0,1116.685682,182.810581
dyf2,0,560.554073,87.549667
dxf2,0,577.467025,89.581565
csxy,0,467.269343,78.038462
dzf2,0,5124.089617,745.472801
dyf3,0,560.454127,87.586288
csyz,0,687.237764,110.731805
dxf3,0,546.822190,82.924635
dzf3,0,2431.499987,369.578994
csxz,0,685.938620,110.647163
dxf,1,546.607356,83.046537
dzb,1,2431.929550,370.071848
dyb,1,560.487342,87.653062
cvx,1,681.594572,105.738093
dyf,1,559.473413,87.526547
dzb2,1,2429.100003,369.741036
dxb,1,546.818709,83.085633
cvy,1,632.927324,103.912014
dzf,1,2430.634795,369.999174
dxb2,1,547.305436,83.151295
dyb2,1,560.660637,87.603098
cvz,1,802.070632,124.176168
dzb3,1,2431.812500,370.211709
dxb3,1,547.308201,83.118817
dyb3,1,605.772681,95.894586
csxxsyyszz,1,1099.332506,180.459021
dyf2,1,560.547869,87.636844
dxf2,1,579.146654,89.803490
csxy,1,467.532964,78.043486
dzf2,1,5124.051076,745.589897
dyf3,1,560.940005,88.268574
csyz,1,687.768753,110.849679
dxf3,1,546.932517,83.074606
dzf3,1,2430.223524,369.826650
csxz,1,686.097072,110.645117
dxf,2,546.396413,82.952919
dzb,2,2431.084960,369.734364
dyb,2,562.006999,87.814463
cvx,2,681.672230,105.626507
dyf,2,560.287763,87.687774
dzb2,2,2429.140382,369.311641
dxb,2,546.991465,82.985490
cvy,2,632.845995,103.877450
dzf,2,2430.965885,369.729710
dxb2,2,547.418863,83.028682
dyb2,2,560.251059,87.499226
cvz,2,801.410465,124.012777
dzb3,2,2432.050830,369.888168
dxb3,2,547.131273,83.069773
dyb3,2,605.489198,95.864299
csxxsyyszz,2,1117.038918,182.871445
dyf2,2,560.107481,87.459236
dxf2,2,577.675477,89.598063
csxy,2,467.280675,78.018186
dzf2,2,5121.711904,745.201940
dyf3,2,560.363963,87.557615
csyz,2,687.106767,110.744979
dxf3,2,546.735279,82.978550
dzf3,2,2430.782373,369.547752
csxz,2,685.652276,110.571158
dxf,3,547.756902,84.702895
dzb,3,2430.127930,372.993776
dyb,3,560.489743,87.805403
cvx,3,681.155836,105.912001
dyf,3,560.120935,87.680601
dzb2,3,2429.021016,370.303920
dxb,3,546.965152,83.307007
cvy,3,632.937298,103.976795
dzf,3,2430.624814,370.313476
dxb2,3,547.397966,83.254218
dyb2,3,560.136821,87.640480
cvz,3,801.436911,124.189283
dzb3,3,2433.358539,370.711546
dxb3,3,546.869653,83.248678
dyb3,3,605.165227,95.826092
csxxsyyszz,3,1100.377538,180.873679
dyf2,3,560.163400,87.727990
dxf2,3,577.953284,89.706907
csxy,3,467.509445,78.084417
dzf2,3,5122.809189,745.471944
dyf3,3,560.922509,87.576270
csyz,3,687.275221,110.843700
dxf3,3,546.796028,84.416873
dzf3,3,2429.794727,370.049057
csxz,3,685.581246,110.629808
dxf,4,546.649050,83.340661
dzb,4,2432.117181,370.884246
dyb,4,560.381251,87.734064
cvx,4,681.438842,105.914475
dyf,4,559.775837,87.925839
dzb2,4,2430.129489,370.309707
dxb,4,547.125006,83.044654
cvy,4,632.648890,104.115020
dzf,4,2429.634732,370.182851
dxb2,4,547.959153,83.308504
dyb2,4,560.153508,87.678349
cvz,4,801.285154,124.433444
dzb3,4,2431.485430,370.404141
dxb3,4,547.393588,83.192731
dyb3,4,606.855902,97.391387
csxxsyyszz,4,1116.931264,182.906981
dyf2,4,561.051658,87.657966
dxf2,4,577.716973,89.581799
csxy,4,467.332319,78.032413
dzf2,4,5117.491917,745.308345
dyf3,4,560.356179,87.481867
csyz,4,687.204104,110.725758
dxf3,4,546.876843,82.924440
dzf3,4,2430.511229,369.574863
csxz,4,685.493329,110.570121
#========================= OptEWE [OpenMP] =========================
#Source type                                  :  Force monopole
#Grid Size                                    :  1024 x 1024 x 1024
#Iterations                                   :  5
#Compute time                                 :  146.820389
#Total effective MLUPS                        :  36.566509
#===================================================================
#Number of threads                            :  11
