dxf,0,359.328303,65.021873
dzb,0,1429.433037,264.941935
dyb,0,472.568054,84.039721
cvx,0,418.146774,78.408989
dyf,0,469.997127,83.694661
dzb2,0,1428.440517,265.084590
dxb,0,360.891226,65.400567
cvy,0,1939.107240,300.041997
dzf,0,1426.180879,264.908472
dxb2,0,360.378484,65.382934
dyb2,0,471.130195,83.975967
cvz,0,480.920873,91.005293
dzb3,0,1430.752655,265.757678
dxb3,0,361.617572,65.668330
dyb3,0,471.687797,83.920537
csxxsyyszz,0,1052.511848,186.615763
dyf2,0,470.100192,83.736346
dxf2,0,359.239436,65.191880
csxy,0,343.974263,64.928630
dzf2,0,1429.995877,265.583754
dyf3,0,471.173767,83.843900
csyz,0,410.274199,77.540079
dxf3,0,358.661696,65.114780
dzf3,0,1425.956537,265.242898
csxz,0,410.148325,77.557603
dxf,1,358.656230,65.179168
dzb,1,1429.132176,265.425592
dyb,1,474.102727,84.460876
cvx,1,417.784725,78.575558
dyf,1,470.851927,83.935713
dzb2,1,1428.149364,265.220064
dxb,1,361.767638,65.752637
cvy,1,417.552922,78.495089
dzf,1,1426.187723,265.121475
dxb2,1,359.932780,65.311596
dyb2,1,471.441940,83.910807
cvz,1,480.865962,90.899253
dzb3,1,1427.650592,265.217686
dxb3,1,361.641168,65.574608
dyb3,1,471.594012,83.904349
csxxsyyszz,1,1045.279281,185.493889
dyf2,1,470.404890,83.729328
dxf2,1,360.329691,65.355169
csxy,1,343.717829,64.877237
dzf2,1,1429.041505,265.308764
dyf3,1,472.474273,84.069643
csyz,1,422.553692,79.818671
dxf3,1,361.723005,65.781768
dzf3,1,1425.926414,265.069921
csxz,1,409.896944,77.606779
dxf,2,358.727860,65.203520
dzb,2,1427.273495,265.144136
dyb,2,472.312788,84.050998
cvx,2,417.626526,78.369385
dyf,2,469.944531,83.699763
dzb2,2,1429.378640,265.230514
dxb,2,362.102610,65.606724
cvy,2,417.218428,78.275378
dzf,2,1426.356663,264.925891
dxb2,2,360.278859,65.370333
dyb2,2,471.052509,83.853320
cvz,2,481.004791,90.909654
dzb3,2,1427.604509,265.192142
dxb3,2,361.381273,65.529225
dyb3,2,471.936361,83.951290
csxxsyyszz,2,1052.165104,186.525085
dyf2,2,471.141087,83.848295
dxf2,2,359.338497,65.179373
csxy,2,343.841617,64.912188
dzf2,2,1430.642823,265.572184
dyf3,2,472.838630,84.149313
csyz,2,410.214667,77.589439
dxf3,2,359.377325,65.237809
dzf3,2,1426.645303,265.203290
csxz,2,410.241983,77.401060
dxf,3,358.811968,65.165484
dzb,3,1427.206943,265.206928
dyb,3,472.342863,84.109912
cvx,3,417.486817,78.416402
dyf,3,469.791247,83.670343
dzb2,3,1427.433272,265.147097
dxb,3,360.656498,65.455168
cvy,3,417.153639,78.338514
dzf,3,1426.251283,265.233667
dxb2,3,361.114537,65.530971
dyb2,3,471.030114,83.927382
cvz,3,482.210350,91.145101
dzb3,3,1426.764295,265.167335
dxb3,3,361.804561,65.644477
dyb3,3,471.312144,83.838257
csxxsyyszz,3,1044.961012,185.467463
dyf2,3,470.082937,83.695302
dxf2,3,359.214642,65.210143
csxy,3,343.736337,64.912115
dzf2,3,1428.509745,265.260767
dyf3,3,471.113549,83.887343
csyz,3,410.511010,77.642252
dxf3,3,358.835426,65.167627
dzf3,3,1426.766489,265.191347
csxz,3,410.067674,77.581169
dxf,4,358.837180,65.179906
dzb,4,1430.820642,265.629672
dyb,4,472.407528,84.126410
cvx,4,417.823143,78.459132
dyf,4,470.888025,83.896755
dzb2,4,1429.299298,267.087690
dxb,4,360.914409,65.452873
cvy,4,416.968857,78.305727
dzf,4,1426.763534,265.121982
dxb2,4,360.133281,65.339940
dyb2,4,471.121322,83.887108
cvz,4,481.146194,90.971369
dzb3,4,1426.727442,265.123019
dxb3,4,361.514037,65.520185
dyb3,4,471.764321,83.845259
csxxsyyszz,4,1045.208032,185.445057
dyf2,4,469.886245,83.591863
dxf2,4,358.895522,65.100032
csxy,4,343.845643,64.884792
dzf2,4,1428.868282,265.199070
dyf3,4,471.125048,83.843946
csyz,4,410.428595,77.592296
dxf3,4,358.641263,65.087037
dzf3,4,1426.354453,264.941712
csxz,4,410.320752,77.639155
#========================= OptEWE [OpenMP] =========================
#Source type                                  :  Force monopole
#Grid Size                                    :  1024 x 1024 x 1024
#Iterations                                   :  5
#Compute time                                 :  86.958275
#Total effective MLUPS                        :  61.738910
#===================================================================
#Number of threads                            :  13
