dxf,0,262.444709,57.064077
dzb,0,1158.728376,254.214636
dyb,0,529.728661,106.072301
cvx,0,503.832048,104.630200
dyf,0,290.889728,64.899041
dzb2,0,1160.070565,254.615765
dxb,0,527.792675,103.323270
cvy,0,2239.237610,399.138348
dzf,0,970.855193,223.007654
dxb2,0,527.825685,103.264627
dyb2,0,529.526263,106.111052
cvz,0,626.426456,128.570536
dzb3,0,971.334515,222.966563
dxb3,0,527.942241,103.343443
dyb3,0,635.394721,124.217046
csxxsyyszz,0,784.923064,168.600172
dyf2,0,290.626767,64.811634
dxf2,0,636.996382,122.306422
csxy,0,379.883331,79.996722
dzf2,0,2187.184015,410.586461
dyf3,0,530.866079,106.126188
csyz,0,505.413111,104.419642
dxf3,0,262.317750,57.223399
dzf3,0,1155.724627,253.920910
csxz,0,504.463265,104.310613
dxf,1,262.418765,57.318743
dzb,1,1158.182014,254.416389
dyb,1,531.194173,106.433047
cvx,1,504.176335,104.738894
dyf,1,291.579697,65.029486
dzb2,1,1159.853703,254.735485
dxb,1,528.457638,103.449194
cvy,1,688.661140,136.827858
dzf,1,969.022070,222.711654
dxb2,1,528.940192,103.547774
dyb2,1,530.862072,106.368616
cvz,1,627.005632,128.768288
dzb3,1,970.556904,222.916795
dxb3,1,528.363845,103.368153
dyb3,1,636.107799,124.318318
csxxsyyszz,1,787.955982,169.190199
dyf2,1,291.258678,64.933536
dxf2,1,637.388369,122.280811
csxy,1,379.820733,79.998494
dzf2,1,2193.928242,408.494685
dyf3,1,531.291313,106.166181
csyz,1,505.418937,104.507823
dxf3,1,262.415263,57.308908
dzf3,1,1155.826003,254.086038
csxz,1,504.338605,104.336541
dxf,2,262.317777,57.318793
dzb,2,1158.297211,253.939932
dyb,2,530.641860,106.296564
cvx,2,503.799556,104.717977
dyf,2,291.710976,65.062249
dzb2,2,1157.557479,254.421065
dxb,2,528.375150,103.511929
cvy,2,689.628330,132.560584
dzf,2,969.165844,222.747318
dxb2,2,529.513988,103.871121
dyb2,2,530.655810,106.329532
cvz,2,626.913214,128.752548
dzb3,2,970.145601,222.860130
dxb3,2,528.569117,103.508167
dyb3,2,636.134154,124.335309
csxxsyyszz,2,788.254220,169.345938
dyf2,2,291.697974,65.019278
dxf2,2,637.190328,122.392268
csxy,2,379.868826,80.014979
dzf2,2,2192.968292,410.440143
dyf3,2,531.009913,106.192266
csyz,2,504.905958,104.338290
dxf3,2,262.356802,57.275271
dzf3,2,1155.610747,253.752187
csxz,2,504.049612,104.263307
dxf,3,262.539920,57.338618
dzb,3,1158.524385,254.565877
dyb,3,530.418151,106.449910
cvx,3,504.106948,104.823483
dyf,3,291.613143,65.020025
dzb2,3,1157.325658,254.377851
dxb,3,528.771049,103.600962
cvy,3,689.268276,134.465539
dzf,3,969.011529,222.776718
dxb2,3,528.640519,103.476142
dyb2,3,531.216544,106.455967
cvz,3,627.363748,128.910405
dzb3,3,970.841369,223.139193
dxb3,3,528.594063,103.545091
dyb3,3,636.046600,124.499514
csxxsyyszz,3,787.313303,169.183920
dyf2,3,291.271479,64.973917
dxf2,3,637.203722,122.393844
csxy,3,380.195362,80.068693
dzf2,3,2193.196867,412.381451
dyf3,3,530.491607,106.128607
csyz,3,505.482974,104.449156
dxf3,3,262.399148,57.271222
dzf3,3,1156.430903,254.105337
csxz,3,503.938026,104.251303
dxf,4,262.664061,57.353418
dzb,4,1157.206162,254.380791
dyb,4,530.879115,106.376771
cvx,4,503.767094,104.733550
dyf,4,291.432075,65.044057
dzb2,4,1157.865874,254.367217
dxb,4,527.689293,103.294553
cvy,4,688.291082,136.236867
dzf,4,969.423099,222.826910
dxb2,4,528.645293,103.446281
dyb2,4,531.776117,106.512484
cvz,4,627.215016,128.809420
dzb3,4,970.043701,222.837969
dxb3,4,528.656201,103.489685
dyb3,4,636.709037,124.243711
csxxsyyszz,4,788.290299,169.179816
dyf2,4,291.522004,65.032787
dxf2,4,637.196683,122.452696
csxy,4,379.720444,80.024960
dzf2,4,2191.749571,411.565310
dyf3,4,531.061192,106.234654
csyz,4,505.257153,104.432515
dxf3,4,262.421457,57.300320
dzf3,4,1156.422565,254.181024
csxz,4,503.939271,104.271633
#========================= OptEWE [OpenMP] =========================
#Source type                                  :  Force monopole
#Grid Size                                    :  1024 x 1024 x 1024
#Iterations                                   :  5
#Compute time                                 :  87.349419
#Total effective MLUPS                        :  61.462448
#===================================================================
#Number of threads                            :  22
