dxf,0,442.342685,68.009937
dzb,0,1984.378579,299.742075
dyb,0,570.173687,86.107439
cvx,0,554.733957,86.356785
dyf,0,567.734489,85.886178
dzb2,0,1983.619460,301.071455
dxb,0,440.438589,67.849837
cvy,0,2905.830090,380.594760
dzf,0,1981.960000,300.132003
dxb2,0,441.371255,68.056233
dyb2,0,569.363750,86.168864
cvz,0,654.543984,101.705506
dzb3,0,1982.121359,299.370751
dxb3,0,442.633086,68.199389
dyb3,0,578.728362,87.406440
csxxsyyszz,0,1257.953564,190.293698
dyf2,0,568.394373,86.002429
dxf2,0,458.423714,70.327802
csxy,0,446.351225,69.844873
dzf2,0,3357.338911,466.788788
dyf3,0,569.403285,86.070889
csyz,0,545.127757,84.327251
dxf3,0,440.184751,67.818327
dzf3,0,1980.246072,300.601995
csxz,0,542.739014,84.370224
dxf,1,440.738757,67.913902
dzb,1,1984.956544,299.617489
dyb,1,570.244535,86.191537
cvx,1,551.537496,85.990478
dyf,1,568.055278,85.968188
dzb2,1,1984.244032,301.387528
dxb,1,440.849557,67.933967
cvy,1,539.142624,84.263331
dzf,1,1980.072192,300.761794
dxb2,1,441.464075,68.033922
dyb2,1,568.466050,85.969767
cvz,1,651.562146,101.274756
dzb3,1,1981.288052,300.457629
dxb3,1,442.740097,68.194687
dyb3,1,579.718890,87.540918
csxxsyyszz,1,1257.733415,190.197584
dyf2,1,569.851473,86.141007
dxf2,1,458.814151,70.424105
csxy,1,444.625555,69.637607
dzf2,1,3356.770124,468.201570
dyf3,1,570.276139,86.175003
csyz,1,542.977262,84.663153
dxf3,1,440.313775,67.844058
dzf3,1,1981.289589,300.215946
csxz,1,542.924872,83.733185
dxf,2,440.953593,67.990403
dzb,2,1983.308919,300.784526
dyb,2,573.764741,86.660302
cvx,2,551.804238,86.068362
dyf,2,568.135257,85.993997
dzb2,2,1983.382832,300.036980
dxb,2,440.620729,67.928737
cvy,2,535.502927,83.823532
dzf,2,1979.527605,300.206945
dxb2,2,441.194982,68.028679
dyb2,2,568.593105,86.212927
cvz,2,651.330441,101.362799
dzb3,2,1981.175867,300.191097
dxb3,2,445.868067,68.590242
dyb3,2,579.739579,87.655924
csxxsyyszz,2,1257.646204,190.468715
dyf2,2,569.835265,86.235608
dxf2,2,458.325213,70.526908
csxy,2,444.701767,69.812941
dzf2,2,3350.749847,467.581910
dyf3,2,570.742074,86.231691
csyz,2,542.931552,84.616978
dxf3,2,440.169648,67.807037
dzf3,2,1984.572315,299.715879
csxz,2,542.746299,84.599081
dxf,3,441.134229,67.959813
dzb,3,1983.328692,299.812597
dyb,3,570.011237,86.122019
cvx,3,551.393501,85.966033
dyf,3,567.935043,85.870479
dzb2,3,1982.509391,300.960331
dxb,3,440.783128,67.911764
cvy,3,536.415164,83.876435
dzf,3,1984.237682,299.899759
dxb2,3,441.441463,68.016985
dyb2,3,568.320240,85.983236
cvz,3,651.565463,101.278141
dzb3,3,1981.145957,300.819847
dxb3,3,442.906469,68.222932
dyb3,3,579.419909,87.500881
csxxsyyszz,3,1257.855289,190.209395
dyf2,3,569.951692,86.143180
dxf2,3,458.774244,70.422468
csxy,3,444.642969,69.533784
dzf2,3,3360.781681,467.347694
dyf3,3,570.658135,86.604353
csyz,3,542.998637,84.043385
dxf3,3,440.091725,67.815694
dzf3,3,1979.229962,300.220378
csxz,3,542.907262,84.180688
dxf,4,440.928144,67.935728
dzb,4,1985.430989,301.320995
dyb,4,570.358714,86.213905
cvx,4,551.553105,86.008246
dyf,4,568.331542,85.970987
dzb2,4,1985.789428,300.850588
dxb,4,440.472903,67.888009
cvy,4,535.498026,83.797087
dzf,4,1980.186597,300.547634
dxb2,4,441.175006,67.999333
dyb2,4,568.713043,85.985668
cvz,4,651.059247,101.214909
dzb3,4,1980.653442,300.184535
dxb3,4,442.461004,68.158301
dyb3,4,579.912463,87.586368
csxxsyyszz,4,1257.701049,190.213168
dyf2,4,571.451208,86.359440
dxf2,4,459.146090,70.485397
csxy,4,444.666461,69.629681
dzf2,4,3356.650837,467.209824
dyf3,4,570.777859,86.265163
csyz,4,543.649793,84.807495
dxf3,4,440.200272,67.819100
dzf3,4,1979.900146,299.756100
csxz,4,542.943055,84.712161
#========================= OptEWE [OpenMP] =========================
#Source type                                  :  Force monopole
#Grid Size                                    :  1024 x 1024 x 1024
#Iterations                                   :  5
#Compute time                                 :  121.824898
#Total effective MLUPS                        :  44.069063
#===================================================================
#Number of threads                            :  15
