dxf,0,204.194063,52.899147
dzb,0,779.859149,211.602567
dyb,0,249.006766,64.293967
cvx,0,234.786138,64.226194
dyf,0,248.303418,64.260054
dzb2,0,778.358937,211.891001
dxb,0,203.507696,53.150873
cvy,0,1844.228957,381.053933
dzf,0,776.875071,211.507603
dxb2,0,203.497465,53.142617
dyb2,0,249.214099,64.508100
cvz,0,273.343942,75.368626
dzb3,0,778.067822,212.137443
dxb3,0,203.154518,53.103723
dyb3,0,249.145699,64.515086
csxxsyyszz,0,537.167353,139.589884
dyf2,0,248.561434,64.381635
dxf2,0,203.510382,53.174780
csxy,0,194.890421,53.736558
dzf2,0,776.777834,212.112137
dyf3,0,248.823355,64.548633
csyz,0,233.089958,64.504669
dxf3,0,203.188427,53.222358
dzf3,0,777.719290,212.196435
csxz,0,232.809871,64.468310
dxf,1,202.949885,53.203709
dzb,1,778.565978,212.540396
dyb,1,248.871512,64.601194
cvx,1,234.816932,64.514956
dyf,1,247.634592,64.346331
dzb2,1,779.639819,212.776529
dxb,1,203.463094,53.282145
cvy,1,234.397848,64.399442
dzf,1,778.540299,212.576805
dxb2,1,203.616089,53.267458
dyb2,1,248.598162,64.464609
cvz,1,273.308273,75.510353
dzb3,1,777.706498,212.549477
dxb3,1,203.382979,53.267117
dyb3,1,249.000357,64.649320
csxxsyyszz,1,537.911440,140.099106
dyf2,1,248.390455,64.459805
dxf2,1,203.510297,53.265593
csxy,1,194.967714,53.829987
dzf2,1,778.661912,212.773729
dyf3,1,248.551888,64.502445
csyz,1,233.062399,64.590019
dxf3,1,203.079518,53.221940
dzf3,1,777.592285,212.442774
csxz,1,232.968445,64.608794
dxf,2,202.958030,53.269890
dzb,2,778.679267,212.791699
dyb,2,248.932177,64.657393
cvx,2,234.882599,64.591593
dyf,2,248.265888,64.487684
dzb2,2,778.542960,212.743845
dxb,2,203.577344,53.365317
cvy,2,234.441861,64.464060
dzf,2,778.147454,212.714457
dxb2,2,204.844070,53.617188
dyb2,2,248.958884,64.632214
cvz,2,273.444592,75.645337
dzb3,2,777.825178,212.721951
dxb3,2,204.335216,53.511771
dyb3,2,249.246256,64.657680
csxxsyyszz,2,537.362986,139.906786
dyf2,2,248.569618,64.517237
dxf2,2,203.664889,53.368768
csxy,2,194.826338,53.838791
dzf2,2,777.288603,212.655156
dyf3,2,248.922526,64.631737
csyz,2,232.913100,64.630398
dxf3,2,203.059722,53.285099
dzf3,2,777.624148,212.646758
csxz,2,232.981320,64.658911
dxf,3,203.038335,53.311552
dzb,3,778.240695,212.887487
dyb,3,248.929046,64.751920
cvx,3,234.953788,64.649748
dyf,3,248.272084,64.571347
dzb2,3,778.301943,212.865326
dxb,3,203.412467,53.393043
cvy,3,234.687577,64.585821
dzf,3,776.815798,212.643834
dxb2,3,203.842411,53.481784
dyb2,3,249.141209,64.753635
cvz,3,273.306411,75.679413
dzb3,3,779.906471,213.249991
dxb3,3,203.588670,53.357734
dyb3,3,249.213102,64.691773
csxxsyyszz,3,537.314805,139.932373
dyf2,3,248.475174,64.482039
dxf2,3,203.793811,53.378941
csxy,3,194.912072,53.853035
dzf2,3,776.649465,212.603543
dyf3,3,248.783461,64.700740
csyz,3,233.002446,64.678503
dxf3,3,202.917344,53.319639
dzf3,3,777.818958,212.822220
csxz,3,232.863237,64.674280
dxf,4,202.877681,53.309714
dzb,4,778.828271,213.109501
dyb,4,249.006774,64.839229
cvx,4,234.749692,64.648795
dyf,4,248.381786,64.677746
dzb2,4,778.376482,213.004715
dxb,4,203.703950,53.475639
cvy,4,234.445796,64.594906
dzf,4,776.609540,212.712274
dxb2,4,203.272229,53.375444
dyb2,4,250.751128,65.109469
cvz,4,274.711929,75.980490
dzb3,4,777.893034,212.988655
dxb3,4,203.952153,53.512567
dyb3,4,249.126279,64.806825
csxxsyyszz,4,537.492461,140.106531
dyf2,4,248.646297,64.602285
dxf2,4,203.512487,53.403289
csxy,4,195.046437,53.930215
dzf2,4,776.621158,212.742534
dyf3,4,248.855367,64.760626
csyz,4,232.817405,64.673490
dxf3,4,202.993578,53.349870
dzf3,4,777.659933,212.856948
csxz,4,232.850272,64.830529
#========================= OptEWE [OpenMP] =========================
#Source type                                  :  Force monopole
#Grid Size                                    :  1024 x 1024 x 1024
#Iterations                                   :  5
#Compute time                                 :  48.225384
#Total effective MLUPS                        :  111.325379
#===================================================================
#Number of threads                            :  23
