dxf,0,305.435806,64.843174
dzb,0,1215.493370,262.183636
dyb,0,309.554473,67.412577
cvx,0,326.849054,74.396896
dyf,0,310.059130,67.502579
dzb2,0,1216.018434,259.558155
dxb,0,304.952199,65.123238
cvy,0,1736.817313,318.962794
dzf,0,1214.140924,262.066845
dxb2,0,304.757597,65.051304
dyb2,0,310.117979,67.575402
cvz,0,440.548830,97.300365
dzb3,0,1216.720243,261.498072
dxb3,0,304.974431,65.098958
dyb3,0,345.537621,74.064543
csxxsyyszz,0,638.959179,143.782784
dyf2,0,309.984764,67.517496
dxf2,0,343.560072,72.372421
csxy,0,277.364590,62.845073
dzf2,0,3071.881102,556.118551
dyf3,0,309.680569,67.419126
csyz,0,436.646542,93.109265
dxf3,0,305.280356,65.171512
dzf3,0,1214.129639,261.580405
csxz,0,436.678063,93.183158
dxf,1,304.890496,65.153154
dzb,1,1215.398556,262.266049
dyb,1,309.979032,67.619283
cvx,1,327.081516,74.560790
dyf,1,310.016112,67.565625
dzb2,1,1216.335566,260.315777
dxb,1,305.054545,65.296203
cvy,1,539.986715,111.839630
dzf,1,1213.681744,262.425082
dxb2,1,304.831667,65.197864
dyb2,1,310.259347,67.699930
cvz,1,440.474778,97.409824
dzb3,1,1217.830292,261.806157
dxb3,1,305.282292,65.286904
dyb3,1,345.266248,74.124284
csxxsyyszz,1,645.716605,145.164474
dyf2,1,311.165010,67.808371
dxf2,1,343.902802,72.493837
csxy,1,277.376502,62.908915
dzf2,1,3071.404905,556.414519
dyf3,1,309.999983,67.573266
csyz,1,436.104609,93.090907
dxf3,1,305.249520,65.204577
dzf3,1,1214.075472,261.668452
csxz,1,436.966897,93.298915
dxf,2,304.865032,65.191425
dzb,2,1215.917104,263.097304
dyb,2,310.147101,67.734212
cvx,2,328.407747,74.878084
dyf,2,310.168795,67.721428
dzb2,2,1216.698224,260.288504
dxb,2,305.180938,65.396943
cvy,2,540.596145,112.061489
dzf,2,1213.707844,262.447832
dxb2,2,305.063628,65.351062
dyb2,2,309.934844,67.818426
cvz,2,440.716844,97.709888
dzb3,2,1215.919480,261.482878
dxb3,2,305.026906,65.407653
dyb3,2,345.447366,74.201868
csxxsyyszz,2,638.352983,143.877652
dyf2,2,310.128768,67.621365
dxf2,2,343.574244,72.465159
csxy,2,277.625849,63.081641
dzf2,2,3070.942877,556.726966
dyf3,2,310.848274,67.729304
csyz,2,436.130659,93.142770
dxf3,2,305.261629,65.376574
dzf3,2,1214.040112,261.631753
csxz,2,436.784271,93.299187
dxf,3,305.097298,65.260882
dzb,3,1215.719176,263.214183
dyb,3,309.846004,67.644064
cvx,3,326.968585,74.648023
dyf,3,309.961119,67.603665
dzb2,3,1216.256497,260.111499
dxb,3,305.416465,65.415455
cvy,3,540.231801,111.750982
dzf,3,1214.004192,262.358804
dxb2,3,306.173345,65.450515
dyb2,3,310.203108,67.745822
cvz,3,441.163171,97.576478
dzb3,3,1216.100343,261.392924
dxb3,3,305.312804,65.311330
dyb3,3,345.697418,74.182853
csxxsyyszz,3,638.564962,143.888014
dyf2,3,310.027650,67.627388
dxf2,3,343.802540,72.951285
csxy,3,277.203577,62.832561
dzf2,3,3071.443389,556.401376
dyf3,3,309.990331,67.624738
csyz,3,437.137536,94.073688
dxf3,3,305.222130,65.282364
dzf3,3,1214.897504,262.007601
csxz,3,437.193368,93.450578
dxf,4,304.897113,65.272890
dzb,4,1215.632419,262.909346
dyb,4,310.180582,67.721640
cvx,4,327.085239,74.640179
dyf,4,310.006844,67.617012
dzb2,4,1216.349053,259.957654
dxb,4,305.160062,65.354946
cvy,4,540.199202,111.688175
dzf,4,1213.763331,262.148523
dxb2,4,304.654126,65.217138
dyb2,4,310.054978,67.728999
cvz,4,440.400519,97.428026
dzb3,4,1215.788548,261.279146
dxb3,4,304.838481,65.216879
dyb3,4,345.683479,74.228676
csxxsyyszz,4,638.630068,143.815122
dyf2,4,310.133867,67.595886
dxf2,4,343.518108,72.456680
csxy,4,278.169442,63.063495
dzf2,4,3072.945049,556.695995
dyf3,4,309.910815,67.537387
csyz,4,435.539819,93.025871
dxf3,4,305.255263,65.262853
dzf3,4,1214.245931,261.872823
csxz,4,436.687604,93.358913
#========================= OptEWE [OpenMP] =========================
#Source type                                  :  Force monopole
#Grid Size                                    :  1024 x 1024 x 1024
#Iterations                                   :  5
#Compute time                                 :  81.259895
#Total effective MLUPS                        :  66.068373
#===================================================================
#Number of threads                            :  16
