dxf,0,289.818067,62.273037
dzb,0,1094.275287,243.686913
dyb,0,300.257784,65.414562
cvx,0,296.274828,69.007178
dyf,0,298.721113,65.228243
dzb2,0,1094.363790,244.264039
dxb,0,289.844048,62.506586
cvy,0,1758.918807,319.121206
dzf,0,1093.260684,245.151846
dxb2,0,289.762232,62.533501
dyb2,0,298.205858,65.174131
cvz,0,397.347838,89.439486
dzb3,0,1094.631951,244.174205
dxb3,0,289.988962,62.598002
dyb3,0,325.792624,70.294987
csxxsyyszz,0,736.035183,159.493734
dyf2,0,298.556432,65.413588
dxf2,0,321.270590,68.345094
csxy,0,254.304869,58.861890
dzf2,0,2771.887776,512.502594
dyf3,0,298.276495,65.227724
csyz,0,400.498990,86.853235
dxf3,0,289.636160,62.681469
dzf3,0,1093.197600,243.078969
csxz,0,400.980121,86.709081
dxf,1,289.113668,62.468049
dzb,1,1093.857359,243.296097
dyb,1,298.908223,65.286287
cvx,1,296.740148,69.158999
dyf,1,298.667127,65.250303
dzb2,1,1094.693767,243.653507
dxb,1,289.612160,62.501861
cvy,1,483.477498,101.480429
dzf,1,1093.818474,245.494939
dxb2,1,290.565282,62.629753
dyb2,1,298.573379,65.200836
cvz,1,397.326217,89.423292
dzb3,1,1094.862755,245.356265
dxb3,1,289.963478,62.721042
dyb3,1,326.265419,70.360429
csxxsyyszz,1,728.649880,158.237172
dyf2,1,298.439529,65.199709
dxf2,1,320.680657,68.193686
csxy,1,254.251223,58.808381
dzf2,1,2770.504956,512.757163
dyf3,1,298.186701,64.998984
csyz,1,400.447143,86.665924
dxf3,1,289.821296,62.570524
dzf3,1,1093.276619,242.879881
csxz,1,401.123322,86.578062
dxf,2,289.403971,62.471600
dzb,2,1094.563137,243.451533
dyb,2,298.763549,65.189084
cvx,2,296.288721,69.050184
dyf,2,298.375399,65.169910
dzb2,2,1094.385297,243.839722
dxb,2,289.491918,62.465963
cvy,2,483.179087,101.408080
dzf,2,1092.742608,245.564928
dxb2,2,290.208825,62.633672
dyb2,2,298.136108,65.140254
cvz,2,397.612438,89.514491
dzb3,2,1095.546127,244.737958
dxb3,2,289.922233,62.527183
dyb3,2,326.708263,70.440367
csxxsyyszz,2,742.170979,160.573899
dyf2,2,298.418043,65.162314
dxf2,2,320.989394,68.210245
csxy,2,254.172132,58.793562
dzf2,2,2771.340691,512.462656
dyf3,2,298.030916,65.052324
csyz,2,400.296562,86.404434
dxf3,2,289.806694,62.518697
dzf3,2,1093.115061,243.102170
csxz,2,401.284124,86.747071
dxf,3,289.205762,62.472170
dzb,3,1094.218682,243.901063
dyb,3,298.623997,65.281693
cvx,3,296.698410,69.178020
dyf,3,298.457260,65.215646
dzb2,3,1094.763368,244.243224
dxb,3,289.183844,62.485944
cvy,3,483.384359,101.442690
dzf,3,1093.878550,244.184280
dxb2,3,290.309639,62.625231
dyb2,3,298.295609,65.175227
cvz,3,398.440293,89.654293
dzb3,3,1094.404896,244.561918
dxb3,3,289.907355,62.556975
dyb3,3,326.468414,70.388654
csxxsyyszz,3,742.158400,160.541252
dyf2,3,298.456712,65.214034
dxf2,3,320.888368,68.245704
csxy,3,254.601967,58.912258
dzf2,3,2771.823939,512.662344
dyf3,3,298.171221,65.074377
csyz,3,400.223512,86.267952
dxf3,3,289.826851,62.523792
dzf3,3,1093.244022,243.094284
csxz,3,401.285175,86.716056
dxf,4,289.329886,62.461449
dzb,4,1094.645329,243.560702
dyb,4,298.584657,65.174808
cvx,4,296.496180,69.107363
dyf,4,298.343433,65.192265
dzb2,4,1095.574960,244.119712
dxb,4,289.442685,62.466529
cvy,4,484.441969,101.679233
dzf,4,1092.677596,244.142023
dxb2,4,289.447769,62.492866
dyb2,4,298.038908,65.159003
cvz,4,397.389588,89.504533
dzb3,4,1094.399151,244.724894
dxb3,4,289.945740,62.602372
dyb3,4,326.469001,70.409931
csxxsyyszz,4,728.845106,158.297790
dyf2,4,298.612362,65.245804
dxf2,4,320.736957,68.204164
csxy,4,254.402589,58.868857
dzf2,4,2772.331086,513.265631
dyf3,4,298.385401,65.049632
csyz,4,400.609161,86.584642
dxf3,4,289.959314,62.549130
dzf3,4,1092.961232,243.304129
csxz,4,400.734829,86.832782
#========================= OptEWE [OpenMP] =========================
#Source type                                  :  Force monopole
#Grid Size                                    :  1024 x 1024 x 1024
#Iterations                                   :  5
#Compute time                                 :  75.273132
#Total effective MLUPS                        :  71.323046
#===================================================================
#Number of threads                            :  16
