dxf,0,315.595745,63.264252
dzb,0,1374.754273,275.618617
dyb,0,468.234457,89.984573
cvx,0,413.859058,83.100778
dyf,0,466.594726,89.763651
dzb2,0,1375.690904,276.025080
dxb,0,316.852136,63.592247
cvy,0,2196.447615,365.382624
dzf,0,1369.384436,275.096566
dxb2,0,315.736749,63.439305
dyb2,0,467.460508,89.927090
cvz,0,435.938563,90.056974
dzb3,0,1375.022583,276.206281
dxb3,0,321.128798,64.367432
dyb3,0,470.567853,90.579325
csxxsyyszz,0,1129.611839,213.047309
dyf2,0,466.564482,89.807928
dxf2,0,321.684543,64.795034
csxy,0,298.619017,62.931841
dzf2,0,2286.708274,419.673547
dyf3,0,466.266544,89.729781
csyz,0,355.671919,75.293850
dxf3,0,317.845853,63.897975
dzf3,0,1369.686181,276.025101
csxz,0,354.887311,75.148134
dxf,1,314.765619,63.396135
dzb,1,1374.302220,276.275938
dyb,1,468.056700,90.127303
cvx,1,413.905441,83.244735
dyf,1,466.200423,89.814431
dzb2,1,1372.652192,276.158583
dxb,1,316.769755,63.767593
cvy,1,410.137304,82.827326
dzf,1,1368.893017,275.494084
dxb2,1,315.799852,63.590582
dyb2,1,466.910045,89.911359
cvz,1,436.095743,90.166900
dzb3,1,1374.159680,276.487961
dxb3,1,321.381524,64.405901
dyb3,1,470.491487,90.545810
csxxsyyszz,1,1113.925138,210.726783
dyf2,1,472.613069,90.812001
dxf2,1,323.116470,65.011156
csxy,1,298.966999,63.314731
dzf2,1,2286.285833,419.507209
dyf3,1,467.570514,89.989626
csyz,1,355.428897,75.226599
dxf3,1,317.837384,63.871986
dzf3,1,1369.340409,275.451406
csxz,1,355.110683,75.181505
dxf,2,314.966522,63.428375
dzb,2,1371.237699,275.826378
dyb,2,468.101621,90.162470
cvx,2,413.970382,83.238968
dyf,2,466.614675,89.841892
dzb2,2,1374.094731,276.084309
dxb,2,317.027131,63.709656
cvy,2,410.225087,82.828376
dzf,2,1368.215425,275.209535
dxb2,2,315.585844,63.477179
dyb2,2,466.980342,89.876002
cvz,2,436.159939,90.148805
dzb3,2,1374.049034,276.150771
dxb3,2,321.320231,64.370612
dyb3,2,470.233719,90.499316
csxxsyyszz,2,1130.279490,213.254005
dyf2,2,466.955979,89.867946
dxf2,2,321.571734,64.772809
csxy,2,298.078189,62.889156
dzf2,2,2289.460873,419.814512
dyf3,2,466.818203,89.877090
csyz,2,355.807201,75.305546
dxf3,2,317.752989,63.861252
dzf3,2,1368.218150,275.316444
csxz,2,355.263866,75.214185
dxf,3,316.941076,63.742156
dzb,3,1371.095645,275.768969
dyb,3,468.146745,90.205028
cvx,3,414.936414,83.685366
dyf,3,466.111460,90.325277
dzb2,3,1372.517658,276.093307
dxb,3,316.777376,63.718821
cvy,3,410.278073,82.906043
dzf,3,1369.061944,275.526954
dxb2,3,315.920358,63.564146
dyb2,3,469.210240,90.347376
cvz,3,436.216344,90.209388
dzb3,3,1373.862197,276.234721
dxb3,3,321.140844,64.407255
dyb3,3,470.157161,90.527290
csxxsyyszz,3,1113.754532,210.762807
dyf2,3,467.096045,89.928062
dxf2,3,321.714884,64.794795
csxy,3,297.939259,62.871161
dzf2,3,2286.611854,419.935307
dyf3,3,467.505226,90.014316
csyz,3,355.454137,75.225718
dxf3,3,317.670212,63.832541
dzf3,3,1368.923167,275.293814
csxz,3,356.680765,75.410830
dxf,4,314.779472,63.414365
dzb,4,1371.575640,275.778601
dyb,4,467.975949,90.099836
cvx,4,413.576449,83.200493
dyf,4,466.206167,89.815039
dzb2,4,1372.395254,275.977292
dxb,4,316.977486,63.696774
cvy,4,409.947056,82.810799
dzf,4,1368.217574,275.345291
dxb2,4,315.992907,63.559928
dyb2,4,466.969707,89.916486
cvz,4,438.129923,90.468972
dzb3,4,1374.344096,276.234042
dxb3,4,321.414018,64.441768
dyb3,4,471.971557,90.835938
csxxsyyszz,4,1128.632042,213.676758
dyf2,4,466.339606,89.816458
dxf2,4,321.535457,64.813160
csxy,4,298.208772,62.906642
dzf2,4,2285.488934,419.599318
dyf3,4,466.229607,89.832506
csyz,4,355.681731,75.275379
dxf3,4,317.983441,63.894734
dzf3,4,1368.537523,275.366225
csxz,4,355.234072,75.320565
#========================= OptEWE [OpenMP] =========================
#Source type                                  :  Force monopole
#Grid Size                                    :  1024 x 1024 x 1024
#Iterations                                   :  5
#Compute time                                 :  88.061066
#Total effective MLUPS                        :  60.965752
#===================================================================
#Number of threads                            :  15
