dxf,0,292.683491,59.296653
dzb,0,1276.227820,258.175738
dyb,0,435.115372,84.331854
cvx,0,384.169627,77.920248
dyf,0,433.377151,84.102313
dzb2,0,1277.844715,258.557859
dxb,0,293.627782,59.675615
cvy,0,2228.082117,369.367797
dzf,0,1279.094081,258.759178
dxb2,0,293.906047,59.724572
dyb2,0,435.080320,84.650250
cvz,0,404.069763,84.316345
dzb3,0,1274.623265,258.302623
dxb3,0,294.532218,59.827726
dyb3,0,434.329544,84.349709
csxxsyyszz,0,1054.191064,200.087406
dyf2,0,434.755214,84.281933
dxf2,0,292.297464,59.461654
csxy,0,277.145304,59.028844
dzf2,0,1275.327911,258.577721
dyf3,0,433.892920,84.257764
csyz,0,331.543908,70.825070
dxf3,0,292.127406,59.448547
dzf3,0,1274.851082,258.569091
csxz,0,331.489087,70.892249
dxf,1,292.623305,59.536524
dzb,1,1277.214811,258.999110
dyb,1,435.142771,84.471964
cvx,1,384.533502,78.066650
dyf,1,433.435903,84.173250
dzb2,1,1275.329061,258.470719
dxb,1,293.407200,59.700283
cvy,1,382.417307,77.765279
dzf,1,1277.694703,258.773255
dxb2,1,293.910837,59.755061
dyb2,1,435.643858,84.603755
cvz,1,404.160336,84.308864
dzb3,1,1275.184914,258.403934
dxb3,1,294.500332,59.871369
dyb3,1,436.097674,84.629705
csxxsyyszz,1,1039.038286,197.762617
dyf2,1,433.724088,84.220741
dxf2,1,292.301398,59.521238
csxy,1,277.035757,58.968028
dzf2,1,1273.081848,258.238530
dyf3,1,433.632261,84.249263
csyz,1,331.507404,70.825858
dxf3,1,292.427898,59.573728
dzf3,1,1275.637477,259.282176
csxz,1,331.425568,70.888618
dxf,2,292.662645,59.567423
dzb,2,1276.814230,258.863463
dyb,2,435.203909,84.556159
cvx,2,384.366278,78.099666
dyf,2,433.748648,84.227753
dzb2,2,1276.597728,258.548992
dxb,2,293.427434,59.706886
cvy,2,382.398351,77.707027
dzf,2,1277.062333,258.736292
dxb2,2,293.679710,59.752993
dyb2,2,435.160025,84.519626
cvz,2,403.798811,84.267949
dzb3,2,1274.440388,258.342094
dxb3,2,294.466020,59.860041
dyb3,2,434.470630,84.387074
csxxsyyszz,2,1053.991454,200.148351
dyf2,2,433.453945,84.099156
dxf2,2,292.111435,59.495472
csxy,2,277.230802,59.026436
dzf2,2,1275.605432,258.748739
dyf3,2,434.030823,84.341221
csyz,2,331.565687,70.859469
dxf3,2,292.353432,59.493922
dzf3,2,1274.992470,258.644731
csxz,2,331.554117,70.909517
dxf,3,292.688490,59.566337
dzb,3,1275.343361,258.683470
dyb,3,434.775910,84.456091
cvx,3,384.343812,78.105556
dyf,3,433.562060,84.248955
dzb2,3,1275.029386,258.417098
dxb,3,293.071015,59.655100
cvy,3,382.474687,77.782924
dzf,3,1277.572534,258.872873
dxb2,3,294.528118,59.873286
dyb2,3,435.123208,84.568732
cvz,3,403.860184,84.314537
dzb3,3,1274.728277,258.428924
dxb3,3,294.356746,59.860824
dyb3,3,434.921309,84.508400
csxxsyyszz,3,1040.871087,198.098515
dyf2,3,433.583044,84.188743
dxf2,3,292.050224,59.480646
csxy,3,277.134899,59.030105
dzf2,3,1277.514179,259.020738
dyf3,3,433.848700,84.278599
csyz,3,331.543765,70.879550
dxf3,3,292.757426,59.597170
dzf3,3,1274.159687,258.578519
csxz,3,331.478900,70.876010
dxf,4,292.425000,59.539569
dzb,4,1276.658668,258.873006
dyb,4,435.094779,84.516412
cvx,4,383.837130,78.023992
dyf,4,434.696936,84.385790
dzb2,4,1276.183769,258.445555
dxb,4,293.592402,59.724904
cvy,4,382.321987,77.701715
dzf,4,1279.078481,259.300954
dxb2,4,293.965699,59.773190
dyb2,4,433.900790,84.260539
cvz,4,403.604190,84.248386
dzb3,4,1274.584098,258.305923
dxb3,4,294.563629,59.907001
dyb3,4,434.438087,84.360576
csxxsyyszz,4,1038.903349,197.781220
dyf2,4,433.716684,84.200608
dxf2,4,292.030928,59.461444
csxy,4,277.995279,59.190948
dzf2,4,1274.071276,258.520513
dyf3,4,433.520081,84.241171
csyz,4,331.440906,70.865274
dxf3,4,292.490409,59.549031
dzf3,4,1273.963912,258.561461
csxz,4,331.476078,71.029169
#========================= OptEWE [OpenMP] =========================
#Source type                                  :  Force monopole
#Grid Size                                    :  1024 x 1024 x 1024
#Iterations                                   :  5
#Compute time                                 :  77.731010
#Total effective MLUPS                        :  69.067790
#===================================================================
#Number of threads                            :  16
