dxf,0,204.427560,52.278626
dzb,0,779.666315,209.138745
dyb,0,249.017058,63.614308
cvx,0,235.629023,63.628907
dyf,0,247.986159,63.388722
dzb2,0,779.918725,209.711252
dxb,0,203.723237,52.560842
cvy,0,1866.476290,381.346301
dzf,0,779.202050,209.321002
dxb2,0,203.351435,52.460081
dyb2,0,248.448274,63.589092
cvz,0,277.283586,75.185964
dzb3,0,779.946459,209.862266
dxb3,0,204.977182,52.838340
dyb3,0,248.716791,63.665403
csxxsyyszz,0,537.490608,138.170608
dyf2,0,248.346126,63.511168
dxf2,0,202.861854,52.452840
csxy,0,195.231358,53.083851
dzf2,0,780.466392,210.164274
dyf3,0,250.289130,63.990958
csyz,0,240.691157,65.118146
dxf3,0,204.572765,52.778779
dzf3,0,778.797408,209.811386
csxz,0,234.572743,63.966668
dxf,1,203.251292,52.541325
dzb,1,779.736890,210.152565
dyb,1,249.537331,64.045469
cvx,1,235.673343,63.847959
dyf,1,248.025763,63.538246
dzb2,1,779.588932,210.132526
dxb,1,203.552807,52.660599
cvy,1,234.741992,63.701739
dzf,1,778.782008,209.954008
dxb2,1,203.423554,52.599252
dyb2,1,248.689579,63.762639
cvz,1,278.125288,75.485064
dzb3,1,780.097198,210.197160
dxb3,1,204.837207,52.890010
dyb3,1,248.865717,63.770096
csxxsyyszz,1,536.396241,138.088130
dyf2,1,248.228472,63.546611
dxf2,1,203.210195,52.556103
csxy,1,195.115024,53.117216
dzf2,1,780.175776,210.348777
dyf3,1,248.643092,63.742639
csyz,1,240.834158,65.256601
dxf3,1,204.461718,52.823453
dzf3,1,779.280700,210.168058
csxz,1,234.323314,63.953632
dxf,2,203.061882,52.577920
dzb,2,779.912933,210.421827
dyb,2,249.051205,63.919213
cvx,2,235.585403,63.884398
dyf,2,248.216172,63.622271
dzb2,2,779.889641,210.404558
dxb,2,203.591395,52.712170
cvy,2,234.776935,63.762827
dzf,2,778.976173,210.171137
dxb2,2,203.290821,52.620464
dyb2,2,248.555337,63.812977
cvz,2,278.150972,75.578336
dzb3,2,780.179194,210.397837
dxb3,2,204.729902,52.922182
dyb3,2,248.819742,63.807955
csxxsyyszz,2,537.507975,138.401070
dyf2,2,248.190349,63.566883
dxf2,2,203.730922,52.713884
csxy,2,195.015677,53.117394
dzf2,2,779.227981,210.294021
dyf3,2,247.995935,63.661750
csyz,2,240.730251,65.290867
dxf3,2,205.446052,53.024806
dzf3,2,780.687203,210.538954
csxz,2,234.294709,63.977594
dxf,3,203.215811,52.605757
dzb,3,779.511313,210.393566
dyb,3,248.989310,63.926385
cvx,3,235.683564,63.961236
dyf,3,247.815225,63.636883
dzb2,3,779.523543,210.438788
dxb,3,203.390082,52.678526
cvy,3,234.640409,63.773099
dzf,3,778.635067,210.185793
dxb2,3,203.417869,52.669598
dyb2,3,248.545331,63.822711
cvz,3,277.986579,75.608362
dzb3,3,779.900458,210.446297
dxb3,3,204.946318,52.993297
dyb3,3,248.672282,63.808560
csxxsyyszz,3,537.357533,138.483338
dyf2,3,248.875950,63.799348
dxf2,3,203.130301,52.573465
csxy,3,195.053284,53.154617
dzf2,3,778.705094,210.270337
dyf3,3,248.035704,63.651913
csyz,3,240.819754,65.352210
dxf3,3,204.453354,52.857146
dzf3,3,779.905063,210.475500
csxz,3,234.288098,64.016367
dxf,4,203.115303,52.625935
dzb,4,781.070169,210.743175
dyb,4,249.129125,63.967996
cvx,4,235.653547,63.957440
dyf,4,247.940138,63.657260
dzb2,4,779.639161,210.479858
dxb,4,203.499558,52.712464
cvy,4,234.839344,63.825800
dzf,4,778.815016,210.287413
dxb2,4,203.268204,52.672368
dyb2,4,248.546816,63.848693
cvz,4,278.227514,75.631552
dzb3,4,780.281492,210.563745
dxb3,4,204.956149,52.997207
dyb3,4,248.745446,63.835294
csxxsyyszz,4,536.838332,138.323303
dyf2,4,248.347360,63.625971
dxf2,4,203.174387,52.607051
csxy,4,195.128113,53.197296
dzf2,4,779.045064,210.375952
dyf3,4,248.804827,63.875040
csyz,4,240.686598,65.287357
dxf3,4,204.761926,52.965001
dzf3,4,778.724474,210.306020
csxz,4,234.405538,64.198318
#========================= OptEWE [OpenMP] =========================
#Source type                                  :  Force monopole
#Grid Size                                    :  1024 x 1024 x 1024
#Iterations                                   :  5
#Compute time                                 :  48.372894
#Total effective MLUPS                        :  110.985898
#===================================================================
#Number of threads                            :  23
