dxf,0,228.608611,49.902898
dzb,0,989.238033,216.191678
dyb,0,334.315065,69.561909
cvx,0,294.599366,64.727386
dyf,0,332.917275,69.378737
dzb2,0,984.446893,215.743128
dxb,0,234.575052,51.053743
cvy,0,2269.920933,388.119862
dzf,0,983.123995,215.395600
dxb2,0,226.387289,49.764617
dyb2,0,333.078172,69.397208
cvz,0,313.207802,70.925781
dzb3,0,988.990453,216.635731
dxb3,0,226.682334,49.817046
dyb3,0,333.212054,69.485280
csxxsyyszz,0,795.141033,162.372135
dyf2,0,332.077996,69.220737
dxf2,0,226.128748,49.674807
csxy,0,216.546578,49.994197
dzf2,0,981.534004,215.501876
dyf3,0,332.295381,69.394143
csyz,0,259.468649,60.143166
dxf3,0,226.844290,49.891440
dzf3,0,989.505506,216.932352
csxz,0,258.989025,60.087320
dxf,1,227.500684,50.007431
dzb,1,992.103770,217.264732
dyb,1,334.035648,69.604179
cvx,1,295.267254,64.944752
dyf,1,333.708291,69.574317
dzb2,1,985.238571,216.147561
dxb,1,234.522619,51.151643
cvy,1,294.035363,64.755575
dzf,1,981.467121,215.525382
dxb2,1,226.599058,49.857009
dyb2,1,332.997540,69.480708
cvz,1,313.252052,71.016725
dzb3,1,988.998224,216.899043
dxb3,1,226.796160,49.909950
dyb3,1,333.195343,69.529288
csxxsyyszz,1,797.492327,162.884435
dyf2,1,332.015890,69.290174
dxf2,1,226.279899,49.758750
csxy,1,216.433836,50.002296
dzf2,1,981.369090,215.605311
dyf3,1,333.248194,69.567797
csyz,1,259.435027,60.146183
dxf3,1,226.879257,49.906967
dzf3,1,989.150712,216.899111
csxz,1,259.395516,60.167584
dxf,2,228.726195,50.247912
dzb,2,989.958433,217.059869
dyb,2,333.964043,69.687826
cvx,2,294.888559,64.933388
dyf,2,332.909949,69.461310
dzb2,2,985.474628,216.283594
dxb,2,234.567880,51.139151
cvy,2,294.272872,64.834476
dzf,2,982.817022,215.804739
dxb2,2,226.588023,49.858805
dyb2,2,333.060871,69.530929
cvz,2,313.544119,71.102970
dzb3,2,988.856769,216.884751
dxb3,2,226.857144,49.911929
dyb3,2,333.348827,69.577113
csxxsyyszz,2,796.033554,162.707683
dyf2,2,333.102578,69.496507
dxf2,2,226.272701,49.729876
csxy,2,217.457403,50.179412
dzf2,2,982.338290,215.747664
dyf3,2,332.429644,69.425790
csyz,2,259.271375,60.146363
dxf3,2,227.386560,50.000839
dzf3,2,988.698750,216.848720
csxz,2,259.175292,60.115385
dxf,3,227.416085,50.016517
dzb,3,989.437710,216.982761
dyb,3,333.915570,69.679082
cvx,3,295.106448,64.963038
dyf,3,331.843522,69.285787
dzb2,3,985.603014,216.349342
dxb,3,234.346492,51.121792
cvy,3,294.119484,64.795092
dzf,3,982.278584,215.718204
dxb2,3,226.764623,49.891075
dyb2,3,332.735837,69.446525
cvz,3,313.418217,71.087230
dzb3,3,988.641033,216.893607
dxb3,3,226.741887,49.893905
dyb3,3,334.774036,69.838993
csxxsyyszz,3,797.537436,162.981986
dyf2,3,331.969465,69.318562
dxf2,3,226.449088,49.798313
csxy,3,217.376121,50.169589
dzf2,3,982.317140,215.793557
dyf3,3,332.287822,69.424525
csyz,3,259.237509,60.164580
dxf3,3,226.949496,49.962482
dzf3,3,989.040475,216.958772
csxz,3,259.603467,60.236830
dxf,4,227.328927,50.015093
dzb,4,991.237186,217.340102
dyb,4,333.972156,69.717558
cvx,4,294.977120,64.973816
dyf,4,332.880378,69.501235
dzb2,4,985.450614,216.340226
dxb,4,234.501328,51.140416
cvy,4,294.290100,64.870211
dzf,4,983.414304,215.936684
dxb2,4,226.837626,49.910619
dyb2,4,334.631782,69.784170
cvz,4,313.216416,71.040837
dzb3,4,989.102738,216.939618
dxb3,4,227.035798,49.912679
dyb3,4,333.615397,69.632876
csxxsyyszz,4,797.488016,162.924477
dyf2,4,332.096679,69.345315
dxf2,4,226.439543,49.823899
csxy,4,216.909212,50.102669
dzf2,4,981.884496,215.783596
dyf3,4,332.406099,69.457945
csyz,4,259.254562,60.166923
dxf3,4,227.128939,49.963034
dzf3,4,989.022116,216.997410
csxz,4,259.184681,60.314770
#========================= OptEWE [OpenMP] =========================
#Source type                                  :  Force monopole
#Grid Size                                    :  1024 x 1024 x 1024
#Iterations                                   :  5
#Compute time                                 :  60.579948
#Total effective MLUPS                        :  88.621883
#===================================================================
#Number of threads                            :  21
