dxf,0,331.433852,73.751495
dzb,0,1238.081285,285.406310
dyb,0,338.051809,76.485214
cvx,0,382.640624,89.452956
dyf,0,338.302576,76.665581
dzb2,0,1238.577460,285.969299
dxb,0,331.297382,74.126668
cvy,0,1583.198071,311.423668
dzf,0,1238.134543,285.671081
dxb2,0,331.327642,74.214032
dyb2,0,338.020051,76.658223
cvz,0,444.256150,103.993912
dzb3,0,1238.717666,286.277011
dxb3,0,330.972638,74.176998
dyb3,0,355.655645,80.371325
csxxsyyszz,0,776.543009,176.995033
dyf2,0,338.405471,76.765413
dxf2,0,342.770690,78.309898
csxy,0,307.442457,73.882948
dzf2,0,2976.220920,597.734430
dyf3,0,338.326332,76.567974
csyz,0,378.736120,88.147964
dxf3,0,330.835911,74.074607
dzf3,0,1238.293992,286.214797
csxz,0,378.482561,88.320024
dxf,1,330.867502,74.146583
dzb,1,1238.416771,286.683862
dyb,1,338.573304,76.922732
cvx,1,382.183996,89.586937
dyf,1,338.826775,76.885523
dzb2,1,1239.512788,287.066685
dxb,1,330.932888,74.194628
cvy,1,339.601978,81.536341
dzf,1,1237.182492,286.445309
dxb2,1,332.116019,74.447557
dyb2,1,337.791413,76.677901
cvz,1,444.649309,104.250196
dzb3,1,1238.804214,286.392670
dxb3,1,331.038600,74.271938
dyb3,1,355.645212,80.472946
csxxsyyszz,1,781.523636,178.055758
dyf2,1,338.366205,76.764218
dxf2,1,342.335638,76.751350
csxy,1,307.452407,72.336261
dzf2,1,2974.860635,595.977352
dyf3,1,338.026860,76.631184
csyz,1,378.974567,88.285988
dxf3,1,330.574887,74.110507
dzf3,1,1237.530529,286.693941
csxz,1,378.533678,88.367191
dxf,2,330.608876,74.116010
dzb,2,1238.444082,286.272834
dyb,2,337.912058,76.606979
cvx,2,382.384758,89.500312
dyf,2,340.925608,77.333290
dzb2,2,1238.517095,288.221149
dxb,2,330.894105,74.276506
cvy,2,339.482519,81.596513
dzf,2,1237.442993,286.384401
dxb2,2,331.131539,74.344498
dyb2,2,338.114464,76.834272
cvz,2,444.325713,104.230864
dzb3,2,1238.953534,286.521861
dxb3,2,330.631577,74.218820
dyb3,2,355.593041,80.471600
csxxsyyszz,2,786.656636,179.025401
dyf2,2,338.360199,76.833389
dxf2,2,342.240328,76.778233
csxy,2,307.405322,72.358635
dzf2,2,2976.478571,596.369400
dyf3,2,339.710558,77.520503
csyz,2,378.787667,88.262508
dxf3,2,330.727290,74.167461
dzf3,2,1237.491900,286.311946
csxz,2,378.540311,88.397005
dxf,3,330.790813,74.193040
dzb,3,1238.362969,286.517236
dyb,3,338.118273,76.760056
cvx,3,382.605952,89.693071
dyf,3,338.699521,76.881054
dzb2,3,1238.998440,286.866975
dxb,3,331.444239,74.408981
cvy,3,339.979276,81.689117
dzf,3,1236.926587,286.247085
dxb2,3,332.145666,74.551286
dyb2,3,339.312029,77.087512
cvz,3,444.499451,104.392338
dzb3,3,1238.880998,286.826795
dxb3,3,331.132276,74.406937
dyb3,3,355.490589,80.546996
csxxsyyszz,3,781.102927,178.292350
dyf2,3,338.435845,77.037702
dxf2,3,342.725201,76.973189
csxy,3,307.476728,72.407658
dzf2,3,2967.298915,595.778064
dyf3,3,337.937248,76.608453
csyz,3,378.751423,88.268141
dxf3,3,330.741403,74.249700
dzf3,3,1237.619128,286.759791
csxz,3,378.440744,88.441849
dxf,4,331.746510,74.561147
dzb,4,1238.339202,287.096079
dyb,4,338.173113,76.787176
cvx,4,382.598401,89.775990
dyf,4,338.376977,76.858347
dzb2,4,1238.725473,286.701130
dxb,4,330.931118,74.331040
cvy,4,340.112288,81.838896
dzf,4,1238.182810,286.634071
dxb2,4,331.567847,74.418310
dyb2,4,338.043481,76.903896
cvz,4,444.308808,104.296509
dzb3,4,1238.984722,286.710050
dxb3,4,331.459516,74.413655
dyb3,4,355.643817,80.537881
csxxsyyszz,4,786.824489,179.122512
dyf2,4,338.576423,76.842407
dxf2,4,342.821727,76.909661
csxy,4,307.401286,72.353581
dzf2,4,2975.744249,596.347579
dyf3,4,338.239291,76.693643
csyz,4,378.792072,88.276743
dxf3,4,330.728663,74.161792
dzf3,4,1237.424182,286.363568
csxz,4,378.506407,88.519419
#========================= OptEWE [OpenMP] =========================
#Source type                                  :  Force monopole
#Grid Size                                    :  1024 x 1024 x 1024
#Iterations                                   :  5
#Compute time                                 :  82.371384
#Total effective MLUPS                        :  65.176872
#===================================================================
#Number of threads                            :  14
