dxf,0,236.095822,52.565419
dzb,0,959.071110,218.183807
dyb,0,320.713039,69.431259
cvx,0,283.252238,65.068876
dyf,0,319.375454,69.215798
dzb2,0,960.755109,218.816340
dxb,0,237.274487,52.994114
cvy,0,2099.278086,372.535422
dzf,0,957.624741,218.207249
dxb2,0,235.419631,52.761437
dyb2,0,320.624892,69.478516
cvz,0,318.894288,74.587130
dzb3,0,958.437437,218.601977
dxb3,0,235.654883,52.802975
dyb3,0,320.882048,69.688828
csxxsyyszz,0,747.195980,159.546040
dyf2,0,320.340636,69.571493
dxf2,0,236.003555,52.840129
csxy,0,225.794917,53.050738
dzf2,0,957.365603,218.552386
dyf3,0,319.935384,69.421118
csyz,0,271.975449,64.095795
dxf3,0,235.574617,52.773807
dzf3,0,959.408228,218.847400
csxz,0,271.304257,63.962958
dxf,1,234.842674,52.695311
dzb,1,959.097650,218.914407
dyb,1,320.967612,69.608354
cvx,1,284.768384,65.476813
dyf,1,319.938611,69.392291
dzb2,1,959.394632,218.891345
dxb,1,236.973788,53.087977
cvy,1,282.775383,65.120730
dzf,1,956.974920,218.445752
dxb2,1,235.542619,52.814095
dyb2,1,320.562919,69.532534
cvz,1,318.688014,74.644947
dzb3,1,958.478346,218.837075
dxb3,1,235.808792,52.895542
dyb3,1,321.083860,69.740059
csxxsyyszz,1,747.184424,159.597442
dyf2,1,320.084455,69.542074
dxf2,1,235.991906,52.865671
csxy,1,225.767835,53.079931
dzf2,1,958.803526,218.820557
dyf3,1,320.061977,69.460405
csyz,1,270.572735,63.891721
dxf3,1,235.704284,52.849101
dzf3,1,957.955710,218.739167
csxz,1,270.024344,63.799206
dxf,2,235.643864,52.839034
dzb,2,958.632182,218.862711
dyb,2,320.726943,69.583053
cvx,2,283.242710,65.231540
dyf,2,319.394022,69.371559
dzb2,2,958.879667,218.836561
dxb,2,237.129274,53.132087
cvy,2,282.562583,65.082295
dzf,2,957.004306,218.600759
dxb2,2,235.513486,52.865820
dyb2,2,320.565504,69.616223
cvz,2,318.896907,74.707952
dzb3,2,958.506902,218.865186
dxb3,2,235.573921,53.027117
dyb3,2,320.897302,69.757665
csxxsyyszz,2,747.228313,159.712815
dyf2,2,321.913901,69.919349
dxf2,2,235.800384,52.940418
csxy,2,225.778577,53.168367
dzf2,2,957.830481,218.836044
dyf3,2,320.658244,69.657774
csyz,2,270.787952,63.937813
dxf3,2,235.726839,52.914955
dzf3,2,958.152093,218.881481
csxz,2,270.068930,63.848215
dxf,3,234.897914,52.768048
dzb,3,959.890933,219.152908
dyb,3,320.736546,69.636310
cvx,3,283.420756,65.330347
dyf,3,321.642451,69.786203
dzb2,3,958.631320,218.954633
dxb,3,237.147357,53.178805
cvy,3,282.747838,65.162175
dzf,3,957.496975,218.689832
dxb2,3,235.506177,52.898214
dyb2,3,320.036468,69.511770
cvz,3,318.797543,74.654413
dzb3,3,959.991167,219.106740
dxb3,3,235.609670,52.889648
dyb3,3,320.874147,69.779039
csxxsyyszz,3,747.389402,159.713943
dyf2,3,320.177351,69.628504
dxf2,3,235.944415,52.926338
csxy,3,225.619082,53.102605
dzf2,3,958.852326,218.954797
dyf3,3,320.682716,69.653753
csyz,3,270.541038,63.940433
dxf3,3,235.586725,52.915933
dzf3,3,958.368839,218.995385
csxz,3,270.133763,63.885764
dxf,4,235.030627,52.827223
dzb,4,959.101968,219.073704
dyb,4,320.691529,69.660772
cvx,4,283.316550,65.299617
dyf,4,319.338327,69.413058
dzb2,4,959.311311,218.995493
dxb,4,237.351610,53.211697
cvy,4,282.652188,65.115623
dzf,4,957.902530,218.739634
dxb2,4,235.653567,52.926472
dyb2,4,321.854798,69.851956
cvz,4,319.058053,74.758605
dzb3,4,959.113236,219.083763
dxb3,4,235.861935,52.956352
dyb3,4,320.888085,69.798139
csxxsyyszz,4,749.045600,160.050893
dyf2,4,320.006261,69.618627
dxf2,4,235.953327,52.939662
csxy,4,225.809269,53.160176
dzf2,4,957.407115,218.783618
dyf3,4,320.070401,69.600525
csyz,4,270.594205,63.937206
dxf3,4,235.457969,52.852116
dzf3,4,958.325131,218.950209
csxz,4,270.148841,64.003979
#========================= OptEWE [OpenMP] =========================
#Source type                                  :  Force monopole
#Grid Size                                    :  1024 x 1024 x 1024
#Iterations                                   :  5
#Compute time                                 :  59.264545
#Total effective MLUPS                        :  90.588885
#===================================================================
#Number of threads                            :  20
