dxf,0,260.358322,53.416806
dzb,0,1001.210584,213.917794
dyb,0,275.570327,57.145276
cvx,0,293.933228,63.474630
dyf,0,273.778133,56.915486
dzb2,0,996.872979,213.398361
dxb,0,263.680253,54.113157
cvy,0,1978.841614,329.319837
dzf,0,996.635678,212.632791
dxb2,0,260.129851,53.593574
dyb2,0,273.575178,56.837978
cvz,0,358.572896,76.758876
dzb3,0,996.993611,211.477774
dxb3,0,260.374816,53.552738
dyb3,0,310.098620,62.949521
csxxsyyszz,0,739.077131,149.152070
dyf2,0,273.200837,56.753871
dxf2,0,309.438651,61.539361
csxy,0,254.574662,54.581154
dzf2,0,2639.631736,450.489975
dyf3,0,273.711373,56.796353
csyz,0,397.764831,79.944124
dxf3,0,260.141740,53.562761
dzf3,0,997.201823,212.832086
csxz,0,397.806927,80.007296
dxf,1,260.991009,53.716082
dzb,1,1001.301648,212.557591
dyb,1,273.563451,56.830692
cvx,1,294.894145,63.915191
dyf,1,273.974760,56.997708
dzb2,1,997.036586,211.339689
dxb,1,263.618343,54.113259
cvy,1,388.580355,78.605320
dzf,1,995.402157,213.458845
dxb2,1,260.280865,53.645052
dyb2,1,273.565415,56.890041
cvz,1,358.548724,76.818938
dzb3,1,996.998645,212.533782
dxb3,1,261.126683,53.724456
dyb3,1,310.203107,62.965388
csxxsyyszz,1,726.262680,147.202368
dyf2,1,274.895690,57.090779
dxf2,1,310.057060,61.648062
csxy,1,254.230616,54.533707
dzf2,1,2638.579818,451.493103
dyf3,1,274.062963,56.818042
csyz,1,397.896069,79.977357
dxf3,1,260.114558,53.562873
dzf3,1,996.325141,213.525426
csxz,1,397.998520,80.154930
dxf,2,260.029131,53.601357
dzb,2,1001.355786,213.963918
dyb,2,273.462519,56.910532
cvx,2,293.884875,63.602289
dyf,2,273.533362,56.965932
dzb2,2,997.196791,212.673671
dxb,2,263.555549,54.120633
cvy,2,388.597730,78.666377
dzf,2,996.549685,211.842567
dxb2,2,260.879765,53.733140
dyb2,2,273.714811,56.927081
cvz,2,358.844821,76.896207
dzb3,2,997.897295,213.769398
dxb3,2,260.627741,53.644176
dyb3,2,310.174445,63.000703
csxxsyyszz,2,736.853626,148.955506
dyf2,2,273.207778,56.855034
dxf2,2,309.970345,61.713001
csxy,2,254.527546,54.585966
dzf2,2,2639.365713,452.284560
dyf3,2,273.926930,56.852412
csyz,2,397.882710,80.023909
dxf3,2,260.112219,53.592920
dzf3,2,996.883447,211.768679
csxz,2,398.067235,80.157802
dxf,3,260.050843,53.624691
dzb,3,1002.017642,214.616155
dyb,3,274.338197,57.105582
cvx,3,293.800746,63.576239
dyf,3,273.630030,56.985567
dzb2,3,997.908455,213.734455
dxb,3,263.516154,54.124849
cvy,3,388.602508,78.683661
dzf,3,995.518743,212.697142
dxb2,3,260.049663,53.572835
dyb2,3,273.662413,56.973776
cvz,3,358.548092,76.867729
dzb3,3,996.609314,212.204755
dxb3,3,260.649258,53.697725
dyb3,3,310.042895,62.988889
csxxsyyszz,3,726.387687,147.260258
dyf2,3,275.444658,57.162472
dxf2,3,309.744403,61.668267
csxy,3,254.427058,54.578081
dzf2,3,2641.075978,450.845548
dyf3,3,274.098393,56.901360
csyz,3,397.440551,79.932863
dxf3,3,259.988780,53.587322
dzf3,3,996.920340,212.839490
csxz,3,398.220220,80.118920
dxf,4,259.823449,53.571164
dzb,4,1001.141751,212.556462
dyb,4,274.089442,56.913777
cvx,4,293.933205,63.580615
dyf,4,273.498597,56.906230
dzb2,4,996.464448,212.282492
dxb,4,263.341145,54.125423
cvy,4,388.581447,78.683008
dzf,4,995.615782,213.612381
dxb2,4,259.996582,53.657291
dyb2,4,273.592852,56.946983
cvz,4,358.370395,76.845810
dzb3,4,996.888586,212.480853
dxb3,4,260.143184,53.629832
dyb3,4,310.128783,63.072688
csxxsyyszz,4,739.309298,149.420791
dyf2,4,273.190404,56.808205
dxf2,4,309.530177,61.654852
csxy,4,254.264667,54.574160
dzf2,4,2641.439365,451.898744
dyf3,4,274.063002,56.930133
csyz,4,397.520687,79.967785
dxf3,4,260.151518,53.611815
dzf3,4,996.030463,214.218527
csxz,4,398.337413,80.621202
#========================= OptEWE [OpenMP] =========================
#Source type                                  :  Force monopole
#Grid Size                                    :  1024 x 1024 x 1024
#Iterations                                   :  5
#Compute time                                 :  70.327461
#Total effective MLUPS                        :  76.338730
#===================================================================
#Number of threads                            :  18
