dxf,0,251.919291,56.678354
dzb,0,1147.307019,255.134014
dyb,0,392.013154,83.526783
cvx,0,347.022414,77.438820
dyf,0,392.803432,84.139689
dzb2,0,1149.434168,256.825879
dxb,0,252.374739,57.083513
cvy,0,2276.579657,411.143855
dzf,0,1147.607581,256.236596
dxb2,0,251.452020,56.980219
dyb2,0,390.690897,83.509180
cvz,0,361.278810,83.170261
dzb3,0,1147.817271,256.470098
dxb3,0,251.658793,57.114484
dyb3,0,397.030993,84.686758
csxxsyyszz,0,937.721148,196.728075
dyf2,0,390.785499,83.578748
dxf2,0,291.025048,64.223788
csxy,0,242.390900,57.458314
dzf2,0,2281.526943,445.709843
dyf3,0,390.822927,83.524814
csyz,0,371.753549,83.224953
dxf3,0,250.731953,56.996744
dzf3,0,1146.858472,256.611450
csxz,0,372.044362,83.315428
dxf,1,250.814975,57.064884
dzb,1,1147.794159,256.593174
dyb,1,391.920652,83.882486
cvx,1,347.315996,77.731109
dyf,1,391.760080,83.831297
dzb2,1,1147.840462,256.727774
dxb,1,252.571288,57.315409
cvy,1,360.976979,80.531519
dzf,1,1146.691307,256.695907
dxb2,1,251.272921,57.125730
dyb2,1,390.567096,83.649357
cvz,1,363.004594,83.572979
dzb3,1,1149.861045,257.130926
dxb3,1,251.710689,57.155363
dyb3,1,394.336451,84.345055
csxxsyyszz,1,940.998508,197.549995
dyf2,1,391.541853,83.788834
dxf2,1,291.165966,64.319355
csxy,1,241.924198,57.439573
dzf2,1,2279.541690,445.840767
dyf3,1,390.890194,83.596528
csyz,1,371.733595,83.219116
dxf3,1,250.819227,57.014095
dzf3,1,1147.253360,256.838843
csxz,1,371.629388,83.398166
dxf,2,250.301578,56.981476
dzb,2,1148.859523,256.932186
dyb,2,391.823254,83.899152
cvx,2,346.957652,77.722126
dyf,2,392.202656,84.001420
dzb2,2,1146.868995,256.682112
dxb,2,254.030138,57.589921
cvy,2,360.838150,80.529579
dzf,2,1146.421374,256.821225
dxb2,2,251.357280,57.113241
dyb2,2,390.550347,83.664824
cvz,2,361.525821,83.370292
dzb3,2,1147.838891,256.909239
dxb3,2,251.701076,57.231153
dyb3,2,394.505340,84.355152
csxxsyyszz,2,938.398217,197.225844
dyf2,2,392.547389,83.958686
dxf2,2,291.044189,64.331567
csxy,2,242.383465,57.525964
dzf2,2,2280.219911,445.905386
dyf3,2,391.359038,83.656727
csyz,2,371.985691,83.306094
dxf3,2,250.806605,57.056635
dzf3,2,1147.021737,256.888065
csxz,2,371.946377,83.418571
dxf,3,250.602092,57.131060
dzb,3,1147.276098,256.764927
dyb,3,391.826969,83.932724
cvx,3,347.095182,77.792706
dyf,3,390.499636,83.691691
dzb2,3,1147.354421,256.914392
dxb,3,252.602219,57.385206
cvy,3,360.807588,80.584429
dzf,3,1146.215275,256.819236
dxb2,3,252.067859,57.394560
dyb2,3,390.741595,83.714266
cvz,3,362.924287,83.640461
dzb3,3,1149.800921,257.332507
dxb3,3,251.761794,57.227171
dyb3,3,394.673745,84.465038
csxxsyyszz,3,940.964677,197.795615
dyf2,3,391.156946,83.796416
dxf2,3,291.419538,64.413662
csxy,3,242.572620,57.574585
dzf2,3,2277.850968,446.507504
dyf3,3,391.816875,83.814164
csyz,3,371.848052,83.347172
dxf3,3,250.979128,57.110075
dzf3,3,1149.645649,257.460814
csxz,3,372.067051,83.467869
dxf,4,250.386430,57.073325
dzb,4,1147.616764,256.921573
dyb,4,392.466501,84.069634
cvx,4,347.141876,77.858375
dyf,4,391.639851,83.983701
dzb2,4,1148.112095,257.043697
dxb,4,252.384842,57.412955
cvy,4,360.774374,80.604418
dzf,4,1145.940630,256.874899
dxb2,4,251.303128,57.186235
dyb2,4,391.914730,83.949903
cvz,4,361.266781,83.427744
dzb3,4,1147.619463,257.078239
dxb3,4,251.554370,57.271869
dyb3,4,395.552787,84.675320
csxxsyyszz,4,940.821968,197.851509
dyf2,4,390.883432,83.781798
dxf2,4,291.383144,64.467897
csxy,4,242.981876,57.689024
dzf2,4,2281.081216,446.356026
dyf3,4,392.375230,83.912528
csyz,4,371.675027,83.326824
dxf3,4,250.772914,57.100344
dzf3,4,1146.853891,257.101184
csxz,4,371.825873,83.480308
#========================= OptEWE [OpenMP] =========================
#Source type                                  :  Force monopole
#Grid Size                                    :  1024 x 1024 x 1024
#Iterations                                   :  5
#Compute time                                 :  76.495468
#Total effective MLUPS                        :  70.183362
#===================================================================
#Number of threads                            :  19
