dxf,0,207.988089,48.891878
dzb,0,818.875534,199.460599
dyb,0,252.654040,59.275098
cvx,0,244.263614,60.085993
dyf,0,252.020602,59.231165
dzb2,0,819.761874,200.077808
dxb,0,206.970552,48.993312
cvy,0,2154.331514,397.211732
dzf,0,817.339788,199.536314
dxb2,0,207.383613,49.092364
dyb2,0,252.663382,59.424884
cvz,0,285.332150,70.405706
dzb3,0,818.248407,200.002607
dxb3,0,207.214880,49.061964
dyb3,0,254.360203,59.745832
csxxsyyszz,0,543.248829,128.587742
dyf2,0,253.760394,59.620754
dxf2,0,207.129725,49.091106
csxy,0,201.827934,49.910282
dzf2,0,817.020686,200.044991
dyf3,0,252.722677,59.467187
csyz,0,242.469217,60.020819
dxf3,0,208.344148,49.313819
dzf3,0,819.241409,200.202364
csxz,0,242.528483,60.025550
dxf,1,206.650670,49.021412
dzb,1,818.939181,200.342105
dyb,1,252.688744,59.525359
cvx,1,244.492336,60.302269
dyf,1,251.871058,59.365285
dzb2,1,819.880821,200.538500
dxb,1,207.091694,49.143651
cvy,1,243.828864,60.247001
dzf,1,817.488532,200.127351
dxb2,1,207.310750,49.151617
dyb2,1,252.451774,59.455870
cvz,1,285.275638,70.513277
dzb3,1,818.251881,200.303440
dxb3,1,207.314589,49.135540
dyb3,1,252.777779,59.561509
csxxsyyszz,1,547.479428,129.910682
dyf2,1,252.048346,59.403775
dxf2,1,207.380997,49.177326
csxy,1,202.458782,50.051606
dzf2,1,817.117848,200.218935
dyf3,1,252.720336,59.526458
csyz,1,242.350553,60.049052
dxf3,1,207.967440,49.288158
dzf3,1,819.678429,200.447562
csxz,1,242.721285,60.100624
dxf,2,206.674064,49.076643
dzb,2,818.930806,200.459401
dyb,2,252.695485,59.529434
cvx,2,244.286234,60.300839
dyf,2,252.112077,59.455396
dzb2,2,819.923919,200.626564
dxb,2,207.185065,49.157629
cvy,2,243.861707,60.275023
dzf,2,818.143456,200.348361
dxb2,2,207.281589,49.144827
dyb2,2,252.631557,59.535012
cvz,2,285.351729,70.530594
dzb3,2,818.211510,200.399701
dxb3,2,207.249929,49.167194
dyb3,2,252.916130,59.618753
csxxsyyszz,2,543.030916,128.773925
dyf2,2,252.420794,59.487083
dxf2,2,207.347846,49.240400
csxy,2,201.965680,50.016227
dzf2,2,819.994578,200.860588
dyf3,2,252.780420,59.582906
csyz,2,242.324118,60.085828
dxf3,2,208.261316,49.367848
dzf3,2,819.237406,200.493756
csxz,2,242.574283,60.074290
dxf,3,206.733754,49.104483
dzb,3,818.475840,200.435994
dyb,3,253.009374,59.760069
cvx,3,244.410775,60.350086
dyf,3,251.896640,59.471750
dzb2,3,819.682467,200.731220
dxb,3,207.247324,49.175500
cvy,3,243.830516,60.325907
dzf,3,817.369601,200.281994
dxb2,3,207.337493,49.231741
dyb2,3,252.572660,59.577688
cvz,3,285.363530,70.604479
dzb3,3,818.146016,200.432050
dxb3,3,207.267683,49.181447
dyb3,3,252.745709,59.593009
csxxsyyszz,3,543.506516,128.924105
dyf2,3,252.126983,59.483107
dxf2,3,208.120252,49.380493
csxy,3,201.922709,50.036421
dzf2,3,818.613161,200.697611
dyf3,3,252.813420,59.591431
csyz,3,242.481855,60.107052
dxf3,3,208.146814,49.373290
dzf3,3,819.728383,200.682058
csxz,3,242.711064,60.168469
dxf,4,206.649135,49.088855
dzb,4,818.669413,200.602330
dyb,4,252.611111,59.631512
cvx,4,244.577038,60.436501
dyf,4,251.843399,59.476475
dzb2,4,819.650314,200.791609
dxb,4,207.015022,49.160619
cvy,4,243.782101,60.322387
dzf,4,817.495932,200.400788
dxb2,4,207.260438,49.225716
dyb2,4,252.795818,59.629829
cvz,4,285.486325,70.651647
dzb3,4,818.171738,200.529024
dxb3,4,207.579562,49.242787
dyb3,4,252.688328,59.576619
csxxsyyszz,4,543.303707,128.909393
dyf2,4,251.994745,59.450091
dxf2,4,207.132600,49.210963
csxy,4,201.833337,50.018500
dzf2,4,817.495979,200.546906
dyf3,4,252.721284,59.572947
csyz,4,242.408505,60.121033
dxf3,4,208.168450,49.396761
dzf3,4,820.043281,200.838521
csxz,4,242.607531,60.266201
#========================= OptEWE [OpenMP] =========================
#Source type                                  :  Force monopole
#Grid Size                                    :  1024 x 1024 x 1024
#Iterations                                   :  5
#Compute time                                 :  50.294079
#Total effective MLUPS                        :  106.746345
#===================================================================
#Number of threads                            :  23
