dxf,0,285.463268,63.620759
dzb,0,1172.076825,262.802405
dyb,0,287.114471,65.836141
cvx,0,331.625031,77.713660
dyf,0,287.925879,66.039136
dzb2,0,1172.298751,261.103453
dxb,0,283.847212,63.601195
cvy,0,2004.996671,379.004581
dzf,0,1170.223019,264.717146
dxb2,0,283.966741,63.603317
dyb2,0,287.504241,65.974014
cvz,0,392.841554,91.738970
dzb3,0,1171.996528,261.346352
dxb3,0,284.311524,63.637318
dyb3,0,337.102643,75.099307
csxxsyyszz,0,589.163433,139.688304
dyf2,0,287.582231,65.962182
dxf2,0,339.263793,74.477230
csxy,0,281.094719,65.930119
dzf2,0,2940.921685,546.906833
dyf3,0,287.434883,65.827684
csyz,0,435.386023,96.012330
dxf3,0,283.827043,63.616096
dzf3,0,1170.075091,261.682870
csxz,0,435.465119,96.089063
dxf,1,283.883839,63.644514
dzb,1,1171.991045,263.313310
dyb,1,287.190448,65.836048
cvx,1,331.468838,77.704929
dyf,1,287.494217,65.977434
dzb2,1,1172.398910,261.240479
dxb,1,283.670531,63.529258
cvy,1,448.112370,98.775416
dzf,1,1170.354545,263.742186
dxb2,1,283.859004,63.526150
dyb2,1,287.472936,65.962852
cvz,1,392.872785,91.922133
dzb3,1,1172.315293,262.433356
dxb3,1,284.360361,63.769674
dyb3,1,337.443017,75.355677
csxxsyyszz,1,588.699215,139.689714
dyf2,1,287.417564,65.945174
dxf2,1,339.098384,74.067762
csxy,1,280.978161,65.537781
dzf2,1,2941.962219,545.623017
dyf3,1,287.395310,65.809049
csyz,1,436.094202,96.193741
dxf3,1,284.149214,63.700341
dzf3,1,1170.838366,264.735839
csxz,1,435.894217,96.261799
dxf,2,284.947858,63.916742
dzb,2,1171.662150,262.023305
dyb,2,287.236634,65.815577
cvx,2,332.580842,77.902704
dyf,2,287.155686,66.066672
dzb2,2,1172.118287,262.859250
dxb,2,284.550339,64.151176
cvy,2,448.163719,99.456614
dzf,2,1169.433938,262.497342
dxb2,2,283.633624,63.469988
dyb2,2,287.549676,66.002474
cvz,2,392.619350,91.725569
dzb3,2,1171.591975,264.836836
dxb3,2,284.243702,63.668973
dyb3,2,337.566397,75.206480
csxxsyyszz,2,592.826443,140.412536
dyf2,2,287.566274,65.981284
dxf2,2,338.939847,74.019726
csxy,2,280.885533,65.532112
dzf2,2,2939.101906,549.088630
dyf3,2,287.602493,65.877141
csyz,2,435.870852,96.158269
dxf3,2,283.839203,63.661397
dzf3,2,1170.036722,263.551514
csxz,2,435.448310,96.175906
dxf,3,283.899119,63.689653
dzb,3,1172.230774,261.533765
dyb,3,287.177855,65.874897
cvx,3,331.502949,77.705086
dyf,3,287.190394,65.917895
dzb2,3,1172.227277,264.749121
dxb,3,283.857606,63.595930
cvy,3,447.967618,99.044865
dzf,3,1170.666212,261.752768
dxb2,3,284.153819,63.537190
dyb2,3,287.338717,65.993449
cvz,3,392.772955,91.728308
dzb3,3,1172.353558,263.925464
dxb3,3,284.322067,63.649495
dyb3,3,337.843847,75.221080
csxxsyyszz,3,593.815021,140.565493
dyf2,3,287.319879,65.923382
dxf2,3,339.379381,74.110975
csxy,3,281.246838,65.602066
dzf2,3,2940.334129,548.219512
dyf3,3,287.593106,65.849366
csyz,3,435.937385,96.141524
dxf3,3,284.366218,64.634029
dzf3,3,1170.260482,263.526028
csxz,3,436.053396,96.244847
dxf,4,283.888156,63.690804
dzb,4,1171.684842,262.710364
dyb,4,288.450037,66.207861
cvx,4,331.604390,77.809524
dyf,4,287.547583,66.023510
dzb2,4,1173.068353,263.984051
dxb,4,283.611696,63.593453
cvy,4,448.591518,99.243519
dzf,4,1170.840625,260.675995
dxb2,4,283.673524,63.613040
dyb2,4,287.444737,66.007231
cvz,4,392.938309,91.860796
dzb3,4,1171.855158,262.745305
dxb3,4,284.145232,63.634249
dyb3,4,337.217449,75.117796
csxxsyyszz,4,587.958115,139.521134
dyf2,4,288.471400,66.201947
dxf2,4,339.319571,74.184237
csxy,4,282.280291,65.828334
dzf2,4,2940.874857,547.541378
dyf3,4,288.154438,65.958177
csyz,4,435.784084,96.152714
dxf3,4,285.045335,63.911359
dzf3,4,1171.473335,261.858614
csxz,4,435.624101,96.528966
#========================= OptEWE [OpenMP] =========================
#Source type                                  :  Force monopole
#Grid Size                                    :  1024 x 1024 x 1024
#Iterations                                   :  5
#Compute time                                 :  77.802010
#Total effective MLUPS                        :  69.004761
#===================================================================
#Number of threads                            :  18
