dxf,0,249.281325,54.206521
dzb,0,938.146048,214.622859
dyb,0,273.789846,59.591479
cvx,0,294.475848,66.116541
dyf,0,273.173846,59.563196
dzb2,0,937.843482,214.975643
dxb,0,248.747814,54.350028
cvy,0,2040.576600,355.667646
dzf,0,936.606947,214.685060
dxb2,0,249.157938,54.438651
dyb2,0,272.713343,59.490697
cvz,0,329.535744,75.698391
dzb3,0,937.317698,214.992999
dxb3,0,248.418537,54.302428
dyb3,0,298.467886,64.029817
csxxsyyszz,0,752.706218,158.224034
dyf2,0,272.313406,59.425567
dxf2,0,296.565427,62.418189
csxy,0,247.374926,56.084315
dzf2,0,2434.527197,442.574497
dyf3,0,274.685292,59.881392
csyz,0,380.530458,81.381591
dxf3,0,249.323887,54.381785
dzf3,0,936.636103,214.804953
csxz,0,380.828884,81.276807
dxf,1,248.037786,54.234949
dzb,1,939.134608,215.233229
dyb,1,273.245617,59.631507
cvx,1,294.320810,66.196825
dyf,1,272.415394,59.505985
dzb2,1,937.465142,215.125656
dxb,1,248.344146,54.388981
cvy,1,320.620211,70.757742
dzf,1,936.496336,215.011266
dxb2,1,248.469840,54.331159
dyb2,1,272.253174,59.477505
cvz,1,329.333640,75.698231
dzb3,1,937.242911,215.081896
dxb3,1,249.487412,54.525796
dyb3,1,298.956100,64.145514
csxxsyyszz,1,752.650157,158.282748
dyf2,1,271.805914,59.311683
dxf2,1,296.435545,62.434124
csxy,1,247.566645,56.173517
dzf2,1,2435.541257,442.648119
dyf3,1,273.860287,59.675649
csyz,1,380.312634,81.254489
dxf3,1,247.926512,54.257820
dzf3,1,937.067187,215.293925
csxz,1,380.802043,81.554687
dxf,2,248.384341,54.480993
dzb,2,945.163501,216.816834
dyb,2,272.422782,59.532455
cvx,2,294.487224,66.286734
dyf,2,272.730620,59.560285
dzb2,2,937.722849,215.113017
dxb,2,248.418972,54.373322
cvy,2,322.027735,71.009599
dzf,2,937.117388,214.830663
dxb2,2,248.963136,54.412137
dyb2,2,272.279134,59.512243
cvz,2,329.766076,75.815187
dzb3,2,939.088819,215.292967
dxb3,2,249.398516,54.482520
dyb3,2,298.537053,64.108840
csxxsyyszz,2,759.762412,159.509294
dyf2,2,272.416393,59.470411
dxf2,2,296.084672,62.446541
csxy,2,247.538762,56.169675
dzf2,2,2426.677178,443.788947
dyf3,2,273.330272,59.517790
csyz,2,380.483350,81.104332
dxf3,2,248.125531,54.260710
dzf3,2,938.093041,215.185315
csxz,2,380.972996,81.360546
dxf,3,248.387805,54.340544
dzb,3,938.717421,215.279481
dyb,3,273.230822,59.669512
cvx,3,294.296409,66.207245
dyf,3,272.736547,59.582358
dzb2,3,938.984118,215.390215
dxb,3,248.729241,54.426434
cvy,3,320.054846,70.662666
dzf,3,936.742457,214.296184
dxb2,3,248.071316,54.285197
dyb2,3,272.212224,59.467441
cvz,3,329.319821,75.703760
dzb3,3,937.586235,214.625615
dxb3,3,248.445554,54.347961
dyb3,3,298.587256,64.087896
csxxsyyszz,3,751.680385,158.127769
dyf2,3,272.001154,59.431754
dxf2,3,296.460145,62.490042
csxy,3,247.944444,56.215053
dzf2,3,2434.527128,444.424365
dyf3,3,273.555735,59.602446
csyz,3,380.219219,81.089336
dxf3,3,247.873735,54.224369
dzf3,3,938.448274,214.898160
csxz,3,380.978547,81.309621
dxf,4,248.737305,54.401459
dzb,4,937.138261,215.054512
dyb,4,272.215660,59.456146
cvx,4,294.251341,66.218231
dyf,4,272.354643,59.478301
dzb2,4,937.595079,215.163587
dxb,4,249.128978,54.477856
cvy,4,319.618679,70.591044
dzf,4,936.939805,214.200990
dxb2,4,249.005843,54.413480
dyb2,4,272.281443,59.473247
cvz,4,329.599335,75.739884
dzb3,4,937.537160,214.356534
dxb3,4,249.653557,54.522570
dyb3,4,298.491415,64.069937
csxxsyyszz,4,750.695508,157.954891
dyf2,4,272.252594,59.396895
dxf2,4,296.120750,62.350806
csxy,4,247.655646,56.143235
dzf2,4,2435.160697,444.447168
dyf3,4,273.427549,59.484410
csyz,4,380.896253,81.202692
dxf3,4,247.878529,54.211232
dzf3,4,937.342103,214.501850
csxz,4,381.549561,81.480158
#========================= OptEWE [OpenMP] =========================
#Source type                                  :  Force monopole
#Grid Size                                    :  1024 x 1024 x 1024
#Iterations                                   :  5
#Compute time                                 :  66.881393
#Total effective MLUPS                        :  80.272088
#===================================================================
#Number of threads                            :  19
