dxf,0,206.241996,50.290944
dzb,0,797.099799,202.887582
dyb,0,250.235944,60.869023
cvx,0,236.931130,61.070864
dyf,0,249.459818,60.771168
dzb2,0,797.270057,203.451788
dxb,0,204.315821,50.239251
cvy,0,2007.797939,386.254241
dzf,0,796.300797,203.157358
dxb2,0,204.008397,50.212432
dyb2,0,249.692513,60.874610
cvz,0,276.034051,71.498899
dzb3,0,797.550594,203.748967
dxb3,0,204.003526,50.241561
dyb3,0,249.981635,60.953439
csxxsyyszz,0,542.045454,132.685425
dyf2,0,249.703259,60.848878
dxf2,0,203.640374,50.194123
csxy,0,196.938422,50.996855
dzf2,0,796.648837,203.743808
dyf3,0,249.699024,60.948819
csyz,0,235.382591,61.143979
dxf3,0,205.328379,50.519459
dzf3,0,795.751833,203.440516
csxz,0,235.631658,61.181212
dxf,1,203.744844,50.260125
dzb,1,797.392168,203.929798
dyb,1,250.304770,61.113845
cvx,1,236.934576,61.240120
dyf,1,249.740211,60.959495
dzb2,1,797.389299,203.909853
dxb,1,204.265649,50.372552
cvy,1,237.096049,61.282135
dzf,1,795.580524,203.542958
dxb2,1,203.933971,50.296582
dyb2,1,249.681565,60.957987
cvz,1,275.981753,71.617886
dzb3,1,798.025249,204.025998
dxb3,1,203.960454,50.324132
dyb3,1,250.276447,61.116985
csxxsyyszz,1,540.603990,132.573525
dyf2,1,249.591292,60.893189
dxf2,1,204.598656,50.396323
csxy,1,196.619171,50.962223
dzf2,1,797.502635,204.030539
dyf3,1,249.679933,60.968779
csyz,1,235.524863,61.190998
dxf3,1,205.129705,50.496714
dzf3,1,796.349255,203.604819
csxz,1,235.585727,61.218987
dxf,2,203.911122,50.283238
dzb,2,797.498980,204.193171
dyb,2,250.210363,61.557829
cvx,2,237.006747,61.613076
dyf,2,249.778200,61.353013
dzb2,2,797.548845,204.224654
dxb,2,204.301509,50.400239
cvy,2,236.621020,61.242589
dzf,2,796.869608,203.972277
dxb2,2,203.884767,50.332435
dyb2,2,249.757905,61.012820
cvz,2,277.394553,71.935788
dzb3,2,798.153690,204.098868
dxb3,2,204.339586,50.370327
dyb3,2,249.978585,61.069842
csxxsyyszz,2,540.803712,132.680749
dyf2,2,250.245387,61.029585
dxf2,2,203.680326,50.259113
csxy,2,196.390845,50.914573
dzf2,2,798.582466,204.292613
dyf3,2,252.201287,61.468974
csyz,2,235.426067,61.207299
dxf3,2,204.855679,50.476165
dzf3,2,796.193986,203.740848
csxz,2,235.585526,61.235212
dxf,3,203.948471,50.355747
dzb,3,797.401933,204.039830
dyb,3,250.265636,61.155684
cvx,3,236.962652,61.280980
dyf,3,249.468716,60.941056
dzb2,3,797.085953,203.940022
dxb,3,204.287997,50.454919
cvy,3,236.796116,61.264651
dzf,3,796.527552,203.880230
dxb2,3,204.168766,50.393013
dyb2,3,249.800290,61.056141
cvz,3,275.959924,71.686068
dzb3,3,797.533131,204.024741
dxb3,3,203.911954,50.338524
dyb3,3,250.113953,61.123457
csxxsyyszz,3,540.682173,132.693078
dyf2,3,249.646216,60.941524
dxf2,3,203.641117,50.240994
csxy,3,196.428828,50.961499
dzf2,3,798.084072,204.286073
dyf3,3,249.918939,61.095471
csyz,3,235.594025,61.250593
dxf3,3,205.004093,50.526823
dzf3,3,796.808033,203.923690
csxz,3,235.412266,61.239222
dxf,4,204.080324,50.373289
dzb,4,797.487193,204.128769
dyb,4,250.229237,61.198672
cvx,4,236.945129,61.321622
dyf,4,249.605274,60.985105
dzb2,4,797.109123,204.014912
dxb,4,204.244941,50.472791
cvy,4,236.654241,61.267345
dzf,4,796.721992,204.037951
dxb2,4,204.015244,50.356111
dyb2,4,249.651275,61.019470
cvz,4,275.917937,71.704172
dzb3,4,798.055536,204.225399
dxb3,4,204.304341,50.429823
dyb3,4,250.103208,61.142789
csxxsyyszz,4,540.540020,132.718279
dyf2,4,249.807064,60.965114
dxf2,4,203.728610,50.292270
csxy,4,196.495348,50.995503
dzf2,4,797.019274,204.112740
dyf3,4,249.922572,61.086153
csyz,4,235.387093,61.240246
dxf3,4,205.514047,50.615651
dzf3,4,798.268011,204.202939
csxz,4,235.436537,61.356370
#========================= OptEWE [OpenMP] =========================
#Source type                                  :  Force monopole
#Grid Size                                    :  1024 x 1024 x 1024
#Iterations                                   :  5
#Compute time                                 :  49.107578
#Total effective MLUPS                        :  109.325471
#===================================================================
#Number of threads                            :  23
