dxf,0,362.332030,73.603296
dzb,0,1404.828974,292.564619
dyb,0,369.132940,76.504417
cvx,0,426.878125,90.653128
dyf,0,368.956243,76.620867
dzb2,0,1404.718474,293.225358
dxb,0,362.142662,73.957066
cvy,0,1581.724856,288.320431
dzf,0,1402.458522,292.554688
dxb2,0,362.322092,74.094119
dyb2,0,369.314026,76.670361
cvz,0,496.968248,104.933521
dzb3,0,1404.107726,293.313952
dxb3,0,363.423260,74.348183
dyb3,0,398.827905,82.142095
csxxsyyszz,0,768.301414,164.327321
dyf2,0,368.965832,76.746387
dxf2,0,386.196533,78.752488
csxy,0,309.976770,68.001775
dzf2,0,3519.373456,645.679695
dyf3,0,368.950560,76.680264
csyz,0,472.642772,97.901616
dxf3,0,361.942854,74.001608
dzf3,0,1403.155083,293.363768
csxz,0,472.402691,97.999014
dxf,1,361.544373,73.961843
dzb,1,1404.473444,300.862603
dyb,1,369.472604,77.263591
cvx,1,426.772828,91.417754
dyf,1,368.887590,76.714534
dzb2,1,1404.615564,293.745467
dxb,1,362.350679,74.133687
cvy,1,399.416585,86.495228
dzf,1,1402.566958,293.117256
dxb2,1,362.641818,74.293874
dyb2,1,369.061961,76.663294
cvz,1,497.155227,105.039357
dzb3,1,1403.830303,293.424006
dxb3,1,363.027413,74.307855
dyb3,1,398.828235,82.209714
csxxsyyszz,1,766.251151,164.209713
dyf2,1,370.146271,77.082213
dxf2,1,386.032192,78.865852
csxy,1,309.389399,67.980858
dzf2,1,3519.009272,646.216539
dyf3,1,369.249286,76.782824
csyz,1,471.998810,97.919918
dxf3,1,361.861223,74.067159
dzf3,1,1403.515736,293.956624
csxz,1,473.270860,98.168455
dxf,2,362.023556,74.090506
dzb,2,1404.697792,293.601688
dyb,2,369.331926,76.713151
cvx,2,428.538309,91.136019
dyf,2,368.729651,76.710340
dzb2,2,1404.537649,293.829693
dxb,2,362.079745,74.133463
cvy,2,399.654543,86.563328
dzf,2,1402.560778,293.304147
dxb2,2,362.221677,74.275593
dyb2,2,369.333719,76.808594
cvz,2,497.937676,109.044606
dzb3,2,1403.997275,298.484442
dxb3,2,363.105092,74.492251
dyb3,2,399.112997,82.308842
csxxsyyszz,2,773.769007,165.642349
dyf2,2,368.903716,76.975996
dxf2,2,385.462873,78.852679
csxy,2,308.943498,67.911385
dzf2,2,3519.060451,646.728785
dyf3,2,369.289003,76.868723
csyz,2,472.176003,97.926960
dxf3,2,361.779382,74.165394
dzf3,2,1403.401918,294.391638
csxz,2,472.654711,98.191770
dxf,3,361.707058,74.109091
dzb,3,1404.288011,293.887834
dyb,3,369.770433,76.863535
cvx,3,426.910209,90.963292
dyf,3,368.881381,76.869394
dzb2,3,1405.417925,293.901523
dxb,3,362.268405,74.123448
cvy,3,399.851055,86.589563
dzf,3,1402.564230,293.181870
dxb2,3,362.315629,74.226053
dyb2,3,369.384067,76.788822
cvz,3,497.054119,105.082741
dzb3,3,1404.070096,293.705667
dxb3,3,364.419378,74.701614
dyb3,3,399.118041,82.303537
csxxsyyszz,3,766.243054,164.213964
dyf2,3,368.797611,76.875860
dxf2,3,386.509009,78.937614
csxy,3,309.252709,67.946100
dzf2,3,3505.032102,651.274451
dyf3,3,369.236861,77.359101
csyz,3,472.798152,98.537267
dxf3,3,361.726708,74.092814
dzf3,3,1403.431038,293.861471
csxz,3,472.457748,98.097651
dxf,4,361.667414,74.060119
dzb,4,1404.544594,293.789814
dyb,4,369.317846,76.741335
cvx,4,426.948111,90.883709
dyf,4,368.652337,76.732740
dzb2,4,1404.601703,293.817369
dxb,4,362.299357,74.166608
cvy,4,399.476066,86.525293
dzf,4,1403.499013,293.432678
dxb2,4,362.878044,74.319216
dyb2,4,369.508004,76.819069
cvz,4,497.247857,105.129180
dzb3,4,1404.145463,293.775861
dxb3,4,363.343475,74.474212
dyb3,4,398.751700,82.208642
csxxsyyszz,4,774.308311,165.577122
dyf2,4,368.934077,76.842485
dxf2,4,386.347303,78.857167
csxy,4,309.308664,67.940616
dzf2,4,3518.953648,646.339671
dyf3,4,370.747107,77.084625
csyz,4,472.457797,97.990386
dxf3,4,361.586257,74.020092
dzf3,4,1403.037198,293.729824
csxz,4,472.216127,98.100888
#========================= OptEWE [OpenMP] =========================
#Source type                                  :  Force monopole
#Grid Size                                    :  1024 x 1024 x 1024
#Iterations                                   :  5
#Compute time                                 :  92.817436
#Total effective MLUPS                        :  57.841601
#===================================================================
#Number of threads                            :  13
