dxf,0,276.649882,60.680861
dzb,0,1032.626272,237.936586
dyb,0,310.460422,67.902394
cvx,0,337.711266,75.645703
dyf,0,311.251822,68.082232
dzb2,0,1029.534647,237.837726
dxb,0,277.279477,61.031050
cvy,0,2072.772978,373.295010
dzf,0,1028.639715,237.657962
dxb2,0,279.288649,61.414926
dyb2,0,310.707367,68.006322
cvz,0,382.701914,87.111275
dzb3,0,1028.854297,237.892958
dxb3,0,278.053818,61.283681
dyb3,0,320.470740,69.946221
csxxsyyszz,0,909.127086,190.190928
dyf2,0,310.436221,67.947970
dxf2,0,304.791208,66.133714
csxy,0,245.062940,57.647707
dzf2,0,2508.838151,478.678810
dyf3,0,310.939755,67.927753
csyz,0,378.864583,83.617779
dxf3,0,276.885714,60.989928
dzf3,0,1029.402907,238.039057
csxz,0,380.826007,84.136251
dxf,1,276.281003,60.901947
dzb,1,1029.503217,237.340552
dyb,1,311.161282,68.115986
cvx,1,337.563941,75.754599
dyf,1,311.445722,68.198278
dzb2,1,1029.211185,237.440686
dxb,1,277.414713,61.223139
cvy,1,450.297851,96.266231
dzf,1,1030.004931,238.142224
dxb2,1,280.397448,61.696262
dyb2,1,310.744053,68.213547
cvz,1,382.179713,87.087334
dzb3,1,1029.269581,238.058018
dxb3,1,277.705586,61.289447
dyb3,1,320.146151,70.003260
csxxsyyszz,1,908.656737,190.333875
dyf2,1,310.415202,67.998214
dxf2,1,304.939350,66.195630
csxy,1,244.126603,57.525679
dzf2,1,2508.721121,478.137121
dyf3,1,310.923294,67.979341
csyz,1,379.093942,83.699786
dxf3,1,277.132965,61.036175
dzf3,1,1030.535119,237.361465
csxz,1,381.075341,84.107703
dxf,2,276.474836,60.980228
dzb,2,1031.059220,238.539737
dyb,2,311.085814,68.184319
cvx,2,337.963660,75.857761
dyf,2,311.396360,68.251141
dzb2,2,1029.238507,238.291170
dxb,2,277.454388,61.213000
cvy,2,449.400005,96.144819
dzf,2,1028.627555,238.267711
dxb2,2,279.758091,61.599046
dyb2,2,310.587688,68.093362
cvz,2,382.816646,87.301259
dzb3,2,1029.272570,238.372932
dxb3,2,278.067882,61.356670
dyb3,2,319.960630,69.985156
csxxsyyszz,2,907.008544,190.131162
dyf2,2,310.306255,68.025196
dxf2,2,304.725062,66.169402
csxy,2,244.474488,57.622934
dzf2,2,2508.110950,479.267764
dyf3,2,311.448624,68.099782
csyz,2,379.271957,83.789610
dxf3,2,276.982899,61.070244
dzf3,2,1029.140331,238.209297
csxz,2,381.259708,84.224423
dxf,3,276.260040,60.946516
dzb,3,1029.375123,237.575978
dyb,3,311.601543,68.261145
cvx,3,338.839445,76.282100
dyf,3,311.013163,68.351103
dzb2,3,1029.558955,237.718641
dxb,3,277.441403,61.192981
cvy,3,449.796894,96.217014
dzf,3,1029.071020,238.290571
dxb2,3,280.198455,61.646515
dyb2,3,310.756204,68.159939
cvz,3,382.370545,87.200771
dzb3,3,1030.215894,238.380671
dxb3,3,277.128440,61.155118
dyb3,3,320.019917,69.963731
csxxsyyszz,3,900.191715,188.881075
dyf2,3,310.372893,68.009464
dxf2,3,304.826748,66.207297
csxy,3,244.393519,57.632536
dzf2,3,2508.611624,478.711173
dyf3,3,311.575227,68.138912
csyz,3,378.871187,83.684542
dxf3,3,276.842465,61.059446
dzf3,3,1029.342843,237.525847
csxz,3,380.540297,84.084834
dxf,4,276.154236,60.978182
dzb,4,1030.759986,238.615687
dyb,4,311.339747,68.280261
cvx,4,338.519970,75.995865
dyf,4,311.528997,68.223107
dzb2,4,1029.526510,238.480673
dxb,4,277.060741,61.196534
cvy,4,450.314260,96.358656
dzf,4,1029.085592,237.770919
dxb2,4,279.429635,61.572219
dyb2,4,310.721041,68.135670
cvz,4,382.902478,87.351620
dzb3,4,1029.496529,237.816438
dxb3,4,277.229908,61.218498
dyb3,4,320.188914,70.016464
csxxsyyszz,4,905.705393,189.918902
dyf2,4,311.172143,68.226355
dxf2,4,304.770351,66.214968
csxy,4,244.271326,57.616381
dzf2,4,2507.512279,479.365327
dyf3,4,311.602468,68.165527
csyz,4,379.621306,83.881859
dxf3,4,277.125665,61.126818
dzf3,4,1029.410699,238.406919
csxz,4,380.813787,84.291095
#========================= OptEWE [OpenMP] =========================
#Source type                                  :  Force monopole
#Grid Size                                    :  1024 x 1024 x 1024
#Iterations                                   :  5
#Compute time                                 :  73.153000
#Total effective MLUPS                        :  73.390143
#===================================================================
#Number of threads                            :  17
