dxf,0,295.550247,55.486697
dzb,0,1236.086226,232.279117
dyb,0,301.588249,57.675641
cvx,0,347.365131,67.724628
dyf,0,302.031312,57.801862
dzb2,0,1237.913577,233.012746
dxb,0,294.699554,55.507307
cvy,0,2295.028674,353.572413
dzf,0,1233.958701,232.012956
dxb2,0,295.005544,55.530198
dyb2,0,301.790863,57.752361
cvz,0,410.932497,79.897568
dzb3,0,1236.734010,231.828307
dxb3,0,294.911086,55.594599
dyb3,0,347.290510,64.729252
csxxsyyszz,0,735.736456,139.911963
dyf2,0,301.936821,57.818159
dxf2,0,349.518681,63.909514
csxy,0,288.076762,56.330678
dzf2,0,3039.137459,477.561813
dyf3,0,301.779385,57.652062
csyz,0,447.119106,82.350699
dxf3,0,294.620210,55.521973
dzf3,0,1235.795686,231.251134
csxz,0,447.408884,82.489765
dxf,1,294.801710,55.586430
dzb,1,1236.311889,231.654059
dyb,1,301.567128,57.703948
cvx,1,347.254450,67.830409
dyf,1,301.928962,57.827616
dzb2,1,1238.700847,232.473300
dxb,1,294.625050,55.555608
cvy,1,452.560839,83.226335
dzf,1,1234.947818,232.045165
dxb2,1,294.804930,55.577077
dyb2,1,301.741773,57.826867
cvz,1,411.210717,79.982474
dzb3,1,1237.384797,231.552865
dxb3,1,294.852889,55.615629
dyb3,1,347.181897,64.731516
csxxsyyszz,1,736.224681,140.035817
dyf2,1,301.565590,57.698677
dxf2,1,349.714507,63.932368
csxy,1,288.425086,56.409232
dzf2,1,3039.099268,477.331827
dyf3,1,301.989432,57.723210
csyz,1,447.391661,82.432659
dxf3,1,294.593343,55.551246
dzf3,1,1235.732912,230.801836
csxz,1,447.213956,82.487815
dxf,2,294.553176,55.536955
dzb,2,1236.881018,231.325094
dyb,2,302.088414,57.823596
cvx,2,347.139443,67.808442
dyf,2,301.770656,57.795055
dzb2,2,1238.487061,231.868992
dxb,2,294.776354,55.571939
cvy,2,452.407615,83.307646
dzf,2,1234.033947,231.515770
dxb2,2,294.995872,55.560378
dyb2,2,301.641014,57.760893
cvz,2,410.982395,79.968618
dzb3,2,1238.243256,231.575574
dxb3,2,295.112901,55.615739
dyb3,2,346.881088,64.636505
csxxsyyszz,2,747.882638,141.729872
dyf2,2,301.819908,57.749826
dxf2,2,350.031004,63.984696
csxy,2,288.180971,56.381984
dzf2,2,3033.183510,478.925922
dyf3,2,301.772122,57.688147
csyz,2,446.993487,82.367153
dxf3,2,294.464873,55.517943
dzf3,2,1234.893858,230.243756
csxz,2,447.009757,82.401991
dxf,3,294.555327,55.516961
dzb,3,1236.275823,230.769775
dyb,3,302.016242,57.761971
cvx,3,347.222892,67.822504
dyf,3,302.087310,57.892945
dzb2,3,1238.736237,231.556759
dxb,3,294.521850,55.541496
cvy,3,452.603288,83.362495
dzf,3,1234.841970,231.302829
dxb2,3,294.767122,55.581402
dyb2,3,301.593047,57.774725
cvz,3,411.017701,79.974414
dzb3,3,1237.044173,230.811070
dxb3,3,294.738765,55.602566
dyb3,3,347.153832,64.738593
csxxsyyszz,3,736.171485,140.059739
dyf2,3,301.733771,57.775543
dxf2,3,349.991453,63.994465
csxy,3,287.849186,56.330914
dzf2,3,3035.802659,478.875866
dyf3,3,301.961408,57.752609
csyz,3,446.956561,82.371074
dxf3,3,294.709842,55.572094
dzf3,3,1235.159105,231.898245
csxz,3,447.309190,82.485207
dxf,4,294.321078,55.508854
dzb,4,1237.279638,230.671260
dyb,4,301.787058,57.812016
cvx,4,347.000074,67.789545
dyf,4,301.759868,57.829713
dzb2,4,1238.807143,231.243703
dxb,4,294.757982,55.615278
cvy,4,451.560064,83.220001
dzf,4,1234.590151,231.668938
dxb2,4,294.876481,55.614475
dyb2,4,301.600108,57.763014
cvz,4,412.228009,80.152955
dzb3,4,1236.365115,231.880246
dxb3,4,294.709683,55.588866
dyb3,4,346.990347,64.681916
csxxsyyszz,4,735.377215,139.931330
dyf2,4,301.380328,57.716072
dxf2,4,349.467535,63.948948
csxy,4,288.207749,56.379273
dzf2,4,3036.632032,478.841775
dyf3,4,301.747224,57.690358
csyz,4,447.029419,82.420549
dxf3,4,294.470562,55.562540
dzf3,4,1234.422127,232.985311
csxz,4,447.154967,82.484389
#========================= OptEWE [OpenMP] =========================
#Source type                                  :  Force monopole
#Grid Size                                    :  1024 x 1024 x 1024
#Iterations                                   :  5
#Compute time                                 :  81.992004
#Total effective MLUPS                        :  65.478447
#===================================================================
#Number of threads                            :  18
