dxf,0,289.493995,57.215353
dzb,0,1151.326334,232.432860
dyb,0,299.184668,59.999695
cvx,0,312.883561,65.827237
dyf,0,298.760112,60.032233
dzb2,0,1152.274758,231.923622
dxb,0,289.547968,57.393058
cvy,0,2026.904816,333.399723
dzf,0,1148.552952,230.498217
dxb2,0,290.282446,57.484000
dyb2,0,298.848522,59.986244
cvz,0,430.310195,86.969349
dzb3,0,1150.525667,230.934689
dxb3,0,290.019283,57.495452
dyb3,0,334.626911,65.982499
csxxsyyszz,0,725.037934,145.120652
dyf2,0,298.354719,60.010942
dxf2,0,334.875642,64.890252
csxy,0,273.542252,56.836981
dzf2,0,2923.777788,489.834974
dyf3,0,299.419455,60.179081
csyz,0,428.206402,83.680616
dxf3,0,288.688602,57.330817
dzf3,0,1150.730663,232.347448
csxz,0,429.035609,83.946389
dxf,1,288.795400,57.380906
dzb,1,1150.719648,231.323861
dyb,1,299.274486,60.189218
cvx,1,312.963676,65.957093
dyf,1,298.419085,60.080713
dzb2,1,1151.979890,230.437810
dxb,1,289.471071,57.368614
cvy,1,522.090326,98.831497
dzf,1,1148.476481,230.335566
dxb2,1,289.601583,57.487281
dyb2,1,298.748075,60.098526
cvz,1,430.789423,87.198458
dzb3,1,1150.398986,231.310454
dxb3,1,288.815901,57.343649
dyb3,1,334.363586,65.985433
csxxsyyszz,1,734.550126,146.692700
dyf2,1,298.709986,60.082650
dxf2,1,334.066177,64.727806
csxy,1,273.430939,56.854742
dzf2,1,2924.188882,489.451467
dyf3,1,299.077438,60.013339
csyz,1,428.185613,83.677798
dxf3,1,288.752931,57.324301
dzf3,1,1150.155370,232.178374
csxz,1,429.354174,83.815212
dxf,2,289.001349,57.334862
dzb,2,1151.533217,230.980404
dyb,2,299.013599,60.071185
cvx,2,312.669992,65.923081
dyf,2,298.862910,60.163842
dzb2,2,1151.500164,230.377176
dxb,2,289.254247,57.301787
cvy,2,521.117086,98.683058
dzf,2,1148.368448,230.429610
dxb2,2,289.458283,57.356381
dyb2,2,298.824306,60.081987
cvz,2,430.731906,87.120262
dzb3,2,1151.059376,231.058941
dxb3,2,290.211928,57.434504
dyb3,2,334.651264,65.896542
csxxsyyszz,2,736.285152,146.689723
dyf2,2,300.542120,60.294395
dxf2,2,334.216034,64.674407
csxy,2,273.460136,56.762616
dzf2,2,2925.581929,489.316309
dyf3,2,298.983939,60.090289
csyz,2,427.734453,83.656357
dxf3,2,288.590400,57.350375
dzf3,2,1149.885093,232.106573
csxz,2,429.164853,83.785972
dxf,3,288.965550,57.306476
dzb,3,1150.822693,230.699111
dyb,3,299.154168,60.096319
cvx,3,313.084286,65.944618
dyf,3,298.893224,60.162347
dzb2,3,1152.761218,230.358571
dxb,3,289.587362,57.372380
cvy,3,520.744857,98.626031
dzf,3,1149.373326,230.292817
dxb2,3,290.332501,57.604651
dyb2,3,298.921160,60.149537
cvz,3,430.455433,87.173451
dzb3,3,1150.339301,231.096619
dxb3,3,289.793021,57.538478
dyb3,3,335.360930,66.173825
csxxsyyszz,3,734.929798,146.803971
dyf2,3,298.569410,60.087465
dxf2,3,334.187769,64.784933
csxy,3,273.312577,56.849512
dzf2,3,2925.020282,489.813471
dyf3,3,300.745408,60.258250
csyz,3,428.272264,83.630864
dxf3,3,288.851348,57.284699
dzf3,3,1149.990903,231.669958
csxz,3,430.369391,84.040455
dxf,4,288.864310,57.327487
dzb,4,1151.394410,231.539244
dyb,4,298.730108,59.981892
cvx,4,313.017417,65.870415
dyf,4,299.091289,60.105175
dzb2,4,1151.531938,232.170505
dxb,4,290.193083,57.540218
cvy,4,521.037172,98.743142
dzf,4,1149.340157,230.827265
dxb2,4,290.788432,57.729469
dyb2,4,298.999027,60.243195
cvz,4,430.436662,87.197423
dzb3,4,1150.789022,231.031379
dxb3,4,289.375971,57.511484
dyb3,4,335.118070,66.195015
csxxsyyszz,4,734.700468,146.626395
dyf2,4,298.804237,60.115925
dxf2,4,334.454467,64.882174
csxy,4,274.193140,57.037884
dzf2,4,2925.046351,489.866928
dyf3,4,299.303297,60.153498
csyz,4,428.190065,83.836252
dxf3,4,288.584848,57.469308
dzf3,4,1149.757447,231.811973
csxz,4,429.065677,84.074010
#========================= OptEWE [OpenMP] =========================
#Source type                                  :  Force monopole
#Grid Size                                    :  1024 x 1024 x 1024
#Iterations                                   :  5
#Compute time                                 :  78.595505
#Total effective MLUPS                        :  68.308094
#===================================================================
#Number of threads                            :  17
