dxf,0,277.129537,58.297648
dzb,0,1044.332070,229.094851
dyb,0,296.502442,62.791604
cvx,0,304.330381,67.515843
dyf,0,296.438678,62.801477
dzb2,0,1043.695293,229.112709
dxb,0,276.387648,58.383409
cvy,0,1941.656689,335.664641
dzf,0,1042.334245,229.236027
dxb2,0,276.165819,58.449054
dyb2,0,296.390766,62.903966
cvz,0,387.352581,84.720679
dzb3,0,1044.890418,229.668731
dxb3,0,276.684724,58.555518
dyb3,0,315.804967,66.427257
csxxsyyszz,0,792.530137,163.631392
dyf2,0,297.941975,63.159711
dxf2,0,308.368727,64.022444
csxy,0,249.490157,56.293203
dzf2,0,2610.595197,470.111513
dyf3,0,296.606925,62.834882
csyz,0,386.902049,81.622744
dxf3,0,276.466709,58.500304
dzf3,0,1042.777340,230.384742
csxz,0,388.642698,81.907817
dxf,1,275.756270,58.407690
dzb,1,1043.237173,229.132065
dyb,1,296.020538,62.873569
cvx,1,304.347640,67.670478
dyf,1,296.679089,63.006598
dzb2,1,1044.850770,230.300062
dxb,1,276.346683,58.491682
cvy,1,464.309923,94.769663
dzf,1,1043.908556,230.417085
dxb2,1,277.260203,58.691462
dyb2,1,296.274785,62.874877
cvz,1,387.085932,84.774180
dzb3,1,1043.899566,230.314457
dxb3,1,276.666577,58.651820
dyb3,1,315.588975,66.442926
csxxsyyszz,1,792.862022,163.819244
dyf2,1,295.849252,62.855637
dxf2,1,308.771010,64.145308
csxy,1,248.942945,56.136882
dzf2,1,2613.119099,469.920368
dyf3,1,296.671943,62.917223
csyz,1,387.965702,81.840565
dxf3,1,276.790568,58.552903
dzf3,1,1042.748306,229.503628
csxz,1,388.991792,82.285352
dxf,2,276.442334,58.601174
dzb,2,1043.391171,230.753190
dyb,2,296.492052,62.911160
cvx,2,304.738383,67.738063
dyf,2,296.221210,62.969247
dzb2,2,1044.002632,228.953090
dxb,2,276.651042,58.582847
cvy,2,464.023467,94.751648
dzf,2,1042.570578,229.016874
dxb2,2,275.906167,58.471189
dyb2,2,297.375017,63.223767
cvz,2,387.721432,85.214989
dzb3,2,1044.160248,229.064146
dxb3,2,277.013771,58.637311
dyb3,2,315.557000,66.423129
csxxsyyszz,2,802.836374,165.521090
dyf2,2,296.202223,62.907809
dxf2,2,308.357368,64.074048
csxy,2,248.712839,56.079272
dzf2,2,2609.998809,470.552985
dyf3,2,296.509629,62.886780
csyz,2,387.012603,81.733652
dxf3,2,276.707831,58.590518
dzf3,2,1042.789630,230.783997
csxz,2,388.637495,82.074133
dxf,3,275.662552,58.462478
dzb,3,1043.564032,229.523664
dyb,3,296.462490,62.949779
cvx,3,304.505766,67.701905
dyf,3,296.293750,62.994734
dzb2,3,1044.028250,230.446523
dxb,3,276.848149,58.618237
cvy,3,465.274455,94.947121
dzf,3,1042.842404,230.550449
dxb2,3,276.112646,58.524830
dyb2,3,296.207122,62.913323
cvz,3,389.067048,85.178069
dzb3,3,1044.841782,230.760444
dxb3,3,277.440134,58.723211
dyb3,3,315.210131,66.424692
csxxsyyszz,3,792.536325,163.803480
dyf2,3,295.976801,62.899927
dxf2,3,308.549926,64.130608
csxy,3,248.919418,56.145018
dzf2,3,2611.414208,470.004576
dyf3,3,296.301383,62.814649
csyz,3,386.665060,81.626437
dxf3,3,276.731369,58.593511
dzf3,3,1043.763937,229.852919
csxz,3,388.249821,81.942114
dxf,4,275.747099,58.476427
dzb,4,1043.352843,230.984460
dyb,4,297.840821,63.222316
cvx,4,304.460382,67.685969
dyf,4,296.836033,63.374242
dzb2,4,1043.839304,229.206004
dxb,4,276.462340,58.529711
cvy,4,463.443898,94.672367
dzf,4,1042.748360,229.418117
dxb2,4,276.119161,58.493558
dyb2,4,296.155039,62.931950
cvz,4,387.407824,84.875550
dzb3,4,1044.014345,229.523828
dxb3,4,276.556646,58.563480
dyb3,4,315.274482,66.413388
csxxsyyszz,4,806.468477,166.157455
dyf2,4,296.059877,62.846158
dxf2,4,308.419019,64.060494
csxy,4,249.034251,56.139115
dzf2,4,2611.102784,471.126669
dyf3,4,296.096605,62.778813
csyz,4,386.920931,81.655771
dxf3,4,276.647659,58.571806
dzf3,4,1042.437323,230.750211
csxz,4,388.740863,82.135819
#========================= OptEWE [OpenMP] =========================
#Source type                                  :  Force monopole
#Grid Size                                    :  1024 x 1024 x 1024
#Iterations                                   :  5
#Compute time                                 :  72.961540
#Total effective MLUPS                        :  73.582727
#===================================================================
#Number of threads                            :  17
