dxf,0,307.967574,64.010162
dzb,0,1306.939410,268.276910
dyb,0,309.496133,66.011866
cvx,0,358.771801,78.061641
dyf,0,309.935378,66.147035
dzb2,0,1307.632620,270.113163
dxb,0,306.550172,64.049701
cvy,0,2189.369605,383.562731
dzf,0,1305.199619,269.491509
dxb2,0,306.511401,64.006396
dyb2,0,309.579938,66.086107
cvz,0,425.247685,92.127120
dzb3,0,1308.857761,270.326579
dxb3,0,306.545716,63.999254
dyb3,0,362.823386,75.275135
csxxsyyszz,0,613.742386,136.172841
dyf2,0,309.752716,66.101950
dxf2,0,365.816774,74.474238
csxy,0,294.025315,64.114404
dzf2,0,3154.568477,550.723946
dyf3,0,310.739275,66.176259
csyz,0,457.952412,94.407411
dxf3,0,306.671370,64.093817
dzf3,0,1305.476774,268.869527
csxz,0,457.424623,94.385308
dxf,1,306.536616,64.110315
dzb,1,1307.067918,270.148040
dyb,1,309.691419,66.148741
cvx,1,358.891257,78.158040
dyf,1,309.510883,66.111175
dzb2,1,1307.708147,268.143351
dxb,1,306.690195,64.134221
cvy,1,483.247053,99.479891
dzf,1,1304.893592,270.441688
dxb2,1,306.262911,64.032687
dyb2,1,309.742042,66.312184
cvz,1,425.365041,92.362488
dzb3,1,1309.957052,269.147831
dxb3,1,306.711461,64.144020
dyb3,1,362.460778,75.232019
csxxsyyszz,1,618.111267,136.937688
dyf2,1,309.531012,66.162252
dxf2,1,366.005530,74.736612
csxy,1,294.282434,64.370055
dzf2,1,3153.283402,550.847363
dyf3,1,309.551934,66.069678
csyz,1,457.763064,94.552006
dxf3,1,306.478229,64.201963
dzf3,1,1305.653652,268.847516
csxz,1,457.500765,94.635376
dxf,2,306.339652,64.207994
dzb,2,1308.373911,271.069974
dyb,2,309.634011,66.286318
cvx,2,358.899831,78.314932
dyf,2,309.676313,66.300975
dzb2,2,1308.010910,269.561696
dxb,2,306.498452,64.130446
cvy,2,483.330552,99.371762
dzf,2,1305.231265,270.787670
dxb2,2,306.437299,64.083450
dyb2,2,309.976477,66.166894
cvz,2,425.215799,92.182575
dzb3,2,1308.644661,269.116899
dxb3,2,306.319011,64.004510
dyb3,2,362.486926,75.266076
csxxsyyszz,2,617.722924,136.900345
dyf2,2,309.678850,66.258452
dxf2,2,365.865931,74.599887
csxy,2,294.266146,64.215507
dzf2,2,3153.219404,550.529232
dyf3,2,309.600882,66.028857
csyz,2,457.933301,94.416940
dxf3,2,306.547473,64.066927
dzf3,2,1306.036531,267.483364
csxz,2,457.362100,94.449880
dxf,3,308.312694,64.438346
dzb,3,1307.576333,271.099824
dyb,3,309.494006,66.127970
cvx,3,359.017509,78.187497
dyf,3,309.810530,66.215275
dzb2,3,1307.804074,269.126764
dxb,3,307.349374,64.519744
cvy,3,483.299584,99.463799
dzf,3,1305.357074,270.761712
dxb2,3,306.284371,64.079686
dyb2,3,309.740360,66.225176
cvz,3,425.812764,92.317850
dzb3,3,1308.831697,267.901856
dxb3,3,306.197959,64.047689
dyb3,3,362.496352,75.276374
csxxsyyszz,3,614.374494,136.295014
dyf2,3,309.854659,66.222216
dxf2,3,365.997506,74.619610
csxy,3,294.135757,64.222951
dzf2,3,3145.259230,551.121588
dyf3,3,309.693893,66.028280
csyz,3,457.878413,94.449890
dxf3,3,306.588944,64.110932
dzf3,3,1305.917919,268.203135
csxz,3,457.733213,94.540355
dxf,4,306.475074,64.119086
dzb,4,1307.801069,269.947018
dyb,4,309.557428,66.206469
cvx,4,358.756871,78.168013
dyf,4,309.726406,66.182855
dzb2,4,1307.455522,269.611505
dxb,4,306.386972,64.086106
cvy,4,483.676647,99.433569
dzf,4,1304.694341,268.431988
dxb2,4,306.325847,64.070088
dyb2,4,309.825244,66.199865
cvz,4,425.269915,92.218335
dzb3,4,1309.862076,268.849559
dxb3,4,306.377737,64.104318
dyb3,4,362.191281,75.235908
csxxsyyszz,4,616.213820,136.605527
dyf2,4,309.773508,66.204250
dxf2,4,365.894199,74.596553
csxy,4,294.116196,64.185642
dzf2,4,3153.051178,551.457394
dyf3,4,309.513886,66.000973
csyz,4,457.967799,94.425674
dxf3,4,306.626572,64.109094
dzf3,4,1305.748620,268.567608
csxz,4,457.360317,94.477949
#========================= OptEWE [OpenMP] =========================
#Source type                                  :  Force monopole
#Grid Size                                    :  1024 x 1024 x 1024
#Iterations                                   :  5
#Compute time                                 :  84.659851
#Total effective MLUPS                        :  63.415055
#===================================================================
#Number of threads                            :  18
