dxf,0,290.519427,55.260997
dzb,0,1161.255419,223.878906
dyb,0,307.853572,59.052092
cvx,0,316.890806,63.692684
dyf,0,307.603558,59.094350
dzb2,0,1159.881792,225.554044
dxb,0,290.612626,55.398901
cvy,0,2143.548878,334.085200
dzf,0,1157.800850,225.159793
dxb2,0,290.123563,55.324923
dyb2,0,306.911694,58.993184
cvz,0,426.752440,82.935670
dzb3,0,1161.210486,223.056872
dxb3,0,290.430514,55.398625
dyb3,0,338.756144,63.976213
csxxsyyszz,0,816.966719,153.184127
dyf2,0,306.505894,58.888065
dxf2,0,336.720064,62.552350
csxy,0,272.679252,54.818978
dzf2,0,2924.547824,468.130289
dyf3,0,307.248108,58.956212
csyz,0,427.199635,80.193535
dxf3,0,289.618801,55.272403
dzf3,0,1158.353663,224.659067
csxz,0,428.198516,80.378959
dxf,1,289.906339,55.370989
dzb,1,1160.298807,223.868016
dyb,1,307.918867,59.142967
cvx,1,316.835490,63.731881
dyf,1,308.378629,59.243015
dzb2,1,1159.625858,225.333477
dxb,1,290.392656,55.391403
cvy,1,520.295598,94.457072
dzf,1,1157.772293,222.771766
dxb2,1,290.162150,55.303588
dyb2,1,307.125376,59.061749
cvz,1,426.742967,83.062949
dzb3,1,1162.182593,223.564512
dxb3,1,289.835020,55.330226
dyb3,1,338.534089,63.963650
csxxsyyszz,1,805.699980,151.550215
dyf2,1,307.038860,59.075045
dxf2,1,333.882764,62.213819
csxy,1,272.231987,54.527494
dzf2,1,2921.994283,468.215334
dyf3,1,306.695686,58.853706
csyz,1,427.929029,80.004896
dxf3,1,289.640469,55.225403
dzf3,1,1158.733488,225.227817
csxz,1,428.599325,80.438373
dxf,2,289.749167,55.331510
dzb,2,1160.032318,224.275571
dyb,2,306.875322,58.979468
cvx,2,316.542378,63.671801
dyf,2,306.651800,59.010060
dzb2,2,1160.211198,223.251787
dxb,2,291.080310,55.815393
cvy,2,519.411499,94.613519
dzf,2,1158.096539,223.319194
dxb2,2,290.444103,55.394130
dyb2,2,307.431486,59.112159
cvz,2,427.096227,83.049805
dzb3,2,1161.528566,223.995735
dxb3,2,291.056367,55.558239
dyb3,2,338.816261,64.058320
csxxsyyszz,2,818.917357,153.658603
dyf2,2,307.207767,59.044660
dxf2,2,333.804083,62.178358
csxy,2,272.146975,54.474462
dzf2,2,2923.485241,468.697889
dyf3,2,306.870647,58.908950
csyz,2,427.509456,80.101094
dxf3,2,289.775887,55.296283
dzf3,2,1158.257536,225.496885
csxz,2,428.198454,80.474420
dxf,3,290.059654,55.433056
dzb,3,1162.163921,225.054061
dyb,3,307.893135,59.219606
cvx,3,316.835512,63.789673
dyf,3,307.202575,59.128292
dzb2,3,1161.139803,223.708104
dxb,3,290.209886,55.559663
cvy,3,519.049566,94.384329
dzf,3,1158.101077,223.742002
dxb2,3,290.700149,55.612206
dyb2,3,307.019980,59.237094
cvz,3,427.237167,83.275891
dzb3,3,1160.813090,224.451497
dxb3,3,290.579564,55.598343
dyb3,3,338.421680,64.172961
csxxsyyszz,3,802.220360,151.186106
dyf2,3,307.081546,59.032451
dxf2,3,333.222898,62.095215
csxy,3,272.294355,54.547813
dzf2,3,2922.381444,469.028842
dyf3,3,307.247325,59.219559
csyz,3,427.226035,80.191022
dxf3,3,289.805982,55.274141
dzf3,3,1158.748867,223.362324
csxz,3,428.179019,80.482593
dxf,4,290.097196,55.448427
dzb,4,1160.076687,225.109406
dyb,4,307.631930,59.194629
cvx,4,316.951397,63.794939
dyf,4,306.818954,59.035004
dzb2,4,1160.188128,223.970968
dxb,4,290.564428,55.433995
cvy,4,519.331852,94.377098
dzf,4,1159.273579,224.453607
dxb2,4,290.999711,55.528125
dyb2,4,307.041110,59.098829
cvz,4,427.213149,83.163162
dzb3,4,1161.887947,225.057465
dxb3,4,290.247173,55.393597
dyb3,4,338.870629,64.051157
csxxsyyszz,4,817.223612,153.312243
dyf2,4,306.655143,58.960548
dxf2,4,333.993885,62.160373
csxy,4,272.190747,54.482106
dzf2,4,2923.689590,469.146839
dyf3,4,306.889745,58.916976
csyz,4,427.037882,80.122732
dxf3,4,289.730672,55.299727
dzf3,4,1158.688094,223.758522
csxz,4,429.294553,80.335753
#========================= OptEWE [OpenMP] =========================
#Source type                                  :  Force monopole
#Grid Size                                    :  1024 x 1024 x 1024
#Iterations                                   :  5
#Compute time                                 :  79.556831
#Total effective MLUPS                        :  67.482691
#===================================================================
#Number of threads                            :  17
