dxf,0,475.866659,72.745495
dzb,0,2113.807755,321.577738
dyb,0,542.351745,83.518677
cvx,0,588.676956,91.572440
dyf,0,539.389005,83.006083
dzb2,0,2114.192417,320.425785
dxb,0,474.377644,72.655643
cvy,0,2388.775018,320.412557
dzf,0,2114.092957,320.836327
dxb2,0,474.930043,72.891782
dyb2,0,539.476793,83.286589
cvz,0,693.348449,107.242671
dzb3,0,2112.224222,320.801914
dxb3,0,475.429704,72.848886
dyb3,0,541.673967,83.429759
csxxsyyszz,0,1119.842119,174.769165
dyf2,0,540.026501,83.241421
dxf2,0,474.631655,72.925133
csxy,0,479.238723,74.847048
dzf2,0,2113.201497,321.376475
dyf3,0,541.100712,83.261745
csyz,0,583.357848,90.622271
dxf3,0,474.492218,72.890376
dzf3,0,2110.845591,320.500837
csxz,0,583.265868,90.557383
dxf,1,474.820262,72.840768
dzb,1,2114.588122,320.998666
dyb,1,542.278002,83.312938
cvx,1,588.882409,91.538275
dyf,1,539.865181,83.009883
dzb2,1,2114.613699,320.330614
dxb,1,474.283720,72.876033
cvy,1,588.113885,91.720096
dzf,1,2112.002001,320.930260
dxb2,1,474.780206,72.723783
dyb2,1,539.793945,83.175659
cvz,1,693.414461,107.381587
dzb3,1,2112.390425,320.616692
dxb3,1,476.165307,72.927504
dyb3,1,542.031937,83.390715
csxxsyyszz,1,1114.306252,174.116962
dyf2,1,539.992952,83.053609
dxf2,1,474.692077,72.787197
csxy,1,479.206045,74.887151
dzf2,1,2111.704547,321.507259
dyf3,1,542.277222,83.431068
csyz,1,583.181364,90.518967
dxf3,1,474.916514,72.782450
dzf3,1,2110.743640,320.185535
csxz,1,583.075817,90.558774
dxf,2,475.667068,72.880520
dzb,2,2114.725600,321.291746
dyb,2,542.509596,83.610550
cvx,2,589.831719,92.104691
dyf,2,539.636023,83.288604
dzb2,2,2113.510295,320.698448
dxb,2,474.409291,72.657376
cvy,2,588.138845,91.536332
dzf,2,2112.162973,320.509108
dxb2,2,474.993593,72.713933
dyb2,2,541.417532,83.437624
cvz,2,694.463796,107.409525
dzb3,2,2112.919126,320.585120
dxb3,2,475.474044,72.823907
dyb3,2,541.915553,83.279220
csxxsyyszz,2,1116.135454,173.912219
dyf2,2,541.320457,83.230261
dxf2,2,474.751083,72.716455
csxy,2,479.316594,74.735271
dzf2,2,2110.895349,320.652566
dyf3,2,541.046461,83.222260
csyz,2,583.273803,90.525463
dxf3,2,475.109615,72.720032
dzf3,2,2112.886874,320.230536
csxz,2,584.037853,90.628146
dxf,3,474.808880,72.737527
dzb,3,2114.186936,320.554344
dyb,3,542.592886,83.487613
cvx,3,588.944775,91.664885
dyf,3,540.512745,83.174014
dzb2,3,2115.754441,321.415397
dxb,3,474.452803,72.665410
cvy,3,589.023295,91.563469
dzf,3,2113.298407,320.801687
dxb2,3,474.968400,72.732154
dyb2,3,539.922048,83.127784
cvz,3,693.361307,107.270723
dzb3,3,2112.896483,320.513095
dxb3,3,475.019770,72.759931
dyb3,3,541.891048,83.270339
csxxsyyszz,3,1112.653953,173.527319
dyf2,3,541.422185,83.217984
dxf2,3,475.019653,72.728171
csxy,3,480.844993,74.884622
dzf2,3,2111.510527,320.836172
dyf3,3,542.510669,83.397176
csyz,3,583.224965,90.513771
dxf3,3,474.732954,72.706198
dzf3,3,2111.607081,320.111705
csxz,3,583.056741,90.440944
dxf,4,474.734523,72.693099
dzb,4,2115.285532,320.728911
dyb,4,542.521891,83.427324
cvx,4,589.958307,91.808141
dyf,4,540.635433,83.136536
dzb2,4,2114.189068,320.619736
dxb,4,475.958763,72.980466
cvy,4,588.096927,92.552624
dzf,4,2114.721821,321.704547
dxb2,4,474.764446,72.730595
dyb2,4,540.065744,83.117312
cvz,4,693.675838,107.395614
dzb3,4,2113.489138,320.710477
dxb3,4,476.154676,72.865734
dyb3,4,544.233610,83.582718
csxxsyyszz,4,1112.228514,173.428021
dyf2,4,540.081222,83.066508
dxf2,4,475.003673,72.760951
csxy,4,479.328072,74.713268
dzf2,4,2110.837459,320.818551
dyf3,4,541.210045,83.261251
csyz,4,583.351870,90.619597
dxf3,4,474.453300,72.698504
dzf3,4,2110.682029,320.117601
csxz,4,583.484953,89.832870
#========================= OptEWE [OpenMP] =========================
#Source type                                  :  Force monopole
#Grid Size                                    :  1024 x 1024 x 1024
#Iterations                                   :  5
#Compute time                                 :  118.839279
#Total effective MLUPS                        :  45.176217
#===================================================================
#Number of threads                            :  13
