dxf,0,216.905835,46.760867
dzb,0,889.914437,196.074438
dyb,0,283.682022,59.881416
cvx,0,260.631280,58.132711
dyf,0,282.787457,59.703251
dzb2,0,890.208892,196.336339
dxb,0,215.751758,46.845348
cvy,0,2391.870023,400.118464
dzf,0,890.181878,196.285972
dxb2,0,215.982285,46.883831
dyb2,0,283.385209,59.909496
cvz,0,307.657335,68.790411
dzb3,0,889.282250,196.323524
dxb3,0,215.924763,46.879927
dyb3,0,283.111275,59.870210
csxxsyyszz,0,641.468673,134.967300
dyf2,0,282.688169,59.739275
dxf2,0,215.526740,46.843420
csxy,0,213.909308,48.223116
dzf2,0,888.396876,196.358788
dyf3,0,283.338555,60.007625
csyz,0,266.181400,59.507185
dxf3,0,215.743135,46.890328
dzf3,0,902.903590,198.737415
csxz,0,258.770261,58.302182
dxf,1,215.412041,46.830031
dzb,1,889.605970,196.626752
dyb,1,283.702975,60.075846
cvx,1,260.492390,58.256462
dyf,1,282.007128,59.757458
dzb2,1,889.710786,196.655411
dxb,1,215.439077,46.895849
cvy,1,259.831893,58.201720
dzf,1,888.357200,196.455448
dxb2,1,215.628168,46.917881
dyb2,1,282.605270,59.871268
cvz,1,307.469053,68.861872
dzb3,1,891.025345,196.875437
dxb3,1,215.901169,46.968204
dyb3,1,284.693094,60.205869
csxxsyyszz,1,638.253812,134.502139
dyf2,1,282.721495,59.835788
dxf2,1,215.404399,46.836807
csxy,1,213.859005,48.270339
dzf2,1,888.043342,196.476466
dyf3,1,283.061200,59.960679
csyz,1,266.131278,59.537811
dxf3,1,216.025378,46.964337
dzf3,1,902.072362,198.728707
csxz,1,258.769627,58.316471
dxf,2,215.464787,46.906410
dzb,2,889.758029,196.746366
dyb,2,283.423743,60.046923
cvx,2,260.658149,58.306963
dyf,2,282.743584,59.921851
dzb2,2,889.728516,196.749576
dxb,2,215.475781,46.976698
cvy,2,259.756757,58.220097
dzf,2,888.290566,196.539273
dxb2,2,215.573884,46.918984
dyb2,2,282.704426,59.919650
cvz,2,308.706270,69.111117
dzb3,2,890.788655,196.935691
dxb3,2,215.801246,46.976425
dyb3,2,283.246172,60.042597
csxxsyyszz,2,641.427835,135.159590
dyf2,2,283.076863,59.869762
dxf2,2,215.296780,46.834614
csxy,2,213.880605,48.305680
dzf2,2,887.857423,196.524589
dyf3,2,282.596258,59.905554
csyz,2,266.153295,59.556391
dxf3,2,216.128947,46.986358
dzf3,2,902.572739,198.846179
csxz,2,258.703505,58.332166
dxf,3,215.281912,46.904917
dzb,3,889.592577,196.799514
dyb,3,283.605274,60.119465
cvx,3,260.503270,58.299785
dyf,3,282.279762,59.839208
dzb2,3,889.485785,196.731963
dxb,3,215.487971,46.928587
cvy,3,260.060137,58.270343
dzf,3,888.241020,196.545402
dxb2,3,216.533906,47.085942
dyb2,3,282.921781,59.965594
cvz,3,307.155007,68.884106
dzb3,3,890.849584,196.981119
dxb3,3,215.785890,46.989862
dyb3,3,283.714524,60.108778
csxxsyyszz,3,639.980998,134.859019
dyf2,3,282.442631,59.771423
dxf2,3,215.385620,46.907290
csxy,3,213.909509,48.316063
dzf2,3,888.437797,196.691513
dyf3,3,282.803158,59.941198
csyz,3,266.114870,59.572741
dxf3,3,216.033826,46.970014
dzf3,3,902.314773,198.798829
csxz,3,258.771860,58.369599
dxf,4,215.328179,46.894532
dzb,4,889.720848,196.874199
dyb,4,283.551333,60.136013
cvx,4,260.751429,58.373734
dyf,4,282.676636,59.957181
dzb2,4,890.071453,196.910966
dxb,4,215.801759,47.066785
cvy,4,260.646303,58.516088
dzf,4,890.175568,196.895204
dxb2,4,216.019338,47.003032
dyb2,4,284.353427,60.207114
cvz,4,308.142884,69.059416
dzb3,4,889.522879,196.834386
dxb3,4,215.525913,46.916117
dyb3,4,283.550930,60.090783
csxxsyyszz,4,636.851928,134.384238
dyf2,4,283.001293,59.877859
dxf2,4,215.392182,46.875715
csxy,4,213.929597,48.337018
dzf2,4,888.134373,196.646292
dyf3,4,282.842075,59.990529
csyz,4,266.162205,59.602828
dxf3,4,215.788755,46.986509
dzf3,4,902.301154,198.883788
csxz,4,258.706564,58.499391
#========================= OptEWE [OpenMP] =========================
#Source type                                  :  Force monopole
#Grid Size                                    :  1024 x 1024 x 1024
#Iterations                                   :  5
#Compute time                                 :  54.879406
#Total effective MLUPS                        :  97.827391
#===================================================================
#Number of threads                            :  23
