dxf,0,202.747611,55.361526
dzb,0,772.176478,222.614407
dyb,0,218.271813,61.807507
cvx,0,235.158604,68.251806
dyf,0,217.776532,61.796451
dzb2,0,771.113908,223.253182
dxb,0,201.774126,55.688291
cvy,0,1885.314885,416.082216
dzf,0,769.900995,222.915166
dxb2,0,201.655541,55.661895
dyb2,0,218.076763,61.928099
cvz,0,273.750149,79.638147
dzb3,0,771.737068,223.889853
dxb3,0,201.878854,55.782955
dyb3,0,218.295201,62.028332
csxxsyyszz,0,452.147594,130.939799
dyf2,0,217.459735,61.761418
dxf2,0,201.757037,55.720348
csxy,0,195.023596,56.699644
dzf2,0,771.084412,223.926449
dyf3,0,217.762527,61.925099
csyz,0,233.657334,68.027840
dxf3,0,201.291731,55.702403
dzf3,0,771.221945,223.967137
csxz,0,233.710657,68.020739
dxf,1,201.378553,55.737217
dzb,1,771.313499,224.013681
dyb,1,218.809410,62.436393
cvx,1,235.187500,68.593996
dyf,1,217.836192,62.002371
dzb2,1,771.329598,224.090825
dxb,1,201.682922,55.897836
cvy,1,234.791234,68.510165
dzf,1,769.602985,223.771420
dxb2,1,201.667488,55.865246
dyb2,1,217.972782,62.042243
cvz,1,273.915719,79.853652
dzb3,1,771.136297,224.159614
dxb3,1,201.868706,55.866169
dyb3,1,218.441001,62.159744
csxxsyyszz,1,452.435931,131.186735
dyf2,1,217.896850,62.003343
dxf2,1,201.881634,55.838793
csxy,1,194.923622,56.770012
dzf2,1,769.735647,223.938532
dyf3,1,217.631861,62.022346
csyz,1,233.758052,68.133756
dxf3,1,201.396717,55.789494
dzf3,1,771.635292,224.234914
csxz,1,233.571260,68.045891
dxf,2,201.850477,55.909225
dzb,2,771.492653,224.264949
dyb,2,218.159981,62.209185
cvx,2,235.061361,68.626758
dyf,2,217.358448,62.000255
dzb2,2,771.283701,224.320325
dxb,2,201.882565,55.993197
cvy,2,234.953124,68.621866
dzf,2,769.971287,224.073623
dxb2,2,201.760239,55.914544
dyb2,2,217.900205,62.101308
cvz,2,274.856076,80.139590
dzb3,2,771.243760,224.337144
dxb3,2,201.798022,55.897554
dyb3,2,218.202797,62.110557
csxxsyyszz,2,451.925430,131.144915
dyf2,2,218.286230,62.083951
dxf2,2,201.928197,55.905138
csxy,2,194.970228,56.835436
dzf2,2,769.933096,224.113688
dyf3,2,217.740575,62.058175
csyz,2,233.743901,68.184959
dxf3,2,201.363630,55.788636
dzf3,2,770.704296,224.172492
csxz,2,233.698892,68.127452
dxf,3,201.300145,55.793978
dzb,3,771.884084,224.488201
dyb,3,219.076791,62.410119
cvx,3,235.187868,68.682174
dyf,3,217.322520,62.000551
dzb2,3,771.202953,224.357574
dxb,3,201.774658,56.008121
cvy,3,234.589764,68.536119
dzf,3,769.682753,224.047805
dxb2,3,201.733366,55.901383
dyb2,3,218.375062,62.211704
cvz,3,273.686040,79.916446
dzb3,3,771.307196,224.445898
dxb3,3,201.889351,55.971086
dyb3,3,218.362596,62.313487
csxxsyyszz,3,451.329246,131.097070
dyf2,3,217.500336,61.979897
dxf2,3,201.950124,55.940805
csxy,3,194.996748,56.866547
dzf2,3,770.042214,224.230651
dyf3,3,217.749541,62.059115
csyz,3,233.694702,68.196960
dxf3,3,201.239362,55.824219
dzf3,3,770.756675,224.282200
csxz,3,233.690758,68.139748
dxf,4,201.517803,55.906299
dzb,4,771.195314,224.408852
dyb,4,218.222120,62.272904
cvx,4,236.188237,68.952822
dyf,4,217.262922,61.981812
dzb2,4,772.076157,224.630515
dxb,4,201.774504,56.002984
cvy,4,234.765661,68.620210
dzf,4,769.647782,224.116237
dxb2,4,201.563668,55.929448
dyb2,4,218.291667,62.228875
cvz,4,273.610127,79.920646
dzb3,4,771.266289,224.538260
dxb3,4,201.952256,55.993127
dyb3,4,218.474414,62.228339
csxxsyyszz,4,452.432370,131.356610
dyf2,4,217.833146,62.118751
dxf2,4,201.965714,55.943631
csxy,4,194.993156,56.889998
dzf2,4,770.177104,224.324800
dyf3,4,217.631647,62.139175
csyz,4,233.692275,68.230560
dxf3,4,201.434872,55.878082
dzf3,4,770.571139,224.349486
csxz,4,233.587193,68.317680
#========================= OptEWE [OpenMP] =========================
#Source type                                  :  Force monopole
#Grid Size                                    :  1024 x 1024 x 1024
#Iterations                                   :  5
#Compute time                                 :  46.661488
#Total effective MLUPS                        :  115.056536
#===================================================================
#Number of threads                            :  23
