dxf,0,310.429431,68.190375
dzb,0,1177.757863,270.273571
dyb,0,356.284693,78.980502
cvx,0,358.748378,82.861033
dyf,0,354.808901,78.939372
dzb2,0,1177.362446,270.067740
dxb,0,310.121998,68.325987
cvy,0,1599.446743,301.449248
dzf,0,1177.185626,270.903205
dxb2,0,310.305943,68.417237
dyb2,0,354.271423,78.700126
cvz,0,415.647834,96.205277
dzb3,0,1183.761495,272.192962
dxb3,0,311.060096,68.564277
dyb3,0,361.424402,80.224516
csxxsyyszz,0,759.352418,169.543633
dyf2,0,354.615660,78.847321
dxf2,0,317.332754,70.061773
csxy,0,296.175460,68.753330
dzf2,0,2466.090657,485.530196
dyf3,0,354.920077,78.841480
csyz,0,355.017777,82.153051
dxf3,0,310.247089,68.467031
dzf3,0,1175.398577,269.740110
csxz,0,354.396960,82.094909
dxf,1,309.958433,68.517132
dzb,1,1177.600477,271.206926
dyb,1,354.969599,78.993322
cvx,1,357.507164,82.770873
dyf,1,354.081117,78.812760
dzb2,1,1177.538298,271.201720
dxb,1,310.010771,68.443819
cvy,1,332.373551,78.096587
dzf,1,1180.897932,271.931714
dxb2,1,310.335339,68.514357
dyb2,1,354.274437,78.797201
cvz,1,415.783024,96.312097
dzb3,1,1184.262354,271.952088
dxb3,1,311.143162,68.579604
dyb3,1,361.305208,80.168323
csxxsyyszz,1,755.863897,168.892017
dyf2,1,354.788568,78.882652
dxf2,1,317.602981,70.095175
csxy,1,296.021698,68.526414
dzf2,1,2469.611983,485.142444
dyf3,1,354.529824,78.747943
csyz,1,354.940273,82.003539
dxf3,1,310.412012,68.462636
dzf3,1,1175.199409,270.650439
csxz,1,355.136551,82.285609
dxf,2,310.712668,68.648576
dzb,2,1177.652977,271.212650
dyb,2,354.700890,78.979980
cvx,2,357.475769,82.780906
dyf,2,354.305965,78.891670
dzb2,2,1177.596931,271.223214
dxb,2,309.735533,68.392044
cvy,2,332.565366,78.168417
dzf,2,1176.795714,271.262144
dxb2,2,310.742994,68.709557
dyb2,2,354.882151,79.063330
cvz,2,415.884198,96.466556
dzb3,2,1184.079175,271.709598
dxb3,2,311.028913,68.637148
dyb3,2,361.058878,80.261248
csxxsyyszz,2,759.319822,169.736662
dyf2,2,354.677802,78.944079
dxf2,2,317.776274,70.202032
csxy,2,297.036783,68.768360
dzf2,2,2468.843255,485.144554
dyf3,2,355.458731,79.011902
csyz,2,355.077979,82.257740
dxf3,2,310.305548,68.562482
dzf3,2,1176.727003,271.188243
csxz,2,354.794662,82.233502
dxf,3,309.839858,68.483449
dzb,3,1177.477810,271.306635
dyb,3,354.768350,78.972579
cvx,3,357.408377,82.765300
dyf,3,354.344936,78.931079
dzb2,3,1178.043373,271.363033
dxb,3,309.988701,68.548617
cvy,3,332.442320,78.262419
dzf,3,1179.137443,271.455080
dxb2,3,310.140421,68.568616
dyb2,3,354.066864,78.840420
cvz,3,415.749053,96.400189
dzb3,3,1184.013088,272.153288
dxb3,3,311.162126,68.769313
dyb3,3,361.283209,80.386756
csxxsyyszz,3,753.156095,168.625037
dyf2,3,354.941167,79.048561
dxf2,3,318.339644,70.299588
csxy,3,295.914996,68.552394
dzf2,3,2467.788065,484.956824
dyf3,3,354.447638,78.801125
csyz,3,355.223505,82.312597
dxf3,3,310.521409,68.603334
dzf3,3,1176.239629,270.948739
csxz,3,354.940847,82.276358
dxf,4,310.316473,68.759341
dzb,4,1177.719465,272.551897
dyb,4,354.780512,79.103221
cvx,4,357.873796,82.969274
dyf,4,354.735690,79.065576
dzb2,4,1177.815595,271.095880
dxb,4,309.954749,68.511085
cvy,4,332.866465,78.272700
dzf,4,1177.200876,270.645364
dxb2,4,310.491192,68.562076
dyb2,4,354.337807,78.819009
cvz,4,415.867641,96.373957
dzb3,4,1184.377228,272.604360
dxb3,4,311.134503,68.710897
dyb3,4,361.349150,80.325276
csxxsyyszz,4,759.417947,169.867994
dyf2,4,358.677967,79.695627
dxf2,4,318.607614,70.311347
csxy,4,296.041181,68.549302
dzf2,4,2467.010005,486.129730
dyf3,4,354.981784,78.827642
csyz,4,354.993875,82.150043
dxf3,4,310.304882,68.490850
dzf3,4,1175.063347,270.717816
csxz,4,354.680838,82.304792
#========================= OptEWE [OpenMP] =========================
#Source type                                  :  Force monopole
#Grid Size                                    :  1024 x 1024 x 1024
#Iterations                                   :  5
#Compute time                                 :  77.449959
#Total effective MLUPS                        :  69.318424
#===================================================================
#Number of threads                            :  15
