dxf,0,224.081878,53.857607
dzb,0,894.961472,221.378478
dyb,0,301.305109,70.783082
cvx,0,265.815066,66.284893
dyf,0,300.502488,70.647561
dzb2,0,895.267240,222.038122
dxb,0,222.799098,54.073290
cvy,0,1985.825429,381.905227
dzf,0,896.870822,222.436692
dxb2,0,222.953426,54.160263
dyb2,0,301.393252,70.965427
cvz,0,297.330521,75.815925
dzb3,0,897.702743,222.931839
dxb3,0,225.373179,54.655477
dyb3,0,300.981317,70.920341
csxxsyyszz,0,689.194679,160.029180
dyf2,0,300.675506,70.849900
dxf2,0,222.972330,54.169210
csxy,0,211.719814,54.367510
dzf2,0,892.760685,222.157474
dyf3,0,300.626505,70.991529
csyz,0,253.229441,65.356903
dxf3,0,222.916450,54.251917
dzf3,0,892.577769,222.311389
csxz,0,253.058899,65.323804
dxf,1,222.715740,54.203069
dzb,1,894.574755,222.675725
dyb,1,301.242288,71.077644
cvx,1,265.537624,66.461480
dyf,1,300.403234,70.873899
dzb2,1,896.558440,223.039623
dxb,1,222.905759,54.237249
cvy,1,264.972876,66.355906
dzf,1,892.820058,222.346768
dxb2,1,222.878033,54.247044
dyb2,1,300.708043,70.943946
cvz,1,297.462029,75.977546
dzb3,1,896.537044,223.100567
dxb3,1,225.440846,54.732219
dyb3,1,301.465782,71.111473
csxxsyyszz,1,688.679614,160.197978
dyf2,1,300.675925,70.865929
dxf2,1,222.992651,54.236615
csxy,1,211.806213,54.408093
dzf2,1,893.030102,222.561929
dyf3,1,300.623377,71.035834
csyz,1,253.310606,65.442669
dxf3,1,223.044253,54.310407
dzf3,1,893.485393,222.834502
csxz,1,252.956811,65.444606
dxf,2,222.424296,54.228581
dzb,2,894.731733,222.994528
dyb,2,301.486509,71.177679
cvx,2,265.800156,66.589035
dyf,2,300.569564,70.960790
dzb2,2,895.689812,223.127984
dxb,2,222.707407,54.274365
cvy,2,265.125851,66.448778
dzf,2,892.961631,222.640724
dxb2,2,223.109942,54.366314
dyb2,2,300.706199,71.016820
cvz,2,297.220801,75.990734
dzb3,2,896.175055,223.281186
dxb3,2,225.408260,54.769241
dyb3,2,301.167126,71.090598
csxxsyyszz,2,689.234942,160.386762
dyf2,2,300.738169,70.988397
dxf2,2,222.893922,54.291585
csxy,2,211.903299,54.504537
dzf2,2,892.854585,222.657853
dyf3,2,300.472150,70.976221
csyz,2,253.412158,65.532879
dxf3,2,223.290369,54.381872
dzf3,2,892.487243,222.629265
csxz,2,252.964641,65.483108
dxf,3,222.472291,54.258036
dzb,3,895.066044,223.145597
dyb,3,303.040715,71.509534
cvx,3,265.709535,66.600044
dyf,3,301.129738,71.114444
dzb2,3,894.712053,223.032562
dxb,3,222.821108,54.317120
cvy,3,264.935471,66.445516
dzf,3,894.137463,222.913279
dxb2,3,222.755399,54.314900
dyb2,3,301.313142,71.184855
cvz,3,297.008048,75.969988
dzb3,3,896.091738,223.321173
dxb3,3,225.267465,54.744955
dyb3,3,300.869234,71.071513
csxxsyyszz,3,685.549650,159.813145
dyf2,3,300.638228,70.967170
dxf2,3,222.778271,54.288900
csxy,3,211.728222,54.491065
dzf2,3,892.615894,222.681950
dyf3,3,300.616419,71.007687
csyz,3,253.245266,65.497045
dxf3,3,223.092259,54.364112
dzf3,3,892.289715,222.688035
csxz,3,253.645878,65.850820
dxf,4,222.693428,54.537768
dzb,4,895.660748,223.873743
dyb,4,301.269284,71.259257
cvx,4,265.670252,66.613705
dyf,4,300.706269,71.076455
dzb2,4,894.881709,223.247512
dxb,4,223.300414,54.411487
cvy,4,264.894167,66.472501
dzf,4,892.530328,222.720505
dxb2,4,222.742664,54.325965
dyb2,4,300.644112,71.050813
cvz,4,297.314820,76.097925
dzb3,4,895.987426,223.489799
dxb3,4,225.378328,54.804909
dyb3,4,301.009660,71.125576
csxxsyyszz,4,685.002708,159.799935
dyf2,4,300.825588,71.072783
dxf2,4,222.991425,54.374317
csxy,4,211.963389,54.617391
dzf2,4,893.149585,222.963062
dyf3,4,300.665330,71.086690
csyz,4,253.167800,65.546135
dxf3,4,223.016124,54.402800
dzf3,4,894.918621,223.415279
csxz,4,253.863068,65.892198
#========================= OptEWE [OpenMP] =========================
#Source type                                  :  Force monopole
#Grid Size                                    :  1024 x 1024 x 1024
#Iterations                                   :  5
#Compute time                                 :  55.453449
#Total effective MLUPS                        :  96.814701
#===================================================================
#Number of threads                            :  21
