dxf,0,358.339760,74.756266
dzb,0,1347.880470,291.500002
dyb,0,368.759760,77.982347
cvx,0,412.889921,90.441590
dyf,0,366.216400,77.571697
dzb2,0,1347.835838,294.971218
dxb,0,358.858067,75.860724
cvy,0,1597.426043,296.355741
dzf,0,1346.165692,295.252551
dxb2,0,358.553818,75.718472
dyb2,0,367.113892,77.864830
cvz,0,481.071125,105.428652
dzb3,0,1348.861498,292.885408
dxb3,0,358.004171,75.188208
dyb3,0,390.678968,82.477984
csxxsyyszz,0,824.745804,177.423936
dyf2,0,367.410541,78.027567
dxf2,0,371.794898,77.990208
csxy,0,293.315876,66.838732
dzf2,0,3281.489424,622.238547
dyf3,0,366.893788,77.790828
csyz,0,444.417738,95.499739
dxf3,0,357.850431,75.224968
dzf3,0,1347.170902,292.713191
csxz,0,444.255365,95.691582
dxf,1,357.668537,75.256223
dzb,1,1347.674124,292.713763
dyb,1,368.929402,78.316107
cvx,1,413.040522,90.805961
dyf,1,366.126895,77.881059
dzb2,1,1347.592188,294.473110
dxb,1,359.130419,75.789822
cvy,1,369.735455,83.160702
dzf,1,1346.070318,292.339779
dxb2,1,357.298273,75.156670
dyb2,1,367.192048,77.997211
cvz,1,479.784093,105.295150
dzb3,1,1347.663572,293.040895
dxb3,1,358.855771,75.429861
dyb3,1,390.540228,82.459902
csxxsyyszz,1,833.530395,179.788134
dyf2,1,367.532664,78.526614
dxf2,1,371.393793,77.995308
csxy,1,293.392662,66.812096
dzf2,1,3282.664581,621.932976
dyf3,1,368.850275,78.204481
csyz,1,443.803882,95.406737
dxf3,1,357.864337,75.157490
dzf3,1,1346.892317,292.605854
csxz,1,444.635319,95.716224
dxf,2,357.673247,75.269419
dzb,2,1347.956047,292.986583
dyb,2,368.979623,78.333250
cvx,2,414.230205,91.174829
dyf,2,365.740363,77.929478
dzb2,2,1347.949902,293.296130
dxb,2,359.059318,75.624256
cvy,2,370.169202,83.437454
dzf,2,1346.052230,292.743760
dxb2,2,357.552563,75.359928
dyb2,2,367.206985,78.156372
cvz,2,479.920382,105.439303
dzb3,2,1347.553770,292.612703
dxb3,2,357.902162,75.213287
dyb3,2,390.657829,82.464427
csxxsyyszz,2,826.530004,177.666263
dyf2,2,366.614307,77.854979
dxf2,2,371.714903,78.015158
csxy,2,293.362200,66.872533
dzf2,2,3282.632391,622.134915
dyf3,2,366.792512,77.785925
csyz,2,444.319864,95.473353
dxf3,2,357.946245,75.140044
dzf3,2,1347.437384,293.547816
csxz,2,443.373320,96.523490
dxf,3,357.643009,76.046209
dzb,3,1348.095657,293.006212
dyb,3,368.945092,78.302362
cvx,3,413.444131,90.873897
dyf,3,365.962733,77.744767
dzb2,3,1349.084541,293.067264
dxb,3,359.084816,75.438769
cvy,3,371.062953,83.412065
dzf,3,1346.489627,292.408619
dxb2,3,358.516275,75.442155
dyb2,3,367.441087,78.086706
cvz,3,479.939724,105.479848
dzb3,3,1347.752161,293.103867
dxb3,3,358.083720,75.392412
dyb3,3,390.649366,82.609010
csxxsyyszz,3,824.798550,177.563596
dyf2,3,367.296646,78.120212
dxf2,3,371.816880,78.136368
csxy,3,293.459359,66.939446
dzf2,3,3283.214090,622.770852
dyf3,3,367.009112,77.921553
csyz,3,444.580894,95.568691
dxf3,3,357.880936,75.161848
dzf3,3,1347.019568,292.810867
csxz,3,444.300310,95.719942
dxf,4,357.572979,75.158800
dzb,4,1348.549204,292.866795
dyb,4,369.045517,78.316231
cvx,4,413.203615,90.769506
dyf,4,365.942500,77.809395
dzb2,4,1348.088754,292.922079
dxb,4,358.979391,75.443007
cvy,4,369.599016,83.173475
dzf,4,1346.633563,292.453613
dxb2,4,357.755503,75.237650
dyb2,4,368.568647,78.839322
cvz,4,479.863490,105.932357
dzb3,4,1347.612135,293.252356
dxb3,4,357.726002,75.315023
dyb3,4,390.768226,82.628288
csxxsyyszz,4,832.750356,178.966559
dyf2,4,366.884500,78.013177
dxf2,4,371.558033,78.092681
csxy,4,293.377824,66.922463
dzf2,4,3279.414506,622.428684
dyf3,4,366.818102,78.392415
csyz,4,444.248731,96.136394
dxf3,4,357.925284,75.656081
dzf3,4,1347.841246,294.485320
csxz,4,444.415720,96.374506
#========================= OptEWE [OpenMP] =========================
#Source type                                  :  Force monopole
#Grid Size                                    :  1024 x 1024 x 1024
#Iterations                                   :  5
#Compute time                                 :  89.644295
#Total effective MLUPS                        :  59.889022
#===================================================================
#Number of threads                            :  13
