dxf,0,267.858022,58.275548
dzb,0,1237.118534,265.330591
dyb,0,413.463537,85.396906
cvx,0,368.056120,79.485572
dyf,0,411.967400,85.233734
dzb2,0,1231.077576,264.557741
dxb,0,265.802167,58.012939
cvy,0,2301.766941,402.730372
dzf,0,1212.406666,260.278563
dxb2,0,270.346767,58.698295
dyb2,0,407.463985,83.918027
cvz,0,386.852319,85.788363
dzb3,0,1213.925122,260.582883
dxb3,0,267.110006,58.175615
dyb3,0,412.392304,84.870010
csxxsyyszz,0,987.992548,199.452239
dyf2,0,406.952592,83.873251
dxf2,0,292.870797,62.884539
csxy,0,238.903183,55.526324
dzf2,0,2352.463238,445.495341
dyf3,0,406.863805,83.808208
csyz,0,370.338007,80.769523
dxf3,0,263.491789,57.594456
dzf3,0,1215.735640,261.020283
csxz,0,370.740057,80.834411
dxf,1,262.878298,57.542963
dzb,1,1216.156478,261.136023
dyb,1,409.118670,84.343768
cvx,1,364.058176,78.513595
dyf,1,406.912957,83.903480
dzb2,1,1214.478352,260.929069
dxb,1,265.694830,58.258939
cvy,1,435.597668,92.256618
dzf,1,1212.270238,261.160349
dxb2,1,270.577398,58.777467
dyb2,1,407.700049,84.084146
cvz,1,386.673331,85.888815
dzb3,1,1215.934223,261.177569
dxb3,1,266.788071,58.180579
dyb3,1,411.329238,84.786980
csxxsyyszz,1,989.639324,199.903643
dyf2,1,407.239442,84.022630
dxf2,1,292.867205,62.895098
csxy,1,239.070881,55.550747
dzf2,1,2351.402034,445.175581
dyf3,1,406.771497,83.905343
csyz,1,370.326660,80.764186
dxf3,1,263.523751,57.653277
dzf3,1,1213.917878,260.825111
csxz,1,370.456104,80.808599
dxf,2,262.822307,57.539791
dzb,2,1216.313644,261.496816
dyb,2,409.292106,84.395209
cvx,2,364.067636,78.529188
dyf,2,406.468724,83.848493
dzb2,2,1216.140454,261.304569
dxb,2,265.837734,58.065133
cvy,2,436.165702,91.837898
dzf,2,1212.743379,260.897032
dxb2,2,270.321143,58.706893
dyb2,2,408.540187,84.315468
cvz,2,386.943815,85.953757
dzb3,2,1214.034582,260.921459
dxb3,2,266.841809,58.152097
dyb3,2,412.433915,84.884302
csxxsyyszz,2,988.150801,199.568278
dyf2,2,406.965292,83.908910
dxf2,2,293.190496,63.031483
csxy,2,238.724803,55.549644
dzf2,2,2351.035698,447.058968
dyf3,2,411.103462,84.814599
csyz,2,370.346600,80.833868
dxf3,2,263.165238,57.563795
dzf3,2,1213.795778,260.936240
csxz,2,370.796210,80.971374
dxf,3,262.534666,57.540959
dzb,3,1216.103515,261.570580
dyb,3,409.012784,84.526445
cvx,3,364.226022,78.700185
dyf,3,407.870557,84.276127
dzb2,3,1214.942774,261.732362
dxb,3,265.767591,58.099581
cvy,3,435.975168,91.874531
dzf,3,1212.593219,261.501364
dxb2,3,271.033862,58.951601
dyb2,3,407.501105,84.129423
cvz,3,386.730277,86.016835
dzb3,3,1216.209224,261.537774
dxb3,3,266.854218,58.202223
dyb3,3,411.553061,84.893529
csxxsyyszz,3,984.557904,199.204093
dyf2,3,407.401020,84.029695
dxf2,3,293.148428,63.021072
csxy,3,238.566387,55.551176
dzf2,3,2349.016455,446.821061
dyf3,3,407.047551,84.166782
csyz,3,369.965237,80.820200
dxf3,3,263.450063,57.690592
dzf3,3,1217.000658,261.519732
csxz,3,370.513584,80.910902
dxf,4,264.179791,57.809563
dzb,4,1215.358204,261.290897
dyb,4,408.704784,84.353799
cvx,4,365.690933,78.871910
dyf,4,406.950036,84.026577
dzb2,4,1214.537770,261.170310
dxb,4,265.895612,58.069808
cvy,4,436.655286,91.984848
dzf,4,1224.419986,263.490855
dxb2,4,270.465826,58.833525
dyb2,4,407.784587,84.165764
cvz,4,386.596717,85.943412
dzb3,4,1215.895773,262.142926
dxb3,4,266.871616,58.259292
dyb3,4,411.608624,84.923054
csxxsyyszz,4,988.103821,199.875806
dyf2,4,407.982850,84.165538
dxf2,4,293.803199,63.083903
csxy,4,238.958338,55.587433
dzf2,4,2350.977880,446.162388
dyf3,4,407.813225,84.088667
csyz,4,370.209748,80.812208
dxf3,4,263.869427,57.714590
dzf3,4,1214.743546,261.178472
csxz,4,370.620567,80.940165
#========================= OptEWE [OpenMP] =========================
#Source type                                  :  Force monopole
#Grid Size                                    :  1024 x 1024 x 1024
#Iterations                                   :  5
#Compute time                                 :  80.200348
#Total effective MLUPS                        :  66.941220
#===================================================================
#Number of threads                            :  18
